# CREATED BY GENE DIAGNOSTICS TOOL on Mon Jan 28 14:06:54 2019
# diag: gamdiag, run(s): 0004, time window: 0-125(702 steps), species: ions
# original data path: /marconi_work/FUA23_ESTRELLA/S-a/q0-1.2/GAM/scan_Lx_R4/
# normalization: R_0
#
# xind= 0, x/a= Infinity, q= 1.2
# Fit:    0.10272627,0.20124045,2.9187053
# Analytic (Gao, Zhou/Yu): 0.11700065,0.00037623421,0.73678055
#  t          Re[phi]     Im[phi]   
  0.0000E+00  3.9995E+00  0.0000E+00
  1.7850E-01  3.6653E+00  6.9067E-16
  3.5700E-01  2.7489E+00 -2.7203E-15
  5.3550E-01  1.4834E+00  1.3437E-15
  7.1400E-01  1.8342E-01 -2.4782E-18
  8.9250E-01 -8.4142E-01 -1.3714E-15
  1.0710E+00 -1.3665E+00 -1.7347E-18
  1.2495E+00 -1.3059E+00 -8.6318E-17
  1.4280E+00 -7.2672E-01  6.8968E-16
  1.6065E+00  1.7592E-01 -1.3753E-15
  1.7850E+00  1.1357E+00  8.4258E-18
  1.9635E+00  1.8870E+00 -3.4694E-18
  2.1420E+00  2.2328E+00  1.7344E-16
  2.3205E+00  2.0931E+00  3.3951E-16
  2.4990E+00  1.5205E+00 -6.1954E-19
  2.6775E+00  6.7986E-01 -6.8249E-16
  2.8560E+00 -1.9937E-01 -6.7010E-16
  3.0345E+00 -8.8707E-01  9.2932E-18
  3.2130E+00 -1.2134E+00  3.4682E-16
  3.3915E+00 -1.1112E+00  1.7598E-16
  3.5700E+00 -6.3008E-01 -4.9564E-18
  3.7485E+00  8.2147E-02 -1.3536E-15
  3.9270E+00  8.2248E-01  7.8063E-18
  4.1055E+00  1.3893E+00 -1.0206E-15
  4.2840E+00  1.6361E+00 -3.4465E-16
  4.4625E+00  1.5083E+00 -3.4769E-16
  4.6410E+00  1.0544E+00  1.7347E-18
  4.8195E+00  4.0842E-01  4.3368E-18
  4.9980E+00 -2.4946E-01  8.1780E-18
  5.1765E+00 -7.4281E-01  3.5029E-16
  5.3550E+00 -9.4625E-01  6.8810E-16
  5.5335E+00 -8.1692E-01  3.4790E-16
  5.7120E+00 -4.0264E-01  3.4595E-16
  5.8905E+00  1.7458E-01 -6.9451E-16
  6.0690E+00  7.5427E-01 -3.9651E-18
  6.2475E+00  1.1821E+00 -6.8615E-16
  6.4260E+00  1.3508E+00 -5.7053E-16
  6.6045E+00  1.2273E+00 -3.4403E-16
  6.7830E+00  8.5823E-01 -3.4979E-16
  6.9615E+00  3.5409E-01 -6.7753E-16
  7.1400E+00 -1.4274E-01  1.0305E-15
  7.3185E+00 -4.9768E-01  1.0271E-15
  7.4970E+00 -6.1971E-01  7.3168E-16
  7.6755E+00 -4.8393E-01  5.1407E-16
  7.8540E+00 -1.3560E-01  4.3368E-19
  8.0325E+00  3.2498E-01 -6.8175E-16
  8.2110E+00  7.7157E-01 -3.9031E-18
  8.3895E+00  1.0869E+00 -8.6203E-16
  8.5680E+00  1.1938E+00 -7.3217E-16
  8.7465E+00  1.0740E+00 -5.1664E-16
  8.9250E+00  7.7084E-01 -3.4738E-16
  9.1035E+00  3.7471E-01  3.4533E-16
  9.2820E+00 -2.7631E-03  1.0263E-15
  9.4605E+00 -2.5963E-01  6.9197E-16
  9.6390E+00 -3.3047E-01  6.6790E-16
  9.8175E+00 -2.0257E-01  3.4379E-16
  9.9960E+00  8.2648E-02  6.7952E-16
  1.0174E+01  4.4289E-01 -3.4403E-16
  1.0353E+01  7.7906E-01 -6.8416E-16
  1.0531E+01  1.0030E+00 -6.0382E-16
  1.0710E+01  1.0607E+00 -6.8926E-16
  1.0888E+01  9.4556E-01 -3.4391E-16
  1.1067E+01  6.9689E-01  3.4087E-16
  1.1245E+01  3.8711E-01 -1.3630E-18
  1.1424E+01  1.0070E-01  6.8714E-16
  1.1602E+01 -8.8205E-02  8.6070E-16
  1.1781E+01 -1.3433E-01  6.8887E-16
  1.1959E+01 -3.1366E-02  3.4419E-16
  1.2138E+01  1.8797E-01  3.4605E-16
  1.2316E+01  4.6170E-01 -1.7533E-16
  1.2495E+01  7.1543E-01 -5.1651E-16
  1.2673E+01  8.8212E-01 -6.0559E-16
  1.2852E+01  9.1953E-01 -5.6021E-16
  1.3030E+01  8.2092E-01 -5.1654E-16
  1.3209E+01  6.1596E-01 -3.4583E-16
  1.3387E+01  3.6195E-01  3.4248E-16
  1.3566E+01  1.2761E-01  3.4440E-16
  1.3744E+01 -2.5666E-02  5.1843E-16
  1.3923E+01 -6.0263E-02  4.0906E-16
  1.4101E+01  2.8251E-02  8.8796E-17
  1.4280E+01  2.1094E-01 -1.7425E-16
  1.4458E+01  4.3437E-01 -5.1466E-16
  1.4637E+01  6.3591E-01 -3.4636E-16
  1.4815E+01  7.6092E-01 -5.1828E-16
  1.4994E+01  7.7728E-01 -5.8031E-16
  1.5172E+01  6.8332E-01 -3.4487E-16
  1.5351E+01  5.0717E-01 -1.7341E-16
  1.5529E+01  2.9817E-01  1.7174E-16
  1.5708E+01  1.1280E-01  3.4592E-16
  1.5886E+01 -7.9684E-04  5.1741E-16
  1.6065E+01 -1.5462E-02  4.7306E-16
  1.6243E+01  6.8405E-02  3.4459E-16
  1.6422E+01  2.2396E-01  3.4001E-16
  1.6600E+01  4.0608E-01 -1.7505E-16
  1.6779E+01  5.6420E-01 -6.0021E-16
  1.6957E+01  6.5608E-01 -5.6033E-16
  1.7136E+01  6.5887E-01 -4.7378E-16
  1.7314E+01  5.7455E-01 -2.5736E-16
  1.7493E+01  4.2847E-01 -1.7034E-16
  1.7671E+01  2.6167E-01  1.4250E-18
  1.7850E+01  1.1931E-01  3.4471E-16
  1.8028E+01  3.8402E-02  3.8635E-16
  1.8207E+01  3.8209E-02  3.0185E-16
  1.8385E+01  1.1578E-01  1.3010E-18
  1.8564E+01  2.4755E-01 -1.7251E-16
  1.8742E+01  3.9643E-01 -1.7267E-16
  1.8921E+01  5.2218E-01 -6.0201E-16
  1.9099E+01  5.9228E-01 -6.0291E-16
  1.9278E+01  5.9026E-01 -6.0193E-16
  1.9456E+01  5.1936E-01 -2.5863E-16
  1.9635E+01  4.0091E-01 -8.0541E-19
  1.9813E+01  2.6793E-01  1.7124E-16
  1.9992E+01  1.5600E-01  1.7189E-16
  2.0170E+01  9.3802E-02  3.0172E-16
  2.0349E+01  9.5951E-02  2.5849E-16
  2.0527E+01  1.5971E-01  4.2728E-16
  2.0706E+01  2.6654E-01 -1.3785E-18
  2.0884E+01  3.8765E-01 -2.5798E-16
  2.1063E+01  4.9208E-01 -3.4592E-16
  2.1241E+01  5.5475E-01 -5.5919E-16
  2.1420E+01  5.6260E-01 -5.3768E-16
  2.1598E+01  5.1707E-01 -2.5847E-16
  2.1777E+01  4.3280E-01 -1.7195E-16
  2.1955E+01  3.3306E-01 -8.7480E-17
  2.2134E+01  2.4337E-01  2.5739E-16
  2.2312E+01  1.8495E-01  1.7299E-16
  2.2491E+01  1.6967E-01  2.7940E-16
  2.2669E+01  1.9761E-01  8.6556E-17
  2.2848E+01  2.5781E-01 -2.1418E-16
  2.3026E+01  3.3185E-01 -3.0108E-16
  2.3205E+01  3.9921E-01 -4.7346E-16
  2.3383E+01  4.4284E-01 -5.1640E-16
  2.3562E+01  4.5341E-01 -4.7347E-16
  2.3740E+01  4.3118E-01 -3.0107E-16
  2.3919E+01  3.8507E-01 -1.2928E-16
  2.4097E+01  3.2947E-01  8.6612E-17
  2.4276E+01  2.7991E-01  2.1399E-16
  2.4454E+01  2.4879E-01  2.5825E-16
  2.4633E+01  2.4241E-01  1.6694E-16
  2.4811E+01  2.6000E-01  5.3759E-17
  2.4990E+01  2.9457E-01 -1.5084E-16
  2.5168E+01  3.3546E-01 -1.7274E-16
  2.5347E+01  3.7144E-01 -3.4435E-16
  2.5525E+01  3.9370E-01 -3.7690E-16
  2.5704E+01  3.9779E-01 -3.6068E-16
  2.5882E+01  3.8430E-01 -2.3670E-16
  2.6061E+01  3.5818E-01 -4.4367E-17
  2.6239E+01  3.2697E-01 -4.2841E-17
  2.6418E+01  2.9864E-01  8.5776E-17
  2.6596E+01  2.7953E-01  2.3613E-16
  2.6775E+01  2.7300E-01  1.4002E-16
  2.6953E+01  2.7890E-01  5.5701E-17
  2.7132E+01  2.9408E-01 -2.1667E-17
  2.7310E+01  3.1346E-01 -1.8298E-16
  2.7489E+01  3.3161E-01 -3.4425E-16
  2.7667E+01  3.4404E-01 -3.1205E-16
  2.7846E+01  3.4821E-01 -3.1210E-16
  2.8024E+01  3.4391E-01 -2.1531E-16
  2.8203E+01  3.3292E-01 -1.5067E-16
  2.8381E+01  3.1838E-01 -4.2942E-17
  2.8560E+01  3.0382E-01  2.1583E-17
  2.8738E+01  2.9226E-01  6.4487E-17
  2.8917E+01  2.8565E-01  2.1940E-17
  2.9095E+01  2.8457E-01 -2.1750E-17
  2.9274E+01  2.8830E-01 -1.2373E-16
  2.9452E+01  2.9526E-01 -1.7214E-16
  2.9631E+01  3.0345E-01 -2.7718E-16
  2.9809E+01  3.1096E-01 -3.2391E-16
  2.9988E+01  3.1632E-01 -2.7443E-16
  3.0166E+01  3.1863E-01 -2.1536E-16
  3.0345E+01  3.1770E-01 -1.8318E-16
  3.0523E+01  3.1387E-01 -9.6641E-17
  3.0702E+01  3.0795E-01 -2.1506E-17
  3.0880E+01  3.0102E-01  2.1638E-17
  3.1059E+01  2.9426E-01 -2.1289E-17
  3.1237E+01  2.8880E-01 -7.4973E-17
  3.1416E+01  2.8557E-01 -7.5445E-17
  3.1594E+01  2.8514E-01 -1.7232E-16
  3.1773E+01  2.8767E-01 -2.2865E-16
  3.1951E+01  2.9274E-01 -2.6903E-16
  3.2130E+01  2.9938E-01 -2.5899E-16
  3.2308E+01  3.0617E-01 -2.0980E-16
  3.2487E+01  3.1152E-01 -1.5607E-16
  3.2665E+01  3.1405E-01 -7.5429E-17
  3.2844E+01  3.1293E-01 -9.6401E-17
  3.3022E+01  3.0820E-01 -4.3035E-17
  3.3201E+01  3.0073E-01 -6.4131E-17
  3.3379E+01  2.9214E-01 -2.1390E-17
  3.3558E+01  2.8443E-01 -9.6509E-17
  3.3736E+01  2.7948E-01 -1.5063E-16
  3.3915E+01  2.7862E-01 -2.3151E-16
  3.4093E+01  2.8223E-01 -2.5559E-16
  3.4272E+01  2.8958E-01 -2.3200E-16
  3.4450E+01  2.9891E-01 -2.2345E-16
  3.4629E+01  3.0784E-01 -1.6338E-16
  3.4807E+01  3.1392E-01 -1.2382E-16
  3.4986E+01  3.1536E-01 -5.3749E-17
  3.5164E+01  3.1150E-01 -4.3190E-17
  3.5343E+01  3.0311E-01 -6.4169E-17
  3.5521E+01  2.9221E-01 -8.6186E-17
  3.5700E+01  2.8157E-01 -6.4951E-17
  3.5878E+01  2.7397E-01 -1.6148E-16
  3.6057E+01  2.7143E-01 -2.6369E-16
  3.6235E+01  2.7463E-01 -2.8248E-16
  3.6414E+01  2.8272E-01 -2.5287E-16
  3.6592E+01  2.9349E-01 -2.2877E-16
  3.6771E+01  3.0399E-01 -2.3478E-16
  3.6949E+01  3.1130E-01 -1.2931E-16
  3.7128E+01  3.1330E-01 -7.5646E-17
  3.7306E+01  3.0928E-01 -9.6401E-17
  3.7485E+01  3.0012E-01 -6.4665E-17
  3.7663E+01  2.8806E-01 -8.5776E-17
  3.7842E+01  2.7613E-01 -1.2889E-16
  3.8020E+01  2.6734E-01 -1.6123E-16
  3.8199E+01  2.6390E-01 -2.2074E-16
  3.8377E+01  2.6658E-01 -2.0846E-16
  3.8556E+01  2.7454E-01 -2.3130E-16
  3.8734E+01  2.8550E-01 -2.2599E-16
  3.8913E+01  2.9637E-01 -2.0450E-16
  3.9091E+01  3.0405E-01 -1.4266E-16
  3.9270E+01  3.0629E-01 -9.1665E-17
  3.9448E+01  3.0229E-01 -1.2896E-16
  3.9627E+01  2.9291E-01 -6.5044E-17
  3.9805E+01  2.8051E-01 -6.5284E-17
  3.9984E+01  2.6826E-01 -1.0779E-16
  4.0162E+01  2.5933E-01 -1.6117E-16
  4.0341E+01  2.5603E-01 -2.0462E-16
  4.0519E+01  2.5913E-01 -2.2290E-16
  4.0698E+01  2.6769E-01 -2.6365E-16
  4.0876E+01  2.7930E-01 -1.6160E-16
  4.1055E+01  2.9068E-01 -1.9362E-16
  4.1233E+01  2.9864E-01 -1.8693E-16
  4.1412E+01  3.0088E-01 -1.3453E-16
  4.1590E+01  2.9668E-01 -1.5050E-16
  4.1769E+01  2.8705E-01 -1.0756E-16
  4.1947E+01  2.7450E-01 -1.2927E-16
  4.2126E+01  2.6233E-01 -8.6852E-17
  4.2304E+01  2.5378E-01 -1.7205E-16
  4.2483E+01  2.5108E-01 -2.2081E-16
  4.2661E+01  2.5489E-01 -2.0082E-16
  4.2840E+01  2.6410E-01 -2.0714E-16
  4.3018E+01  2.7612E-01 -2.1537E-16
  4.3197E+01  2.8759E-01 -1.8023E-16
  4.3375E+01  2.9530E-01 -1.9098E-16
  4.3554E+01  2.9704E-01 -1.6157E-16
  4.3732E+01  2.9224E-01 -1.2917E-16
  4.3911E+01  2.8204E-01 -1.7195E-16
  4.4089E+01  2.6906E-01 -1.7200E-16
  4.4268E+01  2.5664E-01 -1.7233E-16
  4.4446E+01  2.4796E-01 -1.5069E-16
  4.4625E+01  2.4520E-01 -1.8296E-16
  4.4803E+01  2.4896E-01 -2.2667E-16
  4.4982E+01  2.5808E-01 -2.4749E-16
  4.5160E+01  2.7000E-01 -2.1518E-16
  4.5339E+01  2.8145E-01 -2.2600E-16
  4.5517E+01  2.8933E-01 -1.9112E-16
  4.5696E+01  2.9157E-01 -1.4523E-16
  4.5874E+01  2.8762E-01 -1.5077E-16
  4.6053E+01  2.7861E-01 -1.2937E-16
  4.6231E+01  2.6703E-01 -1.0741E-16
  4.6410E+01  2.5598E-01 -9.6664E-17
  4.6588E+01  2.4836E-01 -1.6131E-16
  4.6767E+01  2.4611E-01 -1.5066E-16
  4.6945E+01  2.4968E-01 -1.9641E-16
  4.7124E+01  2.5795E-01 -1.8838E-16
  4.7302E+01  2.6856E-01 -2.0712E-16
  4.7481E+01  2.7857E-01 -2.1663E-16
  4.7659E+01  2.8524E-01 -2.1799E-16
  4.7838E+01  2.8678E-01 -1.6150E-16
  4.8016E+01  2.8277E-01 -1.6124E-16
  4.8195E+01  2.7430E-01 -1.2946E-16
  4.8373E+01  2.6360E-01 -8.6465E-17
  4.8552E+01  2.5346E-01 -1.6136E-16
  4.8730E+01  2.4642E-01 -1.7207E-16
  4.8909E+01  2.4416E-01 -1.8835E-16
  4.9087E+01  2.4701E-01 -2.0176E-16
  4.9266E+01  2.5392E-01 -1.8434E-16
  4.9444E+01  2.6277E-01 -1.6415E-16
  4.9623E+01  2.7098E-01 -2.1797E-16
  4.9801E+01  2.7620E-01 -2.1255E-16
  4.9980E+01  2.7694E-01 -1.9905E-16
  5.0158E+01  2.7299E-01 -1.7217E-16
  5.0337E+01  2.6537E-01 -1.7192E-16
  5.0515E+01  2.5611E-01 -1.1824E-16
  5.0694E+01  2.4761E-01 -1.2899E-16
  5.0872E+01  2.4203E-01 -1.4013E-16
  5.1051E+01  2.4068E-01 -1.7216E-16
  5.1229E+01  2.4372E-01 -1.8364E-16
  5.1408E+01  2.5014E-01 -1.9508E-16
  5.1586E+01  2.5806E-01 -1.8027E-16
  5.1765E+01  2.6526E-01 -2.1058E-16
  5.1943E+01  2.6980E-01 -2.1527E-16
  5.2122E+01  2.7053E-01 -2.2600E-16
  5.2300E+01  2.6734E-01 -1.5082E-16
  5.2479E+01  2.6120E-01 -1.9385E-16
  5.2657E+01  2.5383E-01 -1.2935E-16
  5.2836E+01  2.4722E-01 -1.6125E-16
  5.3014E+01  2.4311E-01 -1.3978E-16
  5.3193E+01  2.4249E-01 -1.8306E-16
  5.3371E+01  2.4537E-01 -1.8025E-16
  5.3550E+01  2.5082E-01 -2.0178E-16
  5.3728E+01  2.5726E-01 -2.0045E-16
  5.3907E+01  2.6285E-01 -2.2337E-16
  5.4085E+01  2.6606E-01 -2.4755E-16
  5.4264E+01  2.6603E-01 -2.0455E-16
  5.4442E+01  2.6278E-01 -2.0443E-16
  5.4621E+01  2.5718E-01 -1.9348E-16
  5.4799E+01  2.5069E-01 -2.1496E-16
  5.4978E+01  2.4496E-01 -1.5076E-16
  5.5156E+01  2.4136E-01 -9.6920E-17
  5.5335E+01  2.4063E-01 -1.4529E-16
  5.5513E+01  2.4274E-01 -1.4795E-16
  5.5692E+01  2.4686E-01 -2.1518E-16
  5.5870E+01  2.5168E-01 -1.8698E-16
  5.6049E+01  2.5574E-01 -2.4220E-16
  5.6227E+01  2.5785E-01 -2.0983E-16
  5.6406E+01  2.5737E-01 -2.2071E-16
  5.6584E+01  2.5440E-01 -2.2608E-16
  5.6763E+01  2.4972E-01 -1.8315E-16
  5.6941E+01  2.4452E-01 -1.5081E-16
  5.7120E+01  2.4011E-01 -1.5079E-16
  5.7298E+01  2.3754E-01 -1.7771E-16
  5.7477E+01  2.3734E-01 -1.6137E-16
  5.7655E+01  2.3941E-01 -2.0715E-16
  5.7834E+01  2.4303E-01 -2.0312E-16
  5.8012E+01  2.4713E-01 -2.2198E-16
  5.8191E+01  2.5052E-01 -2.2336E-16
  5.8369E+01  2.5230E-01 -2.2598E-16
  5.8548E+01  2.5201E-01 -2.1536E-16
  5.8726E+01  2.4977E-01 -2.1002E-16
  5.8905E+01  2.4623E-01 -2.1516E-16
  5.9083E+01  2.4236E-01 -2.0478E-16
  5.9262E+01  2.3918E-01 -1.8304E-16
  5.9440E+01  2.3747E-01 -1.6161E-16
  5.9619E+01  2.3762E-01 -1.8297E-16
  5.9797E+01  2.3945E-01 -1.8031E-16
  5.9976E+01  2.4238E-01 -1.8835E-16
  6.0154E+01  2.4553E-01 -2.1525E-16
  6.0333E+01  2.4801E-01 -2.4225E-16
  6.0511E+01  2.4912E-01 -2.3135E-16
  6.0690E+01  2.4856E-01 -2.1529E-16
  6.0868E+01  2.4651E-01 -1.8323E-16
  6.1047E+01  2.4349E-01 -1.9373E-16
  6.1225E+01  2.4029E-01 -1.9360E-16
  6.1404E+01  2.3768E-01 -1.7212E-16
  6.1582E+01  2.3624E-01 -1.6150E-16
  6.1761E+01  2.3623E-01 -2.0445E-16
  6.1939E+01  2.3749E-01 -1.7765E-16
  6.2118E+01  2.3953E-01 -1.8567E-16
  6.2296E+01  2.4168E-01 -1.9899E-16
  6.2475E+01  2.4325E-01 -2.0458E-16
  6.2653E+01  2.4377E-01 -2.3675E-16
  6.2832E+01  2.4303E-01 -2.2577E-16
  6.3010E+01  2.4120E-01 -2.2591E-16
  6.3189E+01  2.3871E-01 -1.9911E-16
  6.3367E+01  2.3617E-01 -2.0455E-16
  6.3546E+01  2.3415E-01 -1.7758E-16
  6.3724E+01  2.3309E-01 -1.8294E-16
  6.3903E+01  2.3314E-01 -2.0452E-16
  6.4081E+01  2.3415E-01 -2.0459E-16
  6.4260E+01  2.3573E-01 -2.3939E-16
  6.4438E+01  2.3737E-01 -2.2329E-16
  6.4617E+01  2.3855E-01 -2.1526E-16
  6.4795E+01  2.3893E-01 -2.6372E-16
  6.4974E+01  2.3838E-01 -2.0993E-16
  6.5152E+01  2.3703E-01 -2.4221E-16
  6.5331E+01  2.3522E-01 -1.9365E-16
  6.5510E+01  2.3341E-01 -2.0999E-16
  6.5688E+01  2.3202E-01 -2.0436E-16
  6.5867E+01  2.3134E-01 -2.0441E-16
  6.6045E+01  2.3147E-01 -2.0991E-16
  6.6224E+01  2.3228E-01 -2.1526E-16
  6.6402E+01  2.3347E-01 -2.1523E-16
  6.6581E+01  2.3465E-01 -2.3667E-16
  6.6759E+01  2.3546E-01 -1.9374E-16
  6.6938E+01  2.3566E-01 -2.0991E-16
  6.7116E+01  2.3516E-01 -2.2602E-16
  6.7295E+01  2.3410E-01 -2.0994E-16
  6.7473E+01  2.3270E-01 -2.3682E-16
  6.7652E+01  2.3130E-01 -2.2068E-16
  6.7830E+01  2.3020E-01 -2.0451E-16
  6.8009E+01  2.2958E-01 -2.0989E-16
  6.8187E+01  2.2951E-01 -2.3670E-16
  6.8366E+01  2.2989E-01 -2.1531E-16
  6.8544E+01  2.3051E-01 -1.7233E-16
  6.8723E+01  2.3110E-01 -1.9912E-16
  6.8901E+01  2.3143E-01 -2.1528E-16
  6.9080E+01  2.3135E-01 -2.0455E-16
  6.9258E+01  2.3081E-01 -2.1527E-16
  6.9437E+01  2.2992E-01 -2.0460E-16
  6.9615E+01  2.2885E-01 -2.5295E-16
  6.9794E+01  2.2781E-01 -2.2597E-16
  6.9972E+01  2.2700E-01 -2.2605E-16
  7.0151E+01  2.2655E-01 -1.8826E-16
  7.0329E+01  2.2647E-01 -2.3666E-16
  7.0508E+01  2.2670E-01 -1.9907E-16
  7.0686E+01  2.2709E-01 -1.9367E-16
  7.0865E+01  2.2747E-01 -2.0443E-16
  7.1043E+01  2.2770E-01 -2.2070E-16
  7.1222E+01  2.2768E-01 -2.3683E-16
  7.1400E+01  2.2739E-01 -2.8508E-16
  7.1579E+01  2.2689E-01 -2.5305E-16
  7.1757E+01  2.2629E-01 -2.3147E-16
  7.1936E+01  2.2572E-01 -2.4233E-16
  7.2114E+01  2.2529E-01 -1.9377E-16
  7.2293E+01  2.2506E-01 -1.9913E-16
  7.2471E+01  2.2505E-01 -1.9361E-16
  7.2650E+01  2.2520E-01 -2.0459E-16
  7.2828E+01  2.2542E-01 -1.9360E-16
  7.3007E+01  2.2561E-01 -1.9374E-16
  7.3185E+01  2.2569E-01 -2.4775E-16
  7.3364E+01  2.2561E-01 -2.1538E-16
  7.3542E+01  2.2536E-01 -2.4232E-16
  7.3721E+01  2.2497E-01 -2.6353E-16
  7.3899E+01  2.2452E-01 -2.6349E-16
  7.4078E+01  2.2407E-01 -2.4218E-16
  7.4256E+01  2.2367E-01 -2.4215E-16
  7.4435E+01  2.2336E-01 -2.4750E-16
  7.4613E+01  2.2314E-01 -2.0433E-16
  7.4792E+01  2.2299E-01 -1.7776E-16
  7.4970E+01  2.2286E-01 -2.0998E-16
  7.5149E+01  2.2271E-01 -1.9909E-16
  7.5327E+01  2.2251E-01 -2.2603E-16
  7.5506E+01  2.2224E-01 -1.8284E-16
  7.5684E+01  2.2190E-01 -2.2068E-16
  7.5863E+01  2.2151E-01 -1.9359E-16
  7.6041E+01  2.2109E-01 -2.4220E-16
  7.6220E+01  2.2067E-01 -2.1531E-16
  7.6398E+01  2.2028E-01 -2.4218E-16
  7.6577E+01  2.1991E-01 -2.4217E-16
  7.6755E+01  2.1958E-01 -2.0994E-16
  7.6934E+01  2.1927E-01 -2.0443E-16
  7.7112E+01  2.1898E-01 -1.8303E-16
  7.7291E+01  2.1870E-01 -1.7225E-16
  7.7469E+01  2.1844E-01 -1.6688E-16
  7.7648E+01  2.1818E-01 -1.9364E-16
  7.7826E+01  2.1794E-01 -2.1526E-16
  7.8005E+01  2.1771E-01 -2.3128E-16
  7.8183E+01  2.1750E-01 -2.3677E-16
  7.8362E+01  2.1728E-01 -2.5284E-16
  7.8540E+01  2.1707E-01 -2.4759E-16
  7.8719E+01  2.1685E-01 -2.3668E-16
  7.8897E+01  2.1662E-01 -2.2595E-16
  7.9076E+01  2.1641E-01 -1.8822E-16
  7.9254E+01  2.1621E-01 -2.0992E-16
  7.9433E+01  2.1605E-01 -2.0449E-16
  7.9611E+01  2.1594E-01 -1.7767E-16
  7.9790E+01  2.1589E-01 -2.0469E-16
  7.9968E+01  2.1590E-01 -2.4215E-16
  8.0147E+01  2.1594E-01 -2.2601E-16
  8.0325E+01  2.1600E-01 -2.3680E-16
  8.0504E+01  2.1603E-01 -2.1529E-16
  8.0682E+01  2.1603E-01 -2.1519E-16
  8.0861E+01  2.1597E-01 -2.3143E-16
  8.1039E+01  2.1585E-01 -1.9926E-16
  8.1218E+01  2.1570E-01 -2.0445E-16
  8.1396E+01  2.1553E-01 -2.0453E-16
  8.1575E+01  2.1539E-01 -1.9892E-16
  8.1753E+01  2.1529E-01 -1.9921E-16
  8.1932E+01  2.1524E-01 -2.1000E-16
  8.2110E+01  2.1523E-01 -2.1535E-16
  8.2289E+01  2.1524E-01 -2.3150E-16
  8.2467E+01  2.1523E-01 -2.4233E-16
  8.2646E+01  2.1516E-01 -2.5282E-16
  8.2824E+01  2.1500E-01 -2.0456E-16
  8.3003E+01  2.1474E-01 -2.3143E-16
  8.3181E+01  2.1438E-01 -2.2587E-16
  8.3360E+01  2.1396E-01 -2.3140E-16
  8.3538E+01  2.1352E-01 -2.2060E-16
  8.3717E+01  2.1311E-01 -2.3675E-16
  8.3895E+01  2.1274E-01 -2.1526E-16
  8.4074E+01  2.1245E-01 -2.1539E-16
  8.4252E+01  2.1221E-01 -2.4205E-16
  8.4431E+01  2.1201E-01 -2.5824E-16
  8.4609E+01  2.1179E-01 -2.5281E-16
  8.4788E+01  2.1153E-01 -2.2595E-16
  8.4966E+01  2.1119E-01 -2.3147E-16
  8.5145E+01  2.1076E-01 -2.4215E-16
  8.5323E+01  2.1026E-01 -2.4754E-16
  8.5502E+01  2.0973E-01 -2.3140E-16
  8.5680E+01  2.0920E-01 -2.4224E-16
  8.5859E+01  2.0873E-01 -2.6368E-16
  8.6037E+01  2.0835E-01 -2.6089E-16
  8.6216E+01  2.0806E-01 -2.4213E-16
  8.6394E+01  2.0787E-01 -2.3142E-16
  8.6573E+01  2.0772E-01 -2.5286E-16
  8.6751E+01  2.0758E-01 -2.3942E-16
  8.6930E+01  2.0740E-01 -2.4224E-16
  8.7108E+01  2.0716E-01 -2.4218E-16
  8.7287E+01  2.0684E-01 -2.2873E-16
  8.7465E+01  2.0647E-01 -2.6371E-16
  8.7644E+01  2.0608E-01 -2.6904E-16
  8.7822E+01  2.0571E-01 -2.4228E-16
  8.8001E+01  2.0542E-01 -2.5557E-16
  8.8179E+01  2.0523E-01 -2.4220E-16
  8.8358E+01  2.0514E-01 -2.4211E-16
  8.8536E+01  2.0516E-01 -2.2596E-16
  8.8715E+01  2.0523E-01 -2.2870E-16
  8.8893E+01  2.0531E-01 -2.4756E-16
  8.9072E+01  2.0537E-01 -1.9105E-16
  8.9250E+01  2.0536E-01 -2.3136E-16
  8.9429E+01  2.0530E-01 -2.1522E-16
  8.9607E+01  2.0520E-01 -2.1530E-16
  8.9786E+01  2.0508E-01 -2.0989E-16
  8.9964E+01  2.0500E-01 -2.6374E-16
  9.0143E+01  2.0500E-01 -2.1001E-16
  9.0321E+01  2.0509E-01 -2.4479E-16
  9.0500E+01  2.0527E-01 -2.7184E-16
  9.0678E+01  2.0553E-01 -2.3138E-16
  9.0857E+01  2.0582E-01 -2.1525E-16
  9.1035E+01  2.0610E-01 -2.4221E-16
  9.1214E+01  2.0632E-01 -2.0986E-16
  9.1392E+01  2.0646E-01 -2.1537E-16
  9.1571E+01  2.0650E-01 -2.4219E-16
  9.1749E+01  2.0645E-01 -2.2603E-16
  9.1928E+01  2.0636E-01 -2.2066E-16
  9.2106E+01  2.0626E-01 -2.4743E-16
  9.2285E+01  2.0617E-01 -2.7449E-16
  9.2463E+01  2.0613E-01 -1.9384E-16
  9.2642E+01  2.0611E-01 -2.1530E-16
  9.2820E+01  2.0611E-01 -2.4210E-16
  9.2999E+01  2.0609E-01 -2.2593E-16
  9.3177E+01  2.0601E-01 -1.9912E-16
  9.3356E+01  2.0583E-01 -2.1519E-16
  9.3534E+01  2.0553E-01 -2.2058E-16
  9.3713E+01  2.0513E-01 -2.2064E-16
  9.3891E+01  2.0463E-01 -2.1520E-16
  9.4070E+01  2.0407E-01 -2.2068E-16
  9.4248E+01  2.0350E-01 -2.2607E-16
  9.4427E+01  2.0294E-01 -1.9374E-16
  9.4605E+01  2.0243E-01 -2.4227E-16
  9.4784E+01  2.0196E-01 -2.1533E-16
  9.4962E+01  2.0152E-01 -2.3125E-16
  9.5141E+01  2.0109E-01 -2.3682E-16
  9.5319E+01  2.0063E-01 -2.5294E-16
  9.5498E+01  2.0012E-01 -2.3672E-16
  9.5676E+01  1.9955E-01 -2.2597E-16
  9.5855E+01  1.9893E-01 -2.3143E-16
  9.6033E+01  1.9828E-01 -2.5029E-16
  9.6212E+01  1.9763E-01 -2.5835E-16
  9.6390E+01  1.9702E-01 -2.4221E-16
  9.6569E+01  1.9648E-01 -2.2872E-16
  9.6747E+01  1.9602E-01 -2.1529E-16
  9.6926E+01  1.9565E-01 -2.2334E-16
  9.7104E+01  1.9534E-01 -2.3141E-16
  9.7283E+01  1.9508E-01 -2.3140E-16
  9.7461E+01  1.9483E-01 -2.5565E-16
  9.7640E+01  1.9458E-01 -2.5826E-16
  9.7818E+01  1.9431E-01 -2.4489E-16
  9.7997E+01  1.9404E-01 -2.5563E-16
  9.8175E+01  1.9377E-01 -2.6371E-16
  9.8354E+01  1.9353E-01 -2.2059E-16
  9.8532E+01  1.9335E-01 -2.4215E-16
  9.8711E+01  1.9326E-01 -2.0447E-16
  9.8889E+01  1.9326E-01 -2.2060E-16
  9.9068E+01  1.9335E-01 -2.0722E-16
  9.9246E+01  1.9351E-01 -2.3680E-16
  9.9425E+01  1.9371E-01 -2.4213E-16
  9.9603E+01  1.9394E-01 -2.5561E-16
  9.9782E+01  1.9417E-01 -2.3135E-16
  9.9960E+01  1.9440E-01 -2.4754E-16
  1.0014E+02  1.9461E-01 -2.3949E-16
  1.0032E+02  1.9483E-01 -2.5826E-16
  1.0050E+02  1.9507E-01 -2.3942E-16
  1.0067E+02  1.9536E-01 -2.3143E-16
  1.0085E+02  1.9569E-01 -2.0717E-16
  1.0103E+02  1.9608E-01 -2.3406E-16
  1.0121E+02  1.9652E-01 -2.1792E-16
  1.0139E+02  1.9697E-01 -2.2075E-16
  1.0157E+02  1.9742E-01 -2.3143E-16
  1.0175E+02  1.9785E-01 -2.7443E-16
  1.0192E+02  1.9822E-01 -2.9054E-16
  1.0210E+02  1.9853E-01 -2.6364E-16
  1.0228E+02  1.9877E-01 -2.3691E-16
  1.0246E+02  1.9895E-01 -2.0448E-16
  1.0264E+02  1.9909E-01 -1.9907E-16
  1.0282E+02  1.9920E-01 -2.0993E-16
  1.0299E+02  1.9928E-01 -2.1518E-16
  1.0317E+02  1.9933E-01 -2.2063E-16
  1.0335E+02  1.9934E-01 -2.2049E-16
  1.0353E+02  1.9931E-01 -2.4769E-16
  1.0371E+02  1.9921E-01 -2.2613E-16
  1.0389E+02  1.9902E-01 -2.6367E-16
  1.0407E+02  1.9874E-01 -2.4769E-16
  1.0424E+02  1.9836E-01 -2.5267E-16
  1.0442E+02  1.9788E-01 -2.5821E-16
  1.0460E+02  1.9733E-01 -2.2066E-16
  1.0478E+02  1.9672E-01 -1.8850E-16
  1.0496E+02  1.9606E-01 -2.3130E-16
  1.0514E+02  1.9538E-01 -2.4210E-16
  1.0532E+02  1.9468E-01 -1.9910E-16
  1.0549E+02  1.9395E-01 -2.2603E-16
  1.0567E+02  1.9320E-01 -2.8511E-16
  1.0585E+02  1.9243E-01 -2.6369E-16
  1.0603E+02  1.9162E-01 -2.1531E-16
  1.0621E+02  1.9077E-01 -2.2603E-16
  1.0639E+02  1.8990E-01 -2.3132E-16
  1.0656E+02  1.8901E-01 -2.0981E-16
  1.0674E+02  1.8812E-01 -1.7223E-16
  1.0692E+02  1.8724E-01 -1.8030E-16
  1.0710E+02  1.8640E-01 -2.0724E-16
  1.0728E+02  1.8561E-01 -2.2867E-16
  1.0746E+02  1.8488E-01 -2.0185E-16
  1.0764E+02  1.8420E-01 -2.1525E-16
  1.0781E+02  1.8358E-01 -2.2607E-16
  1.0799E+02  1.8302E-01 -2.6638E-16
  1.0817E+02  1.8249E-01 -2.3815E-16
  1.0835E+02  1.8202E-01 -2.3680E-16
  1.0853E+02  1.8159E-01 -2.3811E-16
  1.0871E+02  1.8122E-01 -2.1657E-16
  1.0889E+02  1.8091E-01 -2.1994E-16
  1.0906E+02  1.8068E-01 -2.1256E-16
  1.0924E+02  1.8054E-01 -1.9337E-16
  1.0942E+02  1.8048E-01 -1.9040E-16
  1.0960E+02  1.8051E-01 -2.2396E-16
  1.0978E+02  1.8063E-01 -2.2467E-16
  1.0996E+02  1.8083E-01 -2.6468E-16
  1.1013E+02  1.8110E-01 -2.2766E-16
  1.1031E+02  1.8142E-01 -2.4691E-16
  1.1049E+02  1.8180E-01 -2.4687E-16
  1.1067E+02  1.8223E-01 -2.0382E-16
  1.1085E+02  1.8270E-01 -2.4144E-16
  1.1103E+02  1.8322E-01 -2.2465E-16
  1.1121E+02  1.8379E-01 -2.2338E-16
  1.1138E+02  1.8440E-01 -2.2062E-16
  1.1156E+02  1.8506E-01 -2.4351E-16
  1.1174E+02  1.8576E-01 -2.5701E-16
  1.1192E+02  1.8648E-01 -2.6377E-16
  1.1210E+02  1.8722E-01 -2.7169E-16
  1.1228E+02  1.8797E-01 -2.6096E-16
  1.1246E+02  1.8870E-01 -2.4209E-16
  1.1263E+02  1.8941E-01 -2.4226E-16
  1.1281E+02  1.9010E-01 -2.5821E-16
  1.1299E+02  1.9075E-01 -2.3690E-16
  1.1317E+02  1.9137E-01 -2.4742E-16
  1.1335E+02  1.9195E-01 -2.5287E-16
  1.1353E+02  1.9250E-01 -2.4226E-16
  1.1370E+02  1.9299E-01 -2.4209E-16
  1.1388E+02  1.9344E-01 -2.5296E-16
  1.1406E+02  1.9383E-01 -2.5290E-16
  1.1424E+02  1.9415E-01 -2.4226E-16
  1.1442E+02  1.9439E-01 -2.4247E-16
  1.1460E+02  1.9455E-01 -2.3142E-16
  1.1478E+02  1.9462E-01 -2.3677E-16
  1.1495E+02  1.9461E-01 -2.7994E-16
  1.1513E+02  1.9450E-01 -2.3687E-16
  1.1531E+02  1.9430E-01 -2.3663E-16
  1.1549E+02  1.9402E-01 -2.4225E-16
  1.1567E+02  1.9365E-01 -2.4766E-16
  1.1585E+02  1.9320E-01 -2.3140E-16
  1.1603E+02  1.9267E-01 -2.4759E-16
  1.1620E+02  1.9206E-01 -2.4748E-16
  1.1638E+02  1.9137E-01 -2.2076E-16
  1.1656E+02  1.9060E-01 -2.9587E-16
  1.1674E+02  1.8976E-01 -2.7959E-16
  1.1692E+02  1.8885E-01 -2.5302E-16
  1.1710E+02  1.8788E-01 -2.2617E-16
  1.1727E+02  1.8686E-01 -2.5288E-16
  1.1745E+02  1.8578E-01 -2.5806E-16
  1.1763E+02  1.8468E-01 -2.2081E-16
  1.1781E+02  1.8355E-01 -2.2603E-16
  1.1799E+02  1.8240E-01 -2.0443E-16
  1.1817E+02  1.8124E-01 -2.5296E-16
  1.1835E+02  1.8009E-01 -2.4764E-16
  1.1852E+02  1.7894E-01 -2.6361E-16
  1.1870E+02  1.7781E-01 -2.6091E-16
  1.1888E+02  1.7670E-01 -2.7174E-16
  1.1906E+02  1.7562E-01 -2.2863E-16
  1.1924E+02  1.7458E-01 -2.1791E-16
  1.1942E+02  1.7360E-01 -2.5559E-16
  1.1960E+02  1.7266E-01 -2.5829E-16
  1.1977E+02  1.7180E-01 -2.6634E-16
  1.1995E+02  1.7100E-01 -2.6369E-16
  1.2013E+02  1.7029E-01 -2.4484E-16
  1.2031E+02  1.6965E-01 -2.6368E-16
  1.2049E+02  1.6910E-01 -2.3881E-16
  1.2067E+02  1.6863E-01 -2.4754E-16
  1.2084E+02  1.6825E-01 -2.5192E-16
  1.2102E+02  1.6796E-01 -2.5283E-16
  1.2120E+02  1.6776E-01 -2.3156E-16
  1.2138E+02  1.6765E-01 -2.3207E-16
  1.2156E+02  1.6763E-01 -2.6099E-16
  1.2174E+02  1.6770E-01 -2.1324E-16
  1.2192E+02  1.6785E-01 -2.4887E-16
  1.2209E+02  1.6809E-01 -2.5023E-16
  1.2227E+02  1.6840E-01 -2.6440E-16
  1.2245E+02  1.6879E-01 -2.4149E-16
  1.2263E+02  1.6925E-01 -2.3140E-16
  1.2281E+02  1.6978E-01 -2.5023E-16
  1.2299E+02  1.7037E-01 -2.5292E-16
  1.2317E+02  1.7101E-01 -2.6101E-16
  1.2334E+02  1.7171E-01 -2.5060E-16
  1.2352E+02  1.7244E-01 -2.5158E-16
  1.2370E+02  1.7322E-01 -2.4016E-16
  1.2388E+02  1.7403E-01 -2.3609E-16
  1.2406E+02  1.7486E-01 -2.7746E-16
  1.2424E+02  1.7571E-01 -2.3745E-16
  1.2441E+02  1.7657E-01 -2.7983E-16
  1.2459E+02  1.7743E-01 -2.4223E-16
  1.2477E+02  1.7830E-01 -2.3941E-16
  1.2495E+02  1.7915E-01 -2.4487E-16
  1.2500E+02  1.7939E-01 -2.3275E-16
