# CREATED BY GENE DIAGNOSTICS TOOL on Mon Jun 25 12:53:47 2018
# diag: GAMDIAG, run(s): 0090, time window: 0-500(1604 steps), species: ions
# original data path: /r/c/cmor/ZF_3rd/w7xhms05/1.5047-2.5/
# normalization: L_ref=5.4832m
#
# xind= 0, x/a= 0.70710677, q= 1.1018624
# Fit:    0.99998109,0.0067352124,12.233991
# Analytic (Gao, Zhou/Yu): 0.32199362,-0.038434133,12.234144
#  t          Re[phi]     Im[phi]   
  0.0000E+00  9.9998E-01  0.0000E+00
  3.1200E-01  9.9278E-01  8.4557E-04
  6.2400E-01  9.7312E-01  1.6567E-03
  9.3600E-01  9.4492E-01  2.4423E-03
  1.2480E+00  9.1202E-01  3.2108E-03
  1.5600E+00  8.7735E-01  3.9746E-03
  1.8720E+00  8.4286E-01  4.7447E-03
  2.1840E+00  8.0977E-01  5.5157E-03
  2.4960E+00  7.7871E-01  6.2663E-03
  2.8080E+00  7.4997E-01  6.9675E-03
  3.1200E+00  7.2361E-01  7.5926E-03
  3.4320E+00  6.9951E-01  8.1231E-03
  3.7440E+00  6.7750E-01  8.5498E-03
  4.0560E+00  6.5732E-01  8.8724E-03
  4.3680E+00  6.3873E-01  9.0969E-03
  4.6800E+00  6.2151E-01  9.2338E-03
  4.9920E+00  6.0548E-01  9.2968E-03
  5.3040E+00  5.9048E-01  9.3008E-03
  5.6160E+00  5.7640E-01  9.2620E-03
  5.9280E+00  5.6317E-01  9.1957E-03
  6.2400E+00  5.5074E-01  9.1187E-03
  6.5520E+00  5.3907E-01  9.0449E-03
  6.8640E+00  5.2812E-01  8.9834E-03
  7.1760E+00  5.1787E-01  8.9488E-03
  7.4880E+00  5.0828E-01  8.9442E-03
  7.8000E+00  4.9930E-01  8.9661E-03
  8.1120E+00  4.9089E-01  9.0256E-03
  8.4240E+00  4.8301E-01  9.1222E-03
  8.7360E+00  4.7560E-01  9.2395E-03
  9.0480E+00  4.6861E-01  9.3755E-03
  9.3600E+00  4.6202E-01  9.5348E-03
  9.6720E+00  4.5577E-01  9.7131E-03
  9.9840E+00  4.4982E-01  9.9041E-03
  1.0296E+01  4.4415E-01  1.0105E-02
  1.0608E+01  4.3874E-01  1.0310E-02
  1.0920E+01  4.3354E-01  1.0511E-02
  1.1232E+01  4.2854E-01  1.0701E-02
  1.1544E+01  4.2373E-01  1.0874E-02
  1.1856E+01  4.1912E-01  1.1030E-02
  1.2168E+01  4.1467E-01  1.1162E-02
  1.2480E+01  4.1034E-01  1.1263E-02
  1.2792E+01  4.0609E-01  1.1326E-02
  1.3104E+01  4.0195E-01  1.1354E-02
  1.3416E+01  3.9797E-01  1.1359E-02
  1.3728E+01  3.9419E-01  1.1349E-02
  1.4040E+01  3.9056E-01  1.1320E-02
  1.4352E+01  3.8704E-01  1.1261E-02
  1.4664E+01  3.8356E-01  1.1169E-02
  1.4976E+01  3.8010E-01  1.1047E-02
  1.5288E+01  3.7668E-01  1.0899E-02
  1.5600E+01  3.7332E-01  1.0735E-02
  1.5912E+01  3.7007E-01  1.0564E-02
  1.6224E+01  3.6694E-01  1.0395E-02
  1.6536E+01  3.6391E-01  1.0233E-02
  1.6848E+01  3.6094E-01  1.0068E-02
  1.7160E+01  3.5800E-01  9.8843E-03
  1.7472E+01  3.5507E-01  9.6782E-03
  1.7784E+01  3.5214E-01  9.4561E-03
  1.8096E+01  3.4925E-01  9.2252E-03
  1.8408E+01  3.4639E-01  8.9873E-03
  1.8720E+01  3.4360E-01  8.7425E-03
  1.9032E+01  3.4088E-01  8.4962E-03
  1.9344E+01  3.3826E-01  8.2642E-03
  1.9656E+01  3.3576E-01  8.0670E-03
  1.9968E+01  3.3337E-01  7.9149E-03
  2.0280E+01  3.3106E-01  7.7988E-03
  2.0592E+01  3.2879E-01  7.6930E-03
  2.0904E+01  3.2657E-01  7.5699E-03
  2.1216E+01  3.2442E-01  7.4168E-03
  2.1528E+01  3.2241E-01  7.2432E-03
  2.1840E+01  3.2065E-01  7.0738E-03
  2.2152E+01  3.1917E-01  6.9343E-03
  2.2464E+01  3.1795E-01  6.8376E-03
  2.2776E+01  3.1691E-01  6.7762E-03
  2.3088E+01  3.1593E-01  6.7262E-03
  2.3400E+01  3.1493E-01  6.6622E-03
  2.3712E+01  3.1389E-01  6.5735E-03
  2.4024E+01  3.1287E-01  6.4691E-03
  2.4336E+01  3.1197E-01  6.3749E-03
  2.4648E+01  3.1131E-01  6.3261E-03
  2.4960E+01  3.1099E-01  6.3557E-03
  2.5272E+01  3.1096E-01  6.4762E-03
  2.5584E+01  3.1111E-01  6.6684E-03
  2.5896E+01  3.1124E-01  6.8890E-03
  2.6208E+01  3.1117E-01  7.0924E-03
  2.6520E+01  3.1077E-01  7.2458E-03
  2.6832E+01  3.1002E-01  7.3334E-03
  2.7144E+01  3.0896E-01  7.3607E-03
  2.7456E+01  3.0775E-01  7.3613E-03
  2.7768E+01  3.0662E-01  7.3927E-03
  2.8080E+01  3.0579E-01  7.5129E-03
  2.8392E+01  3.0538E-01  7.7505E-03
  2.8704E+01  3.0543E-01  8.0926E-03
  2.9016E+01  3.0585E-01  8.4977E-03
  2.9328E+01  3.0651E-01  8.9185E-03
  2.9640E+01  3.0730E-01  9.3163E-03
  2.9952E+01  3.0806E-01  9.6657E-03
  3.0264E+01  3.0871E-01  9.9542E-03
  3.0576E+01  3.0916E-01  1.0185E-02
  3.0888E+01  3.0942E-01  1.0380E-02
  3.1200E+01  3.0957E-01  1.0572E-02
  3.1512E+01  3.0973E-01  1.0793E-02
  3.1824E+01  3.1000E-01  1.1060E-02
  3.2136E+01  3.1041E-01  1.1369E-02
  3.2448E+01  3.1099E-01  1.1705E-02
  3.2760E+01  3.1174E-01  1.2054E-02
  3.3072E+01  3.1266E-01  1.2405E-02
  3.3384E+01  3.1373E-01  1.2752E-02
  3.3696E+01  3.1490E-01  1.3084E-02
  3.4008E+01  3.1610E-01  1.3386E-02
  3.4320E+01  3.1723E-01  1.3644E-02
  3.4632E+01  3.1822E-01  1.3852E-02
  3.4944E+01  3.1906E-01  1.4020E-02
  3.5256E+01  3.1984E-01  1.4173E-02
  3.5568E+01  3.2069E-01  1.4345E-02
  3.5880E+01  3.2172E-01  1.4570E-02
  3.6192E+01  3.2302E-01  1.4865E-02
  3.6504E+01  3.2461E-01  1.5233E-02
  3.6816E+01  3.2645E-01  1.5664E-02
  3.7128E+01  3.2846E-01  1.6142E-02
  3.7440E+01  3.3057E-01  1.6643E-02
  3.7752E+01  3.3269E-01  1.7149E-02
  3.8064E+01  3.3479E-01  1.7646E-02
  3.8376E+01  3.3682E-01  1.8126E-02
  3.8688E+01  3.3875E-01  1.8581E-02
  3.9000E+01  3.4049E-01  1.9000E-02
  3.9312E+01  3.4196E-01  1.9360E-02
  3.9624E+01  3.4304E-01  1.9634E-02
  3.9936E+01  3.4368E-01  1.9800E-02
  4.0248E+01  3.4386E-01  1.9849E-02
  4.0560E+01  3.4363E-01  1.9797E-02
  4.0872E+01  3.4308E-01  1.9677E-02
  4.1184E+01  3.4236E-01  1.9531E-02
  4.1496E+01  3.4162E-01  1.9398E-02
  4.1808E+01  3.4100E-01  1.9313E-02
  4.2120E+01  3.4063E-01  1.9303E-02
  4.2432E+01  3.4059E-01  1.9383E-02
  4.2744E+01  3.4092E-01  1.9556E-02
  4.3056E+01  3.4161E-01  1.9810E-02
  4.3368E+01  3.4260E-01  2.0124E-02
  4.3680E+01  3.4383E-01  2.0475E-02
  4.3992E+01  3.4521E-01  2.0839E-02
  4.4304E+01  3.4668E-01  2.1196E-02
  4.4616E+01  3.4817E-01  2.1530E-02
  4.4928E+01  3.4960E-01  2.1830E-02
  4.5240E+01  3.5094E-01  2.2094E-02
  4.5552E+01  3.5216E-01  2.2319E-02
  4.5864E+01  3.5322E-01  2.2505E-02
  4.6176E+01  3.5410E-01  2.2649E-02
  4.6488E+01  3.5477E-01  2.2751E-02
  4.6800E+01  3.5522E-01  2.2815E-02
  4.7112E+01  3.5546E-01  2.2848E-02
  4.7424E+01  3.5551E-01  2.2853E-02
  4.7736E+01  3.5538E-01  2.2833E-02
  4.8048E+01  3.5510E-01  2.2791E-02
  4.8360E+01  3.5471E-01  2.2735E-02
  4.8672E+01  3.5425E-01  2.2673E-02
  4.8984E+01  3.5373E-01  2.2608E-02
  4.9296E+01  3.5318E-01  2.2533E-02
  4.9608E+01  3.5261E-01  2.2441E-02
  4.9920E+01  3.5205E-01  2.2325E-02
  5.0232E+01  3.5154E-01  2.2192E-02
  5.0544E+01  3.5112E-01  2.2061E-02
  5.0856E+01  3.5086E-01  2.1956E-02
  5.1168E+01  3.5078E-01  2.1901E-02
  5.1480E+01  3.5090E-01  2.1906E-02
  5.1792E+01  3.5121E-01  2.1976E-02
  5.2104E+01  3.5167E-01  2.2102E-02
  5.2416E+01  3.5225E-01  2.2270E-02
  5.2728E+01  3.5288E-01  2.2457E-02
  5.3040E+01  3.5353E-01  2.2634E-02
  5.3352E+01  3.5414E-01  2.2781E-02
  5.3664E+01  3.5471E-01  2.2887E-02
  5.3976E+01  3.5523E-01  2.2958E-02
  5.4288E+01  3.5574E-01  2.3013E-02
  5.4600E+01  3.5626E-01  2.3077E-02
  5.4912E+01  3.5682E-01  2.3169E-02
  5.5224E+01  3.5744E-01  2.3299E-02
  5.5536E+01  3.5811E-01  2.3461E-02
  5.5848E+01  3.5881E-01  2.3644E-02
  5.6160E+01  3.5952E-01  2.3836E-02
  5.6472E+01  3.6022E-01  2.4030E-02
  5.6784E+01  3.6087E-01  2.4227E-02
  5.7096E+01  3.6145E-01  2.4427E-02
  5.7408E+01  3.6193E-01  2.4629E-02
  5.7720E+01  3.6228E-01  2.4826E-02
  5.8032E+01  3.6247E-01  2.5014E-02
  5.8344E+01  3.6251E-01  2.5188E-02
  5.8656E+01  3.6239E-01  2.5345E-02
  5.8968E+01  3.6211E-01  2.5483E-02
  5.9280E+01  3.6169E-01  2.5600E-02
  5.9592E+01  3.6114E-01  2.5692E-02
  5.9904E+01  3.6046E-01  2.5755E-02
  6.0216E+01  3.5968E-01  2.5785E-02
  6.0528E+01  3.5882E-01  2.5783E-02
  6.0840E+01  3.5789E-01  2.5754E-02
  6.1152E+01  3.5694E-01  2.5707E-02
  6.1464E+01  3.5601E-01  2.5657E-02
  6.1776E+01  3.5511E-01  2.5616E-02
  6.2088E+01  3.5428E-01  2.5590E-02
  6.2400E+01  3.5353E-01  2.5583E-02
  6.2712E+01  3.5286E-01  2.5588E-02
  6.3024E+01  3.5225E-01  2.5599E-02
  6.3336E+01  3.5171E-01  2.5610E-02
  6.3648E+01  3.5124E-01  2.5618E-02
  6.3960E+01  3.5083E-01  2.5627E-02
  6.4272E+01  3.5050E-01  2.5643E-02
  6.4584E+01  3.5023E-01  2.5673E-02
  6.4896E+01  3.5003E-01  2.5723E-02
  6.5208E+01  3.4989E-01  2.5796E-02
  6.5520E+01  3.4981E-01  2.5896E-02
  6.5832E+01  3.4977E-01  2.6023E-02
  6.6144E+01  3.4977E-01  2.6169E-02
  6.6456E+01  3.4979E-01  2.6324E-02
  6.6768E+01  3.4981E-01  2.6477E-02
  6.7080E+01  3.4983E-01  2.6620E-02
  6.7392E+01  3.4984E-01  2.6751E-02
  6.7704E+01  3.4985E-01  2.6877E-02
  6.8016E+01  3.4985E-01  2.7001E-02
  6.8328E+01  3.4986E-01  2.7127E-02
  6.8640E+01  3.4986E-01  2.7256E-02
  6.8952E+01  3.4985E-01  2.7387E-02
  6.9264E+01  3.4985E-01  2.7523E-02
  6.9576E+01  3.4984E-01  2.7666E-02
  6.9888E+01  3.4984E-01  2.7819E-02
  7.0200E+01  3.4984E-01  2.7982E-02
  7.0512E+01  3.4986E-01  2.8151E-02
  7.0824E+01  3.4988E-01  2.8321E-02
  7.1136E+01  3.4990E-01  2.8485E-02
  7.1448E+01  3.4990E-01  2.8637E-02
  7.1760E+01  3.4988E-01  2.8773E-02
  7.2072E+01  3.4981E-01  2.8891E-02
  7.2384E+01  3.4970E-01  2.8996E-02
  7.2696E+01  3.4955E-01  2.9093E-02
  7.3008E+01  3.4937E-01  2.9187E-02
  7.3320E+01  3.4916E-01  2.9279E-02
  7.3632E+01  3.4893E-01  2.9366E-02
  7.3944E+01  3.4869E-01  2.9445E-02
  7.4256E+01  3.4843E-01  2.9517E-02
  7.4568E+01  3.4817E-01  2.9583E-02
  7.4880E+01  3.4791E-01  2.9651E-02
  7.5192E+01  3.4766E-01  2.9727E-02
  7.5504E+01  3.4744E-01  2.9819E-02
  7.5816E+01  3.4725E-01  2.9931E-02
  7.6128E+01  3.4710E-01  3.0065E-02
  7.6440E+01  3.4698E-01  3.0219E-02
  7.6752E+01  3.4690E-01  3.0392E-02
  7.7064E+01  3.4685E-01  3.0583E-02
  7.7376E+01  3.4681E-01  3.0791E-02
  7.7688E+01  3.4679E-01  3.1014E-02
  7.8000E+01  3.4678E-01  3.1246E-02
  7.8312E+01  3.4674E-01  3.1479E-02
  7.8624E+01  3.4668E-01  3.1704E-02
  7.8936E+01  3.4658E-01  3.1910E-02
  7.9248E+01  3.4641E-01  3.2087E-02
  7.9560E+01  3.4618E-01  3.2225E-02
  7.9872E+01  3.4586E-01  3.2313E-02
  8.0184E+01  3.4546E-01  3.2347E-02
  8.0496E+01  3.4499E-01  3.2330E-02
  8.0808E+01  3.4448E-01  3.2277E-02
  8.1120E+01  3.4396E-01  3.2210E-02
  8.1432E+01  3.4347E-01  3.2153E-02
  8.1744E+01  3.4303E-01  3.2127E-02
  8.2056E+01  3.4268E-01  3.2148E-02
  8.2368E+01  3.4243E-01  3.2218E-02
  8.2680E+01  3.4228E-01  3.2337E-02
  8.2992E+01  3.4222E-01  3.2496E-02
  8.3304E+01  3.4223E-01  3.2684E-02
  8.3616E+01  3.4229E-01  3.2886E-02
  8.3928E+01  3.4236E-01  3.3089E-02
  8.4240E+01  3.4241E-01  3.3282E-02
  8.4552E+01  3.4244E-01  3.3456E-02
  8.4864E+01  3.4243E-01  3.3606E-02
  8.5176E+01  3.4238E-01  3.3733E-02
  8.5488E+01  3.4229E-01  3.3841E-02
  8.5800E+01  3.4217E-01  3.3937E-02
  8.6112E+01  3.4203E-01  3.4024E-02
  8.6424E+01  3.4188E-01  3.4110E-02
  8.6736E+01  3.4172E-01  3.4200E-02
  8.7048E+01  3.4158E-01  3.4298E-02
  8.7360E+01  3.4145E-01  3.4409E-02
  8.7672E+01  3.4135E-01  3.4537E-02
  8.7984E+01  3.4128E-01  3.4681E-02
  8.8296E+01  3.4123E-01  3.4841E-02
  8.8608E+01  3.4122E-01  3.5015E-02
  8.8920E+01  3.4122E-01  3.5199E-02
  8.9232E+01  3.4124E-01  3.5389E-02
  8.9544E+01  3.4128E-01  3.5578E-02
  8.9856E+01  3.4132E-01  3.5762E-02
  9.0168E+01  3.4136E-01  3.5935E-02
  9.0480E+01  3.4141E-01  3.6097E-02
  9.0792E+01  3.4145E-01  3.6249E-02
  9.1104E+01  3.4151E-01  3.6395E-02
  9.1416E+01  3.4156E-01  3.6540E-02
  9.1728E+01  3.4163E-01  3.6685E-02
  9.2040E+01  3.4169E-01  3.6833E-02
  9.2352E+01  3.4177E-01  3.6983E-02
  9.2664E+01  3.4184E-01  3.7132E-02
  9.2976E+01  3.4190E-01  3.7281E-02
  9.3288E+01  3.4196E-01  3.7429E-02
  9.3600E+01  3.4201E-01  3.7578E-02
  9.3912E+01  3.4206E-01  3.7727E-02
  9.4224E+01  3.4211E-01  3.7877E-02
  9.4536E+01  3.4214E-01  3.8027E-02
  9.4848E+01  3.4217E-01  3.8175E-02
  9.5160E+01  3.4219E-01  3.8319E-02
  9.5472E+01  3.4219E-01  3.8455E-02
  9.5784E+01  3.4217E-01  3.8584E-02
  9.6096E+01  3.4213E-01  3.8703E-02
  9.6408E+01  3.4207E-01  3.8814E-02
  9.6720E+01  3.4200E-01  3.8916E-02
  9.7032E+01  3.4192E-01  3.9012E-02
  9.7344E+01  3.4184E-01  3.9102E-02
  9.7656E+01  3.4176E-01  3.9188E-02
  9.7968E+01  3.4170E-01  3.9276E-02
  9.8280E+01  3.4165E-01  3.9371E-02
  9.8592E+01  3.4163E-01  3.9480E-02
  9.8904E+01  3.4162E-01  3.9604E-02
  9.9216E+01  3.4164E-01  3.9745E-02
  9.9528E+01  3.4168E-01  3.9901E-02
  9.9840E+01  3.4173E-01  4.0067E-02
  1.0015E+02  3.4179E-01  4.0241E-02
  1.0046E+02  3.4185E-01  4.0420E-02
  1.0078E+02  3.4192E-01  4.0600E-02
  1.0109E+02  3.4198E-01  4.0778E-02
  1.0140E+02  3.4203E-01  4.0952E-02
  1.0171E+02  3.4208E-01  4.1118E-02
  1.0202E+02  3.4211E-01  4.1277E-02
  1.0234E+02  3.4212E-01  4.1427E-02
  1.0265E+02  3.4211E-01  4.1566E-02
  1.0296E+02  3.4208E-01  4.1692E-02
  1.0327E+02  3.4202E-01  4.1805E-02
  1.0358E+02  3.4195E-01  4.1904E-02
  1.0390E+02  3.4186E-01  4.1993E-02
  1.0421E+02  3.4175E-01  4.2073E-02
  1.0452E+02  3.4163E-01  4.2151E-02
  1.0483E+02  3.4149E-01  4.2231E-02
  1.0514E+02  3.4135E-01  4.2313E-02
  1.0546E+02  3.4121E-01  4.2396E-02
  1.0577E+02  3.4105E-01  4.2477E-02
  1.0608E+02  3.4088E-01  4.2549E-02
  1.0639E+02  3.4071E-01  4.2608E-02
  1.0670E+02  3.4052E-01  4.2653E-02
  1.0702E+02  3.4033E-01  4.2686E-02
  1.0733E+02  3.4015E-01  4.2712E-02
  1.0764E+02  3.3996E-01  4.2741E-02
  1.0795E+02  3.3979E-01  4.2780E-02
  1.0826E+02  3.3964E-01  4.2834E-02
  1.0858E+02  3.3952E-01  4.2907E-02
  1.0889E+02  3.3941E-01  4.2997E-02
  1.0920E+02  3.3932E-01  4.3101E-02
  1.0951E+02  3.3926E-01  4.3216E-02
  1.0982E+02  3.3920E-01  4.3338E-02
  1.1014E+02  3.3915E-01  4.3462E-02
  1.1045E+02  3.3910E-01  4.3584E-02
  1.1076E+02  3.3904E-01  4.3700E-02
  1.1107E+02  3.3898E-01  4.3810E-02
  1.1138E+02  3.3891E-01  4.3912E-02
  1.1170E+02  3.3883E-01  4.4010E-02
  1.1201E+02  3.3875E-01  4.4107E-02
  1.1232E+02  3.3866E-01  4.4206E-02
  1.1263E+02  3.3857E-01  4.4309E-02
  1.1294E+02  3.3848E-01  4.4417E-02
  1.1326E+02  3.3840E-01  4.4532E-02
  1.1357E+02  3.3833E-01  4.4652E-02
  1.1388E+02  3.3827E-01  4.4777E-02
  1.1419E+02  3.3822E-01  4.4907E-02
  1.1450E+02  3.3817E-01  4.5041E-02
  1.1482E+02  3.3814E-01  4.5176E-02
  1.1513E+02  3.3810E-01  4.5311E-02
  1.1544E+02  3.3806E-01  4.5445E-02
  1.1575E+02  3.3802E-01  4.5579E-02
  1.1606E+02  3.3798E-01  4.5712E-02
  1.1638E+02  3.3793E-01  4.5846E-02
  1.1669E+02  3.3787E-01  4.5981E-02
  1.1700E+02  3.3780E-01  4.6119E-02
  1.1731E+02  3.3773E-01  4.6259E-02
  1.1762E+02  3.3764E-01  4.6399E-02
  1.1794E+02  3.3755E-01  4.6538E-02
  1.1825E+02  3.3744E-01  4.6670E-02
  1.1856E+02  3.3732E-01  4.6793E-02
  1.1887E+02  3.3718E-01  4.6903E-02
  1.1918E+02  3.3703E-01  4.7001E-02
  1.1950E+02  3.3686E-01  4.7085E-02
  1.1981E+02  3.3668E-01  4.7156E-02
  1.2012E+02  3.3648E-01  4.7214E-02
  1.2043E+02  3.3627E-01  4.7259E-02
  1.2074E+02  3.3605E-01  4.7293E-02
  1.2106E+02  3.3583E-01  4.7317E-02
  1.2137E+02  3.3560E-01  4.7336E-02
  1.2168E+02  3.3538E-01  4.7354E-02
  1.2199E+02  3.3518E-01  4.7377E-02
  1.2230E+02  3.3498E-01  4.7410E-02
  1.2262E+02  3.3480E-01  4.7454E-02
  1.2293E+02  3.3463E-01  4.7510E-02
  1.2324E+02  3.3448E-01  4.7578E-02
  1.2355E+02  3.3433E-01  4.7653E-02
  1.2386E+02  3.3420E-01  4.7733E-02
  1.2418E+02  3.3408E-01  4.7816E-02
  1.2449E+02  3.3396E-01  4.7900E-02
  1.2480E+02  3.3384E-01  4.7985E-02
  1.2511E+02  3.3372E-01  4.8069E-02
  1.2542E+02  3.3359E-01  4.8153E-02
  1.2574E+02  3.3346E-01  4.8236E-02
  1.2605E+02  3.3333E-01  4.8319E-02
  1.2636E+02  3.3319E-01  4.8400E-02
  1.2667E+02  3.3305E-01  4.8481E-02
  1.2698E+02  3.3291E-01  4.8563E-02
  1.2730E+02  3.3277E-01  4.8648E-02
  1.2761E+02  3.3263E-01  4.8737E-02
  1.2792E+02  3.3250E-01  4.8833E-02
  1.2823E+02  3.3237E-01  4.8938E-02
  1.2854E+02  3.3225E-01  4.9052E-02
  1.2886E+02  3.3213E-01  4.9175E-02
  1.2917E+02  3.3202E-01  4.9304E-02
  1.2948E+02  3.3191E-01  4.9437E-02
  1.2979E+02  3.3180E-01  4.9570E-02
  1.3010E+02  3.3170E-01  4.9702E-02
  1.3042E+02  3.3159E-01  4.9832E-02
  1.3073E+02  3.3148E-01  4.9959E-02
  1.3104E+02  3.3136E-01  5.0085E-02
  1.3135E+02  3.3125E-01  5.0210E-02
  1.3166E+02  3.3113E-01  5.0332E-02
  1.3198E+02  3.3101E-01  5.0453E-02
  1.3229E+02  3.3088E-01  5.0572E-02
  1.3260E+02  3.3075E-01  5.0687E-02
  1.3291E+02  3.3062E-01  5.0798E-02
  1.3322E+02  3.3049E-01  5.0906E-02
  1.3354E+02  3.3035E-01  5.1009E-02
  1.3385E+02  3.3021E-01  5.1108E-02
  1.3416E+02  3.3007E-01  5.1206E-02
  1.3447E+02  3.2993E-01  5.1304E-02
  1.3478E+02  3.2979E-01  5.1403E-02
  1.3510E+02  3.2966E-01  5.1507E-02
  1.3541E+02  3.2954E-01  5.1614E-02
  1.3572E+02  3.2941E-01  5.1725E-02
  1.3603E+02  3.2930E-01  5.1837E-02
  1.3634E+02  3.2918E-01  5.1949E-02
  1.3666E+02  3.2907E-01  5.2060E-02
  1.3697E+02  3.2896E-01  5.2168E-02
  1.3728E+02  3.2885E-01  5.2274E-02
  1.3759E+02  3.2875E-01  5.2377E-02
  1.3790E+02  3.2864E-01  5.2479E-02
  1.3822E+02  3.2853E-01  5.2578E-02
  1.3853E+02  3.2841E-01  5.2677E-02
  1.3884E+02  3.2830E-01  5.2774E-02
  1.3915E+02  3.2819E-01  5.2871E-02
  1.3946E+02  3.2808E-01  5.2968E-02
  1.3978E+02  3.2797E-01  5.3066E-02
  1.4009E+02  3.2787E-01  5.3165E-02
  1.4040E+02  3.2776E-01  5.3266E-02
  1.4071E+02  3.2766E-01  5.3367E-02
  1.4102E+02  3.2755E-01  5.3469E-02
  1.4134E+02  3.2744E-01  5.3570E-02
  1.4165E+02  3.2734E-01  5.3669E-02
  1.4196E+02  3.2722E-01  5.3767E-02
  1.4227E+02  3.2711E-01  5.3862E-02
  1.4258E+02  3.2700E-01  5.3955E-02
  1.4290E+02  3.2688E-01  5.4048E-02
  1.4321E+02  3.2676E-01  5.4140E-02
  1.4352E+02  3.2664E-01  5.4232E-02
  1.4383E+02  3.2651E-01  5.4325E-02
  1.4414E+02  3.2639E-01  5.4417E-02
  1.4446E+02  3.2626E-01  5.4510E-02
  1.4477E+02  3.2613E-01  5.4603E-02
  1.4508E+02  3.2601E-01  5.4695E-02
  1.4539E+02  3.2588E-01  5.4787E-02
  1.4570E+02  3.2576E-01  5.4878E-02
  1.4602E+02  3.2564E-01  5.4969E-02
  1.4633E+02  3.2552E-01  5.5060E-02
  1.4664E+02  3.2541E-01  5.5151E-02
  1.4695E+02  3.2530E-01  5.5242E-02
  1.4726E+02  3.2518E-01  5.5335E-02
  1.4758E+02  3.2508E-01  5.5429E-02
  1.4789E+02  3.2497E-01  5.5525E-02
  1.4820E+02  3.2486E-01  5.5624E-02
  1.4851E+02  3.2476E-01  5.5726E-02
  1.4882E+02  3.2466E-01  5.5830E-02
  1.4914E+02  3.2456E-01  5.5936E-02
  1.4945E+02  3.2446E-01  5.6042E-02
  1.4976E+02  3.2435E-01  5.6146E-02
  1.5007E+02  3.2425E-01  5.6248E-02
  1.5038E+02  3.2415E-01  5.6345E-02
  1.5070E+02  3.2404E-01  5.6438E-02
  1.5101E+02  3.2393E-01  5.6527E-02
  1.5132E+02  3.2382E-01  5.6612E-02
  1.5163E+02  3.2371E-01  5.6695E-02
  1.5194E+02  3.2360E-01  5.6778E-02
  1.5226E+02  3.2348E-01  5.6862E-02
  1.5257E+02  3.2337E-01  5.6947E-02
  1.5288E+02  3.2325E-01  5.7034E-02
  1.5319E+02  3.2314E-01  5.7122E-02
  1.5350E+02  3.2303E-01  5.7212E-02
  1.5382E+02  3.2292E-01  5.7304E-02
  1.5413E+02  3.2281E-01  5.7396E-02
  1.5444E+02  3.2271E-01  5.7491E-02
  1.5475E+02  3.2260E-01  5.7586E-02
  1.5506E+02  3.2250E-01  5.7683E-02
  1.5538E+02  3.2240E-01  5.7780E-02
  1.5569E+02  3.2230E-01  5.7877E-02
  1.5600E+02  3.2220E-01  5.7973E-02
  1.5631E+02  3.2210E-01  5.8069E-02
  1.5662E+02  3.2201E-01  5.8164E-02
  1.5694E+02  3.2191E-01  5.8260E-02
  1.5725E+02  3.2181E-01  5.8356E-02
  1.5756E+02  3.2171E-01  5.8453E-02
  1.5787E+02  3.2162E-01  5.8552E-02
  1.5818E+02  3.2152E-01  5.8652E-02
  1.5850E+02  3.2143E-01  5.8752E-02
  1.5881E+02  3.2133E-01  5.8851E-02
  1.5912E+02  3.2124E-01  5.8947E-02
  1.5943E+02  3.2114E-01  5.9042E-02
  1.5974E+02  3.2104E-01  5.9133E-02
  1.6006E+02  3.2094E-01  5.9220E-02
  1.6037E+02  3.2085E-01  5.9305E-02
  1.6068E+02  3.2075E-01  5.9387E-02
  1.6099E+02  3.2065E-01  5.9469E-02
  1.6130E+02  3.2055E-01  5.9551E-02
  1.6162E+02  3.2045E-01  5.9634E-02
  1.6193E+02  3.2035E-01  5.9719E-02
  1.6224E+02  3.2025E-01  5.9805E-02
  1.6255E+02  3.2015E-01  5.9894E-02
  1.6286E+02  3.2005E-01  5.9984E-02
  1.6318E+02  3.1996E-01  6.0076E-02
  1.6349E+02  3.1986E-01  6.0167E-02
  1.6380E+02  3.1976E-01  6.0259E-02
  1.6411E+02  3.1967E-01  6.0350E-02
  1.6442E+02  3.1957E-01  6.0440E-02
  1.6474E+02  3.1947E-01  6.0528E-02
  1.6505E+02  3.1937E-01  6.0616E-02
  1.6536E+02  3.1926E-01  6.0702E-02
  1.6567E+02  3.1916E-01  6.0788E-02
  1.6598E+02  3.1906E-01  6.0873E-02
  1.6630E+02  3.1896E-01  6.0959E-02
  1.6661E+02  3.1886E-01  6.1046E-02
  1.6692E+02  3.1876E-01  6.1134E-02
  1.6723E+02  3.1866E-01  6.1225E-02
  1.6754E+02  3.1856E-01  6.1318E-02
  1.6786E+02  3.1846E-01  6.1412E-02
  1.6817E+02  3.1836E-01  6.1507E-02
  1.6848E+02  3.1826E-01  6.1603E-02
  1.6879E+02  3.1817E-01  6.1699E-02
  1.6910E+02  3.1807E-01  6.1793E-02
  1.6942E+02  3.1797E-01  6.1887E-02
  1.6973E+02  3.1787E-01  6.1979E-02
  1.7004E+02  3.1776E-01  6.2070E-02
  1.7035E+02  3.1766E-01  6.2160E-02
  1.7066E+02  3.1756E-01  6.2250E-02
  1.7098E+02  3.1745E-01  6.2339E-02
  1.7129E+02  3.1735E-01  6.2428E-02
  1.7160E+02  3.1724E-01  6.2517E-02
  1.7191E+02  3.1714E-01  6.2605E-02
  1.7222E+02  3.1703E-01  6.2693E-02
  1.7254E+02  3.1693E-01  6.2781E-02
  1.7285E+02  3.1682E-01  6.2868E-02
  1.7316E+02  3.1671E-01  6.2953E-02
  1.7347E+02  3.1661E-01  6.3038E-02
  1.7378E+02  3.1650E-01  6.3121E-02
  1.7410E+02  3.1639E-01  6.3205E-02
  1.7441E+02  3.1628E-01  6.3288E-02
  1.7472E+02  3.1617E-01  6.3371E-02
  1.7503E+02  3.1606E-01  6.3455E-02
  1.7534E+02  3.1596E-01  6.3541E-02
  1.7566E+02  3.1585E-01  6.3626E-02
  1.7597E+02  3.1574E-01  6.3713E-02
  1.7628E+02  3.1563E-01  6.3799E-02
  1.7659E+02  3.1552E-01  6.3886E-02
  1.7690E+02  3.1541E-01  6.3972E-02
  1.7722E+02  3.1530E-01  6.4058E-02
  1.7753E+02  3.1519E-01  6.4143E-02
  1.7784E+02  3.1508E-01  6.4229E-02
  1.7815E+02  3.1497E-01  6.4314E-02
  1.7846E+02  3.1486E-01  6.4399E-02
  1.7878E+02  3.1474E-01  6.4483E-02
  1.7909E+02  3.1463E-01  6.4568E-02
  1.7940E+02  3.1452E-01  6.4652E-02
  1.7971E+02  3.1440E-01  6.4736E-02
  1.8002E+02  3.1429E-01  6.4818E-02
  1.8034E+02  3.1418E-01  6.4899E-02
  1.8065E+02  3.1406E-01  6.4979E-02
  1.8096E+02  3.1395E-01  6.5058E-02
  1.8127E+02  3.1384E-01  6.5136E-02
  1.8158E+02  3.1372E-01  6.5215E-02
  1.8190E+02  3.1361E-01  6.5294E-02
  1.8221E+02  3.1350E-01  6.5374E-02
  1.8252E+02  3.1339E-01  6.5455E-02
  1.8283E+02  3.1328E-01  6.5538E-02
  1.8314E+02  3.1317E-01  6.5622E-02
  1.8346E+02  3.1306E-01  6.5708E-02
  1.8377E+02  3.1296E-01  6.5795E-02
  1.8408E+02  3.1285E-01  6.5882E-02
  1.8439E+02  3.1274E-01  6.5971E-02
  1.8470E+02  3.1263E-01  6.6059E-02
  1.8502E+02  3.1253E-01  6.6147E-02
  1.8533E+02  3.1242E-01  6.6234E-02
  1.8564E+02  3.1231E-01  6.6321E-02
  1.8595E+02  3.1220E-01  6.6407E-02
  1.8626E+02  3.1210E-01  6.6492E-02
  1.8658E+02  3.1199E-01  6.6577E-02
  1.8689E+02  3.1188E-01  6.6661E-02
  1.8720E+02  3.1177E-01  6.6746E-02
  1.8751E+02  3.1166E-01  6.6831E-02
  1.8782E+02  3.1155E-01  6.6916E-02
  1.8814E+02  3.1143E-01  6.7002E-02
  1.8845E+02  3.1132E-01  6.7089E-02
  1.8876E+02  3.1121E-01  6.7177E-02
  1.8907E+02  3.1110E-01  6.7264E-02
  1.8938E+02  3.1098E-01  6.7351E-02
  1.8970E+02  3.1087E-01  6.7437E-02
  1.9001E+02  3.1076E-01  6.7523E-02
  1.9032E+02  3.1064E-01  6.7607E-02
  1.9063E+02  3.1053E-01  6.7691E-02
  1.9094E+02  3.1041E-01  6.7773E-02
  1.9126E+02  3.1029E-01  6.7855E-02
  1.9157E+02  3.1018E-01  6.7936E-02
  1.9188E+02  3.1006E-01  6.8017E-02
  1.9219E+02  3.0994E-01  6.8097E-02
  1.9250E+02  3.0982E-01  6.8178E-02
  1.9282E+02  3.0971E-01  6.8258E-02
  1.9313E+02  3.0959E-01  6.8339E-02
  1.9344E+02  3.0948E-01  6.8420E-02
  1.9375E+02  3.0936E-01  6.8502E-02
  1.9406E+02  3.0925E-01  6.8584E-02
  1.9438E+02  3.0914E-01  6.8667E-02
  1.9469E+02  3.0903E-01  6.8751E-02
  1.9500E+02  3.0891E-01  6.8834E-02
  1.9531E+02  3.0880E-01  6.8918E-02
  1.9562E+02  3.0869E-01  6.9002E-02
  1.9594E+02  3.0858E-01  6.9085E-02
  1.9625E+02  3.0848E-01  6.9169E-02
  1.9656E+02  3.0837E-01  6.9252E-02
  1.9687E+02  3.0826E-01  6.9335E-02
  1.9718E+02  3.0815E-01  6.9418E-02
  1.9750E+02  3.0804E-01  6.9501E-02
  1.9781E+02  3.0793E-01  6.9584E-02
  1.9812E+02  3.0782E-01  6.9667E-02
  1.9843E+02  3.0771E-01  6.9750E-02
  1.9874E+02  3.0760E-01  6.9833E-02
  1.9906E+02  3.0750E-01  6.9916E-02
  1.9937E+02  3.0739E-01  6.9998E-02
  1.9968E+02  3.0728E-01  7.0080E-02
  1.9999E+02  3.0717E-01  7.0161E-02
  2.0030E+02  3.0706E-01  7.0242E-02
  2.0062E+02  3.0696E-01  7.0322E-02
  2.0093E+02  3.0685E-01  7.0403E-02
  2.0124E+02  3.0674E-01  7.0483E-02
  2.0155E+02  3.0663E-01  7.0564E-02
  2.0186E+02  3.0653E-01  7.0646E-02
  2.0218E+02  3.0642E-01  7.0727E-02
  2.0249E+02  3.0631E-01  7.0809E-02
  2.0280E+02  3.0621E-01  7.0891E-02
  2.0311E+02  3.0610E-01  7.0973E-02
  2.0342E+02  3.0599E-01  7.1055E-02
  2.0374E+02  3.0589E-01  7.1136E-02
  2.0405E+02  3.0578E-01  7.1217E-02
  2.0436E+02  3.0568E-01  7.1298E-02
  2.0467E+02  3.0557E-01  7.1379E-02
  2.0498E+02  3.0547E-01  7.1460E-02
  2.0530E+02  3.0536E-01  7.1540E-02
  2.0561E+02  3.0526E-01  7.1621E-02
  2.0592E+02  3.0515E-01  7.1701E-02
  2.0623E+02  3.0504E-01  7.1781E-02
  2.0654E+02  3.0494E-01  7.1861E-02
  2.0686E+02  3.0483E-01  7.1941E-02
  2.0717E+02  3.0473E-01  7.2020E-02
  2.0748E+02  3.0462E-01  7.2099E-02
  2.0779E+02  3.0452E-01  7.2178E-02
  2.0810E+02  3.0441E-01  7.2256E-02
  2.0842E+02  3.0431E-01  7.2335E-02
  2.0873E+02  3.0420E-01  7.2413E-02
  2.0904E+02  3.0410E-01  7.2492E-02
  2.0935E+02  3.0399E-01  7.2571E-02
  2.0966E+02  3.0389E-01  7.2649E-02
  2.0998E+02  3.0378E-01  7.2728E-02
  2.1029E+02  3.0368E-01  7.2806E-02
  2.1060E+02  3.0357E-01  7.2884E-02
  2.1091E+02  3.0347E-01  7.2962E-02
  2.1122E+02  3.0337E-01  7.3040E-02
  2.1154E+02  3.0326E-01  7.3118E-02
  2.1185E+02  3.0316E-01  7.3195E-02
  2.1216E+02  3.0305E-01  7.3273E-02
  2.1247E+02  3.0295E-01  7.3350E-02
  2.1278E+02  3.0285E-01  7.3428E-02
  2.1310E+02  3.0274E-01  7.3505E-02
  2.1341E+02  3.0264E-01  7.3582E-02
  2.1372E+02  3.0254E-01  7.3660E-02
  2.1403E+02  3.0244E-01  7.3737E-02
  2.1434E+02  3.0233E-01  7.3815E-02
  2.1466E+02  3.0223E-01  7.3892E-02
  2.1497E+02  3.0213E-01  7.3970E-02
  2.1528E+02  3.0203E-01  7.4048E-02
  2.1559E+02  3.0193E-01  7.4125E-02
  2.1590E+02  3.0182E-01  7.4203E-02
  2.1622E+02  3.0172E-01  7.4281E-02
  2.1653E+02  3.0162E-01  7.4359E-02
  2.1684E+02  3.0152E-01  7.4437E-02
  2.1715E+02  3.0142E-01  7.4515E-02
  2.1746E+02  3.0132E-01  7.4593E-02
  2.1778E+02  3.0122E-01  7.4670E-02
  2.1809E+02  3.0112E-01  7.4748E-02
  2.1840E+02  3.0102E-01  7.4826E-02
  2.1871E+02  3.0092E-01  7.4903E-02
  2.1902E+02  3.0082E-01  7.4981E-02
  2.1934E+02  3.0072E-01  7.5058E-02
  2.1965E+02  3.0062E-01  7.5135E-02
  2.1996E+02  3.0052E-01  7.5212E-02
  2.2027E+02  3.0042E-01  7.5289E-02
  2.2058E+02  3.0032E-01  7.5366E-02
  2.2090E+02  3.0022E-01  7.5443E-02
  2.2121E+02  3.0013E-01  7.5521E-02
  2.2152E+02  3.0003E-01  7.5598E-02
  2.2183E+02  2.9993E-01  7.5675E-02
  2.2214E+02  2.9983E-01  7.5753E-02
  2.2246E+02  2.9973E-01  7.5830E-02
  2.2277E+02  2.9963E-01  7.5907E-02
  2.2308E+02  2.9954E-01  7.5985E-02
  2.2339E+02  2.9944E-01  7.6062E-02
  2.2370E+02  2.9934E-01  7.6139E-02
  2.2402E+02  2.9924E-01  7.6217E-02
  2.2433E+02  2.9914E-01  7.6294E-02
  2.2464E+02  2.9905E-01  7.6371E-02
  2.2495E+02  2.9895E-01  7.6449E-02
  2.2526E+02  2.9885E-01  7.6526E-02
  2.2558E+02  2.9875E-01  7.6603E-02
  2.2589E+02  2.9866E-01  7.6680E-02
  2.2620E+02  2.9856E-01  7.6757E-02
  2.2651E+02  2.9846E-01  7.6834E-02
  2.2682E+02  2.9836E-01  7.6911E-02
  2.2714E+02  2.9827E-01  7.6987E-02
  2.2745E+02  2.9817E-01  7.7064E-02
  2.2776E+02  2.9807E-01  7.7140E-02
  2.2807E+02  2.9797E-01  7.7217E-02
  2.2838E+02  2.9787E-01  7.7293E-02
  2.2870E+02  2.9777E-01  7.7370E-02
  2.2901E+02  2.9767E-01  7.7446E-02
  2.2932E+02  2.9758E-01  7.7522E-02
  2.2963E+02  2.9748E-01  7.7599E-02
  2.2994E+02  2.9738E-01  7.7675E-02
  2.3026E+02  2.9728E-01  7.7751E-02
  2.3057E+02  2.9718E-01  7.7828E-02
  2.3088E+02  2.9708E-01  7.7904E-02
  2.3119E+02  2.9698E-01  7.7981E-02
  2.3150E+02  2.9688E-01  7.8057E-02
  2.3182E+02  2.9678E-01  7.8134E-02
  2.3213E+02  2.9668E-01  7.8210E-02
  2.3244E+02  2.9658E-01  7.8287E-02
  2.3275E+02  2.9648E-01  7.8363E-02
  2.3306E+02  2.9638E-01  7.8440E-02
  2.3338E+02  2.9628E-01  7.8517E-02
  2.3369E+02  2.9618E-01  7.8594E-02
  2.3400E+02  2.9608E-01  7.8670E-02
  2.3431E+02  2.9598E-01  7.8747E-02
  2.3462E+02  2.9588E-01  7.8823E-02
  2.3494E+02  2.9578E-01  7.8900E-02
  2.3525E+02  2.9568E-01  7.8976E-02
  2.3556E+02  2.9558E-01  7.9053E-02
  2.3587E+02  2.9548E-01  7.9129E-02
  2.3618E+02  2.9538E-01  7.9205E-02
  2.3650E+02  2.9528E-01  7.9281E-02
  2.3681E+02  2.9518E-01  7.9357E-02
  2.3712E+02  2.9508E-01  7.9432E-02
  2.3743E+02  2.9498E-01  7.9507E-02
  2.3774E+02  2.9488E-01  7.9582E-02
  2.3806E+02  2.9477E-01  7.9657E-02
  2.3837E+02  2.9467E-01  7.9732E-02
  2.3868E+02  2.9457E-01  7.9806E-02
  2.3899E+02  2.9447E-01  7.9880E-02
  2.3930E+02  2.9437E-01  7.9954E-02
  2.3962E+02  2.9427E-01  8.0028E-02
  2.3993E+02  2.9417E-01  8.0102E-02
  2.4024E+02  2.9407E-01  8.0175E-02
  2.4055E+02  2.9397E-01  8.0248E-02
  2.4086E+02  2.9386E-01  8.0321E-02
  2.4118E+02  2.9376E-01  8.0394E-02
  2.4149E+02  2.9366E-01  8.0467E-02
  2.4180E+02  2.9356E-01  8.0540E-02
  2.4211E+02  2.9346E-01  8.0612E-02
  2.4242E+02  2.9336E-01  8.0685E-02
  2.4274E+02  2.9326E-01  8.0757E-02
  2.4305E+02  2.9316E-01  8.0830E-02
  2.4336E+02  2.9306E-01  8.0902E-02
  2.4367E+02  2.9296E-01  8.0975E-02
  2.4398E+02  2.9286E-01  8.1047E-02
  2.4430E+02  2.9276E-01  8.1119E-02
  2.4461E+02  2.9266E-01  8.1192E-02
  2.4492E+02  2.9256E-01  8.1264E-02
  2.4523E+02  2.9245E-01  8.1336E-02
  2.4554E+02  2.9235E-01  8.1408E-02
  2.4586E+02  2.9225E-01  8.1480E-02
  2.4617E+02  2.9215E-01  8.1552E-02
  2.4648E+02  2.9205E-01  8.1624E-02
  2.4679E+02  2.9195E-01  8.1696E-02
  2.4710E+02  2.9185E-01  8.1768E-02
  2.4742E+02  2.9175E-01  8.1839E-02
  2.4773E+02  2.9164E-01  8.1911E-02
  2.4804E+02  2.9154E-01  8.1983E-02
  2.4835E+02  2.9144E-01  8.2054E-02
  2.4866E+02  2.9134E-01  8.2126E-02
  2.4898E+02  2.9124E-01  8.2197E-02
  2.4929E+02  2.9114E-01  8.2269E-02
  2.4960E+02  2.9103E-01  8.2340E-02
  2.4991E+02  2.9093E-01  8.2411E-02
  2.5022E+02  2.9083E-01  8.2482E-02
  2.5054E+02  2.9073E-01  8.2553E-02
  2.5085E+02  2.9063E-01  8.2624E-02
  2.5116E+02  2.9053E-01  8.2695E-02
  2.5147E+02  2.9042E-01  8.2766E-02
  2.5178E+02  2.9032E-01  8.2836E-02
  2.5210E+02  2.9022E-01  8.2907E-02
  2.5241E+02  2.9012E-01  8.2978E-02
  2.5272E+02  2.9002E-01  8.3048E-02
  2.5303E+02  2.8992E-01  8.3119E-02
  2.5334E+02  2.8982E-01  8.3189E-02
  2.5366E+02  2.8971E-01  8.3259E-02
  2.5397E+02  2.8961E-01  8.3329E-02
  2.5428E+02  2.8951E-01  8.3399E-02
  2.5459E+02  2.8941E-01  8.3469E-02
  2.5490E+02  2.8931E-01  8.3539E-02
  2.5522E+02  2.8921E-01  8.3608E-02
  2.5553E+02  2.8910E-01  8.3678E-02
  2.5584E+02  2.8900E-01  8.3748E-02
  2.5615E+02  2.8890E-01  8.3818E-02
  2.5646E+02  2.8880E-01  8.3887E-02
  2.5678E+02  2.8870E-01  8.3957E-02
  2.5709E+02  2.8860E-01  8.4026E-02
  2.5740E+02  2.8849E-01  8.4096E-02
  2.5771E+02  2.8839E-01  8.4165E-02
  2.5802E+02  2.8829E-01  8.4234E-02
  2.5834E+02  2.8819E-01  8.4303E-02
  2.5865E+02  2.8809E-01  8.4372E-02
  2.5896E+02  2.8799E-01  8.4441E-02
  2.5927E+02  2.8788E-01  8.4510E-02
  2.5958E+02  2.8778E-01  8.4579E-02
  2.5990E+02  2.8768E-01  8.4647E-02
  2.6021E+02  2.8758E-01  8.4716E-02
  2.6052E+02  2.8748E-01  8.4784E-02
  2.6083E+02  2.8737E-01  8.4853E-02
  2.6114E+02  2.8727E-01  8.4921E-02
  2.6146E+02  2.8717E-01  8.4989E-02
  2.6177E+02  2.8707E-01  8.5057E-02
  2.6208E+02  2.8697E-01  8.5126E-02
  2.6239E+02  2.8687E-01  8.5194E-02
  2.6270E+02  2.8676E-01  8.5262E-02
  2.6302E+02  2.8666E-01  8.5330E-02
  2.6333E+02  2.8656E-01  8.5398E-02
  2.6364E+02  2.8646E-01  8.5466E-02
  2.6395E+02  2.8636E-01  8.5534E-02
  2.6426E+02  2.8625E-01  8.5601E-02
  2.6458E+02  2.8615E-01  8.5669E-02
  2.6489E+02  2.8605E-01  8.5737E-02
  2.6520E+02  2.8595E-01  8.5804E-02
  2.6551E+02  2.8585E-01  8.5871E-02
  2.6582E+02  2.8575E-01  8.5939E-02
  2.6614E+02  2.8564E-01  8.6006E-02
  2.6645E+02  2.8554E-01  8.6073E-02
  2.6676E+02  2.8544E-01  8.6140E-02
  2.6707E+02  2.8534E-01  8.6207E-02
  2.6738E+02  2.8524E-01  8.6274E-02
  2.6770E+02  2.8513E-01  8.6340E-02
  2.6801E+02  2.8503E-01  8.6407E-02
  2.6832E+02  2.8493E-01  8.6474E-02
  2.6863E+02  2.8483E-01  8.6541E-02
  2.6894E+02  2.8473E-01  8.6608E-02
  2.6926E+02  2.8462E-01  8.6674E-02
  2.6957E+02  2.8452E-01  8.6741E-02
  2.6988E+02  2.8442E-01  8.6808E-02
  2.7019E+02  2.8432E-01  8.6875E-02
  2.7050E+02  2.8422E-01  8.6941E-02
  2.7082E+02  2.8412E-01  8.7008E-02
  2.7113E+02  2.8401E-01  8.7074E-02
  2.7144E+02  2.8391E-01  8.7141E-02
  2.7175E+02  2.8381E-01  8.7207E-02
  2.7206E+02  2.8371E-01  8.7273E-02
  2.7238E+02  2.8361E-01  8.7339E-02
  2.7269E+02  2.8351E-01  8.7405E-02
  2.7300E+02  2.8341E-01  8.7472E-02
  2.7331E+02  2.8330E-01  8.7538E-02
  2.7362E+02  2.8320E-01  8.7604E-02
  2.7394E+02  2.8310E-01  8.7670E-02
  2.7425E+02  2.8300E-01  8.7736E-02
  2.7456E+02  2.8290E-01  8.7801E-02
  2.7487E+02  2.8280E-01  8.7867E-02
  2.7518E+02  2.8270E-01  8.7933E-02
  2.7550E+02  2.8259E-01  8.7998E-02
  2.7581E+02  2.8249E-01  8.8064E-02
  2.7612E+02  2.8239E-01  8.8129E-02
  2.7643E+02  2.8229E-01  8.8194E-02
  2.7674E+02  2.8219E-01  8.8260E-02
  2.7706E+02  2.8209E-01  8.8325E-02
  2.7737E+02  2.8199E-01  8.8390E-02
  2.7768E+02  2.8188E-01  8.8455E-02
  2.7799E+02  2.8178E-01  8.8519E-02
  2.7830E+02  2.8168E-01  8.8584E-02
  2.7862E+02  2.8158E-01  8.8649E-02
  2.7893E+02  2.8148E-01  8.8714E-02
  2.7924E+02  2.8138E-01  8.8779E-02
  2.7955E+02  2.8128E-01  8.8844E-02
  2.7986E+02  2.8118E-01  8.8908E-02
  2.8018E+02  2.8108E-01  8.8973E-02
  2.8049E+02  2.8097E-01  8.9038E-02
  2.8080E+02  2.8087E-01  8.9102E-02
  2.8111E+02  2.8077E-01  8.9167E-02
  2.8142E+02  2.8067E-01  8.9231E-02
  2.8174E+02  2.8057E-01  8.9295E-02
  2.8205E+02  2.8047E-01  8.9360E-02
  2.8236E+02  2.8037E-01  8.9424E-02
  2.8267E+02  2.8027E-01  8.9488E-02
  2.8298E+02  2.8017E-01  8.9552E-02
  2.8330E+02  2.8007E-01  8.9616E-02
  2.8361E+02  2.7997E-01  8.9680E-02
  2.8392E+02  2.7986E-01  8.9743E-02
  2.8423E+02  2.7976E-01  8.9807E-02
  2.8454E+02  2.7966E-01  8.9871E-02
  2.8486E+02  2.7956E-01  8.9934E-02
  2.8517E+02  2.7946E-01  8.9998E-02
  2.8548E+02  2.7936E-01  9.0061E-02
  2.8579E+02  2.7926E-01  9.0125E-02
  2.8610E+02  2.7916E-01  9.0188E-02
  2.8642E+02  2.7906E-01  9.0252E-02
  2.8673E+02  2.7896E-01  9.0315E-02
  2.8704E+02  2.7886E-01  9.0378E-02
  2.8735E+02  2.7875E-01  9.0441E-02
  2.8766E+02  2.7865E-01  9.0504E-02
  2.8798E+02  2.7855E-01  9.0568E-02
  2.8829E+02  2.7845E-01  9.0630E-02
  2.8860E+02  2.7835E-01  9.0693E-02
  2.8891E+02  2.7825E-01  9.0756E-02
  2.8922E+02  2.7815E-01  9.0819E-02
  2.8954E+02  2.7805E-01  9.0882E-02
  2.8985E+02  2.7795E-01  9.0944E-02
  2.9016E+02  2.7785E-01  9.1007E-02
  2.9047E+02  2.7775E-01  9.1070E-02
  2.9078E+02  2.7765E-01  9.1132E-02
  2.9110E+02  2.7755E-01  9.1194E-02
  2.9141E+02  2.7744E-01  9.1257E-02
  2.9172E+02  2.7734E-01  9.1319E-02
  2.9203E+02  2.7724E-01  9.1381E-02
  2.9234E+02  2.7714E-01  9.1444E-02
  2.9266E+02  2.7704E-01  9.1506E-02
  2.9297E+02  2.7694E-01  9.1568E-02
  2.9328E+02  2.7684E-01  9.1630E-02
  2.9359E+02  2.7674E-01  9.1692E-02
  2.9390E+02  2.7664E-01  9.1754E-02
  2.9422E+02  2.7654E-01  9.1815E-02
  2.9453E+02  2.7644E-01  9.1877E-02
  2.9484E+02  2.7634E-01  9.1939E-02
  2.9515E+02  2.7624E-01  9.2001E-02
  2.9546E+02  2.7614E-01  9.2062E-02
  2.9578E+02  2.7604E-01  9.2124E-02
  2.9609E+02  2.7594E-01  9.2185E-02
  2.9640E+02  2.7583E-01  9.2247E-02
  2.9671E+02  2.7573E-01  9.2308E-02
  2.9702E+02  2.7563E-01  9.2370E-02
  2.9734E+02  2.7553E-01  9.2431E-02
  2.9765E+02  2.7543E-01  9.2492E-02
  2.9796E+02  2.7533E-01  9.2554E-02
  2.9827E+02  2.7523E-01  9.2615E-02
  2.9858E+02  2.7513E-01  9.2676E-02
  2.9890E+02  2.7503E-01  9.2737E-02
  2.9921E+02  2.7493E-01  9.2798E-02
  2.9952E+02  2.7483E-01  9.2859E-02
  2.9983E+02  2.7473E-01  9.2920E-02
  3.0014E+02  2.7463E-01  9.2981E-02
  3.0046E+02  2.7453E-01  9.3041E-02
  3.0077E+02  2.7443E-01  9.3102E-02
  3.0108E+02  2.7433E-01  9.3163E-02
  3.0139E+02  2.7423E-01  9.3223E-02
  3.0170E+02  2.7413E-01  9.3284E-02
  3.0202E+02  2.7403E-01  9.3345E-02
  3.0233E+02  2.7393E-01  9.3405E-02
  3.0264E+02  2.7383E-01  9.3466E-02
  3.0295E+02  2.7373E-01  9.3526E-02
  3.0326E+02  2.7363E-01  9.3586E-02
  3.0358E+02  2.7353E-01  9.3646E-02
  3.0389E+02  2.7343E-01  9.3707E-02
  3.0420E+02  2.7333E-01  9.3767E-02
  3.0451E+02  2.7323E-01  9.3827E-02
  3.0482E+02  2.7313E-01  9.3887E-02
  3.0514E+02  2.7303E-01  9.3947E-02
  3.0545E+02  2.7293E-01  9.4007E-02
  3.0576E+02  2.7283E-01  9.4067E-02
  3.0607E+02  2.7273E-01  9.4127E-02
  3.0638E+02  2.7263E-01  9.4186E-02
  3.0670E+02  2.7253E-01  9.4246E-02
  3.0701E+02  2.7243E-01  9.4306E-02
  3.0732E+02  2.7233E-01  9.4365E-02
  3.0763E+02  2.7223E-01  9.4425E-02
  3.0794E+02  2.7213E-01  9.4484E-02
  3.0826E+02  2.7203E-01  9.4543E-02
  3.0857E+02  2.7193E-01  9.4603E-02
  3.0888E+02  2.7183E-01  9.4662E-02
  3.0919E+02  2.7173E-01  9.4721E-02
  3.0950E+02  2.7163E-01  9.4780E-02
  3.0982E+02  2.7153E-01  9.4839E-02
  3.1013E+02  2.7143E-01  9.4898E-02
  3.1044E+02  2.7133E-01  9.4957E-02
  3.1075E+02  2.7123E-01  9.5016E-02
  3.1106E+02  2.7113E-01  9.5075E-02
  3.1138E+02  2.7103E-01  9.5134E-02
  3.1169E+02  2.7093E-01  9.5193E-02
  3.1200E+02  2.7083E-01  9.5251E-02
  3.1231E+02  2.7073E-01  9.5310E-02
  3.1262E+02  2.7063E-01  9.5369E-02
  3.1294E+02  2.7053E-01  9.5427E-02
  3.1325E+02  2.7043E-01  9.5485E-02
  3.1356E+02  2.7033E-01  9.5544E-02
  3.1387E+02  2.7024E-01  9.5602E-02
  3.1418E+02  2.7014E-01  9.5660E-02
  3.1450E+02  2.7004E-01  9.5719E-02
  3.1481E+02  2.6994E-01  9.5777E-02
  3.1512E+02  2.6984E-01  9.5835E-02
  3.1543E+02  2.6974E-01  9.5893E-02
  3.1574E+02  2.6964E-01  9.5951E-02
  3.1606E+02  2.6954E-01  9.6009E-02
  3.1637E+02  2.6944E-01  9.6067E-02
  3.1668E+02  2.6934E-01  9.6125E-02
  3.1699E+02  2.6924E-01  9.6183E-02
  3.1730E+02  2.6914E-01  9.6240E-02
  3.1762E+02  2.6904E-01  9.6298E-02
  3.1793E+02  2.6894E-01  9.6356E-02
  3.1824E+02  2.6885E-01  9.6413E-02
  3.1855E+02  2.6875E-01  9.6471E-02
  3.1886E+02  2.6865E-01  9.6528E-02
  3.1918E+02  2.6855E-01  9.6586E-02
  3.1949E+02  2.6845E-01  9.6643E-02
  3.1980E+02  2.6835E-01  9.6700E-02
  3.2011E+02  2.6825E-01  9.6757E-02
  3.2042E+02  2.6815E-01  9.6815E-02
  3.2074E+02  2.6805E-01  9.6872E-02
  3.2105E+02  2.6795E-01  9.6929E-02
  3.2136E+02  2.6786E-01  9.6986E-02
  3.2167E+02  2.6776E-01  9.7043E-02
  3.2198E+02  2.6766E-01  9.7100E-02
  3.2230E+02  2.6756E-01  9.7156E-02
  3.2261E+02  2.6746E-01  9.7213E-02
  3.2292E+02  2.6736E-01  9.7270E-02
  3.2323E+02  2.6726E-01  9.7327E-02
  3.2354E+02  2.6716E-01  9.7383E-02
  3.2386E+02  2.6706E-01  9.7440E-02
  3.2417E+02  2.6697E-01  9.7496E-02
  3.2448E+02  2.6687E-01  9.7553E-02
  3.2479E+02  2.6677E-01  9.7609E-02
  3.2510E+02  2.6667E-01  9.7665E-02
  3.2542E+02  2.6657E-01  9.7721E-02
  3.2573E+02  2.6647E-01  9.7778E-02
  3.2604E+02  2.6637E-01  9.7834E-02
  3.2635E+02  2.6628E-01  9.7890E-02
  3.2666E+02  2.6618E-01  9.7946E-02
  3.2698E+02  2.6608E-01  9.8002E-02
  3.2729E+02  2.6598E-01  9.8058E-02
  3.2760E+02  2.6588E-01  9.8114E-02
  3.2791E+02  2.6578E-01  9.8170E-02
  3.2822E+02  2.6568E-01  9.8225E-02
  3.2854E+02  2.6559E-01  9.8281E-02
  3.2885E+02  2.6549E-01  9.8337E-02
  3.2916E+02  2.6539E-01  9.8393E-02
  3.2947E+02  2.6529E-01  9.8448E-02
  3.2978E+02  2.6519E-01  9.8504E-02
  3.3010E+02  2.6509E-01  9.8559E-02
  3.3041E+02  2.6500E-01  9.8614E-02
  3.3072E+02  2.6490E-01  9.8670E-02
  3.3103E+02  2.6480E-01  9.8725E-02
  3.3134E+02  2.6470E-01  9.8780E-02
  3.3166E+02  2.6460E-01  9.8835E-02
  3.3197E+02  2.6450E-01  9.8890E-02
  3.3228E+02  2.6441E-01  9.8945E-02
  3.3259E+02  2.6431E-01  9.9000E-02
  3.3290E+02  2.6421E-01  9.9055E-02
  3.3322E+02  2.6411E-01  9.9110E-02
  3.3353E+02  2.6401E-01  9.9165E-02
  3.3384E+02  2.6391E-01  9.9220E-02
  3.3415E+02  2.6382E-01  9.9274E-02
  3.3446E+02  2.6372E-01  9.9329E-02
  3.3478E+02  2.6362E-01  9.9384E-02
  3.3509E+02  2.6352E-01  9.9438E-02
  3.3540E+02  2.6342E-01  9.9493E-02
  3.3571E+02  2.6333E-01  9.9547E-02
  3.3602E+02  2.6323E-01  9.9601E-02
  3.3634E+02  2.6313E-01  9.9656E-02
  3.3665E+02  2.6303E-01  9.9710E-02
  3.3696E+02  2.6293E-01  9.9764E-02
  3.3727E+02  2.6284E-01  9.9818E-02
  3.3758E+02  2.6274E-01  9.9872E-02
  3.3790E+02  2.6264E-01  9.9926E-02
  3.3821E+02  2.6254E-01  9.9980E-02
  3.3852E+02  2.6244E-01  1.0003E-01
  3.3883E+02  2.6234E-01  1.0009E-01
  3.3914E+02  2.6225E-01  1.0014E-01
  3.3946E+02  2.6215E-01  1.0020E-01
  3.3977E+02  2.6205E-01  1.0025E-01
  3.4008E+02  2.6195E-01  1.0030E-01
  3.4039E+02  2.6185E-01  1.0036E-01
  3.4070E+02  2.6176E-01  1.0041E-01
  3.4102E+02  2.6166E-01  1.0046E-01
  3.4133E+02  2.6156E-01  1.0052E-01
  3.4164E+02  2.6146E-01  1.0057E-01
  3.4195E+02  2.6136E-01  1.0062E-01
  3.4226E+02  2.6127E-01  1.0068E-01
  3.4258E+02  2.6117E-01  1.0073E-01
  3.4289E+02  2.6107E-01  1.0078E-01
  3.4320E+02  2.6097E-01  1.0083E-01
  3.4351E+02  2.6088E-01  1.0089E-01
  3.4382E+02  2.6078E-01  1.0094E-01
  3.4414E+02  2.6068E-01  1.0099E-01
  3.4445E+02  2.6058E-01  1.0105E-01
  3.4476E+02  2.6048E-01  1.0110E-01
  3.4507E+02  2.6039E-01  1.0115E-01
  3.4538E+02  2.6029E-01  1.0120E-01
  3.4570E+02  2.6019E-01  1.0126E-01
  3.4601E+02  2.6009E-01  1.0131E-01
  3.4632E+02  2.5999E-01  1.0136E-01
  3.4663E+02  2.5990E-01  1.0141E-01
  3.4694E+02  2.5980E-01  1.0147E-01
  3.4726E+02  2.5970E-01  1.0152E-01
  3.4757E+02  2.5960E-01  1.0157E-01
  3.4788E+02  2.5951E-01  1.0162E-01
  3.4819E+02  2.5941E-01  1.0167E-01
  3.4850E+02  2.5931E-01  1.0173E-01
  3.4882E+02  2.5921E-01  1.0178E-01
  3.4913E+02  2.5911E-01  1.0183E-01
  3.4944E+02  2.5902E-01  1.0188E-01
  3.4975E+02  2.5892E-01  1.0193E-01
  3.5006E+02  2.5882E-01  1.0198E-01
  3.5038E+02  2.5872E-01  1.0204E-01
  3.5069E+02  2.5862E-01  1.0209E-01
  3.5100E+02  2.5853E-01  1.0214E-01
  3.5131E+02  2.5843E-01  1.0219E-01
  3.5162E+02  2.5833E-01  1.0224E-01
  3.5194E+02  2.5823E-01  1.0229E-01
  3.5225E+02  2.5814E-01  1.0234E-01
  3.5256E+02  2.5804E-01  1.0240E-01
  3.5287E+02  2.5794E-01  1.0245E-01
  3.5318E+02  2.5784E-01  1.0250E-01
  3.5350E+02  2.5774E-01  1.0255E-01
  3.5381E+02  2.5765E-01  1.0260E-01
  3.5412E+02  2.5755E-01  1.0265E-01
  3.5443E+02  2.5745E-01  1.0270E-01
  3.5474E+02  2.5735E-01  1.0275E-01
  3.5506E+02  2.5726E-01  1.0280E-01
  3.5537E+02  2.5716E-01  1.0285E-01
  3.5568E+02  2.5706E-01  1.0290E-01
  3.5599E+02  2.5696E-01  1.0296E-01
  3.5630E+02  2.5686E-01  1.0301E-01
  3.5662E+02  2.5677E-01  1.0306E-01
  3.5693E+02  2.5667E-01  1.0311E-01
  3.5724E+02  2.5657E-01  1.0316E-01
  3.5755E+02  2.5647E-01  1.0321E-01
  3.5786E+02  2.5638E-01  1.0326E-01
  3.5818E+02  2.5628E-01  1.0331E-01
  3.5849E+02  2.5618E-01  1.0336E-01
  3.5880E+02  2.5608E-01  1.0341E-01
  3.5911E+02  2.5599E-01  1.0346E-01
  3.5942E+02  2.5589E-01  1.0351E-01
  3.5974E+02  2.5579E-01  1.0356E-01
  3.6005E+02  2.5569E-01  1.0361E-01
  3.6036E+02  2.5559E-01  1.0366E-01
  3.6067E+02  2.5550E-01  1.0371E-01
  3.6098E+02  2.5540E-01  1.0376E-01
  3.6130E+02  2.5530E-01  1.0381E-01
  3.6161E+02  2.5520E-01  1.0385E-01
  3.6192E+02  2.5511E-01  1.0390E-01
  3.6223E+02  2.5501E-01  1.0395E-01
  3.6254E+02  2.5491E-01  1.0400E-01
  3.6286E+02  2.5481E-01  1.0405E-01
  3.6317E+02  2.5472E-01  1.0410E-01
  3.6348E+02  2.5462E-01  1.0415E-01
  3.6379E+02  2.5452E-01  1.0420E-01
  3.6410E+02  2.5442E-01  1.0425E-01
  3.6442E+02  2.5433E-01  1.0430E-01
  3.6473E+02  2.5423E-01  1.0435E-01
  3.6504E+02  2.5413E-01  1.0440E-01
  3.6535E+02  2.5403E-01  1.0444E-01
  3.6566E+02  2.5393E-01  1.0449E-01
  3.6598E+02  2.5384E-01  1.0454E-01
  3.6629E+02  2.5374E-01  1.0459E-01
  3.6660E+02  2.5364E-01  1.0464E-01
  3.6691E+02  2.5354E-01  1.0469E-01
  3.6722E+02  2.5345E-01  1.0474E-01
  3.6754E+02  2.5335E-01  1.0478E-01
  3.6785E+02  2.5325E-01  1.0483E-01
  3.6816E+02  2.5316E-01  1.0488E-01
  3.6847E+02  2.5306E-01  1.0493E-01
  3.6878E+02  2.5296E-01  1.0498E-01
  3.6910E+02  2.5286E-01  1.0503E-01
  3.6941E+02  2.5277E-01  1.0507E-01
  3.6972E+02  2.5267E-01  1.0512E-01
  3.7003E+02  2.5257E-01  1.0517E-01
  3.7034E+02  2.5247E-01  1.0522E-01
  3.7066E+02  2.5238E-01  1.0527E-01
  3.7097E+02  2.5228E-01  1.0531E-01
  3.7128E+02  2.5218E-01  1.0536E-01
  3.7159E+02  2.5208E-01  1.0541E-01
  3.7190E+02  2.5199E-01  1.0546E-01
  3.7222E+02  2.5189E-01  1.0551E-01
  3.7253E+02  2.5179E-01  1.0555E-01
  3.7284E+02  2.5170E-01  1.0560E-01
  3.7315E+02  2.5160E-01  1.0565E-01
  3.7346E+02  2.5150E-01  1.0570E-01
  3.7378E+02  2.5140E-01  1.0574E-01
  3.7409E+02  2.5131E-01  1.0579E-01
  3.7440E+02  2.5121E-01  1.0584E-01
  3.7471E+02  2.5111E-01  1.0588E-01
  3.7502E+02  2.5102E-01  1.0593E-01
  3.7534E+02  2.5092E-01  1.0598E-01
  3.7565E+02  2.5082E-01  1.0603E-01
  3.7596E+02  2.5072E-01  1.0607E-01
  3.7627E+02  2.5063E-01  1.0612E-01
  3.7658E+02  2.5053E-01  1.0617E-01
  3.7690E+02  2.5043E-01  1.0621E-01
  3.7721E+02  2.5034E-01  1.0626E-01
  3.7752E+02  2.5024E-01  1.0631E-01
  3.7783E+02  2.5014E-01  1.0635E-01
  3.7814E+02  2.5004E-01  1.0640E-01
  3.7846E+02  2.4995E-01  1.0645E-01
  3.7877E+02  2.4985E-01  1.0649E-01
  3.7908E+02  2.4975E-01  1.0654E-01
  3.7939E+02  2.4966E-01  1.0659E-01
  3.7970E+02  2.4956E-01  1.0663E-01
  3.8002E+02  2.4946E-01  1.0668E-01
  3.8033E+02  2.4937E-01  1.0673E-01
  3.8064E+02  2.4927E-01  1.0677E-01
  3.8095E+02  2.4917E-01  1.0682E-01
  3.8126E+02  2.4908E-01  1.0687E-01
  3.8158E+02  2.4898E-01  1.0691E-01
  3.8189E+02  2.4888E-01  1.0696E-01
  3.8220E+02  2.4879E-01  1.0700E-01
  3.8251E+02  2.4869E-01  1.0705E-01
  3.8282E+02  2.4859E-01  1.0710E-01
  3.8314E+02  2.4850E-01  1.0714E-01
  3.8345E+02  2.4840E-01  1.0719E-01
  3.8376E+02  2.4830E-01  1.0723E-01
  3.8407E+02  2.4821E-01  1.0728E-01
  3.8438E+02  2.4811E-01  1.0732E-01
  3.8470E+02  2.4801E-01  1.0737E-01
  3.8501E+02  2.4792E-01  1.0742E-01
  3.8532E+02  2.4782E-01  1.0746E-01
  3.8563E+02  2.4772E-01  1.0751E-01
  3.8594E+02  2.4763E-01  1.0755E-01
  3.8626E+02  2.4753E-01  1.0760E-01
  3.8657E+02  2.4744E-01  1.0764E-01
  3.8688E+02  2.4734E-01  1.0769E-01
  3.8719E+02  2.4724E-01  1.0773E-01
  3.8750E+02  2.4715E-01  1.0778E-01
  3.8782E+02  2.4705E-01  1.0782E-01
  3.8813E+02  2.4695E-01  1.0787E-01
  3.8844E+02  2.4686E-01  1.0791E-01
  3.8875E+02  2.4676E-01  1.0796E-01
  3.8906E+02  2.4666E-01  1.0800E-01
  3.8938E+02  2.4657E-01  1.0805E-01
  3.8969E+02  2.4647E-01  1.0809E-01
  3.9000E+02  2.4638E-01  1.0814E-01
  3.9031E+02  2.4628E-01  1.0818E-01
  3.9062E+02  2.4618E-01  1.0823E-01
  3.9094E+02  2.4609E-01  1.0827E-01
  3.9125E+02  2.4599E-01  1.0832E-01
  3.9156E+02  2.4590E-01  1.0836E-01
  3.9187E+02  2.4580E-01  1.0841E-01
  3.9218E+02  2.4570E-01  1.0845E-01
  3.9250E+02  2.4561E-01  1.0849E-01
  3.9281E+02  2.4551E-01  1.0854E-01
  3.9312E+02  2.4542E-01  1.0858E-01
  3.9343E+02  2.4532E-01  1.0863E-01
  3.9374E+02  2.4522E-01  1.0867E-01
  3.9406E+02  2.4513E-01  1.0872E-01
  3.9437E+02  2.4503E-01  1.0876E-01
  3.9468E+02  2.4494E-01  1.0880E-01
  3.9499E+02  2.4484E-01  1.0885E-01
  3.9530E+02  2.4474E-01  1.0889E-01
  3.9562E+02  2.4465E-01  1.0894E-01
  3.9593E+02  2.4455E-01  1.0898E-01
  3.9624E+02  2.4446E-01  1.0902E-01
  3.9655E+02  2.4436E-01  1.0907E-01
  3.9686E+02  2.4427E-01  1.0911E-01
  3.9718E+02  2.4417E-01  1.0915E-01
  3.9749E+02  2.4407E-01  1.0920E-01
  3.9780E+02  2.4398E-01  1.0924E-01
  3.9811E+02  2.4388E-01  1.0928E-01
  3.9842E+02  2.4379E-01  1.0933E-01
  3.9874E+02  2.4369E-01  1.0937E-01
  3.9905E+02  2.4360E-01  1.0941E-01
  3.9936E+02  2.4350E-01  1.0946E-01
  3.9967E+02  2.4340E-01  1.0950E-01
  3.9998E+02  2.4331E-01  1.0954E-01
  4.0030E+02  2.4321E-01  1.0959E-01
  4.0061E+02  2.4312E-01  1.0963E-01
  4.0092E+02  2.4302E-01  1.0967E-01
  4.0123E+02  2.4293E-01  1.0972E-01
  4.0154E+02  2.4283E-01  1.0976E-01
  4.0186E+02  2.4274E-01  1.0980E-01
  4.0217E+02  2.4264E-01  1.0985E-01
  4.0248E+02  2.4255E-01  1.0989E-01
  4.0279E+02  2.4245E-01  1.0993E-01
  4.0310E+02  2.4235E-01  1.0997E-01
  4.0342E+02  2.4226E-01  1.1002E-01
  4.0373E+02  2.4216E-01  1.1006E-01
  4.0404E+02  2.4207E-01  1.1010E-01
  4.0435E+02  2.4197E-01  1.1014E-01
  4.0466E+02  2.4188E-01  1.1019E-01
  4.0498E+02  2.4178E-01  1.1023E-01
  4.0529E+02  2.4169E-01  1.1027E-01
  4.0560E+02  2.4159E-01  1.1031E-01
  4.0591E+02  2.4150E-01  1.1036E-01
  4.0622E+02  2.4140E-01  1.1040E-01
  4.0654E+02  2.4131E-01  1.1044E-01
  4.0685E+02  2.4121E-01  1.1048E-01
  4.0716E+02  2.4112E-01  1.1052E-01
  4.0747E+02  2.4102E-01  1.1057E-01
  4.0778E+02  2.4093E-01  1.1061E-01
  4.0810E+02  2.4083E-01  1.1065E-01
  4.0841E+02  2.4074E-01  1.1069E-01
  4.0872E+02  2.4064E-01  1.1073E-01
  4.0903E+02  2.4055E-01  1.1077E-01
  4.0934E+02  2.4045E-01  1.1082E-01
  4.0966E+02  2.4036E-01  1.1086E-01
  4.0997E+02  2.4026E-01  1.1090E-01
  4.1028E+02  2.4017E-01  1.1094E-01
  4.1059E+02  2.4007E-01  1.1098E-01
  4.1090E+02  2.3998E-01  1.1102E-01
  4.1122E+02  2.3988E-01  1.1106E-01
  4.1153E+02  2.3979E-01  1.1111E-01
  4.1184E+02  2.3969E-01  1.1115E-01
  4.1215E+02  2.3960E-01  1.1119E-01
  4.1246E+02  2.3950E-01  1.1123E-01
  4.1278E+02  2.3941E-01  1.1127E-01
  4.1309E+02  2.3931E-01  1.1131E-01
  4.1340E+02  2.3922E-01  1.1135E-01
  4.1371E+02  2.3912E-01  1.1139E-01
  4.1402E+02  2.3903E-01  1.1143E-01
  4.1434E+02  2.3893E-01  1.1148E-01
  4.1465E+02  2.3884E-01  1.1152E-01
  4.1496E+02  2.3874E-01  1.1156E-01
  4.1527E+02  2.3865E-01  1.1160E-01
  4.1558E+02  2.3855E-01  1.1164E-01
  4.1590E+02  2.3846E-01  1.1168E-01
  4.1621E+02  2.3836E-01  1.1172E-01
  4.1652E+02  2.3827E-01  1.1176E-01
  4.1683E+02  2.3818E-01  1.1180E-01
  4.1714E+02  2.3808E-01  1.1184E-01
  4.1746E+02  2.3799E-01  1.1188E-01
  4.1777E+02  2.3789E-01  1.1192E-01
  4.1808E+02  2.3780E-01  1.1196E-01
  4.1839E+02  2.3770E-01  1.1200E-01
  4.1870E+02  2.3761E-01  1.1204E-01
  4.1902E+02  2.3751E-01  1.1208E-01
  4.1933E+02  2.3742E-01  1.1212E-01
  4.1964E+02  2.3732E-01  1.1216E-01
  4.1995E+02  2.3723E-01  1.1220E-01
  4.2026E+02  2.3714E-01  1.1224E-01
  4.2058E+02  2.3704E-01  1.1228E-01
  4.2089E+02  2.3695E-01  1.1232E-01
  4.2120E+02  2.3685E-01  1.1236E-01
  4.2151E+02  2.3676E-01  1.1240E-01
  4.2182E+02  2.3666E-01  1.1244E-01
  4.2214E+02  2.3657E-01  1.1248E-01
  4.2245E+02  2.3647E-01  1.1252E-01
  4.2276E+02  2.3638E-01  1.1256E-01
  4.2307E+02  2.3629E-01  1.1260E-01
  4.2338E+02  2.3619E-01  1.1264E-01
  4.2370E+02  2.3610E-01  1.1268E-01
  4.2401E+02  2.3600E-01  1.1272E-01
  4.2432E+02  2.3591E-01  1.1276E-01
  4.2463E+02  2.3581E-01  1.1280E-01
  4.2494E+02  2.3572E-01  1.1284E-01
  4.2526E+02  2.3563E-01  1.1287E-01
  4.2557E+02  2.3553E-01  1.1291E-01
  4.2588E+02  2.3544E-01  1.1295E-01
  4.2619E+02  2.3534E-01  1.1299E-01
  4.2650E+02  2.3525E-01  1.1303E-01
  4.2682E+02  2.3516E-01  1.1307E-01
  4.2713E+02  2.3506E-01  1.1311E-01
  4.2744E+02  2.3497E-01  1.1315E-01
  4.2775E+02  2.3487E-01  1.1319E-01
  4.2806E+02  2.3478E-01  1.1322E-01
  4.2838E+02  2.3469E-01  1.1326E-01
  4.2869E+02  2.3459E-01  1.1330E-01
  4.2900E+02  2.3450E-01  1.1334E-01
  4.2931E+02  2.3440E-01  1.1338E-01
  4.2962E+02  2.3431E-01  1.1342E-01
  4.2994E+02  2.3422E-01  1.1346E-01
  4.3025E+02  2.3412E-01  1.1349E-01
  4.3056E+02  2.3403E-01  1.1353E-01
  4.3087E+02  2.3393E-01  1.1357E-01
  4.3118E+02  2.3384E-01  1.1361E-01
  4.3150E+02  2.3375E-01  1.1365E-01
  4.3181E+02  2.3365E-01  1.1369E-01
  4.3212E+02  2.3356E-01  1.1372E-01
  4.3243E+02  2.3346E-01  1.1376E-01
  4.3274E+02  2.3337E-01  1.1380E-01
  4.3306E+02  2.3328E-01  1.1384E-01
  4.3337E+02  2.3318E-01  1.1388E-01
  4.3368E+02  2.3309E-01  1.1391E-01
  4.3399E+02  2.3300E-01  1.1395E-01
  4.3430E+02  2.3290E-01  1.1399E-01
  4.3462E+02  2.3281E-01  1.1403E-01
  4.3493E+02  2.3272E-01  1.1406E-01
  4.3524E+02  2.3262E-01  1.1410E-01
  4.3555E+02  2.3253E-01  1.1414E-01
  4.3586E+02  2.3243E-01  1.1418E-01
  4.3618E+02  2.3234E-01  1.1421E-01
  4.3649E+02  2.3225E-01  1.1425E-01
  4.3680E+02  2.3215E-01  1.1429E-01
  4.3711E+02  2.3206E-01  1.1433E-01
  4.3742E+02  2.3197E-01  1.1436E-01
  4.3774E+02  2.3187E-01  1.1440E-01
  4.3805E+02  2.3178E-01  1.1444E-01
  4.3836E+02  2.3169E-01  1.1447E-01
  4.3867E+02  2.3159E-01  1.1451E-01
  4.3898E+02  2.3150E-01  1.1455E-01
  4.3930E+02  2.3141E-01  1.1459E-01
  4.3961E+02  2.3131E-01  1.1462E-01
  4.3992E+02  2.3122E-01  1.1466E-01
  4.4023E+02  2.3113E-01  1.1470E-01
  4.4054E+02  2.3103E-01  1.1473E-01
  4.4086E+02  2.3094E-01  1.1477E-01
  4.4117E+02  2.3085E-01  1.1481E-01
  4.4148E+02  2.3075E-01  1.1484E-01
  4.4179E+02  2.3066E-01  1.1488E-01
  4.4210E+02  2.3057E-01  1.1492E-01
  4.4242E+02  2.3047E-01  1.1495E-01
  4.4273E+02  2.3038E-01  1.1499E-01
  4.4304E+02  2.3029E-01  1.1503E-01
  4.4335E+02  2.3019E-01  1.1506E-01
  4.4366E+02  2.3010E-01  1.1510E-01
  4.4398E+02  2.3001E-01  1.1513E-01
  4.4429E+02  2.2991E-01  1.1517E-01
  4.4460E+02  2.2982E-01  1.1521E-01
  4.4491E+02  2.2973E-01  1.1524E-01
  4.4522E+02  2.2963E-01  1.1528E-01
  4.4554E+02  2.2954E-01  1.1531E-01
  4.4585E+02  2.2945E-01  1.1535E-01
  4.4616E+02  2.2935E-01  1.1539E-01
  4.4647E+02  2.2926E-01  1.1542E-01
  4.4678E+02  2.2917E-01  1.1546E-01
  4.4710E+02  2.2908E-01  1.1549E-01
  4.4741E+02  2.2898E-01  1.1553E-01
  4.4772E+02  2.2889E-01  1.1557E-01
  4.4803E+02  2.2880E-01  1.1560E-01
  4.4834E+02  2.2870E-01  1.1564E-01
  4.4866E+02  2.2861E-01  1.1567E-01
  4.4897E+02  2.2852E-01  1.1571E-01
  4.4928E+02  2.2842E-01  1.1574E-01
  4.4959E+02  2.2833E-01  1.1578E-01
  4.4990E+02  2.2824E-01  1.1581E-01
  4.5022E+02  2.2815E-01  1.1585E-01
  4.5053E+02  2.2805E-01  1.1588E-01
  4.5084E+02  2.2796E-01  1.1592E-01
  4.5115E+02  2.2787E-01  1.1595E-01
  4.5146E+02  2.2777E-01  1.1599E-01
  4.5178E+02  2.2768E-01  1.1602E-01
  4.5209E+02  2.2759E-01  1.1606E-01
  4.5240E+02  2.2750E-01  1.1609E-01
  4.5271E+02  2.2740E-01  1.1613E-01
  4.5302E+02  2.2731E-01  1.1616E-01
  4.5334E+02  2.2722E-01  1.1620E-01
  4.5365E+02  2.2713E-01  1.1623E-01
  4.5396E+02  2.2703E-01  1.1627E-01
  4.5427E+02  2.2694E-01  1.1630E-01
  4.5458E+02  2.2685E-01  1.1634E-01
  4.5490E+02  2.2676E-01  1.1637E-01
  4.5521E+02  2.2666E-01  1.1641E-01
  4.5552E+02  2.2657E-01  1.1644E-01
  4.5583E+02  2.2648E-01  1.1648E-01
  4.5614E+02  2.2639E-01  1.1651E-01
  4.5646E+02  2.2629E-01  1.1654E-01
  4.5677E+02  2.2620E-01  1.1658E-01
  4.5708E+02  2.2611E-01  1.1661E-01
  4.5739E+02  2.2602E-01  1.1665E-01
  4.5770E+02  2.2592E-01  1.1668E-01
  4.5802E+02  2.2583E-01  1.1672E-01
  4.5833E+02  2.2574E-01  1.1675E-01
  4.5864E+02  2.2565E-01  1.1678E-01
  4.5895E+02  2.2555E-01  1.1682E-01
  4.5926E+02  2.2546E-01  1.1685E-01
  4.5958E+02  2.2537E-01  1.1689E-01
  4.5989E+02  2.2528E-01  1.1692E-01
  4.6020E+02  2.2518E-01  1.1695E-01
  4.6051E+02  2.2509E-01  1.1699E-01
  4.6082E+02  2.2500E-01  1.1702E-01
  4.6114E+02  2.2491E-01  1.1705E-01
  4.6145E+02  2.2482E-01  1.1709E-01
  4.6176E+02  2.2472E-01  1.1712E-01
  4.6207E+02  2.2463E-01  1.1716E-01
  4.6238E+02  2.2454E-01  1.1719E-01
  4.6270E+02  2.2445E-01  1.1722E-01
  4.6301E+02  2.2435E-01  1.1726E-01
  4.6332E+02  2.2426E-01  1.1729E-01
  4.6363E+02  2.2417E-01  1.1732E-01
  4.6394E+02  2.2408E-01  1.1736E-01
  4.6426E+02  2.2399E-01  1.1739E-01
  4.6457E+02  2.2389E-01  1.1742E-01
  4.6488E+02  2.2380E-01  1.1745E-01
  4.6519E+02  2.2371E-01  1.1749E-01
  4.6550E+02  2.2362E-01  1.1752E-01
  4.6582E+02  2.2353E-01  1.1755E-01
  4.6613E+02  2.2343E-01  1.1759E-01
  4.6644E+02  2.2334E-01  1.1762E-01
  4.6675E+02  2.2325E-01  1.1765E-01
  4.6706E+02  2.2316E-01  1.1769E-01
  4.6738E+02  2.2307E-01  1.1772E-01
  4.6769E+02  2.2298E-01  1.1775E-01
  4.6800E+02  2.2288E-01  1.1778E-01
  4.6831E+02  2.2279E-01  1.1782E-01
  4.6862E+02  2.2270E-01  1.1785E-01
  4.6894E+02  2.2261E-01  1.1788E-01
  4.6925E+02  2.2252E-01  1.1791E-01
  4.6956E+02  2.2242E-01  1.1795E-01
  4.6987E+02  2.2233E-01  1.1798E-01
  4.7018E+02  2.2224E-01  1.1801E-01
  4.7050E+02  2.2215E-01  1.1804E-01
  4.7081E+02  2.2206E-01  1.1807E-01
  4.7112E+02  2.2197E-01  1.1811E-01
  4.7143E+02  2.2187E-01  1.1814E-01
  4.7174E+02  2.2178E-01  1.1817E-01
  4.7206E+02  2.2169E-01  1.1820E-01
  4.7237E+02  2.2160E-01  1.1824E-01
  4.7268E+02  2.2151E-01  1.1827E-01
  4.7299E+02  2.2142E-01  1.1830E-01
  4.7330E+02  2.2133E-01  1.1833E-01
  4.7362E+02  2.2123E-01  1.1836E-01
  4.7393E+02  2.2114E-01  1.1839E-01
  4.7424E+02  2.2105E-01  1.1843E-01
  4.7455E+02  2.2096E-01  1.1846E-01
  4.7486E+02  2.2087E-01  1.1849E-01
  4.7518E+02  2.2078E-01  1.1852E-01
  4.7549E+02  2.2068E-01  1.1855E-01
  4.7580E+02  2.2059E-01  1.1858E-01
  4.7611E+02  2.2050E-01  1.1862E-01
  4.7642E+02  2.2041E-01  1.1865E-01
  4.7674E+02  2.2032E-01  1.1868E-01
  4.7705E+02  2.2023E-01  1.1871E-01
  4.7736E+02  2.2014E-01  1.1874E-01
  4.7767E+02  2.2005E-01  1.1877E-01
  4.7798E+02  2.1995E-01  1.1880E-01
  4.7830E+02  2.1986E-01  1.1883E-01
  4.7861E+02  2.1977E-01  1.1887E-01
  4.7892E+02  2.1968E-01  1.1890E-01
  4.7923E+02  2.1959E-01  1.1893E-01
  4.7954E+02  2.1950E-01  1.1896E-01
  4.7986E+02  2.1941E-01  1.1899E-01
  4.8017E+02  2.1932E-01  1.1902E-01
  4.8048E+02  2.1923E-01  1.1905E-01
  4.8079E+02  2.1913E-01  1.1908E-01
  4.8110E+02  2.1904E-01  1.1911E-01
  4.8142E+02  2.1895E-01  1.1914E-01
  4.8173E+02  2.1886E-01  1.1917E-01
  4.8204E+02  2.1877E-01  1.1920E-01
  4.8235E+02  2.1868E-01  1.1924E-01
  4.8266E+02  2.1859E-01  1.1927E-01
  4.8298E+02  2.1850E-01  1.1930E-01
  4.8329E+02  2.1841E-01  1.1933E-01
  4.8360E+02  2.1832E-01  1.1936E-01
  4.8391E+02  2.1822E-01  1.1939E-01
  4.8422E+02  2.1813E-01  1.1942E-01
  4.8454E+02  2.1804E-01  1.1945E-01
  4.8485E+02  2.1795E-01  1.1948E-01
  4.8516E+02  2.1786E-01  1.1951E-01
  4.8547E+02  2.1777E-01  1.1954E-01
  4.8578E+02  2.1768E-01  1.1957E-01
  4.8610E+02  2.1759E-01  1.1960E-01
  4.8641E+02  2.1750E-01  1.1963E-01
  4.8672E+02  2.1741E-01  1.1966E-01
  4.8703E+02  2.1732E-01  1.1969E-01
  4.8734E+02  2.1723E-01  1.1972E-01
  4.8766E+02  2.1714E-01  1.1975E-01
  4.8797E+02  2.1704E-01  1.1978E-01
  4.8828E+02  2.1695E-01  1.1981E-01
  4.8859E+02  2.1686E-01  1.1984E-01
  4.8890E+02  2.1677E-01  1.1987E-01
  4.8922E+02  2.1668E-01  1.1990E-01
  4.8953E+02  2.1659E-01  1.1993E-01
  4.8984E+02  2.1650E-01  1.1996E-01
  4.9015E+02  2.1641E-01  1.1999E-01
  4.9046E+02  2.1632E-01  1.2001E-01
  4.9078E+02  2.1623E-01  1.2004E-01
  4.9109E+02  2.1614E-01  1.2007E-01
  4.9140E+02  2.1605E-01  1.2010E-01
  4.9171E+02  2.1596E-01  1.2013E-01
  4.9202E+02  2.1587E-01  1.2016E-01
  4.9234E+02  2.1578E-01  1.2019E-01
  4.9265E+02  2.1569E-01  1.2022E-01
  4.9296E+02  2.1560E-01  1.2025E-01
  4.9327E+02  2.1551E-01  1.2028E-01
  4.9358E+02  2.1542E-01  1.2031E-01
  4.9390E+02  2.1533E-01  1.2034E-01
  4.9421E+02  2.1524E-01  1.2036E-01
  4.9452E+02  2.1515E-01  1.2039E-01
  4.9483E+02  2.1506E-01  1.2042E-01
  4.9514E+02  2.1497E-01  1.2045E-01
  4.9546E+02  2.1488E-01  1.2048E-01
  4.9577E+02  2.1479E-01  1.2051E-01
  4.9608E+02  2.1470E-01  1.2054E-01
  4.9639E+02  2.1461E-01  1.2057E-01
  4.9670E+02  2.1451E-01  1.2059E-01
  4.9702E+02  2.1442E-01  1.2062E-01
  4.9733E+02  2.1433E-01  1.2065E-01
  4.9764E+02  2.1424E-01  1.2068E-01
  4.9795E+02  2.1415E-01  1.2071E-01
  4.9826E+02  2.1406E-01  1.2074E-01
  4.9858E+02  2.1398E-01  1.2077E-01
  4.9889E+02  2.1389E-01  1.2079E-01
  4.9920E+02  2.1380E-01  1.2082E-01
  4.9951E+02  2.1371E-01  1.2085E-01
  4.9982E+02  2.1362E-01  1.2088E-01
  5.0000E+02  2.1356E-01  1.2089E-01
