# CREATED BY GENE DIAGNOSTICS TOOL on Mon Jun 25 12:42:56 2018
# diag: GAMDIAG, run(s): 0060, time window: 0-500(1574 steps), species: ions
# original data path: /r/c/cmor/ZF_3rd/w7xhms05/1.5047-2.5/
# normalization: L_ref=5.4832m
#
# xind= 0, x/a= 0.70710677, q= 1.1018624
# Fit:    1.0000001,-0.026996707,10.786621
# Analytic (Gao, Zhou/Yu): 0.32199362,-0.043379046,10.785201
#  t          Re[phi]     Im[phi]   
  0.0000E+00  9.9998E-01  0.0000E+00
  3.1800E-01  9.9345E-01  8.1391E-04
  6.3600E-01  9.7550E-01  1.6001E-03
  9.5400E-01  9.4955E-01  2.3661E-03
  1.2720E+00  9.1897E-01  3.1179E-03
  1.5900E+00  8.8645E-01  3.8659E-03
  1.9080E+00  8.5385E-01  4.6187E-03
  2.2260E+00  8.2235E-01  5.3694E-03
  2.5440E+00  7.9263E-01  6.0971E-03
  2.8620E+00  7.6502E-01  6.7753E-03
  3.1800E+00  7.3960E-01  7.3799E-03
  3.4980E+00  7.1629E-01  7.8945E-03
  3.8160E+00  6.9494E-01  8.3113E-03
  4.1340E+00  6.7533E-01  8.6308E-03
  4.4520E+00  6.5725E-01  8.8591E-03
  4.7700E+00  6.4049E-01  9.0071E-03
  5.0880E+00  6.2489E-01  9.0884E-03
  5.4060E+00  6.1032E-01  9.1181E-03
  5.7240E+00  5.9668E-01  9.1123E-03
  6.0420E+00  5.8391E-01  9.0863E-03
  6.3600E+00  5.7194E-01  9.0561E-03
  6.6780E+00  5.6072E-01  9.0330E-03
  6.9960E+00  5.5022E-01  9.0267E-03
  7.3140E+00  5.4041E-01  9.0481E-03
  7.6320E+00  5.3120E-01  9.0953E-03
  7.9500E+00  5.2256E-01  9.1697E-03
  8.2680E+00  5.1445E-01  9.2788E-03
  8.5860E+00  5.0681E-01  9.4130E-03
  8.9040E+00  4.9958E-01  9.5624E-03
  9.2220E+00  4.9273E-01  9.7289E-03
  9.5400E+00  4.8620E-01  9.9106E-03
  9.8580E+00  4.7996E-01  1.0102E-02
  1.0176E+01  4.7398E-01  1.0300E-02
  1.0494E+01  4.6825E-01  1.0498E-02
  1.0812E+01  4.6273E-01  1.0689E-02
  1.1130E+01  4.5739E-01  1.0867E-02
  1.1448E+01  4.5222E-01  1.1027E-02
  1.1766E+01  4.4724E-01  1.1165E-02
  1.2084E+01  4.4243E-01  1.1276E-02
  1.2402E+01  4.3776E-01  1.1357E-02
  1.2720E+01  4.3319E-01  1.1405E-02
  1.3038E+01  4.2873E-01  1.1421E-02
  1.3356E+01  4.2440E-01  1.1412E-02
  1.3674E+01  4.2025E-01  1.1384E-02
  1.3992E+01  4.1626E-01  1.1338E-02
  1.4310E+01  4.1239E-01  1.1267E-02
  1.4628E+01  4.0861E-01  1.1169E-02
  1.4946E+01  4.0489E-01  1.1046E-02
  1.5264E+01  4.0125E-01  1.0905E-02
  1.5582E+01  3.9771E-01  1.0750E-02
  1.5900E+01  3.9426E-01  1.0590E-02
  1.6218E+01  3.9090E-01  1.0430E-02
  1.6536E+01  3.8763E-01  1.0271E-02
  1.6854E+01  3.8440E-01  1.0109E-02
  1.7172E+01  3.8122E-01  9.9339E-03
  1.7490E+01  3.7807E-01  9.7467E-03
  1.7808E+01  3.7496E-01  9.5531E-03
  1.8126E+01  3.7191E-01  9.3560E-03
  1.8444E+01  3.6893E-01  9.1538E-03
  1.8762E+01  3.6605E-01  8.9458E-03
  1.9080E+01  3.6329E-01  8.7389E-03
  1.9398E+01  3.6066E-01  8.5491E-03
  1.9716E+01  3.5819E-01  8.3930E-03
  2.0034E+01  3.5586E-01  8.2748E-03
  2.0352E+01  3.5363E-01  8.1825E-03
  2.0670E+01  3.5147E-01  8.0944E-03
  2.0988E+01  3.4939E-01  7.9919E-03
  2.1306E+01  3.4742E-01  7.8708E-03
  2.1624E+01  3.4563E-01  7.7437E-03
  2.1942E+01  3.4408E-01  7.6318E-03
  2.2260E+01  3.4279E-01  7.5532E-03
  2.2578E+01  3.4172E-01  7.5132E-03
  2.2896E+01  3.4078E-01  7.4998E-03
  2.3214E+01  3.3988E-01  7.4915E-03
  2.3532E+01  3.3897E-01  7.4717E-03
  2.3850E+01  3.3807E-01  7.4397E-03
  2.4168E+01  3.3727E-01  7.4105E-03
  2.4486E+01  3.3669E-01  7.4105E-03
  2.4804E+01  3.3640E-01  7.4705E-03
  2.5122E+01  3.3643E-01  7.6108E-03
  2.5440E+01  3.3670E-01  7.8256E-03
  2.5758E+01  3.3704E-01  8.0826E-03
  2.6076E+01  3.3725E-01  8.3393E-03
  2.6394E+01  3.3720E-01  8.5598E-03
  2.6712E+01  3.3682E-01  8.7223E-03
  2.7030E+01  3.3613E-01  8.8239E-03
  2.7348E+01  3.3525E-01  8.8877E-03
  2.7666E+01  3.3440E-01  8.9627E-03
  2.7984E+01  3.3379E-01  9.1051E-03
  2.8302E+01  3.3359E-01  9.3503E-03
  2.8620E+01  3.3385E-01  9.6974E-03
  2.8938E+01  3.3451E-01  1.0116E-02
  2.9256E+01  3.3544E-01  1.0564E-02
  2.9574E+01  3.3651E-01  1.1003E-02
  2.9892E+01  3.3758E-01  1.1404E-02
  3.0210E+01  3.3852E-01  1.1749E-02
  3.0528E+01  3.3925E-01  1.2034E-02
  3.0846E+01  3.3977E-01  1.2274E-02
  3.1164E+01  3.4013E-01  1.2499E-02
  3.1482E+01  3.4047E-01  1.2739E-02
  3.1800E+01  3.4086E-01  1.3010E-02
  3.2118E+01  3.4139E-01  1.3315E-02
  3.2436E+01  3.4207E-01  1.3646E-02
  3.2754E+01  3.4292E-01  1.3995E-02
  3.3072E+01  3.4395E-01  1.4355E-02
  3.3390E+01  3.4514E-01  1.4718E-02
  3.3708E+01  3.4643E-01  1.5073E-02
  3.4026E+01  3.4774E-01  1.5401E-02
  3.4344E+01  3.4897E-01  1.5687E-02
  3.4662E+01  3.5004E-01  1.5923E-02
  3.4980E+01  3.5096E-01  1.6116E-02
  3.5298E+01  3.5181E-01  1.6288E-02
  3.5616E+01  3.5270E-01  1.6471E-02
  3.5934E+01  3.5375E-01  1.6693E-02
  3.6252E+01  3.5503E-01  1.6972E-02
  3.6570E+01  3.5658E-01  1.7313E-02
  3.6888E+01  3.5834E-01  1.7711E-02
  3.7206E+01  3.6027E-01  1.8150E-02
  3.7524E+01  3.6230E-01  1.8612E-02
  3.7842E+01  3.6435E-01  1.9082E-02
  3.8160E+01  3.6640E-01  1.9544E-02
  3.8478E+01  3.6838E-01  1.9989E-02
  3.8796E+01  3.7024E-01  2.0404E-02
  3.9114E+01  3.7188E-01  2.0772E-02
  3.9432E+01  3.7320E-01  2.1069E-02
  3.9750E+01  3.7410E-01  2.1271E-02
  4.0068E+01  3.7455E-01  2.1364E-02
  4.0386E+01  3.7454E-01  2.1353E-02
  4.0704E+01  3.7415E-01  2.1264E-02
  4.1022E+01  3.7351E-01  2.1133E-02
  4.1340E+01  3.7276E-01  2.0999E-02
  4.1658E+01  3.7204E-01  2.0898E-02
  4.1976E+01  3.7150E-01  2.0856E-02
  4.2294E+01  3.7123E-01  2.0893E-02
  4.2612E+01  3.7129E-01  2.1014E-02
  4.2930E+01  3.7170E-01  2.1210E-02
  4.3248E+01  3.7242E-01  2.1463E-02
  4.3566E+01  3.7340E-01  2.1751E-02
  4.3884E+01  3.7456E-01  2.2052E-02
  4.4202E+01  3.7584E-01  2.2349E-02
  4.4520E+01  3.7716E-01  2.2627E-02
  4.4838E+01  3.7847E-01  2.2879E-02
  4.5156E+01  3.7971E-01  2.3103E-02
  4.5474E+01  3.8087E-01  2.3299E-02
  4.5792E+01  3.8189E-01  2.3462E-02
  4.6110E+01  3.8274E-01  2.3590E-02
  4.6428E+01  3.8339E-01  2.3677E-02
  4.6746E+01  3.8382E-01  2.3727E-02
  4.7064E+01  3.8405E-01  2.3744E-02
  4.7382E+01  3.8408E-01  2.3732E-02
  4.7700E+01  3.8393E-01  2.3695E-02
  4.8018E+01  3.8364E-01  2.3636E-02
  4.8336E+01  3.8324E-01  2.3565E-02
  4.8654E+01  3.8276E-01  2.3489E-02
  4.8972E+01  3.8224E-01  2.3412E-02
  4.9290E+01  3.8169E-01  2.3332E-02
  4.9608E+01  3.8113E-01  2.3242E-02
  4.9926E+01  3.8058E-01  2.3141E-02
  5.0244E+01  3.8008E-01  2.3035E-02
  5.0562E+01  3.7969E-01  2.2942E-02
  5.0880E+01  3.7945E-01  2.2882E-02
  5.1198E+01  3.7940E-01  2.2871E-02
  5.1516E+01  3.7955E-01  2.2920E-02
  5.1834E+01  3.7989E-01  2.3031E-02
  5.2152E+01  3.8037E-01  2.3196E-02
  5.2470E+01  3.8096E-01  2.3398E-02
  5.2788E+01  3.8159E-01  2.3612E-02
  5.3106E+01  3.8222E-01  2.3808E-02
  5.3424E+01  3.8279E-01  2.3967E-02
  5.3742E+01  3.8330E-01  2.4085E-02
  5.4060E+01  3.8377E-01  2.4171E-02
  5.4378E+01  3.8423E-01  2.4249E-02
  5.4696E+01  3.8470E-01  2.4342E-02
  5.5014E+01  3.8523E-01  2.4466E-02
  5.5332E+01  3.8580E-01  2.4627E-02
  5.5650E+01  3.8641E-01  2.4814E-02
  5.5968E+01  3.8703E-01  2.5017E-02
  5.6286E+01  3.8764E-01  2.5223E-02
  5.6604E+01  3.8820E-01  2.5432E-02
  5.6922E+01  3.8870E-01  2.5642E-02
  5.7240E+01  3.8911E-01  2.5854E-02
  5.7558E+01  3.8940E-01  2.6068E-02
  5.7876E+01  3.8955E-01  2.6279E-02
  5.8194E+01  3.8956E-01  2.6485E-02
  5.8512E+01  3.8942E-01  2.6684E-02
  5.8830E+01  3.8914E-01  2.6873E-02
  5.9148E+01  3.8873E-01  2.7049E-02
  5.9466E+01  3.8818E-01  2.7204E-02
  5.9784E+01  3.8750E-01  2.7330E-02
  6.0102E+01  3.8671E-01  2.7422E-02
  6.0420E+01  3.8582E-01  2.7475E-02
  6.0738E+01  3.8485E-01  2.7492E-02
  6.1056E+01  3.8384E-01  2.7481E-02
  6.1374E+01  3.8282E-01  2.7455E-02
  6.1692E+01  3.8182E-01  2.7430E-02
  6.2010E+01  3.8089E-01  2.7414E-02
  6.2328E+01  3.8004E-01  2.7412E-02
  6.2646E+01  3.7926E-01  2.7423E-02
  6.2964E+01  3.7858E-01  2.7441E-02
  6.3282E+01  3.7797E-01  2.7461E-02
  6.3600E+01  3.7745E-01  2.7482E-02
  6.3918E+01  3.7701E-01  2.7506E-02
  6.4236E+01  3.7665E-01  2.7536E-02
  6.4554E+01  3.7637E-01  2.7578E-02
  6.4872E+01  3.7617E-01  2.7637E-02
  6.5190E+01  3.7602E-01  2.7716E-02
  6.5508E+01  3.7594E-01  2.7822E-02
  6.5826E+01  3.7592E-01  2.7956E-02
  6.6144E+01  3.7593E-01  2.8113E-02
  6.6462E+01  3.7598E-01  2.8283E-02
  6.6780E+01  3.7604E-01  2.8457E-02
  6.7098E+01  3.7610E-01  2.8625E-02
  6.7416E+01  3.7616E-01  2.8787E-02
  6.7734E+01  3.7622E-01  2.8945E-02
  6.8052E+01  3.7627E-01  2.9103E-02
  6.8370E+01  3.7632E-01  2.9264E-02
  6.8688E+01  3.7637E-01  2.9428E-02
  6.9006E+01  3.7641E-01  2.9597E-02
  6.9324E+01  3.7644E-01  2.9768E-02
  6.9642E+01  3.7646E-01  2.9943E-02
  6.9960E+01  3.7648E-01  3.0119E-02
  7.0278E+01  3.7649E-01  3.0295E-02
  7.0596E+01  3.7650E-01  3.0468E-02
  7.0914E+01  3.7650E-01  3.0635E-02
  7.1232E+01  3.7648E-01  3.0791E-02
  7.1550E+01  3.7643E-01  3.0933E-02
  7.1868E+01  3.7635E-01  3.1061E-02
  7.2186E+01  3.7624E-01  3.1176E-02
  7.2504E+01  3.7609E-01  3.1285E-02
  7.2822E+01  3.7592E-01  3.1393E-02
  7.3140E+01  3.7572E-01  3.1505E-02
  7.3458E+01  3.7551E-01  3.1617E-02
  7.3776E+01  3.7528E-01  3.1725E-02
  7.4094E+01  3.7503E-01  3.1825E-02
  7.4412E+01  3.7478E-01  3.1915E-02
  7.4730E+01  3.7451E-01  3.1998E-02
  7.5048E+01  3.7425E-01  3.2080E-02
  7.5366E+01  3.7401E-01  3.2169E-02
  7.5684E+01  3.7379E-01  3.2272E-02
  7.6002E+01  3.7360E-01  3.2395E-02
  7.6320E+01  3.7345E-01  3.2541E-02
  7.6638E+01  3.7334E-01  3.2711E-02
  7.6956E+01  3.7326E-01  3.2905E-02
  7.7274E+01  3.7322E-01  3.3121E-02
  7.7592E+01  3.7321E-01  3.3357E-02
  7.7910E+01  3.7321E-01  3.3606E-02
  7.8228E+01  3.7321E-01  3.3861E-02
  7.8546E+01  3.7320E-01  3.4110E-02
  7.8864E+01  3.7315E-01  3.4344E-02
  7.9182E+01  3.7305E-01  3.4551E-02
  7.9500E+01  3.7287E-01  3.4719E-02
  7.9818E+01  3.7262E-01  3.4840E-02
  8.0136E+01  3.7229E-01  3.4908E-02
  8.0454E+01  3.7189E-01  3.4929E-02
  8.0772E+01  3.7144E-01  3.4915E-02
  8.1090E+01  3.7098E-01  3.4888E-02
  8.1408E+01  3.7054E-01  3.4872E-02
  8.1726E+01  3.7016E-01  3.4885E-02
  8.2044E+01  3.6986E-01  3.4939E-02
  8.2362E+01  3.6966E-01  3.5040E-02
  8.2680E+01  3.6955E-01  3.5183E-02
  8.2998E+01  3.6952E-01  3.5361E-02
  8.3316E+01  3.6956E-01  3.5561E-02
  8.3634E+01  3.6963E-01  3.5772E-02
  8.3952E+01  3.6971E-01  3.5980E-02
  8.4270E+01  3.6977E-01  3.6178E-02
  8.4588E+01  3.6981E-01  3.6358E-02
  8.4906E+01  3.6980E-01  3.6518E-02
  8.5224E+01  3.6975E-01  3.6660E-02
  8.5542E+01  3.6967E-01  3.6786E-02
  8.5860E+01  3.6955E-01  3.6901E-02
  8.6178E+01  3.6941E-01  3.7009E-02
  8.6496E+01  3.6926E-01  3.7116E-02
  8.6814E+01  3.6911E-01  3.7228E-02
  8.7132E+01  3.6896E-01  3.7349E-02
  8.7450E+01  3.6884E-01  3.7484E-02
  8.7768E+01  3.6874E-01  3.7634E-02
  8.8086E+01  3.6866E-01  3.7800E-02
  8.8404E+01  3.6862E-01  3.7979E-02
  8.8722E+01  3.6859E-01  3.8171E-02
  8.9040E+01  3.6859E-01  3.8371E-02
  8.9358E+01  3.6860E-01  3.8575E-02
  8.9676E+01  3.6861E-01  3.8775E-02
  8.9994E+01  3.6863E-01  3.8966E-02
  9.0312E+01  3.6864E-01  3.9144E-02
  9.0630E+01  3.6866E-01  3.9309E-02
  9.0948E+01  3.6867E-01  3.9463E-02
  9.1266E+01  3.6869E-01  3.9612E-02
  9.1584E+01  3.6871E-01  3.9760E-02
  9.1902E+01  3.6874E-01  3.9911E-02
  9.2220E+01  3.6877E-01  4.0066E-02
  9.2538E+01  3.6881E-01  4.0224E-02
  9.2856E+01  3.6884E-01  4.0384E-02
  9.3174E+01  3.6888E-01  4.0544E-02
  9.3492E+01  3.6891E-01  4.0706E-02
  9.3810E+01  3.6894E-01  4.0869E-02
  9.4128E+01  3.6897E-01  4.1032E-02
  9.4446E+01  3.6899E-01  4.1193E-02
  9.4764E+01  3.6900E-01  4.1352E-02
  9.5082E+01  3.6900E-01  4.1504E-02
  9.5400E+01  3.6899E-01  4.1647E-02
  9.5718E+01  3.6895E-01  4.1781E-02
  9.6036E+01  3.6890E-01  4.1905E-02
  9.6354E+01  3.6883E-01  4.2020E-02
  9.6672E+01  3.6875E-01  4.2128E-02
  9.6990E+01  3.6865E-01  4.2231E-02
  9.7308E+01  3.6856E-01  4.2330E-02
  9.7626E+01  3.6847E-01  4.2425E-02
  9.7944E+01  3.6840E-01  4.2522E-02
  9.8262E+01  3.6834E-01  4.2625E-02
  9.8580E+01  3.6831E-01  4.2738E-02
  9.8898E+01  3.6830E-01  4.2865E-02
  9.9216E+01  3.6831E-01  4.3007E-02
  9.9534E+01  3.6834E-01  4.3163E-02
  9.9852E+01  3.6839E-01  4.3330E-02
  1.0017E+02  3.6845E-01  4.3507E-02
  1.0049E+02  3.6853E-01  4.3688E-02
  1.0081E+02  3.6860E-01  4.3872E-02
  1.0112E+02  3.6868E-01  4.4053E-02
  1.0144E+02  3.6875E-01  4.4230E-02
  1.0176E+02  3.6881E-01  4.4400E-02
  1.0208E+02  3.6886E-01  4.4561E-02
  1.0240E+02  3.6889E-01  4.4713E-02
  1.0271E+02  3.6890E-01  4.4853E-02
  1.0303E+02  3.6888E-01  4.4981E-02
  1.0335E+02  3.6885E-01  4.5096E-02
  1.0367E+02  3.6879E-01  4.5198E-02
  1.0399E+02  3.6871E-01  4.5292E-02
  1.0430E+02  3.6862E-01  4.5379E-02
  1.0462E+02  3.6852E-01  4.5466E-02
  1.0494E+02  3.6840E-01  4.5554E-02
  1.0526E+02  3.6828E-01  4.5645E-02
  1.0558E+02  3.6815E-01  4.5735E-02
  1.0589E+02  3.6800E-01  4.5822E-02
  1.0621E+02  3.6785E-01  4.5900E-02
  1.0653E+02  3.6768E-01  4.5965E-02
  1.0685E+02  3.6751E-01  4.6018E-02
  1.0717E+02  3.6733E-01  4.6062E-02
  1.0748E+02  3.6716E-01  4.6107E-02
  1.0780E+02  3.6699E-01  4.6159E-02
  1.0812E+02  3.6684E-01  4.6226E-02
  1.0844E+02  3.6671E-01  4.6311E-02
  1.0876E+02  3.6660E-01  4.6412E-02
  1.0907E+02  3.6650E-01  4.6528E-02
  1.0939E+02  3.6643E-01  4.6654E-02
  1.0971E+02  3.6636E-01  4.6785E-02
  1.1003E+02  3.6630E-01  4.6919E-02
  1.1035E+02  3.6623E-01  4.7050E-02
  1.1066E+02  3.6616E-01  4.7177E-02
  1.1098E+02  3.6609E-01  4.7298E-02
  1.1130E+02  3.6600E-01  4.7412E-02
  1.1162E+02  3.6590E-01  4.7524E-02
  1.1194E+02  3.6580E-01  4.7635E-02
  1.1225E+02  3.6570E-01  4.7750E-02
  1.1257E+02  3.6559E-01  4.7870E-02
  1.1289E+02  3.6549E-01  4.7996E-02
  1.1321E+02  3.6539E-01  4.8127E-02
  1.1353E+02  3.6531E-01  4.8263E-02
  1.1384E+02  3.6523E-01  4.8402E-02
  1.1416E+02  3.6515E-01  4.8544E-02
  1.1448E+02  3.6509E-01  4.8687E-02
  1.1480E+02  3.6503E-01  4.8830E-02
  1.1512E+02  3.6497E-01  4.8974E-02
  1.1543E+02  3.6491E-01  4.9117E-02
  1.1575E+02  3.6485E-01  4.9260E-02
  1.1607E+02  3.6478E-01  4.9404E-02
  1.1639E+02  3.6472E-01  4.9550E-02
  1.1671E+02  3.6465E-01  4.9700E-02
  1.1702E+02  3.6457E-01  4.9854E-02
  1.1734E+02  3.6449E-01  5.0011E-02
  1.1766E+02  3.6440E-01  5.0170E-02
  1.1798E+02  3.6430E-01  5.0327E-02
  1.1830E+02  3.6420E-01  5.0479E-02
  1.1861E+02  3.6408E-01  5.0621E-02
  1.1893E+02  3.6394E-01  5.0750E-02
  1.1925E+02  3.6379E-01  5.0864E-02
  1.1957E+02  3.6363E-01  5.0965E-02
  1.1989E+02  3.6345E-01  5.1051E-02
  1.2020E+02  3.6325E-01  5.1124E-02
  1.2052E+02  3.6304E-01  5.1185E-02
  1.2084E+02  3.6282E-01  5.1234E-02
  1.2116E+02  3.6260E-01  5.1275E-02
  1.2148E+02  3.6237E-01  5.1313E-02
  1.2179E+02  3.6216E-01  5.1351E-02
  1.2211E+02  3.6195E-01  5.1395E-02
  1.2243E+02  3.6176E-01  5.1450E-02
  1.2275E+02  3.6158E-01  5.1516E-02
  1.2307E+02  3.6141E-01  5.1593E-02
  1.2338E+02  3.6126E-01  5.1679E-02
  1.2370E+02  3.6112E-01  5.1773E-02
  1.2402E+02  3.6099E-01  5.1870E-02
  1.2434E+02  3.6087E-01  5.1971E-02
  1.2466E+02  3.6075E-01  5.2073E-02
  1.2497E+02  3.6062E-01  5.2175E-02
  1.2529E+02  3.6049E-01  5.2276E-02
  1.2561E+02  3.6036E-01  5.2377E-02
  1.2593E+02  3.6023E-01  5.2478E-02
  1.2625E+02  3.6008E-01  5.2579E-02
  1.2656E+02  3.5994E-01  5.2681E-02
  1.2688E+02  3.5979E-01  5.2783E-02
  1.2720E+02  3.5964E-01  5.2887E-02
  1.2752E+02  3.5949E-01  5.2995E-02
  1.2784E+02  3.5934E-01  5.3108E-02
  1.2815E+02  3.5920E-01  5.3228E-02
  1.2847E+02  3.5906E-01  5.3355E-02
  1.2879E+02  3.5893E-01  5.3489E-02
  1.2911E+02  3.5880E-01  5.3628E-02
  1.2943E+02  3.5867E-01  5.3771E-02
  1.2974E+02  3.5854E-01  5.3913E-02
  1.3006E+02  3.5842E-01  5.4053E-02
  1.3038E+02  3.5829E-01  5.4191E-02
  1.3070E+02  3.5815E-01  5.4327E-02
  1.3102E+02  3.5802E-01  5.4460E-02
  1.3133E+02  3.5788E-01  5.4591E-02
  1.3165E+02  3.5774E-01  5.4720E-02
  1.3197E+02  3.5760E-01  5.4848E-02
  1.3229E+02  3.5745E-01  5.4972E-02
  1.3261E+02  3.5730E-01  5.5094E-02
  1.3292E+02  3.5715E-01  5.5211E-02
  1.3324E+02  3.5699E-01  5.5324E-02
  1.3356E+02  3.5684E-01  5.5433E-02
  1.3388E+02  3.5668E-01  5.5538E-02
  1.3420E+02  3.5652E-01  5.5642E-02
  1.3451E+02  3.5636E-01  5.5747E-02
  1.3483E+02  3.5621E-01  5.5855E-02
  1.3515E+02  3.5607E-01  5.5967E-02
  1.3547E+02  3.5593E-01  5.6083E-02
  1.3579E+02  3.5579E-01  5.6202E-02
  1.3610E+02  3.5566E-01  5.6322E-02
  1.3642E+02  3.5554E-01  5.6443E-02
  1.3674E+02  3.5542E-01  5.6561E-02
  1.3706E+02  3.5530E-01  5.6677E-02
  1.3738E+02  3.5518E-01  5.6789E-02
  1.3769E+02  3.5506E-01  5.6898E-02
  1.3801E+02  3.5494E-01  5.7005E-02
  1.3833E+02  3.5482E-01  5.7111E-02
  1.3865E+02  3.5470E-01  5.7215E-02
  1.3897E+02  3.5458E-01  5.7319E-02
  1.3928E+02  3.5447E-01  5.7424E-02
  1.3960E+02  3.5435E-01  5.7529E-02
  1.3992E+02  3.5424E-01  5.7636E-02
  1.4024E+02  3.5413E-01  5.7745E-02
  1.4056E+02  3.5401E-01  5.7855E-02
  1.4087E+02  3.5390E-01  5.7965E-02
  1.4119E+02  3.5379E-01  5.8076E-02
  1.4151E+02  3.5368E-01  5.8185E-02
  1.4183E+02  3.5356E-01  5.8293E-02
  1.4215E+02  3.5344E-01  5.8399E-02
  1.4246E+02  3.5332E-01  5.8503E-02
  1.4278E+02  3.5320E-01  5.8607E-02
  1.4310E+02  3.5308E-01  5.8711E-02
  1.4342E+02  3.5295E-01  5.8814E-02
  1.4374E+02  3.5282E-01  5.8918E-02
  1.4405E+02  3.5269E-01  5.9023E-02
  1.4437E+02  3.5256E-01  5.9127E-02
  1.4469E+02  3.5243E-01  5.9232E-02
  1.4501E+02  3.5230E-01  5.9336E-02
  1.4533E+02  3.5217E-01  5.9439E-02
  1.4564E+02  3.5205E-01  5.9542E-02
  1.4596E+02  3.5192E-01  5.9645E-02
  1.4628E+02  3.5180E-01  5.9748E-02
  1.4660E+02  3.5167E-01  5.9852E-02
  1.4692E+02  3.5155E-01  5.9957E-02
  1.4723E+02  3.5144E-01  6.0064E-02
  1.4755E+02  3.5132E-01  6.0173E-02
  1.4787E+02  3.5121E-01  6.0284E-02
  1.4819E+02  3.5110E-01  6.0399E-02
  1.4851E+02  3.5099E-01  6.0515E-02
  1.4882E+02  3.5088E-01  6.0634E-02
  1.4914E+02  3.5077E-01  6.0753E-02
  1.4946E+02  3.5067E-01  6.0872E-02
  1.4978E+02  3.5056E-01  6.0988E-02
  1.5010E+02  3.5045E-01  6.1101E-02
  1.5041E+02  3.5034E-01  6.1210E-02
  1.5073E+02  3.5022E-01  6.1314E-02
  1.5105E+02  3.5011E-01  6.1415E-02
  1.5137E+02  3.4999E-01  6.1512E-02
  1.5169E+02  3.4987E-01  6.1609E-02
  1.5200E+02  3.4974E-01  6.1707E-02
  1.5232E+02  3.4962E-01  6.1805E-02
  1.5264E+02  3.4950E-01  6.1906E-02
  1.5296E+02  3.4937E-01  6.2008E-02
  1.5328E+02  3.4925E-01  6.2111E-02
  1.5359E+02  3.4913E-01  6.2215E-02
  1.5391E+02  3.4901E-01  6.2319E-02
  1.5423E+02  3.4889E-01  6.2425E-02
  1.5455E+02  3.4878E-01  6.2532E-02
  1.5487E+02  3.4866E-01  6.2639E-02
  1.5518E+02  3.4855E-01  6.2747E-02
  1.5550E+02  3.4844E-01  6.2855E-02
  1.5582E+02  3.4833E-01  6.2962E-02
  1.5614E+02  3.4821E-01  6.3069E-02
  1.5646E+02  3.4810E-01  6.3176E-02
  1.5677E+02  3.4799E-01  6.3282E-02
  1.5709E+02  3.4788E-01  6.3390E-02
  1.5741E+02  3.4777E-01  6.3498E-02
  1.5773E+02  3.4767E-01  6.3607E-02
  1.5805E+02  3.4756E-01  6.3718E-02
  1.5836E+02  3.4745E-01  6.3828E-02
  1.5868E+02  3.4735E-01  6.3938E-02
  1.5900E+02  3.4724E-01  6.4046E-02
  1.5932E+02  3.4713E-01  6.4151E-02
  1.5964E+02  3.4702E-01  6.4253E-02
  1.5995E+02  3.4691E-01  6.4351E-02
  1.6027E+02  3.4680E-01  6.4446E-02
  1.6059E+02  3.4669E-01  6.4539E-02
  1.6091E+02  3.4658E-01  6.4630E-02
  1.6123E+02  3.4646E-01  6.4722E-02
  1.6154E+02  3.4635E-01  6.4815E-02
  1.6186E+02  3.4624E-01  6.4909E-02
  1.6218E+02  3.4613E-01  6.5006E-02
  1.6250E+02  3.4601E-01  6.5105E-02
  1.6282E+02  3.4591E-01  6.5205E-02
  1.6313E+02  3.4580E-01  6.5306E-02
  1.6345E+02  3.4569E-01  6.5408E-02
  1.6377E+02  3.4558E-01  6.5510E-02
  1.6409E+02  3.4547E-01  6.5610E-02
  1.6441E+02  3.4536E-01  6.5710E-02
  1.6472E+02  3.4525E-01  6.5809E-02
  1.6504E+02  3.4513E-01  6.5907E-02
  1.6536E+02  3.4502E-01  6.6004E-02
  1.6568E+02  3.4490E-01  6.6100E-02
  1.6600E+02  3.4478E-01  6.6196E-02
  1.6631E+02  3.4467E-01  6.6293E-02
  1.6663E+02  3.4455E-01  6.6391E-02
  1.6695E+02  3.4444E-01  6.6490E-02
  1.6727E+02  3.4433E-01  6.6591E-02
  1.6759E+02  3.4422E-01  6.6694E-02
  1.6790E+02  3.4410E-01  6.6799E-02
  1.6822E+02  3.4399E-01  6.6904E-02
  1.6854E+02  3.4388E-01  6.7010E-02
  1.6886E+02  3.4377E-01  6.7116E-02
  1.6918E+02  3.4366E-01  6.7221E-02
  1.6949E+02  3.4354E-01  6.7325E-02
  1.6981E+02  3.4343E-01  6.7428E-02
  1.7013E+02  3.4332E-01  6.7531E-02
  1.7045E+02  3.4320E-01  6.7632E-02
  1.7077E+02  3.4309E-01  6.7733E-02
  1.7108E+02  3.4297E-01  6.7833E-02
  1.7140E+02  3.4285E-01  6.7933E-02
  1.7172E+02  3.4274E-01  6.8032E-02
  1.7204E+02  3.4262E-01  6.8131E-02
  1.7236E+02  3.4250E-01  6.8230E-02
  1.7267E+02  3.4238E-01  6.8327E-02
  1.7299E+02  3.4227E-01  6.8424E-02
  1.7331E+02  3.4215E-01  6.8520E-02
  1.7363E+02  3.4203E-01  6.8615E-02
  1.7395E+02  3.4191E-01  6.8710E-02
  1.7426E+02  3.4179E-01  6.8804E-02
  1.7458E+02  3.4167E-01  6.8899E-02
  1.7490E+02  3.4155E-01  6.8995E-02
  1.7522E+02  3.4144E-01  6.9091E-02
  1.7554E+02  3.4132E-01  6.9188E-02
  1.7585E+02  3.4120E-01  6.9286E-02
  1.7617E+02  3.4108E-01  6.9385E-02
  1.7649E+02  3.4096E-01  6.9484E-02
  1.7681E+02  3.4084E-01  6.9582E-02
  1.7713E+02  3.4072E-01  6.9680E-02
  1.7744E+02  3.4060E-01  6.9778E-02
  1.7776E+02  3.4048E-01  6.9876E-02
  1.7808E+02  3.4036E-01  6.9973E-02
  1.7840E+02  3.4024E-01  7.0070E-02
  1.7872E+02  3.4012E-01  7.0167E-02
  1.7903E+02  3.4000E-01  7.0264E-02
  1.7935E+02  3.3988E-01  7.0360E-02
  1.7967E+02  3.3976E-01  7.0455E-02
  1.7999E+02  3.3963E-01  7.0549E-02
  1.8031E+02  3.3951E-01  7.0642E-02
  1.8062E+02  3.3939E-01  7.0734E-02
  1.8094E+02  3.3926E-01  7.0825E-02
  1.8126E+02  3.3914E-01  7.0915E-02
  1.8158E+02  3.3902E-01  7.1006E-02
  1.8190E+02  3.3890E-01  7.1097E-02
  1.8221E+02  3.3878E-01  7.1189E-02
  1.8253E+02  3.3866E-01  7.1282E-02
  1.8285E+02  3.3854E-01  7.1377E-02
  1.8317E+02  3.3842E-01  7.1474E-02
  1.8349E+02  3.3830E-01  7.1572E-02
  1.8380E+02  3.3819E-01  7.1671E-02
  1.8412E+02  3.3807E-01  7.1770E-02
  1.8444E+02  3.3796E-01  7.1870E-02
  1.8476E+02  3.3784E-01  7.1970E-02
  1.8508E+02  3.3773E-01  7.2070E-02
  1.8539E+02  3.3761E-01  7.2169E-02
  1.8571E+02  3.3750E-01  7.2268E-02
  1.8603E+02  3.3738E-01  7.2365E-02
  1.8635E+02  3.3727E-01  7.2462E-02
  1.8667E+02  3.3715E-01  7.2558E-02
  1.8698E+02  3.3704E-01  7.2654E-02
  1.8730E+02  3.3692E-01  7.2750E-02
  1.8762E+02  3.3680E-01  7.2847E-02
  1.8794E+02  3.3668E-01  7.2944E-02
  1.8826E+02  3.3656E-01  7.3042E-02
  1.8857E+02  3.3644E-01  7.3141E-02
  1.8889E+02  3.3632E-01  7.3239E-02
  1.8921E+02  3.3620E-01  7.3337E-02
  1.8953E+02  3.3608E-01  7.3435E-02
  1.8985E+02  3.3596E-01  7.3531E-02
  1.9016E+02  3.3584E-01  7.3627E-02
  1.9048E+02  3.3572E-01  7.3721E-02
  1.9080E+02  3.3560E-01  7.3814E-02
  1.9112E+02  3.3547E-01  7.3907E-02
  1.9144E+02  3.3535E-01  7.3999E-02
  1.9175E+02  3.3522E-01  7.4090E-02
  1.9207E+02  3.3510E-01  7.4181E-02
  1.9239E+02  3.3497E-01  7.4273E-02
  1.9271E+02  3.3485E-01  7.4364E-02
  1.9303E+02  3.3472E-01  7.4456E-02
  1.9334E+02  3.3460E-01  7.4548E-02
  1.9366E+02  3.3447E-01  7.4640E-02
  1.9398E+02  3.3435E-01  7.4733E-02
  1.9430E+02  3.3423E-01  7.4826E-02
  1.9462E+02  3.3411E-01  7.4919E-02
  1.9493E+02  3.3399E-01  7.5013E-02
  1.9525E+02  3.3387E-01  7.5107E-02
  1.9557E+02  3.3375E-01  7.5200E-02
  1.9589E+02  3.3363E-01  7.5294E-02
  1.9621E+02  3.3351E-01  7.5388E-02
  1.9652E+02  3.3339E-01  7.5481E-02
  1.9684E+02  3.3327E-01  7.5575E-02
  1.9716E+02  3.3315E-01  7.5669E-02
  1.9748E+02  3.3303E-01  7.5763E-02
  1.9780E+02  3.3291E-01  7.5856E-02
  1.9811E+02  3.3280E-01  7.5950E-02
  1.9843E+02  3.3268E-01  7.6044E-02
  1.9875E+02  3.3256E-01  7.6137E-02
  1.9907E+02  3.3244E-01  7.6230E-02
  1.9939E+02  3.3232E-01  7.6323E-02
  1.9970E+02  3.3220E-01  7.6414E-02
  2.0002E+02  3.3208E-01  7.6505E-02
  2.0034E+02  3.3196E-01  7.6596E-02
  2.0066E+02  3.3185E-01  7.6687E-02
  2.0098E+02  3.3173E-01  7.6778E-02
  2.0129E+02  3.3161E-01  7.6868E-02
  2.0161E+02  3.3149E-01  7.6960E-02
  2.0193E+02  3.3137E-01  7.7051E-02
  2.0225E+02  3.3126E-01  7.7143E-02
  2.0257E+02  3.3114E-01  7.7235E-02
  2.0288E+02  3.3102E-01  7.7328E-02
  2.0320E+02  3.3090E-01  7.7420E-02
  2.0352E+02  3.3079E-01  7.7512E-02
  2.0384E+02  3.3067E-01  7.7604E-02
  2.0416E+02  3.3056E-01  7.7696E-02
  2.0447E+02  3.3044E-01  7.7787E-02
  2.0479E+02  3.3032E-01  7.7879E-02
  2.0511E+02  3.3021E-01  7.7970E-02
  2.0543E+02  3.3009E-01  7.8061E-02
  2.0575E+02  3.2998E-01  7.8152E-02
  2.0606E+02  3.2986E-01  7.8243E-02
  2.0638E+02  3.2975E-01  7.8333E-02
  2.0670E+02  3.2963E-01  7.8424E-02
  2.0702E+02  3.2952E-01  7.8514E-02
  2.0734E+02  3.2940E-01  7.8604E-02
  2.0765E+02  3.2929E-01  7.8693E-02
  2.0797E+02  3.2917E-01  7.8783E-02
  2.0829E+02  3.2906E-01  7.8872E-02
  2.0861E+02  3.2894E-01  7.8962E-02
  2.0893E+02  3.2883E-01  7.9052E-02
  2.0924E+02  3.2871E-01  7.9142E-02
  2.0956E+02  3.2860E-01  7.9232E-02
  2.0988E+02  3.2848E-01  7.9321E-02
  2.1020E+02  3.2837E-01  7.9411E-02
  2.1052E+02  3.2826E-01  7.9501E-02
  2.1083E+02  3.2814E-01  7.9590E-02
  2.1115E+02  3.2803E-01  7.9679E-02
  2.1147E+02  3.2791E-01  7.9768E-02
  2.1179E+02  3.2780E-01  7.9857E-02
  2.1211E+02  3.2769E-01  7.9946E-02
  2.1242E+02  3.2757E-01  8.0035E-02
  2.1274E+02  3.2746E-01  8.0123E-02
  2.1306E+02  3.2735E-01  8.0212E-02
  2.1338E+02  3.2723E-01  8.0301E-02
  2.1370E+02  3.2712E-01  8.0390E-02
  2.1401E+02  3.2701E-01  8.0479E-02
  2.1433E+02  3.2689E-01  8.0568E-02
  2.1465E+02  3.2678E-01  8.0657E-02
  2.1497E+02  3.2667E-01  8.0746E-02
  2.1529E+02  3.2656E-01  8.0836E-02
  2.1560E+02  3.2644E-01  8.0925E-02
  2.1592E+02  3.2633E-01  8.1015E-02
  2.1624E+02  3.2622E-01  8.1104E-02
  2.1656E+02  3.2611E-01  8.1193E-02
  2.1688E+02  3.2600E-01  8.1283E-02
  2.1719E+02  3.2589E-01  8.1372E-02
  2.1751E+02  3.2578E-01  8.1461E-02
  2.1783E+02  3.2567E-01  8.1551E-02
  2.1815E+02  3.2556E-01  8.1640E-02
  2.1847E+02  3.2545E-01  8.1729E-02
  2.1878E+02  3.2533E-01  8.1818E-02
  2.1910E+02  3.2522E-01  8.1907E-02
  2.1942E+02  3.2511E-01  8.1996E-02
  2.1974E+02  3.2500E-01  8.2084E-02
  2.2006E+02  3.2489E-01  8.2173E-02
  2.2037E+02  3.2478E-01  8.2261E-02
  2.2069E+02  3.2467E-01  8.2349E-02
  2.2101E+02  3.2457E-01  8.2438E-02
  2.2133E+02  3.2446E-01  8.2526E-02
  2.2165E+02  3.2435E-01  8.2615E-02
  2.2196E+02  3.2424E-01  8.2703E-02
  2.2228E+02  3.2413E-01  8.2792E-02
  2.2260E+02  3.2402E-01  8.2880E-02
  2.2292E+02  3.2391E-01  8.2969E-02
  2.2324E+02  3.2381E-01  8.3057E-02
  2.2355E+02  3.2370E-01  8.3146E-02
  2.2387E+02  3.2359E-01  8.3234E-02
  2.2419E+02  3.2348E-01  8.3322E-02
  2.2451E+02  3.2337E-01  8.3410E-02
  2.2483E+02  3.2327E-01  8.3499E-02
  2.2514E+02  3.2316E-01  8.3587E-02
  2.2546E+02  3.2305E-01  8.3675E-02
  2.2578E+02  3.2295E-01  8.3762E-02
  2.2610E+02  3.2284E-01  8.3850E-02
  2.2642E+02  3.2273E-01  8.3938E-02
  2.2673E+02  3.2262E-01  8.4025E-02
  2.2705E+02  3.2252E-01  8.4112E-02
  2.2737E+02  3.2241E-01  8.4199E-02
  2.2769E+02  3.2230E-01  8.4287E-02
  2.2801E+02  3.2219E-01  8.4374E-02
  2.2832E+02  3.2209E-01  8.4461E-02
  2.2864E+02  3.2198E-01  8.4548E-02
  2.2896E+02  3.2187E-01  8.4635E-02
  2.2928E+02  3.2176E-01  8.4722E-02
  2.2960E+02  3.2165E-01  8.4809E-02
  2.2991E+02  3.2154E-01  8.4896E-02
  2.3023E+02  3.2144E-01  8.4982E-02
  2.3055E+02  3.2133E-01  8.5069E-02
  2.3087E+02  3.2122E-01  8.5156E-02
  2.3119E+02  3.2111E-01  8.5243E-02
  2.3150E+02  3.2100E-01  8.5329E-02
  2.3182E+02  3.2089E-01  8.5416E-02
  2.3214E+02  3.2078E-01  8.5503E-02
  2.3246E+02  3.2067E-01  8.5590E-02
  2.3278E+02  3.2056E-01  8.5677E-02
  2.3309E+02  3.2045E-01  8.5764E-02
  2.3341E+02  3.2034E-01  8.5851E-02
  2.3373E+02  3.2023E-01  8.5938E-02
  2.3405E+02  3.2012E-01  8.6025E-02
  2.3437E+02  3.2001E-01  8.6112E-02
  2.3468E+02  3.1990E-01  8.6198E-02
  2.3500E+02  3.1979E-01  8.6285E-02
  2.3532E+02  3.1968E-01  8.6371E-02
  2.3564E+02  3.1957E-01  8.6458E-02
  2.3596E+02  3.1946E-01  8.6544E-02
  2.3627E+02  3.1935E-01  8.6630E-02
  2.3659E+02  3.1923E-01  8.6716E-02
  2.3691E+02  3.1912E-01  8.6802E-02
  2.3723E+02  3.1901E-01  8.6888E-02
  2.3755E+02  3.1890E-01  8.6973E-02
  2.3786E+02  3.1879E-01  8.7058E-02
  2.3818E+02  3.1867E-01  8.7142E-02
  2.3850E+02  3.1856E-01  8.7227E-02
  2.3882E+02  3.1845E-01  8.7311E-02
  2.3914E+02  3.1834E-01  8.7395E-02
  2.3945E+02  3.1822E-01  8.7479E-02
  2.3977E+02  3.1811E-01  8.7563E-02
  2.4009E+02  3.1800E-01  8.7646E-02
  2.4041E+02  3.1789E-01  8.7729E-02
  2.4073E+02  3.1777E-01  8.7811E-02
  2.4104E+02  3.1766E-01  8.7894E-02
  2.4136E+02  3.1755E-01  8.7976E-02
  2.4168E+02  3.1744E-01  8.8058E-02
  2.4200E+02  3.1732E-01  8.8141E-02
  2.4232E+02  3.1721E-01  8.8223E-02
  2.4263E+02  3.1710E-01  8.8305E-02
  2.4295E+02  3.1699E-01  8.8386E-02
  2.4327E+02  3.1688E-01  8.8468E-02
  2.4359E+02  3.1676E-01  8.8550E-02
  2.4391E+02  3.1665E-01  8.8632E-02
  2.4422E+02  3.1654E-01  8.8714E-02
  2.4454E+02  3.1643E-01  8.8796E-02
  2.4486E+02  3.1631E-01  8.8877E-02
  2.4518E+02  3.1620E-01  8.8959E-02
  2.4550E+02  3.1609E-01  8.9040E-02
  2.4581E+02  3.1598E-01  8.9121E-02
  2.4613E+02  3.1586E-01  8.9203E-02
  2.4645E+02  3.1575E-01  8.9284E-02
  2.4677E+02  3.1564E-01  8.9365E-02
  2.4709E+02  3.1553E-01  8.9446E-02
  2.4740E+02  3.1541E-01  8.9527E-02
  2.4772E+02  3.1530E-01  8.9608E-02
  2.4804E+02  3.1519E-01  8.9689E-02
  2.4836E+02  3.1508E-01  8.9769E-02
  2.4868E+02  3.1496E-01  8.9850E-02
  2.4899E+02  3.1485E-01  8.9931E-02
  2.4931E+02  3.1474E-01  9.0011E-02
  2.4963E+02  3.1462E-01  9.0091E-02
  2.4995E+02  3.1451E-01  9.0172E-02
  2.5027E+02  3.1440E-01  9.0252E-02
  2.5058E+02  3.1429E-01  9.0332E-02
  2.5090E+02  3.1417E-01  9.0412E-02
  2.5122E+02  3.1406E-01  9.0492E-02
  2.5154E+02  3.1395E-01  9.0572E-02
  2.5186E+02  3.1383E-01  9.0651E-02
  2.5217E+02  3.1372E-01  9.0731E-02
  2.5249E+02  3.1361E-01  9.0811E-02
  2.5281E+02  3.1349E-01  9.0890E-02
  2.5313E+02  3.1338E-01  9.0969E-02
  2.5345E+02  3.1327E-01  9.1049E-02
  2.5376E+02  3.1316E-01  9.1128E-02
  2.5408E+02  3.1304E-01  9.1207E-02
  2.5440E+02  3.1293E-01  9.1286E-02
  2.5472E+02  3.1282E-01  9.1365E-02
  2.5504E+02  3.1270E-01  9.1444E-02
  2.5535E+02  3.1259E-01  9.1523E-02
  2.5567E+02  3.1248E-01  9.1601E-02
  2.5599E+02  3.1236E-01  9.1680E-02
  2.5631E+02  3.1225E-01  9.1759E-02
  2.5663E+02  3.1214E-01  9.1838E-02
  2.5694E+02  3.1203E-01  9.1916E-02
  2.5726E+02  3.1191E-01  9.1995E-02
  2.5758E+02  3.1180E-01  9.2073E-02
  2.5790E+02  3.1169E-01  9.2151E-02
  2.5822E+02  3.1157E-01  9.2229E-02
  2.5853E+02  3.1146E-01  9.2308E-02
  2.5885E+02  3.1135E-01  9.2386E-02
  2.5917E+02  3.1124E-01  9.2463E-02
  2.5949E+02  3.1112E-01  9.2541E-02
  2.5981E+02  3.1101E-01  9.2619E-02
  2.6012E+02  3.1090E-01  9.2696E-02
  2.6044E+02  3.1078E-01  9.2774E-02
  2.6076E+02  3.1067E-01  9.2851E-02
  2.6108E+02  3.1056E-01  9.2929E-02
  2.6140E+02  3.1045E-01  9.3006E-02
  2.6171E+02  3.1033E-01  9.3084E-02
  2.6203E+02  3.1022E-01  9.3161E-02
  2.6235E+02  3.1011E-01  9.3238E-02
  2.6267E+02  3.0999E-01  9.3316E-02
  2.6299E+02  3.0988E-01  9.3393E-02
  2.6330E+02  3.0977E-01  9.3470E-02
  2.6362E+02  3.0966E-01  9.3547E-02
  2.6394E+02  3.0954E-01  9.3624E-02
  2.6426E+02  3.0943E-01  9.3701E-02
  2.6458E+02  3.0932E-01  9.3778E-02
  2.6489E+02  3.0921E-01  9.3855E-02
  2.6521E+02  3.0909E-01  9.3931E-02
  2.6553E+02  3.0898E-01  9.4008E-02
  2.6585E+02  3.0887E-01  9.4084E-02
  2.6617E+02  3.0876E-01  9.4161E-02
  2.6648E+02  3.0865E-01  9.4237E-02
  2.6680E+02  3.0853E-01  9.4313E-02
  2.6712E+02  3.0842E-01  9.4389E-02
  2.6744E+02  3.0831E-01  9.4466E-02
  2.6776E+02  3.0820E-01  9.4542E-02
  2.6807E+02  3.0808E-01  9.4618E-02
  2.6839E+02  3.0797E-01  9.4694E-02
  2.6871E+02  3.0786E-01  9.4770E-02
  2.6903E+02  3.0775E-01  9.4846E-02
  2.6935E+02  3.0764E-01  9.4922E-02
  2.6966E+02  3.0752E-01  9.4998E-02
  2.6998E+02  3.0741E-01  9.5074E-02
  2.7030E+02  3.0730E-01  9.5150E-02
  2.7062E+02  3.0719E-01  9.5226E-02
  2.7094E+02  3.0708E-01  9.5302E-02
  2.7125E+02  3.0697E-01  9.5378E-02
  2.7157E+02  3.0685E-01  9.5453E-02
  2.7189E+02  3.0674E-01  9.5529E-02
  2.7221E+02  3.0663E-01  9.5604E-02
  2.7253E+02  3.0652E-01  9.5680E-02
  2.7284E+02  3.0641E-01  9.5755E-02
  2.7316E+02  3.0630E-01  9.5831E-02
  2.7348E+02  3.0618E-01  9.5906E-02
  2.7380E+02  3.0607E-01  9.5981E-02
  2.7412E+02  3.0596E-01  9.6057E-02
  2.7443E+02  3.0585E-01  9.6132E-02
  2.7475E+02  3.0574E-01  9.6207E-02
  2.7507E+02  3.0563E-01  9.6282E-02
  2.7539E+02  3.0552E-01  9.6357E-02
  2.7571E+02  3.0540E-01  9.6432E-02
  2.7602E+02  3.0529E-01  9.6506E-02
  2.7634E+02  3.0518E-01  9.6581E-02
  2.7666E+02  3.0507E-01  9.6655E-02
  2.7698E+02  3.0496E-01  9.6730E-02
  2.7730E+02  3.0485E-01  9.6804E-02
  2.7761E+02  3.0474E-01  9.6878E-02
  2.7793E+02  3.0463E-01  9.6952E-02
  2.7825E+02  3.0452E-01  9.7027E-02
  2.7857E+02  3.0440E-01  9.7101E-02
  2.7889E+02  3.0429E-01  9.7175E-02
  2.7920E+02  3.0418E-01  9.7249E-02
  2.7952E+02  3.0407E-01  9.7323E-02
  2.7984E+02  3.0396E-01  9.7397E-02
  2.8016E+02  3.0385E-01  9.7471E-02
  2.8048E+02  3.0374E-01  9.7545E-02
  2.8079E+02  3.0363E-01  9.7619E-02
  2.8111E+02  3.0352E-01  9.7693E-02
  2.8143E+02  3.0341E-01  9.7766E-02
  2.8175E+02  3.0330E-01  9.7840E-02
  2.8207E+02  3.0318E-01  9.7913E-02
  2.8238E+02  3.0307E-01  9.7987E-02
  2.8270E+02  3.0296E-01  9.8060E-02
  2.8302E+02  3.0285E-01  9.8133E-02
  2.8334E+02  3.0274E-01  9.8207E-02
  2.8366E+02  3.0263E-01  9.8280E-02
  2.8397E+02  3.0252E-01  9.8353E-02
  2.8429E+02  3.0241E-01  9.8426E-02
  2.8461E+02  3.0230E-01  9.8499E-02
  2.8493E+02  3.0219E-01  9.8571E-02
  2.8525E+02  3.0208E-01  9.8644E-02
  2.8556E+02  3.0197E-01  9.8717E-02
  2.8588E+02  3.0186E-01  9.8790E-02
  2.8620E+02  3.0175E-01  9.8862E-02
  2.8652E+02  3.0164E-01  9.8935E-02
  2.8684E+02  3.0153E-01  9.9007E-02
  2.8715E+02  3.0142E-01  9.9080E-02
  2.8747E+02  3.0131E-01  9.9152E-02
  2.8779E+02  3.0119E-01  9.9224E-02
  2.8811E+02  3.0108E-01  9.9297E-02
  2.8843E+02  3.0097E-01  9.9369E-02
  2.8874E+02  3.0086E-01  9.9441E-02
  2.8906E+02  3.0075E-01  9.9513E-02
  2.8938E+02  3.0064E-01  9.9585E-02
  2.8970E+02  3.0053E-01  9.9657E-02
  2.9002E+02  3.0042E-01  9.9728E-02
  2.9033E+02  3.0031E-01  9.9800E-02
  2.9065E+02  3.0020E-01  9.9872E-02
  2.9097E+02  3.0009E-01  9.9943E-02
  2.9129E+02  2.9998E-01  1.0001E-01
  2.9161E+02  2.9987E-01  1.0009E-01
  2.9192E+02  2.9976E-01  1.0016E-01
  2.9224E+02  2.9965E-01  1.0023E-01
  2.9256E+02  2.9954E-01  1.0030E-01
  2.9288E+02  2.9943E-01  1.0037E-01
  2.9320E+02  2.9932E-01  1.0044E-01
  2.9351E+02  2.9921E-01  1.0051E-01
  2.9383E+02  2.9910E-01  1.0058E-01
  2.9415E+02  2.9898E-01  1.0065E-01
  2.9447E+02  2.9887E-01  1.0073E-01
  2.9479E+02  2.9876E-01  1.0080E-01
  2.9510E+02  2.9865E-01  1.0087E-01
  2.9542E+02  2.9854E-01  1.0094E-01
  2.9574E+02  2.9843E-01  1.0101E-01
  2.9606E+02  2.9832E-01  1.0108E-01
  2.9638E+02  2.9821E-01  1.0115E-01
  2.9669E+02  2.9810E-01  1.0122E-01
  2.9701E+02  2.9799E-01  1.0129E-01
  2.9733E+02  2.9788E-01  1.0136E-01
  2.9765E+02  2.9777E-01  1.0143E-01
  2.9797E+02  2.9766E-01  1.0150E-01
  2.9828E+02  2.9755E-01  1.0157E-01
  2.9860E+02  2.9744E-01  1.0164E-01
  2.9892E+02  2.9733E-01  1.0171E-01
  2.9924E+02  2.9722E-01  1.0178E-01
  2.9956E+02  2.9710E-01  1.0185E-01
  2.9987E+02  2.9699E-01  1.0192E-01
  3.0019E+02  2.9688E-01  1.0199E-01
  3.0051E+02  2.9677E-01  1.0206E-01
  3.0083E+02  2.9666E-01  1.0213E-01
  3.0115E+02  2.9655E-01  1.0219E-01
  3.0146E+02  2.9644E-01  1.0226E-01
  3.0178E+02  2.9633E-01  1.0233E-01
  3.0210E+02  2.9622E-01  1.0240E-01
  3.0242E+02  2.9611E-01  1.0247E-01
  3.0274E+02  2.9600E-01  1.0254E-01
  3.0305E+02  2.9589E-01  1.0261E-01
  3.0337E+02  2.9578E-01  1.0268E-01
  3.0369E+02  2.9567E-01  1.0275E-01
  3.0401E+02  2.9556E-01  1.0282E-01
  3.0433E+02  2.9545E-01  1.0288E-01
  3.0464E+02  2.9533E-01  1.0295E-01
  3.0496E+02  2.9522E-01  1.0302E-01
  3.0528E+02  2.9511E-01  1.0309E-01
  3.0560E+02  2.9500E-01  1.0316E-01
  3.0592E+02  2.9489E-01  1.0323E-01
  3.0623E+02  2.9478E-01  1.0329E-01
  3.0655E+02  2.9467E-01  1.0336E-01
  3.0687E+02  2.9456E-01  1.0343E-01
  3.0719E+02  2.9445E-01  1.0350E-01
  3.0751E+02  2.9434E-01  1.0357E-01
  3.0782E+02  2.9423E-01  1.0363E-01
  3.0814E+02  2.9412E-01  1.0370E-01
  3.0846E+02  2.9401E-01  1.0377E-01
  3.0878E+02  2.9390E-01  1.0384E-01
  3.0910E+02  2.9379E-01  1.0390E-01
  3.0941E+02  2.9367E-01  1.0397E-01
  3.0973E+02  2.9356E-01  1.0404E-01
  3.1005E+02  2.9345E-01  1.0410E-01
  3.1037E+02  2.9334E-01  1.0417E-01
  3.1069E+02  2.9323E-01  1.0424E-01
  3.1100E+02  2.9312E-01  1.0431E-01
  3.1132E+02  2.9301E-01  1.0437E-01
  3.1164E+02  2.9290E-01  1.0444E-01
  3.1196E+02  2.9279E-01  1.0451E-01
  3.1228E+02  2.9268E-01  1.0457E-01
  3.1259E+02  2.9257E-01  1.0464E-01
  3.1291E+02  2.9246E-01  1.0471E-01
  3.1323E+02  2.9235E-01  1.0477E-01
  3.1355E+02  2.9224E-01  1.0484E-01
  3.1387E+02  2.9212E-01  1.0490E-01
  3.1418E+02  2.9201E-01  1.0497E-01
  3.1450E+02  2.9190E-01  1.0504E-01
  3.1482E+02  2.9179E-01  1.0510E-01
  3.1514E+02  2.9168E-01  1.0517E-01
  3.1546E+02  2.9157E-01  1.0523E-01
  3.1577E+02  2.9146E-01  1.0530E-01
  3.1609E+02  2.9135E-01  1.0537E-01
  3.1641E+02  2.9124E-01  1.0543E-01
  3.1673E+02  2.9113E-01  1.0550E-01
  3.1705E+02  2.9102E-01  1.0556E-01
  3.1736E+02  2.9091E-01  1.0563E-01
  3.1768E+02  2.9080E-01  1.0569E-01
  3.1800E+02  2.9069E-01  1.0576E-01
  3.1832E+02  2.9058E-01  1.0582E-01
  3.1864E+02  2.9047E-01  1.0589E-01
  3.1895E+02  2.9035E-01  1.0595E-01
  3.1927E+02  2.9024E-01  1.0602E-01
  3.1959E+02  2.9013E-01  1.0608E-01
  3.1991E+02  2.9002E-01  1.0615E-01
  3.2023E+02  2.8991E-01  1.0621E-01
  3.2054E+02  2.8980E-01  1.0628E-01
  3.2086E+02  2.8969E-01  1.0634E-01
  3.2118E+02  2.8958E-01  1.0641E-01
  3.2150E+02  2.8947E-01  1.0647E-01
  3.2182E+02  2.8936E-01  1.0654E-01
  3.2213E+02  2.8925E-01  1.0660E-01
  3.2245E+02  2.8914E-01  1.0667E-01
  3.2277E+02  2.8903E-01  1.0673E-01
  3.2309E+02  2.8892E-01  1.0680E-01
  3.2341E+02  2.8881E-01  1.0686E-01
  3.2372E+02  2.8870E-01  1.0692E-01
  3.2404E+02  2.8859E-01  1.0699E-01
  3.2436E+02  2.8848E-01  1.0705E-01
  3.2468E+02  2.8837E-01  1.0712E-01
  3.2500E+02  2.8826E-01  1.0718E-01
  3.2531E+02  2.8815E-01  1.0724E-01
  3.2563E+02  2.8804E-01  1.0731E-01
  3.2595E+02  2.8793E-01  1.0737E-01
  3.2627E+02  2.8782E-01  1.0743E-01
  3.2659E+02  2.8771E-01  1.0750E-01
  3.2690E+02  2.8760E-01  1.0756E-01
  3.2722E+02  2.8749E-01  1.0762E-01
  3.2754E+02  2.8738E-01  1.0769E-01
  3.2786E+02  2.8727E-01  1.0775E-01
  3.2818E+02  2.8716E-01  1.0781E-01
  3.2849E+02  2.8705E-01  1.0788E-01
  3.2881E+02  2.8694E-01  1.0794E-01
  3.2913E+02  2.8683E-01  1.0800E-01
  3.2945E+02  2.8672E-01  1.0807E-01
  3.2977E+02  2.8661E-01  1.0813E-01
  3.3008E+02  2.8650E-01  1.0819E-01
  3.3040E+02  2.8639E-01  1.0825E-01
  3.3072E+02  2.8628E-01  1.0832E-01
  3.3104E+02  2.8617E-01  1.0838E-01
  3.3136E+02  2.8606E-01  1.0844E-01
  3.3167E+02  2.8595E-01  1.0850E-01
  3.3199E+02  2.8584E-01  1.0857E-01
  3.3231E+02  2.8573E-01  1.0863E-01
  3.3263E+02  2.8562E-01  1.0869E-01
  3.3295E+02  2.8551E-01  1.0875E-01
  3.3326E+02  2.8540E-01  1.0882E-01
  3.3358E+02  2.8529E-01  1.0888E-01
  3.3390E+02  2.8518E-01  1.0894E-01
  3.3422E+02  2.8507E-01  1.0900E-01
  3.3454E+02  2.8496E-01  1.0906E-01
  3.3485E+02  2.8485E-01  1.0912E-01
  3.3517E+02  2.8474E-01  1.0919E-01
  3.3549E+02  2.8463E-01  1.0925E-01
  3.3581E+02  2.8452E-01  1.0931E-01
  3.3613E+02  2.8441E-01  1.0937E-01
  3.3644E+02  2.8430E-01  1.0943E-01
  3.3676E+02  2.8419E-01  1.0949E-01
  3.3708E+02  2.8408E-01  1.0956E-01
  3.3740E+02  2.8398E-01  1.0962E-01
  3.3772E+02  2.8387E-01  1.0968E-01
  3.3803E+02  2.8376E-01  1.0974E-01
  3.3835E+02  2.8365E-01  1.0980E-01
  3.3867E+02  2.8354E-01  1.0986E-01
  3.3899E+02  2.8343E-01  1.0992E-01
  3.3931E+02  2.8332E-01  1.0998E-01
  3.3962E+02  2.8321E-01  1.1004E-01
  3.3994E+02  2.8310E-01  1.1010E-01
  3.4026E+02  2.8299E-01  1.1017E-01
  3.4058E+02  2.8288E-01  1.1023E-01
  3.4090E+02  2.8277E-01  1.1029E-01
  3.4121E+02  2.8266E-01  1.1035E-01
  3.4153E+02  2.8255E-01  1.1041E-01
  3.4185E+02  2.8245E-01  1.1047E-01
  3.4217E+02  2.8234E-01  1.1053E-01
  3.4249E+02  2.8223E-01  1.1059E-01
  3.4280E+02  2.8212E-01  1.1065E-01
  3.4312E+02  2.8201E-01  1.1071E-01
  3.4344E+02  2.8190E-01  1.1077E-01
  3.4376E+02  2.8179E-01  1.1083E-01
  3.4408E+02  2.8168E-01  1.1089E-01
  3.4439E+02  2.8157E-01  1.1095E-01
  3.4471E+02  2.8146E-01  1.1101E-01
  3.4503E+02  2.8136E-01  1.1107E-01
  3.4535E+02  2.8125E-01  1.1113E-01
  3.4567E+02  2.8114E-01  1.1119E-01
  3.4598E+02  2.8103E-01  1.1125E-01
  3.4630E+02  2.8092E-01  1.1131E-01
  3.4662E+02  2.8081E-01  1.1136E-01
  3.4694E+02  2.8070E-01  1.1142E-01
  3.4726E+02  2.8059E-01  1.1148E-01
  3.4757E+02  2.8048E-01  1.1154E-01
  3.4789E+02  2.8038E-01  1.1160E-01
  3.4821E+02  2.8027E-01  1.1166E-01
  3.4853E+02  2.8016E-01  1.1172E-01
  3.4885E+02  2.8005E-01  1.1178E-01
  3.4916E+02  2.7994E-01  1.1184E-01
  3.4948E+02  2.7983E-01  1.1190E-01
  3.4980E+02  2.7972E-01  1.1195E-01
  3.5012E+02  2.7961E-01  1.1201E-01
  3.5044E+02  2.7951E-01  1.1207E-01
  3.5075E+02  2.7940E-01  1.1213E-01
  3.5107E+02  2.7929E-01  1.1219E-01
  3.5139E+02  2.7918E-01  1.1225E-01
  3.5171E+02  2.7907E-01  1.1231E-01
  3.5203E+02  2.7896E-01  1.1236E-01
  3.5234E+02  2.7885E-01  1.1242E-01
  3.5266E+02  2.7874E-01  1.1248E-01
  3.5298E+02  2.7864E-01  1.1254E-01
  3.5330E+02  2.7853E-01  1.1260E-01
  3.5362E+02  2.7842E-01  1.1265E-01
  3.5393E+02  2.7831E-01  1.1271E-01
  3.5425E+02  2.7820E-01  1.1277E-01
  3.5457E+02  2.7809E-01  1.1283E-01
  3.5489E+02  2.7798E-01  1.1289E-01
  3.5521E+02  2.7788E-01  1.1294E-01
  3.5552E+02  2.7777E-01  1.1300E-01
  3.5584E+02  2.7766E-01  1.1306E-01
  3.5616E+02  2.7755E-01  1.1312E-01
  3.5648E+02  2.7744E-01  1.1317E-01
  3.5680E+02  2.7733E-01  1.1323E-01
  3.5711E+02  2.7722E-01  1.1329E-01
  3.5743E+02  2.7712E-01  1.1334E-01
  3.5775E+02  2.7701E-01  1.1340E-01
  3.5807E+02  2.7690E-01  1.1346E-01
  3.5839E+02  2.7679E-01  1.1351E-01
  3.5870E+02  2.7668E-01  1.1357E-01
  3.5902E+02  2.7657E-01  1.1363E-01
  3.5934E+02  2.7646E-01  1.1369E-01
  3.5966E+02  2.7636E-01  1.1374E-01
  3.5998E+02  2.7625E-01  1.1380E-01
  3.6029E+02  2.7614E-01  1.1386E-01
  3.6061E+02  2.7603E-01  1.1391E-01
  3.6093E+02  2.7592E-01  1.1397E-01
  3.6125E+02  2.7581E-01  1.1402E-01
  3.6157E+02  2.7570E-01  1.1408E-01
  3.6188E+02  2.7560E-01  1.1414E-01
  3.6220E+02  2.7549E-01  1.1419E-01
  3.6252E+02  2.7538E-01  1.1425E-01
  3.6284E+02  2.7527E-01  1.1431E-01
  3.6316E+02  2.7516E-01  1.1436E-01
  3.6347E+02  2.7505E-01  1.1442E-01
  3.6379E+02  2.7495E-01  1.1447E-01
  3.6411E+02  2.7484E-01  1.1453E-01
  3.6443E+02  2.7473E-01  1.1458E-01
  3.6475E+02  2.7462E-01  1.1464E-01
  3.6506E+02  2.7451E-01  1.1470E-01
  3.6538E+02  2.7440E-01  1.1475E-01
  3.6570E+02  2.7430E-01  1.1481E-01
  3.6602E+02  2.7419E-01  1.1486E-01
  3.6634E+02  2.7408E-01  1.1492E-01
  3.6665E+02  2.7397E-01  1.1497E-01
  3.6697E+02  2.7386E-01  1.1503E-01
  3.6729E+02  2.7375E-01  1.1508E-01
  3.6761E+02  2.7365E-01  1.1514E-01
  3.6793E+02  2.7354E-01  1.1519E-01
  3.6824E+02  2.7343E-01  1.1525E-01
  3.6856E+02  2.7332E-01  1.1530E-01
  3.6888E+02  2.7321E-01  1.1536E-01
  3.6920E+02  2.7310E-01  1.1541E-01
  3.6952E+02  2.7300E-01  1.1547E-01
  3.6983E+02  2.7289E-01  1.1552E-01
  3.7015E+02  2.7278E-01  1.1558E-01
  3.7047E+02  2.7267E-01  1.1563E-01
  3.7079E+02  2.7256E-01  1.1569E-01
  3.7111E+02  2.7245E-01  1.1574E-01
  3.7142E+02  2.7235E-01  1.1579E-01
  3.7174E+02  2.7224E-01  1.1585E-01
  3.7206E+02  2.7213E-01  1.1590E-01
  3.7238E+02  2.7202E-01  1.1596E-01
  3.7270E+02  2.7191E-01  1.1601E-01
  3.7301E+02  2.7181E-01  1.1607E-01
  3.7333E+02  2.7170E-01  1.1612E-01
  3.7365E+02  2.7159E-01  1.1617E-01
  3.7397E+02  2.7148E-01  1.1623E-01
  3.7429E+02  2.7137E-01  1.1628E-01
  3.7460E+02  2.7127E-01  1.1633E-01
  3.7492E+02  2.7116E-01  1.1639E-01
  3.7524E+02  2.7105E-01  1.1644E-01
  3.7556E+02  2.7094E-01  1.1650E-01
  3.7588E+02  2.7083E-01  1.1655E-01
  3.7619E+02  2.7073E-01  1.1660E-01
  3.7651E+02  2.7062E-01  1.1666E-01
  3.7683E+02  2.7051E-01  1.1671E-01
  3.7715E+02  2.7040E-01  1.1676E-01
  3.7747E+02  2.7029E-01  1.1682E-01
  3.7778E+02  2.7019E-01  1.1687E-01
  3.7810E+02  2.7008E-01  1.1692E-01
  3.7842E+02  2.6997E-01  1.1697E-01
  3.7874E+02  2.6986E-01  1.1703E-01
  3.7906E+02  2.6975E-01  1.1708E-01
  3.7937E+02  2.6965E-01  1.1713E-01
  3.7969E+02  2.6954E-01  1.1719E-01
  3.8001E+02  2.6943E-01  1.1724E-01
  3.8033E+02  2.6932E-01  1.1729E-01
  3.8065E+02  2.6922E-01  1.1734E-01
  3.8096E+02  2.6911E-01  1.1740E-01
  3.8128E+02  2.6900E-01  1.1745E-01
  3.8160E+02  2.6889E-01  1.1750E-01
  3.8192E+02  2.6879E-01  1.1755E-01
  3.8224E+02  2.6868E-01  1.1761E-01
  3.8255E+02  2.6857E-01  1.1766E-01
  3.8287E+02  2.6846E-01  1.1771E-01
  3.8319E+02  2.6835E-01  1.1776E-01
  3.8351E+02  2.6825E-01  1.1781E-01
  3.8383E+02  2.6814E-01  1.1787E-01
  3.8414E+02  2.6803E-01  1.1792E-01
  3.8446E+02  2.6792E-01  1.1797E-01
  3.8478E+02  2.6782E-01  1.1802E-01
  3.8510E+02  2.6771E-01  1.1807E-01
  3.8542E+02  2.6760E-01  1.1812E-01
  3.8573E+02  2.6749E-01  1.1818E-01
  3.8605E+02  2.6739E-01  1.1823E-01
  3.8637E+02  2.6728E-01  1.1828E-01
  3.8669E+02  2.6717E-01  1.1833E-01
  3.8701E+02  2.6706E-01  1.1838E-01
  3.8732E+02  2.6696E-01  1.1843E-01
  3.8764E+02  2.6685E-01  1.1848E-01
  3.8796E+02  2.6674E-01  1.1854E-01
  3.8828E+02  2.6664E-01  1.1859E-01
  3.8860E+02  2.6653E-01  1.1864E-01
  3.8891E+02  2.6642E-01  1.1869E-01
  3.8923E+02  2.6631E-01  1.1874E-01
  3.8955E+02  2.6621E-01  1.1879E-01
  3.8987E+02  2.6610E-01  1.1884E-01
  3.9019E+02  2.6599E-01  1.1889E-01
  3.9050E+02  2.6588E-01  1.1894E-01
  3.9082E+02  2.6578E-01  1.1899E-01
  3.9114E+02  2.6567E-01  1.1904E-01
  3.9146E+02  2.6556E-01  1.1909E-01
  3.9178E+02  2.6546E-01  1.1914E-01
  3.9209E+02  2.6535E-01  1.1919E-01
  3.9241E+02  2.6524E-01  1.1924E-01
  3.9273E+02  2.6513E-01  1.1930E-01
  3.9305E+02  2.6503E-01  1.1935E-01
  3.9337E+02  2.6492E-01  1.1940E-01
  3.9368E+02  2.6481E-01  1.1945E-01
  3.9400E+02  2.6471E-01  1.1950E-01
  3.9432E+02  2.6460E-01  1.1955E-01
  3.9464E+02  2.6449E-01  1.1959E-01
  3.9496E+02  2.6439E-01  1.1964E-01
  3.9527E+02  2.6428E-01  1.1969E-01
  3.9559E+02  2.6417E-01  1.1974E-01
  3.9591E+02  2.6407E-01  1.1979E-01
  3.9623E+02  2.6396E-01  1.1984E-01
  3.9655E+02  2.6385E-01  1.1989E-01
  3.9686E+02  2.6374E-01  1.1994E-01
  3.9718E+02  2.6364E-01  1.1999E-01
  3.9750E+02  2.6353E-01  1.2004E-01
  3.9782E+02  2.6342E-01  1.2009E-01
  3.9814E+02  2.6332E-01  1.2014E-01
  3.9845E+02  2.6321E-01  1.2019E-01
  3.9877E+02  2.6310E-01  1.2024E-01
  3.9909E+02  2.6300E-01  1.2029E-01
  3.9941E+02  2.6289E-01  1.2033E-01
  3.9973E+02  2.6278E-01  1.2038E-01
  4.0004E+02  2.6268E-01  1.2043E-01
  4.0036E+02  2.6257E-01  1.2048E-01
  4.0068E+02  2.6246E-01  1.2053E-01
  4.0100E+02  2.6236E-01  1.2058E-01
  4.0132E+02  2.6225E-01  1.2063E-01
  4.0163E+02  2.6215E-01  1.2068E-01
  4.0195E+02  2.6204E-01  1.2072E-01
  4.0227E+02  2.6193E-01  1.2077E-01
  4.0259E+02  2.6183E-01  1.2082E-01
  4.0291E+02  2.6172E-01  1.2087E-01
  4.0322E+02  2.6161E-01  1.2092E-01
  4.0354E+02  2.6151E-01  1.2096E-01
  4.0386E+02  2.6140E-01  1.2101E-01
  4.0418E+02  2.6129E-01  1.2106E-01
  4.0450E+02  2.6119E-01  1.2111E-01
  4.0481E+02  2.6108E-01  1.2116E-01
  4.0513E+02  2.6097E-01  1.2120E-01
  4.0545E+02  2.6087E-01  1.2125E-01
  4.0577E+02  2.6076E-01  1.2130E-01
  4.0609E+02  2.6066E-01  1.2135E-01
  4.0640E+02  2.6055E-01  1.2140E-01
  4.0672E+02  2.6044E-01  1.2144E-01
  4.0704E+02  2.6034E-01  1.2149E-01
  4.0736E+02  2.6023E-01  1.2154E-01
  4.0768E+02  2.6012E-01  1.2158E-01
  4.0799E+02  2.6002E-01  1.2163E-01
  4.0831E+02  2.5991E-01  1.2168E-01
  4.0863E+02  2.5981E-01  1.2173E-01
  4.0895E+02  2.5970E-01  1.2177E-01
  4.0927E+02  2.5959E-01  1.2182E-01
  4.0958E+02  2.5949E-01  1.2187E-01
  4.0990E+02  2.5938E-01  1.2191E-01
  4.1022E+02  2.5928E-01  1.2196E-01
  4.1054E+02  2.5917E-01  1.2201E-01
  4.1086E+02  2.5906E-01  1.2205E-01
  4.1117E+02  2.5896E-01  1.2210E-01
  4.1149E+02  2.5885E-01  1.2215E-01
  4.1181E+02  2.5875E-01  1.2219E-01
  4.1213E+02  2.5864E-01  1.2224E-01
  4.1245E+02  2.5853E-01  1.2229E-01
  4.1276E+02  2.5843E-01  1.2233E-01
  4.1308E+02  2.5832E-01  1.2238E-01
  4.1340E+02  2.5822E-01  1.2243E-01
  4.1372E+02  2.5811E-01  1.2247E-01
  4.1404E+02  2.5800E-01  1.2252E-01
  4.1435E+02  2.5790E-01  1.2256E-01
  4.1467E+02  2.5779E-01  1.2261E-01
  4.1499E+02  2.5769E-01  1.2266E-01
  4.1531E+02  2.5758E-01  1.2270E-01
  4.1563E+02  2.5747E-01  1.2275E-01
  4.1594E+02  2.5737E-01  1.2279E-01
  4.1626E+02  2.5726E-01  1.2284E-01
  4.1658E+02  2.5716E-01  1.2289E-01
  4.1690E+02  2.5705E-01  1.2293E-01
  4.1722E+02  2.5695E-01  1.2298E-01
  4.1753E+02  2.5684E-01  1.2302E-01
  4.1785E+02  2.5673E-01  1.2307E-01
  4.1817E+02  2.5663E-01  1.2311E-01
  4.1849E+02  2.5652E-01  1.2316E-01
  4.1881E+02  2.5642E-01  1.2320E-01
  4.1912E+02  2.5631E-01  1.2325E-01
  4.1944E+02  2.5621E-01  1.2329E-01
  4.1976E+02  2.5610E-01  1.2334E-01
  4.2008E+02  2.5600E-01  1.2338E-01
  4.2040E+02  2.5589E-01  1.2343E-01
  4.2071E+02  2.5578E-01  1.2347E-01
  4.2103E+02  2.5568E-01  1.2352E-01
  4.2135E+02  2.5557E-01  1.2356E-01
  4.2167E+02  2.5547E-01  1.2361E-01
  4.2199E+02  2.5536E-01  1.2365E-01
  4.2230E+02  2.5526E-01  1.2370E-01
  4.2262E+02  2.5515E-01  1.2374E-01
  4.2294E+02  2.5505E-01  1.2379E-01
  4.2326E+02  2.5494E-01  1.2383E-01
  4.2358E+02  2.5484E-01  1.2387E-01
  4.2389E+02  2.5473E-01  1.2392E-01
  4.2421E+02  2.5463E-01  1.2396E-01
  4.2453E+02  2.5452E-01  1.2401E-01
  4.2485E+02  2.5441E-01  1.2405E-01
  4.2517E+02  2.5431E-01  1.2410E-01
  4.2548E+02  2.5420E-01  1.2414E-01
  4.2580E+02  2.5410E-01  1.2418E-01
  4.2612E+02  2.5399E-01  1.2423E-01
  4.2644E+02  2.5389E-01  1.2427E-01
  4.2676E+02  2.5378E-01  1.2431E-01
  4.2707E+02  2.5368E-01  1.2436E-01
  4.2739E+02  2.5357E-01  1.2440E-01
  4.2771E+02  2.5347E-01  1.2445E-01
  4.2803E+02  2.5336E-01  1.2449E-01
  4.2835E+02  2.5326E-01  1.2453E-01
  4.2866E+02  2.5315E-01  1.2458E-01
  4.2898E+02  2.5305E-01  1.2462E-01
  4.2930E+02  2.5294E-01  1.2466E-01
  4.2962E+02  2.5284E-01  1.2471E-01
  4.2994E+02  2.5273E-01  1.2475E-01
  4.3025E+02  2.5263E-01  1.2479E-01
  4.3057E+02  2.5252E-01  1.2484E-01
  4.3089E+02  2.5242E-01  1.2488E-01
  4.3121E+02  2.5231E-01  1.2492E-01
  4.3153E+02  2.5221E-01  1.2496E-01
  4.3184E+02  2.5210E-01  1.2501E-01
  4.3216E+02  2.5200E-01  1.2505E-01
  4.3248E+02  2.5189E-01  1.2509E-01
  4.3280E+02  2.5179E-01  1.2514E-01
  4.3312E+02  2.5168E-01  1.2518E-01
  4.3343E+02  2.5158E-01  1.2522E-01
  4.3375E+02  2.5147E-01  1.2526E-01
  4.3407E+02  2.5137E-01  1.2531E-01
  4.3439E+02  2.5126E-01  1.2535E-01
  4.3471E+02  2.5116E-01  1.2539E-01
  4.3502E+02  2.5105E-01  1.2543E-01
  4.3534E+02  2.5095E-01  1.2547E-01
  4.3566E+02  2.5085E-01  1.2552E-01
  4.3598E+02  2.5074E-01  1.2556E-01
  4.3630E+02  2.5064E-01  1.2560E-01
  4.3661E+02  2.5053E-01  1.2564E-01
  4.3693E+02  2.5043E-01  1.2568E-01
  4.3725E+02  2.5032E-01  1.2573E-01
  4.3757E+02  2.5022E-01  1.2577E-01
  4.3789E+02  2.5011E-01  1.2581E-01
  4.3820E+02  2.5001E-01  1.2585E-01
  4.3852E+02  2.4990E-01  1.2589E-01
  4.3884E+02  2.4980E-01  1.2594E-01
  4.3916E+02  2.4970E-01  1.2598E-01
  4.3948E+02  2.4959E-01  1.2602E-01
  4.3979E+02  2.4949E-01  1.2606E-01
  4.4011E+02  2.4938E-01  1.2610E-01
  4.4043E+02  2.4928E-01  1.2614E-01
  4.4075E+02  2.4917E-01  1.2618E-01
  4.4107E+02  2.4907E-01  1.2622E-01
  4.4138E+02  2.4896E-01  1.2627E-01
  4.4170E+02  2.4886E-01  1.2631E-01
  4.4202E+02  2.4876E-01  1.2635E-01
  4.4234E+02  2.4865E-01  1.2639E-01
  4.4266E+02  2.4855E-01  1.2643E-01
  4.4297E+02  2.4844E-01  1.2647E-01
  4.4329E+02  2.4834E-01  1.2651E-01
  4.4361E+02  2.4824E-01  1.2655E-01
  4.4393E+02  2.4813E-01  1.2659E-01
  4.4425E+02  2.4803E-01  1.2663E-01
  4.4456E+02  2.4792E-01  1.2667E-01
  4.4488E+02  2.4782E-01  1.2672E-01
  4.4520E+02  2.4771E-01  1.2676E-01
  4.4552E+02  2.4761E-01  1.2680E-01
  4.4584E+02  2.4751E-01  1.2684E-01
  4.4615E+02  2.4740E-01  1.2688E-01
  4.4647E+02  2.4730E-01  1.2692E-01
  4.4679E+02  2.4719E-01  1.2696E-01
  4.4711E+02  2.4709E-01  1.2700E-01
  4.4743E+02  2.4699E-01  1.2704E-01
  4.4774E+02  2.4688E-01  1.2708E-01
  4.4806E+02  2.4678E-01  1.2712E-01
  4.4838E+02  2.4668E-01  1.2716E-01
  4.4870E+02  2.4657E-01  1.2720E-01
  4.4902E+02  2.4647E-01  1.2724E-01
  4.4933E+02  2.4636E-01  1.2728E-01
  4.4965E+02  2.4626E-01  1.2732E-01
  4.4997E+02  2.4616E-01  1.2736E-01
  4.5029E+02  2.4605E-01  1.2740E-01
  4.5061E+02  2.4595E-01  1.2744E-01
  4.5092E+02  2.4584E-01  1.2747E-01
  4.5124E+02  2.4574E-01  1.2751E-01
  4.5156E+02  2.4564E-01  1.2755E-01
  4.5188E+02  2.4553E-01  1.2759E-01
  4.5220E+02  2.4543E-01  1.2763E-01
  4.5251E+02  2.4533E-01  1.2767E-01
  4.5283E+02  2.4522E-01  1.2771E-01
  4.5315E+02  2.4512E-01  1.2775E-01
  4.5347E+02  2.4502E-01  1.2779E-01
  4.5379E+02  2.4491E-01  1.2783E-01
  4.5410E+02  2.4481E-01  1.2787E-01
  4.5442E+02  2.4471E-01  1.2791E-01
  4.5474E+02  2.4460E-01  1.2794E-01
  4.5506E+02  2.4450E-01  1.2798E-01
  4.5538E+02  2.4440E-01  1.2802E-01
  4.5569E+02  2.4429E-01  1.2806E-01
  4.5601E+02  2.4419E-01  1.2810E-01
  4.5633E+02  2.4409E-01  1.2814E-01
  4.5665E+02  2.4398E-01  1.2818E-01
  4.5697E+02  2.4388E-01  1.2821E-01
  4.5728E+02  2.4378E-01  1.2825E-01
  4.5760E+02  2.4367E-01  1.2829E-01
  4.5792E+02  2.4357E-01  1.2833E-01
  4.5824E+02  2.4347E-01  1.2837E-01
  4.5856E+02  2.4336E-01  1.2841E-01
  4.5887E+02  2.4326E-01  1.2844E-01
  4.5919E+02  2.4316E-01  1.2848E-01
  4.5951E+02  2.4305E-01  1.2852E-01
  4.5983E+02  2.4295E-01  1.2856E-01
  4.6015E+02  2.4285E-01  1.2860E-01
  4.6046E+02  2.4274E-01  1.2863E-01
  4.6078E+02  2.4264E-01  1.2867E-01
  4.6110E+02  2.4254E-01  1.2871E-01
  4.6142E+02  2.4243E-01  1.2875E-01
  4.6174E+02  2.4233E-01  1.2878E-01
  4.6205E+02  2.4223E-01  1.2882E-01
  4.6237E+02  2.4212E-01  1.2886E-01
  4.6269E+02  2.4202E-01  1.2890E-01
  4.6301E+02  2.4192E-01  1.2893E-01
  4.6333E+02  2.4182E-01  1.2897E-01
  4.6364E+02  2.4171E-01  1.2901E-01
  4.6396E+02  2.4161E-01  1.2905E-01
  4.6428E+02  2.4151E-01  1.2908E-01
  4.6460E+02  2.4140E-01  1.2912E-01
  4.6492E+02  2.4130E-01  1.2916E-01
  4.6523E+02  2.4120E-01  1.2919E-01
  4.6555E+02  2.4110E-01  1.2923E-01
  4.6587E+02  2.4099E-01  1.2927E-01
  4.6619E+02  2.4089E-01  1.2931E-01
  4.6651E+02  2.4079E-01  1.2934E-01
  4.6682E+02  2.4069E-01  1.2938E-01
  4.6714E+02  2.4058E-01  1.2942E-01
  4.6746E+02  2.4048E-01  1.2945E-01
  4.6778E+02  2.4038E-01  1.2949E-01
  4.6810E+02  2.4027E-01  1.2953E-01
  4.6841E+02  2.4017E-01  1.2956E-01
  4.6873E+02  2.4007E-01  1.2960E-01
  4.6905E+02  2.3997E-01  1.2963E-01
  4.6937E+02  2.3986E-01  1.2967E-01
  4.6969E+02  2.3976E-01  1.2971E-01
  4.7000E+02  2.3966E-01  1.2974E-01
  4.7032E+02  2.3956E-01  1.2978E-01
  4.7064E+02  2.3945E-01  1.2982E-01
  4.7096E+02  2.3935E-01  1.2985E-01
  4.7128E+02  2.3925E-01  1.2989E-01
  4.7159E+02  2.3915E-01  1.2992E-01
  4.7191E+02  2.3904E-01  1.2996E-01
  4.7223E+02  2.3894E-01  1.2999E-01
  4.7255E+02  2.3884E-01  1.3003E-01
  4.7287E+02  2.3874E-01  1.3007E-01
  4.7318E+02  2.3864E-01  1.3010E-01
  4.7350E+02  2.3853E-01  1.3014E-01
  4.7382E+02  2.3843E-01  1.3017E-01
  4.7414E+02  2.3833E-01  1.3021E-01
  4.7446E+02  2.3823E-01  1.3024E-01
  4.7477E+02  2.3812E-01  1.3028E-01
  4.7509E+02  2.3802E-01  1.3031E-01
  4.7541E+02  2.3792E-01  1.3035E-01
  4.7573E+02  2.3782E-01  1.3039E-01
  4.7605E+02  2.3772E-01  1.3042E-01
  4.7636E+02  2.3761E-01  1.3046E-01
  4.7668E+02  2.3751E-01  1.3049E-01
  4.7700E+02  2.3741E-01  1.3053E-01
  4.7732E+02  2.3731E-01  1.3056E-01
  4.7764E+02  2.3720E-01  1.3060E-01
  4.7795E+02  2.3710E-01  1.3063E-01
  4.7827E+02  2.3700E-01  1.3067E-01
  4.7859E+02  2.3690E-01  1.3070E-01
  4.7891E+02  2.3680E-01  1.3073E-01
  4.7923E+02  2.3669E-01  1.3077E-01
  4.7954E+02  2.3659E-01  1.3080E-01
  4.7986E+02  2.3649E-01  1.3084E-01
  4.8018E+02  2.3639E-01  1.3087E-01
  4.8050E+02  2.3629E-01  1.3091E-01
  4.8082E+02  2.3619E-01  1.3094E-01
  4.8113E+02  2.3608E-01  1.3098E-01
  4.8145E+02  2.3598E-01  1.3101E-01
  4.8177E+02  2.3588E-01  1.3104E-01
  4.8209E+02  2.3578E-01  1.3108E-01
  4.8241E+02  2.3568E-01  1.3111E-01
  4.8272E+02  2.3557E-01  1.3115E-01
  4.8304E+02  2.3547E-01  1.3118E-01
  4.8336E+02  2.3537E-01  1.3121E-01
  4.8368E+02  2.3527E-01  1.3125E-01
  4.8400E+02  2.3517E-01  1.3128E-01
  4.8431E+02  2.3507E-01  1.3132E-01
  4.8463E+02  2.3496E-01  1.3135E-01
  4.8495E+02  2.3486E-01  1.3138E-01
  4.8527E+02  2.3476E-01  1.3142E-01
  4.8559E+02  2.3466E-01  1.3145E-01
  4.8590E+02  2.3456E-01  1.3148E-01
  4.8622E+02  2.3446E-01  1.3152E-01
  4.8654E+02  2.3436E-01  1.3155E-01
  4.8686E+02  2.3425E-01  1.3158E-01
  4.8718E+02  2.3415E-01  1.3162E-01
  4.8749E+02  2.3405E-01  1.3165E-01
  4.8781E+02  2.3395E-01  1.3168E-01
  4.8813E+02  2.3385E-01  1.3172E-01
  4.8845E+02  2.3375E-01  1.3175E-01
  4.8877E+02  2.3365E-01  1.3178E-01
  4.8908E+02  2.3354E-01  1.3182E-01
  4.8940E+02  2.3344E-01  1.3185E-01
  4.8972E+02  2.3334E-01  1.3188E-01
  4.9004E+02  2.3324E-01  1.3192E-01
  4.9036E+02  2.3314E-01  1.3195E-01
  4.9067E+02  2.3304E-01  1.3198E-01
  4.9099E+02  2.3294E-01  1.3201E-01
  4.9131E+02  2.3284E-01  1.3205E-01
  4.9163E+02  2.3274E-01  1.3208E-01
  4.9195E+02  2.3263E-01  1.3211E-01
  4.9226E+02  2.3253E-01  1.3214E-01
  4.9258E+02  2.3243E-01  1.3218E-01
  4.9290E+02  2.3233E-01  1.3221E-01
  4.9322E+02  2.3223E-01  1.3224E-01
  4.9354E+02  2.3213E-01  1.3227E-01
  4.9385E+02  2.3203E-01  1.3231E-01
  4.9417E+02  2.3193E-01  1.3234E-01
  4.9449E+02  2.3183E-01  1.3237E-01
  4.9481E+02  2.3173E-01  1.3240E-01
  4.9513E+02  2.3162E-01  1.3243E-01
  4.9544E+02  2.3152E-01  1.3247E-01
  4.9576E+02  2.3142E-01  1.3250E-01
  4.9608E+02  2.3132E-01  1.3253E-01
  4.9640E+02  2.3122E-01  1.3256E-01
  4.9672E+02  2.3112E-01  1.3259E-01
  4.9703E+02  2.3102E-01  1.3262E-01
  4.9735E+02  2.3092E-01  1.3266E-01
  4.9767E+02  2.3082E-01  1.3269E-01
  4.9799E+02  2.3072E-01  1.3272E-01
  4.9831E+02  2.3062E-01  1.3275E-01
  4.9862E+02  2.3052E-01  1.3278E-01
  4.9894E+02  2.3042E-01  1.3281E-01
  4.9926E+02  2.3031E-01  1.3284E-01
  4.9958E+02  2.3021E-01  1.3288E-01
  4.9990E+02  2.3011E-01  1.3291E-01
  5.0000E+02  2.3008E-01  1.3292E-01
