# CREATED BY GENE DIAGNOSTICS TOOL on Mon Jun 25 12:52:57 2018
# diag: GAMDIAG, run(s): 0082, time window: 0-500(1594 steps), species: ions
# original data path: /r/c/cmor/ZF_3rd/w7xhms05/1.5047-2.5/
# normalization: L_ref=5.4832m
#
# xind= 0, x/a= 0.70710677, q= 1.1018624
# Fit:    0.99999666,-0.016619046,11.836285
# Analytic (Gao, Zhou/Yu): 0.32199362,-0.039667283,11.837403
#  t          Re[phi]     Im[phi]   
  0.0000E+00  9.9998E-01  0.0000E+00
  3.1400E-01  9.9294E-01  8.3837E-04
  6.2800E-01  9.7369E-01  1.6440E-03
  9.4200E-01  9.4602E-01  2.4256E-03
  1.2560E+00  9.1368E-01  3.1908E-03
  1.5700E+00  8.7951E-01  3.9517E-03
  1.8840E+00  8.4547E-01  4.7185E-03
  2.1980E+00  8.1276E-01  5.4853E-03
  2.5120E+00  7.8202E-01  6.2305E-03
  2.8260E+00  7.5356E-01  6.9257E-03
  3.1400E+00  7.2742E-01  7.5450E-03
  3.4540E+00  7.0352E-01  8.0703E-03
  3.7680E+00  6.8167E-01  8.4930E-03
  4.0820E+00  6.6163E-01  8.8131E-03
  4.3960E+00  6.4317E-01  9.0368E-03
  4.7100E+00  6.2606E-01  9.1748E-03
  5.0240E+00  6.1013E-01  9.2408E-03
  5.3380E+00  5.9524E-01  9.2499E-03
  5.6520E+00  5.8126E-01  9.2184E-03
  5.9660E+00  5.6815E-01  9.1618E-03
  6.2800E+00  5.5583E-01  9.0965E-03
  6.5940E+00  5.4428E-01  9.0359E-03
  6.9080E+00  5.3345E-01  8.9893E-03
  7.2220E+00  5.2332E-01  8.9705E-03
  7.5360E+00  5.1384E-01  8.9805E-03
  7.8500E+00  5.0495E-01  9.0173E-03
  8.1640E+00  4.9663E-01  9.0919E-03
  8.4780E+00  4.8883E-01  9.2000E-03
  8.7920E+00  4.8148E-01  9.3265E-03
  9.1060E+00  4.7454E-01  9.4719E-03
  9.4200E+00  4.6798E-01  9.6387E-03
  9.7340E+00  4.6174E-01  9.8216E-03
  1.0048E+01  4.5580E-01  1.0015E-02
  1.0362E+01  4.5012E-01  1.0217E-02
  1.0676E+01  4.4469E-01  1.0419E-02
  1.0990E+01  4.3947E-01  1.0613E-02
  1.1304E+01  4.3443E-01  1.0795E-02
  1.1618E+01  4.2959E-01  1.0958E-02
  1.1932E+01  4.2493E-01  1.1101E-02
  1.2246E+01  4.2043E-01  1.1218E-02
  1.2560E+01  4.1603E-01  1.1301E-02
  1.2874E+01  4.1173E-01  1.1347E-02
  1.3188E+01  4.0754E-01  1.1361E-02
  1.3502E+01  4.0352E-01  1.1355E-02
  1.3816E+01  3.9969E-01  1.1334E-02
  1.4130E+01  3.9601E-01  1.1290E-02
  1.4444E+01  3.9241E-01  1.1216E-02
  1.4758E+01  3.8886E-01  1.1111E-02
  1.5072E+01  3.8534E-01  1.0980E-02
  1.5386E+01  3.8188E-01  1.0827E-02
  1.5700E+01  3.7850E-01  1.0661E-02
  1.6014E+01  3.7523E-01  1.0492E-02
  1.6328E+01  3.7207E-01  1.0327E-02
  1.6642E+01  3.6899E-01  1.0165E-02
  1.6956E+01  3.6596E-01  9.9955E-03
  1.7270E+01  3.6295E-01  9.8066E-03
  1.7584E+01  3.5996E-01  9.5995E-03
  1.7898E+01  3.5699E-01  9.3815E-03
  1.8212E+01  3.5406E-01  9.1569E-03
  1.8526E+01  3.5119E-01  8.9254E-03
  1.8840E+01  3.4838E-01  8.6880E-03
  1.9154E+01  3.4568E-01  8.4542E-03
  1.9468E+01  3.4309E-01  8.2430E-03
  1.9782E+01  3.4063E-01  8.0717E-03
  2.0096E+01  3.3828E-01  7.9426E-03
  2.0410E+01  3.3600E-01  7.8389E-03
  2.0724E+01  3.3377E-01  7.7337E-03
  2.1038E+01  3.3159E-01  7.6055E-03
  2.1352E+01  3.2953E-01  7.4517E-03
  2.1666E+01  3.2765E-01  7.2891E-03
  2.1980E+01  3.2604E-01  7.1433E-03
  2.2294E+01  3.2470E-01  7.0345E-03
  2.2608E+01  3.2359E-01  6.9663E-03
  2.2922E+01  3.2261E-01  6.9233E-03
  2.3236E+01  3.2165E-01  6.8798E-03
  2.3550E+01  3.2065E-01  6.8171E-03
  2.3864E+01  3.1964E-01  6.7344E-03
  2.4178E+01  3.1871E-01  6.6494E-03
  2.4492E+01  3.1797E-01  6.5925E-03
  2.4806E+01  3.1754E-01  6.5987E-03
  2.5120E+01  3.1742E-01  6.6917E-03
  2.5434E+01  3.1756E-01  6.8675E-03
  2.5748E+01  3.1777E-01  7.0924E-03
  2.6062E+01  3.1786E-01  7.3201E-03
  2.6376E+01  3.1767E-01  7.5115E-03
  2.6690E+01  3.1714E-01  7.6428E-03
  2.7004E+01  3.1627E-01  7.7090E-03
  2.7318E+01  3.1518E-01  7.7308E-03
  2.7632E+01  3.1407E-01  7.7569E-03
  2.7946E+01  3.1317E-01  7.8483E-03
  2.8260E+01  3.1266E-01  8.0481E-03
  2.8574E+01  3.1262E-01  8.3605E-03
  2.8888E+01  3.1298E-01  8.7542E-03
  2.9202E+01  3.1365E-01  9.1833E-03
  2.9516E+01  3.1449E-01  9.6051E-03
  2.9830E+01  3.1536E-01  9.9885E-03
  3.0144E+01  3.1614E-01  1.0315E-02
  3.0458E+01  3.1673E-01  1.0580E-02
  3.0772E+01  3.1712E-01  1.0797E-02
  3.1086E+01  3.1735E-01  1.0997E-02
  3.1400E+01  3.1754E-01  1.1212E-02
  3.1714E+01  3.1780E-01  1.1466E-02
  3.2028E+01  3.1819E-01  1.1763E-02
  3.2342E+01  3.1874E-01  1.2092E-02
  3.2656E+01  3.1946E-01  1.2439E-02
  3.2970E+01  3.2036E-01  1.2794E-02
  3.3284E+01  3.2142E-01  1.3149E-02
  3.3598E+01  3.2260E-01  1.3494E-02
  3.3912E+01  3.2385E-01  1.3816E-02
  3.4226E+01  3.2504E-01  1.4099E-02
  3.4540E+01  3.2611E-01  1.4332E-02
  3.4854E+01  3.2702E-01  1.4518E-02
  3.5168E+01  3.2783E-01  1.4680E-02
  3.5482E+01  3.2866E-01  1.4847E-02
  3.5796E+01  3.2963E-01  1.5055E-02
  3.6110E+01  3.3085E-01  1.5325E-02
  3.6424E+01  3.3235E-01  1.5667E-02
  3.6738E+01  3.3411E-01  1.6073E-02
  3.7052E+01  3.3606E-01  1.6531E-02
  3.7366E+01  3.3813E-01  1.7018E-02
  3.7680E+01  3.4024E-01  1.7517E-02
  3.7994E+01  3.4234E-01  1.8010E-02
  3.8308E+01  3.4440E-01  1.8489E-02
  3.8622E+01  3.4636E-01  1.8945E-02
  3.8936E+01  3.4815E-01  1.9366E-02
  3.9250E+01  3.4969E-01  1.9733E-02
  3.9564E+01  3.5086E-01  2.0018E-02
  3.9878E+01  3.5159E-01  2.0198E-02
  4.0192E+01  3.5186E-01  2.0263E-02
  4.0506E+01  3.5169E-01  2.0224E-02
  4.0820E+01  3.5119E-01  2.0112E-02
  4.1134E+01  3.5049E-01  1.9968E-02
  4.1448E+01  3.4974E-01  1.9832E-02
  4.1762E+01  3.4908E-01  1.9740E-02
  4.2076E+01  3.4865E-01  1.9719E-02
  4.2390E+01  3.4854E-01  1.9784E-02
  4.2704E+01  3.4879E-01  1.9941E-02
  4.3018E+01  3.4939E-01  2.0179E-02
  4.3332E+01  3.5030E-01  2.0476E-02
  4.3646E+01  3.5146E-01  2.0810E-02
  4.3960E+01  3.5279E-01  2.1157E-02
  4.4274E+01  3.5420E-01  2.1498E-02
  4.4588E+01  3.5564E-01  2.1818E-02
  4.4902E+01  3.5704E-01  2.2106E-02
  4.5216E+01  3.5836E-01  2.2360E-02
  4.5530E+01  3.5956E-01  2.2578E-02
  4.5844E+01  3.6061E-01  2.2759E-02
  4.6158E+01  3.6148E-01  2.2899E-02
  4.6472E+01  3.6214E-01  2.2997E-02
  4.6786E+01  3.6258E-01  2.3056E-02
  4.7100E+01  3.6281E-01  2.3084E-02
  4.7414E+01  3.6285E-01  2.3084E-02
  4.7728E+01  3.6271E-01  2.3058E-02
  4.8042E+01  3.6243E-01  2.3011E-02
  4.8356E+01  3.6204E-01  2.2949E-02
  4.8670E+01  3.6157E-01  2.2883E-02
  4.8984E+01  3.6105E-01  2.2813E-02
  4.9298E+01  3.6051E-01  2.2736E-02
  4.9612E+01  3.5995E-01  2.2642E-02
  4.9926E+01  3.5940E-01  2.2528E-02
  5.0240E+01  3.5890E-01  2.2399E-02
  5.0554E+01  3.5849E-01  2.2276E-02
  5.0868E+01  3.5825E-01  2.2181E-02
  5.1182E+01  3.5819E-01  2.2135E-02
  5.1496E+01  3.5833E-01  2.2151E-02
  5.1810E+01  3.5865E-01  2.2230E-02
  5.2124E+01  3.5913E-01  2.2366E-02
  5.2438E+01  3.5972E-01  2.2543E-02
  5.2752E+01  3.6036E-01  2.2735E-02
  5.3066E+01  3.6100E-01  2.2917E-02
  5.3380E+01  3.6161E-01  2.3064E-02
  5.3694E+01  3.6216E-01  2.3170E-02
  5.4008E+01  3.6268E-01  2.3243E-02
  5.4322E+01  3.6317E-01  2.3303E-02
  5.4636E+01  3.6368E-01  2.3375E-02
  5.4950E+01  3.6424E-01  2.3476E-02
  5.5264E+01  3.6485E-01  2.3616E-02
  5.5578E+01  3.6551E-01  2.3787E-02
  5.5892E+01  3.6619E-01  2.3976E-02
  5.6206E+01  3.6688E-01  2.4172E-02
  5.6520E+01  3.6754E-01  2.4370E-02
  5.6834E+01  3.6815E-01  2.4571E-02
  5.7148E+01  3.6869E-01  2.4774E-02
  5.7462E+01  3.6911E-01  2.4978E-02
  5.7776E+01  3.6940E-01  2.5178E-02
  5.8090E+01  3.6955E-01  2.5370E-02
  5.8404E+01  3.6953E-01  2.5549E-02
  5.8718E+01  3.6936E-01  2.5713E-02
  5.9032E+01  3.6904E-01  2.5861E-02
  5.9346E+01  3.6858E-01  2.5987E-02
  5.9660E+01  3.6799E-01  2.6088E-02
  5.9974E+01  3.6728E-01  2.6158E-02
  6.0288E+01  3.6646E-01  2.6193E-02
  6.0602E+01  3.6557E-01  2.6194E-02
  6.0916E+01  3.6461E-01  2.6168E-02
  6.1230E+01  3.6365E-01  2.6127E-02
  6.1544E+01  3.6269E-01  2.6084E-02
  6.1858E+01  3.6179E-01  2.6050E-02
  6.2172E+01  3.6096E-01  2.6033E-02
  6.2486E+01  3.6020E-01  2.6032E-02
  6.2800E+01  3.5952E-01  2.6042E-02
  6.3114E+01  3.5892E-01  2.6057E-02
  6.3428E+01  3.5839E-01  2.6070E-02
  6.3742E+01  3.5792E-01  2.6082E-02
  6.4056E+01  3.5753E-01  2.6097E-02
  6.4370E+01  3.5721E-01  2.6121E-02
  6.4684E+01  3.5696E-01  2.6160E-02
  6.4998E+01  3.5678E-01  2.6219E-02
  6.5312E+01  3.5665E-01  2.6303E-02
  6.5626E+01  3.5658E-01  2.6414E-02
  6.5940E+01  3.5656E-01  2.6551E-02
  6.6254E+01  3.5656E-01  2.6706E-02
  6.6568E+01  3.5659E-01  2.6867E-02
  6.6882E+01  3.5662E-01  2.7023E-02
  6.7196E+01  3.5664E-01  2.7169E-02
  6.7510E+01  3.5666E-01  2.7306E-02
  6.7824E+01  3.5667E-01  2.7440E-02
  6.8138E+01  3.5669E-01  2.7574E-02
  6.8452E+01  3.5670E-01  2.7711E-02
  6.8766E+01  3.5670E-01  2.7850E-02
  6.9080E+01  3.5671E-01  2.7993E-02
  6.9394E+01  3.5671E-01  2.8141E-02
  6.9708E+01  3.5670E-01  2.8296E-02
  7.0022E+01  3.5670E-01  2.8458E-02
  7.0336E+01  3.5671E-01  2.8627E-02
  7.0650E+01  3.5673E-01  2.8797E-02
  7.0964E+01  3.5674E-01  2.8964E-02
  7.1278E+01  3.5674E-01  2.9122E-02
  7.1592E+01  3.5672E-01  2.9264E-02
  7.1906E+01  3.5666E-01  2.9390E-02
  7.2220E+01  3.5656E-01  2.9501E-02
  7.2534E+01  3.5643E-01  2.9603E-02
  7.2848E+01  3.5626E-01  2.9701E-02
  7.3162E+01  3.5606E-01  2.9798E-02
  7.3476E+01  3.5584E-01  2.9893E-02
  7.3790E+01  3.5560E-01  2.9982E-02
  7.4104E+01  3.5535E-01  3.0063E-02
  7.4418E+01  3.5508E-01  3.0136E-02
  7.4732E+01  3.5482E-01  3.0205E-02
  7.5046E+01  3.5456E-01  3.0277E-02
  7.5360E+01  3.5433E-01  3.0361E-02
  7.5674E+01  3.5412E-01  3.0462E-02
  7.5988E+01  3.5394E-01  3.0584E-02
  7.6302E+01  3.5380E-01  3.0728E-02
  7.6616E+01  3.5370E-01  3.0893E-02
  7.6930E+01  3.5364E-01  3.1077E-02
  7.7244E+01  3.5360E-01  3.1281E-02
  7.7558E+01  3.5358E-01  3.1502E-02
  7.7872E+01  3.5357E-01  3.1736E-02
  7.8186E+01  3.5356E-01  3.1975E-02
  7.8500E+01  3.5353E-01  3.2210E-02
  7.8814E+01  3.5346E-01  3.2431E-02
  7.9128E+01  3.5333E-01  3.2626E-02
  7.9442E+01  3.5314E-01  3.2785E-02
  7.9756E+01  3.5288E-01  3.2898E-02
  8.0070E+01  3.5252E-01  3.2958E-02
  8.0384E+01  3.5210E-01  3.2966E-02
  8.0698E+01  3.5162E-01  3.2932E-02
  8.1012E+01  3.5111E-01  3.2876E-02
  8.1326E+01  3.5063E-01  3.2823E-02
  8.1640E+01  3.5019E-01  3.2796E-02
  8.1954E+01  3.4982E-01  3.2811E-02
  8.2268E+01  3.4956E-01  3.2875E-02
  8.2582E+01  3.4939E-01  3.2987E-02
  8.2896E+01  3.4932E-01  3.3141E-02
  8.3210E+01  3.4932E-01  3.3326E-02
  8.3524E+01  3.4937E-01  3.3528E-02
  8.3838E+01  3.4944E-01  3.3736E-02
  8.4152E+01  3.4950E-01  3.3935E-02
  8.4466E+01  3.4955E-01  3.4117E-02
  8.4780E+01  3.4955E-01  3.4278E-02
  8.5094E+01  3.4951E-01  3.4416E-02
  8.5408E+01  3.4943E-01  3.4535E-02
  8.5722E+01  3.4932E-01  3.4639E-02
  8.6036E+01  3.4918E-01  3.4735E-02
  8.6350E+01  3.4903E-01  3.4827E-02
  8.6664E+01  3.4887E-01  3.4921E-02
  8.6978E+01  3.4872E-01  3.5023E-02
  8.7292E+01  3.4859E-01  3.5137E-02
  8.7606E+01  3.4847E-01  3.5267E-02
  8.7920E+01  3.4839E-01  3.5413E-02
  8.8234E+01  3.4834E-01  3.5575E-02
  8.8548E+01  3.4831E-01  3.5751E-02
  8.8862E+01  3.4830E-01  3.5938E-02
  8.9176E+01  3.4832E-01  3.6132E-02
  8.9490E+01  3.4834E-01  3.6327E-02
  8.9804E+01  3.4837E-01  3.6516E-02
  9.0118E+01  3.4841E-01  3.6695E-02
  9.0432E+01  3.4845E-01  3.6862E-02
  9.0746E+01  3.4849E-01  3.7017E-02
  9.1060E+01  3.4853E-01  3.7166E-02
  9.1374E+01  3.4857E-01  3.7311E-02
  9.1688E+01  3.4863E-01  3.7458E-02
  9.2002E+01  3.4869E-01  3.7607E-02
  9.2316E+01  3.4875E-01  3.7759E-02
  9.2630E+01  3.4881E-01  3.7911E-02
  9.2944E+01  3.4887E-01  3.8063E-02
  9.3258E+01  3.4893E-01  3.8215E-02
  9.3572E+01  3.4898E-01  3.8368E-02
  9.3886E+01  3.4902E-01  3.8521E-02
  9.4200E+01  3.4906E-01  3.8675E-02
  9.4514E+01  3.4910E-01  3.8829E-02
  9.4828E+01  3.4913E-01  3.8980E-02
  9.5142E+01  3.4914E-01  3.9126E-02
  9.5456E+01  3.4914E-01  3.9265E-02
  9.5770E+01  3.4912E-01  3.9395E-02
  9.6084E+01  3.4908E-01  3.9515E-02
  9.6398E+01  3.4902E-01  3.9627E-02
  9.6712E+01  3.4895E-01  3.9732E-02
  9.7026E+01  3.4887E-01  3.9829E-02
  9.7340E+01  3.4879E-01  3.9922E-02
  9.7654E+01  3.4871E-01  4.0011E-02
  9.7968E+01  3.4865E-01  4.0101E-02
  9.8282E+01  3.4860E-01  4.0199E-02
  9.8596E+01  3.4858E-01  4.0309E-02
  9.8910E+01  3.4857E-01  4.0434E-02
  9.9224E+01  3.4859E-01  4.0576E-02
  9.9538E+01  3.4863E-01  4.0732E-02
  9.9852E+01  3.4868E-01  4.0899E-02
  1.0017E+02  3.4874E-01  4.1074E-02
  1.0048E+02  3.4881E-01  4.1254E-02
  1.0079E+02  3.4888E-01  4.1436E-02
  1.0111E+02  3.4894E-01  4.1615E-02
  1.0142E+02  3.4900E-01  4.1789E-02
  1.0174E+02  3.4905E-01  4.1957E-02
  1.0205E+02  3.4908E-01  4.2117E-02
  1.0236E+02  3.4910E-01  4.2267E-02
  1.0268E+02  3.4909E-01  4.2406E-02
  1.0299E+02  3.4906E-01  4.2533E-02
  1.0331E+02  3.4901E-01  4.2645E-02
  1.0362E+02  3.4894E-01  4.2745E-02
  1.0393E+02  3.4885E-01  4.2834E-02
  1.0425E+02  3.4874E-01  4.2916E-02
  1.0456E+02  3.4862E-01  4.2996E-02
  1.0488E+02  3.4849E-01  4.3078E-02
  1.0519E+02  3.4835E-01  4.3162E-02
  1.0550E+02  3.4820E-01  4.3247E-02
  1.0582E+02  3.4804E-01  4.3329E-02
  1.0613E+02  3.4788E-01  4.3401E-02
  1.0645E+02  3.4770E-01  4.3461E-02
  1.0676E+02  3.4751E-01  4.3506E-02
  1.0707E+02  3.4732E-01  4.3541E-02
  1.0739E+02  3.4713E-01  4.3571E-02
  1.0770E+02  3.4695E-01  4.3605E-02
  1.0802E+02  3.4679E-01  4.3652E-02
  1.0833E+02  3.4664E-01  4.3715E-02
  1.0864E+02  3.4651E-01  4.3796E-02
  1.0896E+02  3.4641E-01  4.3894E-02
  1.0927E+02  3.4633E-01  4.4005E-02
  1.0959E+02  3.4626E-01  4.4126E-02
  1.0990E+02  3.4620E-01  4.4251E-02
  1.1021E+02  3.4614E-01  4.4377E-02
  1.1053E+02  3.4609E-01  4.4499E-02
  1.1084E+02  3.4603E-01  4.4616E-02
  1.1116E+02  3.4596E-01  4.4725E-02
  1.1147E+02  3.4588E-01  4.4829E-02
  1.1178E+02  3.4579E-01  4.4929E-02
  1.1210E+02  3.4570E-01  4.5030E-02
  1.1241E+02  3.4560E-01  4.5134E-02
  1.1273E+02  3.4551E-01  4.5243E-02
  1.1304E+02  3.4542E-01  4.5357E-02
  1.1335E+02  3.4534E-01  4.5478E-02
  1.1367E+02  3.4527E-01  4.5603E-02
  1.1398E+02  3.4521E-01  4.5734E-02
  1.1430E+02  3.4516E-01  4.5868E-02
  1.1461E+02  3.4511E-01  4.6004E-02
  1.1492E+02  3.4507E-01  4.6140E-02
  1.1524E+02  3.4503E-01  4.6277E-02
  1.1555E+02  3.4498E-01  4.6413E-02
  1.1587E+02  3.4494E-01  4.6548E-02
  1.1618E+02  3.4489E-01  4.6684E-02
  1.1649E+02  3.4484E-01  4.6820E-02
  1.1681E+02  3.4478E-01  4.6960E-02
  1.1712E+02  3.4471E-01  4.7102E-02
  1.1744E+02  3.4463E-01  4.7247E-02
  1.1775E+02  3.4454E-01  4.7392E-02
  1.1806E+02  3.4444E-01  4.7533E-02
  1.1838E+02  3.4433E-01  4.7667E-02
  1.1869E+02  3.4421E-01  4.7790E-02
  1.1901E+02  3.4407E-01  4.7900E-02
  1.1932E+02  3.4391E-01  4.7997E-02
  1.1963E+02  3.4374E-01  4.8080E-02
  1.1995E+02  3.4355E-01  4.8150E-02
  1.2026E+02  3.4335E-01  4.8206E-02
  1.2058E+02  3.4314E-01  4.8251E-02
  1.2089E+02  3.4292E-01  4.8285E-02
  1.2120E+02  3.4270E-01  4.8311E-02
  1.2152E+02  3.4248E-01  4.8333E-02
  1.2183E+02  3.4226E-01  4.8358E-02
  1.2215E+02  3.4206E-01  4.8390E-02
  1.2246E+02  3.4187E-01  4.8433E-02
  1.2277E+02  3.4169E-01  4.8488E-02
  1.2309E+02  3.4153E-01  4.8554E-02
  1.2340E+02  3.4139E-01  4.8630E-02
  1.2372E+02  3.4125E-01  4.8712E-02
  1.2403E+02  3.4112E-01  4.8799E-02
  1.2434E+02  3.4100E-01  4.8888E-02
  1.2466E+02  3.4088E-01  4.8977E-02
  1.2497E+02  3.4076E-01  4.9067E-02
  1.2529E+02  3.4063E-01  4.9156E-02
  1.2560E+02  3.4050E-01  4.9245E-02
  1.2591E+02  3.4037E-01  4.9333E-02
  1.2623E+02  3.4023E-01  4.9420E-02
  1.2654E+02  3.4009E-01  4.9507E-02
  1.2686E+02  3.3995E-01  4.9594E-02
  1.2717E+02  3.3980E-01  4.9684E-02
  1.2748E+02  3.3966E-01  4.9776E-02
  1.2780E+02  3.3952E-01  4.9875E-02
  1.2811E+02  3.3939E-01  4.9982E-02
  1.2843E+02  3.3926E-01  5.0098E-02
  1.2874E+02  3.3914E-01  5.0222E-02
  1.2905E+02  3.3902E-01  5.0353E-02
  1.2937E+02  3.3891E-01  5.0488E-02
  1.2968E+02  3.3879E-01  5.0624E-02
  1.3000E+02  3.3868E-01  5.0760E-02
  1.3031E+02  3.3857E-01  5.0893E-02
  1.3062E+02  3.3845E-01  5.1024E-02
  1.3094E+02  3.3833E-01  5.1153E-02
  1.3125E+02  3.3821E-01  5.1280E-02
  1.3157E+02  3.3809E-01  5.1406E-02
  1.3188E+02  3.3796E-01  5.1530E-02
  1.3219E+02  3.3783E-01  5.1651E-02
  1.3251E+02  3.3770E-01  5.1769E-02
  1.3282E+02  3.3756E-01  5.1884E-02
  1.3314E+02  3.3742E-01  5.1994E-02
  1.3345E+02  3.3728E-01  5.2101E-02
  1.3376E+02  3.3713E-01  5.2203E-02
  1.3408E+02  3.3699E-01  5.2303E-02
  1.3439E+02  3.3684E-01  5.2402E-02
  1.3471E+02  3.3670E-01  5.2503E-02
  1.3502E+02  3.3656E-01  5.2608E-02
  1.3533E+02  3.3643E-01  5.2716E-02
  1.3565E+02  3.3630E-01  5.2828E-02
  1.3596E+02  3.3618E-01  5.2943E-02
  1.3628E+02  3.3606E-01  5.3058E-02
  1.3659E+02  3.3595E-01  5.3171E-02
  1.3690E+02  3.3583E-01  5.3282E-02
  1.3722E+02  3.3572E-01  5.3390E-02
  1.3753E+02  3.3561E-01  5.3496E-02
  1.3785E+02  3.3550E-01  5.3599E-02
  1.3816E+02  3.3538E-01  5.3700E-02
  1.3847E+02  3.3527E-01  5.3800E-02
  1.3879E+02  3.3515E-01  5.3899E-02
  1.3910E+02  3.3504E-01  5.3998E-02
  1.3942E+02  3.3493E-01  5.4097E-02
  1.3973E+02  3.3482E-01  5.4197E-02
  1.4004E+02  3.3471E-01  5.4298E-02
  1.4036E+02  3.3460E-01  5.4400E-02
  1.4067E+02  3.3449E-01  5.4504E-02
  1.4099E+02  3.3438E-01  5.4607E-02
  1.4130E+02  3.3427E-01  5.4711E-02
  1.4161E+02  3.3416E-01  5.4813E-02
  1.4193E+02  3.3405E-01  5.4912E-02
  1.4224E+02  3.3393E-01  5.5010E-02
  1.4256E+02  3.3382E-01  5.5106E-02
  1.4287E+02  3.3370E-01  5.5201E-02
  1.4318E+02  3.3357E-01  5.5296E-02
  1.4350E+02  3.3345E-01  5.5391E-02
  1.4381E+02  3.3332E-01  5.5487E-02
  1.4413E+02  3.3320E-01  5.5582E-02
  1.4444E+02  3.3307E-01  5.5678E-02
  1.4475E+02  3.3294E-01  5.5774E-02
  1.4507E+02  3.3281E-01  5.5869E-02
  1.4538E+02  3.3269E-01  5.5964E-02
  1.4570E+02  3.3256E-01  5.6058E-02
  1.4601E+02  3.3244E-01  5.6152E-02
  1.4632E+02  3.3232E-01  5.6245E-02
  1.4664E+02  3.3220E-01  5.6340E-02
  1.4695E+02  3.3209E-01  5.6434E-02
  1.4727E+02  3.3197E-01  5.6531E-02
  1.4758E+02  3.3186E-01  5.6628E-02
  1.4789E+02  3.3175E-01  5.6729E-02
  1.4821E+02  3.3164E-01  5.6832E-02
  1.4852E+02  3.3154E-01  5.6937E-02
  1.4884E+02  3.3144E-01  5.7046E-02
  1.4915E+02  3.3133E-01  5.7155E-02
  1.4946E+02  3.3123E-01  5.7264E-02
  1.4978E+02  3.3113E-01  5.7371E-02
  1.5009E+02  3.3102E-01  5.7476E-02
  1.5041E+02  3.3092E-01  5.7576E-02
  1.5072E+02  3.3081E-01  5.7671E-02
  1.5103E+02  3.3070E-01  5.7763E-02
  1.5135E+02  3.3058E-01  5.7851E-02
  1.5166E+02  3.3047E-01  5.7938E-02
  1.5198E+02  3.3035E-01  5.8025E-02
  1.5229E+02  3.3024E-01  5.8112E-02
  1.5260E+02  3.3012E-01  5.8202E-02
  1.5292E+02  3.3000E-01  5.8293E-02
  1.5323E+02  3.2988E-01  5.8385E-02
  1.5355E+02  3.2977E-01  5.8479E-02
  1.5386E+02  3.2966E-01  5.8574E-02
  1.5417E+02  3.2955E-01  5.8670E-02
  1.5449E+02  3.2944E-01  5.8768E-02
  1.5480E+02  3.2934E-01  5.8867E-02
  1.5512E+02  3.2924E-01  5.8967E-02
  1.5543E+02  3.2913E-01  5.9067E-02
  1.5574E+02  3.2903E-01  5.9167E-02
  1.5606E+02  3.2893E-01  5.9266E-02
  1.5637E+02  3.2883E-01  5.9364E-02
  1.5669E+02  3.2873E-01  5.9463E-02
  1.5700E+02  3.2863E-01  5.9561E-02
  1.5731E+02  3.2853E-01  5.9661E-02
  1.5763E+02  3.2843E-01  5.9762E-02
  1.5794E+02  3.2833E-01  5.9864E-02
  1.5826E+02  3.2823E-01  5.9967E-02
  1.5857E+02  3.2813E-01  6.0070E-02
  1.5888E+02  3.2804E-01  6.0171E-02
  1.5920E+02  3.2794E-01  6.0270E-02
  1.5951E+02  3.2784E-01  6.0366E-02
  1.5983E+02  3.2774E-01  6.0459E-02
  1.6014E+02  3.2764E-01  6.0549E-02
  1.6045E+02  3.2754E-01  6.0635E-02
  1.6077E+02  3.2744E-01  6.0720E-02
  1.6108E+02  3.2733E-01  6.0805E-02
  1.6140E+02  3.2723E-01  6.0889E-02
  1.6171E+02  3.2713E-01  6.0976E-02
  1.6202E+02  3.2702E-01  6.1064E-02
  1.6234E+02  3.2692E-01  6.1154E-02
  1.6265E+02  3.2682E-01  6.1247E-02
  1.6297E+02  3.2672E-01  6.1340E-02
  1.6328E+02  3.2663E-01  6.1434E-02
  1.6359E+02  3.2653E-01  6.1529E-02
  1.6391E+02  3.2643E-01  6.1623E-02
  1.6422E+02  3.2633E-01  6.1717E-02
  1.6454E+02  3.2623E-01  6.1809E-02
  1.6485E+02  3.2612E-01  6.1900E-02
  1.6516E+02  3.2602E-01  6.1990E-02
  1.6548E+02  3.2591E-01  6.2079E-02
  1.6579E+02  3.2581E-01  6.2167E-02
  1.6611E+02  3.2570E-01  6.2256E-02
  1.6642E+02  3.2560E-01  6.2345E-02
  1.6673E+02  3.2550E-01  6.2436E-02
  1.6705E+02  3.2539E-01  6.2528E-02
  1.6736E+02  3.2529E-01  6.2622E-02
  1.6768E+02  3.2519E-01  6.2719E-02
  1.6799E+02  3.2509E-01  6.2816E-02
  1.6830E+02  3.2499E-01  6.2915E-02
  1.6862E+02  3.2489E-01  6.3013E-02
  1.6893E+02  3.2479E-01  6.3111E-02
  1.6925E+02  3.2468E-01  6.3208E-02
  1.6956E+02  3.2458E-01  6.3304E-02
  1.6987E+02  3.2448E-01  6.3399E-02
  1.7019E+02  3.2437E-01  6.3492E-02
  1.7050E+02  3.2427E-01  6.3585E-02
  1.7082E+02  3.2416E-01  6.3678E-02
  1.7113E+02  3.2405E-01  6.3770E-02
  1.7144E+02  3.2394E-01  6.3861E-02
  1.7176E+02  3.2384E-01  6.3953E-02
  1.7207E+02  3.2373E-01  6.4044E-02
  1.7239E+02  3.2362E-01  6.4134E-02
  1.7270E+02  3.2351E-01  6.4224E-02
  1.7301E+02  3.2340E-01  6.4313E-02
  1.7333E+02  3.2329E-01  6.4401E-02
  1.7364E+02  3.2318E-01  6.4487E-02
  1.7396E+02  3.2307E-01  6.4574E-02
  1.7427E+02  3.2296E-01  6.4660E-02
  1.7458E+02  3.2285E-01  6.4746E-02
  1.7490E+02  3.2273E-01  6.4833E-02
  1.7521E+02  3.2262E-01  6.4921E-02
  1.7553E+02  3.2251E-01  6.5009E-02
  1.7584E+02  3.2240E-01  6.5098E-02
  1.7615E+02  3.2228E-01  6.5188E-02
  1.7647E+02  3.2217E-01  6.5278E-02
  1.7678E+02  3.2206E-01  6.5367E-02
  1.7710E+02  3.2195E-01  6.5456E-02
  1.7741E+02  3.2183E-01  6.5545E-02
  1.7772E+02  3.2172E-01  6.5633E-02
  1.7804E+02  3.2161E-01  6.5721E-02
  1.7835E+02  3.2150E-01  6.5809E-02
  1.7867E+02  3.2138E-01  6.5897E-02
  1.7898E+02  3.2127E-01  6.5985E-02
  1.7929E+02  3.2115E-01  6.6073E-02
  1.7961E+02  3.2103E-01  6.6159E-02
  1.7992E+02  3.2092E-01  6.6245E-02
  1.8024E+02  3.2080E-01  6.6329E-02
  1.8055E+02  3.2068E-01  6.6413E-02
  1.8086E+02  3.2057E-01  6.6495E-02
  1.8118E+02  3.2045E-01  6.6576E-02
  1.8149E+02  3.2034E-01  6.6658E-02
  1.8181E+02  3.2022E-01  6.6740E-02
  1.8212E+02  3.2011E-01  6.6823E-02
  1.8243E+02  3.1999E-01  6.6907E-02
  1.8275E+02  3.1988E-01  6.6992E-02
  1.8306E+02  3.1977E-01  6.7079E-02
  1.8338E+02  3.1966E-01  6.7168E-02
  1.8369E+02  3.1955E-01  6.7258E-02
  1.8400E+02  3.1944E-01  6.7348E-02
  1.8432E+02  3.1933E-01  6.7439E-02
  1.8463E+02  3.1922E-01  6.7531E-02
  1.8495E+02  3.1911E-01  6.7622E-02
  1.8526E+02  3.1900E-01  6.7713E-02
  1.8557E+02  3.1889E-01  6.7803E-02
  1.8589E+02  3.1878E-01  6.7892E-02
  1.8620E+02  3.1867E-01  6.7981E-02
  1.8652E+02  3.1856E-01  6.8068E-02
  1.8683E+02  3.1845E-01  6.8156E-02
  1.8714E+02  3.1834E-01  6.8243E-02
  1.8746E+02  3.1823E-01  6.8331E-02
  1.8777E+02  3.1811E-01  6.8420E-02
  1.8809E+02  3.1800E-01  6.8509E-02
  1.8840E+02  3.1789E-01  6.8599E-02
  1.8871E+02  3.1777E-01  6.8689E-02
  1.8903E+02  3.1766E-01  6.8779E-02
  1.8934E+02  3.1754E-01  6.8869E-02
  1.8966E+02  3.1743E-01  6.8959E-02
  1.8997E+02  3.1731E-01  6.9047E-02
  1.9028E+02  3.1719E-01  6.9134E-02
  1.9060E+02  3.1708E-01  6.9221E-02
  1.9091E+02  3.1696E-01  6.9306E-02
  1.9123E+02  3.1684E-01  6.9391E-02
  1.9154E+02  3.1672E-01  6.9475E-02
  1.9185E+02  3.1660E-01  6.9559E-02
  1.9217E+02  3.1648E-01  6.9642E-02
  1.9248E+02  3.1636E-01  6.9725E-02
  1.9280E+02  3.1624E-01  6.9809E-02
  1.9311E+02  3.1612E-01  6.9892E-02
  1.9342E+02  3.1600E-01  6.9977E-02
  1.9374E+02  3.1589E-01  7.0061E-02
  1.9405E+02  3.1577E-01  7.0146E-02
  1.9437E+02  3.1566E-01  7.0232E-02
  1.9468E+02  3.1554E-01  7.0318E-02
  1.9499E+02  3.1543E-01  7.0405E-02
  1.9531E+02  3.1531E-01  7.0491E-02
  1.9562E+02  3.1520E-01  7.0578E-02
  1.9594E+02  3.1509E-01  7.0664E-02
  1.9625E+02  3.1498E-01  7.0750E-02
  1.9656E+02  3.1486E-01  7.0836E-02
  1.9688E+02  3.1475E-01  7.0922E-02
  1.9719E+02  3.1464E-01  7.1008E-02
  1.9751E+02  3.1453E-01  7.1094E-02
  1.9782E+02  3.1442E-01  7.1180E-02
  1.9813E+02  3.1430E-01  7.1266E-02
  1.9845E+02  3.1419E-01  7.1352E-02
  1.9876E+02  3.1408E-01  7.1438E-02
  1.9908E+02  3.1397E-01  7.1523E-02
  1.9939E+02  3.1386E-01  7.1608E-02
  1.9970E+02  3.1375E-01  7.1692E-02
  2.0002E+02  3.1364E-01  7.1776E-02
  2.0033E+02  3.1353E-01  7.1860E-02
  2.0065E+02  3.1342E-01  7.1943E-02
  2.0096E+02  3.1331E-01  7.2026E-02
  2.0127E+02  3.1320E-01  7.2109E-02
  2.0159E+02  3.1309E-01  7.2193E-02
  2.0190E+02  3.1298E-01  7.2277E-02
  2.0222E+02  3.1287E-01  7.2361E-02
  2.0253E+02  3.1276E-01  7.2446E-02
  2.0284E+02  3.1265E-01  7.2531E-02
  2.0316E+02  3.1254E-01  7.2615E-02
  2.0347E+02  3.1243E-01  7.2700E-02
  2.0379E+02  3.1232E-01  7.2784E-02
  2.0410E+02  3.1221E-01  7.2868E-02
  2.0441E+02  3.1210E-01  7.2952E-02
  2.0473E+02  3.1199E-01  7.3035E-02
  2.0504E+02  3.1189E-01  7.3119E-02
  2.0536E+02  3.1178E-01  7.3202E-02
  2.0567E+02  3.1167E-01  7.3285E-02
  2.0598E+02  3.1156E-01  7.3368E-02
  2.0630E+02  3.1145E-01  7.3451E-02
  2.0661E+02  3.1134E-01  7.3534E-02
  2.0693E+02  3.1124E-01  7.3616E-02
  2.0724E+02  3.1113E-01  7.3698E-02
  2.0755E+02  3.1102E-01  7.3780E-02
  2.0787E+02  3.1091E-01  7.3861E-02
  2.0818E+02  3.1080E-01  7.3943E-02
  2.0850E+02  3.1070E-01  7.4024E-02
  2.0881E+02  3.1059E-01  7.4106E-02
  2.0912E+02  3.1048E-01  7.4187E-02
  2.0944E+02  3.1037E-01  7.4269E-02
  2.0975E+02  3.1027E-01  7.4350E-02
  2.1007E+02  3.1016E-01  7.4432E-02
  2.1038E+02  3.1005E-01  7.4513E-02
  2.1069E+02  3.0994E-01  7.4594E-02
  2.1101E+02  3.0984E-01  7.4675E-02
  2.1132E+02  3.0973E-01  7.4755E-02
  2.1164E+02  3.0962E-01  7.4836E-02
  2.1195E+02  3.0952E-01  7.4916E-02
  2.1226E+02  3.0941E-01  7.4997E-02
  2.1258E+02  3.0930E-01  7.5077E-02
  2.1289E+02  3.0920E-01  7.5157E-02
  2.1321E+02  3.0909E-01  7.5238E-02
  2.1352E+02  3.0899E-01  7.5318E-02
  2.1383E+02  3.0888E-01  7.5399E-02
  2.1415E+02  3.0878E-01  7.5479E-02
  2.1446E+02  3.0867E-01  7.5560E-02
  2.1478E+02  3.0857E-01  7.5640E-02
  2.1509E+02  3.0846E-01  7.5721E-02
  2.1540E+02  3.0836E-01  7.5802E-02
  2.1572E+02  3.0825E-01  7.5882E-02
  2.1603E+02  3.0815E-01  7.5963E-02
  2.1635E+02  3.0804E-01  7.6044E-02
  2.1666E+02  3.0794E-01  7.6125E-02
  2.1697E+02  3.0784E-01  7.6206E-02
  2.1729E+02  3.0773E-01  7.6287E-02
  2.1760E+02  3.0763E-01  7.6368E-02
  2.1792E+02  3.0753E-01  7.6449E-02
  2.1823E+02  3.0743E-01  7.6529E-02
  2.1854E+02  3.0732E-01  7.6610E-02
  2.1886E+02  3.0722E-01  7.6690E-02
  2.1917E+02  3.0712E-01  7.6771E-02
  2.1949E+02  3.0702E-01  7.6851E-02
  2.1980E+02  3.0691E-01  7.6931E-02
  2.2011E+02  3.0681E-01  7.7011E-02
  2.2043E+02  3.0671E-01  7.7091E-02
  2.2074E+02  3.0661E-01  7.7172E-02
  2.2106E+02  3.0651E-01  7.7252E-02
  2.2137E+02  3.0641E-01  7.7332E-02
  2.2168E+02  3.0631E-01  7.7412E-02
  2.2200E+02  3.0621E-01  7.7493E-02
  2.2231E+02  3.0610E-01  7.7573E-02
  2.2263E+02  3.0600E-01  7.7653E-02
  2.2294E+02  3.0590E-01  7.7734E-02
  2.2325E+02  3.0580E-01  7.7814E-02
  2.2357E+02  3.0570E-01  7.7895E-02
  2.2388E+02  3.0560E-01  7.7975E-02
  2.2420E+02  3.0550E-01  7.8055E-02
  2.2451E+02  3.0540E-01  7.8135E-02
  2.2482E+02  3.0530E-01  7.8216E-02
  2.2514E+02  3.0520E-01  7.8296E-02
  2.2545E+02  3.0510E-01  7.8376E-02
  2.2577E+02  3.0500E-01  7.8456E-02
  2.2608E+02  3.0490E-01  7.8536E-02
  2.2639E+02  3.0480E-01  7.8616E-02
  2.2671E+02  3.0470E-01  7.8696E-02
  2.2702E+02  3.0460E-01  7.8775E-02
  2.2734E+02  3.0450E-01  7.8855E-02
  2.2765E+02  3.0440E-01  7.8934E-02
  2.2796E+02  3.0430E-01  7.9013E-02
  2.2828E+02  3.0420E-01  7.9093E-02
  2.2859E+02  3.0410E-01  7.9172E-02
  2.2891E+02  3.0400E-01  7.9252E-02
  2.2922E+02  3.0390E-01  7.9331E-02
  2.2953E+02  3.0380E-01  7.9410E-02
  2.2985E+02  3.0370E-01  7.9489E-02
  2.3016E+02  3.0359E-01  7.9569E-02
  2.3048E+02  3.0349E-01  7.9648E-02
  2.3079E+02  3.0339E-01  7.9727E-02
  2.3110E+02  3.0329E-01  7.9806E-02
  2.3142E+02  3.0319E-01  7.9886E-02
  2.3173E+02  3.0309E-01  7.9965E-02
  2.3205E+02  3.0298E-01  8.0044E-02
  2.3236E+02  3.0288E-01  8.0124E-02
  2.3267E+02  3.0278E-01  8.0203E-02
  2.3299E+02  3.0268E-01  8.0283E-02
  2.3330E+02  3.0257E-01  8.0362E-02
  2.3362E+02  3.0247E-01  8.0442E-02
  2.3393E+02  3.0237E-01  8.0521E-02
  2.3424E+02  3.0227E-01  8.0601E-02
  2.3456E+02  3.0216E-01  8.0680E-02
  2.3487E+02  3.0206E-01  8.0759E-02
  2.3519E+02  3.0196E-01  8.0838E-02
  2.3550E+02  3.0185E-01  8.0917E-02
  2.3581E+02  3.0175E-01  8.0996E-02
  2.3613E+02  3.0165E-01  8.1075E-02
  2.3644E+02  3.0154E-01  8.1154E-02
  2.3676E+02  3.0144E-01  8.1233E-02
  2.3707E+02  3.0134E-01  8.1311E-02
  2.3738E+02  3.0123E-01  8.1389E-02
  2.3770E+02  3.0113E-01  8.1467E-02
  2.3801E+02  3.0102E-01  8.1544E-02
  2.3833E+02  3.0092E-01  8.1621E-02
  2.3864E+02  3.0082E-01  8.1698E-02
  2.3895E+02  3.0071E-01  8.1775E-02
  2.3927E+02  3.0061E-01  8.1852E-02
  2.3958E+02  3.0050E-01  8.1929E-02
  2.3990E+02  3.0040E-01  8.2005E-02
  2.4021E+02  3.0030E-01  8.2081E-02
  2.4052E+02  3.0019E-01  8.2157E-02
  2.4084E+02  3.0009E-01  8.2233E-02
  2.4115E+02  2.9998E-01  8.2308E-02
  2.4147E+02  2.9988E-01  8.2383E-02
  2.4178E+02  2.9978E-01  8.2459E-02
  2.4209E+02  2.9967E-01  8.2534E-02
  2.4241E+02  2.9957E-01  8.2609E-02
  2.4272E+02  2.9947E-01  8.2684E-02
  2.4304E+02  2.9936E-01  8.2759E-02
  2.4335E+02  2.9926E-01  8.2834E-02
  2.4366E+02  2.9916E-01  8.2909E-02
  2.4398E+02  2.9905E-01  8.2984E-02
  2.4429E+02  2.9895E-01  8.3059E-02
  2.4461E+02  2.9884E-01  8.3133E-02
  2.4492E+02  2.9874E-01  8.3208E-02
  2.4523E+02  2.9864E-01  8.3283E-02
  2.4555E+02  2.9853E-01  8.3357E-02
  2.4586E+02  2.9843E-01  8.3432E-02
  2.4618E+02  2.9832E-01  8.3506E-02
  2.4649E+02  2.9822E-01  8.3581E-02
  2.4680E+02  2.9812E-01  8.3655E-02
  2.4712E+02  2.9801E-01  8.3729E-02
  2.4743E+02  2.9791E-01  8.3803E-02
  2.4775E+02  2.9780E-01  8.3878E-02
  2.4806E+02  2.9770E-01  8.3952E-02
  2.4837E+02  2.9759E-01  8.4026E-02
  2.4869E+02  2.9749E-01  8.4100E-02
  2.4900E+02  2.9738E-01  8.4174E-02
  2.4932E+02  2.9728E-01  8.4247E-02
  2.4963E+02  2.9717E-01  8.4321E-02
  2.4994E+02  2.9707E-01  8.4395E-02
  2.5026E+02  2.9697E-01  8.4468E-02
  2.5057E+02  2.9686E-01  8.4541E-02
  2.5089E+02  2.9676E-01  8.4615E-02
  2.5120E+02  2.9665E-01  8.4688E-02
  2.5151E+02  2.9655E-01  8.4761E-02
  2.5183E+02  2.9644E-01  8.4835E-02
  2.5214E+02  2.9634E-01  8.4908E-02
  2.5246E+02  2.9623E-01  8.4981E-02
  2.5277E+02  2.9613E-01  8.5054E-02
  2.5308E+02  2.9602E-01  8.5126E-02
  2.5340E+02  2.9592E-01  8.5199E-02
  2.5371E+02  2.9581E-01  8.5271E-02
  2.5403E+02  2.9571E-01  8.5344E-02
  2.5434E+02  2.9561E-01  8.5416E-02
  2.5465E+02  2.9550E-01  8.5489E-02
  2.5497E+02  2.9540E-01  8.5561E-02
  2.5528E+02  2.9529E-01  8.5633E-02
  2.5560E+02  2.9519E-01  8.5705E-02
  2.5591E+02  2.9508E-01  8.5777E-02
  2.5622E+02  2.9498E-01  8.5849E-02
  2.5654E+02  2.9487E-01  8.5921E-02
  2.5685E+02  2.9477E-01  8.5993E-02
  2.5717E+02  2.9466E-01  8.6065E-02
  2.5748E+02  2.9456E-01  8.6137E-02
  2.5779E+02  2.9445E-01  8.6209E-02
  2.5811E+02  2.9435E-01  8.6280E-02
  2.5842E+02  2.9425E-01  8.6352E-02
  2.5874E+02  2.9414E-01  8.6423E-02
  2.5905E+02  2.9404E-01  8.6494E-02
  2.5936E+02  2.9393E-01  8.6566E-02
  2.5968E+02  2.9383E-01  8.6637E-02
  2.5999E+02  2.9372E-01  8.6708E-02
  2.6031E+02  2.9362E-01  8.6779E-02
  2.6062E+02  2.9351E-01  8.6849E-02
  2.6093E+02  2.9341E-01  8.6920E-02
  2.6125E+02  2.9330E-01  8.6991E-02
  2.6156E+02  2.9320E-01  8.7062E-02
  2.6188E+02  2.9309E-01  8.7132E-02
  2.6219E+02  2.9299E-01  8.7203E-02
  2.6250E+02  2.9288E-01  8.7274E-02
  2.6282E+02  2.9278E-01  8.7344E-02
  2.6313E+02  2.9267E-01  8.7415E-02
  2.6345E+02  2.9257E-01  8.7485E-02
  2.6376E+02  2.9247E-01  8.7555E-02
  2.6407E+02  2.9236E-01  8.7626E-02
  2.6439E+02  2.9226E-01  8.7696E-02
  2.6470E+02  2.9215E-01  8.7766E-02
  2.6502E+02  2.9205E-01  8.7836E-02
  2.6533E+02  2.9194E-01  8.7906E-02
  2.6564E+02  2.9184E-01  8.7975E-02
  2.6596E+02  2.9173E-01  8.8045E-02
  2.6627E+02  2.9163E-01  8.8115E-02
  2.6659E+02  2.9152E-01  8.8184E-02
  2.6690E+02  2.9142E-01  8.8254E-02
  2.6721E+02  2.9131E-01  8.8323E-02
  2.6753E+02  2.9121E-01  8.8393E-02
  2.6784E+02  2.9111E-01  8.8462E-02
  2.6816E+02  2.9100E-01  8.8531E-02
  2.6847E+02  2.9090E-01  8.8601E-02
  2.6878E+02  2.9079E-01  8.8670E-02
  2.6910E+02  2.9069E-01  8.8739E-02
  2.6941E+02  2.9058E-01  8.8808E-02
  2.6973E+02  2.9048E-01  8.8878E-02
  2.7004E+02  2.9037E-01  8.8947E-02
  2.7035E+02  2.9027E-01  8.9016E-02
  2.7067E+02  2.9017E-01  8.9085E-02
  2.7098E+02  2.9006E-01  8.9154E-02
  2.7130E+02  2.8996E-01  8.9223E-02
  2.7161E+02  2.8985E-01  8.9292E-02
  2.7192E+02  2.8975E-01  8.9360E-02
  2.7224E+02  2.8964E-01  8.9429E-02
  2.7255E+02  2.8954E-01  8.9498E-02
  2.7287E+02  2.8944E-01  8.9566E-02
  2.7318E+02  2.8933E-01  8.9635E-02
  2.7349E+02  2.8923E-01  8.9704E-02
  2.7381E+02  2.8912E-01  8.9772E-02
  2.7412E+02  2.8902E-01  8.9841E-02
  2.7444E+02  2.8892E-01  8.9909E-02
  2.7475E+02  2.8881E-01  8.9977E-02
  2.7506E+02  2.8871E-01  9.0045E-02
  2.7538E+02  2.8860E-01  9.0114E-02
  2.7569E+02  2.8850E-01  9.0181E-02
  2.7601E+02  2.8840E-01  9.0249E-02
  2.7632E+02  2.8829E-01  9.0317E-02
  2.7663E+02  2.8819E-01  9.0385E-02
  2.7695E+02  2.8808E-01  9.0452E-02
  2.7726E+02  2.8798E-01  9.0520E-02
  2.7758E+02  2.8788E-01  9.0587E-02
  2.7789E+02  2.8777E-01  9.0655E-02
  2.7820E+02  2.8767E-01  9.0722E-02
  2.7852E+02  2.8757E-01  9.0789E-02
  2.7883E+02  2.8746E-01  9.0857E-02
  2.7915E+02  2.8736E-01  9.0924E-02
  2.7946E+02  2.8725E-01  9.0991E-02
  2.7977E+02  2.8715E-01  9.1059E-02
  2.8009E+02  2.8705E-01  9.1126E-02
  2.8040E+02  2.8694E-01  9.1193E-02
  2.8072E+02  2.8684E-01  9.1260E-02
  2.8103E+02  2.8674E-01  9.1327E-02
  2.8134E+02  2.8663E-01  9.1394E-02
  2.8166E+02  2.8653E-01  9.1461E-02
  2.8197E+02  2.8643E-01  9.1527E-02
  2.8229E+02  2.8632E-01  9.1594E-02
  2.8260E+02  2.8622E-01  9.1660E-02
  2.8291E+02  2.8611E-01  9.1727E-02
  2.8323E+02  2.8601E-01  9.1793E-02
  2.8354E+02  2.8591E-01  9.1860E-02
  2.8386E+02  2.8580E-01  9.1926E-02
  2.8417E+02  2.8570E-01  9.1992E-02
  2.8448E+02  2.8560E-01  9.2058E-02
  2.8480E+02  2.8549E-01  9.2124E-02
  2.8511E+02  2.8539E-01  9.2190E-02
  2.8543E+02  2.8529E-01  9.2256E-02
  2.8574E+02  2.8518E-01  9.2322E-02
  2.8605E+02  2.8508E-01  9.2388E-02
  2.8637E+02  2.8498E-01  9.2454E-02
  2.8668E+02  2.8487E-01  9.2520E-02
  2.8700E+02  2.8477E-01  9.2586E-02
  2.8731E+02  2.8467E-01  9.2651E-02
  2.8762E+02  2.8456E-01  9.2717E-02
  2.8794E+02  2.8446E-01  9.2782E-02
  2.8825E+02  2.8436E-01  9.2848E-02
  2.8857E+02  2.8425E-01  9.2913E-02
  2.8888E+02  2.8415E-01  9.2978E-02
  2.8919E+02  2.8405E-01  9.3044E-02
  2.8951E+02  2.8394E-01  9.3109E-02
  2.8982E+02  2.8384E-01  9.3174E-02
  2.9014E+02  2.8374E-01  9.3239E-02
  2.9045E+02  2.8363E-01  9.3304E-02
  2.9076E+02  2.8353E-01  9.3369E-02
  2.9108E+02  2.8343E-01  9.3434E-02
  2.9139E+02  2.8332E-01  9.3498E-02
  2.9171E+02  2.8322E-01  9.3563E-02
  2.9202E+02  2.8312E-01  9.3628E-02
  2.9233E+02  2.8301E-01  9.3692E-02
  2.9265E+02  2.8291E-01  9.3757E-02
  2.9296E+02  2.8281E-01  9.3821E-02
  2.9328E+02  2.8270E-01  9.3886E-02
  2.9359E+02  2.8260E-01  9.3950E-02
  2.9390E+02  2.8250E-01  9.4014E-02
  2.9422E+02  2.8239E-01  9.4079E-02
  2.9453E+02  2.8229E-01  9.4143E-02
  2.9485E+02  2.8219E-01  9.4207E-02
  2.9516E+02  2.8208E-01  9.4271E-02
  2.9547E+02  2.8198E-01  9.4335E-02
  2.9579E+02  2.8188E-01  9.4399E-02
  2.9610E+02  2.8177E-01  9.4463E-02
  2.9642E+02  2.8167E-01  9.4527E-02
  2.9673E+02  2.8157E-01  9.4590E-02
  2.9704E+02  2.8146E-01  9.4654E-02
  2.9736E+02  2.8136E-01  9.4718E-02
  2.9767E+02  2.8126E-01  9.4782E-02
  2.9799E+02  2.8115E-01  9.4845E-02
  2.9830E+02  2.8105E-01  9.4909E-02
  2.9861E+02  2.8095E-01  9.4972E-02
  2.9893E+02  2.8085E-01  9.5036E-02
  2.9924E+02  2.8074E-01  9.5099E-02
  2.9956E+02  2.8064E-01  9.5162E-02
  2.9987E+02  2.8054E-01  9.5225E-02
  3.0018E+02  2.8043E-01  9.5288E-02
  3.0050E+02  2.8033E-01  9.5352E-02
  3.0081E+02  2.8023E-01  9.5415E-02
  3.0113E+02  2.8012E-01  9.5478E-02
  3.0144E+02  2.8002E-01  9.5541E-02
  3.0175E+02  2.7992E-01  9.5603E-02
  3.0207E+02  2.7982E-01  9.5666E-02
  3.0238E+02  2.7971E-01  9.5729E-02
  3.0270E+02  2.7961E-01  9.5792E-02
  3.0301E+02  2.7951E-01  9.5854E-02
  3.0332E+02  2.7940E-01  9.5917E-02
  3.0364E+02  2.7930E-01  9.5980E-02
  3.0395E+02  2.7920E-01  9.6042E-02
  3.0427E+02  2.7910E-01  9.6104E-02
  3.0458E+02  2.7899E-01  9.6167E-02
  3.0489E+02  2.7889E-01  9.6229E-02
  3.0521E+02  2.7879E-01  9.6291E-02
  3.0552E+02  2.7868E-01  9.6353E-02
  3.0584E+02  2.7858E-01  9.6416E-02
  3.0615E+02  2.7848E-01  9.6478E-02
  3.0646E+02  2.7838E-01  9.6540E-02
  3.0678E+02  2.7827E-01  9.6601E-02
  3.0709E+02  2.7817E-01  9.6663E-02
  3.0741E+02  2.7807E-01  9.6725E-02
  3.0772E+02  2.7796E-01  9.6787E-02
  3.0803E+02  2.7786E-01  9.6848E-02
  3.0835E+02  2.7776E-01  9.6910E-02
  3.0866E+02  2.7766E-01  9.6971E-02
  3.0898E+02  2.7755E-01  9.7033E-02
  3.0929E+02  2.7745E-01  9.7094E-02
  3.0960E+02  2.7735E-01  9.7156E-02
  3.0992E+02  2.7725E-01  9.7217E-02
  3.1023E+02  2.7714E-01  9.7278E-02
  3.1055E+02  2.7704E-01  9.7339E-02
  3.1086E+02  2.7694E-01  9.7400E-02
  3.1117E+02  2.7684E-01  9.7461E-02
  3.1149E+02  2.7673E-01  9.7522E-02
  3.1180E+02  2.7663E-01  9.7583E-02
  3.1212E+02  2.7653E-01  9.7644E-02
  3.1243E+02  2.7643E-01  9.7705E-02
  3.1274E+02  2.7632E-01  9.7765E-02
  3.1306E+02  2.7622E-01  9.7826E-02
  3.1337E+02  2.7612E-01  9.7886E-02
  3.1369E+02  2.7602E-01  9.7947E-02
  3.1400E+02  2.7591E-01  9.8007E-02
  3.1431E+02  2.7581E-01  9.8068E-02
  3.1463E+02  2.7571E-01  9.8128E-02
  3.1494E+02  2.7561E-01  9.8188E-02
  3.1526E+02  2.7550E-01  9.8249E-02
  3.1557E+02  2.7540E-01  9.8309E-02
  3.1588E+02  2.7530E-01  9.8369E-02
  3.1620E+02  2.7520E-01  9.8429E-02
  3.1651E+02  2.7509E-01  9.8489E-02
  3.1683E+02  2.7499E-01  9.8549E-02
  3.1714E+02  2.7489E-01  9.8609E-02
  3.1745E+02  2.7479E-01  9.8668E-02
  3.1777E+02  2.7469E-01  9.8728E-02
  3.1808E+02  2.7458E-01  9.8788E-02
  3.1840E+02  2.7448E-01  9.8847E-02
  3.1871E+02  2.7438E-01  9.8907E-02
  3.1902E+02  2.7428E-01  9.8966E-02
  3.1934E+02  2.7417E-01  9.9026E-02
  3.1965E+02  2.7407E-01  9.9085E-02
  3.1997E+02  2.7397E-01  9.9145E-02
  3.2028E+02  2.7387E-01  9.9204E-02
  3.2059E+02  2.7377E-01  9.9263E-02
  3.2091E+02  2.7366E-01  9.9322E-02
  3.2122E+02  2.7356E-01  9.9381E-02
  3.2154E+02  2.7346E-01  9.9440E-02
  3.2185E+02  2.7336E-01  9.9499E-02
  3.2216E+02  2.7326E-01  9.9558E-02
  3.2248E+02  2.7315E-01  9.9617E-02
  3.2279E+02  2.7305E-01  9.9676E-02
  3.2311E+02  2.7295E-01  9.9735E-02
  3.2342E+02  2.7285E-01  9.9793E-02
  3.2373E+02  2.7275E-01  9.9852E-02
  3.2405E+02  2.7265E-01  9.9910E-02
  3.2436E+02  2.7254E-01  9.9969E-02
  3.2468E+02  2.7244E-01  1.0003E-01
  3.2499E+02  2.7234E-01  1.0009E-01
  3.2530E+02  2.7224E-01  1.0014E-01
  3.2562E+02  2.7214E-01  1.0020E-01
  3.2593E+02  2.7204E-01  1.0026E-01
  3.2625E+02  2.7193E-01  1.0032E-01
  3.2656E+02  2.7183E-01  1.0038E-01
  3.2687E+02  2.7173E-01  1.0043E-01
  3.2719E+02  2.7163E-01  1.0049E-01
  3.2750E+02  2.7153E-01  1.0055E-01
  3.2782E+02  2.7143E-01  1.0061E-01
  3.2813E+02  2.7132E-01  1.0067E-01
  3.2844E+02  2.7122E-01  1.0072E-01
  3.2876E+02  2.7112E-01  1.0078E-01
  3.2907E+02  2.7102E-01  1.0084E-01
  3.2939E+02  2.7092E-01  1.0090E-01
  3.2970E+02  2.7082E-01  1.0095E-01
  3.3001E+02  2.7072E-01  1.0101E-01
  3.3033E+02  2.7061E-01  1.0107E-01
  3.3064E+02  2.7051E-01  1.0113E-01
  3.3096E+02  2.7041E-01  1.0118E-01
  3.3127E+02  2.7031E-01  1.0124E-01
  3.3158E+02  2.7021E-01  1.0130E-01
  3.3190E+02  2.7011E-01  1.0136E-01
  3.3221E+02  2.7001E-01  1.0141E-01
  3.3253E+02  2.6991E-01  1.0147E-01
  3.3284E+02  2.6980E-01  1.0153E-01
  3.3315E+02  2.6970E-01  1.0158E-01
  3.3347E+02  2.6960E-01  1.0164E-01
  3.3378E+02  2.6950E-01  1.0170E-01
  3.3410E+02  2.6940E-01  1.0175E-01
  3.3441E+02  2.6930E-01  1.0181E-01
  3.3472E+02  2.6920E-01  1.0187E-01
  3.3504E+02  2.6910E-01  1.0192E-01
  3.3535E+02  2.6899E-01  1.0198E-01
  3.3567E+02  2.6889E-01  1.0204E-01
  3.3598E+02  2.6879E-01  1.0209E-01
  3.3629E+02  2.6869E-01  1.0215E-01
  3.3661E+02  2.6859E-01  1.0220E-01
  3.3692E+02  2.6849E-01  1.0226E-01
  3.3724E+02  2.6839E-01  1.0232E-01
  3.3755E+02  2.6829E-01  1.0237E-01
  3.3786E+02  2.6819E-01  1.0243E-01
  3.3818E+02  2.6809E-01  1.0248E-01
  3.3849E+02  2.6798E-01  1.0254E-01
  3.3881E+02  2.6788E-01  1.0260E-01
  3.3912E+02  2.6778E-01  1.0265E-01
  3.3943E+02  2.6768E-01  1.0271E-01
  3.3975E+02  2.6758E-01  1.0276E-01
  3.4006E+02  2.6748E-01  1.0282E-01
  3.4038E+02  2.6738E-01  1.0287E-01
  3.4069E+02  2.6728E-01  1.0293E-01
  3.4100E+02  2.6718E-01  1.0298E-01
  3.4132E+02  2.6708E-01  1.0304E-01
  3.4163E+02  2.6697E-01  1.0309E-01
  3.4195E+02  2.6687E-01  1.0315E-01
  3.4226E+02  2.6677E-01  1.0320E-01
  3.4257E+02  2.6667E-01  1.0326E-01
  3.4289E+02  2.6657E-01  1.0331E-01
  3.4320E+02  2.6647E-01  1.0337E-01
  3.4352E+02  2.6637E-01  1.0342E-01
  3.4383E+02  2.6627E-01  1.0348E-01
  3.4414E+02  2.6617E-01  1.0353E-01
  3.4446E+02  2.6607E-01  1.0359E-01
  3.4477E+02  2.6597E-01  1.0364E-01
  3.4509E+02  2.6587E-01  1.0370E-01
  3.4540E+02  2.6576E-01  1.0375E-01
  3.4571E+02  2.6566E-01  1.0381E-01
  3.4603E+02  2.6556E-01  1.0386E-01
  3.4634E+02  2.6546E-01  1.0392E-01
  3.4666E+02  2.6536E-01  1.0397E-01
  3.4697E+02  2.6526E-01  1.0402E-01
  3.4728E+02  2.6516E-01  1.0408E-01
  3.4760E+02  2.6506E-01  1.0413E-01
  3.4791E+02  2.6496E-01  1.0419E-01
  3.4823E+02  2.6486E-01  1.0424E-01
  3.4854E+02  2.6476E-01  1.0429E-01
  3.4885E+02  2.6466E-01  1.0435E-01
  3.4917E+02  2.6456E-01  1.0440E-01
  3.4948E+02  2.6446E-01  1.0445E-01
  3.4980E+02  2.6435E-01  1.0451E-01
  3.5011E+02  2.6425E-01  1.0456E-01
  3.5042E+02  2.6415E-01  1.0462E-01
  3.5074E+02  2.6405E-01  1.0467E-01
  3.5105E+02  2.6395E-01  1.0472E-01
  3.5137E+02  2.6385E-01  1.0478E-01
  3.5168E+02  2.6375E-01  1.0483E-01
  3.5199E+02  2.6365E-01  1.0488E-01
  3.5231E+02  2.6355E-01  1.0493E-01
  3.5262E+02  2.6345E-01  1.0499E-01
  3.5294E+02  2.6335E-01  1.0504E-01
  3.5325E+02  2.6325E-01  1.0509E-01
  3.5356E+02  2.6315E-01  1.0515E-01
  3.5388E+02  2.6305E-01  1.0520E-01
  3.5419E+02  2.6295E-01  1.0525E-01
  3.5451E+02  2.6284E-01  1.0530E-01
  3.5482E+02  2.6274E-01  1.0536E-01
  3.5513E+02  2.6264E-01  1.0541E-01
  3.5545E+02  2.6254E-01  1.0546E-01
  3.5576E+02  2.6244E-01  1.0551E-01
  3.5608E+02  2.6234E-01  1.0557E-01
  3.5639E+02  2.6224E-01  1.0562E-01
  3.5670E+02  2.6214E-01  1.0567E-01
  3.5702E+02  2.6204E-01  1.0572E-01
  3.5733E+02  2.6194E-01  1.0578E-01
  3.5765E+02  2.6184E-01  1.0583E-01
  3.5796E+02  2.6174E-01  1.0588E-01
  3.5827E+02  2.6164E-01  1.0593E-01
  3.5859E+02  2.6154E-01  1.0598E-01
  3.5890E+02  2.6144E-01  1.0604E-01
  3.5922E+02  2.6134E-01  1.0609E-01
  3.5953E+02  2.6123E-01  1.0614E-01
  3.5984E+02  2.6113E-01  1.0619E-01
  3.6016E+02  2.6103E-01  1.0624E-01
  3.6047E+02  2.6093E-01  1.0629E-01
  3.6079E+02  2.6083E-01  1.0635E-01
  3.6110E+02  2.6073E-01  1.0640E-01
  3.6141E+02  2.6063E-01  1.0645E-01
  3.6173E+02  2.6053E-01  1.0650E-01
  3.6204E+02  2.6043E-01  1.0655E-01
  3.6236E+02  2.6033E-01  1.0660E-01
  3.6267E+02  2.6023E-01  1.0665E-01
  3.6298E+02  2.6013E-01  1.0670E-01
  3.6330E+02  2.6003E-01  1.0676E-01
  3.6361E+02  2.5993E-01  1.0681E-01
  3.6393E+02  2.5983E-01  1.0686E-01
  3.6424E+02  2.5973E-01  1.0691E-01
  3.6455E+02  2.5963E-01  1.0696E-01
  3.6487E+02  2.5953E-01  1.0701E-01
  3.6518E+02  2.5943E-01  1.0706E-01
  3.6550E+02  2.5933E-01  1.0711E-01
  3.6581E+02  2.5922E-01  1.0716E-01
  3.6612E+02  2.5912E-01  1.0721E-01
  3.6644E+02  2.5902E-01  1.0726E-01
  3.6675E+02  2.5892E-01  1.0731E-01
  3.6707E+02  2.5882E-01  1.0736E-01
  3.6738E+02  2.5872E-01  1.0741E-01
  3.6769E+02  2.5862E-01  1.0746E-01
  3.6801E+02  2.5852E-01  1.0751E-01
  3.6832E+02  2.5842E-01  1.0756E-01
  3.6864E+02  2.5832E-01  1.0761E-01
  3.6895E+02  2.5822E-01  1.0766E-01
  3.6926E+02  2.5812E-01  1.0771E-01
  3.6958E+02  2.5802E-01  1.0776E-01
  3.6989E+02  2.5792E-01  1.0781E-01
  3.7021E+02  2.5782E-01  1.0786E-01
  3.7052E+02  2.5772E-01  1.0791E-01
  3.7083E+02  2.5762E-01  1.0796E-01
  3.7115E+02  2.5752E-01  1.0801E-01
  3.7146E+02  2.5742E-01  1.0806E-01
  3.7178E+02  2.5732E-01  1.0811E-01
  3.7209E+02  2.5722E-01  1.0816E-01
  3.7240E+02  2.5712E-01  1.0821E-01
  3.7272E+02  2.5702E-01  1.0826E-01
  3.7303E+02  2.5692E-01  1.0831E-01
  3.7335E+02  2.5682E-01  1.0836E-01
  3.7366E+02  2.5672E-01  1.0841E-01
  3.7397E+02  2.5662E-01  1.0846E-01
  3.7429E+02  2.5652E-01  1.0851E-01
  3.7460E+02  2.5642E-01  1.0855E-01
  3.7492E+02  2.5632E-01  1.0860E-01
  3.7523E+02  2.5622E-01  1.0865E-01
  3.7554E+02  2.5612E-01  1.0870E-01
  3.7586E+02  2.5602E-01  1.0875E-01
  3.7617E+02  2.5592E-01  1.0880E-01
  3.7649E+02  2.5582E-01  1.0885E-01
  3.7680E+02  2.5572E-01  1.0890E-01
  3.7711E+02  2.5562E-01  1.0894E-01
  3.7743E+02  2.5552E-01  1.0899E-01
  3.7774E+02  2.5542E-01  1.0904E-01
  3.7806E+02  2.5532E-01  1.0909E-01
  3.7837E+02  2.5522E-01  1.0914E-01
  3.7868E+02  2.5512E-01  1.0919E-01
  3.7900E+02  2.5502E-01  1.0924E-01
  3.7931E+02  2.5492E-01  1.0928E-01
  3.7963E+02  2.5482E-01  1.0933E-01
  3.7994E+02  2.5472E-01  1.0938E-01
  3.8025E+02  2.5462E-01  1.0943E-01
  3.8057E+02  2.5452E-01  1.0948E-01
  3.8088E+02  2.5442E-01  1.0952E-01
  3.8120E+02  2.5432E-01  1.0957E-01
  3.8151E+02  2.5422E-01  1.0962E-01
  3.8182E+02  2.5412E-01  1.0967E-01
  3.8214E+02  2.5402E-01  1.0971E-01
  3.8245E+02  2.5392E-01  1.0976E-01
  3.8277E+02  2.5382E-01  1.0981E-01
  3.8308E+02  2.5372E-01  1.0986E-01
  3.8339E+02  2.5363E-01  1.0991E-01
  3.8371E+02  2.5353E-01  1.0995E-01
  3.8402E+02  2.5343E-01  1.1000E-01
  3.8434E+02  2.5333E-01  1.1005E-01
  3.8465E+02  2.5323E-01  1.1009E-01
  3.8496E+02  2.5313E-01  1.1014E-01
  3.8528E+02  2.5303E-01  1.1019E-01
  3.8559E+02  2.5293E-01  1.1024E-01
  3.8591E+02  2.5283E-01  1.1028E-01
  3.8622E+02  2.5273E-01  1.1033E-01
  3.8653E+02  2.5263E-01  1.1038E-01
  3.8685E+02  2.5253E-01  1.1042E-01
  3.8716E+02  2.5243E-01  1.1047E-01
  3.8748E+02  2.5233E-01  1.1052E-01
  3.8779E+02  2.5223E-01  1.1056E-01
  3.8810E+02  2.5213E-01  1.1061E-01
  3.8842E+02  2.5204E-01  1.1066E-01
  3.8873E+02  2.5194E-01  1.1070E-01
  3.8905E+02  2.5184E-01  1.1075E-01
  3.8936E+02  2.5174E-01  1.1080E-01
  3.8967E+02  2.5164E-01  1.1084E-01
  3.8999E+02  2.5154E-01  1.1089E-01
  3.9030E+02  2.5144E-01  1.1094E-01
  3.9062E+02  2.5134E-01  1.1098E-01
  3.9093E+02  2.5124E-01  1.1103E-01
  3.9124E+02  2.5114E-01  1.1108E-01
  3.9156E+02  2.5104E-01  1.1112E-01
  3.9187E+02  2.5095E-01  1.1117E-01
  3.9219E+02  2.5085E-01  1.1121E-01
  3.9250E+02  2.5075E-01  1.1126E-01
  3.9281E+02  2.5065E-01  1.1131E-01
  3.9313E+02  2.5055E-01  1.1135E-01
  3.9344E+02  2.5045E-01  1.1140E-01
  3.9376E+02  2.5035E-01  1.1144E-01
  3.9407E+02  2.5025E-01  1.1149E-01
  3.9438E+02  2.5015E-01  1.1153E-01
  3.9470E+02  2.5006E-01  1.1158E-01
  3.9501E+02  2.4996E-01  1.1163E-01
  3.9533E+02  2.4986E-01  1.1167E-01
  3.9564E+02  2.4976E-01  1.1172E-01
  3.9595E+02  2.4966E-01  1.1176E-01
  3.9627E+02  2.4956E-01  1.1181E-01
  3.9658E+02  2.4946E-01  1.1185E-01
  3.9690E+02  2.4936E-01  1.1190E-01
  3.9721E+02  2.4927E-01  1.1194E-01
  3.9752E+02  2.4917E-01  1.1199E-01
  3.9784E+02  2.4907E-01  1.1203E-01
  3.9815E+02  2.4897E-01  1.1208E-01
  3.9847E+02  2.4887E-01  1.1212E-01
  3.9878E+02  2.4877E-01  1.1217E-01
  3.9909E+02  2.4867E-01  1.1221E-01
  3.9941E+02  2.4858E-01  1.1226E-01
  3.9972E+02  2.4848E-01  1.1230E-01
  4.0004E+02  2.4838E-01  1.1235E-01
  4.0035E+02  2.4828E-01  1.1239E-01
  4.0066E+02  2.4818E-01  1.1244E-01
  4.0098E+02  2.4808E-01  1.1248E-01
  4.0129E+02  2.4799E-01  1.1253E-01
  4.0161E+02  2.4789E-01  1.1257E-01
  4.0192E+02  2.4779E-01  1.1261E-01
  4.0223E+02  2.4769E-01  1.1266E-01
  4.0255E+02  2.4759E-01  1.1270E-01
  4.0286E+02  2.4749E-01  1.1275E-01
  4.0318E+02  2.4740E-01  1.1279E-01
  4.0349E+02  2.4730E-01  1.1284E-01
  4.0380E+02  2.4720E-01  1.1288E-01
  4.0412E+02  2.4710E-01  1.1292E-01
  4.0443E+02  2.4700E-01  1.1297E-01
  4.0475E+02  2.4690E-01  1.1301E-01
  4.0506E+02  2.4681E-01  1.1305E-01
  4.0537E+02  2.4671E-01  1.1310E-01
  4.0569E+02  2.4661E-01  1.1314E-01
  4.0600E+02  2.4651E-01  1.1319E-01
  4.0632E+02  2.4641E-01  1.1323E-01
  4.0663E+02  2.4632E-01  1.1327E-01
  4.0694E+02  2.4622E-01  1.1332E-01
  4.0726E+02  2.4612E-01  1.1336E-01
  4.0757E+02  2.4602E-01  1.1340E-01
  4.0789E+02  2.4592E-01  1.1345E-01
  4.0820E+02  2.4582E-01  1.1349E-01
  4.0851E+02  2.4573E-01  1.1353E-01
  4.0883E+02  2.4563E-01  1.1358E-01
  4.0914E+02  2.4553E-01  1.1362E-01
  4.0946E+02  2.4543E-01  1.1366E-01
  4.0977E+02  2.4534E-01  1.1371E-01
  4.1008E+02  2.4524E-01  1.1375E-01
  4.1040E+02  2.4514E-01  1.1379E-01
  4.1071E+02  2.4504E-01  1.1383E-01
  4.1103E+02  2.4494E-01  1.1388E-01
  4.1134E+02  2.4485E-01  1.1392E-01
  4.1165E+02  2.4475E-01  1.1396E-01
  4.1197E+02  2.4465E-01  1.1401E-01
  4.1228E+02  2.4455E-01  1.1405E-01
  4.1260E+02  2.4445E-01  1.1409E-01
  4.1291E+02  2.4436E-01  1.1413E-01
  4.1322E+02  2.4426E-01  1.1418E-01
  4.1354E+02  2.4416E-01  1.1422E-01
  4.1385E+02  2.4406E-01  1.1426E-01
  4.1417E+02  2.4397E-01  1.1430E-01
  4.1448E+02  2.4387E-01  1.1434E-01
  4.1479E+02  2.4377E-01  1.1439E-01
  4.1511E+02  2.4367E-01  1.1443E-01
  4.1542E+02  2.4358E-01  1.1447E-01
  4.1574E+02  2.4348E-01  1.1451E-01
  4.1605E+02  2.4338E-01  1.1456E-01
  4.1636E+02  2.4328E-01  1.1460E-01
  4.1668E+02  2.4318E-01  1.1464E-01
  4.1699E+02  2.4309E-01  1.1468E-01
  4.1731E+02  2.4299E-01  1.1472E-01
  4.1762E+02  2.4289E-01  1.1476E-01
  4.1793E+02  2.4279E-01  1.1481E-01
  4.1825E+02  2.4270E-01  1.1485E-01
  4.1856E+02  2.4260E-01  1.1489E-01
  4.1888E+02  2.4250E-01  1.1493E-01
  4.1919E+02  2.4240E-01  1.1497E-01
  4.1950E+02  2.4231E-01  1.1501E-01
  4.1982E+02  2.4221E-01  1.1506E-01
  4.2013E+02  2.4211E-01  1.1510E-01
  4.2045E+02  2.4202E-01  1.1514E-01
  4.2076E+02  2.4192E-01  1.1518E-01
  4.2107E+02  2.4182E-01  1.1522E-01
  4.2139E+02  2.4172E-01  1.1526E-01
  4.2170E+02  2.4163E-01  1.1530E-01
  4.2202E+02  2.4153E-01  1.1534E-01
  4.2233E+02  2.4143E-01  1.1538E-01
  4.2264E+02  2.4133E-01  1.1542E-01
  4.2296E+02  2.4124E-01  1.1547E-01
  4.2327E+02  2.4114E-01  1.1551E-01
  4.2359E+02  2.4104E-01  1.1555E-01
  4.2390E+02  2.4095E-01  1.1559E-01
  4.2421E+02  2.4085E-01  1.1563E-01
  4.2453E+02  2.4075E-01  1.1567E-01
  4.2484E+02  2.4065E-01  1.1571E-01
  4.2516E+02  2.4056E-01  1.1575E-01
  4.2547E+02  2.4046E-01  1.1579E-01
  4.2578E+02  2.4036E-01  1.1583E-01
  4.2610E+02  2.4027E-01  1.1587E-01
  4.2641E+02  2.4017E-01  1.1591E-01
  4.2673E+02  2.4007E-01  1.1595E-01
  4.2704E+02  2.3997E-01  1.1599E-01
  4.2735E+02  2.3988E-01  1.1603E-01
  4.2767E+02  2.3978E-01  1.1607E-01
  4.2798E+02  2.3968E-01  1.1611E-01
  4.2830E+02  2.3959E-01  1.1615E-01
  4.2861E+02  2.3949E-01  1.1619E-01
  4.2892E+02  2.3939E-01  1.1623E-01
  4.2924E+02  2.3930E-01  1.1627E-01
  4.2955E+02  2.3920E-01  1.1631E-01
  4.2987E+02  2.3910E-01  1.1635E-01
  4.3018E+02  2.3900E-01  1.1639E-01
  4.3049E+02  2.3891E-01  1.1643E-01
  4.3081E+02  2.3881E-01  1.1647E-01
  4.3112E+02  2.3871E-01  1.1651E-01
  4.3144E+02  2.3862E-01  1.1655E-01
  4.3175E+02  2.3852E-01  1.1659E-01
  4.3206E+02  2.3842E-01  1.1663E-01
  4.3238E+02  2.3833E-01  1.1667E-01
  4.3269E+02  2.3823E-01  1.1671E-01
  4.3301E+02  2.3813E-01  1.1675E-01
  4.3332E+02  2.3804E-01  1.1678E-01
  4.3363E+02  2.3794E-01  1.1682E-01
  4.3395E+02  2.3784E-01  1.1686E-01
  4.3426E+02  2.3775E-01  1.1690E-01
  4.3458E+02  2.3765E-01  1.1694E-01
  4.3489E+02  2.3755E-01  1.1698E-01
  4.3520E+02  2.3746E-01  1.1702E-01
  4.3552E+02  2.3736E-01  1.1706E-01
  4.3583E+02  2.3726E-01  1.1710E-01
  4.3615E+02  2.3717E-01  1.1714E-01
  4.3646E+02  2.3707E-01  1.1717E-01
  4.3677E+02  2.3697E-01  1.1721E-01
  4.3709E+02  2.3688E-01  1.1725E-01
  4.3740E+02  2.3678E-01  1.1729E-01
  4.3772E+02  2.3669E-01  1.1733E-01
  4.3803E+02  2.3659E-01  1.1737E-01
  4.3834E+02  2.3649E-01  1.1740E-01
  4.3866E+02  2.3640E-01  1.1744E-01
  4.3897E+02  2.3630E-01  1.1748E-01
  4.3929E+02  2.3620E-01  1.1752E-01
  4.3960E+02  2.3611E-01  1.1756E-01
  4.3991E+02  2.3601E-01  1.1760E-01
  4.4023E+02  2.3591E-01  1.1763E-01
  4.4054E+02  2.3582E-01  1.1767E-01
  4.4086E+02  2.3572E-01  1.1771E-01
  4.4117E+02  2.3563E-01  1.1775E-01
  4.4148E+02  2.3553E-01  1.1779E-01
  4.4180E+02  2.3543E-01  1.1782E-01
  4.4211E+02  2.3534E-01  1.1786E-01
  4.4243E+02  2.3524E-01  1.1790E-01
  4.4274E+02  2.3514E-01  1.1794E-01
  4.4305E+02  2.3505E-01  1.1797E-01
  4.4337E+02  2.3495E-01  1.1801E-01
  4.4368E+02  2.3486E-01  1.1805E-01
  4.4400E+02  2.3476E-01  1.1809E-01
  4.4431E+02  2.3466E-01  1.1812E-01
  4.4462E+02  2.3457E-01  1.1816E-01
  4.4494E+02  2.3447E-01  1.1820E-01
  4.4525E+02  2.3438E-01  1.1824E-01
  4.4557E+02  2.3428E-01  1.1827E-01
  4.4588E+02  2.3418E-01  1.1831E-01
  4.4619E+02  2.3409E-01  1.1835E-01
  4.4651E+02  2.3399E-01  1.1838E-01
  4.4682E+02  2.3390E-01  1.1842E-01
  4.4714E+02  2.3380E-01  1.1846E-01
  4.4745E+02  2.3370E-01  1.1850E-01
  4.4776E+02  2.3361E-01  1.1853E-01
  4.4808E+02  2.3351E-01  1.1857E-01
  4.4839E+02  2.3342E-01  1.1861E-01
  4.4871E+02  2.3332E-01  1.1864E-01
  4.4902E+02  2.3323E-01  1.1868E-01
  4.4933E+02  2.3313E-01  1.1872E-01
  4.4965E+02  2.3303E-01  1.1875E-01
  4.4996E+02  2.3294E-01  1.1879E-01
  4.5028E+02  2.3284E-01  1.1882E-01
  4.5059E+02  2.3275E-01  1.1886E-01
  4.5090E+02  2.3265E-01  1.1890E-01
  4.5122E+02  2.3256E-01  1.1893E-01
  4.5153E+02  2.3246E-01  1.1897E-01
  4.5185E+02  2.3236E-01  1.1901E-01
  4.5216E+02  2.3227E-01  1.1904E-01
  4.5247E+02  2.3217E-01  1.1908E-01
  4.5279E+02  2.3208E-01  1.1911E-01
  4.5310E+02  2.3198E-01  1.1915E-01
  4.5342E+02  2.3189E-01  1.1919E-01
  4.5373E+02  2.3179E-01  1.1922E-01
  4.5404E+02  2.3170E-01  1.1926E-01
  4.5436E+02  2.3160E-01  1.1929E-01
  4.5467E+02  2.3150E-01  1.1933E-01
  4.5499E+02  2.3141E-01  1.1937E-01
  4.5530E+02  2.3131E-01  1.1940E-01
  4.5561E+02  2.3122E-01  1.1944E-01
  4.5593E+02  2.3112E-01  1.1947E-01
  4.5624E+02  2.3103E-01  1.1951E-01
  4.5656E+02  2.3093E-01  1.1954E-01
  4.5687E+02  2.3084E-01  1.1958E-01
  4.5718E+02  2.3074E-01  1.1961E-01
  4.5750E+02  2.3065E-01  1.1965E-01
  4.5781E+02  2.3055E-01  1.1969E-01
  4.5813E+02  2.3046E-01  1.1972E-01
  4.5844E+02  2.3036E-01  1.1976E-01
  4.5875E+02  2.3026E-01  1.1979E-01
  4.5907E+02  2.3017E-01  1.1983E-01
  4.5938E+02  2.3007E-01  1.1986E-01
  4.5970E+02  2.2998E-01  1.1990E-01
  4.6001E+02  2.2988E-01  1.1993E-01
  4.6032E+02  2.2979E-01  1.1997E-01
  4.6064E+02  2.2969E-01  1.2000E-01
  4.6095E+02  2.2960E-01  1.2004E-01
  4.6127E+02  2.2950E-01  1.2007E-01
  4.6158E+02  2.2941E-01  1.2010E-01
  4.6189E+02  2.2931E-01  1.2014E-01
  4.6221E+02  2.2922E-01  1.2017E-01
  4.6252E+02  2.2912E-01  1.2021E-01
  4.6284E+02  2.2903E-01  1.2024E-01
  4.6315E+02  2.2893E-01  1.2028E-01
  4.6346E+02  2.2884E-01  1.2031E-01
  4.6378E+02  2.2874E-01  1.2035E-01
  4.6409E+02  2.2865E-01  1.2038E-01
  4.6441E+02  2.2855E-01  1.2041E-01
  4.6472E+02  2.2846E-01  1.2045E-01
  4.6503E+02  2.2836E-01  1.2048E-01
  4.6535E+02  2.2827E-01  1.2052E-01
  4.6566E+02  2.2817E-01  1.2055E-01
  4.6598E+02  2.2808E-01  1.2059E-01
  4.6629E+02  2.2798E-01  1.2062E-01
  4.6660E+02  2.2789E-01  1.2065E-01
  4.6692E+02  2.2780E-01  1.2069E-01
  4.6723E+02  2.2770E-01  1.2072E-01
  4.6755E+02  2.2761E-01  1.2075E-01
  4.6786E+02  2.2751E-01  1.2079E-01
  4.6817E+02  2.2742E-01  1.2082E-01
  4.6849E+02  2.2732E-01  1.2086E-01
  4.6880E+02  2.2723E-01  1.2089E-01
  4.6912E+02  2.2713E-01  1.2092E-01
  4.6943E+02  2.2704E-01  1.2096E-01
  4.6974E+02  2.2694E-01  1.2099E-01
  4.7006E+02  2.2685E-01  1.2102E-01
  4.7037E+02  2.2675E-01  1.2106E-01
  4.7069E+02  2.2666E-01  1.2109E-01
  4.7100E+02  2.2656E-01  1.2112E-01
  4.7131E+02  2.2647E-01  1.2116E-01
  4.7163E+02  2.2638E-01  1.2119E-01
  4.7194E+02  2.2628E-01  1.2122E-01
  4.7226E+02  2.2619E-01  1.2126E-01
  4.7257E+02  2.2609E-01  1.2129E-01
  4.7288E+02  2.2600E-01  1.2132E-01
  4.7320E+02  2.2590E-01  1.2135E-01
  4.7351E+02  2.2581E-01  1.2139E-01
  4.7383E+02  2.2571E-01  1.2142E-01
  4.7414E+02  2.2562E-01  1.2145E-01
  4.7445E+02  2.2553E-01  1.2149E-01
  4.7477E+02  2.2543E-01  1.2152E-01
  4.7508E+02  2.2534E-01  1.2155E-01
  4.7540E+02  2.2524E-01  1.2158E-01
  4.7571E+02  2.2515E-01  1.2162E-01
  4.7602E+02  2.2505E-01  1.2165E-01
  4.7634E+02  2.2496E-01  1.2168E-01
  4.7665E+02  2.2487E-01  1.2171E-01
  4.7697E+02  2.2477E-01  1.2175E-01
  4.7728E+02  2.2468E-01  1.2178E-01
  4.7759E+02  2.2458E-01  1.2181E-01
  4.7791E+02  2.2449E-01  1.2184E-01
  4.7822E+02  2.2440E-01  1.2187E-01
  4.7854E+02  2.2430E-01  1.2191E-01
  4.7885E+02  2.2421E-01  1.2194E-01
  4.7916E+02  2.2411E-01  1.2197E-01
  4.7948E+02  2.2402E-01  1.2200E-01
  4.7979E+02  2.2393E-01  1.2203E-01
  4.8011E+02  2.2383E-01  1.2207E-01
  4.8042E+02  2.2374E-01  1.2210E-01
  4.8073E+02  2.2364E-01  1.2213E-01
  4.8105E+02  2.2355E-01  1.2216E-01
  4.8136E+02  2.2346E-01  1.2219E-01
  4.8168E+02  2.2336E-01  1.2223E-01
  4.8199E+02  2.2327E-01  1.2226E-01
  4.8230E+02  2.2317E-01  1.2229E-01
  4.8262E+02  2.2308E-01  1.2232E-01
  4.8293E+02  2.2299E-01  1.2235E-01
  4.8325E+02  2.2289E-01  1.2238E-01
  4.8356E+02  2.2280E-01  1.2241E-01
  4.8387E+02  2.2271E-01  1.2245E-01
  4.8419E+02  2.2261E-01  1.2248E-01
  4.8450E+02  2.2252E-01  1.2251E-01
  4.8482E+02  2.2242E-01  1.2254E-01
  4.8513E+02  2.2233E-01  1.2257E-01
  4.8544E+02  2.2224E-01  1.2260E-01
  4.8576E+02  2.2214E-01  1.2263E-01
  4.8607E+02  2.2205E-01  1.2266E-01
  4.8639E+02  2.2196E-01  1.2269E-01
  4.8670E+02  2.2186E-01  1.2273E-01
  4.8701E+02  2.2177E-01  1.2276E-01
  4.8733E+02  2.2168E-01  1.2279E-01
  4.8764E+02  2.2158E-01  1.2282E-01
  4.8796E+02  2.2149E-01  1.2285E-01
  4.8827E+02  2.2140E-01  1.2288E-01
  4.8858E+02  2.2130E-01  1.2291E-01
  4.8890E+02  2.2121E-01  1.2294E-01
  4.8921E+02  2.2111E-01  1.2297E-01
  4.8953E+02  2.2102E-01  1.2300E-01
  4.8984E+02  2.2093E-01  1.2303E-01
  4.9015E+02  2.2083E-01  1.2306E-01
  4.9047E+02  2.2074E-01  1.2309E-01
  4.9078E+02  2.2065E-01  1.2312E-01
  4.9110E+02  2.2055E-01  1.2315E-01
  4.9141E+02  2.2046E-01  1.2318E-01
  4.9172E+02  2.2037E-01  1.2321E-01
  4.9204E+02  2.2028E-01  1.2324E-01
  4.9235E+02  2.2018E-01  1.2327E-01
  4.9267E+02  2.2009E-01  1.2330E-01
  4.9298E+02  2.2000E-01  1.2333E-01
  4.9329E+02  2.1990E-01  1.2336E-01
  4.9361E+02  2.1981E-01  1.2339E-01
  4.9392E+02  2.1972E-01  1.2342E-01
  4.9424E+02  2.1962E-01  1.2345E-01
  4.9455E+02  2.1953E-01  1.2348E-01
  4.9486E+02  2.1944E-01  1.2351E-01
  4.9518E+02  2.1934E-01  1.2354E-01
  4.9549E+02  2.1925E-01  1.2357E-01
  4.9581E+02  2.1916E-01  1.2360E-01
  4.9612E+02  2.1907E-01  1.2363E-01
  4.9643E+02  2.1897E-01  1.2366E-01
  4.9675E+02  2.1888E-01  1.2369E-01
  4.9706E+02  2.1879E-01  1.2372E-01
  4.9738E+02  2.1869E-01  1.2375E-01
  4.9769E+02  2.1860E-01  1.2378E-01
  4.9800E+02  2.1851E-01  1.2381E-01
  4.9832E+02  2.1842E-01  1.2384E-01
  4.9863E+02  2.1832E-01  1.2387E-01
  4.9895E+02  2.1823E-01  1.2389E-01
  4.9926E+02  2.1814E-01  1.2392E-01
  4.9957E+02  2.1804E-01  1.2395E-01
  4.9989E+02  2.1795E-01  1.2398E-01
  5.0000E+02  2.1792E-01  1.2399E-01
