# CREATED BY GENE DIAGNOSTICS TOOL on Mon Jun 25 12:42:38 2018
# diag: GAMDIAG, run(s): 0057, time window: 0-500(1574 steps), species: ions
# original data path: /r/c/cmor/ZF_3rd/w7xhms05/1.5047-2.5/
# normalization: L_ref=5.4832m
#
# xind= 0, x/a= 0.70710677, q= 1.1018624
# Fit:    1.0000015,-0.0083739354,10.647324
# Analytic (Gao, Zhou/Yu): 0.32199362,-0.043923962,10.646381
#  t          Re[phi]     Im[phi]   
  0.0000E+00  9.9998E-01  0.0000E+00
  3.1800E-01  9.9354E-01  8.0914E-04
  6.3600E-01  9.7583E-01  1.5913E-03
  9.5400E-01  9.5018E-01  2.3538E-03
  1.2720E+00  9.1992E-01  3.1025E-03
  1.5900E+00  8.8769E-01  3.8474E-03
  1.9080E+00  8.5534E-01  4.5969E-03
  2.2260E+00  8.2405E-01  5.3442E-03
  2.5440E+00  7.9450E-01  6.0687E-03
  2.8620E+00  7.6703E-01  6.7443E-03
  3.1800E+00  7.4172E-01  7.3473E-03
  3.4980E+00  7.1850E-01  7.8614E-03
  3.8160E+00  6.9723E-01  8.2789E-03
  4.1340E+00  6.7768E-01  8.5999E-03
  4.4520E+00  6.5965E-01  8.8307E-03
  4.7700E+00  6.4295E-01  8.9819E-03
  5.0880E+00  6.2740E-01  9.0669E-03
  5.4060E+00  6.1288E-01  9.1008E-03
  5.7240E+00  5.9929E-01  9.0997E-03
  6.0420E+00  5.8656E-01  9.0785E-03
  6.3600E+00  5.7463E-01  9.0532E-03
  6.6780E+00  5.6346E-01  9.0351E-03
  6.9960E+00  5.5300E-01  9.0335E-03
  7.3140E+00  5.4322E-01  9.0593E-03
  7.6320E+00  5.3405E-01  9.1106E-03
  7.9500E+00  5.2543E-01  9.1886E-03
  8.2680E+00  5.1734E-01  9.3006E-03
  8.5860E+00  5.0971E-01  9.4373E-03
  8.9040E+00  5.0249E-01  9.5889E-03
  9.2220E+00  4.9563E-01  9.7571E-03
  9.5400E+00  4.8911E-01  9.9398E-03
  9.8580E+00  4.8286E-01  1.0132E-02
  1.0176E+01  4.7687E-01  1.0330E-02
  1.0494E+01  4.7112E-01  1.0527E-02
  1.0812E+01  4.6558E-01  1.0716E-02
  1.1130E+01  4.6022E-01  1.0893E-02
  1.1448E+01  4.5504E-01  1.1051E-02
  1.1766E+01  4.5003E-01  1.1187E-02
  1.2084E+01  4.4520E-01  1.1295E-02
  1.2402E+01  4.4050E-01  1.1374E-02
  1.2720E+01  4.3592E-01  1.1420E-02
  1.3038E+01  4.3143E-01  1.1435E-02
  1.3356E+01  4.2708E-01  1.1425E-02
  1.3674E+01  4.2290E-01  1.1396E-02
  1.3992E+01  4.1889E-01  1.1349E-02
  1.4310E+01  4.1499E-01  1.1277E-02
  1.4628E+01  4.1119E-01  1.1179E-02
  1.4946E+01  4.0745E-01  1.1057E-02
  1.5264E+01  4.0380E-01  1.0916E-02
  1.5582E+01  4.0024E-01  1.0763E-02
  1.5900E+01  3.9677E-01  1.0605E-02
  1.6218E+01  3.9341E-01  1.0446E-02
  1.6536E+01  3.9011E-01  1.0289E-02
  1.6854E+01  3.8687E-01  1.0127E-02
  1.7172E+01  3.8367E-01  9.9534E-03
  1.7490E+01  3.8050E-01  9.7686E-03
  1.7808E+01  3.7738E-01  9.5783E-03
  1.8126E+01  3.7433E-01  9.3850E-03
  1.8444E+01  3.7135E-01  9.1870E-03
  1.8762E+01  3.6846E-01  8.9834E-03
  1.9080E+01  3.6570E-01  8.7809E-03
  1.9398E+01  3.6309E-01  8.5954E-03
  1.9716E+01  3.6063E-01  8.4430E-03
  2.0034E+01  3.5831E-01  8.3276E-03
  2.0352E+01  3.5609E-01  8.2375E-03
  2.0670E+01  3.5395E-01  8.1517E-03
  2.0988E+01  3.5189E-01  8.0525E-03
  2.1306E+01  3.4994E-01  7.9358E-03
  2.1624E+01  3.4817E-01  7.8140E-03
  2.1942E+01  3.4663E-01  7.7076E-03
  2.2260E+01  3.4536E-01  7.6342E-03
  2.2578E+01  3.4430E-01  7.5989E-03
  2.2896E+01  3.4337E-01  7.5903E-03
  2.3214E+01  3.4248E-01  7.5872E-03
  2.3532E+01  3.4158E-01  7.5738E-03
  2.3850E+01  3.4071E-01  7.5492E-03
  2.4168E+01  3.3993E-01  7.5282E-03
  2.4486E+01  3.3936E-01  7.5365E-03
  2.4804E+01  3.3910E-01  7.6042E-03
  2.5122E+01  3.3915E-01  7.7508E-03
  2.5440E+01  3.3944E-01  7.9705E-03
  2.5758E+01  3.3979E-01  8.2313E-03
  2.6076E+01  3.4003E-01  8.4916E-03
  2.6394E+01  3.4000E-01  8.7159E-03
  2.6712E+01  3.3964E-01  8.8829E-03
  2.7030E+01  3.3898E-01  8.9898E-03
  2.7348E+01  3.3814E-01  9.0596E-03
  2.7666E+01  3.3732E-01  9.1406E-03
  2.7984E+01  3.3675E-01  9.2878E-03
  2.8302E+01  3.3659E-01  9.5363E-03
  2.8620E+01  3.3688E-01  9.8850E-03
  2.8938E+01  3.3756E-01  1.0304E-02
  2.9256E+01  3.3852E-01  1.0753E-02
  2.9574E+01  3.3962E-01  1.1194E-02
  2.9892E+01  3.4072E-01  1.1597E-02
  3.0210E+01  3.4168E-01  1.1945E-02
  3.0528E+01  3.4243E-01  1.2233E-02
  3.0846E+01  3.4297E-01  1.2477E-02
  3.1164E+01  3.4336E-01  1.2705E-02
  3.1482E+01  3.4371E-01  1.2945E-02
  3.1800E+01  3.4412E-01  1.3217E-02
  3.2118E+01  3.4466E-01  1.3521E-02
  3.2436E+01  3.4535E-01  1.3851E-02
  3.2754E+01  3.4621E-01  1.4198E-02
  3.3072E+01  3.4725E-01  1.4557E-02
  3.3390E+01  3.4845E-01  1.4921E-02
  3.3708E+01  3.4975E-01  1.5276E-02
  3.4026E+01  3.5106E-01  1.5606E-02
  3.4344E+01  3.5229E-01  1.5894E-02
  3.4662E+01  3.5337E-01  1.6132E-02
  3.4980E+01  3.5430E-01  1.6326E-02
  3.5298E+01  3.5515E-01  1.6499E-02
  3.5616E+01  3.5604E-01  1.6682E-02
  3.5934E+01  3.5708E-01  1.6901E-02
  3.6252E+01  3.5836E-01  1.7176E-02
  3.6570E+01  3.5988E-01  1.7512E-02
  3.6888E+01  3.6163E-01  1.7904E-02
  3.7206E+01  3.6354E-01  1.8337E-02
  3.7524E+01  3.6555E-01  1.8793E-02
  3.7842E+01  3.6760E-01  1.9257E-02
  3.8160E+01  3.6963E-01  1.9715E-02
  3.8478E+01  3.7160E-01  2.0155E-02
  3.8796E+01  3.7345E-01  2.0566E-02
  3.9114E+01  3.7508E-01  2.0930E-02
  3.9432E+01  3.7639E-01  2.1222E-02
  3.9750E+01  3.7729E-01  2.1420E-02
  4.0068E+01  3.7773E-01  2.1511E-02
  4.0386E+01  3.7772E-01  2.1500E-02
  4.0704E+01  3.7733E-01  2.1411E-02
  4.1022E+01  3.7669E-01  2.1282E-02
  4.1340E+01  3.7594E-01  2.1150E-02
  4.1658E+01  3.7523E-01  2.1050E-02
  4.1976E+01  3.7468E-01  2.1010E-02
  4.2294E+01  3.7441E-01  2.1047E-02
  4.2612E+01  3.7446E-01  2.1166E-02
  4.2930E+01  3.7486E-01  2.1359E-02
  4.3248E+01  3.7556E-01  2.1608E-02
  4.3566E+01  3.7652E-01  2.1890E-02
  4.3884E+01  3.7767E-01  2.2185E-02
  4.4202E+01  3.7893E-01  2.2475E-02
  4.4520E+01  3.8023E-01  2.2746E-02
  4.4838E+01  3.8152E-01  2.2992E-02
  4.5156E+01  3.8276E-01  2.3211E-02
  4.5474E+01  3.8390E-01  2.3403E-02
  4.5792E+01  3.8491E-01  2.3563E-02
  4.6110E+01  3.8575E-01  2.3687E-02
  4.6428E+01  3.8640E-01  2.3773E-02
  4.6746E+01  3.8684E-01  2.3821E-02
  4.7064E+01  3.8706E-01  2.3836E-02
  4.7382E+01  3.8708E-01  2.3823E-02
  4.7700E+01  3.8693E-01  2.3784E-02
  4.8018E+01  3.8664E-01  2.3725E-02
  4.8336E+01  3.8624E-01  2.3652E-02
  4.8654E+01  3.8576E-01  2.3576E-02
  4.8972E+01  3.8524E-01  2.3500E-02
  4.9290E+01  3.8469E-01  2.3420E-02
  4.9608E+01  3.8413E-01  2.3332E-02
  4.9926E+01  3.8357E-01  2.3233E-02
  5.0244E+01  3.8308E-01  2.3132E-02
  5.0562E+01  3.8268E-01  2.3044E-02
  5.0880E+01  3.8244E-01  2.2990E-02
  5.1198E+01  3.8239E-01  2.2985E-02
  5.1516E+01  3.8254E-01  2.3039E-02
  5.1834E+01  3.8287E-01  2.3154E-02
  5.2152E+01  3.8335E-01  2.3323E-02
  5.2470E+01  3.8393E-01  2.3529E-02
  5.2788E+01  3.8456E-01  2.3745E-02
  5.3106E+01  3.8517E-01  2.3944E-02
  5.3424E+01  3.8574E-01  2.4106E-02
  5.3742E+01  3.8624E-01  2.4226E-02
  5.4060E+01  3.8671E-01  2.4315E-02
  5.4378E+01  3.8715E-01  2.4395E-02
  5.4696E+01  3.8762E-01  2.4490E-02
  5.5014E+01  3.8814E-01  2.4617E-02
  5.5332E+01  3.8870E-01  2.4778E-02
  5.5650E+01  3.8930E-01  2.4967E-02
  5.5968E+01  3.8991E-01  2.5170E-02
  5.6286E+01  3.9051E-01  2.5378E-02
  5.6604E+01  3.9106E-01  2.5587E-02
  5.6922E+01  3.9155E-01  2.5798E-02
  5.7240E+01  3.9194E-01  2.6011E-02
  5.7558E+01  3.9222E-01  2.6226E-02
  5.7876E+01  3.9236E-01  2.6438E-02
  5.8194E+01  3.9236E-01  2.6647E-02
  5.8512E+01  3.9221E-01  2.6849E-02
  5.8830E+01  3.9192E-01  2.7042E-02
  5.9148E+01  3.9150E-01  2.7221E-02
  5.9466E+01  3.9094E-01  2.7381E-02
  5.9784E+01  3.9026E-01  2.7512E-02
  6.0102E+01  3.8947E-01  2.7608E-02
  6.0420E+01  3.8857E-01  2.7666E-02
  6.0738E+01  3.8760E-01  2.7686E-02
  6.1056E+01  3.8658E-01  2.7678E-02
  6.1374E+01  3.8555E-01  2.7656E-02
  6.1692E+01  3.8455E-01  2.7632E-02
  6.2010E+01  3.8361E-01  2.7617E-02
  6.2328E+01  3.8275E-01  2.7617E-02
  6.2646E+01  3.8197E-01  2.7628E-02
  6.2964E+01  3.8128E-01  2.7647E-02
  6.3282E+01  3.8067E-01  2.7668E-02
  6.3600E+01  3.8015E-01  2.7690E-02
  6.3918E+01  3.7971E-01  2.7715E-02
  6.4236E+01  3.7935E-01  2.7747E-02
  6.4554E+01  3.7907E-01  2.7790E-02
  6.4872E+01  3.7886E-01  2.7850E-02
  6.5190E+01  3.7872E-01  2.7930E-02
  6.5508E+01  3.7864E-01  2.8037E-02
  6.5826E+01  3.7862E-01  2.8171E-02
  6.6144E+01  3.7864E-01  2.8329E-02
  6.6462E+01  3.7869E-01  2.8501E-02
  6.6780E+01  3.7876E-01  2.8676E-02
  6.7098E+01  3.7883E-01  2.8846E-02
  6.7416E+01  3.7889E-01  2.9011E-02
  6.7734E+01  3.7895E-01  2.9172E-02
  6.8052E+01  3.7902E-01  2.9333E-02
  6.8370E+01  3.7907E-01  2.9497E-02
  6.8688E+01  3.7913E-01  2.9664E-02
  6.9006E+01  3.7918E-01  2.9836E-02
  6.9324E+01  3.7921E-01  3.0010E-02
  6.9642E+01  3.7924E-01  3.0188E-02
  6.9960E+01  3.7926E-01  3.0366E-02
  7.0278E+01  3.7927E-01  3.0543E-02
  7.0596E+01  3.7928E-01  3.0716E-02
  7.0914E+01  3.7928E-01  3.0883E-02
  7.1232E+01  3.7926E-01  3.1039E-02
  7.1550E+01  3.7921E-01  3.1181E-02
  7.1868E+01  3.7913E-01  3.1308E-02
  7.2186E+01  3.7901E-01  3.1424E-02
  7.2504E+01  3.7887E-01  3.1534E-02
  7.2822E+01  3.7869E-01  3.1644E-02
  7.3140E+01  3.7850E-01  3.1758E-02
  7.3458E+01  3.7829E-01  3.1872E-02
  7.3776E+01  3.7806E-01  3.1983E-02
  7.4094E+01  3.7782E-01  3.2086E-02
  7.4412E+01  3.7756E-01  3.2179E-02
  7.4730E+01  3.7730E-01  3.2264E-02
  7.5048E+01  3.7705E-01  3.2347E-02
  7.5366E+01  3.7680E-01  3.2437E-02
  7.5684E+01  3.7658E-01  3.2541E-02
  7.6002E+01  3.7639E-01  3.2665E-02
  7.6320E+01  3.7624E-01  3.2811E-02
  7.6638E+01  3.7612E-01  3.2982E-02
  7.6956E+01  3.7605E-01  3.3176E-02
  7.7274E+01  3.7601E-01  3.3394E-02
  7.7592E+01  3.7600E-01  3.3631E-02
  7.7910E+01  3.7600E-01  3.3882E-02
  7.8228E+01  3.7600E-01  3.4139E-02
  7.8546E+01  3.7599E-01  3.4390E-02
  7.8864E+01  3.7594E-01  3.4626E-02
  7.9182E+01  3.7584E-01  3.4834E-02
  7.9500E+01  3.7567E-01  3.5005E-02
  7.9818E+01  3.7542E-01  3.5128E-02
  8.0136E+01  3.7509E-01  3.5199E-02
  8.0454E+01  3.7469E-01  3.5223E-02
  8.0772E+01  3.7425E-01  3.5213E-02
  8.1090E+01  3.7379E-01  3.5191E-02
  8.1408E+01  3.7336E-01  3.5179E-02
  8.1726E+01  3.7298E-01  3.5196E-02
  8.2044E+01  3.7269E-01  3.5255E-02
  8.2362E+01  3.7249E-01  3.5358E-02
  8.2680E+01  3.7238E-01  3.5503E-02
  8.2998E+01  3.7235E-01  3.5682E-02
  8.3316E+01  3.7239E-01  3.5883E-02
  8.3634E+01  3.7246E-01  3.6093E-02
  8.3952E+01  3.7254E-01  3.6301E-02
  8.4270E+01  3.7260E-01  3.6499E-02
  8.4588E+01  3.7264E-01  3.6679E-02
  8.4906E+01  3.7263E-01  3.6840E-02
  8.5224E+01  3.7259E-01  3.6982E-02
  8.5542E+01  3.7250E-01  3.7110E-02
  8.5860E+01  3.7238E-01  3.7227E-02
  8.6178E+01  3.7225E-01  3.7337E-02
  8.6496E+01  3.7210E-01  3.7445E-02
  8.6814E+01  3.7195E-01  3.7558E-02
  8.7132E+01  3.7181E-01  3.7681E-02
  8.7450E+01  3.7168E-01  3.7817E-02
  8.7768E+01  3.7158E-01  3.7969E-02
  8.8086E+01  3.7151E-01  3.8135E-02
  8.8404E+01  3.7146E-01  3.8316E-02
  8.8722E+01  3.7144E-01  3.8508E-02
  8.9040E+01  3.7143E-01  3.8709E-02
  8.9358E+01  3.7144E-01  3.8912E-02
  8.9676E+01  3.7145E-01  3.9113E-02
  8.9994E+01  3.7147E-01  3.9305E-02
  9.0312E+01  3.7148E-01  3.9483E-02
  9.0630E+01  3.7149E-01  3.9648E-02
  9.0948E+01  3.7151E-01  3.9803E-02
  9.1266E+01  3.7152E-01  3.9951E-02
  9.1584E+01  3.7154E-01  4.0100E-02
  9.1902E+01  3.7156E-01  4.0251E-02
  9.2220E+01  3.7159E-01  4.0406E-02
  9.2538E+01  3.7162E-01  4.0564E-02
  9.2856E+01  3.7166E-01  4.0725E-02
  9.3174E+01  3.7169E-01  4.0886E-02
  9.3492E+01  3.7172E-01  4.1049E-02
  9.3810E+01  3.7175E-01  4.1213E-02
  9.4128E+01  3.7177E-01  4.1376E-02
  9.4446E+01  3.7179E-01  4.1539E-02
  9.4764E+01  3.7180E-01  4.1698E-02
  9.5082E+01  3.7180E-01  4.1850E-02
  9.5400E+01  3.7178E-01  4.1994E-02
  9.5718E+01  3.7174E-01  4.2128E-02
  9.6036E+01  3.7168E-01  4.2251E-02
  9.6354E+01  3.7161E-01  4.2367E-02
  9.6672E+01  3.7152E-01  4.2475E-02
  9.6990E+01  3.7143E-01  4.2578E-02
  9.7308E+01  3.7133E-01  4.2678E-02
  9.7626E+01  3.7125E-01  4.2774E-02
  9.7944E+01  3.7117E-01  4.2872E-02
  9.8262E+01  3.7111E-01  4.2975E-02
  9.8580E+01  3.7107E-01  4.3089E-02
  9.8898E+01  3.7106E-01  4.3217E-02
  9.9216E+01  3.7107E-01  4.3358E-02
  9.9534E+01  3.7110E-01  4.3514E-02
  9.9852E+01  3.7115E-01  4.3681E-02
  1.0017E+02  3.7121E-01  4.3857E-02
  1.0049E+02  3.7129E-01  4.4039E-02
  1.0081E+02  3.7136E-01  4.4222E-02
  1.0112E+02  3.7144E-01  4.4404E-02
  1.0144E+02  3.7151E-01  4.4580E-02
  1.0176E+02  3.7158E-01  4.4751E-02
  1.0208E+02  3.7162E-01  4.4912E-02
  1.0240E+02  3.7165E-01  4.5064E-02
  1.0271E+02  3.7166E-01  4.5204E-02
  1.0303E+02  3.7165E-01  4.5332E-02
  1.0335E+02  3.7162E-01  4.5447E-02
  1.0367E+02  3.7157E-01  4.5550E-02
  1.0399E+02  3.7149E-01  4.5645E-02
  1.0430E+02  3.7141E-01  4.5733E-02
  1.0462E+02  3.7130E-01  4.5821E-02
  1.0494E+02  3.7119E-01  4.5909E-02
  1.0526E+02  3.7107E-01  4.6001E-02
  1.0558E+02  3.7094E-01  4.6093E-02
  1.0589E+02  3.7080E-01  4.6180E-02
  1.0621E+02  3.7065E-01  4.6259E-02
  1.0653E+02  3.7049E-01  4.6325E-02
  1.0685E+02  3.7032E-01  4.6380E-02
  1.0717E+02  3.7015E-01  4.6426E-02
  1.0748E+02  3.6997E-01  4.6473E-02
  1.0780E+02  3.6981E-01  4.6527E-02
  1.0812E+02  3.6966E-01  4.6596E-02
  1.0844E+02  3.6953E-01  4.6683E-02
  1.0876E+02  3.6942E-01  4.6786E-02
  1.0907E+02  3.6933E-01  4.6904E-02
  1.0939E+02  3.6926E-01  4.7031E-02
  1.0971E+02  3.6919E-01  4.7164E-02
  1.1003E+02  3.6913E-01  4.7298E-02
  1.1035E+02  3.6906E-01  4.7431E-02
  1.1066E+02  3.6899E-01  4.7558E-02
  1.1098E+02  3.6891E-01  4.7680E-02
  1.1130E+02  3.6882E-01  4.7796E-02
  1.1162E+02  3.6873E-01  4.7909E-02
  1.1194E+02  3.6862E-01  4.8022E-02
  1.1225E+02  3.6852E-01  4.8138E-02
  1.1257E+02  3.6841E-01  4.8260E-02
  1.1289E+02  3.6831E-01  4.8387E-02
  1.1321E+02  3.6821E-01  4.8520E-02
  1.1353E+02  3.6812E-01  4.8658E-02
  1.1384E+02  3.6804E-01  4.8799E-02
  1.1416E+02  3.6797E-01  4.8942E-02
  1.1448E+02  3.6790E-01  4.9086E-02
  1.1480E+02  3.6783E-01  4.9230E-02
  1.1512E+02  3.6777E-01  4.9374E-02
  1.1543E+02  3.6771E-01  4.9518E-02
  1.1575E+02  3.6764E-01  4.9662E-02
  1.1607E+02  3.6758E-01  4.9808E-02
  1.1639E+02  3.6751E-01  4.9956E-02
  1.1671E+02  3.6743E-01  5.0107E-02
  1.1702E+02  3.6736E-01  5.0262E-02
  1.1734E+02  3.6727E-01  5.0421E-02
  1.1766E+02  3.6719E-01  5.0582E-02
  1.1798E+02  3.6709E-01  5.0742E-02
  1.1830E+02  3.6698E-01  5.0895E-02
  1.1861E+02  3.6686E-01  5.1039E-02
  1.1893E+02  3.6672E-01  5.1170E-02
  1.1925E+02  3.6657E-01  5.1287E-02
  1.1957E+02  3.6641E-01  5.1389E-02
  1.1989E+02  3.6622E-01  5.1477E-02
  1.2020E+02  3.6602E-01  5.1552E-02
  1.2052E+02  3.6581E-01  5.1614E-02
  1.2084E+02  3.6559E-01  5.1666E-02
  1.2116E+02  3.6537E-01  5.1709E-02
  1.2148E+02  3.6515E-01  5.1748E-02
  1.2179E+02  3.6493E-01  5.1789E-02
  1.2211E+02  3.6472E-01  5.1835E-02
  1.2243E+02  3.6453E-01  5.1891E-02
  1.2275E+02  3.6435E-01  5.1958E-02
  1.2307E+02  3.6419E-01  5.2037E-02
  1.2338E+02  3.6403E-01  5.2125E-02
  1.2370E+02  3.6390E-01  5.2219E-02
  1.2402E+02  3.6376E-01  5.2318E-02
  1.2434E+02  3.6364E-01  5.2420E-02
  1.2466E+02  3.6352E-01  5.2523E-02
  1.2497E+02  3.6339E-01  5.2627E-02
  1.2529E+02  3.6326E-01  5.2729E-02
  1.2561E+02  3.6313E-01  5.2832E-02
  1.2593E+02  3.6299E-01  5.2935E-02
  1.2625E+02  3.6285E-01  5.3037E-02
  1.2656E+02  3.6270E-01  5.3140E-02
  1.2688E+02  3.6255E-01  5.3244E-02
  1.2720E+02  3.6240E-01  5.3350E-02
  1.2752E+02  3.6225E-01  5.3459E-02
  1.2784E+02  3.6211E-01  5.3573E-02
  1.2815E+02  3.6196E-01  5.3694E-02
  1.2847E+02  3.6182E-01  5.3823E-02
  1.2879E+02  3.6169E-01  5.3958E-02
  1.2911E+02  3.6156E-01  5.4098E-02
  1.2943E+02  3.6143E-01  5.4240E-02
  1.2974E+02  3.6130E-01  5.4383E-02
  1.3006E+02  3.6117E-01  5.4524E-02
  1.3038E+02  3.6104E-01  5.4662E-02
  1.3070E+02  3.6091E-01  5.4797E-02
  1.3102E+02  3.6077E-01  5.4931E-02
  1.3133E+02  3.6063E-01  5.5062E-02
  1.3165E+02  3.6049E-01  5.5192E-02
  1.3197E+02  3.6034E-01  5.5319E-02
  1.3229E+02  3.6020E-01  5.5444E-02
  1.3261E+02  3.6004E-01  5.5566E-02
  1.3292E+02  3.5989E-01  5.5684E-02
  1.3324E+02  3.5973E-01  5.5797E-02
  1.3356E+02  3.5957E-01  5.5906E-02
  1.3388E+02  3.5941E-01  5.6012E-02
  1.3420E+02  3.5925E-01  5.6116E-02
  1.3451E+02  3.5910E-01  5.6222E-02
  1.3483E+02  3.5895E-01  5.6330E-02
  1.3515E+02  3.5880E-01  5.6442E-02
  1.3547E+02  3.5866E-01  5.6559E-02
  1.3579E+02  3.5852E-01  5.6679E-02
  1.3610E+02  3.5840E-01  5.6800E-02
  1.3642E+02  3.5827E-01  5.6921E-02
  1.3674E+02  3.5815E-01  5.7040E-02
  1.3706E+02  3.5803E-01  5.7156E-02
  1.3738E+02  3.5791E-01  5.7269E-02
  1.3769E+02  3.5779E-01  5.7379E-02
  1.3801E+02  3.5767E-01  5.7487E-02
  1.3833E+02  3.5755E-01  5.7593E-02
  1.3865E+02  3.5743E-01  5.7698E-02
  1.3897E+02  3.5731E-01  5.7803E-02
  1.3928E+02  3.5720E-01  5.7908E-02
  1.3960E+02  3.5708E-01  5.8015E-02
  1.3992E+02  3.5697E-01  5.8123E-02
  1.4024E+02  3.5685E-01  5.8232E-02
  1.4056E+02  3.5674E-01  5.8343E-02
  1.4087E+02  3.5663E-01  5.8454E-02
  1.4119E+02  3.5652E-01  5.8566E-02
  1.4151E+02  3.5640E-01  5.8676E-02
  1.4183E+02  3.5629E-01  5.8785E-02
  1.4215E+02  3.5617E-01  5.8892E-02
  1.4246E+02  3.5605E-01  5.8998E-02
  1.4278E+02  3.5593E-01  5.9102E-02
  1.4310E+02  3.5581E-01  5.9207E-02
  1.4342E+02  3.5568E-01  5.9312E-02
  1.4374E+02  3.5555E-01  5.9417E-02
  1.4405E+02  3.5542E-01  5.9523E-02
  1.4437E+02  3.5529E-01  5.9628E-02
  1.4469E+02  3.5516E-01  5.9734E-02
  1.4501E+02  3.5503E-01  5.9839E-02
  1.4533E+02  3.5490E-01  5.9944E-02
  1.4564E+02  3.5478E-01  6.0048E-02
  1.4596E+02  3.5465E-01  6.0152E-02
  1.4628E+02  3.5453E-01  6.0256E-02
  1.4660E+02  3.5440E-01  6.0361E-02
  1.4692E+02  3.5428E-01  6.0468E-02
  1.4723E+02  3.5417E-01  6.0576E-02
  1.4755E+02  3.5405E-01  6.0686E-02
  1.4787E+02  3.5394E-01  6.0799E-02
  1.4819E+02  3.5383E-01  6.0915E-02
  1.4851E+02  3.5372E-01  6.1033E-02
  1.4882E+02  3.5361E-01  6.1153E-02
  1.4914E+02  3.5350E-01  6.1274E-02
  1.4946E+02  3.5340E-01  6.1393E-02
  1.4978E+02  3.5329E-01  6.1511E-02
  1.5010E+02  3.5318E-01  6.1625E-02
  1.5041E+02  3.5307E-01  6.1735E-02
  1.5073E+02  3.5295E-01  6.1840E-02
  1.5105E+02  3.5284E-01  6.1942E-02
  1.5137E+02  3.5272E-01  6.2041E-02
  1.5169E+02  3.5259E-01  6.2139E-02
  1.5200E+02  3.5247E-01  6.2238E-02
  1.5232E+02  3.5234E-01  6.2338E-02
  1.5264E+02  3.5222E-01  6.2439E-02
  1.5296E+02  3.5209E-01  6.2542E-02
  1.5328E+02  3.5197E-01  6.2647E-02
  1.5359E+02  3.5185E-01  6.2752E-02
  1.5391E+02  3.5173E-01  6.2858E-02
  1.5423E+02  3.5161E-01  6.2964E-02
  1.5455E+02  3.5150E-01  6.3072E-02
  1.5487E+02  3.5138E-01  6.3180E-02
  1.5518E+02  3.5127E-01  6.3289E-02
  1.5550E+02  3.5115E-01  6.3398E-02
  1.5582E+02  3.5104E-01  6.3506E-02
  1.5614E+02  3.5093E-01  6.3614E-02
  1.5646E+02  3.5081E-01  6.3721E-02
  1.5677E+02  3.5070E-01  6.3829E-02
  1.5709E+02  3.5059E-01  6.3937E-02
  1.5741E+02  3.5048E-01  6.4047E-02
  1.5773E+02  3.5037E-01  6.4157E-02
  1.5805E+02  3.5026E-01  6.4268E-02
  1.5836E+02  3.5016E-01  6.4380E-02
  1.5868E+02  3.5005E-01  6.4490E-02
  1.5900E+02  3.4994E-01  6.4599E-02
  1.5932E+02  3.4983E-01  6.4705E-02
  1.5964E+02  3.4972E-01  6.4807E-02
  1.5995E+02  3.4961E-01  6.4906E-02
  1.6027E+02  3.4950E-01  6.5002E-02
  1.6059E+02  3.4938E-01  6.5096E-02
  1.6091E+02  3.4927E-01  6.5188E-02
  1.6123E+02  3.4915E-01  6.5280E-02
  1.6154E+02  3.4904E-01  6.5374E-02
  1.6186E+02  3.4892E-01  6.5469E-02
  1.6218E+02  3.4881E-01  6.5567E-02
  1.6250E+02  3.4870E-01  6.5666E-02
  1.6282E+02  3.4859E-01  6.5768E-02
  1.6313E+02  3.4848E-01  6.5870E-02
  1.6345E+02  3.4837E-01  6.5972E-02
  1.6377E+02  3.4826E-01  6.6075E-02
  1.6409E+02  3.4815E-01  6.6176E-02
  1.6441E+02  3.4803E-01  6.6277E-02
  1.6472E+02  3.4792E-01  6.6376E-02
  1.6504E+02  3.4780E-01  6.6475E-02
  1.6536E+02  3.4769E-01  6.6573E-02
  1.6568E+02  3.4757E-01  6.6670E-02
  1.6600E+02  3.4745E-01  6.6767E-02
  1.6631E+02  3.4733E-01  6.6865E-02
  1.6663E+02  3.4722E-01  6.6964E-02
  1.6695E+02  3.4710E-01  6.7064E-02
  1.6727E+02  3.4699E-01  6.7166E-02
  1.6759E+02  3.4688E-01  6.7270E-02
  1.6790E+02  3.4676E-01  6.7375E-02
  1.6822E+02  3.4665E-01  6.7481E-02
  1.6854E+02  3.4654E-01  6.7588E-02
  1.6886E+02  3.4642E-01  6.7695E-02
  1.6918E+02  3.4631E-01  6.7801E-02
  1.6949E+02  3.4619E-01  6.7906E-02
  1.6981E+02  3.4608E-01  6.8010E-02
  1.7013E+02  3.4596E-01  6.8114E-02
  1.7045E+02  3.4585E-01  6.8216E-02
  1.7077E+02  3.4573E-01  6.8318E-02
  1.7108E+02  3.4561E-01  6.8419E-02
  1.7140E+02  3.4549E-01  6.8520E-02
  1.7172E+02  3.4538E-01  6.8621E-02
  1.7204E+02  3.4526E-01  6.8720E-02
  1.7236E+02  3.4514E-01  6.8820E-02
  1.7267E+02  3.4502E-01  6.8918E-02
  1.7299E+02  3.4490E-01  6.9016E-02
  1.7331E+02  3.4478E-01  6.9113E-02
  1.7363E+02  3.4466E-01  6.9209E-02
  1.7395E+02  3.4454E-01  6.9305E-02
  1.7426E+02  3.4442E-01  6.9401E-02
  1.7458E+02  3.4430E-01  6.9497E-02
  1.7490E+02  3.4418E-01  6.9593E-02
  1.7522E+02  3.4406E-01  6.9691E-02
  1.7554E+02  3.4394E-01  6.9789E-02
  1.7585E+02  3.4382E-01  6.9889E-02
  1.7617E+02  3.4370E-01  6.9988E-02
  1.7649E+02  3.4358E-01  7.0088E-02
  1.7681E+02  3.4347E-01  7.0188E-02
  1.7713E+02  3.4335E-01  7.0287E-02
  1.7744E+02  3.4323E-01  7.0386E-02
  1.7776E+02  3.4311E-01  7.0485E-02
  1.7808E+02  3.4299E-01  7.0583E-02
  1.7840E+02  3.4287E-01  7.0681E-02
  1.7872E+02  3.4274E-01  7.0779E-02
  1.7903E+02  3.4262E-01  7.0877E-02
  1.7935E+02  3.4250E-01  7.0974E-02
  1.7967E+02  3.4238E-01  7.1071E-02
  1.7999E+02  3.4225E-01  7.1166E-02
  1.8031E+02  3.4213E-01  7.1260E-02
  1.8062E+02  3.4200E-01  7.1353E-02
  1.8094E+02  3.4188E-01  7.1445E-02
  1.8126E+02  3.4176E-01  7.1536E-02
  1.8158E+02  3.4163E-01  7.1628E-02
  1.8190E+02  3.4151E-01  7.1720E-02
  1.8221E+02  3.4139E-01  7.1813E-02
  1.8253E+02  3.4127E-01  7.1908E-02
  1.8285E+02  3.4115E-01  7.2004E-02
  1.8317E+02  3.4103E-01  7.2102E-02
  1.8349E+02  3.4092E-01  7.2201E-02
  1.8380E+02  3.4080E-01  7.2301E-02
  1.8412E+02  3.4068E-01  7.2401E-02
  1.8444E+02  3.4057E-01  7.2502E-02
  1.8476E+02  3.4045E-01  7.2604E-02
  1.8508E+02  3.4034E-01  7.2704E-02
  1.8539E+02  3.4022E-01  7.2805E-02
  1.8571E+02  3.4011E-01  7.2904E-02
  1.8603E+02  3.3999E-01  7.3003E-02
  1.8635E+02  3.3987E-01  7.3101E-02
  1.8667E+02  3.3976E-01  7.3198E-02
  1.8698E+02  3.3964E-01  7.3295E-02
  1.8730E+02  3.3952E-01  7.3392E-02
  1.8762E+02  3.3940E-01  7.3490E-02
  1.8794E+02  3.3928E-01  7.3588E-02
  1.8826E+02  3.3917E-01  7.3687E-02
  1.8857E+02  3.3905E-01  7.3787E-02
  1.8889E+02  3.3893E-01  7.3886E-02
  1.8921E+02  3.3880E-01  7.3985E-02
  1.8953E+02  3.3868E-01  7.4083E-02
  1.8985E+02  3.3856E-01  7.4181E-02
  1.9016E+02  3.3844E-01  7.4277E-02
  1.9048E+02  3.3832E-01  7.4372E-02
  1.9080E+02  3.3819E-01  7.4467E-02
  1.9112E+02  3.3807E-01  7.4560E-02
  1.9144E+02  3.3794E-01  7.4653E-02
  1.9175E+02  3.3782E-01  7.4745E-02
  1.9207E+02  3.3769E-01  7.4838E-02
  1.9239E+02  3.3757E-01  7.4930E-02
  1.9271E+02  3.3744E-01  7.5022E-02
  1.9303E+02  3.3731E-01  7.5115E-02
  1.9334E+02  3.3719E-01  7.5208E-02
  1.9366E+02  3.3707E-01  7.5301E-02
  1.9398E+02  3.3694E-01  7.5395E-02
  1.9430E+02  3.3682E-01  7.5489E-02
  1.9462E+02  3.3670E-01  7.5583E-02
  1.9493E+02  3.3658E-01  7.5677E-02
  1.9525E+02  3.3646E-01  7.5772E-02
  1.9557E+02  3.3634E-01  7.5867E-02
  1.9589E+02  3.3622E-01  7.5961E-02
  1.9621E+02  3.3610E-01  7.6056E-02
  1.9652E+02  3.3598E-01  7.6151E-02
  1.9684E+02  3.3586E-01  7.6245E-02
  1.9716E+02  3.3574E-01  7.6340E-02
  1.9748E+02  3.3562E-01  7.6434E-02
  1.9780E+02  3.3550E-01  7.6529E-02
  1.9811E+02  3.3538E-01  7.6624E-02
  1.9843E+02  3.3526E-01  7.6719E-02
  1.9875E+02  3.3514E-01  7.6813E-02
  1.9907E+02  3.3502E-01  7.6907E-02
  1.9939E+02  3.3490E-01  7.7000E-02
  1.9970E+02  3.3478E-01  7.7093E-02
  2.0002E+02  3.3466E-01  7.7185E-02
  2.0034E+02  3.3454E-01  7.7276E-02
  2.0066E+02  3.3442E-01  7.7368E-02
  2.0098E+02  3.3430E-01  7.7460E-02
  2.0129E+02  3.3418E-01  7.7551E-02
  2.0161E+02  3.3407E-01  7.7643E-02
  2.0193E+02  3.3395E-01  7.7736E-02
  2.0225E+02  3.3383E-01  7.7829E-02
  2.0257E+02  3.3371E-01  7.7922E-02
  2.0288E+02  3.3359E-01  7.8015E-02
  2.0320E+02  3.3348E-01  7.8109E-02
  2.0352E+02  3.3336E-01  7.8202E-02
  2.0384E+02  3.3324E-01  7.8295E-02
  2.0416E+02  3.3312E-01  7.8387E-02
  2.0447E+02  3.3301E-01  7.8480E-02
  2.0479E+02  3.3289E-01  7.8572E-02
  2.0511E+02  3.3277E-01  7.8664E-02
  2.0543E+02  3.3266E-01  7.8756E-02
  2.0575E+02  3.3254E-01  7.8848E-02
  2.0606E+02  3.3243E-01  7.8940E-02
  2.0638E+02  3.3231E-01  7.9031E-02
  2.0670E+02  3.3219E-01  7.9123E-02
  2.0702E+02  3.3208E-01  7.9214E-02
  2.0734E+02  3.3196E-01  7.9305E-02
  2.0765E+02  3.3184E-01  7.9395E-02
  2.0797E+02  3.3173E-01  7.9486E-02
  2.0829E+02  3.3161E-01  7.9577E-02
  2.0861E+02  3.3150E-01  7.9667E-02
  2.0893E+02  3.3138E-01  7.9758E-02
  2.0924E+02  3.3127E-01  7.9849E-02
  2.0956E+02  3.3115E-01  7.9940E-02
  2.0988E+02  3.3104E-01  8.0031E-02
  2.1020E+02  3.3092E-01  8.0122E-02
  2.1052E+02  3.3081E-01  8.0212E-02
  2.1083E+02  3.3069E-01  8.0302E-02
  2.1115E+02  3.3058E-01  8.0393E-02
  2.1147E+02  3.3046E-01  8.0483E-02
  2.1179E+02  3.3035E-01  8.0573E-02
  2.1211E+02  3.3023E-01  8.0663E-02
  2.1242E+02  3.3012E-01  8.0752E-02
  2.1274E+02  3.3001E-01  8.0842E-02
  2.1306E+02  3.2989E-01  8.0932E-02
  2.1338E+02  3.2978E-01  8.1022E-02
  2.1370E+02  3.2966E-01  8.1112E-02
  2.1401E+02  3.2955E-01  8.1202E-02
  2.1433E+02  3.2944E-01  8.1292E-02
  2.1465E+02  3.2932E-01  8.1382E-02
  2.1497E+02  3.2921E-01  8.1473E-02
  2.1529E+02  3.2910E-01  8.1563E-02
  2.1560E+02  3.2898E-01  8.1654E-02
  2.1592E+02  3.2887E-01  8.1744E-02
  2.1624E+02  3.2876E-01  8.1835E-02
  2.1656E+02  3.2865E-01  8.1925E-02
  2.1688E+02  3.2853E-01  8.2015E-02
  2.1719E+02  3.2842E-01  8.2106E-02
  2.1751E+02  3.2831E-01  8.2196E-02
  2.1783E+02  3.2820E-01  8.2286E-02
  2.1815E+02  3.2809E-01  8.2377E-02
  2.1847E+02  3.2798E-01  8.2467E-02
  2.1878E+02  3.2786E-01  8.2557E-02
  2.1910E+02  3.2775E-01  8.2647E-02
  2.1942E+02  3.2764E-01  8.2736E-02
  2.1974E+02  3.2753E-01  8.2826E-02
  2.2006E+02  3.2742E-01  8.2916E-02
  2.2037E+02  3.2731E-01  8.3005E-02
  2.2069E+02  3.2720E-01  8.3094E-02
  2.2101E+02  3.2709E-01  8.3184E-02
  2.2133E+02  3.2698E-01  8.3273E-02
  2.2165E+02  3.2687E-01  8.3363E-02
  2.2196E+02  3.2676E-01  8.3452E-02
  2.2228E+02  3.2665E-01  8.3542E-02
  2.2260E+02  3.2654E-01  8.3631E-02
  2.2292E+02  3.2643E-01  8.3721E-02
  2.2324E+02  3.2632E-01  8.3810E-02
  2.2355E+02  3.2621E-01  8.3899E-02
  2.2387E+02  3.2610E-01  8.3989E-02
  2.2419E+02  3.2599E-01  8.4078E-02
  2.2451E+02  3.2589E-01  8.4167E-02
  2.2483E+02  3.2578E-01  8.4256E-02
  2.2514E+02  3.2567E-01  8.4345E-02
  2.2546E+02  3.2556E-01  8.4434E-02
  2.2578E+02  3.2545E-01  8.4523E-02
  2.2610E+02  3.2534E-01  8.4611E-02
  2.2642E+02  3.2524E-01  8.4700E-02
  2.2673E+02  3.2513E-01  8.4788E-02
  2.2705E+02  3.2502E-01  8.4876E-02
  2.2737E+02  3.2491E-01  8.4964E-02
  2.2769E+02  3.2480E-01  8.5052E-02
  2.2801E+02  3.2469E-01  8.5140E-02
  2.2832E+02  3.2458E-01  8.5228E-02
  2.2864E+02  3.2448E-01  8.5316E-02
  2.2896E+02  3.2437E-01  8.5404E-02
  2.2928E+02  3.2426E-01  8.5492E-02
  2.2960E+02  3.2415E-01  8.5580E-02
  2.2991E+02  3.2404E-01  8.5667E-02
  2.3023E+02  3.2393E-01  8.5755E-02
  2.3055E+02  3.2382E-01  8.5843E-02
  2.3087E+02  3.2371E-01  8.5930E-02
  2.3119E+02  3.2360E-01  8.6018E-02
  2.3150E+02  3.2349E-01  8.6106E-02
  2.3182E+02  3.2338E-01  8.6194E-02
  2.3214E+02  3.2327E-01  8.6281E-02
  2.3246E+02  3.2316E-01  8.6369E-02
  2.3278E+02  3.2305E-01  8.6457E-02
  2.3309E+02  3.2294E-01  8.6545E-02
  2.3341E+02  3.2283E-01  8.6633E-02
  2.3373E+02  3.2272E-01  8.6721E-02
  2.3405E+02  3.2260E-01  8.6808E-02
  2.3437E+02  3.2249E-01  8.6896E-02
  2.3468E+02  3.2238E-01  8.6983E-02
  2.3500E+02  3.2227E-01  8.7071E-02
  2.3532E+02  3.2216E-01  8.7158E-02
  2.3564E+02  3.2205E-01  8.7246E-02
  2.3596E+02  3.2193E-01  8.7333E-02
  2.3627E+02  3.2182E-01  8.7420E-02
  2.3659E+02  3.2171E-01  8.7507E-02
  2.3691E+02  3.2160E-01  8.7593E-02
  2.3723E+02  3.2148E-01  8.7680E-02
  2.3755E+02  3.2137E-01  8.7766E-02
  2.3786E+02  3.2126E-01  8.7852E-02
  2.3818E+02  3.2114E-01  8.7937E-02
  2.3850E+02  3.2103E-01  8.8023E-02
  2.3882E+02  3.2092E-01  8.8108E-02
  2.3914E+02  3.2080E-01  8.8193E-02
  2.3945E+02  3.2069E-01  8.8277E-02
  2.3977E+02  3.2058E-01  8.8362E-02
  2.4009E+02  3.2046E-01  8.8446E-02
  2.4041E+02  3.2035E-01  8.8529E-02
  2.4073E+02  3.2024E-01  8.8613E-02
  2.4104E+02  3.2012E-01  8.8696E-02
  2.4136E+02  3.2001E-01  8.8780E-02
  2.4168E+02  3.1990E-01  8.8863E-02
  2.4200E+02  3.1978E-01  8.8945E-02
  2.4232E+02  3.1967E-01  8.9028E-02
  2.4263E+02  3.1956E-01  8.9111E-02
  2.4295E+02  3.1944E-01  8.9194E-02
  2.4327E+02  3.1933E-01  8.9277E-02
  2.4359E+02  3.1922E-01  8.9359E-02
  2.4391E+02  3.1910E-01  8.9442E-02
  2.4422E+02  3.1899E-01  8.9525E-02
  2.4454E+02  3.1888E-01  8.9607E-02
  2.4486E+02  3.1876E-01  8.9690E-02
  2.4518E+02  3.1865E-01  8.9772E-02
  2.4550E+02  3.1854E-01  8.9854E-02
  2.4581E+02  3.1842E-01  8.9936E-02
  2.4613E+02  3.1831E-01  9.0018E-02
  2.4645E+02  3.1819E-01  9.0100E-02
  2.4677E+02  3.1808E-01  9.0182E-02
  2.4709E+02  3.1797E-01  9.0264E-02
  2.4740E+02  3.1785E-01  9.0346E-02
  2.4772E+02  3.1774E-01  9.0428E-02
  2.4804E+02  3.1763E-01  9.0509E-02
  2.4836E+02  3.1751E-01  9.0591E-02
  2.4868E+02  3.1740E-01  9.0672E-02
  2.4899E+02  3.1728E-01  9.0754E-02
  2.4931E+02  3.1717E-01  9.0835E-02
  2.4963E+02  3.1706E-01  9.0916E-02
  2.4995E+02  3.1694E-01  9.0997E-02
  2.5027E+02  3.1683E-01  9.1078E-02
  2.5058E+02  3.1671E-01  9.1159E-02
  2.5090E+02  3.1660E-01  9.1240E-02
  2.5122E+02  3.1649E-01  9.1320E-02
  2.5154E+02  3.1637E-01  9.1401E-02
  2.5186E+02  3.1626E-01  9.1482E-02
  2.5217E+02  3.1614E-01  9.1562E-02
  2.5249E+02  3.1603E-01  9.1643E-02
  2.5281E+02  3.1592E-01  9.1723E-02
  2.5313E+02  3.1580E-01  9.1803E-02
  2.5345E+02  3.1569E-01  9.1883E-02
  2.5376E+02  3.1557E-01  9.1963E-02
  2.5408E+02  3.1546E-01  9.2043E-02
  2.5440E+02  3.1535E-01  9.2123E-02
  2.5472E+02  3.1523E-01  9.2202E-02
  2.5504E+02  3.1512E-01  9.2282E-02
  2.5535E+02  3.1500E-01  9.2362E-02
  2.5567E+02  3.1489E-01  9.2441E-02
  2.5599E+02  3.1478E-01  9.2521E-02
  2.5631E+02  3.1466E-01  9.2601E-02
  2.5663E+02  3.1455E-01  9.2680E-02
  2.5694E+02  3.1444E-01  9.2760E-02
  2.5726E+02  3.1432E-01  9.2839E-02
  2.5758E+02  3.1421E-01  9.2918E-02
  2.5790E+02  3.1409E-01  9.2997E-02
  2.5822E+02  3.1398E-01  9.3076E-02
  2.5853E+02  3.1387E-01  9.3155E-02
  2.5885E+02  3.1375E-01  9.3234E-02
  2.5917E+02  3.1364E-01  9.3312E-02
  2.5949E+02  3.1352E-01  9.3391E-02
  2.5981E+02  3.1341E-01  9.3470E-02
  2.6012E+02  3.1330E-01  9.3548E-02
  2.6044E+02  3.1318E-01  9.3626E-02
  2.6076E+02  3.1307E-01  9.3705E-02
  2.6108E+02  3.1295E-01  9.3783E-02
  2.6140E+02  3.1284E-01  9.3861E-02
  2.6171E+02  3.1273E-01  9.3939E-02
  2.6203E+02  3.1261E-01  9.4017E-02
  2.6235E+02  3.1250E-01  9.4096E-02
  2.6267E+02  3.1239E-01  9.4174E-02
  2.6299E+02  3.1227E-01  9.4252E-02
  2.6330E+02  3.1216E-01  9.4330E-02
  2.6362E+02  3.1205E-01  9.4408E-02
  2.6394E+02  3.1193E-01  9.4485E-02
  2.6426E+02  3.1182E-01  9.4563E-02
  2.6458E+02  3.1171E-01  9.4641E-02
  2.6489E+02  3.1159E-01  9.4718E-02
  2.6521E+02  3.1148E-01  9.4796E-02
  2.6553E+02  3.1137E-01  9.4873E-02
  2.6585E+02  3.1125E-01  9.4950E-02
  2.6617E+02  3.1114E-01  9.5028E-02
  2.6648E+02  3.1103E-01  9.5105E-02
  2.6680E+02  3.1091E-01  9.5182E-02
  2.6712E+02  3.1080E-01  9.5259E-02
  2.6744E+02  3.1069E-01  9.5336E-02
  2.6776E+02  3.1057E-01  9.5413E-02
  2.6807E+02  3.1046E-01  9.5490E-02
  2.6839E+02  3.1035E-01  9.5567E-02
  2.6871E+02  3.1023E-01  9.5644E-02
  2.6903E+02  3.1012E-01  9.5721E-02
  2.6935E+02  3.1001E-01  9.5798E-02
  2.6966E+02  3.0990E-01  9.5874E-02
  2.6998E+02  3.0978E-01  9.5951E-02
  2.7030E+02  3.0967E-01  9.6028E-02
  2.7062E+02  3.0956E-01  9.6105E-02
  2.7094E+02  3.0944E-01  9.6181E-02
  2.7125E+02  3.0933E-01  9.6258E-02
  2.7157E+02  3.0922E-01  9.6334E-02
  2.7189E+02  3.0911E-01  9.6411E-02
  2.7221E+02  3.0899E-01  9.6487E-02
  2.7253E+02  3.0888E-01  9.6564E-02
  2.7284E+02  3.0877E-01  9.6640E-02
  2.7316E+02  3.0866E-01  9.6716E-02
  2.7348E+02  3.0854E-01  9.6792E-02
  2.7380E+02  3.0843E-01  9.6868E-02
  2.7412E+02  3.0832E-01  9.6944E-02
  2.7443E+02  3.0821E-01  9.7020E-02
  2.7475E+02  3.0810E-01  9.7096E-02
  2.7507E+02  3.0798E-01  9.7172E-02
  2.7539E+02  3.0787E-01  9.7248E-02
  2.7571E+02  3.0776E-01  9.7324E-02
  2.7602E+02  3.0765E-01  9.7399E-02
  2.7634E+02  3.0753E-01  9.7474E-02
  2.7666E+02  3.0742E-01  9.7550E-02
  2.7698E+02  3.0731E-01  9.7625E-02
  2.7730E+02  3.0720E-01  9.7700E-02
  2.7761E+02  3.0709E-01  9.7775E-02
  2.7793E+02  3.0697E-01  9.7850E-02
  2.7825E+02  3.0686E-01  9.7925E-02
  2.7857E+02  3.0675E-01  9.8000E-02
  2.7889E+02  3.0664E-01  9.8075E-02
  2.7920E+02  3.0653E-01  9.8150E-02
  2.7952E+02  3.0641E-01  9.8225E-02
  2.7984E+02  3.0630E-01  9.8300E-02
  2.8016E+02  3.0619E-01  9.8375E-02
  2.8048E+02  3.0608E-01  9.8450E-02
  2.8079E+02  3.0597E-01  9.8524E-02
  2.8111E+02  3.0586E-01  9.8599E-02
  2.8143E+02  3.0574E-01  9.8673E-02
  2.8175E+02  3.0563E-01  9.8748E-02
  2.8207E+02  3.0552E-01  9.8822E-02
  2.8238E+02  3.0541E-01  9.8896E-02
  2.8270E+02  3.0530E-01  9.8970E-02
  2.8302E+02  3.0519E-01  9.9044E-02
  2.8334E+02  3.0508E-01  9.9118E-02
  2.8366E+02  3.0496E-01  9.9192E-02
  2.8397E+02  3.0485E-01  9.9266E-02
  2.8429E+02  3.0474E-01  9.9340E-02
  2.8461E+02  3.0463E-01  9.9414E-02
  2.8493E+02  3.0452E-01  9.9487E-02
  2.8525E+02  3.0441E-01  9.9561E-02
  2.8556E+02  3.0430E-01  9.9635E-02
  2.8588E+02  3.0418E-01  9.9708E-02
  2.8620E+02  3.0407E-01  9.9782E-02
  2.8652E+02  3.0396E-01  9.9855E-02
  2.8684E+02  3.0385E-01  9.9928E-02
  2.8715E+02  3.0374E-01  1.0000E-01
  2.8747E+02  3.0363E-01  1.0007E-01
  2.8779E+02  3.0352E-01  1.0015E-01
  2.8811E+02  3.0340E-01  1.0022E-01
  2.8843E+02  3.0329E-01  1.0029E-01
  2.8874E+02  3.0318E-01  1.0037E-01
  2.8906E+02  3.0307E-01  1.0044E-01
  2.8938E+02  3.0296E-01  1.0051E-01
  2.8970E+02  3.0285E-01  1.0058E-01
  2.9002E+02  3.0274E-01  1.0066E-01
  2.9033E+02  3.0263E-01  1.0073E-01
  2.9065E+02  3.0251E-01  1.0080E-01
  2.9097E+02  3.0240E-01  1.0087E-01
  2.9129E+02  3.0229E-01  1.0095E-01
  2.9161E+02  3.0218E-01  1.0102E-01
  2.9192E+02  3.0207E-01  1.0109E-01
  2.9224E+02  3.0196E-01  1.0116E-01
  2.9256E+02  3.0185E-01  1.0124E-01
  2.9288E+02  3.0173E-01  1.0131E-01
  2.9320E+02  3.0162E-01  1.0138E-01
  2.9351E+02  3.0151E-01  1.0145E-01
  2.9383E+02  3.0140E-01  1.0152E-01
  2.9415E+02  3.0129E-01  1.0159E-01
  2.9447E+02  3.0118E-01  1.0167E-01
  2.9479E+02  3.0107E-01  1.0174E-01
  2.9510E+02  3.0095E-01  1.0181E-01
  2.9542E+02  3.0084E-01  1.0188E-01
  2.9574E+02  3.0073E-01  1.0195E-01
  2.9606E+02  3.0062E-01  1.0202E-01
  2.9638E+02  3.0051E-01  1.0209E-01
  2.9669E+02  3.0040E-01  1.0216E-01
  2.9701E+02  3.0029E-01  1.0224E-01
  2.9733E+02  3.0017E-01  1.0231E-01
  2.9765E+02  3.0006E-01  1.0238E-01
  2.9797E+02  2.9995E-01  1.0245E-01
  2.9828E+02  2.9984E-01  1.0252E-01
  2.9860E+02  2.9973E-01  1.0259E-01
  2.9892E+02  2.9962E-01  1.0266E-01
  2.9924E+02  2.9951E-01  1.0273E-01
  2.9956E+02  2.9939E-01  1.0280E-01
  2.9987E+02  2.9928E-01  1.0287E-01
  3.0019E+02  2.9917E-01  1.0294E-01
  3.0051E+02  2.9906E-01  1.0301E-01
  3.0083E+02  2.9895E-01  1.0308E-01
  3.0115E+02  2.9884E-01  1.0315E-01
  3.0146E+02  2.9872E-01  1.0322E-01
  3.0178E+02  2.9861E-01  1.0329E-01
  3.0210E+02  2.9850E-01  1.0336E-01
  3.0242E+02  2.9839E-01  1.0343E-01
  3.0274E+02  2.9828E-01  1.0350E-01
  3.0305E+02  2.9817E-01  1.0357E-01
  3.0337E+02  2.9806E-01  1.0364E-01
  3.0369E+02  2.9794E-01  1.0371E-01
  3.0401E+02  2.9783E-01  1.0378E-01
  3.0433E+02  2.9772E-01  1.0385E-01
  3.0464E+02  2.9761E-01  1.0392E-01
  3.0496E+02  2.9750E-01  1.0399E-01
  3.0528E+02  2.9739E-01  1.0406E-01
  3.0560E+02  2.9727E-01  1.0412E-01
  3.0592E+02  2.9716E-01  1.0419E-01
  3.0623E+02  2.9705E-01  1.0426E-01
  3.0655E+02  2.9694E-01  1.0433E-01
  3.0687E+02  2.9683E-01  1.0440E-01
  3.0719E+02  2.9672E-01  1.0447E-01
  3.0751E+02  2.9660E-01  1.0454E-01
  3.0782E+02  2.9649E-01  1.0461E-01
  3.0814E+02  2.9638E-01  1.0467E-01
  3.0846E+02  2.9627E-01  1.0474E-01
  3.0878E+02  2.9616E-01  1.0481E-01
  3.0910E+02  2.9605E-01  1.0488E-01
  3.0941E+02  2.9593E-01  1.0495E-01
  3.0973E+02  2.9582E-01  1.0501E-01
  3.1005E+02  2.9571E-01  1.0508E-01
  3.1037E+02  2.9560E-01  1.0515E-01
  3.1069E+02  2.9549E-01  1.0522E-01
  3.1100E+02  2.9538E-01  1.0529E-01
  3.1132E+02  2.9526E-01  1.0535E-01
  3.1164E+02  2.9515E-01  1.0542E-01
  3.1196E+02  2.9504E-01  1.0549E-01
  3.1228E+02  2.9493E-01  1.0555E-01
  3.1259E+02  2.9482E-01  1.0562E-01
  3.1291E+02  2.9471E-01  1.0569E-01
  3.1323E+02  2.9459E-01  1.0576E-01
  3.1355E+02  2.9448E-01  1.0582E-01
  3.1387E+02  2.9437E-01  1.0589E-01
  3.1418E+02  2.9426E-01  1.0596E-01
  3.1450E+02  2.9415E-01  1.0602E-01
  3.1482E+02  2.9404E-01  1.0609E-01
  3.1514E+02  2.9392E-01  1.0616E-01
  3.1546E+02  2.9381E-01  1.0622E-01
  3.1577E+02  2.9370E-01  1.0629E-01
  3.1609E+02  2.9359E-01  1.0636E-01
  3.1641E+02  2.9348E-01  1.0642E-01
  3.1673E+02  2.9337E-01  1.0649E-01
  3.1705E+02  2.9325E-01  1.0656E-01
  3.1736E+02  2.9314E-01  1.0662E-01
  3.1768E+02  2.9303E-01  1.0669E-01
  3.1800E+02  2.9292E-01  1.0675E-01
  3.1832E+02  2.9281E-01  1.0682E-01
  3.1864E+02  2.9270E-01  1.0689E-01
  3.1895E+02  2.9258E-01  1.0695E-01
  3.1927E+02  2.9247E-01  1.0702E-01
  3.1959E+02  2.9236E-01  1.0708E-01
  3.1991E+02  2.9225E-01  1.0715E-01
  3.2023E+02  2.9214E-01  1.0721E-01
  3.2054E+02  2.9203E-01  1.0728E-01
  3.2086E+02  2.9192E-01  1.0734E-01
  3.2118E+02  2.9180E-01  1.0741E-01
  3.2150E+02  2.9169E-01  1.0748E-01
  3.2182E+02  2.9158E-01  1.0754E-01
  3.2213E+02  2.9147E-01  1.0761E-01
  3.2245E+02  2.9136E-01  1.0767E-01
  3.2277E+02  2.9125E-01  1.0774E-01
  3.2309E+02  2.9114E-01  1.0780E-01
  3.2341E+02  2.9102E-01  1.0787E-01
  3.2372E+02  2.9091E-01  1.0793E-01
  3.2404E+02  2.9080E-01  1.0799E-01
  3.2436E+02  2.9069E-01  1.0806E-01
  3.2468E+02  2.9058E-01  1.0812E-01
  3.2500E+02  2.9047E-01  1.0819E-01
  3.2531E+02  2.9036E-01  1.0825E-01
  3.2563E+02  2.9024E-01  1.0832E-01
  3.2595E+02  2.9013E-01  1.0838E-01
  3.2627E+02  2.9002E-01  1.0845E-01
  3.2659E+02  2.8991E-01  1.0851E-01
  3.2690E+02  2.8980E-01  1.0857E-01
  3.2722E+02  2.8969E-01  1.0864E-01
  3.2754E+02  2.8958E-01  1.0870E-01
  3.2786E+02  2.8947E-01  1.0877E-01
  3.2818E+02  2.8936E-01  1.0883E-01
  3.2849E+02  2.8924E-01  1.0889E-01
  3.2881E+02  2.8913E-01  1.0896E-01
  3.2913E+02  2.8902E-01  1.0902E-01
  3.2945E+02  2.8891E-01  1.0908E-01
  3.2977E+02  2.8880E-01  1.0915E-01
  3.3008E+02  2.8869E-01  1.0921E-01
  3.3040E+02  2.8858E-01  1.0927E-01
  3.3072E+02  2.8847E-01  1.0934E-01
  3.3104E+02  2.8836E-01  1.0940E-01
  3.3136E+02  2.8825E-01  1.0946E-01
  3.3167E+02  2.8814E-01  1.0953E-01
  3.3199E+02  2.8802E-01  1.0959E-01
  3.3231E+02  2.8791E-01  1.0965E-01
  3.3263E+02  2.8780E-01  1.0972E-01
  3.3295E+02  2.8769E-01  1.0978E-01
  3.3326E+02  2.8758E-01  1.0984E-01
  3.3358E+02  2.8747E-01  1.0990E-01
  3.3390E+02  2.8736E-01  1.0997E-01
  3.3422E+02  2.8725E-01  1.1003E-01
  3.3454E+02  2.8714E-01  1.1009E-01
  3.3485E+02  2.8703E-01  1.1015E-01
  3.3517E+02  2.8692E-01  1.1022E-01
  3.3549E+02  2.8681E-01  1.1028E-01
  3.3581E+02  2.8670E-01  1.1034E-01
  3.3613E+02  2.8659E-01  1.1040E-01
  3.3644E+02  2.8648E-01  1.1046E-01
  3.3676E+02  2.8637E-01  1.1053E-01
  3.3708E+02  2.8626E-01  1.1059E-01
  3.3740E+02  2.8615E-01  1.1065E-01
  3.3772E+02  2.8603E-01  1.1071E-01
  3.3803E+02  2.8592E-01  1.1077E-01
  3.3835E+02  2.8581E-01  1.1084E-01
  3.3867E+02  2.8570E-01  1.1090E-01
  3.3899E+02  2.8559E-01  1.1096E-01
  3.3931E+02  2.8548E-01  1.1102E-01
  3.3962E+02  2.8537E-01  1.1108E-01
  3.3994E+02  2.8526E-01  1.1114E-01
  3.4026E+02  2.8515E-01  1.1120E-01
  3.4058E+02  2.8504E-01  1.1127E-01
  3.4090E+02  2.8493E-01  1.1133E-01
  3.4121E+02  2.8482E-01  1.1139E-01
  3.4153E+02  2.8471E-01  1.1145E-01
  3.4185E+02  2.8460E-01  1.1151E-01
  3.4217E+02  2.8449E-01  1.1157E-01
  3.4249E+02  2.8438E-01  1.1163E-01
  3.4280E+02  2.8427E-01  1.1169E-01
  3.4312E+02  2.8416E-01  1.1175E-01
  3.4344E+02  2.8405E-01  1.1181E-01
  3.4376E+02  2.8394E-01  1.1187E-01
  3.4408E+02  2.8383E-01  1.1194E-01
  3.4439E+02  2.8372E-01  1.1200E-01
  3.4471E+02  2.8361E-01  1.1206E-01
  3.4503E+02  2.8350E-01  1.1212E-01
  3.4535E+02  2.8339E-01  1.1218E-01
  3.4567E+02  2.8328E-01  1.1224E-01
  3.4598E+02  2.8317E-01  1.1230E-01
  3.4630E+02  2.8306E-01  1.1236E-01
  3.4662E+02  2.8295E-01  1.1242E-01
  3.4694E+02  2.8284E-01  1.1248E-01
  3.4726E+02  2.8273E-01  1.1254E-01
  3.4757E+02  2.8262E-01  1.1260E-01
  3.4789E+02  2.8251E-01  1.1266E-01
  3.4821E+02  2.8240E-01  1.1272E-01
  3.4853E+02  2.8229E-01  1.1278E-01
  3.4885E+02  2.8218E-01  1.1283E-01
  3.4916E+02  2.8207E-01  1.1289E-01
  3.4948E+02  2.8196E-01  1.1295E-01
  3.4980E+02  2.8185E-01  1.1301E-01
  3.5012E+02  2.8174E-01  1.1307E-01
  3.5044E+02  2.8163E-01  1.1313E-01
  3.5075E+02  2.8152E-01  1.1319E-01
  3.5107E+02  2.8142E-01  1.1325E-01
  3.5139E+02  2.8131E-01  1.1331E-01
  3.5171E+02  2.8120E-01  1.1337E-01
  3.5203E+02  2.8109E-01  1.1343E-01
  3.5234E+02  2.8098E-01  1.1349E-01
  3.5266E+02  2.8087E-01  1.1354E-01
  3.5298E+02  2.8076E-01  1.1360E-01
  3.5330E+02  2.8065E-01  1.1366E-01
  3.5362E+02  2.8054E-01  1.1372E-01
  3.5393E+02  2.8043E-01  1.1378E-01
  3.5425E+02  2.8032E-01  1.1384E-01
  3.5457E+02  2.8021E-01  1.1389E-01
  3.5489E+02  2.8010E-01  1.1395E-01
  3.5521E+02  2.7999E-01  1.1401E-01
  3.5552E+02  2.7988E-01  1.1407E-01
  3.5584E+02  2.7977E-01  1.1413E-01
  3.5616E+02  2.7966E-01  1.1419E-01
  3.5648E+02  2.7955E-01  1.1424E-01
  3.5680E+02  2.7944E-01  1.1430E-01
  3.5711E+02  2.7933E-01  1.1436E-01
  3.5743E+02  2.7922E-01  1.1442E-01
  3.5775E+02  2.7911E-01  1.1447E-01
  3.5807E+02  2.7900E-01  1.1453E-01
  3.5839E+02  2.7890E-01  1.1459E-01
  3.5870E+02  2.7879E-01  1.1465E-01
  3.5902E+02  2.7868E-01  1.1470E-01
  3.5934E+02  2.7857E-01  1.1476E-01
  3.5966E+02  2.7846E-01  1.1482E-01
  3.5998E+02  2.7835E-01  1.1488E-01
  3.6029E+02  2.7824E-01  1.1493E-01
  3.6061E+02  2.7813E-01  1.1499E-01
  3.6093E+02  2.7802E-01  1.1505E-01
  3.6125E+02  2.7791E-01  1.1510E-01
  3.6157E+02  2.7780E-01  1.1516E-01
  3.6188E+02  2.7769E-01  1.1522E-01
  3.6220E+02  2.7758E-01  1.1527E-01
  3.6252E+02  2.7747E-01  1.1533E-01
  3.6284E+02  2.7736E-01  1.1539E-01
  3.6316E+02  2.7725E-01  1.1544E-01
  3.6347E+02  2.7714E-01  1.1550E-01
  3.6379E+02  2.7703E-01  1.1556E-01
  3.6411E+02  2.7693E-01  1.1561E-01
  3.6443E+02  2.7682E-01  1.1567E-01
  3.6475E+02  2.7671E-01  1.1573E-01
  3.6506E+02  2.7660E-01  1.1578E-01
  3.6538E+02  2.7649E-01  1.1584E-01
  3.6570E+02  2.7638E-01  1.1589E-01
  3.6602E+02  2.7627E-01  1.1595E-01
  3.6634E+02  2.7616E-01  1.1601E-01
  3.6665E+02  2.7605E-01  1.1606E-01
  3.6697E+02  2.7594E-01  1.1612E-01
  3.6729E+02  2.7583E-01  1.1617E-01
  3.6761E+02  2.7572E-01  1.1623E-01
  3.6793E+02  2.7561E-01  1.1629E-01
  3.6824E+02  2.7550E-01  1.1634E-01
  3.6856E+02  2.7540E-01  1.1640E-01
  3.6888E+02  2.7529E-01  1.1645E-01
  3.6920E+02  2.7518E-01  1.1651E-01
  3.6952E+02  2.7507E-01  1.1656E-01
  3.6983E+02  2.7496E-01  1.1662E-01
  3.7015E+02  2.7485E-01  1.1667E-01
  3.7047E+02  2.7474E-01  1.1673E-01
  3.7079E+02  2.7463E-01  1.1678E-01
  3.7111E+02  2.7452E-01  1.1684E-01
  3.7142E+02  2.7441E-01  1.1689E-01
  3.7174E+02  2.7430E-01  1.1695E-01
  3.7206E+02  2.7419E-01  1.1700E-01
  3.7238E+02  2.7409E-01  1.1706E-01
  3.7270E+02  2.7398E-01  1.1711E-01
  3.7301E+02  2.7387E-01  1.1717E-01
  3.7333E+02  2.7376E-01  1.1722E-01
  3.7365E+02  2.7365E-01  1.1728E-01
  3.7397E+02  2.7354E-01  1.1733E-01
  3.7429E+02  2.7343E-01  1.1738E-01
  3.7460E+02  2.7332E-01  1.1744E-01
  3.7492E+02  2.7321E-01  1.1749E-01
  3.7524E+02  2.7310E-01  1.1755E-01
  3.7556E+02  2.7299E-01  1.1760E-01
  3.7588E+02  2.7289E-01  1.1766E-01
  3.7619E+02  2.7278E-01  1.1771E-01
  3.7651E+02  2.7267E-01  1.1776E-01
  3.7683E+02  2.7256E-01  1.1782E-01
  3.7715E+02  2.7245E-01  1.1787E-01
  3.7747E+02  2.7234E-01  1.1792E-01
  3.7778E+02  2.7223E-01  1.1798E-01
  3.7810E+02  2.7212E-01  1.1803E-01
  3.7842E+02  2.7202E-01  1.1809E-01
  3.7874E+02  2.7191E-01  1.1814E-01
  3.7906E+02  2.7180E-01  1.1819E-01
  3.7937E+02  2.7169E-01  1.1825E-01
  3.7969E+02  2.7158E-01  1.1830E-01
  3.8001E+02  2.7147E-01  1.1835E-01
  3.8033E+02  2.7136E-01  1.1841E-01
  3.8065E+02  2.7125E-01  1.1846E-01
  3.8096E+02  2.7115E-01  1.1851E-01
  3.8128E+02  2.7104E-01  1.1856E-01
  3.8160E+02  2.7093E-01  1.1862E-01
  3.8192E+02  2.7082E-01  1.1867E-01
  3.8224E+02  2.7071E-01  1.1872E-01
  3.8255E+02  2.7060E-01  1.1878E-01
  3.8287E+02  2.7049E-01  1.1883E-01
  3.8319E+02  2.7038E-01  1.1888E-01
  3.8351E+02  2.7028E-01  1.1893E-01
  3.8383E+02  2.7017E-01  1.1899E-01
  3.8414E+02  2.7006E-01  1.1904E-01
  3.8446E+02  2.6995E-01  1.1909E-01
  3.8478E+02  2.6984E-01  1.1914E-01
  3.8510E+02  2.6973E-01  1.1920E-01
  3.8542E+02  2.6962E-01  1.1925E-01
  3.8573E+02  2.6952E-01  1.1930E-01
  3.8605E+02  2.6941E-01  1.1935E-01
  3.8637E+02  2.6930E-01  1.1940E-01
  3.8669E+02  2.6919E-01  1.1946E-01
  3.8701E+02  2.6908E-01  1.1951E-01
  3.8732E+02  2.6897E-01  1.1956E-01
  3.8764E+02  2.6887E-01  1.1961E-01
  3.8796E+02  2.6876E-01  1.1966E-01
  3.8828E+02  2.6865E-01  1.1971E-01
  3.8860E+02  2.6854E-01  1.1977E-01
  3.8891E+02  2.6843E-01  1.1982E-01
  3.8923E+02  2.6832E-01  1.1987E-01
  3.8955E+02  2.6822E-01  1.1992E-01
  3.8987E+02  2.6811E-01  1.1997E-01
  3.9019E+02  2.6800E-01  1.2002E-01
  3.9050E+02  2.6789E-01  1.2007E-01
  3.9082E+02  2.6778E-01  1.2012E-01
  3.9114E+02  2.6768E-01  1.2018E-01
  3.9146E+02  2.6757E-01  1.2023E-01
  3.9178E+02  2.6746E-01  1.2028E-01
  3.9209E+02  2.6735E-01  1.2033E-01
  3.9241E+02  2.6724E-01  1.2038E-01
  3.9273E+02  2.6714E-01  1.2043E-01
  3.9305E+02  2.6703E-01  1.2048E-01
  3.9337E+02  2.6692E-01  1.2053E-01
  3.9368E+02  2.6681E-01  1.2058E-01
  3.9400E+02  2.6670E-01  1.2063E-01
  3.9432E+02  2.6660E-01  1.2068E-01
  3.9464E+02  2.6649E-01  1.2073E-01
  3.9496E+02  2.6638E-01  1.2078E-01
  3.9527E+02  2.6627E-01  1.2083E-01
  3.9559E+02  2.6616E-01  1.2088E-01
  3.9591E+02  2.6606E-01  1.2093E-01
  3.9623E+02  2.6595E-01  1.2098E-01
  3.9655E+02  2.6584E-01  1.2103E-01
  3.9686E+02  2.6573E-01  1.2108E-01
  3.9718E+02  2.6562E-01  1.2113E-01
  3.9750E+02  2.6552E-01  1.2118E-01
  3.9782E+02  2.6541E-01  1.2123E-01
  3.9814E+02  2.6530E-01  1.2128E-01
  3.9845E+02  2.6519E-01  1.2133E-01
  3.9877E+02  2.6509E-01  1.2138E-01
  3.9909E+02  2.6498E-01  1.2143E-01
  3.9941E+02  2.6487E-01  1.2148E-01
  3.9973E+02  2.6476E-01  1.2153E-01
  4.0004E+02  2.6466E-01  1.2158E-01
  4.0036E+02  2.6455E-01  1.2163E-01
  4.0068E+02  2.6444E-01  1.2168E-01
  4.0100E+02  2.6433E-01  1.2173E-01
  4.0132E+02  2.6423E-01  1.2177E-01
  4.0163E+02  2.6412E-01  1.2182E-01
  4.0195E+02  2.6401E-01  1.2187E-01
  4.0227E+02  2.6390E-01  1.2192E-01
  4.0259E+02  2.6380E-01  1.2197E-01
  4.0291E+02  2.6369E-01  1.2202E-01
  4.0322E+02  2.6358E-01  1.2207E-01
  4.0354E+02  2.6347E-01  1.2212E-01
  4.0386E+02  2.6337E-01  1.2216E-01
  4.0418E+02  2.6326E-01  1.2221E-01
  4.0450E+02  2.6315E-01  1.2226E-01
  4.0481E+02  2.6304E-01  1.2231E-01
  4.0513E+02  2.6294E-01  1.2236E-01
  4.0545E+02  2.6283E-01  1.2241E-01
  4.0577E+02  2.6272E-01  1.2245E-01
  4.0609E+02  2.6261E-01  1.2250E-01
  4.0640E+02  2.6251E-01  1.2255E-01
  4.0672E+02  2.6240E-01  1.2260E-01
  4.0704E+02  2.6229E-01  1.2265E-01
  4.0736E+02  2.6219E-01  1.2269E-01
  4.0768E+02  2.6208E-01  1.2274E-01
  4.0799E+02  2.6197E-01  1.2279E-01
  4.0831E+02  2.6186E-01  1.2284E-01
  4.0863E+02  2.6176E-01  1.2289E-01
  4.0895E+02  2.6165E-01  1.2293E-01
  4.0927E+02  2.6154E-01  1.2298E-01
  4.0958E+02  2.6144E-01  1.2303E-01
  4.0990E+02  2.6133E-01  1.2307E-01
  4.1022E+02  2.6122E-01  1.2312E-01
  4.1054E+02  2.6111E-01  1.2317E-01
  4.1086E+02  2.6101E-01  1.2322E-01
  4.1117E+02  2.6090E-01  1.2326E-01
  4.1149E+02  2.6079E-01  1.2331E-01
  4.1181E+02  2.6069E-01  1.2336E-01
  4.1213E+02  2.6058E-01  1.2340E-01
  4.1245E+02  2.6047E-01  1.2345E-01
  4.1276E+02  2.6037E-01  1.2350E-01
  4.1308E+02  2.6026E-01  1.2355E-01
  4.1340E+02  2.6015E-01  1.2359E-01
  4.1372E+02  2.6005E-01  1.2364E-01
  4.1404E+02  2.5994E-01  1.2369E-01
  4.1435E+02  2.5983E-01  1.2373E-01
  4.1467E+02  2.5972E-01  1.2378E-01
  4.1499E+02  2.5962E-01  1.2382E-01
  4.1531E+02  2.5951E-01  1.2387E-01
  4.1563E+02  2.5940E-01  1.2392E-01
  4.1594E+02  2.5930E-01  1.2396E-01
  4.1626E+02  2.5919E-01  1.2401E-01
  4.1658E+02  2.5908E-01  1.2406E-01
  4.1690E+02  2.5898E-01  1.2410E-01
  4.1722E+02  2.5887E-01  1.2415E-01
  4.1753E+02  2.5876E-01  1.2419E-01
  4.1785E+02  2.5866E-01  1.2424E-01
  4.1817E+02  2.5855E-01  1.2428E-01
  4.1849E+02  2.5844E-01  1.2433E-01
  4.1881E+02  2.5834E-01  1.2438E-01
  4.1912E+02  2.5823E-01  1.2442E-01
  4.1944E+02  2.5812E-01  1.2447E-01
  4.1976E+02  2.5802E-01  1.2451E-01
  4.2008E+02  2.5791E-01  1.2456E-01
  4.2040E+02  2.5780E-01  1.2460E-01
  4.2071E+02  2.5770E-01  1.2465E-01
  4.2103E+02  2.5759E-01  1.2469E-01
  4.2135E+02  2.5749E-01  1.2474E-01
  4.2167E+02  2.5738E-01  1.2478E-01
  4.2199E+02  2.5727E-01  1.2483E-01
  4.2230E+02  2.5717E-01  1.2487E-01
  4.2262E+02  2.5706E-01  1.2492E-01
  4.2294E+02  2.5695E-01  1.2496E-01
  4.2326E+02  2.5685E-01  1.2501E-01
  4.2358E+02  2.5674E-01  1.2505E-01
  4.2389E+02  2.5663E-01  1.2510E-01
  4.2421E+02  2.5653E-01  1.2514E-01
  4.2453E+02  2.5642E-01  1.2519E-01
  4.2485E+02  2.5632E-01  1.2523E-01
  4.2517E+02  2.5621E-01  1.2528E-01
  4.2548E+02  2.5610E-01  1.2532E-01
  4.2580E+02  2.5600E-01  1.2537E-01
  4.2612E+02  2.5589E-01  1.2541E-01
  4.2644E+02  2.5578E-01  1.2545E-01
  4.2676E+02  2.5568E-01  1.2550E-01
  4.2707E+02  2.5557E-01  1.2554E-01
  4.2739E+02  2.5547E-01  1.2559E-01
  4.2771E+02  2.5536E-01  1.2563E-01
  4.2803E+02  2.5525E-01  1.2567E-01
  4.2835E+02  2.5515E-01  1.2572E-01
  4.2866E+02  2.5504E-01  1.2576E-01
  4.2898E+02  2.5494E-01  1.2581E-01
  4.2930E+02  2.5483E-01  1.2585E-01
  4.2962E+02  2.5472E-01  1.2589E-01
  4.2994E+02  2.5462E-01  1.2594E-01
  4.3025E+02  2.5451E-01  1.2598E-01
  4.3057E+02  2.5441E-01  1.2602E-01
  4.3089E+02  2.5430E-01  1.2607E-01
  4.3121E+02  2.5419E-01  1.2611E-01
  4.3153E+02  2.5409E-01  1.2615E-01
  4.3184E+02  2.5398E-01  1.2620E-01
  4.3216E+02  2.5388E-01  1.2624E-01
  4.3248E+02  2.5377E-01  1.2628E-01
  4.3280E+02  2.5366E-01  1.2633E-01
  4.3312E+02  2.5356E-01  1.2637E-01
  4.3343E+02  2.5345E-01  1.2641E-01
  4.3375E+02  2.5335E-01  1.2646E-01
  4.3407E+02  2.5324E-01  1.2650E-01
  4.3439E+02  2.5314E-01  1.2654E-01
  4.3471E+02  2.5303E-01  1.2658E-01
  4.3502E+02  2.5292E-01  1.2663E-01
  4.3534E+02  2.5282E-01  1.2667E-01
  4.3566E+02  2.5271E-01  1.2671E-01
  4.3598E+02  2.5261E-01  1.2675E-01
  4.3630E+02  2.5250E-01  1.2680E-01
  4.3661E+02  2.5240E-01  1.2684E-01
  4.3693E+02  2.5229E-01  1.2688E-01
  4.3725E+02  2.5218E-01  1.2692E-01
  4.3757E+02  2.5208E-01  1.2697E-01
  4.3789E+02  2.5197E-01  1.2701E-01
  4.3820E+02  2.5187E-01  1.2705E-01
  4.3852E+02  2.5176E-01  1.2709E-01
  4.3884E+02  2.5166E-01  1.2713E-01
  4.3916E+02  2.5155E-01  1.2718E-01
  4.3948E+02  2.5145E-01  1.2722E-01
  4.3979E+02  2.5134E-01  1.2726E-01
  4.4011E+02  2.5124E-01  1.2730E-01
  4.4043E+02  2.5113E-01  1.2734E-01
  4.4075E+02  2.5103E-01  1.2739E-01
  4.4107E+02  2.5092E-01  1.2743E-01
  4.4138E+02  2.5081E-01  1.2747E-01
  4.4170E+02  2.5071E-01  1.2751E-01
  4.4202E+02  2.5060E-01  1.2755E-01
  4.4234E+02  2.5050E-01  1.2759E-01
  4.4266E+02  2.5039E-01  1.2763E-01
  4.4297E+02  2.5029E-01  1.2768E-01
  4.4329E+02  2.5018E-01  1.2772E-01
  4.4361E+02  2.5008E-01  1.2776E-01
  4.4393E+02  2.4997E-01  1.2780E-01
  4.4425E+02  2.4987E-01  1.2784E-01
  4.4456E+02  2.4976E-01  1.2788E-01
  4.4488E+02  2.4966E-01  1.2792E-01
  4.4520E+02  2.4955E-01  1.2796E-01
  4.4552E+02  2.4945E-01  1.2800E-01
  4.4584E+02  2.4934E-01  1.2804E-01
  4.4615E+02  2.4924E-01  1.2808E-01
  4.4647E+02  2.4913E-01  1.2813E-01
  4.4679E+02  2.4903E-01  1.2817E-01
  4.4711E+02  2.4892E-01  1.2821E-01
  4.4743E+02  2.4882E-01  1.2825E-01
  4.4774E+02  2.4871E-01  1.2829E-01
  4.4806E+02  2.4861E-01  1.2833E-01
  4.4838E+02  2.4850E-01  1.2837E-01
  4.4870E+02  2.4840E-01  1.2841E-01
  4.4902E+02  2.4829E-01  1.2845E-01
  4.4933E+02  2.4819E-01  1.2849E-01
  4.4965E+02  2.4808E-01  1.2853E-01
  4.4997E+02  2.4798E-01  1.2857E-01
  4.5029E+02  2.4787E-01  1.2861E-01
  4.5061E+02  2.4777E-01  1.2865E-01
  4.5092E+02  2.4767E-01  1.2869E-01
  4.5124E+02  2.4756E-01  1.2873E-01
  4.5156E+02  2.4746E-01  1.2877E-01
  4.5188E+02  2.4735E-01  1.2881E-01
  4.5220E+02  2.4725E-01  1.2885E-01
  4.5251E+02  2.4714E-01  1.2889E-01
  4.5283E+02  2.4704E-01  1.2893E-01
  4.5315E+02  2.4693E-01  1.2897E-01
  4.5347E+02  2.4683E-01  1.2901E-01
  4.5379E+02  2.4672E-01  1.2904E-01
  4.5410E+02  2.4662E-01  1.2908E-01
  4.5442E+02  2.4652E-01  1.2912E-01
  4.5474E+02  2.4641E-01  1.2916E-01
  4.5506E+02  2.4631E-01  1.2920E-01
  4.5538E+02  2.4620E-01  1.2924E-01
  4.5569E+02  2.4610E-01  1.2928E-01
  4.5601E+02  2.4599E-01  1.2932E-01
  4.5633E+02  2.4589E-01  1.2936E-01
  4.5665E+02  2.4578E-01  1.2940E-01
  4.5697E+02  2.4568E-01  1.2943E-01
  4.5728E+02  2.4558E-01  1.2947E-01
  4.5760E+02  2.4547E-01  1.2951E-01
  4.5792E+02  2.4537E-01  1.2955E-01
  4.5824E+02  2.4526E-01  1.2959E-01
  4.5856E+02  2.4516E-01  1.2963E-01
  4.5887E+02  2.4505E-01  1.2967E-01
  4.5919E+02  2.4495E-01  1.2970E-01
  4.5951E+02  2.4485E-01  1.2974E-01
  4.5983E+02  2.4474E-01  1.2978E-01
  4.6015E+02  2.4464E-01  1.2982E-01
  4.6046E+02  2.4453E-01  1.2986E-01
  4.6078E+02  2.4443E-01  1.2990E-01
  4.6110E+02  2.4433E-01  1.2993E-01
  4.6142E+02  2.4422E-01  1.2997E-01
  4.6174E+02  2.4412E-01  1.3001E-01
  4.6205E+02  2.4401E-01  1.3005E-01
  4.6237E+02  2.4391E-01  1.3009E-01
  4.6269E+02  2.4381E-01  1.3012E-01
  4.6301E+02  2.4370E-01  1.3016E-01
  4.6333E+02  2.4360E-01  1.3020E-01
  4.6364E+02  2.4349E-01  1.3024E-01
  4.6396E+02  2.4339E-01  1.3027E-01
  4.6428E+02  2.4329E-01  1.3031E-01
  4.6460E+02  2.4318E-01  1.3035E-01
  4.6492E+02  2.4308E-01  1.3039E-01
  4.6523E+02  2.4298E-01  1.3042E-01
  4.6555E+02  2.4287E-01  1.3046E-01
  4.6587E+02  2.4277E-01  1.3050E-01
  4.6619E+02  2.4266E-01  1.3054E-01
  4.6651E+02  2.4256E-01  1.3057E-01
  4.6682E+02  2.4246E-01  1.3061E-01
  4.6714E+02  2.4235E-01  1.3065E-01
  4.6746E+02  2.4225E-01  1.3068E-01
  4.6778E+02  2.4215E-01  1.3072E-01
  4.6810E+02  2.4204E-01  1.3076E-01
  4.6841E+02  2.4194E-01  1.3079E-01
  4.6873E+02  2.4184E-01  1.3083E-01
  4.6905E+02  2.4173E-01  1.3087E-01
  4.6937E+02  2.4163E-01  1.3090E-01
  4.6969E+02  2.4153E-01  1.3094E-01
  4.7000E+02  2.4142E-01  1.3098E-01
  4.7032E+02  2.4132E-01  1.3101E-01
  4.7064E+02  2.4121E-01  1.3105E-01
  4.7096E+02  2.4111E-01  1.3109E-01
  4.7128E+02  2.4101E-01  1.3112E-01
  4.7159E+02  2.4090E-01  1.3116E-01
  4.7191E+02  2.4080E-01  1.3120E-01
  4.7223E+02  2.4070E-01  1.3123E-01
  4.7255E+02  2.4059E-01  1.3127E-01
  4.7287E+02  2.4049E-01  1.3130E-01
  4.7318E+02  2.4039E-01  1.3134E-01
  4.7350E+02  2.4028E-01  1.3138E-01
  4.7382E+02  2.4018E-01  1.3141E-01
  4.7414E+02  2.4008E-01  1.3145E-01
  4.7446E+02  2.3997E-01  1.3148E-01
  4.7477E+02  2.3987E-01  1.3152E-01
  4.7509E+02  2.3977E-01  1.3155E-01
  4.7541E+02  2.3967E-01  1.3159E-01
  4.7573E+02  2.3956E-01  1.3162E-01
  4.7605E+02  2.3946E-01  1.3166E-01
  4.7636E+02  2.3936E-01  1.3170E-01
  4.7668E+02  2.3925E-01  1.3173E-01
  4.7700E+02  2.3915E-01  1.3177E-01
  4.7732E+02  2.3905E-01  1.3180E-01
  4.7764E+02  2.3894E-01  1.3184E-01
  4.7795E+02  2.3884E-01  1.3187E-01
  4.7827E+02  2.3874E-01  1.3191E-01
  4.7859E+02  2.3864E-01  1.3194E-01
  4.7891E+02  2.3853E-01  1.3198E-01
  4.7923E+02  2.3843E-01  1.3201E-01
  4.7954E+02  2.3833E-01  1.3205E-01
  4.7986E+02  2.3822E-01  1.3208E-01
  4.8018E+02  2.3812E-01  1.3212E-01
  4.8050E+02  2.3802E-01  1.3215E-01
  4.8082E+02  2.3792E-01  1.3219E-01
  4.8113E+02  2.3781E-01  1.3222E-01
  4.8145E+02  2.3771E-01  1.3226E-01
  4.8177E+02  2.3761E-01  1.3229E-01
  4.8209E+02  2.3750E-01  1.3232E-01
  4.8241E+02  2.3740E-01  1.3236E-01
  4.8272E+02  2.3730E-01  1.3239E-01
  4.8304E+02  2.3720E-01  1.3243E-01
  4.8336E+02  2.3709E-01  1.3246E-01
  4.8368E+02  2.3699E-01  1.3250E-01
  4.8400E+02  2.3689E-01  1.3253E-01
  4.8431E+02  2.3679E-01  1.3256E-01
  4.8463E+02  2.3668E-01  1.3260E-01
  4.8495E+02  2.3658E-01  1.3263E-01
  4.8527E+02  2.3648E-01  1.3267E-01
  4.8559E+02  2.3638E-01  1.3270E-01
  4.8590E+02  2.3627E-01  1.3273E-01
  4.8622E+02  2.3617E-01  1.3277E-01
  4.8654E+02  2.3607E-01  1.3280E-01
  4.8686E+02  2.3597E-01  1.3283E-01
  4.8718E+02  2.3586E-01  1.3287E-01
  4.8749E+02  2.3576E-01  1.3290E-01
  4.8781E+02  2.3566E-01  1.3293E-01
  4.8813E+02  2.3556E-01  1.3297E-01
  4.8845E+02  2.3545E-01  1.3300E-01
  4.8877E+02  2.3535E-01  1.3304E-01
  4.8908E+02  2.3525E-01  1.3307E-01
  4.8940E+02  2.3515E-01  1.3310E-01
  4.8972E+02  2.3505E-01  1.3313E-01
  4.9004E+02  2.3494E-01  1.3317E-01
  4.9036E+02  2.3484E-01  1.3320E-01
  4.9067E+02  2.3474E-01  1.3323E-01
  4.9099E+02  2.3464E-01  1.3327E-01
  4.9131E+02  2.3453E-01  1.3330E-01
  4.9163E+02  2.3443E-01  1.3333E-01
  4.9195E+02  2.3433E-01  1.3337E-01
  4.9226E+02  2.3423E-01  1.3340E-01
  4.9258E+02  2.3413E-01  1.3343E-01
  4.9290E+02  2.3402E-01  1.3346E-01
  4.9322E+02  2.3392E-01  1.3350E-01
  4.9354E+02  2.3382E-01  1.3353E-01
  4.9385E+02  2.3372E-01  1.3356E-01
  4.9417E+02  2.3362E-01  1.3359E-01
  4.9449E+02  2.3351E-01  1.3363E-01
  4.9481E+02  2.3341E-01  1.3366E-01
  4.9513E+02  2.3331E-01  1.3369E-01
  4.9544E+02  2.3321E-01  1.3372E-01
  4.9576E+02  2.3311E-01  1.3376E-01
  4.9608E+02  2.3301E-01  1.3379E-01
  4.9640E+02  2.3290E-01  1.3382E-01
  4.9672E+02  2.3280E-01  1.3385E-01
  4.9703E+02  2.3270E-01  1.3388E-01
  4.9735E+02  2.3260E-01  1.3392E-01
  4.9767E+02  2.3250E-01  1.3395E-01
  4.9799E+02  2.3240E-01  1.3398E-01
  4.9831E+02  2.3229E-01  1.3401E-01
  4.9862E+02  2.3219E-01  1.3404E-01
  4.9894E+02  2.3209E-01  1.3407E-01
  4.9926E+02  2.3199E-01  1.3411E-01
  4.9958E+02  2.3189E-01  1.3414E-01
  4.9990E+02  2.3179E-01  1.3417E-01
  5.0000E+02  2.3175E-01  1.3418E-01
