# CREATED BY GENE DIAGNOSTICS TOOL on Mon Jun 25 12:55:14 2018
# diag: GAMDIAG, run(s): 0104, time window: 0-500(1614 steps), species: ions
# original data path: /r/c/cmor/ZF_3rd/w7xhms05/1.5047-2.5/
# normalization: L_ref=5.4832m
#
# xind= 0, x/a= 0.70710677, q= 1.1018624
# Fit:    1,-0.034377534,12.9475
# Analytic (Gao, Zhou/Yu): 0.32199362,-0.036405952,12.947879
#  t          Re[phi]     Im[phi]   
  0.0000E+00  9.9998E-01  0.0000E+00
  3.1000E-01  9.9244E-01  8.6190E-04
  6.2000E-01  9.7188E-01  1.6858E-03
  9.3000E-01  9.4255E-01  2.4817E-03
  1.2400E+00  9.0850E-01  3.2589E-03
  1.5500E+00  8.7279E-01  4.0309E-03
  1.8600E+00  8.3741E-01  4.8101E-03
  2.1700E+00  8.0358E-01  5.5917E-03
  2.4800E+00  7.7191E-01  6.3535E-03
  2.7900E+00  7.4269E-01  7.0658E-03
  3.1000E+00  7.1593E-01  7.7004E-03
  3.4100E+00  6.9151E-01  8.2377E-03
  3.7200E+00  6.6923E-01  8.6682E-03
  4.0300E+00  6.4882E-01  8.9911E-03
  4.3400E+00  6.3005E-01  9.2128E-03
  4.6500E+00  6.1267E-01  9.3438E-03
  4.9600E+00  5.9648E-01  9.3977E-03
  5.2700E+00  5.8133E-01  9.3898E-03
  5.5800E+00  5.6709E-01  9.3361E-03
  5.8900E+00  5.5370E-01  9.2521E-03
  6.2000E+00  5.4110E-01  9.1546E-03
  6.5100E+00  5.2924E-01  9.0588E-03
  6.8200E+00  5.1811E-01  8.9737E-03
  7.1300E+00  5.0770E-01  8.9146E-03
  7.4400E+00  4.9795E-01  8.8873E-03
  7.7500E+00  4.8881E-01  8.8868E-03
  8.0600E+00  4.8027E-01  8.9245E-03
  8.3700E+00  4.7228E-01  9.0040E-03
  8.6800E+00  4.6479E-01  9.1078E-03
  8.9900E+00  4.5774E-01  9.2307E-03
  9.3000E+00  4.5110E-01  9.3796E-03
  9.6100E+00  4.4482E-01  9.5520E-03
  9.9200E+00  4.3887E-01  9.7402E-03
  1.0230E+01  4.3321E-01  9.9410E-03
  1.0540E+01  4.2782E-01  1.0151E-02
  1.0850E+01  4.2267E-01  1.0362E-02
  1.1160E+01  4.1772E-01  1.0565E-02
  1.1470E+01  4.1299E-01  1.0754E-02
  1.1780E+01  4.0845E-01  1.0928E-02
  1.2090E+01  4.0409E-01  1.1084E-02
  1.2400E+01  3.9985E-01  1.1212E-02
  1.2710E+01  3.9570E-01  1.1300E-02
  1.3020E+01  3.9165E-01  1.1350E-02
  1.3330E+01  3.8775E-01  1.1373E-02
  1.3640E+01  3.8406E-01  1.1382E-02
  1.3950E+01  3.8054E-01  1.1376E-02
  1.4260E+01  3.7715E-01  1.1341E-02
  1.4570E+01  3.7380E-01  1.1269E-02
  1.4880E+01  3.7044E-01  1.1161E-02
  1.5190E+01  3.6710E-01  1.1023E-02
  1.5500E+01  3.6380E-01  1.0861E-02
  1.5810E+01  3.6059E-01  1.0688E-02
  1.6120E+01  3.5750E-01  1.0515E-02
  1.6430E+01  3.5454E-01  1.0350E-02
  1.6740E+01  3.5167E-01  1.0188E-02
  1.7050E+01  3.4884E-01  1.0011E-02
  1.7360E+01  3.4602E-01  9.8060E-03
  1.7670E+01  3.4318E-01  9.5769E-03
  1.7980E+01  3.4036E-01  9.3335E-03
  1.8290E+01  3.3755E-01  9.0823E-03
  1.8600E+01  3.3480E-01  8.8242E-03
  1.8910E+01  3.3210E-01  8.5615E-03
  1.9220E+01  3.2948E-01  8.3051E-03
  1.9530E+01  3.2695E-01  8.0757E-03
  1.9840E+01  3.2453E-01  7.8912E-03
  2.0150E+01  3.2218E-01  7.7521E-03
  2.0460E+01  3.1989E-01  7.6375E-03
  2.0770E+01  3.1761E-01  7.5153E-03
  2.1080E+01  3.1538E-01  7.3613E-03
  2.1390E+01  3.1324E-01  7.1745E-03
  2.1700E+01  3.1130E-01  6.9764E-03
  2.2010E+01  3.0964E-01  6.7975E-03
  2.2320E+01  3.0826E-01  6.6604E-03
  2.2630E+01  3.0713E-01  6.5676E-03
  2.2940E+01  3.0611E-01  6.5002E-03
  2.3250E+01  3.0510E-01  6.4288E-03
  2.3560E+01  3.0403E-01  6.3318E-03
  2.3870E+01  3.0293E-01  6.2072E-03
  2.4180E+01  3.0187E-01  6.0740E-03
  2.4490E+01  3.0098E-01  5.9656E-03
  2.4800E+01  3.0039E-01  5.9205E-03
  2.5110E+01  3.0012E-01  5.9661E-03
  2.5420E+01  3.0011E-01  6.1015E-03
  2.5730E+01  3.0020E-01  6.2935E-03
  2.6040E+01  3.0018E-01  6.4929E-03
  2.6350E+01  2.9989E-01  6.6572E-03
  2.6660E+01  2.9924E-01  6.7607E-03
  2.6970E+01  2.9823E-01  6.7965E-03
  2.7280E+01  2.9695E-01  6.7812E-03
  2.7590E+01  2.9560E-01  6.7605E-03
  2.7900E+01  2.9441E-01  6.7972E-03
  2.8210E+01  2.9359E-01  6.9418E-03
  2.8520E+01  2.9321E-01  7.2069E-03
  2.8830E+01  2.9326E-01  7.5640E-03
  2.9140E+01  2.9364E-01  7.9641E-03
  2.9450E+01  2.9421E-01  8.3602E-03
  2.9760E+01  2.9486E-01  8.7192E-03
  3.0070E+01  2.9547E-01  9.0220E-03
  3.0380E+01  2.9593E-01  9.2635E-03
  3.0690E+01  2.9621E-01  9.4553E-03
  3.1000E+01  2.9634E-01  9.6255E-03
  3.1310E+01  2.9641E-01  9.8099E-03
  3.1620E+01  2.9654E-01  1.0037E-02
  3.1930E+01  2.9680E-01  1.0316E-02
  3.2240E+01  2.9723E-01  1.0636E-02
  3.2550E+01  2.9782E-01  1.0977E-02
  3.2860E+01  2.9856E-01  1.1323E-02
  3.3170E+01  2.9946E-01  1.1663E-02
  3.3480E+01  3.0049E-01  1.1993E-02
  3.3790E+01  3.0161E-01  1.2301E-02
  3.4100E+01  3.0272E-01  1.2574E-02
  3.4410E+01  3.0374E-01  1.2800E-02
  3.4720E+01  3.0462E-01  1.2977E-02
  3.5030E+01  3.0539E-01  1.3122E-02
  3.5340E+01  3.0613E-01  1.3265E-02
  3.5650E+01  3.0699E-01  1.3445E-02
  3.5960E+01  3.0810E-01  1.3691E-02
  3.6270E+01  3.0950E-01  1.4017E-02
  3.6580E+01  3.1120E-01  1.4419E-02
  3.6890E+01  3.1314E-01  1.4883E-02
  3.7200E+01  3.1522E-01  1.5387E-02
  3.7510E+01  3.1737E-01  1.5907E-02
  3.7820E+01  3.1951E-01  1.6426E-02
  3.8130E+01  3.2160E-01  1.6930E-02
  3.8440E+01  3.2361E-01  1.7413E-02
  3.8750E+01  3.2549E-01  1.7871E-02
  3.9060E+01  3.2717E-01  1.8290E-02
  3.9370E+01  3.2856E-01  1.8648E-02
  3.9680E+01  3.2956E-01  1.8917E-02
  3.9990E+01  3.3011E-01  1.9073E-02
  4.0300E+01  3.3020E-01  1.9112E-02
  4.0610E+01  3.2990E-01  1.9050E-02
  4.0920E+01  3.2932E-01  1.8922E-02
  4.1230E+01  3.2859E-01  1.8772E-02
  4.1540E+01  3.2787E-01  1.8641E-02
  4.1850E+01  3.2730E-01  1.8562E-02
  4.2160E+01  3.2701E-01  1.8562E-02
  4.2470E+01  3.2707E-01  1.8658E-02
  4.2780E+01  3.2750E-01  1.8851E-02
  4.3090E+01  3.2831E-01  1.9129E-02
  4.3400E+01  3.2941E-01  1.9470E-02
  4.3710E+01  3.3075E-01  1.9850E-02
  4.4020E+01  3.3224E-01  2.0244E-02
  4.4330E+01  3.3380E-01  2.0632E-02
  4.4640E+01  3.3537E-01  2.0995E-02
  4.4950E+01  3.3687E-01  2.1321E-02
  4.5260E+01  3.3827E-01  2.1606E-02
  4.5570E+01  3.3954E-01  2.1847E-02
  4.5880E+01  3.4064E-01  2.2046E-02
  4.6190E+01  3.4154E-01  2.2202E-02
  4.6500E+01  3.4224E-01  2.2314E-02
  4.6810E+01  3.4272E-01  2.2389E-02
  4.7120E+01  3.4299E-01  2.2432E-02
  4.7430E+01  3.4306E-01  2.2449E-02
  4.7740E+01  3.4295E-01  2.2440E-02
  4.8050E+01  3.4269E-01  2.2409E-02
  4.8360E+01  3.4231E-01  2.2362E-02
  4.8670E+01  3.4184E-01  2.2308E-02
  4.8980E+01  3.4131E-01  2.2250E-02
  4.9290E+01  3.4074E-01  2.2182E-02
  4.9600E+01  3.4015E-01  2.2092E-02
  4.9910E+01  3.3956E-01  2.1976E-02
  5.0220E+01  3.3902E-01  2.1837E-02
  5.0530E+01  3.3857E-01  2.1696E-02
  5.0840E+01  3.3828E-01  2.1580E-02
  5.1150E+01  3.3817E-01  2.1513E-02
  5.1460E+01  3.3826E-01  2.1507E-02
  5.1770E+01  3.3854E-01  2.1566E-02
  5.2080E+01  3.3898E-01  2.1681E-02
  5.2390E+01  3.3954E-01  2.1840E-02
  5.2700E+01  3.4016E-01  2.2020E-02
  5.3010E+01  3.4081E-01  2.2194E-02
  5.3320E+01  3.4143E-01  2.2341E-02
  5.3630E+01  3.4202E-01  2.2447E-02
  5.3940E+01  3.4257E-01  2.2518E-02
  5.4250E+01  3.4310E-01  2.2569E-02
  5.4560E+01  3.4364E-01  2.2625E-02
  5.4870E+01  3.4423E-01  2.2705E-02
  5.5180E+01  3.4486E-01  2.2822E-02
  5.5490E+01  3.4555E-01  2.2972E-02
  5.5800E+01  3.4628E-01  2.3146E-02
  5.6110E+01  3.4703E-01  2.3331E-02
  5.6420E+01  3.4777E-01  2.3520E-02
  5.6730E+01  3.4847E-01  2.3713E-02
  5.7040E+01  3.4912E-01  2.3911E-02
  5.7350E+01  3.4967E-01  2.4110E-02
  5.7660E+01  3.5010E-01  2.4306E-02
  5.7970E+01  3.5037E-01  2.4489E-02
  5.8280E+01  3.5047E-01  2.4654E-02
  5.8590E+01  3.5041E-01  2.4798E-02
  5.8900E+01  3.5018E-01  2.4919E-02
  5.9210E+01  3.4981E-01  2.5017E-02
  5.9520E+01  3.4929E-01  2.5089E-02
  5.9830E+01  3.4865E-01  2.5133E-02
  6.0140E+01  3.4791E-01  2.5149E-02
  6.0450E+01  3.4708E-01  2.5134E-02
  6.0760E+01  3.4619E-01  2.5095E-02
  6.1070E+01  3.4528E-01  2.5038E-02
  6.1380E+01  3.4437E-01  2.4977E-02
  6.1690E+01  3.4350E-01  2.4923E-02
  6.2000E+01  3.4270E-01  2.4886E-02
  6.2310E+01  3.4197E-01  2.4867E-02
  6.2620E+01  3.4131E-01  2.4863E-02
  6.2930E+01  3.4072E-01  2.4867E-02
  6.3240E+01  3.4020E-01  2.4872E-02
  6.3550E+01  3.3973E-01  2.4873E-02
  6.3860E+01  3.3933E-01  2.4872E-02
  6.4170E+01  3.3899E-01  2.4876E-02
  6.4480E+01  3.3872E-01  2.4893E-02
  6.4790E+01  3.3852E-01  2.4930E-02
  6.5100E+01  3.3838E-01  2.4991E-02
  6.5410E+01  3.3829E-01  2.5079E-02
  6.5720E+01  3.3824E-01  2.5193E-02
  6.6030E+01  3.3824E-01  2.5328E-02
  6.6340E+01  3.3826E-01  2.5475E-02
  6.6650E+01  3.3829E-01  2.5621E-02
  6.6960E+01  3.3831E-01  2.5756E-02
  6.7270E+01  3.3832E-01  2.5878E-02
  6.7580E+01  3.3832E-01  2.5990E-02
  6.7890E+01  3.3832E-01  2.6098E-02
  6.8200E+01  3.3831E-01  2.6207E-02
  6.8510E+01  3.3830E-01  2.6318E-02
  6.8820E+01  3.3829E-01  2.6431E-02
  6.9130E+01  3.3828E-01  2.6549E-02
  6.9440E+01  3.3826E-01  2.6675E-02
  6.9750E+01  3.3825E-01  2.6812E-02
  7.0060E+01  3.3825E-01  2.6964E-02
  7.0370E+01  3.3827E-01  2.7128E-02
  7.0680E+01  3.3830E-01  2.7299E-02
  7.0990E+01  3.3834E-01  2.7471E-02
  7.1300E+01  3.3837E-01  2.7635E-02
  7.1610E+01  3.3838E-01  2.7785E-02
  7.1920E+01  3.3836E-01  2.7916E-02
  7.2230E+01  3.3828E-01  2.8030E-02
  7.2540E+01  3.3817E-01  2.8131E-02
  7.2850E+01  3.3801E-01  2.8223E-02
  7.3160E+01  3.3782E-01  2.8310E-02
  7.3470E+01  3.3760E-01  2.8392E-02
  7.3780E+01  3.3737E-01  2.8468E-02
  7.4090E+01  3.3711E-01  2.8537E-02
  7.4400E+01  3.3685E-01  2.8600E-02
  7.4710E+01  3.3659E-01  2.8664E-02
  7.5020E+01  3.3634E-01  2.8735E-02
  7.5330E+01  3.3611E-01  2.8822E-02
  7.5640E+01  3.3590E-01  2.8929E-02
  7.5950E+01  3.3573E-01  2.9057E-02
  7.6260E+01  3.3560E-01  2.9205E-02
  7.6570E+01  3.3550E-01  2.9371E-02
  7.6880E+01  3.3542E-01  2.9553E-02
  7.7190E+01  3.3537E-01  2.9749E-02
  7.7500E+01  3.3533E-01  2.9959E-02
  7.7810E+01  3.3529E-01  3.0181E-02
  7.8120E+01  3.3525E-01  3.0408E-02
  7.8430E+01  3.3517E-01  3.0632E-02
  7.8740E+01  3.3507E-01  3.0843E-02
  7.9050E+01  3.3490E-01  3.1032E-02
  7.9360E+01  3.3468E-01  3.1188E-02
  7.9670E+01  3.3438E-01  3.1301E-02
  7.9980E+01  3.3399E-01  3.1362E-02
  8.0290E+01  3.3353E-01  3.1368E-02
  8.0600E+01  3.3301E-01  3.1325E-02
  8.0910E+01  3.3246E-01  3.1249E-02
  8.1220E+01  3.3190E-01  3.1165E-02
  8.1530E+01  3.3139E-01  3.1097E-02
  8.1840E+01  3.3094E-01  3.1066E-02
  8.2150E+01  3.3059E-01  3.1084E-02
  8.2460E+01  3.3034E-01  3.1155E-02
  8.2770E+01  3.3020E-01  3.1274E-02
  8.3080E+01  3.3015E-01  3.1432E-02
  8.3390E+01  3.3016E-01  3.1617E-02
  8.3700E+01  3.3021E-01  3.1816E-02
  8.4010E+01  3.3028E-01  3.2014E-02
  8.4320E+01  3.3033E-01  3.2198E-02
  8.4630E+01  3.3035E-01  3.2359E-02
  8.4940E+01  3.3033E-01  3.2495E-02
  8.5250E+01  3.3027E-01  3.2607E-02
  8.5560E+01  3.3018E-01  3.2699E-02
  8.5870E+01  3.3005E-01  3.2780E-02
  8.6180E+01  3.2991E-01  3.2855E-02
  8.6490E+01  3.2976E-01  3.2929E-02
  8.6800E+01  3.2962E-01  3.3009E-02
  8.7110E+01  3.2948E-01  3.3098E-02
  8.7420E+01  3.2937E-01  3.3202E-02
  8.7730E+01  3.2928E-01  3.3322E-02
  8.8040E+01  3.2922E-01  3.3460E-02
  8.8350E+01  3.2919E-01  3.3614E-02
  8.8660E+01  3.2919E-01  3.3781E-02
  8.8970E+01  3.2920E-01  3.3958E-02
  8.9280E+01  3.2924E-01  3.4140E-02
  8.9590E+01  3.2928E-01  3.4321E-02
  8.9900E+01  3.2933E-01  3.4496E-02
  9.0210E+01  3.2939E-01  3.4661E-02
  9.0520E+01  3.2944E-01  3.4817E-02
  9.0830E+01  3.2951E-01  3.4965E-02
  9.1140E+01  3.2957E-01  3.5108E-02
  9.1450E+01  3.2964E-01  3.5250E-02
  9.1760E+01  3.2972E-01  3.5394E-02
  9.2070E+01  3.2980E-01  3.5539E-02
  9.2380E+01  3.2988E-01  3.5684E-02
  9.2690E+01  3.2995E-01  3.5829E-02
  9.3000E+01  3.3002E-01  3.5972E-02
  9.3310E+01  3.3009E-01  3.6113E-02
  9.3620E+01  3.3014E-01  3.6255E-02
  9.3930E+01  3.3019E-01  3.6397E-02
  9.4240E+01  3.3023E-01  3.6541E-02
  9.4550E+01  3.3026E-01  3.6685E-02
  9.4860E+01  3.3029E-01  3.6828E-02
  9.5170E+01  3.3031E-01  3.6968E-02
  9.5480E+01  3.3031E-01  3.7102E-02
  9.5790E+01  3.3029E-01  3.7228E-02
  9.6100E+01  3.3024E-01  3.7346E-02
  9.6410E+01  3.3018E-01  3.7454E-02
  9.6720E+01  3.3011E-01  3.7554E-02
  9.7030E+01  3.3002E-01  3.7645E-02
  9.7340E+01  3.2993E-01  3.7730E-02
  9.7650E+01  3.2985E-01  3.7811E-02
  9.7960E+01  3.2978E-01  3.7894E-02
  9.8270E+01  3.2973E-01  3.7986E-02
  9.8580E+01  3.2971E-01  3.8092E-02
  9.8890E+01  3.2970E-01  3.8215E-02
  9.9200E+01  3.2972E-01  3.8356E-02
  9.9510E+01  3.2975E-01  3.8511E-02
  9.9820E+01  3.2980E-01  3.8677E-02
  1.0013E+02  3.2985E-01  3.8850E-02
  1.0044E+02  3.2991E-01  3.9028E-02
  1.0075E+02  3.2998E-01  3.9206E-02
  1.0106E+02  3.3003E-01  3.9382E-02
  1.0137E+02  3.3008E-01  3.9553E-02
  1.0168E+02  3.3012E-01  3.9718E-02
  1.0199E+02  3.3015E-01  3.9875E-02
  1.0230E+02  3.3016E-01  4.0024E-02
  1.0261E+02  3.3015E-01  4.0162E-02
  1.0292E+02  3.3012E-01  4.0289E-02
  1.0323E+02  3.3007E-01  4.0402E-02
  1.0354E+02  3.3000E-01  4.0501E-02
  1.0385E+02  3.2991E-01  4.0588E-02
  1.0416E+02  3.2980E-01  4.0667E-02
  1.0447E+02  3.2968E-01  4.0743E-02
  1.0478E+02  3.2955E-01  4.0820E-02
  1.0509E+02  3.2942E-01  4.0900E-02
  1.0540E+02  3.2928E-01  4.0981E-02
  1.0571E+02  3.2913E-01  4.1061E-02
  1.0602E+02  3.2897E-01  4.1132E-02
  1.0633E+02  3.2880E-01  4.1191E-02
  1.0664E+02  3.2863E-01  4.1235E-02
  1.0695E+02  3.2844E-01  4.1265E-02
  1.0726E+02  3.2826E-01  4.1287E-02
  1.0757E+02  3.2808E-01  4.1308E-02
  1.0788E+02  3.2792E-01  4.1337E-02
  1.0819E+02  3.2777E-01  4.1380E-02
  1.0850E+02  3.2764E-01  4.1441E-02
  1.0881E+02  3.2753E-01  4.1520E-02
  1.0912E+02  3.2745E-01  4.1615E-02
  1.0943E+02  3.2739E-01  4.1724E-02
  1.0974E+02  3.2734E-01  4.1841E-02
  1.1005E+02  3.2729E-01  4.1962E-02
  1.1036E+02  3.2726E-01  4.2084E-02
  1.1067E+02  3.2721E-01  4.2201E-02
  1.1098E+02  3.2716E-01  4.2311E-02
  1.1129E+02  3.2711E-01  4.2413E-02
  1.1160E+02  3.2704E-01  4.2509E-02
  1.1191E+02  3.2696E-01  4.2602E-02
  1.1222E+02  3.2688E-01  4.2694E-02
  1.1253E+02  3.2680E-01  4.2790E-02
  1.1284E+02  3.2671E-01  4.2890E-02
  1.1315E+02  3.2664E-01  4.2997E-02
  1.1346E+02  3.2657E-01  4.3109E-02
  1.1377E+02  3.2650E-01  4.3228E-02
  1.1408E+02  3.2645E-01  4.3353E-02
  1.1439E+02  3.2641E-01  4.3483E-02
  1.1470E+02  3.2637E-01  4.3617E-02
  1.1501E+02  3.2634E-01  4.3751E-02
  1.1532E+02  3.2630E-01  4.3885E-02
  1.1563E+02  3.2626E-01  4.4018E-02
  1.1594E+02  3.2622E-01  4.4150E-02
  1.1625E+02  3.2618E-01  4.4281E-02
  1.1656E+02  3.2612E-01  4.4413E-02
  1.1687E+02  3.2606E-01  4.4546E-02
  1.1718E+02  3.2598E-01  4.4680E-02
  1.1749E+02  3.2590E-01  4.4815E-02
  1.1780E+02  3.2580E-01  4.4948E-02
  1.1811E+02  3.2569E-01  4.5076E-02
  1.1842E+02  3.2556E-01  4.5196E-02
  1.1873E+02  3.2542E-01  4.5304E-02
  1.1904E+02  3.2527E-01  4.5400E-02
  1.1935E+02  3.2510E-01  4.5482E-02
  1.1966E+02  3.2491E-01  4.5552E-02
  1.1997E+02  3.2472E-01  4.5609E-02
  1.2028E+02  3.2451E-01  4.5654E-02
  1.2059E+02  3.2429E-01  4.5686E-02
  1.2090E+02  3.2406E-01  4.5708E-02
  1.2121E+02  3.2384E-01  4.5721E-02
  1.2152E+02  3.2361E-01  4.5731E-02
  1.2183E+02  3.2340E-01  4.5743E-02
  1.2214E+02  3.2319E-01  4.5762E-02
  1.2245E+02  3.2300E-01  4.5792E-02
  1.2276E+02  3.2282E-01  4.5835E-02
  1.2307E+02  3.2266E-01  4.5889E-02
  1.2338E+02  3.2252E-01  4.5953E-02
  1.2369E+02  3.2238E-01  4.6023E-02
  1.2400E+02  3.2225E-01  4.6097E-02
  1.2431E+02  3.2213E-01  4.6173E-02
  1.2462E+02  3.2201E-01  4.6249E-02
  1.2493E+02  3.2189E-01  4.6325E-02
  1.2524E+02  3.2177E-01  4.6401E-02
  1.2555E+02  3.2164E-01  4.6476E-02
  1.2586E+02  3.2151E-01  4.6549E-02
  1.2617E+02  3.2138E-01  4.6621E-02
  1.2648E+02  3.2124E-01  4.6693E-02
  1.2679E+02  3.2111E-01  4.6763E-02
  1.2710E+02  3.2097E-01  4.6835E-02
  1.2741E+02  3.2083E-01  4.6910E-02
  1.2772E+02  3.2070E-01  4.6991E-02
  1.2803E+02  3.2058E-01  4.7081E-02
  1.2834E+02  3.2046E-01  4.7180E-02
  1.2865E+02  3.2034E-01  4.7290E-02
  1.2896E+02  3.2024E-01  4.7408E-02
  1.2927E+02  3.2013E-01  4.7533E-02
  1.2958E+02  3.2003E-01  4.7660E-02
  1.2989E+02  3.1993E-01  4.7788E-02
  1.3020E+02  3.1983E-01  4.7914E-02
  1.3051E+02  3.1974E-01  4.8038E-02
  1.3082E+02  3.1963E-01  4.8160E-02
  1.3113E+02  3.1953E-01  4.8281E-02
  1.3144E+02  3.1942E-01  4.8401E-02
  1.3175E+02  3.1931E-01  4.8519E-02
  1.3206E+02  3.1920E-01  4.8636E-02
  1.3237E+02  3.1908E-01  4.8750E-02
  1.3268E+02  3.1897E-01  4.8860E-02
  1.3299E+02  3.1884E-01  4.8968E-02
  1.3330E+02  3.1872E-01  4.9071E-02
  1.3361E+02  3.1859E-01  4.9170E-02
  1.3392E+02  3.1846E-01  4.9266E-02
  1.3423E+02  3.1833E-01  4.9361E-02
  1.3454E+02  3.1820E-01  4.9456E-02
  1.3485E+02  3.1807E-01  4.9553E-02
  1.3516E+02  3.1795E-01  4.9654E-02
  1.3547E+02  3.1783E-01  4.9758E-02
  1.3578E+02  3.1771E-01  4.9865E-02
  1.3609E+02  3.1760E-01  4.9974E-02
  1.3640E+02  3.1750E-01  5.0083E-02
  1.3671E+02  3.1739E-01  5.0190E-02
  1.3702E+02  3.1729E-01  5.0295E-02
  1.3733E+02  3.1719E-01  5.0398E-02
  1.3764E+02  3.1708E-01  5.0499E-02
  1.3795E+02  3.1698E-01  5.0598E-02
  1.3826E+02  3.1687E-01  5.0696E-02
  1.3857E+02  3.1677E-01  5.0792E-02
  1.3888E+02  3.1666E-01  5.0887E-02
  1.3919E+02  3.1656E-01  5.0982E-02
  1.3950E+02  3.1645E-01  5.1077E-02
  1.3981E+02  3.1635E-01  5.1172E-02
  1.4012E+02  3.1625E-01  5.1269E-02
  1.4043E+02  3.1615E-01  5.1367E-02
  1.4074E+02  3.1605E-01  5.1466E-02
  1.4105E+02  3.1595E-01  5.1565E-02
  1.4136E+02  3.1585E-01  5.1663E-02
  1.4167E+02  3.1574E-01  5.1759E-02
  1.4198E+02  3.1564E-01  5.1853E-02
  1.4229E+02  3.1553E-01  5.1944E-02
  1.4260E+02  3.1542E-01  5.2034E-02
  1.4291E+02  3.1530E-01  5.2123E-02
  1.4322E+02  3.1519E-01  5.2211E-02
  1.4353E+02  3.1507E-01  5.2299E-02
  1.4384E+02  3.1495E-01  5.2387E-02
  1.4415E+02  3.1483E-01  5.2476E-02
  1.4446E+02  3.1471E-01  5.2564E-02
  1.4477E+02  3.1459E-01  5.2653E-02
  1.4508E+02  3.1446E-01  5.2741E-02
  1.4539E+02  3.1434E-01  5.2829E-02
  1.4570E+02  3.1423E-01  5.2917E-02
  1.4601E+02  3.1411E-01  5.3004E-02
  1.4632E+02  3.1400E-01  5.3090E-02
  1.4663E+02  3.1388E-01  5.3177E-02
  1.4694E+02  3.1377E-01  5.3263E-02
  1.4725E+02  3.1367E-01  5.3351E-02
  1.4756E+02  3.1356E-01  5.3439E-02
  1.4787E+02  3.1346E-01  5.3530E-02
  1.4818E+02  3.1336E-01  5.3623E-02
  1.4849E+02  3.1326E-01  5.3719E-02
  1.4880E+02  3.1316E-01  5.3817E-02
  1.4911E+02  3.1306E-01  5.3918E-02
  1.4942E+02  3.1296E-01  5.4019E-02
  1.4973E+02  3.1286E-01  5.4119E-02
  1.5004E+02  3.1276E-01  5.4216E-02
  1.5035E+02  3.1266E-01  5.4309E-02
  1.5066E+02  3.1256E-01  5.4398E-02
  1.5097E+02  3.1245E-01  5.4483E-02
  1.5128E+02  3.1234E-01  5.4564E-02
  1.5159E+02  3.1223E-01  5.4642E-02
  1.5190E+02  3.1212E-01  5.4719E-02
  1.5221E+02  3.1201E-01  5.4797E-02
  1.5252E+02  3.1190E-01  5.4876E-02
  1.5283E+02  3.1178E-01  5.4956E-02
  1.5314E+02  3.1167E-01  5.5038E-02
  1.5345E+02  3.1156E-01  5.5122E-02
  1.5376E+02  3.1146E-01  5.5208E-02
  1.5407E+02  3.1135E-01  5.5295E-02
  1.5438E+02  3.1125E-01  5.5384E-02
  1.5469E+02  3.1115E-01  5.5475E-02
  1.5500E+02  3.1105E-01  5.5567E-02
  1.5531E+02  3.1095E-01  5.5659E-02
  1.5562E+02  3.1086E-01  5.5752E-02
  1.5593E+02  3.1076E-01  5.5844E-02
  1.5624E+02  3.1066E-01  5.5935E-02
  1.5655E+02  3.1057E-01  5.6025E-02
  1.5686E+02  3.1047E-01  5.6116E-02
  1.5717E+02  3.1038E-01  5.6207E-02
  1.5748E+02  3.1028E-01  5.6299E-02
  1.5779E+02  3.1019E-01  5.6392E-02
  1.5810E+02  3.1009E-01  5.6487E-02
  1.5841E+02  3.1000E-01  5.6581E-02
  1.5872E+02  3.0990E-01  5.6676E-02
  1.5903E+02  3.0981E-01  5.6768E-02
  1.5934E+02  3.0971E-01  5.6859E-02
  1.5965E+02  3.0962E-01  5.6946E-02
  1.5996E+02  3.0952E-01  5.7030E-02
  1.6027E+02  3.0943E-01  5.7111E-02
  1.6058E+02  3.0933E-01  5.7190E-02
  1.6089E+02  3.0923E-01  5.7268E-02
  1.6120E+02  3.0913E-01  5.7345E-02
  1.6151E+02  3.0903E-01  5.7423E-02
  1.6182E+02  3.0894E-01  5.7502E-02
  1.6213E+02  3.0884E-01  5.7583E-02
  1.6244E+02  3.0874E-01  5.7666E-02
  1.6275E+02  3.0865E-01  5.7751E-02
  1.6306E+02  3.0855E-01  5.7837E-02
  1.6337E+02  3.0846E-01  5.7924E-02
  1.6368E+02  3.0837E-01  5.8010E-02
  1.6399E+02  3.0827E-01  5.8097E-02
  1.6430E+02  3.0818E-01  5.8183E-02
  1.6461E+02  3.0808E-01  5.8267E-02
  1.6492E+02  3.0798E-01  5.8350E-02
  1.6523E+02  3.0788E-01  5.8432E-02
  1.6554E+02  3.0778E-01  5.8513E-02
  1.6585E+02  3.0768E-01  5.8593E-02
  1.6616E+02  3.0758E-01  5.8674E-02
  1.6647E+02  3.0748E-01  5.8755E-02
  1.6678E+02  3.0739E-01  5.8838E-02
  1.6709E+02  3.0729E-01  5.8923E-02
  1.6740E+02  3.0720E-01  5.9010E-02
  1.6771E+02  3.0710E-01  5.9099E-02
  1.6802E+02  3.0701E-01  5.9190E-02
  1.6833E+02  3.0691E-01  5.9281E-02
  1.6864E+02  3.0682E-01  5.9372E-02
  1.6895E+02  3.0672E-01  5.9463E-02
  1.6926E+02  3.0663E-01  5.9552E-02
  1.6957E+02  3.0653E-01  5.9640E-02
  1.6988E+02  3.0643E-01  5.9727E-02
  1.7019E+02  3.0634E-01  5.9813E-02
  1.7050E+02  3.0624E-01  5.9898E-02
  1.7081E+02  3.0614E-01  5.9983E-02
  1.7112E+02  3.0604E-01  6.0068E-02
  1.7143E+02  3.0594E-01  6.0152E-02
  1.7174E+02  3.0584E-01  6.0237E-02
  1.7205E+02  3.0573E-01  6.0321E-02
  1.7236E+02  3.0563E-01  6.0405E-02
  1.7267E+02  3.0553E-01  6.0488E-02
  1.7298E+02  3.0543E-01  6.0570E-02
  1.7329E+02  3.0533E-01  6.0651E-02
  1.7360E+02  3.0523E-01  6.0731E-02
  1.7391E+02  3.0512E-01  6.0811E-02
  1.7422E+02  3.0502E-01  6.0889E-02
  1.7453E+02  3.0492E-01  6.0968E-02
  1.7484E+02  3.0481E-01  6.1048E-02
  1.7515E+02  3.0471E-01  6.1128E-02
  1.7546E+02  3.0460E-01  6.1209E-02
  1.7577E+02  3.0450E-01  6.1291E-02
  1.7608E+02  3.0439E-01  6.1373E-02
  1.7639E+02  3.0429E-01  6.1455E-02
  1.7670E+02  3.0418E-01  6.1537E-02
  1.7701E+02  3.0408E-01  6.1618E-02
  1.7732E+02  3.0397E-01  6.1700E-02
  1.7763E+02  3.0387E-01  6.1780E-02
  1.7794E+02  3.0376E-01  6.1861E-02
  1.7825E+02  3.0366E-01  6.1942E-02
  1.7856E+02  3.0355E-01  6.2022E-02
  1.7887E+02  3.0344E-01  6.2102E-02
  1.7918E+02  3.0333E-01  6.2182E-02
  1.7949E+02  3.0322E-01  6.2262E-02
  1.7980E+02  3.0312E-01  6.2340E-02
  1.8011E+02  3.0301E-01  6.2418E-02
  1.8042E+02  3.0290E-01  6.2494E-02
  1.8073E+02  3.0279E-01  6.2569E-02
  1.8104E+02  3.0268E-01  6.2644E-02
  1.8135E+02  3.0257E-01  6.2717E-02
  1.8166E+02  3.0246E-01  6.2791E-02
  1.8197E+02  3.0235E-01  6.2866E-02
  1.8228E+02  3.0225E-01  6.2942E-02
  1.8259E+02  3.0214E-01  6.3019E-02
  1.8290E+02  3.0203E-01  6.3097E-02
  1.8321E+02  3.0193E-01  6.3177E-02
  1.8352E+02  3.0183E-01  6.3259E-02
  1.8383E+02  3.0172E-01  6.3341E-02
  1.8414E+02  3.0162E-01  6.3424E-02
  1.8445E+02  3.0151E-01  6.3507E-02
  1.8476E+02  3.0141E-01  6.3591E-02
  1.8507E+02  3.0131E-01  6.3674E-02
  1.8538E+02  3.0120E-01  6.3757E-02
  1.8569E+02  3.0110E-01  6.3839E-02
  1.8600E+02  3.0099E-01  6.3920E-02
  1.8631E+02  3.0089E-01  6.4000E-02
  1.8662E+02  3.0078E-01  6.4080E-02
  1.8693E+02  3.0068E-01  6.4159E-02
  1.8724E+02  3.0057E-01  6.4239E-02
  1.8755E+02  3.0046E-01  6.4319E-02
  1.8786E+02  3.0035E-01  6.4400E-02
  1.8817E+02  3.0025E-01  6.4482E-02
  1.8848E+02  3.0014E-01  6.4564E-02
  1.8879E+02  3.0003E-01  6.4646E-02
  1.8910E+02  2.9992E-01  6.4729E-02
  1.8941E+02  2.9981E-01  6.4811E-02
  1.8972E+02  2.9970E-01  6.4893E-02
  1.9003E+02  2.9959E-01  6.4974E-02
  1.9034E+02  2.9948E-01  6.5054E-02
  1.9065E+02  2.9937E-01  6.5133E-02
  1.9096E+02  2.9926E-01  6.5211E-02
  1.9127E+02  2.9915E-01  6.5289E-02
  1.9158E+02  2.9903E-01  6.5365E-02
  1.9189E+02  2.9892E-01  6.5441E-02
  1.9220E+02  2.9881E-01  6.5517E-02
  1.9251E+02  2.9869E-01  6.5592E-02
  1.9282E+02  2.9858E-01  6.5668E-02
  1.9313E+02  2.9847E-01  6.5744E-02
  1.9344E+02  2.9836E-01  6.5821E-02
  1.9375E+02  2.9825E-01  6.5898E-02
  1.9406E+02  2.9814E-01  6.5976E-02
  1.9437E+02  2.9803E-01  6.6054E-02
  1.9468E+02  2.9793E-01  6.6133E-02
  1.9499E+02  2.9782E-01  6.6213E-02
  1.9530E+02  2.9771E-01  6.6292E-02
  1.9561E+02  2.9761E-01  6.6372E-02
  1.9592E+02  2.9750E-01  6.6451E-02
  1.9623E+02  2.9740E-01  6.6530E-02
  1.9654E+02  2.9729E-01  6.6608E-02
  1.9685E+02  2.9719E-01  6.6687E-02
  1.9716E+02  2.9708E-01  6.6765E-02
  1.9747E+02  2.9698E-01  6.6843E-02
  1.9778E+02  2.9688E-01  6.6922E-02
  1.9809E+02  2.9677E-01  6.7001E-02
  1.9840E+02  2.9667E-01  6.7079E-02
  1.9871E+02  2.9656E-01  6.7158E-02
  1.9902E+02  2.9646E-01  6.7236E-02
  1.9933E+02  2.9635E-01  6.7314E-02
  1.9964E+02  2.9625E-01  6.7391E-02
  1.9995E+02  2.9615E-01  6.7468E-02
  2.0026E+02  2.9604E-01  6.7545E-02
  2.0057E+02  2.9594E-01  6.7621E-02
  2.0088E+02  2.9584E-01  6.7698E-02
  2.0119E+02  2.9574E-01  6.7774E-02
  2.0150E+02  2.9563E-01  6.7851E-02
  2.0181E+02  2.9553E-01  6.7928E-02
  2.0212E+02  2.9543E-01  6.8005E-02
  2.0243E+02  2.9533E-01  6.8083E-02
  2.0274E+02  2.9522E-01  6.8160E-02
  2.0305E+02  2.9512E-01  6.8238E-02
  2.0336E+02  2.9502E-01  6.8315E-02
  2.0367E+02  2.9492E-01  6.8393E-02
  2.0398E+02  2.9482E-01  6.8470E-02
  2.0429E+02  2.9472E-01  6.8547E-02
  2.0460E+02  2.9462E-01  6.8623E-02
  2.0491E+02  2.9451E-01  6.8700E-02
  2.0522E+02  2.9441E-01  6.8776E-02
  2.0553E+02  2.9431E-01  6.8852E-02
  2.0584E+02  2.9421E-01  6.8928E-02
  2.0615E+02  2.9411E-01  6.9004E-02
  2.0646E+02  2.9401E-01  6.9080E-02
  2.0677E+02  2.9391E-01  6.9155E-02
  2.0708E+02  2.9381E-01  6.9230E-02
  2.0739E+02  2.9371E-01  6.9305E-02
  2.0770E+02  2.9360E-01  6.9380E-02
  2.0801E+02  2.9350E-01  6.9454E-02
  2.0832E+02  2.9340E-01  6.9528E-02
  2.0863E+02  2.9330E-01  6.9603E-02
  2.0894E+02  2.9320E-01  6.9677E-02
  2.0925E+02  2.9310E-01  6.9751E-02
  2.0956E+02  2.9300E-01  6.9825E-02
  2.0987E+02  2.9290E-01  6.9899E-02
  2.1018E+02  2.9280E-01  6.9973E-02
  2.1049E+02  2.9270E-01  7.0047E-02
  2.1080E+02  2.9260E-01  7.0121E-02
  2.1111E+02  2.9250E-01  7.0194E-02
  2.1142E+02  2.9240E-01  7.0267E-02
  2.1173E+02  2.9230E-01  7.0340E-02
  2.1204E+02  2.9220E-01  7.0413E-02
  2.1235E+02  2.9210E-01  7.0486E-02
  2.1266E+02  2.9200E-01  7.0559E-02
  2.1297E+02  2.9190E-01  7.0632E-02
  2.1328E+02  2.9180E-01  7.0705E-02
  2.1359E+02  2.9171E-01  7.0778E-02
  2.1390E+02  2.9161E-01  7.0851E-02
  2.1421E+02  2.9151E-01  7.0924E-02
  2.1452E+02  2.9141E-01  7.0997E-02
  2.1483E+02  2.9131E-01  7.1070E-02
  2.1514E+02  2.9121E-01  7.1143E-02
  2.1545E+02  2.9112E-01  7.1216E-02
  2.1576E+02  2.9102E-01  7.1289E-02
  2.1607E+02  2.9092E-01  7.1362E-02
  2.1638E+02  2.9082E-01  7.1436E-02
  2.1669E+02  2.9072E-01  7.1509E-02
  2.1700E+02  2.9063E-01  7.1582E-02
  2.1731E+02  2.9053E-01  7.1656E-02
  2.1762E+02  2.9043E-01  7.1729E-02
  2.1793E+02  2.9034E-01  7.1802E-02
  2.1824E+02  2.9024E-01  7.1875E-02
  2.1855E+02  2.9014E-01  7.1948E-02
  2.1886E+02  2.9005E-01  7.2021E-02
  2.1917E+02  2.8995E-01  7.2093E-02
  2.1948E+02  2.8985E-01  7.2166E-02
  2.1979E+02  2.8976E-01  7.2238E-02
  2.2010E+02  2.8966E-01  7.2310E-02
  2.2041E+02  2.8956E-01  7.2383E-02
  2.2072E+02  2.8947E-01  7.2455E-02
  2.2103E+02  2.8937E-01  7.2527E-02
  2.2134E+02  2.8928E-01  7.2600E-02
  2.2165E+02  2.8918E-01  7.2672E-02
  2.2196E+02  2.8909E-01  7.2745E-02
  2.2227E+02  2.8899E-01  7.2818E-02
  2.2258E+02  2.8890E-01  7.2890E-02
  2.2289E+02  2.8880E-01  7.2963E-02
  2.2320E+02  2.8871E-01  7.3036E-02
  2.2351E+02  2.8861E-01  7.3108E-02
  2.2382E+02  2.8852E-01  7.3181E-02
  2.2413E+02  2.8842E-01  7.3253E-02
  2.2444E+02  2.8833E-01  7.3326E-02
  2.2475E+02  2.8823E-01  7.3398E-02
  2.2506E+02  2.8814E-01  7.3471E-02
  2.2537E+02  2.8804E-01  7.3544E-02
  2.2568E+02  2.8795E-01  7.3616E-02
  2.2599E+02  2.8785E-01  7.3689E-02
  2.2630E+02  2.8776E-01  7.3761E-02
  2.2661E+02  2.8766E-01  7.3833E-02
  2.2692E+02  2.8757E-01  7.3905E-02
  2.2723E+02  2.8748E-01  7.3977E-02
  2.2754E+02  2.8738E-01  7.4049E-02
  2.2785E+02  2.8729E-01  7.4120E-02
  2.2816E+02  2.8719E-01  7.4192E-02
  2.2847E+02  2.8709E-01  7.4264E-02
  2.2878E+02  2.8700E-01  7.4335E-02
  2.2909E+02  2.8690E-01  7.4407E-02
  2.2940E+02  2.8681E-01  7.4479E-02
  2.2971E+02  2.8671E-01  7.4551E-02
  2.3002E+02  2.8662E-01  7.4622E-02
  2.3033E+02  2.8652E-01  7.4694E-02
  2.3064E+02  2.8642E-01  7.4766E-02
  2.3095E+02  2.8633E-01  7.4838E-02
  2.3126E+02  2.8623E-01  7.4910E-02
  2.3157E+02  2.8614E-01  7.4982E-02
  2.3188E+02  2.8604E-01  7.5054E-02
  2.3219E+02  2.8595E-01  7.5126E-02
  2.3250E+02  2.8585E-01  7.5198E-02
  2.3281E+02  2.8575E-01  7.5270E-02
  2.3312E+02  2.8566E-01  7.5342E-02
  2.3343E+02  2.8556E-01  7.5414E-02
  2.3374E+02  2.8547E-01  7.5486E-02
  2.3405E+02  2.8537E-01  7.5559E-02
  2.3436E+02  2.8527E-01  7.5631E-02
  2.3467E+02  2.8518E-01  7.5703E-02
  2.3498E+02  2.8508E-01  7.5775E-02
  2.3529E+02  2.8498E-01  7.5847E-02
  2.3560E+02  2.8489E-01  7.5919E-02
  2.3591E+02  2.8479E-01  7.5991E-02
  2.3622E+02  2.8469E-01  7.6063E-02
  2.3653E+02  2.8460E-01  7.6134E-02
  2.3684E+02  2.8450E-01  7.6205E-02
  2.3715E+02  2.8440E-01  7.6277E-02
  2.3746E+02  2.8431E-01  7.6347E-02
  2.3777E+02  2.8421E-01  7.6418E-02
  2.3808E+02  2.8411E-01  7.6488E-02
  2.3839E+02  2.8402E-01  7.6559E-02
  2.3870E+02  2.8392E-01  7.6629E-02
  2.3901E+02  2.8382E-01  7.6699E-02
  2.3932E+02  2.8372E-01  7.6768E-02
  2.3963E+02  2.8363E-01  7.6838E-02
  2.3994E+02  2.8353E-01  7.6908E-02
  2.4025E+02  2.8343E-01  7.6977E-02
  2.4056E+02  2.8334E-01  7.7046E-02
  2.4087E+02  2.8324E-01  7.7115E-02
  2.4118E+02  2.8314E-01  7.7184E-02
  2.4149E+02  2.8305E-01  7.7253E-02
  2.4180E+02  2.8295E-01  7.7321E-02
  2.4211E+02  2.8285E-01  7.7390E-02
  2.4242E+02  2.8276E-01  7.7458E-02
  2.4273E+02  2.8266E-01  7.7526E-02
  2.4304E+02  2.8257E-01  7.7595E-02
  2.4335E+02  2.8247E-01  7.7663E-02
  2.4366E+02  2.8237E-01  7.7732E-02
  2.4397E+02  2.8228E-01  7.7800E-02
  2.4428E+02  2.8218E-01  7.7868E-02
  2.4459E+02  2.8208E-01  7.7937E-02
  2.4490E+02  2.8199E-01  7.8005E-02
  2.4521E+02  2.8189E-01  7.8073E-02
  2.4552E+02  2.8179E-01  7.8141E-02
  2.4583E+02  2.8170E-01  7.8209E-02
  2.4614E+02  2.8160E-01  7.8277E-02
  2.4645E+02  2.8150E-01  7.8345E-02
  2.4676E+02  2.8141E-01  7.8413E-02
  2.4707E+02  2.8131E-01  7.8481E-02
  2.4738E+02  2.8121E-01  7.8549E-02
  2.4769E+02  2.8111E-01  7.8617E-02
  2.4800E+02  2.8102E-01  7.8685E-02
  2.4831E+02  2.8092E-01  7.8752E-02
  2.4862E+02  2.8082E-01  7.8820E-02
  2.4893E+02  2.8073E-01  7.8888E-02
  2.4924E+02  2.8063E-01  7.8955E-02
  2.4955E+02  2.8053E-01  7.9022E-02
  2.4986E+02  2.8043E-01  7.9090E-02
  2.5017E+02  2.8034E-01  7.9157E-02
  2.5048E+02  2.8024E-01  7.9224E-02
  2.5079E+02  2.8014E-01  7.9291E-02
  2.5110E+02  2.8004E-01  7.9358E-02
  2.5141E+02  2.7995E-01  7.9425E-02
  2.5172E+02  2.7985E-01  7.9492E-02
  2.5203E+02  2.7975E-01  7.9559E-02
  2.5234E+02  2.7966E-01  7.9626E-02
  2.5265E+02  2.7956E-01  7.9693E-02
  2.5296E+02  2.7946E-01  7.9760E-02
  2.5327E+02  2.7936E-01  7.9826E-02
  2.5358E+02  2.7927E-01  7.9892E-02
  2.5389E+02  2.7917E-01  7.9959E-02
  2.5420E+02  2.7907E-01  8.0025E-02
  2.5451E+02  2.7898E-01  8.0091E-02
  2.5482E+02  2.7888E-01  8.0157E-02
  2.5513E+02  2.7878E-01  8.0223E-02
  2.5544E+02  2.7868E-01  8.0289E-02
  2.5575E+02  2.7859E-01  8.0355E-02
  2.5606E+02  2.7849E-01  8.0421E-02
  2.5637E+02  2.7839E-01  8.0487E-02
  2.5668E+02  2.7829E-01  8.0553E-02
  2.5699E+02  2.7820E-01  8.0618E-02
  2.5730E+02  2.7810E-01  8.0684E-02
  2.5761E+02  2.7800E-01  8.0750E-02
  2.5792E+02  2.7791E-01  8.0815E-02
  2.5823E+02  2.7781E-01  8.0880E-02
  2.5854E+02  2.7771E-01  8.0945E-02
  2.5885E+02  2.7761E-01  8.1011E-02
  2.5916E+02  2.7752E-01  8.1076E-02
  2.5947E+02  2.7742E-01  8.1140E-02
  2.5978E+02  2.7732E-01  8.1205E-02
  2.6009E+02  2.7722E-01  8.1270E-02
  2.6040E+02  2.7713E-01  8.1335E-02
  2.6071E+02  2.7703E-01  8.1399E-02
  2.6102E+02  2.7693E-01  8.1464E-02
  2.6133E+02  2.7683E-01  8.1528E-02
  2.6164E+02  2.7674E-01  8.1593E-02
  2.6195E+02  2.7664E-01  8.1657E-02
  2.6226E+02  2.7654E-01  8.1721E-02
  2.6257E+02  2.7644E-01  8.1785E-02
  2.6288E+02  2.7635E-01  8.1850E-02
  2.6319E+02  2.7625E-01  8.1914E-02
  2.6350E+02  2.7615E-01  8.1978E-02
  2.6381E+02  2.7605E-01  8.2042E-02
  2.6412E+02  2.7595E-01  8.2106E-02
  2.6443E+02  2.7586E-01  8.2169E-02
  2.6474E+02  2.7576E-01  8.2233E-02
  2.6505E+02  2.7566E-01  8.2297E-02
  2.6536E+02  2.7556E-01  8.2360E-02
  2.6567E+02  2.7547E-01  8.2424E-02
  2.6598E+02  2.7537E-01  8.2487E-02
  2.6629E+02  2.7527E-01  8.2550E-02
  2.6660E+02  2.7517E-01  8.2613E-02
  2.6691E+02  2.7507E-01  8.2676E-02
  2.6722E+02  2.7498E-01  8.2739E-02
  2.6753E+02  2.7488E-01  8.2802E-02
  2.6784E+02  2.7478E-01  8.2865E-02
  2.6815E+02  2.7468E-01  8.2928E-02
  2.6846E+02  2.7458E-01  8.2991E-02
  2.6877E+02  2.7449E-01  8.3054E-02
  2.6908E+02  2.7439E-01  8.3116E-02
  2.6939E+02  2.7429E-01  8.3179E-02
  2.6970E+02  2.7419E-01  8.3242E-02
  2.7001E+02  2.7409E-01  8.3305E-02
  2.7032E+02  2.7400E-01  8.3367E-02
  2.7063E+02  2.7390E-01  8.3430E-02
  2.7094E+02  2.7380E-01  8.3493E-02
  2.7125E+02  2.7370E-01  8.3555E-02
  2.7156E+02  2.7361E-01  8.3618E-02
  2.7187E+02  2.7351E-01  8.3680E-02
  2.7218E+02  2.7341E-01  8.3742E-02
  2.7249E+02  2.7331E-01  8.3804E-02
  2.7280E+02  2.7322E-01  8.3867E-02
  2.7311E+02  2.7312E-01  8.3929E-02
  2.7342E+02  2.7302E-01  8.3991E-02
  2.7373E+02  2.7292E-01  8.4053E-02
  2.7404E+02  2.7282E-01  8.4115E-02
  2.7435E+02  2.7273E-01  8.4177E-02
  2.7466E+02  2.7263E-01  8.4239E-02
  2.7497E+02  2.7253E-01  8.4301E-02
  2.7528E+02  2.7243E-01  8.4363E-02
  2.7559E+02  2.7234E-01  8.4424E-02
  2.7590E+02  2.7224E-01  8.4486E-02
  2.7621E+02  2.7214E-01  8.4547E-02
  2.7652E+02  2.7204E-01  8.4608E-02
  2.7683E+02  2.7195E-01  8.4670E-02
  2.7714E+02  2.7185E-01  8.4731E-02
  2.7745E+02  2.7175E-01  8.4792E-02
  2.7776E+02  2.7165E-01  8.4853E-02
  2.7807E+02  2.7156E-01  8.4914E-02
  2.7838E+02  2.7146E-01  8.4975E-02
  2.7869E+02  2.7136E-01  8.5036E-02
  2.7900E+02  2.7126E-01  8.5097E-02
  2.7931E+02  2.7117E-01  8.5158E-02
  2.7962E+02  2.7107E-01  8.5219E-02
  2.7993E+02  2.7097E-01  8.5280E-02
  2.8024E+02  2.7088E-01  8.5340E-02
  2.8055E+02  2.7078E-01  8.5401E-02
  2.8086E+02  2.7068E-01  8.5462E-02
  2.8117E+02  2.7058E-01  8.5522E-02
  2.8148E+02  2.7049E-01  8.5583E-02
  2.8179E+02  2.7039E-01  8.5643E-02
  2.8210E+02  2.7029E-01  8.5703E-02
  2.8241E+02  2.7020E-01  8.5764E-02
  2.8272E+02  2.7010E-01  8.5824E-02
  2.8303E+02  2.7000E-01  8.5884E-02
  2.8334E+02  2.6990E-01  8.5944E-02
  2.8365E+02  2.6981E-01  8.6004E-02
  2.8396E+02  2.6971E-01  8.6064E-02
  2.8427E+02  2.6961E-01  8.6124E-02
  2.8458E+02  2.6952E-01  8.6184E-02
  2.8489E+02  2.6942E-01  8.6243E-02
  2.8520E+02  2.6932E-01  8.6303E-02
  2.8551E+02  2.6922E-01  8.6363E-02
  2.8582E+02  2.6913E-01  8.6422E-02
  2.8613E+02  2.6903E-01  8.6482E-02
  2.8644E+02  2.6893E-01  8.6541E-02
  2.8675E+02  2.6884E-01  8.6601E-02
  2.8706E+02  2.6874E-01  8.6660E-02
  2.8737E+02  2.6864E-01  8.6720E-02
  2.8768E+02  2.6855E-01  8.6779E-02
  2.8799E+02  2.6845E-01  8.6838E-02
  2.8830E+02  2.6835E-01  8.6897E-02
  2.8861E+02  2.6825E-01  8.6956E-02
  2.8892E+02  2.6816E-01  8.7015E-02
  2.8923E+02  2.6806E-01  8.7074E-02
  2.8954E+02  2.6796E-01  8.7133E-02
  2.8985E+02  2.6787E-01  8.7192E-02
  2.9016E+02  2.6777E-01  8.7251E-02
  2.9047E+02  2.6767E-01  8.7309E-02
  2.9078E+02  2.6758E-01  8.7368E-02
  2.9109E+02  2.6748E-01  8.7427E-02
  2.9140E+02  2.6738E-01  8.7485E-02
  2.9171E+02  2.6729E-01  8.7544E-02
  2.9202E+02  2.6719E-01  8.7602E-02
  2.9233E+02  2.6709E-01  8.7661E-02
  2.9264E+02  2.6700E-01  8.7719E-02
  2.9295E+02  2.6690E-01  8.7777E-02
  2.9326E+02  2.6680E-01  8.7836E-02
  2.9357E+02  2.6671E-01  8.7894E-02
  2.9388E+02  2.6661E-01  8.7952E-02
  2.9419E+02  2.6651E-01  8.8010E-02
  2.9450E+02  2.6642E-01  8.8068E-02
  2.9481E+02  2.6632E-01  8.8126E-02
  2.9512E+02  2.6622E-01  8.8184E-02
  2.9543E+02  2.6613E-01  8.8242E-02
  2.9574E+02  2.6603E-01  8.8300E-02
  2.9605E+02  2.6593E-01  8.8358E-02
  2.9636E+02  2.6584E-01  8.8415E-02
  2.9667E+02  2.6574E-01  8.8473E-02
  2.9698E+02  2.6564E-01  8.8531E-02
  2.9729E+02  2.6555E-01  8.8588E-02
  2.9760E+02  2.6545E-01  8.8646E-02
  2.9791E+02  2.6536E-01  8.8704E-02
  2.9822E+02  2.6526E-01  8.8761E-02
  2.9853E+02  2.6516E-01  8.8819E-02
  2.9884E+02  2.6507E-01  8.8876E-02
  2.9915E+02  2.6497E-01  8.8933E-02
  2.9946E+02  2.6487E-01  8.8991E-02
  2.9977E+02  2.6478E-01  8.9048E-02
  3.0008E+02  2.6468E-01  8.9105E-02
  3.0039E+02  2.6459E-01  8.9162E-02
  3.0070E+02  2.6449E-01  8.9219E-02
  3.0101E+02  2.6439E-01  8.9276E-02
  3.0132E+02  2.6430E-01  8.9333E-02
  3.0163E+02  2.6420E-01  8.9390E-02
  3.0194E+02  2.6411E-01  8.9447E-02
  3.0225E+02  2.6401E-01  8.9504E-02
  3.0256E+02  2.6391E-01  8.9561E-02
  3.0287E+02  2.6382E-01  8.9618E-02
  3.0318E+02  2.6372E-01  8.9675E-02
  3.0349E+02  2.6363E-01  8.9731E-02
  3.0380E+02  2.6353E-01  8.9788E-02
  3.0411E+02  2.6343E-01  8.9844E-02
  3.0442E+02  2.6334E-01  8.9901E-02
  3.0473E+02  2.6324E-01  8.9957E-02
  3.0504E+02  2.6315E-01  9.0014E-02
  3.0535E+02  2.6305E-01  9.0070E-02
  3.0566E+02  2.6296E-01  9.0127E-02
  3.0597E+02  2.6286E-01  9.0183E-02
  3.0628E+02  2.6276E-01  9.0239E-02
  3.0659E+02  2.6267E-01  9.0295E-02
  3.0690E+02  2.6257E-01  9.0351E-02
  3.0721E+02  2.6248E-01  9.0407E-02
  3.0752E+02  2.6238E-01  9.0463E-02
  3.0783E+02  2.6229E-01  9.0519E-02
  3.0814E+02  2.6219E-01  9.0575E-02
  3.0845E+02  2.6210E-01  9.0631E-02
  3.0876E+02  2.6200E-01  9.0687E-02
  3.0907E+02  2.6191E-01  9.0743E-02
  3.0938E+02  2.6181E-01  9.0798E-02
  3.0969E+02  2.6171E-01  9.0854E-02
  3.1000E+02  2.6162E-01  9.0910E-02
  3.1031E+02  2.6152E-01  9.0965E-02
  3.1062E+02  2.6143E-01  9.1021E-02
  3.1093E+02  2.6133E-01  9.1076E-02
  3.1124E+02  2.6124E-01  9.1131E-02
  3.1155E+02  2.6114E-01  9.1187E-02
  3.1186E+02  2.6105E-01  9.1242E-02
  3.1217E+02  2.6095E-01  9.1297E-02
  3.1248E+02  2.6086E-01  9.1352E-02
  3.1279E+02  2.6076E-01  9.1408E-02
  3.1310E+02  2.6067E-01  9.1463E-02
  3.1341E+02  2.6057E-01  9.1518E-02
  3.1372E+02  2.6048E-01  9.1573E-02
  3.1403E+02  2.6038E-01  9.1628E-02
  3.1434E+02  2.6029E-01  9.1683E-02
  3.1465E+02  2.6019E-01  9.1737E-02
  3.1496E+02  2.6010E-01  9.1792E-02
  3.1527E+02  2.6000E-01  9.1847E-02
  3.1558E+02  2.5991E-01  9.1902E-02
  3.1589E+02  2.5981E-01  9.1956E-02
  3.1620E+02  2.5972E-01  9.2011E-02
  3.1651E+02  2.5962E-01  9.2065E-02
  3.1682E+02  2.5953E-01  9.2120E-02
  3.1713E+02  2.5943E-01  9.2174E-02
  3.1744E+02  2.5934E-01  9.2229E-02
  3.1775E+02  2.5925E-01  9.2283E-02
  3.1806E+02  2.5915E-01  9.2337E-02
  3.1837E+02  2.5906E-01  9.2392E-02
  3.1868E+02  2.5896E-01  9.2446E-02
  3.1899E+02  2.5887E-01  9.2500E-02
  3.1930E+02  2.5877E-01  9.2554E-02
  3.1961E+02  2.5868E-01  9.2608E-02
  3.1992E+02  2.5858E-01  9.2662E-02
  3.2023E+02  2.5849E-01  9.2716E-02
  3.2054E+02  2.5839E-01  9.2770E-02
  3.2085E+02  2.5830E-01  9.2824E-02
  3.2116E+02  2.5821E-01  9.2878E-02
  3.2147E+02  2.5811E-01  9.2931E-02
  3.2178E+02  2.5802E-01  9.2985E-02
  3.2209E+02  2.5792E-01  9.3039E-02
  3.2240E+02  2.5783E-01  9.3092E-02
  3.2271E+02  2.5773E-01  9.3146E-02
  3.2302E+02  2.5764E-01  9.3199E-02
  3.2333E+02  2.5755E-01  9.3253E-02
  3.2364E+02  2.5745E-01  9.3306E-02
  3.2395E+02  2.5736E-01  9.3359E-02
  3.2426E+02  2.5726E-01  9.3412E-02
  3.2457E+02  2.5717E-01  9.3466E-02
  3.2488E+02  2.5707E-01  9.3519E-02
  3.2519E+02  2.5698E-01  9.3572E-02
  3.2550E+02  2.5689E-01  9.3625E-02
  3.2581E+02  2.5679E-01  9.3678E-02
  3.2612E+02  2.5670E-01  9.3731E-02
  3.2643E+02  2.5660E-01  9.3784E-02
  3.2674E+02  2.5651E-01  9.3836E-02
  3.2705E+02  2.5642E-01  9.3889E-02
  3.2736E+02  2.5632E-01  9.3942E-02
  3.2767E+02  2.5623E-01  9.3995E-02
  3.2798E+02  2.5613E-01  9.4047E-02
  3.2829E+02  2.5604E-01  9.4100E-02
  3.2860E+02  2.5595E-01  9.4153E-02
  3.2891E+02  2.5585E-01  9.4205E-02
  3.2922E+02  2.5576E-01  9.4257E-02
  3.2953E+02  2.5566E-01  9.4310E-02
  3.2984E+02  2.5557E-01  9.4362E-02
  3.3015E+02  2.5548E-01  9.4414E-02
  3.3046E+02  2.5538E-01  9.4467E-02
  3.3077E+02  2.5529E-01  9.4519E-02
  3.3108E+02  2.5520E-01  9.4571E-02
  3.3139E+02  2.5510E-01  9.4623E-02
  3.3170E+02  2.5501E-01  9.4675E-02
  3.3201E+02  2.5491E-01  9.4727E-02
  3.3232E+02  2.5482E-01  9.4779E-02
  3.3263E+02  2.5473E-01  9.4831E-02
  3.3294E+02  2.5463E-01  9.4882E-02
  3.3325E+02  2.5454E-01  9.4934E-02
  3.3356E+02  2.5444E-01  9.4986E-02
  3.3387E+02  2.5435E-01  9.5037E-02
  3.3418E+02  2.5426E-01  9.5089E-02
  3.3449E+02  2.5416E-01  9.5140E-02
  3.3480E+02  2.5407E-01  9.5192E-02
  3.3511E+02  2.5398E-01  9.5243E-02
  3.3542E+02  2.5388E-01  9.5294E-02
  3.3573E+02  2.5379E-01  9.5346E-02
  3.3604E+02  2.5369E-01  9.5397E-02
  3.3635E+02  2.5360E-01  9.5448E-02
  3.3666E+02  2.5351E-01  9.5499E-02
  3.3697E+02  2.5341E-01  9.5550E-02
  3.3728E+02  2.5332E-01  9.5601E-02
  3.3759E+02  2.5323E-01  9.5652E-02
  3.3790E+02  2.5313E-01  9.5703E-02
  3.3821E+02  2.5304E-01  9.5754E-02
  3.3852E+02  2.5295E-01  9.5805E-02
  3.3883E+02  2.5285E-01  9.5855E-02
  3.3914E+02  2.5276E-01  9.5906E-02
  3.3945E+02  2.5266E-01  9.5957E-02
  3.3976E+02  2.5257E-01  9.6007E-02
  3.4007E+02  2.5248E-01  9.6058E-02
  3.4038E+02  2.5238E-01  9.6108E-02
  3.4069E+02  2.5229E-01  9.6158E-02
  3.4100E+02  2.5220E-01  9.6209E-02
  3.4131E+02  2.5210E-01  9.6259E-02
  3.4162E+02  2.5201E-01  9.6309E-02
  3.4193E+02  2.5192E-01  9.6359E-02
  3.4224E+02  2.5182E-01  9.6409E-02
  3.4255E+02  2.5173E-01  9.6459E-02
  3.4286E+02  2.5163E-01  9.6509E-02
  3.4317E+02  2.5154E-01  9.6559E-02
  3.4348E+02  2.5145E-01  9.6609E-02
  3.4379E+02  2.5135E-01  9.6659E-02
  3.4410E+02  2.5126E-01  9.6709E-02
  3.4441E+02  2.5117E-01  9.6759E-02
  3.4472E+02  2.5107E-01  9.6808E-02
  3.4503E+02  2.5098E-01  9.6858E-02
  3.4534E+02  2.5089E-01  9.6907E-02
  3.4565E+02  2.5079E-01  9.6957E-02
  3.4596E+02  2.5070E-01  9.7006E-02
  3.4627E+02  2.5061E-01  9.7056E-02
  3.4658E+02  2.5051E-01  9.7105E-02
  3.4689E+02  2.5042E-01  9.7154E-02
  3.4720E+02  2.5033E-01  9.7203E-02
  3.4751E+02  2.5023E-01  9.7252E-02
  3.4782E+02  2.5014E-01  9.7301E-02
  3.4813E+02  2.5005E-01  9.7350E-02
  3.4844E+02  2.4995E-01  9.7399E-02
  3.4875E+02  2.4986E-01  9.7448E-02
  3.4906E+02  2.4976E-01  9.7497E-02
  3.4937E+02  2.4967E-01  9.7546E-02
  3.4968E+02  2.4958E-01  9.7595E-02
  3.4999E+02  2.4948E-01  9.7643E-02
  3.5030E+02  2.4939E-01  9.7692E-02
  3.5061E+02  2.4930E-01  9.7741E-02
  3.5092E+02  2.4920E-01  9.7789E-02
  3.5123E+02  2.4911E-01  9.7838E-02
  3.5154E+02  2.4902E-01  9.7886E-02
  3.5185E+02  2.4892E-01  9.7934E-02
  3.5216E+02  2.4883E-01  9.7983E-02
  3.5247E+02  2.4874E-01  9.8031E-02
  3.5278E+02  2.4864E-01  9.8079E-02
  3.5309E+02  2.4855E-01  9.8127E-02
  3.5340E+02  2.4846E-01  9.8175E-02
  3.5371E+02  2.4836E-01  9.8223E-02
  3.5402E+02  2.4827E-01  9.8271E-02
  3.5433E+02  2.4818E-01  9.8319E-02
  3.5464E+02  2.4808E-01  9.8367E-02
  3.5495E+02  2.4799E-01  9.8414E-02
  3.5526E+02  2.4790E-01  9.8462E-02
  3.5557E+02  2.4780E-01  9.8510E-02
  3.5588E+02  2.4771E-01  9.8557E-02
  3.5619E+02  2.4761E-01  9.8605E-02
  3.5650E+02  2.4752E-01  9.8653E-02
  3.5681E+02  2.4743E-01  9.8700E-02
  3.5712E+02  2.4733E-01  9.8747E-02
  3.5743E+02  2.4724E-01  9.8795E-02
  3.5774E+02  2.4715E-01  9.8842E-02
  3.5805E+02  2.4705E-01  9.8889E-02
  3.5836E+02  2.4696E-01  9.8936E-02
  3.5867E+02  2.4687E-01  9.8984E-02
  3.5898E+02  2.4677E-01  9.9031E-02
  3.5929E+02  2.4668E-01  9.9078E-02
  3.5960E+02  2.4659E-01  9.9125E-02
  3.5991E+02  2.4649E-01  9.9171E-02
  3.6022E+02  2.4640E-01  9.9218E-02
  3.6053E+02  2.4631E-01  9.9265E-02
  3.6084E+02  2.4621E-01  9.9312E-02
  3.6115E+02  2.4612E-01  9.9359E-02
  3.6146E+02  2.4603E-01  9.9405E-02
  3.6177E+02  2.4593E-01  9.9452E-02
  3.6208E+02  2.4584E-01  9.9498E-02
  3.6239E+02  2.4575E-01  9.9545E-02
  3.6270E+02  2.4565E-01  9.9591E-02
  3.6301E+02  2.4556E-01  9.9638E-02
  3.6332E+02  2.4547E-01  9.9684E-02
  3.6363E+02  2.4537E-01  9.9730E-02
  3.6394E+02  2.4528E-01  9.9776E-02
  3.6425E+02  2.4519E-01  9.9823E-02
  3.6456E+02  2.4509E-01  9.9869E-02
  3.6487E+02  2.4500E-01  9.9915E-02
  3.6518E+02  2.4491E-01  9.9961E-02
  3.6549E+02  2.4481E-01  1.0001E-01
  3.6580E+02  2.4472E-01  1.0005E-01
  3.6611E+02  2.4463E-01  1.0010E-01
  3.6642E+02  2.4454E-01  1.0014E-01
  3.6673E+02  2.4444E-01  1.0019E-01
  3.6704E+02  2.4435E-01  1.0024E-01
  3.6735E+02  2.4426E-01  1.0028E-01
  3.6766E+02  2.4416E-01  1.0033E-01
  3.6797E+02  2.4407E-01  1.0037E-01
  3.6828E+02  2.4398E-01  1.0042E-01
  3.6859E+02  2.4388E-01  1.0046E-01
  3.6890E+02  2.4379E-01  1.0051E-01
  3.6921E+02  2.4370E-01  1.0055E-01
  3.6952E+02  2.4360E-01  1.0060E-01
  3.6983E+02  2.4351E-01  1.0064E-01
  3.7014E+02  2.4342E-01  1.0069E-01
  3.7045E+02  2.4333E-01  1.0074E-01
  3.7076E+02  2.4323E-01  1.0078E-01
  3.7107E+02  2.4314E-01  1.0083E-01
  3.7138E+02  2.4305E-01  1.0087E-01
  3.7169E+02  2.4295E-01  1.0092E-01
  3.7200E+02  2.4286E-01  1.0096E-01
  3.7231E+02  2.4277E-01  1.0101E-01
  3.7262E+02  2.4267E-01  1.0105E-01
  3.7293E+02  2.4258E-01  1.0109E-01
  3.7324E+02  2.4249E-01  1.0114E-01
  3.7355E+02  2.4240E-01  1.0118E-01
  3.7386E+02  2.4230E-01  1.0123E-01
  3.7417E+02  2.4221E-01  1.0127E-01
  3.7448E+02  2.4212E-01  1.0132E-01
  3.7479E+02  2.4203E-01  1.0136E-01
  3.7510E+02  2.4193E-01  1.0141E-01
  3.7541E+02  2.4184E-01  1.0145E-01
  3.7572E+02  2.4175E-01  1.0150E-01
  3.7603E+02  2.4165E-01  1.0154E-01
  3.7634E+02  2.4156E-01  1.0158E-01
  3.7665E+02  2.4147E-01  1.0163E-01
  3.7696E+02  2.4138E-01  1.0167E-01
  3.7727E+02  2.4128E-01  1.0172E-01
  3.7758E+02  2.4119E-01  1.0176E-01
  3.7789E+02  2.4110E-01  1.0181E-01
  3.7820E+02  2.4101E-01  1.0185E-01
  3.7851E+02  2.4091E-01  1.0189E-01
  3.7882E+02  2.4082E-01  1.0194E-01
  3.7913E+02  2.4073E-01  1.0198E-01
  3.7944E+02  2.4064E-01  1.0202E-01
  3.7975E+02  2.4054E-01  1.0207E-01
  3.8006E+02  2.4045E-01  1.0211E-01
  3.8037E+02  2.4036E-01  1.0216E-01
  3.8068E+02  2.4027E-01  1.0220E-01
  3.8099E+02  2.4017E-01  1.0224E-01
  3.8130E+02  2.4008E-01  1.0229E-01
  3.8161E+02  2.3999E-01  1.0233E-01
  3.8192E+02  2.3990E-01  1.0237E-01
  3.8223E+02  2.3981E-01  1.0242E-01
  3.8254E+02  2.3971E-01  1.0246E-01
  3.8285E+02  2.3962E-01  1.0250E-01
  3.8316E+02  2.3953E-01  1.0255E-01
  3.8347E+02  2.3944E-01  1.0259E-01
  3.8378E+02  2.3934E-01  1.0263E-01
  3.8409E+02  2.3925E-01  1.0268E-01
  3.8440E+02  2.3916E-01  1.0272E-01
  3.8471E+02  2.3907E-01  1.0276E-01
  3.8502E+02  2.3898E-01  1.0281E-01
  3.8533E+02  2.3888E-01  1.0285E-01
  3.8564E+02  2.3879E-01  1.0289E-01
  3.8595E+02  2.3870E-01  1.0293E-01
  3.8626E+02  2.3861E-01  1.0298E-01
  3.8657E+02  2.3852E-01  1.0302E-01
  3.8688E+02  2.3842E-01  1.0306E-01
  3.8719E+02  2.3833E-01  1.0310E-01
  3.8750E+02  2.3824E-01  1.0315E-01
  3.8781E+02  2.3815E-01  1.0319E-01
  3.8812E+02  2.3806E-01  1.0323E-01
  3.8843E+02  2.3796E-01  1.0327E-01
  3.8874E+02  2.3787E-01  1.0332E-01
  3.8905E+02  2.3778E-01  1.0336E-01
  3.8936E+02  2.3769E-01  1.0340E-01
  3.8967E+02  2.3760E-01  1.0344E-01
  3.8998E+02  2.3751E-01  1.0349E-01
  3.9029E+02  2.3741E-01  1.0353E-01
  3.9060E+02  2.3732E-01  1.0357E-01
  3.9091E+02  2.3723E-01  1.0361E-01
  3.9122E+02  2.3714E-01  1.0365E-01
  3.9153E+02  2.3705E-01  1.0370E-01
  3.9184E+02  2.3696E-01  1.0374E-01
  3.9215E+02  2.3686E-01  1.0378E-01
  3.9246E+02  2.3677E-01  1.0382E-01
  3.9277E+02  2.3668E-01  1.0386E-01
  3.9308E+02  2.3659E-01  1.0391E-01
  3.9339E+02  2.3650E-01  1.0395E-01
  3.9370E+02  2.3641E-01  1.0399E-01
  3.9401E+02  2.3631E-01  1.0403E-01
  3.9432E+02  2.3622E-01  1.0407E-01
  3.9463E+02  2.3613E-01  1.0411E-01
  3.9494E+02  2.3604E-01  1.0416E-01
  3.9525E+02  2.3595E-01  1.0420E-01
  3.9556E+02  2.3586E-01  1.0424E-01
  3.9587E+02  2.3577E-01  1.0428E-01
  3.9618E+02  2.3567E-01  1.0432E-01
  3.9649E+02  2.3558E-01  1.0436E-01
  3.9680E+02  2.3549E-01  1.0440E-01
  3.9711E+02  2.3540E-01  1.0444E-01
  3.9742E+02  2.3531E-01  1.0449E-01
  3.9773E+02  2.3522E-01  1.0453E-01
  3.9804E+02  2.3513E-01  1.0457E-01
  3.9835E+02  2.3504E-01  1.0461E-01
  3.9866E+02  2.3494E-01  1.0465E-01
  3.9897E+02  2.3485E-01  1.0469E-01
  3.9928E+02  2.3476E-01  1.0473E-01
  3.9959E+02  2.3467E-01  1.0477E-01
  3.9990E+02  2.3458E-01  1.0481E-01
  4.0021E+02  2.3449E-01  1.0485E-01
  4.0052E+02  2.3440E-01  1.0489E-01
  4.0083E+02  2.3431E-01  1.0494E-01
  4.0114E+02  2.3422E-01  1.0498E-01
  4.0145E+02  2.3412E-01  1.0502E-01
  4.0176E+02  2.3403E-01  1.0506E-01
  4.0207E+02  2.3394E-01  1.0510E-01
  4.0238E+02  2.3385E-01  1.0514E-01
  4.0269E+02  2.3376E-01  1.0518E-01
  4.0300E+02  2.3367E-01  1.0522E-01
  4.0331E+02  2.3358E-01  1.0526E-01
  4.0362E+02  2.3349E-01  1.0530E-01
  4.0393E+02  2.3340E-01  1.0534E-01
  4.0424E+02  2.3331E-01  1.0538E-01
  4.0455E+02  2.3322E-01  1.0542E-01
  4.0486E+02  2.3312E-01  1.0546E-01
  4.0517E+02  2.3303E-01  1.0550E-01
  4.0548E+02  2.3294E-01  1.0554E-01
  4.0579E+02  2.3285E-01  1.0558E-01
  4.0610E+02  2.3276E-01  1.0562E-01
  4.0641E+02  2.3267E-01  1.0566E-01
  4.0672E+02  2.3258E-01  1.0570E-01
  4.0703E+02  2.3249E-01  1.0574E-01
  4.0734E+02  2.3240E-01  1.0578E-01
  4.0765E+02  2.3231E-01  1.0582E-01
  4.0796E+02  2.3222E-01  1.0586E-01
  4.0827E+02  2.3213E-01  1.0590E-01
  4.0858E+02  2.3204E-01  1.0594E-01
  4.0889E+02  2.3195E-01  1.0598E-01
  4.0920E+02  2.3186E-01  1.0601E-01
  4.0951E+02  2.3176E-01  1.0605E-01
  4.0982E+02  2.3167E-01  1.0609E-01
  4.1013E+02  2.3158E-01  1.0613E-01
  4.1044E+02  2.3149E-01  1.0617E-01
  4.1075E+02  2.3140E-01  1.0621E-01
  4.1106E+02  2.3131E-01  1.0625E-01
  4.1137E+02  2.3122E-01  1.0629E-01
  4.1168E+02  2.3113E-01  1.0633E-01
  4.1199E+02  2.3104E-01  1.0637E-01
  4.1230E+02  2.3095E-01  1.0641E-01
  4.1261E+02  2.3086E-01  1.0645E-01
  4.1292E+02  2.3077E-01  1.0648E-01
  4.1323E+02  2.3068E-01  1.0652E-01
  4.1354E+02  2.3059E-01  1.0656E-01
  4.1385E+02  2.3050E-01  1.0660E-01
  4.1416E+02  2.3041E-01  1.0664E-01
  4.1447E+02  2.3032E-01  1.0668E-01
  4.1478E+02  2.3023E-01  1.0672E-01
  4.1509E+02  2.3014E-01  1.0675E-01
  4.1540E+02  2.3005E-01  1.0679E-01
  4.1571E+02  2.2996E-01  1.0683E-01
  4.1602E+02  2.2987E-01  1.0687E-01
  4.1633E+02  2.2978E-01  1.0691E-01
  4.1664E+02  2.2969E-01  1.0695E-01
  4.1695E+02  2.2960E-01  1.0698E-01
  4.1726E+02  2.2951E-01  1.0702E-01
  4.1757E+02  2.2942E-01  1.0706E-01
  4.1788E+02  2.2933E-01  1.0710E-01
  4.1819E+02  2.2924E-01  1.0714E-01
  4.1850E+02  2.2915E-01  1.0718E-01
  4.1881E+02  2.2906E-01  1.0721E-01
  4.1912E+02  2.2897E-01  1.0725E-01
  4.1943E+02  2.2888E-01  1.0729E-01
  4.1974E+02  2.2879E-01  1.0733E-01
  4.2005E+02  2.2870E-01  1.0736E-01
  4.2036E+02  2.2861E-01  1.0740E-01
  4.2067E+02  2.2852E-01  1.0744E-01
  4.2098E+02  2.2843E-01  1.0748E-01
  4.2129E+02  2.2834E-01  1.0752E-01
  4.2160E+02  2.2825E-01  1.0755E-01
  4.2191E+02  2.2816E-01  1.0759E-01
  4.2222E+02  2.2807E-01  1.0763E-01
  4.2253E+02  2.2798E-01  1.0767E-01
  4.2284E+02  2.2789E-01  1.0770E-01
  4.2315E+02  2.2780E-01  1.0774E-01
  4.2346E+02  2.2771E-01  1.0778E-01
  4.2377E+02  2.2762E-01  1.0781E-01
  4.2408E+02  2.2753E-01  1.0785E-01
  4.2439E+02  2.2744E-01  1.0789E-01
  4.2470E+02  2.2735E-01  1.0793E-01
  4.2501E+02  2.2726E-01  1.0796E-01
  4.2532E+02  2.2717E-01  1.0800E-01
  4.2563E+02  2.2708E-01  1.0804E-01
  4.2594E+02  2.2699E-01  1.0807E-01
  4.2625E+02  2.2690E-01  1.0811E-01
  4.2656E+02  2.2681E-01  1.0815E-01
  4.2687E+02  2.2672E-01  1.0818E-01
  4.2718E+02  2.2663E-01  1.0822E-01
  4.2749E+02  2.2654E-01  1.0826E-01
  4.2780E+02  2.2645E-01  1.0830E-01
  4.2811E+02  2.2636E-01  1.0833E-01
  4.2842E+02  2.2627E-01  1.0837E-01
  4.2873E+02  2.2618E-01  1.0840E-01
  4.2904E+02  2.2609E-01  1.0844E-01
  4.2935E+02  2.2600E-01  1.0848E-01
  4.2966E+02  2.2591E-01  1.0851E-01
  4.2997E+02  2.2582E-01  1.0855E-01
  4.3028E+02  2.2574E-01  1.0859E-01
  4.3059E+02  2.2565E-01  1.0862E-01
  4.3090E+02  2.2556E-01  1.0866E-01
  4.3121E+02  2.2547E-01  1.0870E-01
  4.3152E+02  2.2538E-01  1.0873E-01
  4.3183E+02  2.2529E-01  1.0877E-01
  4.3214E+02  2.2520E-01  1.0880E-01
  4.3245E+02  2.2511E-01  1.0884E-01
  4.3276E+02  2.2502E-01  1.0888E-01
  4.3307E+02  2.2493E-01  1.0891E-01
  4.3338E+02  2.2484E-01  1.0895E-01
  4.3369E+02  2.2475E-01  1.0898E-01
  4.3400E+02  2.2466E-01  1.0902E-01
  4.3431E+02  2.2457E-01  1.0905E-01
  4.3462E+02  2.2448E-01  1.0909E-01
  4.3493E+02  2.2439E-01  1.0913E-01
  4.3524E+02  2.2431E-01  1.0916E-01
  4.3555E+02  2.2422E-01  1.0920E-01
  4.3586E+02  2.2413E-01  1.0923E-01
  4.3617E+02  2.2404E-01  1.0927E-01
  4.3648E+02  2.2395E-01  1.0930E-01
  4.3679E+02  2.2386E-01  1.0934E-01
  4.3710E+02  2.2377E-01  1.0937E-01
  4.3741E+02  2.2368E-01  1.0941E-01
  4.3772E+02  2.2359E-01  1.0944E-01
  4.3803E+02  2.2350E-01  1.0948E-01
  4.3834E+02  2.2341E-01  1.0951E-01
  4.3865E+02  2.2333E-01  1.0955E-01
  4.3896E+02  2.2324E-01  1.0958E-01
  4.3927E+02  2.2315E-01  1.0962E-01
  4.3958E+02  2.2306E-01  1.0965E-01
  4.3989E+02  2.2297E-01  1.0969E-01
  4.4020E+02  2.2288E-01  1.0972E-01
  4.4051E+02  2.2279E-01  1.0976E-01
  4.4082E+02  2.2270E-01  1.0979E-01
  4.4113E+02  2.2261E-01  1.0983E-01
  4.4144E+02  2.2252E-01  1.0986E-01
  4.4175E+02  2.2244E-01  1.0990E-01
  4.4206E+02  2.2235E-01  1.0993E-01
  4.4237E+02  2.2226E-01  1.0997E-01
  4.4268E+02  2.2217E-01  1.1000E-01
  4.4299E+02  2.2208E-01  1.1004E-01
  4.4330E+02  2.2199E-01  1.1007E-01
  4.4361E+02  2.2190E-01  1.1011E-01
  4.4392E+02  2.2181E-01  1.1014E-01
  4.4423E+02  2.2173E-01  1.1017E-01
  4.4454E+02  2.2164E-01  1.1021E-01
  4.4485E+02  2.2155E-01  1.1024E-01
  4.4516E+02  2.2146E-01  1.1028E-01
  4.4547E+02  2.2137E-01  1.1031E-01
  4.4578E+02  2.2128E-01  1.1034E-01
  4.4609E+02  2.2119E-01  1.1038E-01
  4.4640E+02  2.2110E-01  1.1041E-01
  4.4671E+02  2.2102E-01  1.1045E-01
  4.4702E+02  2.2093E-01  1.1048E-01
  4.4733E+02  2.2084E-01  1.1051E-01
  4.4764E+02  2.2075E-01  1.1055E-01
  4.4795E+02  2.2066E-01  1.1058E-01
  4.4826E+02  2.2057E-01  1.1062E-01
  4.4857E+02  2.2048E-01  1.1065E-01
  4.4888E+02  2.2040E-01  1.1068E-01
  4.4919E+02  2.2031E-01  1.1072E-01
  4.4950E+02  2.2022E-01  1.1075E-01
  4.4981E+02  2.2013E-01  1.1078E-01
  4.5012E+02  2.2004E-01  1.1082E-01
  4.5043E+02  2.1995E-01  1.1085E-01
  4.5074E+02  2.1987E-01  1.1088E-01
  4.5105E+02  2.1978E-01  1.1092E-01
  4.5136E+02  2.1969E-01  1.1095E-01
  4.5167E+02  2.1960E-01  1.1098E-01
  4.5198E+02  2.1951E-01  1.1102E-01
  4.5229E+02  2.1942E-01  1.1105E-01
  4.5260E+02  2.1934E-01  1.1108E-01
  4.5291E+02  2.1925E-01  1.1112E-01
  4.5322E+02  2.1916E-01  1.1115E-01
  4.5353E+02  2.1907E-01  1.1118E-01
  4.5384E+02  2.1898E-01  1.1121E-01
  4.5415E+02  2.1889E-01  1.1125E-01
  4.5446E+02  2.1881E-01  1.1128E-01
  4.5477E+02  2.1872E-01  1.1131E-01
  4.5508E+02  2.1863E-01  1.1135E-01
  4.5539E+02  2.1854E-01  1.1138E-01
  4.5570E+02  2.1845E-01  1.1141E-01
  4.5601E+02  2.1837E-01  1.1144E-01
  4.5632E+02  2.1828E-01  1.1148E-01
  4.5663E+02  2.1819E-01  1.1151E-01
  4.5694E+02  2.1810E-01  1.1154E-01
  4.5725E+02  2.1801E-01  1.1157E-01
  4.5756E+02  2.1792E-01  1.1161E-01
  4.5787E+02  2.1784E-01  1.1164E-01
  4.5818E+02  2.1775E-01  1.1167E-01
  4.5849E+02  2.1766E-01  1.1170E-01
  4.5880E+02  2.1757E-01  1.1174E-01
  4.5911E+02  2.1748E-01  1.1177E-01
  4.5942E+02  2.1740E-01  1.1180E-01
  4.5973E+02  2.1731E-01  1.1183E-01
  4.6004E+02  2.1722E-01  1.1186E-01
  4.6035E+02  2.1713E-01  1.1190E-01
  4.6066E+02  2.1705E-01  1.1193E-01
  4.6097E+02  2.1696E-01  1.1196E-01
  4.6128E+02  2.1687E-01  1.1199E-01
  4.6159E+02  2.1678E-01  1.1202E-01
  4.6190E+02  2.1669E-01  1.1206E-01
  4.6221E+02  2.1661E-01  1.1209E-01
  4.6252E+02  2.1652E-01  1.1212E-01
  4.6283E+02  2.1643E-01  1.1215E-01
  4.6314E+02  2.1634E-01  1.1218E-01
  4.6345E+02  2.1626E-01  1.1221E-01
  4.6376E+02  2.1617E-01  1.1225E-01
  4.6407E+02  2.1608E-01  1.1228E-01
  4.6438E+02  2.1599E-01  1.1231E-01
  4.6469E+02  2.1590E-01  1.1234E-01
  4.6500E+02  2.1582E-01  1.1237E-01
  4.6531E+02  2.1573E-01  1.1240E-01
  4.6562E+02  2.1564E-01  1.1243E-01
  4.6593E+02  2.1555E-01  1.1246E-01
  4.6624E+02  2.1547E-01  1.1250E-01
  4.6655E+02  2.1538E-01  1.1253E-01
  4.6686E+02  2.1529E-01  1.1256E-01
  4.6717E+02  2.1520E-01  1.1259E-01
  4.6748E+02  2.1512E-01  1.1262E-01
  4.6779E+02  2.1503E-01  1.1265E-01
  4.6810E+02  2.1494E-01  1.1268E-01
  4.6841E+02  2.1485E-01  1.1271E-01
  4.6872E+02  2.1477E-01  1.1274E-01
  4.6903E+02  2.1468E-01  1.1277E-01
  4.6934E+02  2.1459E-01  1.1281E-01
  4.6965E+02  2.1450E-01  1.1284E-01
  4.6996E+02  2.1442E-01  1.1287E-01
  4.7027E+02  2.1433E-01  1.1290E-01
  4.7058E+02  2.1424E-01  1.1293E-01
  4.7089E+02  2.1416E-01  1.1296E-01
  4.7120E+02  2.1407E-01  1.1299E-01
  4.7151E+02  2.1398E-01  1.1302E-01
  4.7182E+02  2.1389E-01  1.1305E-01
  4.7213E+02  2.1381E-01  1.1308E-01
  4.7244E+02  2.1372E-01  1.1311E-01
  4.7275E+02  2.1363E-01  1.1314E-01
  4.7306E+02  2.1354E-01  1.1317E-01
  4.7337E+02  2.1346E-01  1.1320E-01
  4.7368E+02  2.1337E-01  1.1323E-01
  4.7399E+02  2.1328E-01  1.1326E-01
  4.7430E+02  2.1320E-01  1.1329E-01
  4.7461E+02  2.1311E-01  1.1332E-01
  4.7492E+02  2.1302E-01  1.1335E-01
  4.7523E+02  2.1293E-01  1.1338E-01
  4.7554E+02  2.1285E-01  1.1341E-01
  4.7585E+02  2.1276E-01  1.1344E-01
  4.7616E+02  2.1267E-01  1.1347E-01
  4.7647E+02  2.1259E-01  1.1350E-01
  4.7678E+02  2.1250E-01  1.1353E-01
  4.7709E+02  2.1241E-01  1.1356E-01
  4.7740E+02  2.1233E-01  1.1359E-01
  4.7771E+02  2.1224E-01  1.1362E-01
  4.7802E+02  2.1215E-01  1.1365E-01
  4.7833E+02  2.1207E-01  1.1368E-01
  4.7864E+02  2.1198E-01  1.1371E-01
  4.7895E+02  2.1189E-01  1.1374E-01
  4.7926E+02  2.1180E-01  1.1377E-01
  4.7957E+02  2.1172E-01  1.1380E-01
  4.7988E+02  2.1163E-01  1.1383E-01
  4.8019E+02  2.1154E-01  1.1386E-01
  4.8050E+02  2.1146E-01  1.1389E-01
  4.8081E+02  2.1137E-01  1.1392E-01
  4.8112E+02  2.1128E-01  1.1394E-01
  4.8143E+02  2.1120E-01  1.1397E-01
  4.8174E+02  2.1111E-01  1.1400E-01
  4.8205E+02  2.1102E-01  1.1403E-01
  4.8236E+02  2.1094E-01  1.1406E-01
  4.8267E+02  2.1085E-01  1.1409E-01
  4.8298E+02  2.1076E-01  1.1412E-01
  4.8329E+02  2.1068E-01  1.1415E-01
  4.8360E+02  2.1059E-01  1.1418E-01
  4.8391E+02  2.1051E-01  1.1421E-01
  4.8422E+02  2.1042E-01  1.1423E-01
  4.8453E+02  2.1033E-01  1.1426E-01
  4.8484E+02  2.1025E-01  1.1429E-01
  4.8515E+02  2.1016E-01  1.1432E-01
  4.8546E+02  2.1007E-01  1.1435E-01
  4.8577E+02  2.0999E-01  1.1438E-01
  4.8608E+02  2.0990E-01  1.1441E-01
  4.8639E+02  2.0981E-01  1.1443E-01
  4.8670E+02  2.0973E-01  1.1446E-01
  4.8701E+02  2.0964E-01  1.1449E-01
  4.8732E+02  2.0955E-01  1.1452E-01
  4.8763E+02  2.0947E-01  1.1455E-01
  4.8794E+02  2.0938E-01  1.1458E-01
  4.8825E+02  2.0930E-01  1.1461E-01
  4.8856E+02  2.0921E-01  1.1463E-01
  4.8887E+02  2.0912E-01  1.1466E-01
  4.8918E+02  2.0904E-01  1.1469E-01
  4.8949E+02  2.0895E-01  1.1472E-01
  4.8980E+02  2.0886E-01  1.1475E-01
  4.9011E+02  2.0878E-01  1.1477E-01
  4.9042E+02  2.0869E-01  1.1480E-01
  4.9073E+02  2.0861E-01  1.1483E-01
  4.9104E+02  2.0852E-01  1.1486E-01
  4.9135E+02  2.0843E-01  1.1489E-01
  4.9166E+02  2.0835E-01  1.1491E-01
  4.9197E+02  2.0826E-01  1.1494E-01
  4.9228E+02  2.0818E-01  1.1497E-01
  4.9259E+02  2.0809E-01  1.1500E-01
  4.9290E+02  2.0800E-01  1.1502E-01
  4.9321E+02  2.0792E-01  1.1505E-01
  4.9352E+02  2.0783E-01  1.1508E-01
  4.9383E+02  2.0775E-01  1.1511E-01
  4.9414E+02  2.0766E-01  1.1513E-01
  4.9445E+02  2.0757E-01  1.1516E-01
  4.9476E+02  2.0749E-01  1.1519E-01
  4.9507E+02  2.0740E-01  1.1522E-01
  4.9538E+02  2.0732E-01  1.1524E-01
  4.9569E+02  2.0723E-01  1.1527E-01
  4.9600E+02  2.0715E-01  1.1530E-01
  4.9631E+02  2.0706E-01  1.1533E-01
  4.9662E+02  2.0697E-01  1.1535E-01
  4.9693E+02  2.0689E-01  1.1538E-01
  4.9724E+02  2.0680E-01  1.1541E-01
  4.9755E+02  2.0672E-01  1.1544E-01
  4.9786E+02  2.0663E-01  1.1546E-01
  4.9817E+02  2.0655E-01  1.1549E-01
  4.9848E+02  2.0646E-01  1.1552E-01
  4.9879E+02  2.0637E-01  1.1554E-01
  4.9910E+02  2.0629E-01  1.1557E-01
  4.9941E+02  2.0620E-01  1.1560E-01
  4.9972E+02  2.0612E-01  1.1562E-01
  5.0000E+02  2.0604E-01  1.1565E-01
