# CREATED BY GENE DIAGNOSTICS TOOL on Mon Jun 25 12:42:32 2018
# diag: GAMDIAG, run(s): 0056, time window: 0-500(1574 steps), species: ions
# original data path: /r/c/cmor/ZF_3rd/w7xhms05/1.5047-2.5/
# normalization: L_ref=5.4832m
#
# xind= 0, x/a= 0.70710677, q= 1.1018624
# Fit:    0.99989836,0.28569561,10.600282
# Analytic (Gao, Zhou/Yu): 0.32199362,-0.044107863,10.600343
#  t          Re[phi]     Im[phi]   
  0.0000E+00  9.9998E-01  0.0000E+00
  3.1800E-01  9.9357E-01  8.0755E-04
  6.3600E-01  9.7594E-01  1.5884E-03
  9.5400E-01  9.5039E-01  2.3498E-03
  1.2720E+00  9.2023E-01  3.0974E-03
  1.5900E+00  8.8810E-01  3.8412E-03
  1.9080E+00  8.5583E-01  4.5896E-03
  2.2260E+00  8.2462E-01  5.3357E-03
  2.5440E+00  7.9513E-01  6.0592E-03
  2.8620E+00  7.6770E-01  6.7340E-03
  3.1800E+00  7.4243E-01  7.3365E-03
  3.4980E+00  7.1924E-01  7.8504E-03
  3.8160E+00  6.9799E-01  8.2680E-03
  4.1340E+00  6.7847E-01  8.5896E-03
  4.4520E+00  6.6046E-01  8.8212E-03
  4.7700E+00  6.4377E-01  8.9735E-03
  5.0880E+00  6.2824E-01  9.0597E-03
  5.4060E+00  6.1373E-01  9.0951E-03
  5.7240E+00  6.0016E-01  9.0955E-03
  6.0420E+00  5.8744E-01  9.0760E-03
  6.3600E+00  5.7553E-01  9.0523E-03
  6.6780E+00  5.6438E-01  9.0358E-03
  6.9960E+00  5.5393E-01  9.0358E-03
  7.3140E+00  5.4416E-01  9.0630E-03
  7.6320E+00  5.3500E-01  9.1157E-03
  7.9500E+00  5.2639E-01  9.1950E-03
  8.2680E+00  5.1831E-01  9.3079E-03
  8.5860E+00  5.1068E-01  9.4455E-03
  8.9040E+00  5.0346E-01  9.5978E-03
  9.2220E+00  4.9661E-01  9.7666E-03
  9.5400E+00  4.9008E-01  9.9496E-03
  9.8580E+00  4.8383E-01  1.0142E-02
  1.0176E+01  4.7784E-01  1.0340E-02
  1.0494E+01  4.7209E-01  1.0537E-02
  1.0812E+01  4.6654E-01  1.0726E-02
  1.1130E+01  4.6117E-01  1.0902E-02
  1.1448E+01  4.5598E-01  1.1059E-02
  1.1766E+01  4.5097E-01  1.1194E-02
  1.2084E+01  4.4613E-01  1.1302E-02
  1.2402E+01  4.4142E-01  1.1380E-02
  1.2720E+01  4.3683E-01  1.1426E-02
  1.3038E+01  4.3233E-01  1.1440E-02
  1.3356E+01  4.2798E-01  1.1430E-02
  1.3674E+01  4.2379E-01  1.1401E-02
  1.3992E+01  4.1977E-01  1.1353E-02
  1.4310E+01  4.1586E-01  1.1281E-02
  1.4628E+01  4.1205E-01  1.1183E-02
  1.4946E+01  4.0831E-01  1.1061E-02
  1.5264E+01  4.0465E-01  1.0921E-02
  1.5582E+01  4.0109E-01  1.0768E-02
  1.5900E+01  3.9762E-01  1.0610E-02
  1.6218E+01  3.9424E-01  1.0452E-02
  1.6536E+01  3.9095E-01  1.0295E-02
  1.6854E+01  3.8770E-01  1.0133E-02
  1.7172E+01  3.8449E-01  9.9604E-03
  1.7490E+01  3.8132E-01  9.7764E-03
  1.7808E+01  3.7820E-01  9.5872E-03
  1.8126E+01  3.7514E-01  9.3952E-03
  1.8444E+01  3.7216E-01  9.1986E-03
  1.8762E+01  3.6927E-01  8.9964E-03
  1.9080E+01  3.6652E-01  8.7955E-03
  1.9398E+01  3.6390E-01  8.6114E-03
  1.9716E+01  3.6145E-01  8.4602E-03
  2.0034E+01  3.5913E-01  8.3457E-03
  2.0352E+01  3.5692E-01  8.2564E-03
  2.0670E+01  3.5479E-01  8.1714E-03
  2.0988E+01  3.5273E-01  8.0733E-03
  2.1306E+01  3.5079E-01  7.9581E-03
  2.1624E+01  3.4902E-01  7.8381E-03
  2.1942E+01  3.4749E-01  7.7335E-03
  2.2260E+01  3.4622E-01  7.6618E-03
  2.2578E+01  3.4516E-01  7.6281E-03
  2.2896E+01  3.4424E-01  7.6211E-03
  2.3214E+01  3.4335E-01  7.6199E-03
  2.3532E+01  3.4246E-01  7.6085E-03
  2.3850E+01  3.4159E-01  7.5865E-03
  2.4168E+01  3.4082E-01  7.5682E-03
  2.4486E+01  3.4027E-01  7.5793E-03
  2.4804E+01  3.4001E-01  7.6495E-03
  2.5122E+01  3.4007E-01  7.7982E-03
  2.5440E+01  3.4036E-01  8.0195E-03
  2.5758E+01  3.4072E-01  8.2817E-03
  2.6076E+01  3.4096E-01  8.5431E-03
  2.6394E+01  3.4094E-01  8.7687E-03
  2.6712E+01  3.4059E-01  8.9372E-03
  2.7030E+01  3.3994E-01  9.0459E-03
  2.7348E+01  3.3911E-01  9.1177E-03
  2.7666E+01  3.3830E-01  9.2005E-03
  2.7984E+01  3.3774E-01  9.3495E-03
  2.8302E+01  3.3759E-01  9.5990E-03
  2.8620E+01  3.3789E-01  9.9481E-03
  2.8938E+01  3.3859E-01  1.0367E-02
  2.9256E+01  3.3955E-01  1.0817E-02
  2.9574E+01  3.4066E-01  1.1258E-02
  2.9892E+01  3.4177E-01  1.1662E-02
  3.0210E+01  3.4274E-01  1.2010E-02
  3.0528E+01  3.4350E-01  1.2300E-02
  3.0846E+01  3.4405E-01  1.2545E-02
  3.1164E+01  3.4444E-01  1.2773E-02
  3.1482E+01  3.4480E-01  1.3015E-02
  3.1800E+01  3.4522E-01  1.3286E-02
  3.2118E+01  3.4576E-01  1.3590E-02
  3.2436E+01  3.4645E-01  1.3919E-02
  3.2754E+01  3.4732E-01  1.4266E-02
  3.3072E+01  3.4836E-01  1.4625E-02
  3.3390E+01  3.4955E-01  1.4988E-02
  3.3708E+01  3.5086E-01  1.5344E-02
  3.4026E+01  3.5218E-01  1.5674E-02
  3.4344E+01  3.5341E-01  1.5963E-02
  3.4662E+01  3.5449E-01  1.6201E-02
  3.4980E+01  3.5542E-01  1.6396E-02
  3.5298E+01  3.5627E-01  1.6570E-02
  3.5616E+01  3.5716E-01  1.6752E-02
  3.5934E+01  3.5820E-01  1.6971E-02
  3.6252E+01  3.5947E-01  1.7244E-02
  3.6570E+01  3.6099E-01  1.7579E-02
  3.6888E+01  3.6274E-01  1.7968E-02
  3.7206E+01  3.6464E-01  1.8399E-02
  3.7524E+01  3.6664E-01  1.8854E-02
  3.7842E+01  3.6868E-01  1.9316E-02
  3.8160E+01  3.7071E-01  1.9772E-02
  3.8478E+01  3.7268E-01  2.0211E-02
  3.8796E+01  3.7453E-01  2.0620E-02
  3.9114E+01  3.7615E-01  2.0982E-02
  3.9432E+01  3.7746E-01  2.1273E-02
  3.9750E+01  3.7836E-01  2.1470E-02
  4.0068E+01  3.7879E-01  2.1560E-02
  4.0386E+01  3.7878E-01  2.1549E-02
  4.0704E+01  3.7840E-01  2.1460E-02
  4.1022E+01  3.7776E-01  2.1331E-02
  4.1340E+01  3.7701E-01  2.1200E-02
  4.1658E+01  3.7629E-01  2.1101E-02
  4.1976E+01  3.7575E-01  2.1061E-02
  4.2294E+01  3.7547E-01  2.1098E-02
  4.2612E+01  3.7552E-01  2.1217E-02
  4.2930E+01  3.7591E-01  2.1409E-02
  4.3248E+01  3.7661E-01  2.1656E-02
  4.3566E+01  3.7757E-01  2.1937E-02
  4.3884E+01  3.7871E-01  2.2230E-02
  4.4202E+01  3.7996E-01  2.2517E-02
  4.4520E+01  3.8126E-01  2.2786E-02
  4.4838E+01  3.8254E-01  2.3030E-02
  4.5156E+01  3.8378E-01  2.3248E-02
  4.5474E+01  3.8491E-01  2.3437E-02
  4.5792E+01  3.8592E-01  2.3597E-02
  4.6110E+01  3.8677E-01  2.3720E-02
  4.6428E+01  3.8741E-01  2.3805E-02
  4.6746E+01  3.8784E-01  2.3852E-02
  4.7064E+01  3.8807E-01  2.3867E-02
  4.7382E+01  3.8809E-01  2.3854E-02
  4.7700E+01  3.8794E-01  2.3814E-02
  4.8018E+01  3.8765E-01  2.3754E-02
  4.8336E+01  3.8725E-01  2.3682E-02
  4.8654E+01  3.8677E-01  2.3606E-02
  4.8972E+01  3.8625E-01  2.3529E-02
  4.9290E+01  3.8570E-01  2.3450E-02
  4.9608E+01  3.8513E-01  2.3362E-02
  4.9926E+01  3.8458E-01  2.3265E-02
  5.0244E+01  3.8408E-01  2.3165E-02
  5.0562E+01  3.8369E-01  2.3079E-02
  5.0880E+01  3.8344E-01  2.3027E-02
  5.1198E+01  3.8339E-01  2.3024E-02
  5.1516E+01  3.8354E-01  2.3080E-02
  5.1834E+01  3.8387E-01  2.3196E-02
  5.2152E+01  3.8435E-01  2.3366E-02
  5.2470E+01  3.8493E-01  2.3573E-02
  5.2788E+01  3.8555E-01  2.3791E-02
  5.3106E+01  3.8616E-01  2.3991E-02
  5.3424E+01  3.8672E-01  2.4153E-02
  5.3742E+01  3.8723E-01  2.4274E-02
  5.4060E+01  3.8769E-01  2.4364E-02
  5.4378E+01  3.8813E-01  2.4445E-02
  5.4696E+01  3.8860E-01  2.4541E-02
  5.5014E+01  3.8911E-01  2.4668E-02
  5.5332E+01  3.8967E-01  2.4830E-02
  5.5650E+01  3.9027E-01  2.5019E-02
  5.5968E+01  3.9087E-01  2.5222E-02
  5.6286E+01  3.9147E-01  2.5430E-02
  5.6604E+01  3.9202E-01  2.5640E-02
  5.6922E+01  3.9250E-01  2.5851E-02
  5.7240E+01  3.9289E-01  2.6065E-02
  5.7558E+01  3.9316E-01  2.6279E-02
  5.7876E+01  3.9330E-01  2.6492E-02
  5.8194E+01  3.9329E-01  2.6701E-02
  5.8512E+01  3.9314E-01  2.6904E-02
  5.8830E+01  3.9285E-01  2.7099E-02
  5.9148E+01  3.9243E-01  2.7280E-02
  5.9466E+01  3.9187E-01  2.7441E-02
  5.9784E+01  3.9119E-01  2.7574E-02
  6.0102E+01  3.9039E-01  2.7671E-02
  6.0420E+01  3.8950E-01  2.7730E-02
  6.0738E+01  3.8852E-01  2.7752E-02
  6.1056E+01  3.8750E-01  2.7745E-02
  6.1374E+01  3.8647E-01  2.7723E-02
  6.1692E+01  3.8547E-01  2.7700E-02
  6.2010E+01  3.8452E-01  2.7686E-02
  6.2328E+01  3.8366E-01  2.7686E-02
  6.2646E+01  3.8288E-01  2.7698E-02
  6.2964E+01  3.8219E-01  2.7717E-02
  6.3282E+01  3.8158E-01  2.7738E-02
  6.3600E+01  3.8105E-01  2.7760E-02
  6.3918E+01  3.8061E-01  2.7786E-02
  6.4236E+01  3.8025E-01  2.7818E-02
  6.4554E+01  3.7997E-01  2.7862E-02
  6.4872E+01  3.7976E-01  2.7922E-02
  6.5190E+01  3.7962E-01  2.8003E-02
  6.5508E+01  3.7955E-01  2.8109E-02
  6.5826E+01  3.7952E-01  2.8244E-02
  6.6144E+01  3.7955E-01  2.8402E-02
  6.6462E+01  3.7960E-01  2.8574E-02
  6.6780E+01  3.7967E-01  2.8750E-02
  6.7098E+01  3.7974E-01  2.8921E-02
  6.7416E+01  3.7980E-01  2.9086E-02
  6.7734E+01  3.7987E-01  2.9248E-02
  6.8052E+01  3.7993E-01  2.9410E-02
  6.8370E+01  3.8000E-01  2.9575E-02
  6.8688E+01  3.8005E-01  2.9744E-02
  6.9006E+01  3.8010E-01  2.9916E-02
  6.9324E+01  3.8014E-01  3.0092E-02
  6.9642E+01  3.8017E-01  3.0270E-02
  6.9960E+01  3.8019E-01  3.0449E-02
  7.0278E+01  3.8020E-01  3.0626E-02
  7.0596E+01  3.8021E-01  3.0800E-02
  7.0914E+01  3.8021E-01  3.0966E-02
  7.1232E+01  3.8019E-01  3.1122E-02
  7.1550E+01  3.8014E-01  3.1264E-02
  7.1868E+01  3.8006E-01  3.1391E-02
  7.2186E+01  3.7994E-01  3.1507E-02
  7.2504E+01  3.7979E-01  3.1618E-02
  7.2822E+01  3.7962E-01  3.1729E-02
  7.3140E+01  3.7943E-01  3.1843E-02
  7.3458E+01  3.7922E-01  3.1959E-02
  7.3776E+01  3.7899E-01  3.2070E-02
  7.4094E+01  3.7875E-01  3.2174E-02
  7.4412E+01  3.7850E-01  3.2268E-02
  7.4730E+01  3.7824E-01  3.2354E-02
  7.5048E+01  3.7798E-01  3.2438E-02
  7.5366E+01  3.7774E-01  3.2528E-02
  7.5684E+01  3.7752E-01  3.2632E-02
  7.6002E+01  3.7733E-01  3.2756E-02
  7.6320E+01  3.7717E-01  3.2902E-02
  7.6638E+01  3.7706E-01  3.3073E-02
  7.6956E+01  3.7698E-01  3.3268E-02
  7.7274E+01  3.7694E-01  3.3486E-02
  7.7592E+01  3.7693E-01  3.3724E-02
  7.7910E+01  3.7693E-01  3.3976E-02
  7.8228E+01  3.7694E-01  3.4233E-02
  7.8546E+01  3.7692E-01  3.4485E-02
  7.8864E+01  3.7688E-01  3.4721E-02
  7.9182E+01  3.7678E-01  3.4930E-02
  7.9500E+01  3.7661E-01  3.5102E-02
  7.9818E+01  3.7636E-01  3.5226E-02
  8.0136E+01  3.7603E-01  3.5298E-02
  8.0454E+01  3.7563E-01  3.5323E-02
  8.0772E+01  3.7519E-01  3.5314E-02
  8.1090E+01  3.7473E-01  3.5294E-02
  8.1408E+01  3.7430E-01  3.5283E-02
  8.1726E+01  3.7393E-01  3.5302E-02
  8.2044E+01  3.7364E-01  3.5361E-02
  8.2362E+01  3.7344E-01  3.5465E-02
  8.2680E+01  3.7333E-01  3.5611E-02
  8.2998E+01  3.7330E-01  3.5790E-02
  8.3316E+01  3.7334E-01  3.5991E-02
  8.3634E+01  3.7341E-01  3.6201E-02
  8.3952E+01  3.7349E-01  3.6410E-02
  8.4270E+01  3.7355E-01  3.6607E-02
  8.4588E+01  3.7359E-01  3.6787E-02
  8.4906E+01  3.7358E-01  3.6948E-02
  8.5224E+01  3.7353E-01  3.7091E-02
  8.5542E+01  3.7345E-01  3.7219E-02
  8.5860E+01  3.7333E-01  3.7337E-02
  8.6178E+01  3.7320E-01  3.7447E-02
  8.6496E+01  3.7305E-01  3.7556E-02
  8.6814E+01  3.7290E-01  3.7669E-02
  8.7132E+01  3.7276E-01  3.7792E-02
  8.7450E+01  3.7263E-01  3.7929E-02
  8.7768E+01  3.7253E-01  3.8081E-02
  8.8086E+01  3.7246E-01  3.8248E-02
  8.8404E+01  3.7241E-01  3.8429E-02
  8.8722E+01  3.7239E-01  3.8621E-02
  8.9040E+01  3.7238E-01  3.8822E-02
  8.9358E+01  3.7239E-01  3.9026E-02
  8.9676E+01  3.7240E-01  3.9227E-02
  8.9994E+01  3.7242E-01  3.9419E-02
  9.0312E+01  3.7243E-01  3.9597E-02
  9.0630E+01  3.7244E-01  3.9762E-02
  9.0948E+01  3.7246E-01  3.9917E-02
  9.1266E+01  3.7247E-01  4.0066E-02
  9.1584E+01  3.7248E-01  4.0214E-02
  9.1902E+01  3.7251E-01  4.0365E-02
  9.2220E+01  3.7253E-01  4.0520E-02
  9.2538E+01  3.7257E-01  4.0679E-02
  9.2856E+01  3.7260E-01  4.0839E-02
  9.3174E+01  3.7263E-01  4.1002E-02
  9.3492E+01  3.7266E-01  4.1165E-02
  9.3810E+01  3.7269E-01  4.1329E-02
  9.4128E+01  3.7271E-01  4.1492E-02
  9.4446E+01  3.7273E-01  4.1655E-02
  9.4764E+01  3.7274E-01  4.1814E-02
  9.5082E+01  3.7273E-01  4.1967E-02
  9.5400E+01  3.7271E-01  4.2111E-02
  9.5718E+01  3.7267E-01  4.2244E-02
  9.6036E+01  3.7262E-01  4.2368E-02
  9.6354E+01  3.7254E-01  4.2483E-02
  9.6672E+01  3.7245E-01  4.2592E-02
  9.6990E+01  3.7236E-01  4.2695E-02
  9.7308E+01  3.7226E-01  4.2795E-02
  9.7626E+01  3.7217E-01  4.2892E-02
  9.7944E+01  3.7210E-01  4.2990E-02
  9.8262E+01  3.7204E-01  4.3093E-02
  9.8580E+01  3.7200E-01  4.3207E-02
  9.8898E+01  3.7199E-01  4.3335E-02
  9.9216E+01  3.7200E-01  4.3477E-02
  9.9534E+01  3.7203E-01  4.3632E-02
  9.9852E+01  3.7207E-01  4.3799E-02
  1.0017E+02  3.7214E-01  4.3975E-02
  1.0049E+02  3.7221E-01  4.4157E-02
  1.0081E+02  3.7229E-01  4.4340E-02
  1.0112E+02  3.7237E-01  4.4522E-02
  1.0144E+02  3.7244E-01  4.4698E-02
  1.0176E+02  3.7250E-01  4.4869E-02
  1.0208E+02  3.7255E-01  4.5030E-02
  1.0240E+02  3.7258E-01  4.5182E-02
  1.0271E+02  3.7259E-01  4.5322E-02
  1.0303E+02  3.7258E-01  4.5450E-02
  1.0335E+02  3.7255E-01  4.5565E-02
  1.0367E+02  3.7250E-01  4.5669E-02
  1.0399E+02  3.7242E-01  4.5763E-02
  1.0430E+02  3.7234E-01  4.5852E-02
  1.0462E+02  3.7224E-01  4.5940E-02
  1.0494E+02  3.7213E-01  4.6029E-02
  1.0526E+02  3.7201E-01  4.6121E-02
  1.0558E+02  3.7188E-01  4.6213E-02
  1.0589E+02  3.7174E-01  4.6301E-02
  1.0621E+02  3.7159E-01  4.6380E-02
  1.0653E+02  3.7143E-01  4.6447E-02
  1.0685E+02  3.7126E-01  4.6502E-02
  1.0717E+02  3.7109E-01  4.6549E-02
  1.0748E+02  3.7092E-01  4.6596E-02
  1.0780E+02  3.7075E-01  4.6651E-02
  1.0812E+02  3.7061E-01  4.6721E-02
  1.0844E+02  3.7048E-01  4.6808E-02
  1.0876E+02  3.7037E-01  4.6912E-02
  1.0907E+02  3.7028E-01  4.7030E-02
  1.0939E+02  3.7020E-01  4.7158E-02
  1.0971E+02  3.7014E-01  4.7291E-02
  1.1003E+02  3.7007E-01  4.7426E-02
  1.1035E+02  3.7001E-01  4.7559E-02
  1.1066E+02  3.6994E-01  4.7687E-02
  1.1098E+02  3.6986E-01  4.7809E-02
  1.1130E+02  3.6977E-01  4.7925E-02
  1.1162E+02  3.6967E-01  4.8038E-02
  1.1194E+02  3.6957E-01  4.8152E-02
  1.1225E+02  3.6946E-01  4.8269E-02
  1.1257E+02  3.6936E-01  4.8391E-02
  1.1289E+02  3.6925E-01  4.8519E-02
  1.1321E+02  3.6915E-01  4.8653E-02
  1.1353E+02  3.6906E-01  4.8791E-02
  1.1384E+02  3.6898E-01  4.8932E-02
  1.1416E+02  3.6891E-01  4.9076E-02
  1.1448E+02  3.6884E-01  4.9220E-02
  1.1480E+02  3.6877E-01  4.9365E-02
  1.1512E+02  3.6871E-01  4.9509E-02
  1.1543E+02  3.6865E-01  4.9653E-02
  1.1575E+02  3.6858E-01  4.9798E-02
  1.1607E+02  3.6851E-01  4.9944E-02
  1.1639E+02  3.6844E-01  5.0092E-02
  1.1671E+02  3.6837E-01  5.0244E-02
  1.1702E+02  3.6829E-01  5.0400E-02
  1.1734E+02  3.6821E-01  5.0560E-02
  1.1766E+02  3.6812E-01  5.0721E-02
  1.1798E+02  3.6802E-01  5.0881E-02
  1.1830E+02  3.6791E-01  5.1035E-02
  1.1861E+02  3.6779E-01  5.1180E-02
  1.1893E+02  3.6765E-01  5.1311E-02
  1.1925E+02  3.6750E-01  5.1429E-02
  1.1957E+02  3.6734E-01  5.1532E-02
  1.1989E+02  3.6715E-01  5.1621E-02
  1.2020E+02  3.6695E-01  5.1696E-02
  1.2052E+02  3.6674E-01  5.1759E-02
  1.2084E+02  3.6652E-01  5.1811E-02
  1.2116E+02  3.6630E-01  5.1855E-02
  1.2148E+02  3.6608E-01  5.1895E-02
  1.2179E+02  3.6586E-01  5.1936E-02
  1.2211E+02  3.6565E-01  5.1983E-02
  1.2243E+02  3.6546E-01  5.2040E-02
  1.2275E+02  3.6528E-01  5.2107E-02
  1.2307E+02  3.6511E-01  5.2186E-02
  1.2338E+02  3.6496E-01  5.2275E-02
  1.2370E+02  3.6482E-01  5.2370E-02
  1.2402E+02  3.6469E-01  5.2469E-02
  1.2434E+02  3.6457E-01  5.2572E-02
  1.2466E+02  3.6444E-01  5.2675E-02
  1.2497E+02  3.6432E-01  5.2779E-02
  1.2529E+02  3.6419E-01  5.2882E-02
  1.2561E+02  3.6406E-01  5.2985E-02
  1.2593E+02  3.6392E-01  5.3088E-02
  1.2625E+02  3.6378E-01  5.3191E-02
  1.2656E+02  3.6363E-01  5.3294E-02
  1.2688E+02  3.6348E-01  5.3399E-02
  1.2720E+02  3.6333E-01  5.3505E-02
  1.2752E+02  3.6318E-01  5.3615E-02
  1.2784E+02  3.6303E-01  5.3730E-02
  1.2815E+02  3.6289E-01  5.3851E-02
  1.2847E+02  3.6275E-01  5.3980E-02
  1.2879E+02  3.6261E-01  5.4115E-02
  1.2911E+02  3.6248E-01  5.4255E-02
  1.2943E+02  3.6235E-01  5.4398E-02
  1.2974E+02  3.6222E-01  5.4541E-02
  1.3006E+02  3.6209E-01  5.4682E-02
  1.3038E+02  3.6196E-01  5.4820E-02
  1.3070E+02  3.6183E-01  5.4956E-02
  1.3102E+02  3.6169E-01  5.5089E-02
  1.3133E+02  3.6155E-01  5.5221E-02
  1.3165E+02  3.6141E-01  5.5350E-02
  1.3197E+02  3.6126E-01  5.5478E-02
  1.3229E+02  3.6111E-01  5.5603E-02
  1.3261E+02  3.6096E-01  5.5725E-02
  1.3292E+02  3.6081E-01  5.5842E-02
  1.3324E+02  3.6065E-01  5.5956E-02
  1.3356E+02  3.6049E-01  5.6065E-02
  1.3388E+02  3.6033E-01  5.6171E-02
  1.3420E+02  3.6017E-01  5.6276E-02
  1.3451E+02  3.6001E-01  5.6381E-02
  1.3483E+02  3.5986E-01  5.6490E-02
  1.3515E+02  3.5971E-01  5.6602E-02
  1.3547E+02  3.5957E-01  5.6719E-02
  1.3579E+02  3.5944E-01  5.6839E-02
  1.3610E+02  3.5931E-01  5.6961E-02
  1.3642E+02  3.5918E-01  5.7082E-02
  1.3674E+02  3.5906E-01  5.7201E-02
  1.3706E+02  3.5894E-01  5.7318E-02
  1.3738E+02  3.5882E-01  5.7431E-02
  1.3769E+02  3.5870E-01  5.7541E-02
  1.3801E+02  3.5858E-01  5.7649E-02
  1.3833E+02  3.5846E-01  5.7755E-02
  1.3865E+02  3.5835E-01  5.7860E-02
  1.3897E+02  3.5823E-01  5.7965E-02
  1.3928E+02  3.5811E-01  5.8071E-02
  1.3960E+02  3.5799E-01  5.8178E-02
  1.3992E+02  3.5788E-01  5.8286E-02
  1.4024E+02  3.5777E-01  5.8396E-02
  1.4056E+02  3.5766E-01  5.8507E-02
  1.4087E+02  3.5754E-01  5.8619E-02
  1.4119E+02  3.5743E-01  5.8730E-02
  1.4151E+02  3.5732E-01  5.8841E-02
  1.4183E+02  3.5720E-01  5.8950E-02
  1.4215E+02  3.5708E-01  5.9058E-02
  1.4246E+02  3.5697E-01  5.9164E-02
  1.4278E+02  3.5684E-01  5.9269E-02
  1.4310E+02  3.5672E-01  5.9374E-02
  1.4342E+02  3.5660E-01  5.9479E-02
  1.4374E+02  3.5647E-01  5.9585E-02
  1.4405E+02  3.5634E-01  5.9691E-02
  1.4437E+02  3.5621E-01  5.9797E-02
  1.4469E+02  3.5608E-01  5.9903E-02
  1.4501E+02  3.5595E-01  6.0009E-02
  1.4533E+02  3.5582E-01  6.0114E-02
  1.4564E+02  3.5569E-01  6.0218E-02
  1.4596E+02  3.5557E-01  6.0323E-02
  1.4628E+02  3.5544E-01  6.0427E-02
  1.4660E+02  3.5532E-01  6.0533E-02
  1.4692E+02  3.5520E-01  6.0640E-02
  1.4723E+02  3.5508E-01  6.0748E-02
  1.4755E+02  3.5497E-01  6.0859E-02
  1.4787E+02  3.5485E-01  6.0973E-02
  1.4819E+02  3.5474E-01  6.1089E-02
  1.4851E+02  3.5463E-01  6.1208E-02
  1.4882E+02  3.5453E-01  6.1328E-02
  1.4914E+02  3.5442E-01  6.1449E-02
  1.4946E+02  3.5431E-01  6.1569E-02
  1.4978E+02  3.5420E-01  6.1687E-02
  1.5010E+02  3.5409E-01  6.1801E-02
  1.5041E+02  3.5398E-01  6.1911E-02
  1.5073E+02  3.5387E-01  6.2017E-02
  1.5105E+02  3.5375E-01  6.2119E-02
  1.5137E+02  3.5363E-01  6.2218E-02
  1.5169E+02  3.5351E-01  6.2317E-02
  1.5200E+02  3.5338E-01  6.2416E-02
  1.5232E+02  3.5326E-01  6.2517E-02
  1.5264E+02  3.5313E-01  6.2619E-02
  1.5296E+02  3.5301E-01  6.2722E-02
  1.5328E+02  3.5288E-01  6.2827E-02
  1.5359E+02  3.5276E-01  6.2933E-02
  1.5391E+02  3.5264E-01  6.3039E-02
  1.5423E+02  3.5252E-01  6.3146E-02
  1.5455E+02  3.5241E-01  6.3254E-02
  1.5487E+02  3.5229E-01  6.3362E-02
  1.5518E+02  3.5218E-01  6.3472E-02
  1.5550E+02  3.5206E-01  6.3581E-02
  1.5582E+02  3.5195E-01  6.3689E-02
  1.5614E+02  3.5184E-01  6.3797E-02
  1.5646E+02  3.5172E-01  6.3905E-02
  1.5677E+02  3.5161E-01  6.4013E-02
  1.5709E+02  3.5150E-01  6.4121E-02
  1.5741E+02  3.5139E-01  6.4231E-02
  1.5773E+02  3.5128E-01  6.4342E-02
  1.5805E+02  3.5117E-01  6.4453E-02
  1.5836E+02  3.5106E-01  6.4565E-02
  1.5868E+02  3.5095E-01  6.4676E-02
  1.5900E+02  3.5084E-01  6.4785E-02
  1.5932E+02  3.5073E-01  6.4891E-02
  1.5964E+02  3.5062E-01  6.4994E-02
  1.5995E+02  3.5051E-01  6.5093E-02
  1.6027E+02  3.5040E-01  6.5189E-02
  1.6059E+02  3.5028E-01  6.5283E-02
  1.6091E+02  3.5017E-01  6.5375E-02
  1.6123E+02  3.5005E-01  6.5468E-02
  1.6154E+02  3.4994E-01  6.5562E-02
  1.6186E+02  3.4982E-01  6.5657E-02
  1.6218E+02  3.4971E-01  6.5755E-02
  1.6250E+02  3.4960E-01  6.5855E-02
  1.6282E+02  3.4949E-01  6.5957E-02
  1.6313E+02  3.4938E-01  6.6059E-02
  1.6345E+02  3.4927E-01  6.6162E-02
  1.6377E+02  3.4916E-01  6.6265E-02
  1.6409E+02  3.4904E-01  6.6366E-02
  1.6441E+02  3.4893E-01  6.6467E-02
  1.6472E+02  3.4882E-01  6.6567E-02
  1.6504E+02  3.4870E-01  6.6666E-02
  1.6536E+02  3.4858E-01  6.6764E-02
  1.6568E+02  3.4846E-01  6.6862E-02
  1.6600E+02  3.4834E-01  6.6959E-02
  1.6631E+02  3.4823E-01  6.7057E-02
  1.6663E+02  3.4811E-01  6.7156E-02
  1.6695E+02  3.4799E-01  6.7257E-02
  1.6727E+02  3.4788E-01  6.7359E-02
  1.6759E+02  3.4777E-01  6.7463E-02
  1.6790E+02  3.4765E-01  6.7569E-02
  1.6822E+02  3.4754E-01  6.7676E-02
  1.6854E+02  3.4742E-01  6.7783E-02
  1.6886E+02  3.4731E-01  6.7890E-02
  1.6918E+02  3.4720E-01  6.7996E-02
  1.6949E+02  3.4708E-01  6.8101E-02
  1.6981E+02  3.4696E-01  6.8206E-02
  1.7013E+02  3.4685E-01  6.8310E-02
  1.7045E+02  3.4673E-01  6.8413E-02
  1.7077E+02  3.4661E-01  6.8515E-02
  1.7108E+02  3.4650E-01  6.8616E-02
  1.7140E+02  3.4638E-01  6.8718E-02
  1.7172E+02  3.4626E-01  6.8818E-02
  1.7204E+02  3.4614E-01  6.8919E-02
  1.7236E+02  3.4602E-01  6.9018E-02
  1.7267E+02  3.4590E-01  6.9117E-02
  1.7299E+02  3.4578E-01  6.9215E-02
  1.7331E+02  3.4566E-01  6.9312E-02
  1.7363E+02  3.4554E-01  6.9409E-02
  1.7395E+02  3.4542E-01  6.9505E-02
  1.7426E+02  3.4530E-01  6.9601E-02
  1.7458E+02  3.4518E-01  6.9697E-02
  1.7490E+02  3.4506E-01  6.9795E-02
  1.7522E+02  3.4494E-01  6.9892E-02
  1.7554E+02  3.4482E-01  6.9991E-02
  1.7585E+02  3.4470E-01  7.0091E-02
  1.7617E+02  3.4458E-01  7.0191E-02
  1.7649E+02  3.4446E-01  7.0291E-02
  1.7681E+02  3.4434E-01  7.0391E-02
  1.7713E+02  3.4422E-01  7.0491E-02
  1.7744E+02  3.4410E-01  7.0590E-02
  1.7776E+02  3.4398E-01  7.0689E-02
  1.7808E+02  3.4386E-01  7.0788E-02
  1.7840E+02  3.4374E-01  7.0887E-02
  1.7872E+02  3.4362E-01  7.0985E-02
  1.7903E+02  3.4350E-01  7.1083E-02
  1.7935E+02  3.4338E-01  7.1181E-02
  1.7967E+02  3.4325E-01  7.1278E-02
  1.7999E+02  3.4313E-01  7.1374E-02
  1.8031E+02  3.4300E-01  7.1468E-02
  1.8062E+02  3.4288E-01  7.1561E-02
  1.8094E+02  3.4276E-01  7.1654E-02
  1.8126E+02  3.4263E-01  7.1745E-02
  1.8158E+02  3.4251E-01  7.1837E-02
  1.8190E+02  3.4239E-01  7.1930E-02
  1.8221E+02  3.4227E-01  7.2023E-02
  1.8253E+02  3.4214E-01  7.2118E-02
  1.8285E+02  3.4203E-01  7.2215E-02
  1.8317E+02  3.4191E-01  7.2313E-02
  1.8349E+02  3.4179E-01  7.2412E-02
  1.8380E+02  3.4167E-01  7.2512E-02
  1.8412E+02  3.4156E-01  7.2614E-02
  1.8444E+02  3.4144E-01  7.2715E-02
  1.8476E+02  3.4133E-01  7.2816E-02
  1.8508E+02  3.4121E-01  7.2918E-02
  1.8539E+02  3.4109E-01  7.3018E-02
  1.8571E+02  3.4098E-01  7.3118E-02
  1.8603E+02  3.4086E-01  7.3217E-02
  1.8635E+02  3.4075E-01  7.3315E-02
  1.8667E+02  3.4063E-01  7.3413E-02
  1.8698E+02  3.4051E-01  7.3510E-02
  1.8730E+02  3.4039E-01  7.3608E-02
  1.8762E+02  3.4027E-01  7.3706E-02
  1.8794E+02  3.4016E-01  7.3805E-02
  1.8826E+02  3.4004E-01  7.3904E-02
  1.8857E+02  3.3992E-01  7.4004E-02
  1.8889E+02  3.3980E-01  7.4103E-02
  1.8921E+02  3.3967E-01  7.4203E-02
  1.8953E+02  3.3955E-01  7.4302E-02
  1.8985E+02  3.3943E-01  7.4399E-02
  1.9016E+02  3.3931E-01  7.4496E-02
  1.9048E+02  3.3919E-01  7.4591E-02
  1.9080E+02  3.3906E-01  7.4686E-02
  1.9112E+02  3.3894E-01  7.4780E-02
  1.9144E+02  3.3881E-01  7.4873E-02
  1.9175E+02  3.3869E-01  7.4966E-02
  1.9207E+02  3.3856E-01  7.5058E-02
  1.9239E+02  3.3843E-01  7.5151E-02
  1.9271E+02  3.3831E-01  7.5244E-02
  1.9303E+02  3.3818E-01  7.5336E-02
  1.9334E+02  3.3806E-01  7.5430E-02
  1.9366E+02  3.3793E-01  7.5523E-02
  1.9398E+02  3.3781E-01  7.5617E-02
  1.9430E+02  3.3769E-01  7.5711E-02
  1.9462E+02  3.3757E-01  7.5806E-02
  1.9493E+02  3.3744E-01  7.5901E-02
  1.9525E+02  3.3732E-01  7.5996E-02
  1.9557E+02  3.3720E-01  7.6091E-02
  1.9589E+02  3.3708E-01  7.6186E-02
  1.9621E+02  3.3696E-01  7.6281E-02
  1.9652E+02  3.3684E-01  7.6375E-02
  1.9684E+02  3.3672E-01  7.6470E-02
  1.9716E+02  3.3660E-01  7.6565E-02
  1.9748E+02  3.3648E-01  7.6660E-02
  1.9780E+02  3.3636E-01  7.6755E-02
  1.9811E+02  3.3624E-01  7.6851E-02
  1.9843E+02  3.3612E-01  7.6945E-02
  1.9875E+02  3.3600E-01  7.7040E-02
  1.9907E+02  3.3588E-01  7.7134E-02
  1.9939E+02  3.3576E-01  7.7228E-02
  1.9970E+02  3.3564E-01  7.7321E-02
  2.0002E+02  3.3552E-01  7.7413E-02
  2.0034E+02  3.3540E-01  7.7505E-02
  2.0066E+02  3.3529E-01  7.7597E-02
  2.0098E+02  3.3517E-01  7.7689E-02
  2.0129E+02  3.3505E-01  7.7781E-02
  2.0161E+02  3.3493E-01  7.7873E-02
  2.0193E+02  3.3481E-01  7.7966E-02
  2.0225E+02  3.3469E-01  7.8059E-02
  2.0257E+02  3.3457E-01  7.8153E-02
  2.0288E+02  3.3445E-01  7.8246E-02
  2.0320E+02  3.3434E-01  7.8340E-02
  2.0352E+02  3.3422E-01  7.8433E-02
  2.0384E+02  3.3410E-01  7.8527E-02
  2.0416E+02  3.3398E-01  7.8620E-02
  2.0447E+02  3.3387E-01  7.8712E-02
  2.0479E+02  3.3375E-01  7.8805E-02
  2.0511E+02  3.3363E-01  7.8897E-02
  2.0543E+02  3.3352E-01  7.8990E-02
  2.0575E+02  3.3340E-01  7.9082E-02
  2.0606E+02  3.3328E-01  7.9174E-02
  2.0638E+02  3.3317E-01  7.9266E-02
  2.0670E+02  3.3305E-01  7.9358E-02
  2.0702E+02  3.3293E-01  7.9449E-02
  2.0734E+02  3.3282E-01  7.9540E-02
  2.0765E+02  3.3270E-01  7.9631E-02
  2.0797E+02  3.3259E-01  7.9722E-02
  2.0829E+02  3.3247E-01  7.9813E-02
  2.0861E+02  3.3235E-01  7.9904E-02
  2.0893E+02  3.3224E-01  7.9996E-02
  2.0924E+02  3.3212E-01  8.0087E-02
  2.0956E+02  3.3201E-01  8.0178E-02
  2.0988E+02  3.3189E-01  8.0269E-02
  2.1020E+02  3.3178E-01  8.0360E-02
  2.1052E+02  3.3166E-01  8.0451E-02
  2.1083E+02  3.3155E-01  8.0542E-02
  2.1115E+02  3.3143E-01  8.0633E-02
  2.1147E+02  3.3132E-01  8.0723E-02
  2.1179E+02  3.3120E-01  8.0813E-02
  2.1211E+02  3.3109E-01  8.0904E-02
  2.1242E+02  3.3097E-01  8.0994E-02
  2.1274E+02  3.3086E-01  8.1084E-02
  2.1306E+02  3.3074E-01  8.1174E-02
  2.1338E+02  3.3063E-01  8.1265E-02
  2.1370E+02  3.3052E-01  8.1355E-02
  2.1401E+02  3.3040E-01  8.1445E-02
  2.1433E+02  3.3029E-01  8.1536E-02
  2.1465E+02  3.3017E-01  8.1626E-02
  2.1497E+02  3.3006E-01  8.1717E-02
  2.1529E+02  3.2995E-01  8.1808E-02
  2.1560E+02  3.2983E-01  8.1899E-02
  2.1592E+02  3.2972E-01  8.1989E-02
  2.1624E+02  3.2961E-01  8.2080E-02
  2.1656E+02  3.2950E-01  8.2171E-02
  2.1688E+02  3.2938E-01  8.2262E-02
  2.1719E+02  3.2927E-01  8.2352E-02
  2.1751E+02  3.2916E-01  8.2443E-02
  2.1783E+02  3.2905E-01  8.2534E-02
  2.1815E+02  3.2894E-01  8.2624E-02
  2.1847E+02  3.2882E-01  8.2715E-02
  2.1878E+02  3.2871E-01  8.2805E-02
  2.1910E+02  3.2860E-01  8.2895E-02
  2.1942E+02  3.2849E-01  8.2986E-02
  2.1974E+02  3.2838E-01  8.3076E-02
  2.2006E+02  3.2827E-01  8.3165E-02
  2.2037E+02  3.2815E-01  8.3255E-02
  2.2069E+02  3.2804E-01  8.3345E-02
  2.2101E+02  3.2793E-01  8.3435E-02
  2.2133E+02  3.2782E-01  8.3524E-02
  2.2165E+02  3.2771E-01  8.3614E-02
  2.2196E+02  3.2760E-01  8.3704E-02
  2.2228E+02  3.2749E-01  8.3794E-02
  2.2260E+02  3.2738E-01  8.3883E-02
  2.2292E+02  3.2727E-01  8.3973E-02
  2.2324E+02  3.2716E-01  8.4063E-02
  2.2355E+02  3.2705E-01  8.4153E-02
  2.2387E+02  3.2694E-01  8.4242E-02
  2.2419E+02  3.2683E-01  8.4332E-02
  2.2451E+02  3.2673E-01  8.4421E-02
  2.2483E+02  3.2662E-01  8.4511E-02
  2.2514E+02  3.2651E-01  8.4600E-02
  2.2546E+02  3.2640E-01  8.4689E-02
  2.2578E+02  3.2629E-01  8.4778E-02
  2.2610E+02  3.2618E-01  8.4867E-02
  2.2642E+02  3.2607E-01  8.4956E-02
  2.2673E+02  3.2597E-01  8.5044E-02
  2.2705E+02  3.2586E-01  8.5133E-02
  2.2737E+02  3.2575E-01  8.5221E-02
  2.2769E+02  3.2564E-01  8.5309E-02
  2.2801E+02  3.2553E-01  8.5398E-02
  2.2832E+02  3.2542E-01  8.5486E-02
  2.2864E+02  3.2531E-01  8.5574E-02
  2.2896E+02  3.2520E-01  8.5662E-02
  2.2928E+02  3.2509E-01  8.5751E-02
  2.2960E+02  3.2498E-01  8.5839E-02
  2.2991E+02  3.2487E-01  8.5927E-02
  2.3023E+02  3.2476E-01  8.6015E-02
  2.3055E+02  3.2465E-01  8.6103E-02
  2.3087E+02  3.2454E-01  8.6191E-02
  2.3119E+02  3.2443E-01  8.6278E-02
  2.3150E+02  3.2432E-01  8.6367E-02
  2.3182E+02  3.2421E-01  8.6455E-02
  2.3214E+02  3.2410E-01  8.6543E-02
  2.3246E+02  3.2399E-01  8.6631E-02
  2.3278E+02  3.2388E-01  8.6719E-02
  2.3309E+02  3.2377E-01  8.6807E-02
  2.3341E+02  3.2366E-01  8.6896E-02
  2.3373E+02  3.2355E-01  8.6984E-02
  2.3405E+02  3.2344E-01  8.7072E-02
  2.3437E+02  3.2332E-01  8.7159E-02
  2.3468E+02  3.2321E-01  8.7247E-02
  2.3500E+02  3.2310E-01  8.7335E-02
  2.3532E+02  3.2299E-01  8.7423E-02
  2.3564E+02  3.2288E-01  8.7510E-02
  2.3596E+02  3.2276E-01  8.7598E-02
  2.3627E+02  3.2265E-01  8.7685E-02
  2.3659E+02  3.2254E-01  8.7772E-02
  2.3691E+02  3.2242E-01  8.7859E-02
  2.3723E+02  3.2231E-01  8.7946E-02
  2.3755E+02  3.2220E-01  8.8032E-02
  2.3786E+02  3.2208E-01  8.8118E-02
  2.3818E+02  3.2197E-01  8.8204E-02
  2.3850E+02  3.2186E-01  8.8290E-02
  2.3882E+02  3.2174E-01  8.8375E-02
  2.3914E+02  3.2163E-01  8.8460E-02
  2.3945E+02  3.2151E-01  8.8545E-02
  2.3977E+02  3.2140E-01  8.8630E-02
  2.4009E+02  3.2129E-01  8.8714E-02
  2.4041E+02  3.2117E-01  8.8798E-02
  2.4073E+02  3.2106E-01  8.8882E-02
  2.4104E+02  3.2094E-01  8.8966E-02
  2.4136E+02  3.2083E-01  8.9049E-02
  2.4168E+02  3.2072E-01  8.9133E-02
  2.4200E+02  3.2060E-01  8.9216E-02
  2.4232E+02  3.2049E-01  8.9299E-02
  2.4263E+02  3.2038E-01  8.9382E-02
  2.4295E+02  3.2026E-01  8.9465E-02
  2.4327E+02  3.2015E-01  8.9548E-02
  2.4359E+02  3.2004E-01  8.9631E-02
  2.4391E+02  3.1992E-01  8.9714E-02
  2.4422E+02  3.1981E-01  8.9797E-02
  2.4454E+02  3.1970E-01  8.9880E-02
  2.4486E+02  3.1958E-01  8.9963E-02
  2.4518E+02  3.1947E-01  9.0045E-02
  2.4550E+02  3.1935E-01  9.0128E-02
  2.4581E+02  3.1924E-01  9.0210E-02
  2.4613E+02  3.1913E-01  9.0292E-02
  2.4645E+02  3.1901E-01  9.0375E-02
  2.4677E+02  3.1890E-01  9.0457E-02
  2.4709E+02  3.1878E-01  9.0539E-02
  2.4740E+02  3.1867E-01  9.0621E-02
  2.4772E+02  3.1856E-01  9.0703E-02
  2.4804E+02  3.1844E-01  9.0785E-02
  2.4836E+02  3.1833E-01  9.0867E-02
  2.4868E+02  3.1821E-01  9.0948E-02
  2.4899E+02  3.1810E-01  9.1030E-02
  2.4931E+02  3.1798E-01  9.1112E-02
  2.4963E+02  3.1787E-01  9.1193E-02
  2.4995E+02  3.1776E-01  9.1274E-02
  2.5027E+02  3.1764E-01  9.1356E-02
  2.5058E+02  3.1753E-01  9.1437E-02
  2.5090E+02  3.1741E-01  9.1518E-02
  2.5122E+02  3.1730E-01  9.1599E-02
  2.5154E+02  3.1718E-01  9.1680E-02
  2.5186E+02  3.1707E-01  9.1761E-02
  2.5217E+02  3.1696E-01  9.1841E-02
  2.5249E+02  3.1684E-01  9.1922E-02
  2.5281E+02  3.1673E-01  9.2003E-02
  2.5313E+02  3.1661E-01  9.2083E-02
  2.5345E+02  3.1650E-01  9.2163E-02
  2.5376E+02  3.1638E-01  9.2244E-02
  2.5408E+02  3.1627E-01  9.2324E-02
  2.5440E+02  3.1616E-01  9.2404E-02
  2.5472E+02  3.1604E-01  9.2484E-02
  2.5504E+02  3.1593E-01  9.2564E-02
  2.5535E+02  3.1581E-01  9.2644E-02
  2.5567E+02  3.1570E-01  9.2724E-02
  2.5599E+02  3.1558E-01  9.2804E-02
  2.5631E+02  3.1547E-01  9.2883E-02
  2.5663E+02  3.1536E-01  9.2963E-02
  2.5694E+02  3.1524E-01  9.3043E-02
  2.5726E+02  3.1513E-01  9.3122E-02
  2.5758E+02  3.1501E-01  9.3202E-02
  2.5790E+02  3.1490E-01  9.3281E-02
  2.5822E+02  3.1478E-01  9.3361E-02
  2.5853E+02  3.1467E-01  9.3440E-02
  2.5885E+02  3.1456E-01  9.3519E-02
  2.5917E+02  3.1444E-01  9.3598E-02
  2.5949E+02  3.1433E-01  9.3677E-02
  2.5981E+02  3.1421E-01  9.3755E-02
  2.6012E+02  3.1410E-01  9.3834E-02
  2.6044E+02  3.1398E-01  9.3913E-02
  2.6076E+02  3.1387E-01  9.3991E-02
  2.6108E+02  3.1376E-01  9.4070E-02
  2.6140E+02  3.1364E-01  9.4148E-02
  2.6171E+02  3.1353E-01  9.4227E-02
  2.6203E+02  3.1341E-01  9.4305E-02
  2.6235E+02  3.1330E-01  9.4384E-02
  2.6267E+02  3.1319E-01  9.4462E-02
  2.6299E+02  3.1307E-01  9.4540E-02
  2.6330E+02  3.1296E-01  9.4619E-02
  2.6362E+02  3.1284E-01  9.4697E-02
  2.6394E+02  3.1273E-01  9.4775E-02
  2.6426E+02  3.1262E-01  9.4853E-02
  2.6458E+02  3.1250E-01  9.4931E-02
  2.6489E+02  3.1239E-01  9.5008E-02
  2.6521E+02  3.1228E-01  9.5086E-02
  2.6553E+02  3.1216E-01  9.5164E-02
  2.6585E+02  3.1205E-01  9.5241E-02
  2.6617E+02  3.1194E-01  9.5319E-02
  2.6648E+02  3.1182E-01  9.5396E-02
  2.6680E+02  3.1171E-01  9.5474E-02
  2.6712E+02  3.1159E-01  9.5551E-02
  2.6744E+02  3.1148E-01  9.5628E-02
  2.6776E+02  3.1137E-01  9.5706E-02
  2.6807E+02  3.1125E-01  9.5783E-02
  2.6839E+02  3.1114E-01  9.5860E-02
  2.6871E+02  3.1103E-01  9.5937E-02
  2.6903E+02  3.1091E-01  9.6014E-02
  2.6935E+02  3.1080E-01  9.6092E-02
  2.6966E+02  3.1069E-01  9.6169E-02
  2.6998E+02  3.1058E-01  9.6246E-02
  2.7030E+02  3.1046E-01  9.6323E-02
  2.7062E+02  3.1035E-01  9.6400E-02
  2.7094E+02  3.1024E-01  9.6477E-02
  2.7125E+02  3.1012E-01  9.6554E-02
  2.7157E+02  3.1001E-01  9.6630E-02
  2.7189E+02  3.0990E-01  9.6707E-02
  2.7221E+02  3.0979E-01  9.6784E-02
  2.7253E+02  3.0967E-01  9.6860E-02
  2.7284E+02  3.0956E-01  9.6937E-02
  2.7316E+02  3.0945E-01  9.7013E-02
  2.7348E+02  3.0933E-01  9.7090E-02
  2.7380E+02  3.0922E-01  9.7166E-02
  2.7412E+02  3.0911E-01  9.7243E-02
  2.7443E+02  3.0900E-01  9.7319E-02
  2.7475E+02  3.0888E-01  9.7395E-02
  2.7507E+02  3.0877E-01  9.7471E-02
  2.7539E+02  3.0866E-01  9.7547E-02
  2.7571E+02  3.0855E-01  9.7623E-02
  2.7602E+02  3.0843E-01  9.7699E-02
  2.7634E+02  3.0832E-01  9.7774E-02
  2.7666E+02  3.0821E-01  9.7850E-02
  2.7698E+02  3.0810E-01  9.7925E-02
  2.7730E+02  3.0798E-01  9.8001E-02
  2.7761E+02  3.0787E-01  9.8076E-02
  2.7793E+02  3.0776E-01  9.8152E-02
  2.7825E+02  3.0765E-01  9.8227E-02
  2.7857E+02  3.0754E-01  9.8302E-02
  2.7889E+02  3.0742E-01  9.8378E-02
  2.7920E+02  3.0731E-01  9.8453E-02
  2.7952E+02  3.0720E-01  9.8528E-02
  2.7984E+02  3.0709E-01  9.8603E-02
  2.8016E+02  3.0697E-01  9.8678E-02
  2.8048E+02  3.0686E-01  9.8753E-02
  2.8079E+02  3.0675E-01  9.8828E-02
  2.8111E+02  3.0664E-01  9.8903E-02
  2.8143E+02  3.0653E-01  9.8978E-02
  2.8175E+02  3.0641E-01  9.9052E-02
  2.8207E+02  3.0630E-01  9.9127E-02
  2.8238E+02  3.0619E-01  9.9202E-02
  2.8270E+02  3.0608E-01  9.9276E-02
  2.8302E+02  3.0597E-01  9.9350E-02
  2.8334E+02  3.0586E-01  9.9425E-02
  2.8366E+02  3.0574E-01  9.9499E-02
  2.8397E+02  3.0563E-01  9.9573E-02
  2.8429E+02  3.0552E-01  9.9647E-02
  2.8461E+02  3.0541E-01  9.9721E-02
  2.8493E+02  3.0530E-01  9.9795E-02
  2.8525E+02  3.0519E-01  9.9869E-02
  2.8556E+02  3.0507E-01  9.9943E-02
  2.8588E+02  3.0496E-01  1.0002E-01
  2.8620E+02  3.0485E-01  1.0009E-01
  2.8652E+02  3.0474E-01  1.0016E-01
  2.8684E+02  3.0463E-01  1.0024E-01
  2.8715E+02  3.0452E-01  1.0031E-01
  2.8747E+02  3.0440E-01  1.0038E-01
  2.8779E+02  3.0429E-01  1.0046E-01
  2.8811E+02  3.0418E-01  1.0053E-01
  2.8843E+02  3.0407E-01  1.0060E-01
  2.8874E+02  3.0396E-01  1.0068E-01
  2.8906E+02  3.0385E-01  1.0075E-01
  2.8938E+02  3.0373E-01  1.0082E-01
  2.8970E+02  3.0362E-01  1.0090E-01
  2.9002E+02  3.0351E-01  1.0097E-01
  2.9033E+02  3.0340E-01  1.0104E-01
  2.9065E+02  3.0329E-01  1.0111E-01
  2.9097E+02  3.0318E-01  1.0119E-01
  2.9129E+02  3.0306E-01  1.0126E-01
  2.9161E+02  3.0295E-01  1.0133E-01
  2.9192E+02  3.0284E-01  1.0140E-01
  2.9224E+02  3.0273E-01  1.0148E-01
  2.9256E+02  3.0262E-01  1.0155E-01
  2.9288E+02  3.0251E-01  1.0162E-01
  2.9320E+02  3.0239E-01  1.0169E-01
  2.9351E+02  3.0228E-01  1.0177E-01
  2.9383E+02  3.0217E-01  1.0184E-01
  2.9415E+02  3.0206E-01  1.0191E-01
  2.9447E+02  3.0195E-01  1.0198E-01
  2.9479E+02  3.0184E-01  1.0205E-01
  2.9510E+02  3.0172E-01  1.0212E-01
  2.9542E+02  3.0161E-01  1.0220E-01
  2.9574E+02  3.0150E-01  1.0227E-01
  2.9606E+02  3.0139E-01  1.0234E-01
  2.9638E+02  3.0128E-01  1.0241E-01
  2.9669E+02  3.0117E-01  1.0248E-01
  2.9701E+02  3.0105E-01  1.0255E-01
  2.9733E+02  3.0094E-01  1.0262E-01
  2.9765E+02  3.0083E-01  1.0270E-01
  2.9797E+02  3.0072E-01  1.0277E-01
  2.9828E+02  3.0061E-01  1.0284E-01
  2.9860E+02  3.0049E-01  1.0291E-01
  2.9892E+02  3.0038E-01  1.0298E-01
  2.9924E+02  3.0027E-01  1.0305E-01
  2.9956E+02  3.0016E-01  1.0312E-01
  2.9987E+02  3.0005E-01  1.0319E-01
  3.0019E+02  2.9994E-01  1.0326E-01
  3.0051E+02  2.9982E-01  1.0333E-01
  3.0083E+02  2.9971E-01  1.0340E-01
  3.0115E+02  2.9960E-01  1.0347E-01
  3.0146E+02  2.9949E-01  1.0354E-01
  3.0178E+02  2.9938E-01  1.0361E-01
  3.0210E+02  2.9926E-01  1.0368E-01
  3.0242E+02  2.9915E-01  1.0375E-01
  3.0274E+02  2.9904E-01  1.0382E-01
  3.0305E+02  2.9893E-01  1.0389E-01
  3.0337E+02  2.9882E-01  1.0396E-01
  3.0369E+02  2.9871E-01  1.0403E-01
  3.0401E+02  2.9859E-01  1.0410E-01
  3.0433E+02  2.9848E-01  1.0417E-01
  3.0464E+02  2.9837E-01  1.0424E-01
  3.0496E+02  2.9826E-01  1.0431E-01
  3.0528E+02  2.9815E-01  1.0438E-01
  3.0560E+02  2.9803E-01  1.0445E-01
  3.0592E+02  2.9792E-01  1.0452E-01
  3.0623E+02  2.9781E-01  1.0459E-01
  3.0655E+02  2.9770E-01  1.0466E-01
  3.0687E+02  2.9759E-01  1.0473E-01
  3.0719E+02  2.9747E-01  1.0479E-01
  3.0751E+02  2.9736E-01  1.0486E-01
  3.0782E+02  2.9725E-01  1.0493E-01
  3.0814E+02  2.9714E-01  1.0500E-01
  3.0846E+02  2.9703E-01  1.0507E-01
  3.0878E+02  2.9691E-01  1.0514E-01
  3.0910E+02  2.9680E-01  1.0521E-01
  3.0941E+02  2.9669E-01  1.0527E-01
  3.0973E+02  2.9658E-01  1.0534E-01
  3.1005E+02  2.9647E-01  1.0541E-01
  3.1037E+02  2.9635E-01  1.0548E-01
  3.1069E+02  2.9624E-01  1.0555E-01
  3.1100E+02  2.9613E-01  1.0561E-01
  3.1132E+02  2.9602E-01  1.0568E-01
  3.1164E+02  2.9591E-01  1.0575E-01
  3.1196E+02  2.9579E-01  1.0582E-01
  3.1228E+02  2.9568E-01  1.0588E-01
  3.1259E+02  2.9557E-01  1.0595E-01
  3.1291E+02  2.9546E-01  1.0602E-01
  3.1323E+02  2.9535E-01  1.0609E-01
  3.1355E+02  2.9523E-01  1.0615E-01
  3.1387E+02  2.9512E-01  1.0622E-01
  3.1418E+02  2.9501E-01  1.0629E-01
  3.1450E+02  2.9490E-01  1.0636E-01
  3.1482E+02  2.9479E-01  1.0642E-01
  3.1514E+02  2.9467E-01  1.0649E-01
  3.1546E+02  2.9456E-01  1.0656E-01
  3.1577E+02  2.9445E-01  1.0662E-01
  3.1609E+02  2.9434E-01  1.0669E-01
  3.1641E+02  2.9423E-01  1.0676E-01
  3.1673E+02  2.9411E-01  1.0682E-01
  3.1705E+02  2.9400E-01  1.0689E-01
  3.1736E+02  2.9389E-01  1.0696E-01
  3.1768E+02  2.9378E-01  1.0702E-01
  3.1800E+02  2.9367E-01  1.0709E-01
  3.1832E+02  2.9355E-01  1.0715E-01
  3.1864E+02  2.9344E-01  1.0722E-01
  3.1895E+02  2.9333E-01  1.0729E-01
  3.1927E+02  2.9322E-01  1.0735E-01
  3.1959E+02  2.9311E-01  1.0742E-01
  3.1991E+02  2.9299E-01  1.0748E-01
  3.2023E+02  2.9288E-01  1.0755E-01
  3.2054E+02  2.9277E-01  1.0762E-01
  3.2086E+02  2.9266E-01  1.0768E-01
  3.2118E+02  2.9255E-01  1.0775E-01
  3.2150E+02  2.9244E-01  1.0781E-01
  3.2182E+02  2.9232E-01  1.0788E-01
  3.2213E+02  2.9221E-01  1.0794E-01
  3.2245E+02  2.9210E-01  1.0801E-01
  3.2277E+02  2.9199E-01  1.0807E-01
  3.2309E+02  2.9188E-01  1.0814E-01
  3.2341E+02  2.9176E-01  1.0820E-01
  3.2372E+02  2.9165E-01  1.0827E-01
  3.2404E+02  2.9154E-01  1.0833E-01
  3.2436E+02  2.9143E-01  1.0840E-01
  3.2468E+02  2.9132E-01  1.0846E-01
  3.2500E+02  2.9121E-01  1.0853E-01
  3.2531E+02  2.9109E-01  1.0859E-01
  3.2563E+02  2.9098E-01  1.0866E-01
  3.2595E+02  2.9087E-01  1.0872E-01
  3.2627E+02  2.9076E-01  1.0878E-01
  3.2659E+02  2.9065E-01  1.0885E-01
  3.2690E+02  2.9054E-01  1.0891E-01
  3.2722E+02  2.9043E-01  1.0898E-01
  3.2754E+02  2.9031E-01  1.0904E-01
  3.2786E+02  2.9020E-01  1.0911E-01
  3.2818E+02  2.9009E-01  1.0917E-01
  3.2849E+02  2.8998E-01  1.0923E-01
  3.2881E+02  2.8987E-01  1.0930E-01
  3.2913E+02  2.8976E-01  1.0936E-01
  3.2945E+02  2.8965E-01  1.0943E-01
  3.2977E+02  2.8953E-01  1.0949E-01
  3.3008E+02  2.8942E-01  1.0955E-01
  3.3040E+02  2.8931E-01  1.0962E-01
  3.3072E+02  2.8920E-01  1.0968E-01
  3.3104E+02  2.8909E-01  1.0974E-01
  3.3136E+02  2.8898E-01  1.0981E-01
  3.3167E+02  2.8887E-01  1.0987E-01
  3.3199E+02  2.8876E-01  1.0993E-01
  3.3231E+02  2.8865E-01  1.1000E-01
  3.3263E+02  2.8853E-01  1.1006E-01
  3.3295E+02  2.8842E-01  1.1012E-01
  3.3326E+02  2.8831E-01  1.1019E-01
  3.3358E+02  2.8820E-01  1.1025E-01
  3.3390E+02  2.8809E-01  1.1031E-01
  3.3422E+02  2.8798E-01  1.1037E-01
  3.3454E+02  2.8787E-01  1.1044E-01
  3.3485E+02  2.8776E-01  1.1050E-01
  3.3517E+02  2.8765E-01  1.1056E-01
  3.3549E+02  2.8754E-01  1.1062E-01
  3.3581E+02  2.8742E-01  1.1069E-01
  3.3613E+02  2.8731E-01  1.1075E-01
  3.3644E+02  2.8720E-01  1.1081E-01
  3.3676E+02  2.8709E-01  1.1087E-01
  3.3708E+02  2.8698E-01  1.1094E-01
  3.3740E+02  2.8687E-01  1.1100E-01
  3.3772E+02  2.8676E-01  1.1106E-01
  3.3803E+02  2.8665E-01  1.1112E-01
  3.3835E+02  2.8654E-01  1.1118E-01
  3.3867E+02  2.8643E-01  1.1125E-01
  3.3899E+02  2.8632E-01  1.1131E-01
  3.3931E+02  2.8621E-01  1.1137E-01
  3.3962E+02  2.8610E-01  1.1143E-01
  3.3994E+02  2.8599E-01  1.1149E-01
  3.4026E+02  2.8587E-01  1.1155E-01
  3.4058E+02  2.8576E-01  1.1161E-01
  3.4090E+02  2.8565E-01  1.1168E-01
  3.4121E+02  2.8554E-01  1.1174E-01
  3.4153E+02  2.8543E-01  1.1180E-01
  3.4185E+02  2.8532E-01  1.1186E-01
  3.4217E+02  2.8521E-01  1.1192E-01
  3.4249E+02  2.8510E-01  1.1198E-01
  3.4280E+02  2.8499E-01  1.1204E-01
  3.4312E+02  2.8488E-01  1.1210E-01
  3.4344E+02  2.8477E-01  1.1216E-01
  3.4376E+02  2.8466E-01  1.1223E-01
  3.4408E+02  2.8455E-01  1.1229E-01
  3.4439E+02  2.8444E-01  1.1235E-01
  3.4471E+02  2.8433E-01  1.1241E-01
  3.4503E+02  2.8422E-01  1.1247E-01
  3.4535E+02  2.8411E-01  1.1253E-01
  3.4567E+02  2.8400E-01  1.1259E-01
  3.4598E+02  2.8389E-01  1.1265E-01
  3.4630E+02  2.8378E-01  1.1271E-01
  3.4662E+02  2.8367E-01  1.1277E-01
  3.4694E+02  2.8356E-01  1.1283E-01
  3.4726E+02  2.8345E-01  1.1289E-01
  3.4757E+02  2.8334E-01  1.1295E-01
  3.4789E+02  2.8323E-01  1.1301E-01
  3.4821E+02  2.8312E-01  1.1307E-01
  3.4853E+02  2.8301E-01  1.1313E-01
  3.4885E+02  2.8290E-01  1.1319E-01
  3.4916E+02  2.8279E-01  1.1325E-01
  3.4948E+02  2.8268E-01  1.1331E-01
  3.4980E+02  2.8257E-01  1.1337E-01
  3.5012E+02  2.8246E-01  1.1343E-01
  3.5044E+02  2.8235E-01  1.1349E-01
  3.5075E+02  2.8224E-01  1.1355E-01
  3.5107E+02  2.8213E-01  1.1361E-01
  3.5139E+02  2.8202E-01  1.1366E-01
  3.5171E+02  2.8191E-01  1.1372E-01
  3.5203E+02  2.8180E-01  1.1378E-01
  3.5234E+02  2.8169E-01  1.1384E-01
  3.5266E+02  2.8158E-01  1.1390E-01
  3.5298E+02  2.8147E-01  1.1396E-01
  3.5330E+02  2.8136E-01  1.1402E-01
  3.5362E+02  2.8125E-01  1.1408E-01
  3.5393E+02  2.8114E-01  1.1414E-01
  3.5425E+02  2.8103E-01  1.1419E-01
  3.5457E+02  2.8092E-01  1.1425E-01
  3.5489E+02  2.8081E-01  1.1431E-01
  3.5521E+02  2.8070E-01  1.1437E-01
  3.5552E+02  2.8059E-01  1.1443E-01
  3.5584E+02  2.8048E-01  1.1449E-01
  3.5616E+02  2.8037E-01  1.1454E-01
  3.5648E+02  2.8026E-01  1.1460E-01
  3.5680E+02  2.8015E-01  1.1466E-01
  3.5711E+02  2.8004E-01  1.1472E-01
  3.5743E+02  2.7993E-01  1.1478E-01
  3.5775E+02  2.7982E-01  1.1483E-01
  3.5807E+02  2.7971E-01  1.1489E-01
  3.5839E+02  2.7960E-01  1.1495E-01
  3.5870E+02  2.7949E-01  1.1501E-01
  3.5902E+02  2.7938E-01  1.1507E-01
  3.5934E+02  2.7927E-01  1.1512E-01
  3.5966E+02  2.7916E-01  1.1518E-01
  3.5998E+02  2.7905E-01  1.1524E-01
  3.6029E+02  2.7894E-01  1.1529E-01
  3.6061E+02  2.7883E-01  1.1535E-01
  3.6093E+02  2.7872E-01  1.1541E-01
  3.6125E+02  2.7861E-01  1.1547E-01
  3.6157E+02  2.7850E-01  1.1552E-01
  3.6188E+02  2.7839E-01  1.1558E-01
  3.6220E+02  2.7828E-01  1.1564E-01
  3.6252E+02  2.7817E-01  1.1569E-01
  3.6284E+02  2.7806E-01  1.1575E-01
  3.6316E+02  2.7795E-01  1.1581E-01
  3.6347E+02  2.7784E-01  1.1586E-01
  3.6379E+02  2.7773E-01  1.1592E-01
  3.6411E+02  2.7762E-01  1.1598E-01
  3.6443E+02  2.7751E-01  1.1603E-01
  3.6475E+02  2.7740E-01  1.1609E-01
  3.6506E+02  2.7729E-01  1.1615E-01
  3.6538E+02  2.7718E-01  1.1620E-01
  3.6570E+02  2.7707E-01  1.1626E-01
  3.6602E+02  2.7697E-01  1.1632E-01
  3.6634E+02  2.7686E-01  1.1637E-01
  3.6665E+02  2.7675E-01  1.1643E-01
  3.6697E+02  2.7664E-01  1.1648E-01
  3.6729E+02  2.7653E-01  1.1654E-01
  3.6761E+02  2.7642E-01  1.1660E-01
  3.6793E+02  2.7631E-01  1.1665E-01
  3.6824E+02  2.7620E-01  1.1671E-01
  3.6856E+02  2.7609E-01  1.1676E-01
  3.6888E+02  2.7598E-01  1.1682E-01
  3.6920E+02  2.7587E-01  1.1687E-01
  3.6952E+02  2.7576E-01  1.1693E-01
  3.6983E+02  2.7565E-01  1.1699E-01
  3.7015E+02  2.7554E-01  1.1704E-01
  3.7047E+02  2.7543E-01  1.1710E-01
  3.7079E+02  2.7532E-01  1.1715E-01
  3.7111E+02  2.7521E-01  1.1721E-01
  3.7142E+02  2.7510E-01  1.1726E-01
  3.7174E+02  2.7499E-01  1.1732E-01
  3.7206E+02  2.7488E-01  1.1737E-01
  3.7238E+02  2.7477E-01  1.1743E-01
  3.7270E+02  2.7467E-01  1.1748E-01
  3.7301E+02  2.7456E-01  1.1754E-01
  3.7333E+02  2.7445E-01  1.1759E-01
  3.7365E+02  2.7434E-01  1.1765E-01
  3.7397E+02  2.7423E-01  1.1770E-01
  3.7429E+02  2.7412E-01  1.1776E-01
  3.7460E+02  2.7401E-01  1.1781E-01
  3.7492E+02  2.7390E-01  1.1786E-01
  3.7524E+02  2.7379E-01  1.1792E-01
  3.7556E+02  2.7368E-01  1.1797E-01
  3.7588E+02  2.7357E-01  1.1803E-01
  3.7619E+02  2.7346E-01  1.1808E-01
  3.7651E+02  2.7335E-01  1.1814E-01
  3.7683E+02  2.7324E-01  1.1819E-01
  3.7715E+02  2.7313E-01  1.1824E-01
  3.7747E+02  2.7303E-01  1.1830E-01
  3.7778E+02  2.7292E-01  1.1835E-01
  3.7810E+02  2.7281E-01  1.1840E-01
  3.7842E+02  2.7270E-01  1.1846E-01
  3.7874E+02  2.7259E-01  1.1851E-01
  3.7906E+02  2.7248E-01  1.1857E-01
  3.7937E+02  2.7237E-01  1.1862E-01
  3.7969E+02  2.7226E-01  1.1867E-01
  3.8001E+02  2.7215E-01  1.1873E-01
  3.8033E+02  2.7204E-01  1.1878E-01
  3.8065E+02  2.7193E-01  1.1883E-01
  3.8096E+02  2.7183E-01  1.1889E-01
  3.8128E+02  2.7172E-01  1.1894E-01
  3.8160E+02  2.7161E-01  1.1899E-01
  3.8192E+02  2.7150E-01  1.1905E-01
  3.8224E+02  2.7139E-01  1.1910E-01
  3.8255E+02  2.7128E-01  1.1915E-01
  3.8287E+02  2.7117E-01  1.1920E-01
  3.8319E+02  2.7106E-01  1.1926E-01
  3.8351E+02  2.7095E-01  1.1931E-01
  3.8383E+02  2.7085E-01  1.1936E-01
  3.8414E+02  2.7074E-01  1.1941E-01
  3.8446E+02  2.7063E-01  1.1947E-01
  3.8478E+02  2.7052E-01  1.1952E-01
  3.8510E+02  2.7041E-01  1.1957E-01
  3.8542E+02  2.7030E-01  1.1962E-01
  3.8573E+02  2.7019E-01  1.1968E-01
  3.8605E+02  2.7008E-01  1.1973E-01
  3.8637E+02  2.6997E-01  1.1978E-01
  3.8669E+02  2.6987E-01  1.1983E-01
  3.8701E+02  2.6976E-01  1.1988E-01
  3.8732E+02  2.6965E-01  1.1994E-01
  3.8764E+02  2.6954E-01  1.1999E-01
  3.8796E+02  2.6943E-01  1.2004E-01
  3.8828E+02  2.6932E-01  1.2009E-01
  3.8860E+02  2.6921E-01  1.2014E-01
  3.8891E+02  2.6911E-01  1.2020E-01
  3.8923E+02  2.6900E-01  1.2025E-01
  3.8955E+02  2.6889E-01  1.2030E-01
  3.8987E+02  2.6878E-01  1.2035E-01
  3.9019E+02  2.6867E-01  1.2040E-01
  3.9050E+02  2.6856E-01  1.2045E-01
  3.9082E+02  2.6845E-01  1.2050E-01
  3.9114E+02  2.6835E-01  1.2056E-01
  3.9146E+02  2.6824E-01  1.2061E-01
  3.9178E+02  2.6813E-01  1.2066E-01
  3.9209E+02  2.6802E-01  1.2071E-01
  3.9241E+02  2.6791E-01  1.2076E-01
  3.9273E+02  2.6780E-01  1.2081E-01
  3.9305E+02  2.6770E-01  1.2086E-01
  3.9337E+02  2.6759E-01  1.2091E-01
  3.9368E+02  2.6748E-01  1.2096E-01
  3.9400E+02  2.6737E-01  1.2101E-01
  3.9432E+02  2.6726E-01  1.2106E-01
  3.9464E+02  2.6715E-01  1.2111E-01
  3.9496E+02  2.6705E-01  1.2116E-01
  3.9527E+02  2.6694E-01  1.2122E-01
  3.9559E+02  2.6683E-01  1.2127E-01
  3.9591E+02  2.6672E-01  1.2132E-01
  3.9623E+02  2.6661E-01  1.2137E-01
  3.9655E+02  2.6650E-01  1.2142E-01
  3.9686E+02  2.6640E-01  1.2147E-01
  3.9718E+02  2.6629E-01  1.2152E-01
  3.9750E+02  2.6618E-01  1.2157E-01
  3.9782E+02  2.6607E-01  1.2162E-01
  3.9814E+02  2.6596E-01  1.2167E-01
  3.9845E+02  2.6586E-01  1.2172E-01
  3.9877E+02  2.6575E-01  1.2176E-01
  3.9909E+02  2.6564E-01  1.2181E-01
  3.9941E+02  2.6553E-01  1.2186E-01
  3.9973E+02  2.6542E-01  1.2191E-01
  4.0004E+02  2.6532E-01  1.2196E-01
  4.0036E+02  2.6521E-01  1.2201E-01
  4.0068E+02  2.6510E-01  1.2206E-01
  4.0100E+02  2.6499E-01  1.2211E-01
  4.0132E+02  2.6488E-01  1.2216E-01
  4.0163E+02  2.6478E-01  1.2221E-01
  4.0195E+02  2.6467E-01  1.2226E-01
  4.0227E+02  2.6456E-01  1.2231E-01
  4.0259E+02  2.6445E-01  1.2236E-01
  4.0291E+02  2.6435E-01  1.2241E-01
  4.0322E+02  2.6424E-01  1.2245E-01
  4.0354E+02  2.6413E-01  1.2250E-01
  4.0386E+02  2.6402E-01  1.2255E-01
  4.0418E+02  2.6391E-01  1.2260E-01
  4.0450E+02  2.6381E-01  1.2265E-01
  4.0481E+02  2.6370E-01  1.2270E-01
  4.0513E+02  2.6359E-01  1.2275E-01
  4.0545E+02  2.6348E-01  1.2279E-01
  4.0577E+02  2.6338E-01  1.2284E-01
  4.0609E+02  2.6327E-01  1.2289E-01
  4.0640E+02  2.6316E-01  1.2294E-01
  4.0672E+02  2.6305E-01  1.2299E-01
  4.0704E+02  2.6295E-01  1.2303E-01
  4.0736E+02  2.6284E-01  1.2308E-01
  4.0768E+02  2.6273E-01  1.2313E-01
  4.0799E+02  2.6262E-01  1.2318E-01
  4.0831E+02  2.6252E-01  1.2323E-01
  4.0863E+02  2.6241E-01  1.2327E-01
  4.0895E+02  2.6230E-01  1.2332E-01
  4.0927E+02  2.6219E-01  1.2337E-01
  4.0958E+02  2.6209E-01  1.2342E-01
  4.0990E+02  2.6198E-01  1.2346E-01
  4.1022E+02  2.6187E-01  1.2351E-01
  4.1054E+02  2.6176E-01  1.2356E-01
  4.1086E+02  2.6166E-01  1.2361E-01
  4.1117E+02  2.6155E-01  1.2365E-01
  4.1149E+02  2.6144E-01  1.2370E-01
  4.1181E+02  2.6134E-01  1.2375E-01
  4.1213E+02  2.6123E-01  1.2380E-01
  4.1245E+02  2.6112E-01  1.2384E-01
  4.1276E+02  2.6101E-01  1.2389E-01
  4.1308E+02  2.6091E-01  1.2394E-01
  4.1340E+02  2.6080E-01  1.2398E-01
  4.1372E+02  2.6069E-01  1.2403E-01
  4.1404E+02  2.6058E-01  1.2408E-01
  4.1435E+02  2.6048E-01  1.2412E-01
  4.1467E+02  2.6037E-01  1.2417E-01
  4.1499E+02  2.6026E-01  1.2422E-01
  4.1531E+02  2.6016E-01  1.2426E-01
  4.1563E+02  2.6005E-01  1.2431E-01
  4.1594E+02  2.5994E-01  1.2436E-01
  4.1626E+02  2.5983E-01  1.2440E-01
  4.1658E+02  2.5973E-01  1.2445E-01
  4.1690E+02  2.5962E-01  1.2449E-01
  4.1722E+02  2.5951E-01  1.2454E-01
  4.1753E+02  2.5941E-01  1.2459E-01
  4.1785E+02  2.5930E-01  1.2463E-01
  4.1817E+02  2.5919E-01  1.2468E-01
  4.1849E+02  2.5909E-01  1.2472E-01
  4.1881E+02  2.5898E-01  1.2477E-01
  4.1912E+02  2.5887E-01  1.2482E-01
  4.1944E+02  2.5876E-01  1.2486E-01
  4.1976E+02  2.5866E-01  1.2491E-01
  4.2008E+02  2.5855E-01  1.2495E-01
  4.2040E+02  2.5844E-01  1.2500E-01
  4.2071E+02  2.5834E-01  1.2504E-01
  4.2103E+02  2.5823E-01  1.2509E-01
  4.2135E+02  2.5812E-01  1.2513E-01
  4.2167E+02  2.5802E-01  1.2518E-01
  4.2199E+02  2.5791E-01  1.2522E-01
  4.2230E+02  2.5780E-01  1.2527E-01
  4.2262E+02  2.5770E-01  1.2531E-01
  4.2294E+02  2.5759E-01  1.2536E-01
  4.2326E+02  2.5748E-01  1.2540E-01
  4.2358E+02  2.5738E-01  1.2545E-01
  4.2389E+02  2.5727E-01  1.2549E-01
  4.2421E+02  2.5716E-01  1.2554E-01
  4.2453E+02  2.5706E-01  1.2558E-01
  4.2485E+02  2.5695E-01  1.2563E-01
  4.2517E+02  2.5684E-01  1.2567E-01
  4.2548E+02  2.5674E-01  1.2572E-01
  4.2580E+02  2.5663E-01  1.2576E-01
  4.2612E+02  2.5652E-01  1.2581E-01
  4.2644E+02  2.5642E-01  1.2585E-01
  4.2676E+02  2.5631E-01  1.2590E-01
  4.2707E+02  2.5620E-01  1.2594E-01
  4.2739E+02  2.5610E-01  1.2598E-01
  4.2771E+02  2.5599E-01  1.2603E-01
  4.2803E+02  2.5589E-01  1.2607E-01
  4.2835E+02  2.5578E-01  1.2612E-01
  4.2866E+02  2.5567E-01  1.2616E-01
  4.2898E+02  2.5557E-01  1.2620E-01
  4.2930E+02  2.5546E-01  1.2625E-01
  4.2962E+02  2.5535E-01  1.2629E-01
  4.2994E+02  2.5525E-01  1.2634E-01
  4.3025E+02  2.5514E-01  1.2638E-01
  4.3057E+02  2.5503E-01  1.2642E-01
  4.3089E+02  2.5493E-01  1.2647E-01
  4.3121E+02  2.5482E-01  1.2651E-01
  4.3153E+02  2.5472E-01  1.2655E-01
  4.3184E+02  2.5461E-01  1.2660E-01
  4.3216E+02  2.5450E-01  1.2664E-01
  4.3248E+02  2.5440E-01  1.2668E-01
  4.3280E+02  2.5429E-01  1.2673E-01
  4.3312E+02  2.5418E-01  1.2677E-01
  4.3343E+02  2.5408E-01  1.2681E-01
  4.3375E+02  2.5397E-01  1.2686E-01
  4.3407E+02  2.5387E-01  1.2690E-01
  4.3439E+02  2.5376E-01  1.2694E-01
  4.3471E+02  2.5365E-01  1.2698E-01
  4.3502E+02  2.5355E-01  1.2703E-01
  4.3534E+02  2.5344E-01  1.2707E-01
  4.3566E+02  2.5334E-01  1.2711E-01
  4.3598E+02  2.5323E-01  1.2716E-01
  4.3630E+02  2.5312E-01  1.2720E-01
  4.3661E+02  2.5302E-01  1.2724E-01
  4.3693E+02  2.5291E-01  1.2728E-01
  4.3725E+02  2.5281E-01  1.2733E-01
  4.3757E+02  2.5270E-01  1.2737E-01
  4.3789E+02  2.5260E-01  1.2741E-01
  4.3820E+02  2.5249E-01  1.2745E-01
  4.3852E+02  2.5238E-01  1.2749E-01
  4.3884E+02  2.5228E-01  1.2754E-01
  4.3916E+02  2.5217E-01  1.2758E-01
  4.3948E+02  2.5207E-01  1.2762E-01
  4.3979E+02  2.5196E-01  1.2766E-01
  4.4011E+02  2.5185E-01  1.2770E-01
  4.4043E+02  2.5175E-01  1.2775E-01
  4.4075E+02  2.5164E-01  1.2779E-01
  4.4107E+02  2.5154E-01  1.2783E-01
  4.4138E+02  2.5143E-01  1.2787E-01
  4.4170E+02  2.5133E-01  1.2791E-01
  4.4202E+02  2.5122E-01  1.2795E-01
  4.4234E+02  2.5112E-01  1.2800E-01
  4.4266E+02  2.5101E-01  1.2804E-01
  4.4297E+02  2.5090E-01  1.2808E-01
  4.4329E+02  2.5080E-01  1.2812E-01
  4.4361E+02  2.5069E-01  1.2816E-01
  4.4393E+02  2.5059E-01  1.2820E-01
  4.4425E+02  2.5048E-01  1.2824E-01
  4.4456E+02  2.5038E-01  1.2829E-01
  4.4488E+02  2.5027E-01  1.2833E-01
  4.4520E+02  2.5017E-01  1.2837E-01
  4.4552E+02  2.5006E-01  1.2841E-01
  4.4584E+02  2.4996E-01  1.2845E-01
  4.4615E+02  2.4985E-01  1.2849E-01
  4.4647E+02  2.4974E-01  1.2853E-01
  4.4679E+02  2.4964E-01  1.2857E-01
  4.4711E+02  2.4953E-01  1.2861E-01
  4.4743E+02  2.4943E-01  1.2865E-01
  4.4774E+02  2.4932E-01  1.2869E-01
  4.4806E+02  2.4922E-01  1.2873E-01
  4.4838E+02  2.4911E-01  1.2877E-01
  4.4870E+02  2.4901E-01  1.2881E-01
  4.4902E+02  2.4890E-01  1.2885E-01
  4.4933E+02  2.4880E-01  1.2889E-01
  4.4965E+02  2.4869E-01  1.2894E-01
  4.4997E+02  2.4859E-01  1.2898E-01
  4.5029E+02  2.4848E-01  1.2902E-01
  4.5061E+02  2.4838E-01  1.2906E-01
  4.5092E+02  2.4827E-01  1.2910E-01
  4.5124E+02  2.4817E-01  1.2914E-01
  4.5156E+02  2.4806E-01  1.2918E-01
  4.5188E+02  2.4796E-01  1.2921E-01
  4.5220E+02  2.4785E-01  1.2925E-01
  4.5251E+02  2.4775E-01  1.2929E-01
  4.5283E+02  2.4764E-01  1.2933E-01
  4.5315E+02  2.4754E-01  1.2937E-01
  4.5347E+02  2.4743E-01  1.2941E-01
  4.5379E+02  2.4733E-01  1.2945E-01
  4.5410E+02  2.4722E-01  1.2949E-01
  4.5442E+02  2.4712E-01  1.2953E-01
  4.5474E+02  2.4701E-01  1.2957E-01
  4.5506E+02  2.4691E-01  1.2961E-01
  4.5538E+02  2.4681E-01  1.2965E-01
  4.5569E+02  2.4670E-01  1.2969E-01
  4.5601E+02  2.4660E-01  1.2973E-01
  4.5633E+02  2.4649E-01  1.2977E-01
  4.5665E+02  2.4639E-01  1.2981E-01
  4.5697E+02  2.4628E-01  1.2984E-01
  4.5728E+02  2.4618E-01  1.2988E-01
  4.5760E+02  2.4607E-01  1.2992E-01
  4.5792E+02  2.4597E-01  1.2996E-01
  4.5824E+02  2.4586E-01  1.3000E-01
  4.5856E+02  2.4576E-01  1.3004E-01
  4.5887E+02  2.4565E-01  1.3008E-01
  4.5919E+02  2.4555E-01  1.3011E-01
  4.5951E+02  2.4545E-01  1.3015E-01
  4.5983E+02  2.4534E-01  1.3019E-01
  4.6015E+02  2.4524E-01  1.3023E-01
  4.6046E+02  2.4513E-01  1.3027E-01
  4.6078E+02  2.4503E-01  1.3031E-01
  4.6110E+02  2.4492E-01  1.3034E-01
  4.6142E+02  2.4482E-01  1.3038E-01
  4.6174E+02  2.4472E-01  1.3042E-01
  4.6205E+02  2.4461E-01  1.3046E-01
  4.6237E+02  2.4451E-01  1.3050E-01
  4.6269E+02  2.4440E-01  1.3053E-01
  4.6301E+02  2.4430E-01  1.3057E-01
  4.6333E+02  2.4419E-01  1.3061E-01
  4.6364E+02  2.4409E-01  1.3065E-01
  4.6396E+02  2.4399E-01  1.3069E-01
  4.6428E+02  2.4388E-01  1.3072E-01
  4.6460E+02  2.4378E-01  1.3076E-01
  4.6492E+02  2.4367E-01  1.3080E-01
  4.6523E+02  2.4357E-01  1.3084E-01
  4.6555E+02  2.4346E-01  1.3087E-01
  4.6587E+02  2.4336E-01  1.3091E-01
  4.6619E+02  2.4326E-01  1.3095E-01
  4.6651E+02  2.4315E-01  1.3099E-01
  4.6682E+02  2.4305E-01  1.3102E-01
  4.6714E+02  2.4294E-01  1.3106E-01
  4.6746E+02  2.4284E-01  1.3110E-01
  4.6778E+02  2.4274E-01  1.3113E-01
  4.6810E+02  2.4263E-01  1.3117E-01
  4.6841E+02  2.4253E-01  1.3121E-01
  4.6873E+02  2.4243E-01  1.3124E-01
  4.6905E+02  2.4232E-01  1.3128E-01
  4.6937E+02  2.4222E-01  1.3132E-01
  4.6969E+02  2.4211E-01  1.3135E-01
  4.7000E+02  2.4201E-01  1.3139E-01
  4.7032E+02  2.4191E-01  1.3143E-01
  4.7064E+02  2.4180E-01  1.3146E-01
  4.7096E+02  2.4170E-01  1.3150E-01
  4.7128E+02  2.4159E-01  1.3154E-01
  4.7159E+02  2.4149E-01  1.3157E-01
  4.7191E+02  2.4139E-01  1.3161E-01
  4.7223E+02  2.4128E-01  1.3165E-01
  4.7255E+02  2.4118E-01  1.3168E-01
  4.7287E+02  2.4108E-01  1.3172E-01
  4.7318E+02  2.4097E-01  1.3175E-01
  4.7350E+02  2.4087E-01  1.3179E-01
  4.7382E+02  2.4077E-01  1.3183E-01
  4.7414E+02  2.4066E-01  1.3186E-01
  4.7446E+02  2.4056E-01  1.3190E-01
  4.7477E+02  2.4046E-01  1.3193E-01
  4.7509E+02  2.4035E-01  1.3197E-01
  4.7541E+02  2.4025E-01  1.3201E-01
  4.7573E+02  2.4014E-01  1.3204E-01
  4.7605E+02  2.4004E-01  1.3208E-01
  4.7636E+02  2.3994E-01  1.3211E-01
  4.7668E+02  2.3983E-01  1.3215E-01
  4.7700E+02  2.3973E-01  1.3218E-01
  4.7732E+02  2.3963E-01  1.3222E-01
  4.7764E+02  2.3952E-01  1.3225E-01
  4.7795E+02  2.3942E-01  1.3229E-01
  4.7827E+02  2.3932E-01  1.3232E-01
  4.7859E+02  2.3921E-01  1.3236E-01
  4.7891E+02  2.3911E-01  1.3239E-01
  4.7923E+02  2.3901E-01  1.3243E-01
  4.7954E+02  2.3890E-01  1.3246E-01
  4.7986E+02  2.3880E-01  1.3250E-01
  4.8018E+02  2.3870E-01  1.3253E-01
  4.8050E+02  2.3860E-01  1.3257E-01
  4.8082E+02  2.3849E-01  1.3260E-01
  4.8113E+02  2.3839E-01  1.3264E-01
  4.8145E+02  2.3829E-01  1.3267E-01
  4.8177E+02  2.3818E-01  1.3271E-01
  4.8209E+02  2.3808E-01  1.3274E-01
  4.8241E+02  2.3798E-01  1.3278E-01
  4.8272E+02  2.3787E-01  1.3281E-01
  4.8304E+02  2.3777E-01  1.3285E-01
  4.8336E+02  2.3767E-01  1.3288E-01
  4.8368E+02  2.3757E-01  1.3291E-01
  4.8400E+02  2.3746E-01  1.3295E-01
  4.8431E+02  2.3736E-01  1.3298E-01
  4.8463E+02  2.3726E-01  1.3302E-01
  4.8495E+02  2.3715E-01  1.3305E-01
  4.8527E+02  2.3705E-01  1.3308E-01
  4.8559E+02  2.3695E-01  1.3312E-01
  4.8590E+02  2.3685E-01  1.3315E-01
  4.8622E+02  2.3674E-01  1.3319E-01
  4.8654E+02  2.3664E-01  1.3322E-01
  4.8686E+02  2.3654E-01  1.3325E-01
  4.8718E+02  2.3643E-01  1.3329E-01
  4.8749E+02  2.3633E-01  1.3332E-01
  4.8781E+02  2.3623E-01  1.3335E-01
  4.8813E+02  2.3613E-01  1.3339E-01
  4.8845E+02  2.3602E-01  1.3342E-01
  4.8877E+02  2.3592E-01  1.3345E-01
  4.8908E+02  2.3582E-01  1.3349E-01
  4.8940E+02  2.3572E-01  1.3352E-01
  4.8972E+02  2.3561E-01  1.3355E-01
  4.9004E+02  2.3551E-01  1.3359E-01
  4.9036E+02  2.3541E-01  1.3362E-01
  4.9067E+02  2.3531E-01  1.3365E-01
  4.9099E+02  2.3520E-01  1.3369E-01
  4.9131E+02  2.3510E-01  1.3372E-01
  4.9163E+02  2.3500E-01  1.3375E-01
  4.9195E+02  2.3490E-01  1.3379E-01
  4.9226E+02  2.3479E-01  1.3382E-01
  4.9258E+02  2.3469E-01  1.3385E-01
  4.9290E+02  2.3459E-01  1.3388E-01
  4.9322E+02  2.3449E-01  1.3392E-01
  4.9354E+02  2.3438E-01  1.3395E-01
  4.9385E+02  2.3428E-01  1.3398E-01
  4.9417E+02  2.3418E-01  1.3401E-01
  4.9449E+02  2.3408E-01  1.3405E-01
  4.9481E+02  2.3398E-01  1.3408E-01
  4.9513E+02  2.3387E-01  1.3411E-01
  4.9544E+02  2.3377E-01  1.3414E-01
  4.9576E+02  2.3367E-01  1.3418E-01
  4.9608E+02  2.3357E-01  1.3421E-01
  4.9640E+02  2.3347E-01  1.3424E-01
  4.9672E+02  2.3336E-01  1.3427E-01
  4.9703E+02  2.3326E-01  1.3431E-01
  4.9735E+02  2.3316E-01  1.3434E-01
  4.9767E+02  2.3306E-01  1.3437E-01
  4.9799E+02  2.3296E-01  1.3440E-01
  4.9831E+02  2.3285E-01  1.3443E-01
  4.9862E+02  2.3275E-01  1.3446E-01
  4.9894E+02  2.3265E-01  1.3450E-01
  4.9926E+02  2.3255E-01  1.3453E-01
  4.9958E+02  2.3245E-01  1.3456E-01
  4.9990E+02  2.3234E-01  1.3459E-01
  5.0000E+02  2.3231E-01  1.3460E-01
