# CREATED BY GENE DIAGNOSTICS TOOL on Mon Jun 25 12:39:54 2018
# diag: GAMDIAG, run(s): 0045, time window: 0-500(1564 steps), species: ions
# original data path: /r/c/cmor/ZF_3rd/w7xhms05/1.5047-2.5/
# normalization: L_ref=5.4832m
#
# xind= 0, x/a= 0.70710677, q= 1.1018624
# Fit:    1,-0.04254257,10.100674
# Analytic (Gao, Zhou/Yu): 0.32199362,-0.046209908,10.101367
#  t          Re[phi]     Im[phi]   
  0.0000E+00  9.9998E-01  0.0000E+00
  3.2000E-01  9.9382E-01  7.9497E-04
  6.4000E-01  9.7684E-01  1.5657E-03
  9.6000E-01  9.5216E-01  2.3187E-03
  1.2800E+00  9.2292E-01  3.0591E-03
  1.6000E+00  8.9164E-01  3.7961E-03
  1.9200E+00  8.6013E-01  4.5370E-03
  2.2400E+00  8.2957E-01  5.2748E-03
  2.5600E+00  8.0064E-01  5.9896E-03
  2.8800E+00  7.7368E-01  6.6561E-03
  3.2000E+00  7.4880E-01  7.2519E-03
  3.5200E+00  7.2595E-01  7.7613E-03
  3.8400E+00  7.0498E-01  8.1772E-03
  4.1600E+00  6.8571E-01  8.4996E-03
  4.4800E+00  6.6792E-01  8.7349E-03
  4.8000E+00  6.5144E-01  8.8936E-03
  5.1200E+00  6.3611E-01  8.9890E-03
  5.4400E+00  6.2181E-01  9.0363E-03
  5.7600E+00  6.0843E-01  9.0511E-03
  6.0800E+00  5.9592E-01  9.0484E-03
  6.4000E+00  5.8420E-01  9.0434E-03
  6.7200E+00  5.7323E-01  9.0466E-03
  7.0400E+00  5.6296E-01  9.0675E-03
  7.3600E+00  5.5335E-01  9.1149E-03
  7.6800E+00  5.4433E-01  9.1866E-03
  8.0000E+00  5.3584E-01  9.2847E-03
  8.3200E+00  5.2785E-01  9.4142E-03
  8.6400E+00  5.2029E-01  9.5647E-03
  8.9600E+00  5.1311E-01  9.7290E-03
  9.2800E+00  5.0628E-01  9.9078E-03
  9.6000E+00  4.9975E-01  1.0098E-02
  9.9200E+00  4.9348E-01  1.0294E-02
  1.0240E+01  4.8745E-01  1.0494E-02
  1.0560E+01  4.8165E-01  1.0689E-02
  1.0880E+01  4.7604E-01  1.0872E-02
  1.1200E+01  4.7060E-01  1.1040E-02
  1.1520E+01  4.6533E-01  1.1188E-02
  1.1840E+01  4.6024E-01  1.1311E-02
  1.2160E+01  4.5531E-01  1.1405E-02
  1.2480E+01  4.5052E-01  1.1469E-02
  1.2800E+01  4.4584E-01  1.1502E-02
  1.3120E+01  4.4127E-01  1.1506E-02
  1.3440E+01  4.3684E-01  1.1488E-02
  1.3760E+01  4.3258E-01  1.1452E-02
  1.4080E+01  4.2848E-01  1.1396E-02
  1.4400E+01  4.2449E-01  1.1315E-02
  1.4720E+01  4.2059E-01  1.1209E-02
  1.5040E+01  4.1679E-01  1.1083E-02
  1.5360E+01  4.1309E-01  1.0943E-02
  1.5680E+01  4.0948E-01  1.0793E-02
  1.6000E+01  4.0598E-01  1.0640E-02
  1.6320E+01  4.0255E-01  1.0486E-02
  1.6640E+01  3.9919E-01  1.0331E-02
  1.6960E+01  3.9587E-01  1.0169E-02
  1.7280E+01  3.9260E-01  9.9975E-03
  1.7600E+01  3.8938E-01  9.8200E-03
  1.7920E+01  3.8623E-01  9.6414E-03
  1.8240E+01  3.8316E-01  9.4613E-03
  1.8560E+01  3.8019E-01  9.2769E-03
  1.8880E+01  3.7735E-01  9.0891E-03
  1.9200E+01  3.7465E-01  8.9075E-03
  1.9520E+01  3.7212E-01  8.7484E-03
  1.9840E+01  3.6976E-01  8.6232E-03
  2.0160E+01  3.6753E-01  8.5295E-03
  2.0480E+01  3.6540E-01  8.4524E-03
  2.0800E+01  3.6336E-01  8.3735E-03
  2.1120E+01  3.6140E-01  8.2816E-03
  2.1440E+01  3.5959E-01  8.1799E-03
  2.1760E+01  3.5798E-01  8.0837E-03
  2.2080E+01  3.5662E-01  8.0117E-03
  2.2400E+01  3.5548E-01  7.9759E-03
  2.2720E+01  3.5453E-01  7.9746E-03
  2.3040E+01  3.5366E-01  7.9920E-03
  2.3360E+01  3.5282E-01  8.0095E-03
  2.3680E+01  3.5199E-01  8.0184E-03
  2.4000E+01  3.5123E-01  8.0252E-03
  2.4320E+01  3.5062E-01  8.0484E-03
  2.4640E+01  3.5028E-01  8.1146E-03
  2.4960E+01  3.5026E-01  8.2486E-03
  2.5280E+01  3.5052E-01  8.4574E-03
  2.5600E+01  3.5094E-01  8.7212E-03
  2.5920E+01  3.5132E-01  9.0027E-03
  2.6240E+01  3.5152E-01  9.2640E-03
  2.6560E+01  3.5142E-01  9.4779E-03
  2.6880E+01  3.5101E-01  9.6326E-03
  2.7200E+01  3.5036E-01  9.7383E-03
  2.7520E+01  3.4964E-01  9.8313E-03
  2.7840E+01  3.4908E-01  9.9641E-03
  2.8160E+01  3.4886E-01  1.0181E-02
  2.8480E+01  3.4909E-01  1.0497E-02
  2.8800E+01  3.4973E-01  1.0895E-02
  2.9120E+01  3.5070E-01  1.1339E-02
  2.9440E+01  3.5187E-01  1.1793E-02
  2.9760E+01  3.5308E-01  1.2224E-02
  3.0080E+01  3.5422E-01  1.2607E-02
  3.0400E+01  3.5516E-01  1.2932E-02
  3.0720E+01  3.5587E-01  1.3205E-02
  3.1040E+01  3.5640E-01  1.3448E-02
  3.1360E+01  3.5683E-01  1.3689E-02
  3.1680E+01  3.5728E-01  1.3951E-02
  3.2000E+01  3.5783E-01  1.4242E-02
  3.2320E+01  3.5851E-01  1.4559E-02
  3.2640E+01  3.5935E-01  1.4896E-02
  3.2960E+01  3.6036E-01  1.5250E-02
  3.3280E+01  3.6154E-01  1.5613E-02
  3.3600E+01  3.6284E-01  1.5976E-02
  3.3920E+01  3.6419E-01  1.6322E-02
  3.4240E+01  3.6549E-01  1.6632E-02
  3.4560E+01  3.6665E-01  1.6894E-02
  3.4880E+01  3.6765E-01  1.7109E-02
  3.5200E+01  3.6853E-01  1.7290E-02
  3.5520E+01  3.6940E-01  1.7466E-02
  3.5840E+01  3.7037E-01  1.7666E-02
  3.6160E+01  3.7155E-01  1.7910E-02
  3.6480E+01  3.7295E-01  1.8209E-02
  3.6800E+01  3.7459E-01  1.8564E-02
  3.7120E+01  3.7640E-01  1.8964E-02
  3.7440E+01  3.7833E-01  1.9394E-02
  3.7760E+01  3.8032E-01  1.9838E-02
  3.8080E+01  3.8232E-01  2.0281E-02
  3.8400E+01  3.8427E-01  2.0710E-02
  3.8720E+01  3.8612E-01  2.1113E-02
  3.9040E+01  3.8777E-01  2.1474E-02
  3.9360E+01  3.8913E-01  2.1769E-02
  3.9680E+01  3.9010E-01  2.1976E-02
  4.0000E+01  3.9062E-01  2.2082E-02
  4.0320E+01  3.9070E-01  2.2088E-02
  4.0640E+01  3.9038E-01  2.2015E-02
  4.0960E+01  3.8978E-01  2.1897E-02
  4.1280E+01  3.8905E-01  2.1771E-02
  4.1600E+01  3.8831E-01  2.1671E-02
  4.1920E+01  3.8772E-01  2.1624E-02
  4.2240E+01  3.8737E-01  2.1648E-02
  4.2560E+01  3.8734E-01  2.1750E-02
  4.2880E+01  3.8764E-01  2.1923E-02
  4.3200E+01  3.8825E-01  2.2149E-02
  4.3520E+01  3.8911E-01  2.2408E-02
  4.3840E+01  3.9017E-01  2.2680E-02
  4.4160E+01  3.9136E-01  2.2947E-02
  4.4480E+01  3.9260E-01  2.3197E-02
  4.4800E+01  3.9384E-01  2.3424E-02
  4.5120E+01  3.9505E-01  2.3627E-02
  4.5440E+01  3.9617E-01  2.3807E-02
  4.5760E+01  3.9717E-01  2.3958E-02
  4.6080E+01  3.9802E-01  2.4077E-02
  4.6400E+01  3.9867E-01  2.4159E-02
  4.6720E+01  3.9912E-01  2.4204E-02
  4.7040E+01  3.9935E-01  2.4217E-02
  4.7360E+01  3.9939E-01  2.4202E-02
  4.7680E+01  3.9925E-01  2.4161E-02
  4.8000E+01  3.9896E-01  2.4100E-02
  4.8320E+01  3.9856E-01  2.4027E-02
  4.8640E+01  3.9808E-01  2.3951E-02
  4.8960E+01  3.9756E-01  2.3876E-02
  4.9280E+01  3.9699E-01  2.3801E-02
  4.9600E+01  3.9642E-01  2.3721E-02
  4.9920E+01  3.9585E-01  2.3636E-02
  5.0240E+01  3.9534E-01  2.3554E-02
  5.0560E+01  3.9493E-01  2.3490E-02
  5.0880E+01  3.9467E-01  2.3461E-02
  5.1200E+01  3.9460E-01  2.3481E-02
  5.1520E+01  3.9472E-01  2.3558E-02
  5.1840E+01  3.9503E-01  2.3694E-02
  5.2160E+01  3.9549E-01  2.3882E-02
  5.2480E+01  3.9604E-01  2.4105E-02
  5.2800E+01  3.9664E-01  2.4335E-02
  5.3120E+01  3.9722E-01  2.4545E-02
  5.3440E+01  3.9775E-01  2.4716E-02
  5.3760E+01  3.9822E-01  2.4846E-02
  5.4080E+01  3.9864E-01  2.4945E-02
  5.4400E+01  3.9906E-01  2.5036E-02
  5.4720E+01  3.9950E-01  2.5142E-02
  5.5040E+01  3.9998E-01  2.5279E-02
  5.5360E+01  4.0051E-01  2.5448E-02
  5.5680E+01  4.0108E-01  2.5643E-02
  5.6000E+01  4.0165E-01  2.5850E-02
  5.6320E+01  4.0220E-01  2.6062E-02
  5.6640E+01  4.0270E-01  2.6276E-02
  5.6960E+01  4.0313E-01  2.6492E-02
  5.7280E+01  4.0346E-01  2.6711E-02
  5.7600E+01  4.0367E-01  2.6931E-02
  5.7920E+01  4.0374E-01  2.7151E-02
  5.8240E+01  4.0368E-01  2.7369E-02
  5.8560E+01  4.0348E-01  2.7582E-02
  5.8880E+01  4.0314E-01  2.7789E-02
  5.9200E+01  4.0267E-01  2.7983E-02
  5.9520E+01  4.0207E-01  2.8156E-02
  5.9840E+01  4.0135E-01  2.8301E-02
  6.0160E+01  4.0051E-01  2.8408E-02
  6.0480E+01  3.9958E-01  2.8475E-02
  6.0800E+01  3.9857E-01  2.8504E-02
  6.1120E+01  3.9752E-01  2.8505E-02
  6.1440E+01  3.9646E-01  2.8491E-02
  6.1760E+01  3.9544E-01  2.8476E-02
  6.2080E+01  3.9448E-01  2.8470E-02
  6.2400E+01  3.9360E-01  2.8476E-02
  6.2720E+01  3.9282E-01  2.8493E-02
  6.3040E+01  3.9212E-01  2.8515E-02
  6.3360E+01  3.9151E-01  2.8540E-02
  6.3680E+01  3.9099E-01  2.8567E-02
  6.4000E+01  3.9056E-01  2.8599E-02
  6.4320E+01  3.9022E-01  2.8641E-02
  6.4640E+01  3.8996E-01  2.8694E-02
  6.4960E+01  3.8978E-01  2.8765E-02
  6.5280E+01  3.8966E-01  2.8857E-02
  6.5600E+01  3.8961E-01  2.8976E-02
  6.5920E+01  3.8961E-01  2.9122E-02
  6.6240E+01  3.8966E-01  2.9290E-02
  6.6560E+01  3.8973E-01  2.9471E-02
  6.6880E+01  3.8982E-01  2.9653E-02
  6.7200E+01  3.8991E-01  2.9833E-02
  6.7520E+01  3.9001E-01  3.0007E-02
  6.7840E+01  3.9010E-01  3.0181E-02
  6.8160E+01  3.9019E-01  3.0356E-02
  6.8480E+01  3.9028E-01  3.0534E-02
  6.8800E+01  3.9036E-01  3.0717E-02
  6.9120E+01  3.9043E-01  3.0904E-02
  6.9440E+01  3.9048E-01  3.1093E-02
  6.9760E+01  3.9053E-01  3.1281E-02
  7.0080E+01  3.9056E-01  3.1466E-02
  7.0400E+01  3.9058E-01  3.1647E-02
  7.0720E+01  3.9058E-01  3.1820E-02
  7.1040E+01  3.9057E-01  3.1983E-02
  7.1360E+01  3.9054E-01  3.2135E-02
  7.1680E+01  3.9047E-01  3.2272E-02
  7.2000E+01  3.9037E-01  3.2398E-02
  7.2320E+01  3.9024E-01  3.2516E-02
  7.2640E+01  3.9009E-01  3.2633E-02
  7.2960E+01  3.8991E-01  3.2753E-02
  7.3280E+01  3.8972E-01  3.2878E-02
  7.3600E+01  3.8952E-01  3.3003E-02
  7.3920E+01  3.8930E-01  3.3123E-02
  7.4240E+01  3.8906E-01  3.3233E-02
  7.4560E+01  3.8882E-01  3.3333E-02
  7.4880E+01  3.8857E-01  3.3427E-02
  7.5200E+01  3.8833E-01  3.3520E-02
  7.5520E+01  3.8810E-01  3.3621E-02
  7.5840E+01  3.8789E-01  3.3737E-02
  7.6160E+01  3.8771E-01  3.3874E-02
  7.6480E+01  3.8758E-01  3.4036E-02
  7.6800E+01  3.8748E-01  3.4224E-02
  7.7120E+01  3.8742E-01  3.4436E-02
  7.7440E+01  3.8740E-01  3.4672E-02
  7.7760E+01  3.8739E-01  3.4925E-02
  7.8080E+01  3.8740E-01  3.5188E-02
  7.8400E+01  3.8740E-01  3.5451E-02
  7.8720E+01  3.8738E-01  3.5704E-02
  7.9040E+01  3.8731E-01  3.5936E-02
  7.9360E+01  3.8718E-01  3.6134E-02
  7.9680E+01  3.8698E-01  3.6290E-02
  8.0000E+01  3.8669E-01  3.6395E-02
  8.0320E+01  3.8633E-01  3.6451E-02
  8.0640E+01  3.8591E-01  3.6469E-02
  8.0960E+01  3.8546E-01  3.6466E-02
  8.1280E+01  3.8503E-01  3.6466E-02
  8.1600E+01  3.8463E-01  3.6487E-02
  8.1920E+01  3.8431E-01  3.6543E-02
  8.2240E+01  3.8408E-01  3.6641E-02
  8.2560E+01  3.8394E-01  3.6780E-02
  8.2880E+01  3.8389E-01  3.6953E-02
  8.3200E+01  3.8390E-01  3.7150E-02
  8.3520E+01  3.8395E-01  3.7360E-02
  8.3840E+01  3.8403E-01  3.7571E-02
  8.4160E+01  3.8409E-01  3.7773E-02
  8.4480E+01  3.8414E-01  3.7960E-02
  8.4800E+01  3.8414E-01  3.8130E-02
  8.5120E+01  3.8411E-01  3.8283E-02
  8.5440E+01  3.8404E-01  3.8420E-02
  8.5760E+01  3.8394E-01  3.8546E-02
  8.6080E+01  3.8381E-01  3.8664E-02
  8.6400E+01  3.8367E-01  3.8779E-02
  8.6720E+01  3.8352E-01  3.8896E-02
  8.7040E+01  3.8338E-01  3.9022E-02
  8.7360E+01  3.8326E-01  3.9160E-02
  8.7680E+01  3.8316E-01  3.9312E-02
  8.8000E+01  3.8308E-01  3.9480E-02
  8.8320E+01  3.8303E-01  3.9661E-02
  8.8640E+01  3.8300E-01  3.9854E-02
  8.8960E+01  3.8299E-01  4.0055E-02
  8.9280E+01  3.8299E-01  4.0262E-02
  8.9600E+01  3.8301E-01  4.0466E-02
  8.9920E+01  3.8302E-01  4.0663E-02
  9.0240E+01  3.8303E-01  4.0847E-02
  9.0560E+01  3.8304E-01  4.1018E-02
  9.0880E+01  3.8304E-01  4.1176E-02
  9.1200E+01  3.8304E-01  4.1327E-02
  9.1520E+01  3.8305E-01  4.1476E-02
  9.1840E+01  3.8306E-01  4.1628E-02
  9.2160E+01  3.8308E-01  4.1784E-02
  9.2480E+01  3.8310E-01  4.1944E-02
  9.2800E+01  3.8312E-01  4.2108E-02
  9.3120E+01  3.8314E-01  4.2274E-02
  9.3440E+01  3.8316E-01  4.2441E-02
  9.3760E+01  3.8318E-01  4.2610E-02
  9.4080E+01  3.8320E-01  4.2778E-02
  9.4400E+01  3.8321E-01  4.2944E-02
  9.4720E+01  3.8321E-01  4.3107E-02
  9.5040E+01  3.8320E-01  4.3263E-02
  9.5360E+01  3.8317E-01  4.3410E-02
  9.5680E+01  3.8312E-01  4.3546E-02
  9.6000E+01  3.8305E-01  4.3672E-02
  9.6320E+01  3.8297E-01  4.3790E-02
  9.6640E+01  3.8287E-01  4.3900E-02
  9.6960E+01  3.8277E-01  4.4006E-02
  9.7280E+01  3.8266E-01  4.4109E-02
  9.7600E+01  3.8256E-01  4.4209E-02
  9.7920E+01  3.8247E-01  4.4311E-02
  9.8240E+01  3.8240E-01  4.4418E-02
  9.8560E+01  3.8236E-01  4.4535E-02
  9.8880E+01  3.8233E-01  4.4664E-02
  9.9200E+01  3.8233E-01  4.4806E-02
  9.9520E+01  3.8236E-01  4.4962E-02
  9.9840E+01  3.8240E-01  4.5130E-02
  1.0016E+02  3.8246E-01  4.5307E-02
  1.0048E+02  3.8253E-01  4.5489E-02
  1.0080E+02  3.8261E-01  4.5674E-02
  1.0112E+02  3.8269E-01  4.5857E-02
  1.0144E+02  3.8276E-01  4.6035E-02
  1.0176E+02  3.8283E-01  4.6206E-02
  1.0208E+02  3.8288E-01  4.6370E-02
  1.0240E+02  3.8292E-01  4.6523E-02
  1.0272E+02  3.8294E-01  4.6664E-02
  1.0304E+02  3.8294E-01  4.6794E-02
  1.0336E+02  3.8291E-01  4.6912E-02
  1.0368E+02  3.8287E-01  4.7018E-02
  1.0400E+02  3.8281E-01  4.7116E-02
  1.0432E+02  3.8273E-01  4.7209E-02
  1.0464E+02  3.8264E-01  4.7301E-02
  1.0496E+02  3.8254E-01  4.7394E-02
  1.0528E+02  3.8243E-01  4.7490E-02
  1.0560E+02  3.8231E-01  4.7586E-02
  1.0592E+02  3.8218E-01  4.7678E-02
  1.0624E+02  3.8204E-01  4.7761E-02
  1.0656E+02  3.8189E-01  4.7832E-02
  1.0688E+02  3.8173E-01  4.7893E-02
  1.0720E+02  3.8157E-01  4.7948E-02
  1.0752E+02  3.8141E-01  4.8004E-02
  1.0784E+02  3.8126E-01  4.8069E-02
  1.0816E+02  3.8113E-01  4.8150E-02
  1.0848E+02  3.8101E-01  4.8248E-02
  1.0880E+02  3.8091E-01  4.8362E-02
  1.0912E+02  3.8083E-01  4.8489E-02
  1.0944E+02  3.8076E-01  4.8624E-02
  1.0976E+02  3.8069E-01  4.8763E-02
  1.1008E+02  3.8063E-01  4.8902E-02
  1.1040E+02  3.8057E-01  4.9038E-02
  1.1072E+02  3.8049E-01  4.9170E-02
  1.1104E+02  3.8041E-01  4.9295E-02
  1.1136E+02  3.8031E-01  4.9417E-02
  1.1168E+02  3.8021E-01  4.9536E-02
  1.1200E+02  3.8010E-01  4.9657E-02
  1.1232E+02  3.7999E-01  4.9782E-02
  1.1264E+02  3.7988E-01  4.9913E-02
  1.1296E+02  3.7977E-01  5.0050E-02
  1.1328E+02  3.7967E-01  5.0192E-02
  1.1360E+02  3.7957E-01  5.0338E-02
  1.1392E+02  3.7949E-01  5.0486E-02
  1.1424E+02  3.7940E-01  5.0635E-02
  1.1456E+02  3.7933E-01  5.0784E-02
  1.1488E+02  3.7925E-01  5.0933E-02
  1.1520E+02  3.7918E-01  5.1083E-02
  1.1552E+02  3.7910E-01  5.1232E-02
  1.1584E+02  3.7902E-01  5.1383E-02
  1.1616E+02  3.7894E-01  5.1535E-02
  1.1648E+02  3.7886E-01  5.1691E-02
  1.1680E+02  3.7877E-01  5.1852E-02
  1.1712E+02  3.7868E-01  5.2016E-02
  1.1744E+02  3.7859E-01  5.2185E-02
  1.1776E+02  3.7849E-01  5.2354E-02
  1.1808E+02  3.7838E-01  5.2521E-02
  1.1840E+02  3.7826E-01  5.2680E-02
  1.1872E+02  3.7812E-01  5.2828E-02
  1.1904E+02  3.7798E-01  5.2963E-02
  1.1936E+02  3.7781E-01  5.3084E-02
  1.1968E+02  3.7763E-01  5.3189E-02
  1.2000E+02  3.7744E-01  5.3281E-02
  1.2032E+02  3.7723E-01  5.3359E-02
  1.2064E+02  3.7701E-01  5.3425E-02
  1.2096E+02  3.7678E-01  5.3482E-02
  1.2128E+02  3.7655E-01  5.3531E-02
  1.2160E+02  3.7632E-01  5.3579E-02
  1.2192E+02  3.7610E-01  5.3629E-02
  1.2224E+02  3.7589E-01  5.3686E-02
  1.2256E+02  3.7570E-01  5.3753E-02
  1.2288E+02  3.7552E-01  5.3832E-02
  1.2320E+02  3.7536E-01  5.3920E-02
  1.2352E+02  3.7520E-01  5.4016E-02
  1.2384E+02  3.7507E-01  5.4119E-02
  1.2416E+02  3.7493E-01  5.4225E-02
  1.2448E+02  3.7481E-01  5.4333E-02
  1.2480E+02  3.7468E-01  5.4442E-02
  1.2512E+02  3.7455E-01  5.4551E-02
  1.2544E+02  3.7442E-01  5.4660E-02
  1.2576E+02  3.7428E-01  5.4769E-02
  1.2608E+02  3.7414E-01  5.4877E-02
  1.2640E+02  3.7399E-01  5.4986E-02
  1.2672E+02  3.7384E-01  5.5096E-02
  1.2704E+02  3.7369E-01  5.5208E-02
  1.2736E+02  3.7353E-01  5.5322E-02
  1.2768E+02  3.7338E-01  5.5440E-02
  1.2800E+02  3.7323E-01  5.5564E-02
  1.2832E+02  3.7309E-01  5.5693E-02
  1.2864E+02  3.7295E-01  5.5829E-02
  1.2896E+02  3.7281E-01  5.5970E-02
  1.2928E+02  3.7268E-01  5.6115E-02
  1.2960E+02  3.7254E-01  5.6260E-02
  1.2992E+02  3.7240E-01  5.6404E-02
  1.3024E+02  3.7227E-01  5.6545E-02
  1.3056E+02  3.7213E-01  5.6683E-02
  1.3088E+02  3.7198E-01  5.6819E-02
  1.3120E+02  3.7184E-01  5.6953E-02
  1.3152E+02  3.7169E-01  5.7084E-02
  1.3184E+02  3.7154E-01  5.7214E-02
  1.3216E+02  3.7139E-01  5.7342E-02
  1.3248E+02  3.7123E-01  5.7467E-02
  1.3280E+02  3.7107E-01  5.7588E-02
  1.3312E+02  3.7091E-01  5.7705E-02
  1.3344E+02  3.7074E-01  5.7818E-02
  1.3376E+02  3.7058E-01  5.7928E-02
  1.3408E+02  3.7041E-01  5.8035E-02
  1.3440E+02  3.7025E-01  5.8143E-02
  1.3472E+02  3.7009E-01  5.8253E-02
  1.3504E+02  3.6994E-01  5.8367E-02
  1.3536E+02  3.6979E-01  5.8485E-02
  1.3568E+02  3.6965E-01  5.8608E-02
  1.3600E+02  3.6952E-01  5.8732E-02
  1.3632E+02  3.6939E-01  5.8857E-02
  1.3664E+02  3.6927E-01  5.8980E-02
  1.3696E+02  3.6915E-01  5.9101E-02
  1.3728E+02  3.6903E-01  5.9219E-02
  1.3760E+02  3.6890E-01  5.9334E-02
  1.3792E+02  3.6878E-01  5.9446E-02
  1.3824E+02  3.6866E-01  5.9556E-02
  1.3856E+02  3.6854E-01  5.9665E-02
  1.3888E+02  3.6842E-01  5.9774E-02
  1.3920E+02  3.6830E-01  5.9883E-02
  1.3952E+02  3.6819E-01  5.9994E-02
  1.3984E+02  3.6807E-01  6.0106E-02
  1.4016E+02  3.6796E-01  6.0220E-02
  1.4048E+02  3.6785E-01  6.0335E-02
  1.4080E+02  3.6774E-01  6.0451E-02
  1.4112E+02  3.6762E-01  6.0568E-02
  1.4144E+02  3.6751E-01  6.0684E-02
  1.4176E+02  3.6740E-01  6.0798E-02
  1.4208E+02  3.6728E-01  6.0911E-02
  1.4240E+02  3.6716E-01  6.1022E-02
  1.4272E+02  3.6704E-01  6.1133E-02
  1.4304E+02  3.6692E-01  6.1243E-02
  1.4336E+02  3.6679E-01  6.1353E-02
  1.4368E+02  3.6667E-01  6.1464E-02
  1.4400E+02  3.6654E-01  6.1575E-02
  1.4432E+02  3.6641E-01  6.1687E-02
  1.4464E+02  3.6628E-01  6.1798E-02
  1.4496E+02  3.6615E-01  6.1909E-02
  1.4528E+02  3.6602E-01  6.2019E-02
  1.4560E+02  3.6589E-01  6.2129E-02
  1.4592E+02  3.6577E-01  6.2239E-02
  1.4624E+02  3.6564E-01  6.2349E-02
  1.4656E+02  3.6552E-01  6.2459E-02
  1.4688E+02  3.6540E-01  6.2572E-02
  1.4720E+02  3.6528E-01  6.2687E-02
  1.4752E+02  3.6516E-01  6.2803E-02
  1.4784E+02  3.6505E-01  6.2923E-02
  1.4816E+02  3.6494E-01  6.3045E-02
  1.4848E+02  3.6483E-01  6.3170E-02
  1.4880E+02  3.6472E-01  6.3296E-02
  1.4912E+02  3.6461E-01  6.3422E-02
  1.4944E+02  3.6450E-01  6.3547E-02
  1.4976E+02  3.6439E-01  6.3670E-02
  1.5008E+02  3.6428E-01  6.3789E-02
  1.5040E+02  3.6417E-01  6.3903E-02
  1.5072E+02  3.6405E-01  6.4014E-02
  1.5104E+02  3.6393E-01  6.4121E-02
  1.5136E+02  3.6381E-01  6.4226E-02
  1.5168E+02  3.6368E-01  6.4330E-02
  1.5200E+02  3.6355E-01  6.4434E-02
  1.5232E+02  3.6342E-01  6.4540E-02
  1.5264E+02  3.6330E-01  6.4647E-02
  1.5296E+02  3.6317E-01  6.4756E-02
  1.5328E+02  3.6304E-01  6.4866E-02
  1.5360E+02  3.6292E-01  6.4976E-02
  1.5392E+02  3.6279E-01  6.5087E-02
  1.5424E+02  3.6267E-01  6.5199E-02
  1.5456E+02  3.6255E-01  6.5311E-02
  1.5488E+02  3.6243E-01  6.5424E-02
  1.5520E+02  3.6231E-01  6.5537E-02
  1.5552E+02  3.6219E-01  6.5650E-02
  1.5584E+02  3.6207E-01  6.5762E-02
  1.5616E+02  3.6195E-01  6.5874E-02
  1.5648E+02  3.6183E-01  6.5986E-02
  1.5680E+02  3.6172E-01  6.6098E-02
  1.5712E+02  3.6160E-01  6.6211E-02
  1.5744E+02  3.6148E-01  6.6325E-02
  1.5776E+02  3.6137E-01  6.6440E-02
  1.5808E+02  3.6125E-01  6.6555E-02
  1.5840E+02  3.6114E-01  6.6670E-02
  1.5872E+02  3.6103E-01  6.6784E-02
  1.5904E+02  3.6091E-01  6.6897E-02
  1.5936E+02  3.6080E-01  6.7006E-02
  1.5968E+02  3.6068E-01  6.7112E-02
  1.6000E+02  3.6056E-01  6.7214E-02
  1.6032E+02  3.6044E-01  6.7313E-02
  1.6064E+02  3.6032E-01  6.7411E-02
  1.6096E+02  3.6020E-01  6.7507E-02
  1.6128E+02  3.6008E-01  6.7603E-02
  1.6160E+02  3.5996E-01  6.7701E-02
  1.6192E+02  3.5984E-01  6.7801E-02
  1.6224E+02  3.5972E-01  6.7903E-02
  1.6256E+02  3.5960E-01  6.8007E-02
  1.6288E+02  3.5948E-01  6.8113E-02
  1.6320E+02  3.5937E-01  6.8219E-02
  1.6352E+02  3.5925E-01  6.8326E-02
  1.6384E+02  3.5913E-01  6.8432E-02
  1.6416E+02  3.5901E-01  6.8537E-02
  1.6448E+02  3.5889E-01  6.8642E-02
  1.6480E+02  3.5877E-01  6.8745E-02
  1.6512E+02  3.5865E-01  6.8848E-02
  1.6544E+02  3.5852E-01  6.8950E-02
  1.6576E+02  3.5840E-01  6.9052E-02
  1.6608E+02  3.5827E-01  6.9153E-02
  1.6640E+02  3.5815E-01  6.9256E-02
  1.6672E+02  3.5802E-01  6.9359E-02
  1.6704E+02  3.5790E-01  6.9464E-02
  1.6736E+02  3.5778E-01  6.9571E-02
  1.6768E+02  3.5766E-01  6.9680E-02
  1.6800E+02  3.5754E-01  6.9790E-02
  1.6832E+02  3.5741E-01  6.9901E-02
  1.6864E+02  3.5729E-01  7.0012E-02
  1.6896E+02  3.5717E-01  7.0124E-02
  1.6928E+02  3.5705E-01  7.0234E-02
  1.6960E+02  3.5693E-01  7.0344E-02
  1.6992E+02  3.5681E-01  7.0453E-02
  1.7024E+02  3.5668E-01  7.0561E-02
  1.7056E+02  3.5656E-01  7.0668E-02
  1.7088E+02  3.5644E-01  7.0775E-02
  1.7120E+02  3.5631E-01  7.0881E-02
  1.7152E+02  3.5619E-01  7.0987E-02
  1.7184E+02  3.5606E-01  7.1092E-02
  1.7216E+02  3.5594E-01  7.1196E-02
  1.7248E+02  3.5581E-01  7.1300E-02
  1.7280E+02  3.5569E-01  7.1403E-02
  1.7312E+02  3.5556E-01  7.1506E-02
  1.7344E+02  3.5544E-01  7.1607E-02
  1.7376E+02  3.5531E-01  7.1709E-02
  1.7408E+02  3.5519E-01  7.1809E-02
  1.7440E+02  3.5506E-01  7.1910E-02
  1.7472E+02  3.5494E-01  7.2012E-02
  1.7504E+02  3.5481E-01  7.2114E-02
  1.7536E+02  3.5469E-01  7.2218E-02
  1.7568E+02  3.5457E-01  7.2322E-02
  1.7600E+02  3.5444E-01  7.2427E-02
  1.7632E+02  3.5432E-01  7.2532E-02
  1.7664E+02  3.5420E-01  7.2638E-02
  1.7696E+02  3.5407E-01  7.2742E-02
  1.7728E+02  3.5395E-01  7.2847E-02
  1.7760E+02  3.5383E-01  7.2951E-02
  1.7792E+02  3.5370E-01  7.3055E-02
  1.7824E+02  3.5358E-01  7.3158E-02
  1.7856E+02  3.5346E-01  7.3262E-02
  1.7888E+02  3.5333E-01  7.3365E-02
  1.7920E+02  3.5320E-01  7.3468E-02
  1.7952E+02  3.5308E-01  7.3570E-02
  1.7984E+02  3.5295E-01  7.3671E-02
  1.8016E+02  3.5282E-01  7.3771E-02
  1.8048E+02  3.5270E-01  7.3869E-02
  1.8080E+02  3.5257E-01  7.3966E-02
  1.8112E+02  3.5244E-01  7.4063E-02
  1.8144E+02  3.5231E-01  7.4159E-02
  1.8176E+02  3.5219E-01  7.4256E-02
  1.8208E+02  3.5206E-01  7.4354E-02
  1.8240E+02  3.5194E-01  7.4453E-02
  1.8272E+02  3.5181E-01  7.4554E-02
  1.8304E+02  3.5169E-01  7.4656E-02
  1.8336E+02  3.5157E-01  7.4759E-02
  1.8368E+02  3.5145E-01  7.4864E-02
  1.8400E+02  3.5133E-01  7.4969E-02
  1.8432E+02  3.5121E-01  7.5075E-02
  1.8464E+02  3.5109E-01  7.5181E-02
  1.8496E+02  3.5097E-01  7.5287E-02
  1.8528E+02  3.5085E-01  7.5393E-02
  1.8560E+02  3.5073E-01  7.5497E-02
  1.8592E+02  3.5062E-01  7.5601E-02
  1.8624E+02  3.5050E-01  7.5704E-02
  1.8656E+02  3.5037E-01  7.5806E-02
  1.8688E+02  3.5025E-01  7.5909E-02
  1.8720E+02  3.5013E-01  7.6011E-02
  1.8752E+02  3.5001E-01  7.6113E-02
  1.8784E+02  3.4989E-01  7.6216E-02
  1.8816E+02  3.4976E-01  7.6320E-02
  1.8848E+02  3.4964E-01  7.6424E-02
  1.8880E+02  3.4952E-01  7.6528E-02
  1.8912E+02  3.4939E-01  7.6632E-02
  1.8944E+02  3.4927E-01  7.6735E-02
  1.8976E+02  3.4914E-01  7.6837E-02
  1.9008E+02  3.4902E-01  7.6938E-02
  1.9040E+02  3.4889E-01  7.7038E-02
  1.9072E+02  3.4877E-01  7.7137E-02
  1.9104E+02  3.4864E-01  7.7235E-02
  1.9136E+02  3.4851E-01  7.7332E-02
  1.9168E+02  3.4838E-01  7.7429E-02
  1.9200E+02  3.4825E-01  7.7526E-02
  1.9232E+02  3.4812E-01  7.7623E-02
  1.9264E+02  3.4799E-01  7.7720E-02
  1.9296E+02  3.4786E-01  7.7818E-02
  1.9328E+02  3.4773E-01  7.7915E-02
  1.9360E+02  3.4761E-01  7.8013E-02
  1.9392E+02  3.4748E-01  7.8111E-02
  1.9424E+02  3.4736E-01  7.8209E-02
  1.9456E+02  3.4723E-01  7.8308E-02
  1.9488E+02  3.4711E-01  7.8406E-02
  1.9520E+02  3.4698E-01  7.8505E-02
  1.9552E+02  3.4686E-01  7.8604E-02
  1.9584E+02  3.4674E-01  7.8703E-02
  1.9616E+02  3.4661E-01  7.8802E-02
  1.9648E+02  3.4649E-01  7.8901E-02
  1.9680E+02  3.4637E-01  7.9000E-02
  1.9712E+02  3.4624E-01  7.9099E-02
  1.9744E+02  3.4612E-01  7.9199E-02
  1.9776E+02  3.4600E-01  7.9298E-02
  1.9808E+02  3.4587E-01  7.9397E-02
  1.9840E+02  3.4575E-01  7.9496E-02
  1.9872E+02  3.4563E-01  7.9595E-02
  1.9904E+02  3.4551E-01  7.9693E-02
  1.9936E+02  3.4538E-01  7.9791E-02
  1.9968E+02  3.4526E-01  7.9888E-02
  2.0000E+02  3.4514E-01  7.9984E-02
  2.0032E+02  3.4501E-01  8.0080E-02
  2.0064E+02  3.4489E-01  8.0176E-02
  2.0096E+02  3.4477E-01  8.0272E-02
  2.0128E+02  3.4464E-01  8.0368E-02
  2.0160E+02  3.4452E-01  8.0465E-02
  2.0192E+02  3.4440E-01  8.0562E-02
  2.0224E+02  3.4428E-01  8.0659E-02
  2.0256E+02  3.4415E-01  8.0757E-02
  2.0288E+02  3.4403E-01  8.0854E-02
  2.0320E+02  3.4391E-01  8.0952E-02
  2.0352E+02  3.4379E-01  8.1050E-02
  2.0384E+02  3.4367E-01  8.1147E-02
  2.0416E+02  3.4355E-01  8.1244E-02
  2.0448E+02  3.4343E-01  8.1342E-02
  2.0480E+02  3.4331E-01  8.1438E-02
  2.0512E+02  3.4318E-01  8.1535E-02
  2.0544E+02  3.4306E-01  8.1632E-02
  2.0576E+02  3.4294E-01  8.1728E-02
  2.0608E+02  3.4282E-01  8.1825E-02
  2.0640E+02  3.4270E-01  8.1921E-02
  2.0672E+02  3.4258E-01  8.2017E-02
  2.0704E+02  3.4246E-01  8.2113E-02
  2.0736E+02  3.4234E-01  8.2208E-02
  2.0768E+02  3.4222E-01  8.2304E-02
  2.0800E+02  3.4210E-01  8.2399E-02
  2.0832E+02  3.4198E-01  8.2495E-02
  2.0864E+02  3.4186E-01  8.2590E-02
  2.0896E+02  3.4174E-01  8.2686E-02
  2.0928E+02  3.4163E-01  8.2782E-02
  2.0960E+02  3.4151E-01  8.2878E-02
  2.0992E+02  3.4139E-01  8.2974E-02
  2.1024E+02  3.4127E-01  8.3069E-02
  2.1056E+02  3.4115E-01  8.3165E-02
  2.1088E+02  3.4103E-01  8.3260E-02
  2.1120E+02  3.4091E-01  8.3355E-02
  2.1152E+02  3.4079E-01  8.3450E-02
  2.1184E+02  3.4068E-01  8.3545E-02
  2.1216E+02  3.4056E-01  8.3640E-02
  2.1248E+02  3.4044E-01  8.3735E-02
  2.1280E+02  3.4032E-01  8.3829E-02
  2.1312E+02  3.4020E-01  8.3924E-02
  2.1344E+02  3.4009E-01  8.4019E-02
  2.1376E+02  3.3997E-01  8.4114E-02
  2.1408E+02  3.3985E-01  8.4209E-02
  2.1440E+02  3.3973E-01  8.4304E-02
  2.1472E+02  3.3962E-01  8.4399E-02
  2.1504E+02  3.3950E-01  8.4494E-02
  2.1536E+02  3.3938E-01  8.4589E-02
  2.1568E+02  3.3926E-01  8.4685E-02
  2.1600E+02  3.3915E-01  8.4780E-02
  2.1632E+02  3.3903E-01  8.4875E-02
  2.1664E+02  3.3891E-01  8.4971E-02
  2.1696E+02  3.3880E-01  8.5066E-02
  2.1728E+02  3.3868E-01  8.5161E-02
  2.1760E+02  3.3857E-01  8.5256E-02
  2.1792E+02  3.3845E-01  8.5351E-02
  2.1824E+02  3.3833E-01  8.5446E-02
  2.1856E+02  3.3822E-01  8.5540E-02
  2.1888E+02  3.3810E-01  8.5635E-02
  2.1920E+02  3.3798E-01  8.5730E-02
  2.1952E+02  3.3787E-01  8.5824E-02
  2.1984E+02  3.3775E-01  8.5918E-02
  2.2016E+02  3.3764E-01  8.6012E-02
  2.2048E+02  3.3752E-01  8.6106E-02
  2.2080E+02  3.3740E-01  8.6200E-02
  2.2112E+02  3.3729E-01  8.6294E-02
  2.2144E+02  3.3717E-01  8.6388E-02
  2.2176E+02  3.3706E-01  8.6482E-02
  2.2208E+02  3.3694E-01  8.6576E-02
  2.2240E+02  3.3683E-01  8.6670E-02
  2.2272E+02  3.3671E-01  8.6764E-02
  2.2304E+02  3.3660E-01  8.6857E-02
  2.2336E+02  3.3648E-01  8.6951E-02
  2.2368E+02  3.3637E-01  8.7045E-02
  2.2400E+02  3.3626E-01  8.7138E-02
  2.2432E+02  3.3614E-01  8.7232E-02
  2.2464E+02  3.3603E-01  8.7325E-02
  2.2496E+02  3.3591E-01  8.7419E-02
  2.2528E+02  3.3580E-01  8.7512E-02
  2.2560E+02  3.3569E-01  8.7605E-02
  2.2592E+02  3.3557E-01  8.7698E-02
  2.2624E+02  3.3546E-01  8.7790E-02
  2.2656E+02  3.3535E-01  8.7883E-02
  2.2688E+02  3.3523E-01  8.7975E-02
  2.2720E+02  3.3512E-01  8.8067E-02
  2.2752E+02  3.3501E-01  8.8160E-02
  2.2784E+02  3.3489E-01  8.8252E-02
  2.2816E+02  3.3478E-01  8.8344E-02
  2.2848E+02  3.3467E-01  8.8436E-02
  2.2880E+02  3.3455E-01  8.8528E-02
  2.2912E+02  3.3444E-01  8.8621E-02
  2.2944E+02  3.3432E-01  8.8713E-02
  2.2976E+02  3.3421E-01  8.8804E-02
  2.3008E+02  3.3410E-01  8.8896E-02
  2.3040E+02  3.3398E-01  8.8988E-02
  2.3072E+02  3.3387E-01  8.9080E-02
  2.3104E+02  3.3375E-01  8.9171E-02
  2.3136E+02  3.3364E-01  8.9263E-02
  2.3168E+02  3.3352E-01  8.9355E-02
  2.3200E+02  3.3341E-01  8.9447E-02
  2.3232E+02  3.3329E-01  8.9539E-02
  2.3264E+02  3.3318E-01  8.9631E-02
  2.3296E+02  3.3306E-01  8.9724E-02
  2.3328E+02  3.3295E-01  8.9815E-02
  2.3360E+02  3.3283E-01  8.9907E-02
  2.3392E+02  3.3272E-01  8.9999E-02
  2.3424E+02  3.3260E-01  9.0091E-02
  2.3456E+02  3.3249E-01  9.0182E-02
  2.3488E+02  3.3237E-01  9.0274E-02
  2.3520E+02  3.3225E-01  9.0365E-02
  2.3552E+02  3.3214E-01  9.0457E-02
  2.3584E+02  3.3202E-01  9.0548E-02
  2.3616E+02  3.3190E-01  9.0639E-02
  2.3648E+02  3.3179E-01  9.0731E-02
  2.3680E+02  3.3167E-01  9.0821E-02
  2.3712E+02  3.3155E-01  9.0912E-02
  2.3744E+02  3.3143E-01  9.1002E-02
  2.3776E+02  3.3131E-01  9.1092E-02
  2.3808E+02  3.3120E-01  9.1182E-02
  2.3840E+02  3.3108E-01  9.1272E-02
  2.3872E+02  3.3096E-01  9.1361E-02
  2.3904E+02  3.3084E-01  9.1450E-02
  2.3936E+02  3.3072E-01  9.1539E-02
  2.3968E+02  3.3060E-01  9.1627E-02
  2.4000E+02  3.3048E-01  9.1715E-02
  2.4032E+02  3.3036E-01  9.1803E-02
  2.4064E+02  3.3025E-01  9.1891E-02
  2.4096E+02  3.3013E-01  9.1978E-02
  2.4128E+02  3.3001E-01  9.2065E-02
  2.4160E+02  3.2989E-01  9.2152E-02
  2.4192E+02  3.2977E-01  9.2239E-02
  2.4224E+02  3.2965E-01  9.2326E-02
  2.4256E+02  3.2953E-01  9.2413E-02
  2.4288E+02  3.2942E-01  9.2499E-02
  2.4320E+02  3.2930E-01  9.2586E-02
  2.4352E+02  3.2918E-01  9.2673E-02
  2.4384E+02  3.2906E-01  9.2759E-02
  2.4416E+02  3.2894E-01  9.2846E-02
  2.4448E+02  3.2882E-01  9.2933E-02
  2.4480E+02  3.2870E-01  9.3019E-02
  2.4512E+02  3.2859E-01  9.3105E-02
  2.4544E+02  3.2847E-01  9.3191E-02
  2.4576E+02  3.2835E-01  9.3277E-02
  2.4608E+02  3.2823E-01  9.3363E-02
  2.4640E+02  3.2811E-01  9.3449E-02
  2.4672E+02  3.2799E-01  9.3535E-02
  2.4704E+02  3.2787E-01  9.3621E-02
  2.4736E+02  3.2776E-01  9.3706E-02
  2.4768E+02  3.2764E-01  9.3792E-02
  2.4800E+02  3.2752E-01  9.3877E-02
  2.4832E+02  3.2740E-01  9.3963E-02
  2.4864E+02  3.2728E-01  9.4048E-02
  2.4896E+02  3.2716E-01  9.4133E-02
  2.4928E+02  3.2704E-01  9.4218E-02
  2.4960E+02  3.2692E-01  9.4303E-02
  2.4992E+02  3.2681E-01  9.4388E-02
  2.5024E+02  3.2669E-01  9.4473E-02
  2.5056E+02  3.2657E-01  9.4558E-02
  2.5088E+02  3.2645E-01  9.4643E-02
  2.5120E+02  3.2633E-01  9.4727E-02
  2.5152E+02  3.2621E-01  9.4812E-02
  2.5184E+02  3.2609E-01  9.4896E-02
  2.5216E+02  3.2597E-01  9.4981E-02
  2.5248E+02  3.2586E-01  9.5065E-02
  2.5280E+02  3.2574E-01  9.5149E-02
  2.5312E+02  3.2562E-01  9.5233E-02
  2.5344E+02  3.2550E-01  9.5317E-02
  2.5376E+02  3.2538E-01  9.5401E-02
  2.5408E+02  3.2526E-01  9.5485E-02
  2.5440E+02  3.2514E-01  9.5569E-02
  2.5472E+02  3.2503E-01  9.5652E-02
  2.5504E+02  3.2491E-01  9.5736E-02
  2.5536E+02  3.2479E-01  9.5819E-02
  2.5568E+02  3.2467E-01  9.5903E-02
  2.5600E+02  3.2455E-01  9.5986E-02
  2.5632E+02  3.2443E-01  9.6070E-02
  2.5664E+02  3.2431E-01  9.6153E-02
  2.5696E+02  3.2420E-01  9.6237E-02
  2.5728E+02  3.2408E-01  9.6320E-02
  2.5760E+02  3.2396E-01  9.6403E-02
  2.5792E+02  3.2384E-01  9.6486E-02
  2.5824E+02  3.2372E-01  9.6569E-02
  2.5856E+02  3.2360E-01  9.6652E-02
  2.5888E+02  3.2348E-01  9.6734E-02
  2.5920E+02  3.2336E-01  9.6817E-02
  2.5952E+02  3.2325E-01  9.6899E-02
  2.5984E+02  3.2313E-01  9.6982E-02
  2.6016E+02  3.2301E-01  9.7064E-02
  2.6048E+02  3.2289E-01  9.7146E-02
  2.6080E+02  3.2277E-01  9.7228E-02
  2.6112E+02  3.2265E-01  9.7310E-02
  2.6144E+02  3.2253E-01  9.7393E-02
  2.6176E+02  3.2242E-01  9.7475E-02
  2.6208E+02  3.2230E-01  9.7557E-02
  2.6240E+02  3.2218E-01  9.7639E-02
  2.6272E+02  3.2206E-01  9.7721E-02
  2.6304E+02  3.2194E-01  9.7803E-02
  2.6336E+02  3.2182E-01  9.7884E-02
  2.6368E+02  3.2171E-01  9.7966E-02
  2.6400E+02  3.2159E-01  9.8048E-02
  2.6432E+02  3.2147E-01  9.8129E-02
  2.6464E+02  3.2135E-01  9.8211E-02
  2.6496E+02  3.2123E-01  9.8292E-02
  2.6528E+02  3.2112E-01  9.8374E-02
  2.6560E+02  3.2100E-01  9.8455E-02
  2.6592E+02  3.2088E-01  9.8536E-02
  2.6624E+02  3.2076E-01  9.8617E-02
  2.6656E+02  3.2064E-01  9.8698E-02
  2.6688E+02  3.2053E-01  9.8779E-02
  2.6720E+02  3.2041E-01  9.8860E-02
  2.6752E+02  3.2029E-01  9.8941E-02
  2.6784E+02  3.2017E-01  9.9022E-02
  2.6816E+02  3.2006E-01  9.9102E-02
  2.6848E+02  3.1994E-01  9.9183E-02
  2.6880E+02  3.1982E-01  9.9264E-02
  2.6912E+02  3.1970E-01  9.9345E-02
  2.6944E+02  3.1959E-01  9.9425E-02
  2.6976E+02  3.1947E-01  9.9506E-02
  2.7008E+02  3.1935E-01  9.9587E-02
  2.7040E+02  3.1924E-01  9.9667E-02
  2.7072E+02  3.1912E-01  9.9748E-02
  2.7104E+02  3.1900E-01  9.9828E-02
  2.7136E+02  3.1888E-01  9.9909E-02
  2.7168E+02  3.1877E-01  9.9989E-02
  2.7200E+02  3.1865E-01  1.0007E-01
  2.7232E+02  3.1853E-01  1.0015E-01
  2.7264E+02  3.1842E-01  1.0023E-01
  2.7296E+02  3.1830E-01  1.0031E-01
  2.7328E+02  3.1818E-01  1.0039E-01
  2.7360E+02  3.1807E-01  1.0047E-01
  2.7392E+02  3.1795E-01  1.0055E-01
  2.7424E+02  3.1783E-01  1.0063E-01
  2.7456E+02  3.1771E-01  1.0071E-01
  2.7488E+02  3.1760E-01  1.0079E-01
  2.7520E+02  3.1748E-01  1.0087E-01
  2.7552E+02  3.1736E-01  1.0095E-01
  2.7584E+02  3.1725E-01  1.0103E-01
  2.7616E+02  3.1713E-01  1.0111E-01
  2.7648E+02  3.1701E-01  1.0119E-01
  2.7680E+02  3.1690E-01  1.0127E-01
  2.7712E+02  3.1678E-01  1.0134E-01
  2.7744E+02  3.1666E-01  1.0142E-01
  2.7776E+02  3.1655E-01  1.0150E-01
  2.7808E+02  3.1643E-01  1.0158E-01
  2.7840E+02  3.1632E-01  1.0166E-01
  2.7872E+02  3.1620E-01  1.0174E-01
  2.7904E+02  3.1608E-01  1.0182E-01
  2.7936E+02  3.1597E-01  1.0190E-01
  2.7968E+02  3.1585E-01  1.0198E-01
  2.8000E+02  3.1573E-01  1.0205E-01
  2.8032E+02  3.1562E-01  1.0213E-01
  2.8064E+02  3.1550E-01  1.0221E-01
  2.8096E+02  3.1538E-01  1.0229E-01
  2.8128E+02  3.1527E-01  1.0237E-01
  2.8160E+02  3.1515E-01  1.0245E-01
  2.8192E+02  3.1504E-01  1.0252E-01
  2.8224E+02  3.1492E-01  1.0260E-01
  2.8256E+02  3.1480E-01  1.0268E-01
  2.8288E+02  3.1469E-01  1.0276E-01
  2.8320E+02  3.1457E-01  1.0284E-01
  2.8352E+02  3.1446E-01  1.0291E-01
  2.8384E+02  3.1434E-01  1.0299E-01
  2.8416E+02  3.1422E-01  1.0307E-01
  2.8448E+02  3.1411E-01  1.0315E-01
  2.8480E+02  3.1399E-01  1.0322E-01
  2.8512E+02  3.1388E-01  1.0330E-01
  2.8544E+02  3.1376E-01  1.0338E-01
  2.8576E+02  3.1365E-01  1.0346E-01
  2.8608E+02  3.1353E-01  1.0353E-01
  2.8640E+02  3.1341E-01  1.0361E-01
  2.8672E+02  3.1330E-01  1.0369E-01
  2.8704E+02  3.1318E-01  1.0377E-01
  2.8736E+02  3.1307E-01  1.0384E-01
  2.8768E+02  3.1295E-01  1.0392E-01
  2.8800E+02  3.1284E-01  1.0400E-01
  2.8832E+02  3.1272E-01  1.0407E-01
  2.8864E+02  3.1260E-01  1.0415E-01
  2.8896E+02  3.1249E-01  1.0423E-01
  2.8928E+02  3.1237E-01  1.0430E-01
  2.8960E+02  3.1226E-01  1.0438E-01
  2.8992E+02  3.1214E-01  1.0446E-01
  2.9024E+02  3.1203E-01  1.0453E-01
  2.9056E+02  3.1191E-01  1.0461E-01
  2.9088E+02  3.1180E-01  1.0468E-01
  2.9120E+02  3.1168E-01  1.0476E-01
  2.9152E+02  3.1156E-01  1.0484E-01
  2.9184E+02  3.1145E-01  1.0491E-01
  2.9216E+02  3.1133E-01  1.0499E-01
  2.9248E+02  3.1122E-01  1.0506E-01
  2.9280E+02  3.1110E-01  1.0514E-01
  2.9312E+02  3.1099E-01  1.0521E-01
  2.9344E+02  3.1087E-01  1.0529E-01
  2.9376E+02  3.1075E-01  1.0537E-01
  2.9408E+02  3.1064E-01  1.0544E-01
  2.9440E+02  3.1052E-01  1.0552E-01
  2.9472E+02  3.1041E-01  1.0559E-01
  2.9504E+02  3.1029E-01  1.0567E-01
  2.9536E+02  3.1017E-01  1.0574E-01
  2.9568E+02  3.1006E-01  1.0582E-01
  2.9600E+02  3.0994E-01  1.0589E-01
  2.9632E+02  3.0983E-01  1.0597E-01
  2.9664E+02  3.0971E-01  1.0604E-01
  2.9696E+02  3.0959E-01  1.0612E-01
  2.9728E+02  3.0948E-01  1.0619E-01
  2.9760E+02  3.0936E-01  1.0626E-01
  2.9792E+02  3.0925E-01  1.0634E-01
  2.9824E+02  3.0913E-01  1.0641E-01
  2.9856E+02  3.0901E-01  1.0649E-01
  2.9888E+02  3.0890E-01  1.0656E-01
  2.9920E+02  3.0878E-01  1.0664E-01
  2.9952E+02  3.0867E-01  1.0671E-01
  2.9984E+02  3.0855E-01  1.0678E-01
  3.0016E+02  3.0843E-01  1.0686E-01
  3.0048E+02  3.0832E-01  1.0693E-01
  3.0080E+02  3.0820E-01  1.0700E-01
  3.0112E+02  3.0809E-01  1.0708E-01
  3.0144E+02  3.0797E-01  1.0715E-01
  3.0176E+02  3.0785E-01  1.0722E-01
  3.0208E+02  3.0774E-01  1.0730E-01
  3.0240E+02  3.0762E-01  1.0737E-01
  3.0272E+02  3.0751E-01  1.0744E-01
  3.0304E+02  3.0739E-01  1.0752E-01
  3.0336E+02  3.0727E-01  1.0759E-01
  3.0368E+02  3.0716E-01  1.0766E-01
  3.0400E+02  3.0704E-01  1.0774E-01
  3.0432E+02  3.0693E-01  1.0781E-01
  3.0464E+02  3.0681E-01  1.0788E-01
  3.0496E+02  3.0669E-01  1.0795E-01
  3.0528E+02  3.0658E-01  1.0803E-01
  3.0560E+02  3.0646E-01  1.0810E-01
  3.0592E+02  3.0634E-01  1.0817E-01
  3.0624E+02  3.0623E-01  1.0824E-01
  3.0656E+02  3.0611E-01  1.0832E-01
  3.0688E+02  3.0600E-01  1.0839E-01
  3.0720E+02  3.0588E-01  1.0846E-01
  3.0752E+02  3.0576E-01  1.0853E-01
  3.0784E+02  3.0565E-01  1.0860E-01
  3.0816E+02  3.0553E-01  1.0868E-01
  3.0848E+02  3.0541E-01  1.0875E-01
  3.0880E+02  3.0530E-01  1.0882E-01
  3.0912E+02  3.0518E-01  1.0889E-01
  3.0944E+02  3.0507E-01  1.0896E-01
  3.0976E+02  3.0495E-01  1.0903E-01
  3.1008E+02  3.0483E-01  1.0910E-01
  3.1040E+02  3.0472E-01  1.0918E-01
  3.1072E+02  3.0460E-01  1.0925E-01
  3.1104E+02  3.0448E-01  1.0932E-01
  3.1136E+02  3.0437E-01  1.0939E-01
  3.1168E+02  3.0425E-01  1.0946E-01
  3.1200E+02  3.0413E-01  1.0953E-01
  3.1232E+02  3.0402E-01  1.0960E-01
  3.1264E+02  3.0390E-01  1.0967E-01
  3.1296E+02  3.0378E-01  1.0974E-01
  3.1328E+02  3.0367E-01  1.0981E-01
  3.1360E+02  3.0355E-01  1.0988E-01
  3.1392E+02  3.0343E-01  1.0995E-01
  3.1424E+02  3.0332E-01  1.1002E-01
  3.1456E+02  3.0320E-01  1.1009E-01
  3.1488E+02  3.0309E-01  1.1016E-01
  3.1520E+02  3.0297E-01  1.1023E-01
  3.1552E+02  3.0285E-01  1.1030E-01
  3.1584E+02  3.0274E-01  1.1037E-01
  3.1616E+02  3.0262E-01  1.1044E-01
  3.1648E+02  3.0250E-01  1.1051E-01
  3.1680E+02  3.0239E-01  1.1058E-01
  3.1712E+02  3.0227E-01  1.1065E-01
  3.1744E+02  3.0215E-01  1.1072E-01
  3.1776E+02  3.0204E-01  1.1079E-01
  3.1808E+02  3.0192E-01  1.1086E-01
  3.1840E+02  3.0180E-01  1.1093E-01
  3.1872E+02  3.0169E-01  1.1100E-01
  3.1904E+02  3.0157E-01  1.1106E-01
  3.1936E+02  3.0145E-01  1.1113E-01
  3.1968E+02  3.0134E-01  1.1120E-01
  3.2000E+02  3.0122E-01  1.1127E-01
  3.2032E+02  3.0110E-01  1.1134E-01
  3.2064E+02  3.0099E-01  1.1141E-01
  3.2096E+02  3.0087E-01  1.1148E-01
  3.2128E+02  3.0075E-01  1.1154E-01
  3.2160E+02  3.0064E-01  1.1161E-01
  3.2192E+02  3.0052E-01  1.1168E-01
  3.2224E+02  3.0041E-01  1.1175E-01
  3.2256E+02  3.0029E-01  1.1182E-01
  3.2288E+02  3.0017E-01  1.1189E-01
  3.2320E+02  3.0006E-01  1.1195E-01
  3.2352E+02  2.9994E-01  1.1202E-01
  3.2384E+02  2.9982E-01  1.1209E-01
  3.2416E+02  2.9971E-01  1.1216E-01
  3.2448E+02  2.9959E-01  1.1222E-01
  3.2480E+02  2.9947E-01  1.1229E-01
  3.2512E+02  2.9936E-01  1.1236E-01
  3.2544E+02  2.9924E-01  1.1243E-01
  3.2576E+02  2.9913E-01  1.1249E-01
  3.2608E+02  2.9901E-01  1.1256E-01
  3.2640E+02  2.9889E-01  1.1263E-01
  3.2672E+02  2.9878E-01  1.1270E-01
  3.2704E+02  2.9866E-01  1.1276E-01
  3.2736E+02  2.9854E-01  1.1283E-01
  3.2768E+02  2.9843E-01  1.1290E-01
  3.2800E+02  2.9831E-01  1.1296E-01
  3.2832E+02  2.9820E-01  1.1303E-01
  3.2864E+02  2.9808E-01  1.1310E-01
  3.2896E+02  2.9796E-01  1.1316E-01
  3.2928E+02  2.9785E-01  1.1323E-01
  3.2960E+02  2.9773E-01  1.1330E-01
  3.2992E+02  2.9762E-01  1.1336E-01
  3.3024E+02  2.9750E-01  1.1343E-01
  3.3056E+02  2.9738E-01  1.1350E-01
  3.3088E+02  2.9727E-01  1.1356E-01
  3.3120E+02  2.9715E-01  1.1363E-01
  3.3152E+02  2.9704E-01  1.1369E-01
  3.3184E+02  2.9692E-01  1.1376E-01
  3.3216E+02  2.9681E-01  1.1383E-01
  3.3248E+02  2.9669E-01  1.1389E-01
  3.3280E+02  2.9657E-01  1.1396E-01
  3.3312E+02  2.9646E-01  1.1402E-01
  3.3344E+02  2.9634E-01  1.1409E-01
  3.3376E+02  2.9623E-01  1.1415E-01
  3.3408E+02  2.9611E-01  1.1422E-01
  3.3440E+02  2.9600E-01  1.1429E-01
  3.3472E+02  2.9588E-01  1.1435E-01
  3.3504E+02  2.9576E-01  1.1442E-01
  3.3536E+02  2.9565E-01  1.1448E-01
  3.3568E+02  2.9553E-01  1.1455E-01
  3.3600E+02  2.9542E-01  1.1461E-01
  3.3632E+02  2.9530E-01  1.1468E-01
  3.3664E+02  2.9519E-01  1.1474E-01
  3.3696E+02  2.9507E-01  1.1481E-01
  3.3728E+02  2.9496E-01  1.1487E-01
  3.3760E+02  2.9484E-01  1.1494E-01
  3.3792E+02  2.9473E-01  1.1500E-01
  3.3824E+02  2.9461E-01  1.1507E-01
  3.3856E+02  2.9450E-01  1.1513E-01
  3.3888E+02  2.9438E-01  1.1519E-01
  3.3920E+02  2.9427E-01  1.1526E-01
  3.3952E+02  2.9415E-01  1.1532E-01
  3.3984E+02  2.9404E-01  1.1539E-01
  3.4016E+02  2.9392E-01  1.1545E-01
  3.4048E+02  2.9380E-01  1.1552E-01
  3.4080E+02  2.9369E-01  1.1558E-01
  3.4112E+02  2.9357E-01  1.1564E-01
  3.4144E+02  2.9346E-01  1.1571E-01
  3.4176E+02  2.9334E-01  1.1577E-01
  3.4208E+02  2.9323E-01  1.1584E-01
  3.4240E+02  2.9311E-01  1.1590E-01
  3.4272E+02  2.9300E-01  1.1596E-01
  3.4304E+02  2.9288E-01  1.1603E-01
  3.4336E+02  2.9277E-01  1.1609E-01
  3.4368E+02  2.9266E-01  1.1615E-01
  3.4400E+02  2.9254E-01  1.1622E-01
  3.4432E+02  2.9243E-01  1.1628E-01
  3.4464E+02  2.9231E-01  1.1634E-01
  3.4496E+02  2.9220E-01  1.1641E-01
  3.4528E+02  2.9208E-01  1.1647E-01
  3.4560E+02  2.9197E-01  1.1653E-01
  3.4592E+02  2.9185E-01  1.1660E-01
  3.4624E+02  2.9174E-01  1.1666E-01
  3.4656E+02  2.9162E-01  1.1672E-01
  3.4688E+02  2.9151E-01  1.1679E-01
  3.4720E+02  2.9139E-01  1.1685E-01
  3.4752E+02  2.9128E-01  1.1691E-01
  3.4784E+02  2.9116E-01  1.1697E-01
  3.4816E+02  2.9105E-01  1.1704E-01
  3.4848E+02  2.9093E-01  1.1710E-01
  3.4880E+02  2.9082E-01  1.1716E-01
  3.4912E+02  2.9071E-01  1.1722E-01
  3.4944E+02  2.9059E-01  1.1729E-01
  3.4976E+02  2.9048E-01  1.1735E-01
  3.5008E+02  2.9036E-01  1.1741E-01
  3.5040E+02  2.9025E-01  1.1747E-01
  3.5072E+02  2.9013E-01  1.1753E-01
  3.5104E+02  2.9002E-01  1.1760E-01
  3.5136E+02  2.8990E-01  1.1766E-01
  3.5168E+02  2.8979E-01  1.1772E-01
  3.5200E+02  2.8968E-01  1.1778E-01
  3.5232E+02  2.8956E-01  1.1784E-01
  3.5264E+02  2.8945E-01  1.1790E-01
  3.5296E+02  2.8933E-01  1.1797E-01
  3.5328E+02  2.8922E-01  1.1803E-01
  3.5360E+02  2.8910E-01  1.1809E-01
  3.5392E+02  2.8899E-01  1.1815E-01
  3.5424E+02  2.8887E-01  1.1821E-01
  3.5456E+02  2.8876E-01  1.1827E-01
  3.5488E+02  2.8865E-01  1.1833E-01
  3.5520E+02  2.8853E-01  1.1839E-01
  3.5552E+02  2.8842E-01  1.1846E-01
  3.5584E+02  2.8830E-01  1.1852E-01
  3.5616E+02  2.8819E-01  1.1858E-01
  3.5648E+02  2.8808E-01  1.1864E-01
  3.5680E+02  2.8796E-01  1.1870E-01
  3.5712E+02  2.8785E-01  1.1876E-01
  3.5744E+02  2.8773E-01  1.1882E-01
  3.5776E+02  2.8762E-01  1.1888E-01
  3.5808E+02  2.8750E-01  1.1894E-01
  3.5840E+02  2.8739E-01  1.1900E-01
  3.5872E+02  2.8728E-01  1.1906E-01
  3.5904E+02  2.8716E-01  1.1912E-01
  3.5936E+02  2.8705E-01  1.1918E-01
  3.5968E+02  2.8693E-01  1.1924E-01
  3.6000E+02  2.8682E-01  1.1930E-01
  3.6032E+02  2.8671E-01  1.1936E-01
  3.6064E+02  2.8659E-01  1.1942E-01
  3.6096E+02  2.8648E-01  1.1948E-01
  3.6128E+02  2.8636E-01  1.1954E-01
  3.6160E+02  2.8625E-01  1.1960E-01
  3.6192E+02  2.8613E-01  1.1966E-01
  3.6224E+02  2.8602E-01  1.1972E-01
  3.6256E+02  2.8591E-01  1.1978E-01
  3.6288E+02  2.8579E-01  1.1984E-01
  3.6320E+02  2.8568E-01  1.1990E-01
  3.6352E+02  2.8556E-01  1.1996E-01
  3.6384E+02  2.8545E-01  1.2002E-01
  3.6416E+02  2.8534E-01  1.2008E-01
  3.6448E+02  2.8522E-01  1.2013E-01
  3.6480E+02  2.8511E-01  1.2019E-01
  3.6512E+02  2.8499E-01  1.2025E-01
  3.6544E+02  2.8488E-01  1.2031E-01
  3.6576E+02  2.8477E-01  1.2037E-01
  3.6608E+02  2.8465E-01  1.2043E-01
  3.6640E+02  2.8454E-01  1.2049E-01
  3.6672E+02  2.8442E-01  1.2055E-01
  3.6704E+02  2.8431E-01  1.2060E-01
  3.6736E+02  2.8420E-01  1.2066E-01
  3.6768E+02  2.8408E-01  1.2072E-01
  3.6800E+02  2.8397E-01  1.2078E-01
  3.6832E+02  2.8385E-01  1.2084E-01
  3.6864E+02  2.8374E-01  1.2090E-01
  3.6896E+02  2.8363E-01  1.2095E-01
  3.6928E+02  2.8351E-01  1.2101E-01
  3.6960E+02  2.8340E-01  1.2107E-01
  3.6992E+02  2.8329E-01  1.2113E-01
  3.7024E+02  2.8317E-01  1.2119E-01
  3.7056E+02  2.8306E-01  1.2124E-01
  3.7088E+02  2.8294E-01  1.2130E-01
  3.7120E+02  2.8283E-01  1.2136E-01
  3.7152E+02  2.8272E-01  1.2142E-01
  3.7184E+02  2.8260E-01  1.2147E-01
  3.7216E+02  2.8249E-01  1.2153E-01
  3.7248E+02  2.8237E-01  1.2159E-01
  3.7280E+02  2.8226E-01  1.2165E-01
  3.7312E+02  2.8215E-01  1.2170E-01
  3.7344E+02  2.8203E-01  1.2176E-01
  3.7376E+02  2.8192E-01  1.2182E-01
  3.7408E+02  2.8181E-01  1.2187E-01
  3.7440E+02  2.8169E-01  1.2193E-01
  3.7472E+02  2.8158E-01  1.2199E-01
  3.7504E+02  2.8147E-01  1.2205E-01
  3.7536E+02  2.8135E-01  1.2210E-01
  3.7568E+02  2.8124E-01  1.2216E-01
  3.7600E+02  2.8112E-01  1.2222E-01
  3.7632E+02  2.8101E-01  1.2227E-01
  3.7664E+02  2.8090E-01  1.2233E-01
  3.7696E+02  2.8078E-01  1.2239E-01
  3.7728E+02  2.8067E-01  1.2244E-01
  3.7760E+02  2.8056E-01  1.2250E-01
  3.7792E+02  2.8044E-01  1.2255E-01
  3.7824E+02  2.8033E-01  1.2261E-01
  3.7856E+02  2.8022E-01  1.2267E-01
  3.7888E+02  2.8010E-01  1.2272E-01
  3.7920E+02  2.7999E-01  1.2278E-01
  3.7952E+02  2.7988E-01  1.2283E-01
  3.7984E+02  2.7976E-01  1.2289E-01
  3.8016E+02  2.7965E-01  1.2295E-01
  3.8048E+02  2.7953E-01  1.2300E-01
  3.8080E+02  2.7942E-01  1.2306E-01
  3.8112E+02  2.7931E-01  1.2311E-01
  3.8144E+02  2.7919E-01  1.2317E-01
  3.8176E+02  2.7908E-01  1.2322E-01
  3.8208E+02  2.7897E-01  1.2328E-01
  3.8240E+02  2.7885E-01  1.2333E-01
  3.8272E+02  2.7874E-01  1.2339E-01
  3.8304E+02  2.7863E-01  1.2344E-01
  3.8336E+02  2.7851E-01  1.2350E-01
  3.8368E+02  2.7840E-01  1.2355E-01
  3.8400E+02  2.7829E-01  1.2361E-01
  3.8432E+02  2.7817E-01  1.2366E-01
  3.8464E+02  2.7806E-01  1.2372E-01
  3.8496E+02  2.7795E-01  1.2377E-01
  3.8528E+02  2.7783E-01  1.2383E-01
  3.8560E+02  2.7772E-01  1.2388E-01
  3.8592E+02  2.7761E-01  1.2394E-01
  3.8624E+02  2.7750E-01  1.2399E-01
  3.8656E+02  2.7738E-01  1.2405E-01
  3.8688E+02  2.7727E-01  1.2410E-01
  3.8720E+02  2.7716E-01  1.2415E-01
  3.8752E+02  2.7704E-01  1.2421E-01
  3.8784E+02  2.7693E-01  1.2426E-01
  3.8816E+02  2.7682E-01  1.2432E-01
  3.8848E+02  2.7670E-01  1.2437E-01
  3.8880E+02  2.7659E-01  1.2442E-01
  3.8912E+02  2.7648E-01  1.2448E-01
  3.8944E+02  2.7636E-01  1.2453E-01
  3.8976E+02  2.7625E-01  1.2459E-01
  3.9008E+02  2.7614E-01  1.2464E-01
  3.9040E+02  2.7603E-01  1.2469E-01
  3.9072E+02  2.7591E-01  1.2475E-01
  3.9104E+02  2.7580E-01  1.2480E-01
  3.9136E+02  2.7569E-01  1.2485E-01
  3.9168E+02  2.7557E-01  1.2491E-01
  3.9200E+02  2.7546E-01  1.2496E-01
  3.9232E+02  2.7535E-01  1.2501E-01
  3.9264E+02  2.7524E-01  1.2507E-01
  3.9296E+02  2.7512E-01  1.2512E-01
  3.9328E+02  2.7501E-01  1.2517E-01
  3.9360E+02  2.7490E-01  1.2522E-01
  3.9392E+02  2.7478E-01  1.2528E-01
  3.9424E+02  2.7467E-01  1.2533E-01
  3.9456E+02  2.7456E-01  1.2538E-01
  3.9488E+02  2.7445E-01  1.2544E-01
  3.9520E+02  2.7433E-01  1.2549E-01
  3.9552E+02  2.7422E-01  1.2554E-01
  3.9584E+02  2.7411E-01  1.2559E-01
  3.9616E+02  2.7400E-01  1.2565E-01
  3.9648E+02  2.7388E-01  1.2570E-01
  3.9680E+02  2.7377E-01  1.2575E-01
  3.9712E+02  2.7366E-01  1.2580E-01
  3.9744E+02  2.7354E-01  1.2585E-01
  3.9776E+02  2.7343E-01  1.2591E-01
  3.9808E+02  2.7332E-01  1.2596E-01
  3.9840E+02  2.7321E-01  1.2601E-01
  3.9872E+02  2.7309E-01  1.2606E-01
  3.9904E+02  2.7298E-01  1.2611E-01
  3.9936E+02  2.7287E-01  1.2617E-01
  3.9968E+02  2.7276E-01  1.2622E-01
  4.0000E+02  2.7265E-01  1.2627E-01
  4.0032E+02  2.7253E-01  1.2632E-01
  4.0064E+02  2.7242E-01  1.2637E-01
  4.0096E+02  2.7231E-01  1.2642E-01
  4.0128E+02  2.7220E-01  1.2647E-01
  4.0160E+02  2.7208E-01  1.2653E-01
  4.0192E+02  2.7197E-01  1.2658E-01
  4.0224E+02  2.7186E-01  1.2663E-01
  4.0256E+02  2.7175E-01  1.2668E-01
  4.0288E+02  2.7163E-01  1.2673E-01
  4.0320E+02  2.7152E-01  1.2678E-01
  4.0352E+02  2.7141E-01  1.2683E-01
  4.0384E+02  2.7130E-01  1.2688E-01
  4.0416E+02  2.7119E-01  1.2693E-01
  4.0448E+02  2.7107E-01  1.2698E-01
  4.0480E+02  2.7096E-01  1.2703E-01
  4.0512E+02  2.7085E-01  1.2708E-01
  4.0544E+02  2.7074E-01  1.2713E-01
  4.0576E+02  2.7063E-01  1.2718E-01
  4.0608E+02  2.7051E-01  1.2724E-01
  4.0640E+02  2.7040E-01  1.2729E-01
  4.0672E+02  2.7029E-01  1.2734E-01
  4.0704E+02  2.7018E-01  1.2739E-01
  4.0736E+02  2.7007E-01  1.2744E-01
  4.0768E+02  2.6995E-01  1.2749E-01
  4.0800E+02  2.6984E-01  1.2754E-01
  4.0832E+02  2.6973E-01  1.2759E-01
  4.0864E+02  2.6962E-01  1.2763E-01
  4.0896E+02  2.6951E-01  1.2768E-01
  4.0928E+02  2.6939E-01  1.2773E-01
  4.0960E+02  2.6928E-01  1.2778E-01
  4.0992E+02  2.6917E-01  1.2783E-01
  4.1024E+02  2.6906E-01  1.2788E-01
  4.1056E+02  2.6895E-01  1.2793E-01
  4.1088E+02  2.6883E-01  1.2798E-01
  4.1120E+02  2.6872E-01  1.2803E-01
  4.1152E+02  2.6861E-01  1.2808E-01
  4.1184E+02  2.6850E-01  1.2813E-01
  4.1216E+02  2.6839E-01  1.2818E-01
  4.1248E+02  2.6828E-01  1.2823E-01
  4.1280E+02  2.6816E-01  1.2828E-01
  4.1312E+02  2.6805E-01  1.2832E-01
  4.1344E+02  2.6794E-01  1.2837E-01
  4.1376E+02  2.6783E-01  1.2842E-01
  4.1408E+02  2.6772E-01  1.2847E-01
  4.1440E+02  2.6761E-01  1.2852E-01
  4.1472E+02  2.6749E-01  1.2857E-01
  4.1504E+02  2.6738E-01  1.2862E-01
  4.1536E+02  2.6727E-01  1.2867E-01
  4.1568E+02  2.6716E-01  1.2871E-01
  4.1600E+02  2.6705E-01  1.2876E-01
  4.1632E+02  2.6694E-01  1.2881E-01
  4.1664E+02  2.6683E-01  1.2886E-01
  4.1696E+02  2.6671E-01  1.2891E-01
  4.1728E+02  2.6660E-01  1.2895E-01
  4.1760E+02  2.6649E-01  1.2900E-01
  4.1792E+02  2.6638E-01  1.2905E-01
  4.1824E+02  2.6627E-01  1.2910E-01
  4.1856E+02  2.6616E-01  1.2915E-01
  4.1888E+02  2.6605E-01  1.2919E-01
  4.1920E+02  2.6593E-01  1.2924E-01
  4.1952E+02  2.6582E-01  1.2929E-01
  4.1984E+02  2.6571E-01  1.2934E-01
  4.2016E+02  2.6560E-01  1.2938E-01
  4.2048E+02  2.6549E-01  1.2943E-01
  4.2080E+02  2.6538E-01  1.2948E-01
  4.2112E+02  2.6527E-01  1.2953E-01
  4.2144E+02  2.6516E-01  1.2957E-01
  4.2176E+02  2.6504E-01  1.2962E-01
  4.2208E+02  2.6493E-01  1.2967E-01
  4.2240E+02  2.6482E-01  1.2971E-01
  4.2272E+02  2.6471E-01  1.2976E-01
  4.2304E+02  2.6460E-01  1.2981E-01
  4.2336E+02  2.6449E-01  1.2985E-01
  4.2368E+02  2.6438E-01  1.2990E-01
  4.2400E+02  2.6427E-01  1.2995E-01
  4.2432E+02  2.6415E-01  1.2999E-01
  4.2464E+02  2.6404E-01  1.3004E-01
  4.2496E+02  2.6393E-01  1.3009E-01
  4.2528E+02  2.6382E-01  1.3013E-01
  4.2560E+02  2.6371E-01  1.3018E-01
  4.2592E+02  2.6360E-01  1.3023E-01
  4.2624E+02  2.6349E-01  1.3027E-01
  4.2656E+02  2.6338E-01  1.3032E-01
  4.2688E+02  2.6327E-01  1.3037E-01
  4.2720E+02  2.6316E-01  1.3041E-01
  4.2752E+02  2.6305E-01  1.3046E-01
  4.2784E+02  2.6293E-01  1.3050E-01
  4.2816E+02  2.6282E-01  1.3055E-01
  4.2848E+02  2.6271E-01  1.3060E-01
  4.2880E+02  2.6260E-01  1.3064E-01
  4.2912E+02  2.6249E-01  1.3069E-01
  4.2944E+02  2.6238E-01  1.3073E-01
  4.2976E+02  2.6227E-01  1.3078E-01
  4.3008E+02  2.6216E-01  1.3082E-01
  4.3040E+02  2.6205E-01  1.3087E-01
  4.3072E+02  2.6194E-01  1.3091E-01
  4.3104E+02  2.6183E-01  1.3096E-01
  4.3136E+02  2.6172E-01  1.3100E-01
  4.3168E+02  2.6161E-01  1.3105E-01
  4.3200E+02  2.6149E-01  1.3110E-01
  4.3232E+02  2.6138E-01  1.3114E-01
  4.3264E+02  2.6127E-01  1.3119E-01
  4.3296E+02  2.6116E-01  1.3123E-01
  4.3328E+02  2.6105E-01  1.3127E-01
  4.3360E+02  2.6094E-01  1.3132E-01
  4.3392E+02  2.6083E-01  1.3136E-01
  4.3424E+02  2.6072E-01  1.3141E-01
  4.3456E+02  2.6061E-01  1.3145E-01
  4.3488E+02  2.6050E-01  1.3150E-01
  4.3520E+02  2.6039E-01  1.3154E-01
  4.3552E+02  2.6028E-01  1.3159E-01
  4.3584E+02  2.6017E-01  1.3163E-01
  4.3616E+02  2.6006E-01  1.3168E-01
  4.3648E+02  2.5995E-01  1.3172E-01
  4.3680E+02  2.5984E-01  1.3176E-01
  4.3712E+02  2.5973E-01  1.3181E-01
  4.3744E+02  2.5962E-01  1.3185E-01
  4.3776E+02  2.5951E-01  1.3190E-01
  4.3808E+02  2.5940E-01  1.3194E-01
  4.3840E+02  2.5929E-01  1.3198E-01
  4.3872E+02  2.5918E-01  1.3203E-01
  4.3904E+02  2.5907E-01  1.3207E-01
  4.3936E+02  2.5896E-01  1.3212E-01
  4.3968E+02  2.5885E-01  1.3216E-01
  4.4000E+02  2.5874E-01  1.3220E-01
  4.4032E+02  2.5863E-01  1.3225E-01
  4.4064E+02  2.5852E-01  1.3229E-01
  4.4096E+02  2.5841E-01  1.3233E-01
  4.4128E+02  2.5830E-01  1.3238E-01
  4.4160E+02  2.5819E-01  1.3242E-01
  4.4192E+02  2.5808E-01  1.3246E-01
  4.4224E+02  2.5797E-01  1.3251E-01
  4.4256E+02  2.5786E-01  1.3255E-01
  4.4288E+02  2.5775E-01  1.3259E-01
  4.4320E+02  2.5764E-01  1.3264E-01
  4.4352E+02  2.5753E-01  1.3268E-01
  4.4384E+02  2.5742E-01  1.3272E-01
  4.4416E+02  2.5731E-01  1.3277E-01
  4.4448E+02  2.5720E-01  1.3281E-01
  4.4480E+02  2.5709E-01  1.3285E-01
  4.4512E+02  2.5698E-01  1.3289E-01
  4.4544E+02  2.5687E-01  1.3294E-01
  4.4576E+02  2.5676E-01  1.3298E-01
  4.4608E+02  2.5665E-01  1.3302E-01
  4.4640E+02  2.5654E-01  1.3306E-01
  4.4672E+02  2.5643E-01  1.3311E-01
  4.4704E+02  2.5632E-01  1.3315E-01
  4.4736E+02  2.5621E-01  1.3319E-01
  4.4768E+02  2.5610E-01  1.3323E-01
  4.4800E+02  2.5599E-01  1.3327E-01
  4.4832E+02  2.5588E-01  1.3332E-01
  4.4864E+02  2.5577E-01  1.3336E-01
  4.4896E+02  2.5566E-01  1.3340E-01
  4.4928E+02  2.5555E-01  1.3344E-01
  4.4960E+02  2.5544E-01  1.3348E-01
  4.4992E+02  2.5533E-01  1.3353E-01
  4.5024E+02  2.5522E-01  1.3357E-01
  4.5056E+02  2.5511E-01  1.3361E-01
  4.5088E+02  2.5501E-01  1.3365E-01
  4.5120E+02  2.5490E-01  1.3369E-01
  4.5152E+02  2.5479E-01  1.3373E-01
  4.5184E+02  2.5468E-01  1.3378E-01
  4.5216E+02  2.5457E-01  1.3382E-01
  4.5248E+02  2.5446E-01  1.3386E-01
  4.5280E+02  2.5435E-01  1.3390E-01
  4.5312E+02  2.5424E-01  1.3394E-01
  4.5344E+02  2.5413E-01  1.3398E-01
  4.5376E+02  2.5402E-01  1.3402E-01
  4.5408E+02  2.5391E-01  1.3406E-01
  4.5440E+02  2.5380E-01  1.3410E-01
  4.5472E+02  2.5369E-01  1.3414E-01
  4.5504E+02  2.5359E-01  1.3419E-01
  4.5536E+02  2.5348E-01  1.3423E-01
  4.5568E+02  2.5337E-01  1.3427E-01
  4.5600E+02  2.5326E-01  1.3431E-01
  4.5632E+02  2.5315E-01  1.3435E-01
  4.5664E+02  2.5304E-01  1.3439E-01
  4.5696E+02  2.5293E-01  1.3443E-01
  4.5728E+02  2.5282E-01  1.3447E-01
  4.5760E+02  2.5271E-01  1.3451E-01
  4.5792E+02  2.5260E-01  1.3455E-01
  4.5824E+02  2.5250E-01  1.3459E-01
  4.5856E+02  2.5239E-01  1.3463E-01
  4.5888E+02  2.5228E-01  1.3467E-01
  4.5920E+02  2.5217E-01  1.3471E-01
  4.5952E+02  2.5206E-01  1.3475E-01
  4.5984E+02  2.5195E-01  1.3479E-01
  4.6016E+02  2.5184E-01  1.3483E-01
  4.6048E+02  2.5173E-01  1.3487E-01
  4.6080E+02  2.5163E-01  1.3491E-01
  4.6112E+02  2.5152E-01  1.3495E-01
  4.6144E+02  2.5141E-01  1.3499E-01
  4.6176E+02  2.5130E-01  1.3503E-01
  4.6208E+02  2.5119E-01  1.3507E-01
  4.6240E+02  2.5108E-01  1.3511E-01
  4.6272E+02  2.5097E-01  1.3515E-01
  4.6304E+02  2.5087E-01  1.3519E-01
  4.6336E+02  2.5076E-01  1.3523E-01
  4.6368E+02  2.5065E-01  1.3526E-01
  4.6400E+02  2.5054E-01  1.3530E-01
  4.6432E+02  2.5043E-01  1.3534E-01
  4.6464E+02  2.5032E-01  1.3538E-01
  4.6496E+02  2.5021E-01  1.3542E-01
  4.6528E+02  2.5011E-01  1.3546E-01
  4.6560E+02  2.5000E-01  1.3550E-01
  4.6592E+02  2.4989E-01  1.3554E-01
  4.6624E+02  2.4978E-01  1.3558E-01
  4.6656E+02  2.4967E-01  1.3561E-01
  4.6688E+02  2.4956E-01  1.3565E-01
  4.6720E+02  2.4946E-01  1.3569E-01
  4.6752E+02  2.4935E-01  1.3573E-01
  4.6784E+02  2.4924E-01  1.3577E-01
  4.6816E+02  2.4913E-01  1.3581E-01
  4.6848E+02  2.4902E-01  1.3585E-01
  4.6880E+02  2.4891E-01  1.3588E-01
  4.6912E+02  2.4881E-01  1.3592E-01
  4.6944E+02  2.4870E-01  1.3596E-01
  4.6976E+02  2.4859E-01  1.3600E-01
  4.7008E+02  2.4848E-01  1.3604E-01
  4.7040E+02  2.4837E-01  1.3607E-01
  4.7072E+02  2.4827E-01  1.3611E-01
  4.7104E+02  2.4816E-01  1.3615E-01
  4.7136E+02  2.4805E-01  1.3619E-01
  4.7168E+02  2.4794E-01  1.3623E-01
  4.7200E+02  2.4783E-01  1.3626E-01
  4.7232E+02  2.4773E-01  1.3630E-01
  4.7264E+02  2.4762E-01  1.3634E-01
  4.7296E+02  2.4751E-01  1.3638E-01
  4.7328E+02  2.4740E-01  1.3641E-01
  4.7360E+02  2.4729E-01  1.3645E-01
  4.7392E+02  2.4719E-01  1.3649E-01
  4.7424E+02  2.4708E-01  1.3653E-01
  4.7456E+02  2.4697E-01  1.3656E-01
  4.7488E+02  2.4686E-01  1.3660E-01
  4.7520E+02  2.4675E-01  1.3664E-01
  4.7552E+02  2.4665E-01  1.3667E-01
  4.7584E+02  2.4654E-01  1.3671E-01
  4.7616E+02  2.4643E-01  1.3675E-01
  4.7648E+02  2.4632E-01  1.3678E-01
  4.7680E+02  2.4622E-01  1.3682E-01
  4.7712E+02  2.4611E-01  1.3686E-01
  4.7744E+02  2.4600E-01  1.3689E-01
  4.7776E+02  2.4589E-01  1.3693E-01
  4.7808E+02  2.4579E-01  1.3697E-01
  4.7840E+02  2.4568E-01  1.3700E-01
  4.7872E+02  2.4557E-01  1.3704E-01
  4.7904E+02  2.4546E-01  1.3708E-01
  4.7936E+02  2.4536E-01  1.3711E-01
  4.7968E+02  2.4525E-01  1.3715E-01
  4.8000E+02  2.4514E-01  1.3719E-01
  4.8032E+02  2.4503E-01  1.3722E-01
  4.8064E+02  2.4493E-01  1.3726E-01
  4.8096E+02  2.4482E-01  1.3729E-01
  4.8128E+02  2.4471E-01  1.3733E-01
  4.8160E+02  2.4460E-01  1.3737E-01
  4.8192E+02  2.4450E-01  1.3740E-01
  4.8224E+02  2.4439E-01  1.3744E-01
  4.8256E+02  2.4428E-01  1.3747E-01
  4.8288E+02  2.4417E-01  1.3751E-01
  4.8320E+02  2.4407E-01  1.3754E-01
  4.8352E+02  2.4396E-01  1.3758E-01
  4.8384E+02  2.4385E-01  1.3762E-01
  4.8416E+02  2.4375E-01  1.3765E-01
  4.8448E+02  2.4364E-01  1.3769E-01
  4.8480E+02  2.4353E-01  1.3772E-01
  4.8512E+02  2.4342E-01  1.3776E-01
  4.8544E+02  2.4332E-01  1.3779E-01
  4.8576E+02  2.4321E-01  1.3783E-01
  4.8608E+02  2.4310E-01  1.3786E-01
  4.8640E+02  2.4300E-01  1.3790E-01
  4.8672E+02  2.4289E-01  1.3793E-01
  4.8704E+02  2.4278E-01  1.3797E-01
  4.8736E+02  2.4267E-01  1.3800E-01
  4.8768E+02  2.4257E-01  1.3804E-01
  4.8800E+02  2.4246E-01  1.3807E-01
  4.8832E+02  2.4235E-01  1.3811E-01
  4.8864E+02  2.4225E-01  1.3814E-01
  4.8896E+02  2.4214E-01  1.3818E-01
  4.8928E+02  2.4203E-01  1.3821E-01
  4.8960E+02  2.4193E-01  1.3825E-01
  4.8992E+02  2.4182E-01  1.3828E-01
  4.9024E+02  2.4171E-01  1.3831E-01
  4.9056E+02  2.4161E-01  1.3835E-01
  4.9088E+02  2.4150E-01  1.3838E-01
  4.9120E+02  2.4139E-01  1.3842E-01
  4.9152E+02  2.4129E-01  1.3845E-01
  4.9184E+02  2.4118E-01  1.3849E-01
  4.9216E+02  2.4107E-01  1.3852E-01
  4.9248E+02  2.4097E-01  1.3855E-01
  4.9280E+02  2.4086E-01  1.3859E-01
  4.9312E+02  2.4075E-01  1.3862E-01
  4.9344E+02  2.4065E-01  1.3866E-01
  4.9376E+02  2.4054E-01  1.3869E-01
  4.9408E+02  2.4043E-01  1.3872E-01
  4.9440E+02  2.4033E-01  1.3876E-01
  4.9472E+02  2.4022E-01  1.3879E-01
  4.9504E+02  2.4011E-01  1.3882E-01
  4.9536E+02  2.4001E-01  1.3886E-01
  4.9568E+02  2.3990E-01  1.3889E-01
  4.9600E+02  2.3980E-01  1.3892E-01
  4.9632E+02  2.3969E-01  1.3896E-01
  4.9664E+02  2.3958E-01  1.3899E-01
  4.9696E+02  2.3948E-01  1.3902E-01
  4.9728E+02  2.3937E-01  1.3906E-01
  4.9760E+02  2.3926E-01  1.3909E-01
  4.9792E+02  2.3916E-01  1.3912E-01
  4.9824E+02  2.3905E-01  1.3916E-01
  4.9856E+02  2.3895E-01  1.3919E-01
  4.9888E+02  2.3884E-01  1.3922E-01
  4.9920E+02  2.3873E-01  1.3926E-01
  4.9952E+02  2.3863E-01  1.3929E-01
  4.9984E+02  2.3852E-01  1.3932E-01
  5.0000E+02  2.3847E-01  1.3934E-01
