# CREATED BY GENE DIAGNOSTICS TOOL on Mon Jun 25 12:37:14 2018
# diag: GAMDIAG, run(s): 0026, time window: 0-500(1554 steps), species: ions
# original data path: /r/c/cmor/ZF_3rd/w7xhms05/1.5047-2.5/
# normalization: L_ref=5.4832m
#
# xind= 0, x/a= 0.70710677, q= 1.1018624
# Fit:    1.0000014,0.082272466,9.2746786
# Analytic (Gao, Zhou/Yu): 0.32199362,-0.050198522,9.2747605
#  t          Re[phi]     Im[phi]   
  0.0000E+00  9.9997E-01  0.0000E+00
  3.2200E-01  9.9430E-01  7.6950E-04
  6.4400E-01  9.7859E-01  1.5191E-03
  9.6600E-01  9.5558E-01  2.2543E-03
  1.2880E+00  9.2811E-01  2.9788E-03
  1.6100E+00  8.9851E-01  3.7003E-03
  1.9320E+00  8.6849E-01  4.4249E-03
  2.2540E+00  8.3921E-01  5.1456E-03
  2.5760E+00  8.1135E-01  5.8439E-03
  2.8980E+00  7.8529E-01  6.4966E-03
  3.2200E+00  7.6116E-01  7.0827E-03
  3.5420E+00  7.3894E-01  7.5879E-03
  3.8640E+00  7.1851E-01  8.0051E-03
  4.1860E+00  6.9971E-01  8.3345E-03
  4.5080E+00  6.8236E-01  8.5818E-03
  4.8300E+00  6.6628E-01  8.7573E-03
  5.1520E+00  6.5134E-01  8.8740E-03
  5.4740E+00  6.3742E-01  8.9463E-03
  5.7960E+00  6.2441E-01  8.9897E-03
  6.1180E+00  6.1226E-01  9.0184E-03
  6.4400E+00  6.0089E-01  9.0467E-03
  6.7620E+00  5.9024E-01  9.0839E-03
  7.0840E+00  5.8026E-01  9.1390E-03
  7.4060E+00  5.7091E-01  9.2190E-03
  7.7280E+00  5.6210E-01  9.3212E-03
  8.0500E+00  5.5378E-01  9.4485E-03
  8.3720E+00  5.4592E-01  9.6026E-03
  8.6940E+00  5.3844E-01  9.7737E-03
  9.0160E+00  5.3130E-01  9.9566E-03
  9.3380E+00  5.2448E-01  1.0150E-02
  9.6600E+00  5.1791E-01  1.0350E-02
  9.9820E+00  5.1157E-01  1.0553E-02
  1.0304E+01  5.0546E-01  1.0755E-02
  1.0626E+01  4.9955E-01  1.0946E-02
  1.0948E+01  4.9381E-01  1.1122E-02
  1.1270E+01  4.8823E-01  1.1281E-02
  1.1592E+01  4.8282E-01  1.1417E-02
  1.1914E+01  4.7758E-01  1.1525E-02
  1.2236E+01  4.7251E-01  1.1604E-02
  1.2558E+01  4.6756E-01  1.1654E-02
  1.2880E+01  4.6274E-01  1.1675E-02
  1.3202E+01  4.5804E-01  1.1673E-02
  1.3524E+01  4.5348E-01  1.1649E-02
  1.3846E+01  4.4909E-01  1.1607E-02
  1.4168E+01  4.4484E-01  1.1544E-02
  1.4490E+01  4.4071E-01  1.1457E-02
  1.4812E+01  4.3669E-01  1.1349E-02
  1.5134E+01  4.3279E-01  1.1225E-02
  1.5456E+01  4.2901E-01  1.1090E-02
  1.5778E+01  4.2534E-01  1.0950E-02
  1.6100E+01  4.2175E-01  1.0806E-02
  1.6422E+01  4.1823E-01  1.0659E-02
  1.6744E+01  4.1477E-01  1.0510E-02
  1.7066E+01  4.1136E-01  1.0353E-02
  1.7388E+01  4.0801E-01  1.0192E-02
  1.7710E+01  4.0474E-01  1.0031E-02
  1.8032E+01  4.0158E-01  9.8734E-03
  1.8354E+01  3.9853E-01  9.7163E-03
  1.8676E+01  3.9563E-01  9.5566E-03
  1.8998E+01  3.9287E-01  9.3969E-03
  1.9320E+01  3.9030E-01  9.2486E-03
  1.9642E+01  3.8792E-01  9.1249E-03
  1.9964E+01  3.8570E-01  9.0318E-03
  2.0286E+01  3.8362E-01  8.9630E-03
  2.0608E+01  3.8165E-01  8.9046E-03
  2.0930E+01  3.7976E-01  8.8439E-03
  2.1252E+01  3.7799E-01  8.7766E-03
  2.1574E+01  3.7638E-01  8.7104E-03
  2.1896E+01  3.7498E-01  8.6603E-03
  2.2218E+01  3.7380E-01  8.6401E-03
  2.2540E+01  3.7283E-01  8.6557E-03
  2.2862E+01  3.7199E-01  8.7003E-03
  2.3184E+01  3.7122E-01  8.7581E-03
  2.3506E+01  3.7048E-01  8.8159E-03
  2.3828E+01  3.6980E-01  8.8721E-03
  2.4150E+01  3.6924E-01  8.9372E-03
  2.4472E+01  3.6891E-01  9.0304E-03
  2.4794E+01  3.6886E-01  9.1750E-03
  2.5116E+01  3.6911E-01  9.3858E-03
  2.5438E+01  3.6958E-01  9.6561E-03
  2.5760E+01  3.7011E-01  9.9579E-03
  2.6082E+01  3.7054E-01  1.0256E-02
  2.6404E+01  3.7074E-01  1.0519E-02
  2.6726E+01  3.7065E-01  1.0731E-02
  2.7048E+01  3.7030E-01  1.0889E-02
  2.7370E+01  3.6982E-01  1.1018E-02
  2.7692E+01  3.6940E-01  1.1160E-02
  2.8014E+01  3.6924E-01  1.1360E-02
  2.8336E+01  3.6947E-01  1.1645E-02
  2.8658E+01  3.7013E-01  1.2012E-02
  2.8980E+01  3.7114E-01  1.2438E-02
  2.9302E+01  3.7239E-01  1.2891E-02
  2.9624E+01  3.7375E-01  1.3337E-02
  2.9946E+01  3.7508E-01  1.3750E-02
  3.0268E+01  3.7626E-01  1.4113E-02
  3.0590E+01  3.7721E-01  1.4422E-02
  3.0912E+01  3.7795E-01  1.4691E-02
  3.1234E+01  3.7854E-01  1.4943E-02
  3.1556E+01  3.7910E-01  1.5201E-02
  3.1878E+01  3.7970E-01  1.5479E-02
  3.2200E+01  3.8040E-01  1.5779E-02
  3.2522E+01  3.8124E-01  1.6100E-02
  3.2844E+01  3.8224E-01  1.6440E-02
  3.3166E+01  3.8340E-01  1.6794E-02
  3.3488E+01  3.8470E-01  1.7156E-02
  3.3810E+01  3.8607E-01  1.7510E-02
  3.4132E+01  3.8742E-01  1.7837E-02
  3.4454E+01  3.8866E-01  1.8122E-02
  3.4776E+01  3.8973E-01  1.8358E-02
  3.5098E+01  3.9067E-01  1.8551E-02
  3.5420E+01  3.9154E-01  1.8724E-02
  3.5742E+01  3.9245E-01  1.8902E-02
  3.6064E+01  3.9350E-01  1.9109E-02
  3.6386E+01  3.9475E-01  1.9361E-02
  3.6708E+01  3.9622E-01  1.9663E-02
  3.7030E+01  3.9787E-01  2.0012E-02
  3.7352E+01  3.9966E-01  2.0397E-02
  3.7674E+01  4.0153E-01  2.0803E-02
  3.7996E+01  4.0343E-01  2.1214E-02
  3.8318E+01  4.0531E-01  2.1618E-02
  3.8640E+01  4.0711E-01  2.2001E-02
  3.8962E+01  4.0874E-01  2.2346E-02
  3.9284E+01  4.1010E-01  2.2633E-02
  3.9606E+01  4.1111E-01  2.2842E-02
  3.9928E+01  4.1170E-01  2.2958E-02
  4.0250E+01  4.1186E-01  2.2982E-02
  4.0572E+01  4.1162E-01  2.2931E-02
  4.0894E+01  4.1110E-01  2.2833E-02
  4.1216E+01  4.1040E-01  2.2722E-02
  4.1538E+01  4.0968E-01  2.2631E-02
  4.1860E+01  4.0906E-01  2.2584E-02
  4.2182E+01  4.0865E-01  2.2600E-02
  4.2504E+01  4.0853E-01  2.2684E-02
  4.2826E+01  4.0871E-01  2.2832E-02
  4.3148E+01  4.0920E-01  2.3029E-02
  4.3470E+01  4.0994E-01  2.3256E-02
  4.3792E+01  4.1088E-01  2.3494E-02
  4.4114E+01  4.1195E-01  2.3728E-02
  4.4436E+01  4.1310E-01  2.3948E-02
  4.4758E+01  4.1425E-01  2.4148E-02
  4.5080E+01  4.1539E-01  2.4330E-02
  4.5402E+01  4.1646E-01  2.4492E-02
  4.5724E+01  4.1743E-01  2.4632E-02
  4.6046E+01  4.1826E-01  2.4744E-02
  4.6368E+01  4.1891E-01  2.4823E-02
  4.6690E+01  4.1936E-01  2.4869E-02
  4.7012E+01  4.1960E-01  2.4883E-02
  4.7334E+01  4.1964E-01  2.4870E-02
  4.7656E+01  4.1951E-01  2.4833E-02
  4.7978E+01  4.1923E-01  2.4777E-02
  4.8300E+01  4.1883E-01  2.4712E-02
  4.8622E+01  4.1835E-01  2.4644E-02
  4.8944E+01  4.1781E-01  2.4580E-02
  4.9266E+01  4.1722E-01  2.4518E-02
  4.9588E+01  4.1662E-01  2.4459E-02
  4.9910E+01  4.1602E-01  2.4403E-02
  5.0232E+01  4.1547E-01  2.4358E-02
  5.0554E+01  4.1502E-01  2.4336E-02
  5.0876E+01  4.1471E-01  2.4352E-02
  5.1198E+01  4.1459E-01  2.4415E-02
  5.1520E+01  4.1465E-01  2.4532E-02
  5.1842E+01  4.1489E-01  2.4704E-02
  5.2164E+01  4.1527E-01  2.4922E-02
  5.2486E+01  4.1575E-01  2.5170E-02
  5.2808E+01  4.1627E-01  2.5420E-02
  5.3130E+01  4.1677E-01  2.5648E-02
  5.3452E+01  4.1721E-01  2.5836E-02
  5.3774E+01  4.1760E-01  2.5982E-02
  5.4096E+01  4.1795E-01  2.6097E-02
  5.4418E+01  4.1830E-01  2.6203E-02
  5.4740E+01  4.1867E-01  2.6323E-02
  5.5062E+01  4.1908E-01  2.6469E-02
  5.5384E+01  4.1955E-01  2.6645E-02
  5.5706E+01  4.2004E-01  2.6844E-02
  5.6028E+01  4.2054E-01  2.7054E-02
  5.6350E+01  4.2101E-01  2.7270E-02
  5.6672E+01  4.2143E-01  2.7489E-02
  5.6994E+01  4.2178E-01  2.7711E-02
  5.7316E+01  4.2202E-01  2.7937E-02
  5.7638E+01  4.2215E-01  2.8167E-02
  5.7960E+01  4.2215E-01  2.8399E-02
  5.8282E+01  4.2201E-01  2.8631E-02
  5.8604E+01  4.2175E-01  2.8863E-02
  5.8926E+01  4.2136E-01  2.9089E-02
  5.9248E+01  4.2084E-01  2.9303E-02
  5.9570E+01  4.2020E-01  2.9498E-02
  5.9892E+01  4.1944E-01  2.9662E-02
  6.0214E+01  4.1857E-01  2.9788E-02
  6.0536E+01  4.1761E-01  2.9873E-02
  6.0858E+01  4.1656E-01  2.9918E-02
  6.1180E+01  4.1548E-01  2.9935E-02
  6.1502E+01  4.1440E-01  2.9937E-02
  6.1824E+01  4.1335E-01  2.9935E-02
  6.2146E+01  4.1237E-01  2.9940E-02
  6.2468E+01  4.1147E-01  2.9954E-02
  6.2790E+01  4.1066E-01  2.9977E-02
  6.3112E+01  4.0994E-01  3.0006E-02
  6.3434E+01  4.0933E-01  3.0038E-02
  6.3756E+01  4.0881E-01  3.0076E-02
  6.4078E+01  4.0839E-01  3.0123E-02
  6.4400E+01  4.0807E-01  3.0180E-02
  6.4722E+01  4.0783E-01  3.0250E-02
  6.5044E+01  4.0766E-01  3.0338E-02
  6.5366E+01  4.0757E-01  3.0448E-02
  6.5688E+01  4.0754E-01  3.0584E-02
  6.6010E+01  4.0757E-01  3.0746E-02
  6.6332E+01  4.0764E-01  3.0929E-02
  6.6654E+01  4.0775E-01  3.1123E-02
  6.6976E+01  4.0787E-01  3.1321E-02
  6.7298E+01  4.0800E-01  3.1516E-02
  6.7620E+01  4.0813E-01  3.1710E-02
  6.7942E+01  4.0826E-01  3.1904E-02
  6.8264E+01  4.0839E-01  3.2101E-02
  6.8586E+01  4.0852E-01  3.2304E-02
  6.8908E+01  4.0863E-01  3.2511E-02
  6.9230E+01  4.0873E-01  3.2720E-02
  6.9552E+01  4.0882E-01  3.2929E-02
  6.9874E+01  4.0888E-01  3.3132E-02
  7.0196E+01  4.0892E-01  3.3326E-02
  7.0518E+01  4.0894E-01  3.3511E-02
  7.0840E+01  4.0894E-01  3.3686E-02
  7.1162E+01  4.0892E-01  3.3849E-02
  7.1484E+01  4.0886E-01  3.4000E-02
  7.1806E+01  4.0878E-01  3.4139E-02
  7.2128E+01  4.0867E-01  3.4271E-02
  7.2450E+01  4.0853E-01  3.4400E-02
  7.2772E+01  4.0838E-01  3.4533E-02
  7.3094E+01  4.0822E-01  3.4673E-02
  7.3416E+01  4.0805E-01  3.4816E-02
  7.3738E+01  4.0787E-01  3.4959E-02
  7.4060E+01  4.0768E-01  3.5096E-02
  7.4382E+01  4.0747E-01  3.5222E-02
  7.4704E+01  4.0725E-01  3.5337E-02
  7.5026E+01  4.0703E-01  3.5445E-02
  7.5348E+01  4.0681E-01  3.5553E-02
  7.5670E+01  4.0661E-01  3.5669E-02
  7.5992E+01  4.0642E-01  3.5802E-02
  7.6314E+01  4.0627E-01  3.5956E-02
  7.6636E+01  4.0616E-01  3.6136E-02
  7.6958E+01  4.0609E-01  3.6343E-02
  7.7280E+01  4.0606E-01  3.6575E-02
  7.7602E+01  4.0606E-01  3.6829E-02
  7.7924E+01  4.0608E-01  3.7098E-02
  7.8246E+01  4.0610E-01  3.7372E-02
  7.8568E+01  4.0611E-01  3.7641E-02
  7.8890E+01  4.0609E-01  3.7895E-02
  7.9212E+01  4.0601E-01  3.8122E-02
  7.9534E+01  4.0585E-01  3.8312E-02
  7.9856E+01  4.0562E-01  3.8456E-02
  8.0178E+01  4.0530E-01  3.8553E-02
  8.0500E+01  4.0492E-01  3.8609E-02
  8.0822E+01  4.0450E-01  3.8640E-02
  8.1144E+01  4.0406E-01  3.8664E-02
  8.1466E+01  4.0366E-01  3.8701E-02
  8.1788E+01  4.0331E-01  3.8765E-02
  8.2110E+01  4.0304E-01  3.8865E-02
  8.2432E+01  4.0286E-01  3.9002E-02
  8.2754E+01  4.0276E-01  3.9171E-02
  8.3076E+01  4.0272E-01  3.9365E-02
  8.3398E+01  4.0274E-01  3.9573E-02
  8.3720E+01  4.0279E-01  3.9783E-02
  8.4042E+01  4.0283E-01  3.9988E-02
  8.4364E+01  4.0286E-01  4.0181E-02
  8.4686E+01  4.0287E-01  4.0358E-02
  8.5008E+01  4.0283E-01  4.0519E-02
  8.5330E+01  4.0277E-01  4.0667E-02
  8.5652E+01  4.0267E-01  4.0804E-02
  8.5974E+01  4.0255E-01  4.0933E-02
  8.6296E+01  4.0241E-01  4.1056E-02
  8.6618E+01  4.0227E-01  4.1180E-02
  8.6940E+01  4.0213E-01  4.1311E-02
  8.7262E+01  4.0201E-01  4.1452E-02
  8.7584E+01  4.0191E-01  4.1608E-02
  8.7906E+01  4.0183E-01  4.1777E-02
  8.8228E+01  4.0178E-01  4.1959E-02
  8.8550E+01  4.0175E-01  4.2153E-02
  8.8872E+01  4.0175E-01  4.2355E-02
  8.9194E+01  4.0176E-01  4.2563E-02
  8.9516E+01  4.0177E-01  4.2770E-02
  8.9838E+01  4.0179E-01  4.2972E-02
  9.0160E+01  4.0181E-01  4.3163E-02
  9.0482E+01  4.0182E-01  4.3341E-02
  9.0804E+01  4.0182E-01  4.3505E-02
  9.1126E+01  4.0182E-01  4.3660E-02
  9.1448E+01  4.0182E-01  4.3812E-02
  9.1770E+01  4.0183E-01  4.3965E-02
  9.2092E+01  4.0184E-01  4.4123E-02
  9.2414E+01  4.0186E-01  4.4287E-02
  9.2736E+01  4.0187E-01  4.4456E-02
  9.3058E+01  4.0189E-01  4.4628E-02
  9.3380E+01  4.0191E-01  4.4802E-02
  9.3702E+01  4.0193E-01  4.4977E-02
  9.4024E+01  4.0194E-01  4.5151E-02
  9.4346E+01  4.0194E-01  4.5324E-02
  9.4668E+01  4.0194E-01  4.5492E-02
  9.4990E+01  4.0192E-01  4.5653E-02
  9.5312E+01  4.0188E-01  4.5805E-02
  9.5634E+01  4.0182E-01  4.5946E-02
  9.5956E+01  4.0174E-01  4.6075E-02
  9.6278E+01  4.0164E-01  4.6196E-02
  9.6600E+01  4.0153E-01  4.6310E-02
  9.6922E+01  4.0141E-01  4.6421E-02
  9.7244E+01  4.0129E-01  4.6528E-02
  9.7566E+01  4.0117E-01  4.6636E-02
  9.7888E+01  4.0107E-01  4.6745E-02
  9.8210E+01  4.0098E-01  4.6859E-02
  9.8532E+01  4.0092E-01  4.6982E-02
  9.8854E+01  4.0087E-01  4.7116E-02
  9.9176E+01  4.0086E-01  4.7262E-02
  9.9498E+01  4.0087E-01  4.7420E-02
  9.9820E+01  4.0089E-01  4.7590E-02
  1.0014E+02  4.0094E-01  4.7769E-02
  1.0046E+02  4.0101E-01  4.7954E-02
  1.0079E+02  4.0108E-01  4.8141E-02
  1.0111E+02  4.0116E-01  4.8326E-02
  1.0143E+02  4.0123E-01  4.8507E-02
  1.0175E+02  4.0130E-01  4.8682E-02
  1.0207E+02  4.0136E-01  4.8849E-02
  1.0240E+02  4.0140E-01  4.9006E-02
  1.0272E+02  4.0142E-01  4.9152E-02
  1.0304E+02  4.0143E-01  4.9286E-02
  1.0336E+02  4.0141E-01  4.9410E-02
  1.0368E+02  4.0138E-01  4.9523E-02
  1.0401E+02  4.0133E-01  4.9629E-02
  1.0433E+02  4.0126E-01  4.9731E-02
  1.0465E+02  4.0118E-01  4.9831E-02
  1.0497E+02  4.0110E-01  4.9933E-02
  1.0529E+02  4.0100E-01  5.0037E-02
  1.0562E+02  4.0090E-01  5.0141E-02
  1.0594E+02  4.0078E-01  5.0241E-02
  1.0626E+02  4.0066E-01  5.0334E-02
  1.0658E+02  4.0052E-01  5.0417E-02
  1.0690E+02  4.0038E-01  5.0491E-02
  1.0723E+02  4.0023E-01  5.0560E-02
  1.0755E+02  4.0009E-01  5.0633E-02
  1.0787E+02  3.9995E-01  5.0716E-02
  1.0819E+02  3.9984E-01  5.0814E-02
  1.0851E+02  3.9974E-01  5.0929E-02
  1.0884E+02  3.9965E-01  5.1059E-02
  1.0916E+02  3.9958E-01  5.1199E-02
  1.0948E+02  3.9952E-01  5.1346E-02
  1.0980E+02  3.9946E-01  5.1495E-02
  1.1012E+02  3.9940E-01  5.1642E-02
  1.1045E+02  3.9933E-01  5.1786E-02
  1.1077E+02  3.9925E-01  5.1925E-02
  1.1109E+02  3.9916E-01  5.2059E-02
  1.1141E+02  3.9906E-01  5.2190E-02
  1.1173E+02  3.9895E-01  5.2321E-02
  1.1206E+02  3.9884E-01  5.2454E-02
  1.1238E+02  3.9872E-01  5.2593E-02
  1.1270E+02  3.9860E-01  5.2737E-02
  1.1302E+02  3.9849E-01  5.2887E-02
  1.1334E+02  3.9838E-01  5.3041E-02
  1.1367E+02  3.9827E-01  5.3198E-02
  1.1399E+02  3.9818E-01  5.3355E-02
  1.1431E+02  3.9808E-01  5.3513E-02
  1.1463E+02  3.9798E-01  5.3670E-02
  1.1495E+02  3.9789E-01  5.3826E-02
  1.1528E+02  3.9779E-01  5.3983E-02
  1.1560E+02  3.9770E-01  5.4141E-02
  1.1592E+02  3.9760E-01  5.4302E-02
  1.1624E+02  3.9749E-01  5.4466E-02
  1.1656E+02  3.9739E-01  5.4634E-02
  1.1689E+02  3.9728E-01  5.4808E-02
  1.1721E+02  3.9717E-01  5.4986E-02
  1.1753E+02  3.9706E-01  5.5166E-02
  1.1785E+02  3.9694E-01  5.5347E-02
  1.1817E+02  3.9681E-01  5.5524E-02
  1.1850E+02  3.9667E-01  5.5692E-02
  1.1882E+02  3.9651E-01  5.5848E-02
  1.1914E+02  3.9634E-01  5.5991E-02
  1.1946E+02  3.9615E-01  5.6118E-02
  1.1978E+02  3.9595E-01  5.6231E-02
  1.2011E+02  3.9573E-01  5.6329E-02
  1.2043E+02  3.9549E-01  5.6415E-02
  1.2075E+02  3.9525E-01  5.6490E-02
  1.2107E+02  3.9500E-01  5.6556E-02
  1.2139E+02  3.9475E-01  5.6617E-02
  1.2172E+02  3.9450E-01  5.6677E-02
  1.2204E+02  3.9427E-01  5.6741E-02
  1.2236E+02  3.9405E-01  5.6813E-02
  1.2268E+02  3.9384E-01  5.6894E-02
  1.2300E+02  3.9365E-01  5.6984E-02
  1.2333E+02  3.9348E-01  5.7084E-02
  1.2365E+02  3.9332E-01  5.7190E-02
  1.2397E+02  3.9317E-01  5.7302E-02
  1.2429E+02  3.9303E-01  5.7417E-02
  1.2461E+02  3.9289E-01  5.7534E-02
  1.2494E+02  3.9275E-01  5.7651E-02
  1.2526E+02  3.9262E-01  5.7768E-02
  1.2558E+02  3.9248E-01  5.7885E-02
  1.2590E+02  3.9233E-01  5.8002E-02
  1.2622E+02  3.9218E-01  5.8120E-02
  1.2655E+02  3.9203E-01  5.8239E-02
  1.2687E+02  3.9187E-01  5.8359E-02
  1.2719E+02  3.9171E-01  5.8482E-02
  1.2751E+02  3.9156E-01  5.8607E-02
  1.2783E+02  3.9140E-01  5.8736E-02
  1.2816E+02  3.9125E-01  5.8869E-02
  1.2848E+02  3.9111E-01  5.9008E-02
  1.2880E+02  3.9096E-01  5.9151E-02
  1.2912E+02  3.9082E-01  5.9298E-02
  1.2944E+02  3.9068E-01  5.9447E-02
  1.2977E+02  3.9054E-01  5.9594E-02
  1.3009E+02  3.9040E-01  5.9739E-02
  1.3041E+02  3.9025E-01  5.9882E-02
  1.3073E+02  3.9010E-01  6.0021E-02
  1.3105E+02  3.8995E-01  6.0158E-02
  1.3138E+02  3.8979E-01  6.0293E-02
  1.3170E+02  3.8964E-01  6.0426E-02
  1.3202E+02  3.8948E-01  6.0558E-02
  1.3234E+02  3.8931E-01  6.0687E-02
  1.3266E+02  3.8915E-01  6.0813E-02
  1.3299E+02  3.8898E-01  6.0935E-02
  1.3331E+02  3.8881E-01  6.1054E-02
  1.3363E+02  3.8864E-01  6.1169E-02
  1.3395E+02  3.8847E-01  6.1282E-02
  1.3427E+02  3.8830E-01  6.1395E-02
  1.3460E+02  3.8813E-01  6.1510E-02
  1.3492E+02  3.8798E-01  6.1628E-02
  1.3524E+02  3.8782E-01  6.1751E-02
  1.3556E+02  3.8768E-01  6.1878E-02
  1.3588E+02  3.8754E-01  6.2007E-02
  1.3621E+02  3.8741E-01  6.2139E-02
  1.3653E+02  3.8728E-01  6.2269E-02
  1.3685E+02  3.8715E-01  6.2398E-02
  1.3717E+02  3.8703E-01  6.2523E-02
  1.3749E+02  3.8691E-01  6.2646E-02
  1.3782E+02  3.8678E-01  6.2765E-02
  1.3814E+02  3.8666E-01  6.2883E-02
  1.3846E+02  3.8654E-01  6.2999E-02
  1.3878E+02  3.8642E-01  6.3116E-02
  1.3910E+02  3.8630E-01  6.3233E-02
  1.3943E+02  3.8618E-01  6.3351E-02
  1.3975E+02  3.8607E-01  6.3471E-02
  1.4007E+02  3.8595E-01  6.3593E-02
  1.4039E+02  3.8584E-01  6.3716E-02
  1.4071E+02  3.8573E-01  6.3841E-02
  1.4104E+02  3.8562E-01  6.3966E-02
  1.4136E+02  3.8551E-01  6.4090E-02
  1.4168E+02  3.8539E-01  6.4214E-02
  1.4200E+02  3.8528E-01  6.4336E-02
  1.4232E+02  3.8516E-01  6.4456E-02
  1.4265E+02  3.8504E-01  6.4576E-02
  1.4297E+02  3.8492E-01  6.4695E-02
  1.4329E+02  3.8480E-01  6.4814E-02
  1.4361E+02  3.8467E-01  6.4934E-02
  1.4393E+02  3.8455E-01  6.5054E-02
  1.4426E+02  3.8442E-01  6.5175E-02
  1.4458E+02  3.8429E-01  6.5295E-02
  1.4490E+02  3.8416E-01  6.5415E-02
  1.4522E+02  3.8404E-01  6.5534E-02
  1.4554E+02  3.8391E-01  6.5652E-02
  1.4587E+02  3.8378E-01  6.5771E-02
  1.4619E+02  3.8366E-01  6.5890E-02
  1.4651E+02  3.8353E-01  6.6010E-02
  1.4683E+02  3.8341E-01  6.6132E-02
  1.4715E+02  3.8329E-01  6.6256E-02
  1.4748E+02  3.8318E-01  6.6383E-02
  1.4780E+02  3.8306E-01  6.6513E-02
  1.4812E+02  3.8295E-01  6.6645E-02
  1.4844E+02  3.8284E-01  6.6779E-02
  1.4876E+02  3.8273E-01  6.6913E-02
  1.4909E+02  3.8262E-01  6.7048E-02
  1.4941E+02  3.8251E-01  6.7181E-02
  1.4973E+02  3.8240E-01  6.7312E-02
  1.5005E+02  3.8228E-01  6.7438E-02
  1.5037E+02  3.8217E-01  6.7561E-02
  1.5070E+02  3.8205E-01  6.7679E-02
  1.5102E+02  3.8192E-01  6.7795E-02
  1.5134E+02  3.8179E-01  6.7908E-02
  1.5166E+02  3.8167E-01  6.8020E-02
  1.5198E+02  3.8153E-01  6.8133E-02
  1.5231E+02  3.8140E-01  6.8247E-02
  1.5263E+02  3.8127E-01  6.8363E-02
  1.5295E+02  3.8114E-01  6.8480E-02
  1.5327E+02  3.8100E-01  6.8597E-02
  1.5359E+02  3.8087E-01  6.8715E-02
  1.5392E+02  3.8074E-01  6.8834E-02
  1.5424E+02  3.8062E-01  6.8952E-02
  1.5456E+02  3.8049E-01  6.9071E-02
  1.5488E+02  3.8036E-01  6.9190E-02
  1.5520E+02  3.8024E-01  6.9309E-02
  1.5553E+02  3.8011E-01  6.9428E-02
  1.5585E+02  3.7999E-01  6.9547E-02
  1.5617E+02  3.7986E-01  6.9666E-02
  1.5649E+02  3.7973E-01  6.9785E-02
  1.5681E+02  3.7961E-01  6.9904E-02
  1.5714E+02  3.7949E-01  7.0024E-02
  1.5746E+02  3.7936E-01  7.0144E-02
  1.5778E+02  3.7924E-01  7.0265E-02
  1.5810E+02  3.7912E-01  7.0387E-02
  1.5842E+02  3.7900E-01  7.0508E-02
  1.5875E+02  3.7888E-01  7.0628E-02
  1.5907E+02  3.7876E-01  7.0746E-02
  1.5939E+02  3.7863E-01  7.0861E-02
  1.5971E+02  3.7851E-01  7.0973E-02
  1.6003E+02  3.7838E-01  7.1081E-02
  1.6036E+02  3.7825E-01  7.1186E-02
  1.6068E+02  3.7812E-01  7.1290E-02
  1.6100E+02  3.7799E-01  7.1393E-02
  1.6132E+02  3.7786E-01  7.1497E-02
  1.6164E+02  3.7773E-01  7.1602E-02
  1.6197E+02  3.7760E-01  7.1710E-02
  1.6229E+02  3.7747E-01  7.1819E-02
  1.6261E+02  3.7734E-01  7.1931E-02
  1.6293E+02  3.7722E-01  7.2044E-02
  1.6325E+02  3.7709E-01  7.2157E-02
  1.6358E+02  3.7696E-01  7.2271E-02
  1.6390E+02  3.7684E-01  7.2383E-02
  1.6422E+02  3.7671E-01  7.2495E-02
  1.6454E+02  3.7658E-01  7.2607E-02
  1.6486E+02  3.7644E-01  7.2717E-02
  1.6519E+02  3.7631E-01  7.2827E-02
  1.6551E+02  3.7617E-01  7.2936E-02
  1.6583E+02  3.7604E-01  7.3046E-02
  1.6615E+02  3.7590E-01  7.3155E-02
  1.6647E+02  3.7577E-01  7.3266E-02
  1.6680E+02  3.7563E-01  7.3377E-02
  1.6712E+02  3.7550E-01  7.3491E-02
  1.6744E+02  3.7537E-01  7.3605E-02
  1.6776E+02  3.7523E-01  7.3722E-02
  1.6808E+02  3.7510E-01  7.3840E-02
  1.6841E+02  3.7497E-01  7.3959E-02
  1.6873E+02  3.7484E-01  7.4078E-02
  1.6905E+02  3.7471E-01  7.4197E-02
  1.6937E+02  3.7457E-01  7.4315E-02
  1.6969E+02  3.7444E-01  7.4433E-02
  1.7002E+02  3.7431E-01  7.4550E-02
  1.7034E+02  3.7417E-01  7.4667E-02
  1.7066E+02  3.7404E-01  7.4783E-02
  1.7098E+02  3.7390E-01  7.4898E-02
  1.7130E+02  3.7377E-01  7.5012E-02
  1.7163E+02  3.7363E-01  7.5126E-02
  1.7195E+02  3.7350E-01  7.5239E-02
  1.7227E+02  3.7336E-01  7.5351E-02
  1.7259E+02  3.7323E-01  7.5463E-02
  1.7291E+02  3.7309E-01  7.5573E-02
  1.7324E+02  3.7296E-01  7.5684E-02
  1.7356E+02  3.7282E-01  7.5794E-02
  1.7388E+02  3.7269E-01  7.5903E-02
  1.7420E+02  3.7255E-01  7.6012E-02
  1.7452E+02  3.7242E-01  7.6122E-02
  1.7485E+02  3.7229E-01  7.6232E-02
  1.7517E+02  3.7216E-01  7.6344E-02
  1.7549E+02  3.7202E-01  7.6456E-02
  1.7581E+02  3.7189E-01  7.6569E-02
  1.7613E+02  3.7176E-01  7.6683E-02
  1.7646E+02  3.7163E-01  7.6796E-02
  1.7678E+02  3.7150E-01  7.6910E-02
  1.7710E+02  3.7137E-01  7.7023E-02
  1.7742E+02  3.7124E-01  7.7136E-02
  1.7774E+02  3.7111E-01  7.7249E-02
  1.7807E+02  3.7098E-01  7.7361E-02
  1.7839E+02  3.7085E-01  7.7472E-02
  1.7871E+02  3.7072E-01  7.7584E-02
  1.7903E+02  3.7059E-01  7.7695E-02
  1.7935E+02  3.7046E-01  7.7805E-02
  1.7968E+02  3.7032E-01  7.7914E-02
  1.8000E+02  3.7019E-01  7.8022E-02
  1.8032E+02  3.7005E-01  7.8128E-02
  1.8064E+02  3.6992E-01  7.8234E-02
  1.8096E+02  3.6979E-01  7.8338E-02
  1.8129E+02  3.6965E-01  7.8442E-02
  1.8161E+02  3.6952E-01  7.8546E-02
  1.8193E+02  3.6939E-01  7.8651E-02
  1.8225E+02  3.6925E-01  7.8758E-02
  1.8257E+02  3.6912E-01  7.8865E-02
  1.8290E+02  3.6899E-01  7.8974E-02
  1.8322E+02  3.6887E-01  7.9085E-02
  1.8354E+02  3.6874E-01  7.9197E-02
  1.8386E+02  3.6861E-01  7.9309E-02
  1.8418E+02  3.6848E-01  7.9423E-02
  1.8451E+02  3.6836E-01  7.9536E-02
  1.8483E+02  3.6823E-01  7.9650E-02
  1.8515E+02  3.6811E-01  7.9763E-02
  1.8547E+02  3.6798E-01  7.9875E-02
  1.8579E+02  3.6785E-01  7.9987E-02
  1.8612E+02  3.6773E-01  8.0098E-02
  1.8644E+02  3.6760E-01  8.0209E-02
  1.8676E+02  3.6747E-01  8.0319E-02
  1.8708E+02  3.6734E-01  8.0429E-02
  1.8740E+02  3.6721E-01  8.0539E-02
  1.8773E+02  3.6708E-01  8.0649E-02
  1.8805E+02  3.6695E-01  8.0760E-02
  1.8837E+02  3.6682E-01  8.0872E-02
  1.8869E+02  3.6669E-01  8.0984E-02
  1.8901E+02  3.6656E-01  8.1095E-02
  1.8934E+02  3.6642E-01  8.1206E-02
  1.8966E+02  3.6629E-01  8.1315E-02
  1.8998E+02  3.6616E-01  8.1424E-02
  1.9030E+02  3.6603E-01  8.1531E-02
  1.9062E+02  3.6589E-01  8.1638E-02
  1.9095E+02  3.6576E-01  8.1743E-02
  1.9127E+02  3.6562E-01  8.1848E-02
  1.9159E+02  3.6549E-01  8.1953E-02
  1.9191E+02  3.6535E-01  8.2057E-02
  1.9223E+02  3.6521E-01  8.2162E-02
  1.9256E+02  3.6508E-01  8.2267E-02
  1.9288E+02  3.6494E-01  8.2371E-02
  1.9320E+02  3.6481E-01  8.2476E-02
  1.9352E+02  3.6468E-01  8.2581E-02
  1.9384E+02  3.6454E-01  8.2687E-02
  1.9417E+02  3.6441E-01  8.2792E-02
  1.9449E+02  3.6428E-01  8.2898E-02
  1.9481E+02  3.6415E-01  8.3004E-02
  1.9513E+02  3.6402E-01  8.3110E-02
  1.9545E+02  3.6389E-01  8.3216E-02
  1.9578E+02  3.6376E-01  8.3322E-02
  1.9610E+02  3.6363E-01  8.3429E-02
  1.9642E+02  3.6351E-01  8.3535E-02
  1.9674E+02  3.6338E-01  8.3641E-02
  1.9706E+02  3.6325E-01  8.3748E-02
  1.9739E+02  3.6312E-01  8.3855E-02
  1.9771E+02  3.6300E-01  8.3961E-02
  1.9803E+02  3.6287E-01  8.4068E-02
  1.9835E+02  3.6274E-01  8.4174E-02
  1.9867E+02  3.6261E-01  8.4280E-02
  1.9900E+02  3.6249E-01  8.4385E-02
  1.9932E+02  3.6236E-01  8.4489E-02
  1.9964E+02  3.6223E-01  8.4593E-02
  1.9996E+02  3.6210E-01  8.4697E-02
  2.0028E+02  3.6197E-01  8.4800E-02
  2.0061E+02  3.6185E-01  8.4903E-02
  2.0093E+02  3.6172E-01  8.5006E-02
  2.0125E+02  3.6159E-01  8.5109E-02
  2.0157E+02  3.6146E-01  8.5213E-02
  2.0189E+02  3.6133E-01  8.5317E-02
  2.0222E+02  3.6121E-01  8.5422E-02
  2.0254E+02  3.6108E-01  8.5527E-02
  2.0286E+02  3.6095E-01  8.5632E-02
  2.0318E+02  3.6082E-01  8.5737E-02
  2.0350E+02  3.6070E-01  8.5842E-02
  2.0383E+02  3.6057E-01  8.5947E-02
  2.0415E+02  3.6044E-01  8.6051E-02
  2.0447E+02  3.6032E-01  8.6156E-02
  2.0479E+02  3.6019E-01  8.6260E-02
  2.0511E+02  3.6006E-01  8.6365E-02
  2.0544E+02  3.5994E-01  8.6469E-02
  2.0576E+02  3.5981E-01  8.6573E-02
  2.0608E+02  3.5968E-01  8.6677E-02
  2.0640E+02  3.5956E-01  8.6781E-02
  2.0672E+02  3.5943E-01  8.6884E-02
  2.0705E+02  3.5930E-01  8.6987E-02
  2.0737E+02  3.5918E-01  8.7091E-02
  2.0769E+02  3.5905E-01  8.7194E-02
  2.0801E+02  3.5892E-01  8.7297E-02
  2.0833E+02  3.5880E-01  8.7400E-02
  2.0866E+02  3.5867E-01  8.7504E-02
  2.0898E+02  3.5855E-01  8.7607E-02
  2.0930E+02  3.5842E-01  8.7711E-02
  2.0962E+02  3.5830E-01  8.7814E-02
  2.0994E+02  3.5817E-01  8.7918E-02
  2.1027E+02  3.5804E-01  8.8021E-02
  2.1059E+02  3.5792E-01  8.8124E-02
  2.1091E+02  3.5779E-01  8.8227E-02
  2.1123E+02  3.5767E-01  8.8330E-02
  2.1155E+02  3.5754E-01  8.8432E-02
  2.1188E+02  3.5742E-01  8.8535E-02
  2.1220E+02  3.5729E-01  8.8637E-02
  2.1252E+02  3.5717E-01  8.8740E-02
  2.1284E+02  3.5705E-01  8.8842E-02
  2.1316E+02  3.5692E-01  8.8944E-02
  2.1349E+02  3.5680E-01  8.9046E-02
  2.1381E+02  3.5667E-01  8.9148E-02
  2.1413E+02  3.5655E-01  8.9251E-02
  2.1445E+02  3.5642E-01  8.9353E-02
  2.1477E+02  3.5630E-01  8.9455E-02
  2.1510E+02  3.5618E-01  8.9558E-02
  2.1542E+02  3.5605E-01  8.9661E-02
  2.1574E+02  3.5593E-01  8.9763E-02
  2.1606E+02  3.5581E-01  8.9866E-02
  2.1638E+02  3.5568E-01  8.9968E-02
  2.1671E+02  3.5556E-01  9.0070E-02
  2.1703E+02  3.5544E-01  9.0172E-02
  2.1735E+02  3.5531E-01  9.0274E-02
  2.1767E+02  3.5519E-01  9.0376E-02
  2.1799E+02  3.5507E-01  9.0478E-02
  2.1832E+02  3.5494E-01  9.0580E-02
  2.1864E+02  3.5482E-01  9.0682E-02
  2.1896E+02  3.5469E-01  9.0783E-02
  2.1928E+02  3.5457E-01  9.0884E-02
  2.1960E+02  3.5445E-01  9.0986E-02
  2.1993E+02  3.5432E-01  9.1087E-02
  2.2025E+02  3.5420E-01  9.1187E-02
  2.2057E+02  3.5407E-01  9.1288E-02
  2.2089E+02  3.5395E-01  9.1389E-02
  2.2121E+02  3.5383E-01  9.1489E-02
  2.2154E+02  3.5370E-01  9.1590E-02
  2.2186E+02  3.5358E-01  9.1690E-02
  2.2218E+02  3.5346E-01  9.1791E-02
  2.2250E+02  3.5333E-01  9.1891E-02
  2.2282E+02  3.5321E-01  9.1991E-02
  2.2315E+02  3.5309E-01  9.2092E-02
  2.2347E+02  3.5296E-01  9.2192E-02
  2.2379E+02  3.5284E-01  9.2292E-02
  2.2411E+02  3.5272E-01  9.2392E-02
  2.2443E+02  3.5259E-01  9.2492E-02
  2.2476E+02  3.5247E-01  9.2592E-02
  2.2508E+02  3.5235E-01  9.2691E-02
  2.2540E+02  3.5222E-01  9.2791E-02
  2.2572E+02  3.5210E-01  9.2890E-02
  2.2604E+02  3.5198E-01  9.2989E-02
  2.2637E+02  3.5186E-01  9.3088E-02
  2.2669E+02  3.5173E-01  9.3187E-02
  2.2701E+02  3.5161E-01  9.3286E-02
  2.2733E+02  3.5149E-01  9.3384E-02
  2.2765E+02  3.5137E-01  9.3483E-02
  2.2798E+02  3.5124E-01  9.3582E-02
  2.2830E+02  3.5112E-01  9.3680E-02
  2.2862E+02  3.5100E-01  9.3779E-02
  2.2894E+02  3.5088E-01  9.3878E-02
  2.2926E+02  3.5076E-01  9.3976E-02
  2.2959E+02  3.5063E-01  9.4074E-02
  2.2991E+02  3.5051E-01  9.4173E-02
  2.3023E+02  3.5039E-01  9.4271E-02
  2.3055E+02  3.5027E-01  9.4369E-02
  2.3087E+02  3.5014E-01  9.4467E-02
  2.3120E+02  3.5002E-01  9.4565E-02
  2.3152E+02  3.4990E-01  9.4664E-02
  2.3184E+02  3.4978E-01  9.4762E-02
  2.3216E+02  3.4965E-01  9.4861E-02
  2.3248E+02  3.4953E-01  9.4959E-02
  2.3281E+02  3.4941E-01  9.5058E-02
  2.3313E+02  3.4929E-01  9.5156E-02
  2.3345E+02  3.4916E-01  9.5254E-02
  2.3377E+02  3.4904E-01  9.5353E-02
  2.3409E+02  3.4892E-01  9.5451E-02
  2.3442E+02  3.4879E-01  9.5549E-02
  2.3474E+02  3.4867E-01  9.5647E-02
  2.3506E+02  3.4855E-01  9.5744E-02
  2.3538E+02  3.4842E-01  9.5842E-02
  2.3570E+02  3.4830E-01  9.5940E-02
  2.3603E+02  3.4817E-01  9.6038E-02
  2.3635E+02  3.4805E-01  9.6135E-02
  2.3667E+02  3.4792E-01  9.6233E-02
  2.3699E+02  3.4780E-01  9.6330E-02
  2.3731E+02  3.4767E-01  9.6427E-02
  2.3764E+02  3.4755E-01  9.6523E-02
  2.3796E+02  3.4742E-01  9.6619E-02
  2.3828E+02  3.4729E-01  9.6715E-02
  2.3860E+02  3.4717E-01  9.6811E-02
  2.3892E+02  3.4704E-01  9.6907E-02
  2.3925E+02  3.4691E-01  9.7002E-02
  2.3957E+02  3.4679E-01  9.7096E-02
  2.3989E+02  3.4666E-01  9.7191E-02
  2.4021E+02  3.4653E-01  9.7285E-02
  2.4053E+02  3.4641E-01  9.7379E-02
  2.4086E+02  3.4628E-01  9.7472E-02
  2.4118E+02  3.4615E-01  9.7566E-02
  2.4150E+02  3.4603E-01  9.7659E-02
  2.4182E+02  3.4590E-01  9.7752E-02
  2.4214E+02  3.4577E-01  9.7845E-02
  2.4247E+02  3.4565E-01  9.7938E-02
  2.4279E+02  3.4552E-01  9.8031E-02
  2.4311E+02  3.4539E-01  9.8124E-02
  2.4343E+02  3.4526E-01  9.8217E-02
  2.4375E+02  3.4514E-01  9.8309E-02
  2.4408E+02  3.4501E-01  9.8402E-02
  2.4440E+02  3.4488E-01  9.8495E-02
  2.4472E+02  3.4476E-01  9.8588E-02
  2.4504E+02  3.4463E-01  9.8680E-02
  2.4536E+02  3.4450E-01  9.8772E-02
  2.4569E+02  3.4438E-01  9.8865E-02
  2.4601E+02  3.4425E-01  9.8957E-02
  2.4633E+02  3.4412E-01  9.9049E-02
  2.4665E+02  3.4400E-01  9.9141E-02
  2.4697E+02  3.4387E-01  9.9232E-02
  2.4730E+02  3.4374E-01  9.9324E-02
  2.4762E+02  3.4362E-01  9.9416E-02
  2.4794E+02  3.4349E-01  9.9508E-02
  2.4826E+02  3.4336E-01  9.9599E-02
  2.4858E+02  3.4324E-01  9.9691E-02
  2.4891E+02  3.4311E-01  9.9782E-02
  2.4923E+02  3.4298E-01  9.9873E-02
  2.4955E+02  3.4286E-01  9.9964E-02
  2.4987E+02  3.4273E-01  1.0006E-01
  2.5019E+02  3.4260E-01  1.0015E-01
  2.5052E+02  3.4248E-01  1.0024E-01
  2.5084E+02  3.4235E-01  1.0033E-01
  2.5116E+02  3.4223E-01  1.0042E-01
  2.5148E+02  3.4210E-01  1.0051E-01
  2.5180E+02  3.4198E-01  1.0060E-01
  2.5213E+02  3.4185E-01  1.0069E-01
  2.5245E+02  3.4172E-01  1.0078E-01
  2.5277E+02  3.4160E-01  1.0087E-01
  2.5309E+02  3.4147E-01  1.0096E-01
  2.5341E+02  3.4135E-01  1.0105E-01
  2.5374E+02  3.4122E-01  1.0114E-01
  2.5406E+02  3.4110E-01  1.0123E-01
  2.5438E+02  3.4097E-01  1.0132E-01
  2.5470E+02  3.4084E-01  1.0141E-01
  2.5502E+02  3.4072E-01  1.0150E-01
  2.5535E+02  3.4059E-01  1.0159E-01
  2.5567E+02  3.4047E-01  1.0168E-01
  2.5599E+02  3.4034E-01  1.0177E-01
  2.5631E+02  3.4022E-01  1.0186E-01
  2.5663E+02  3.4009E-01  1.0195E-01
  2.5696E+02  3.3997E-01  1.0204E-01
  2.5728E+02  3.3984E-01  1.0213E-01
  2.5760E+02  3.3971E-01  1.0222E-01
  2.5792E+02  3.3959E-01  1.0231E-01
  2.5824E+02  3.3946E-01  1.0240E-01
  2.5857E+02  3.3934E-01  1.0249E-01
  2.5889E+02  3.3921E-01  1.0258E-01
  2.5921E+02  3.3909E-01  1.0267E-01
  2.5953E+02  3.3896E-01  1.0276E-01
  2.5985E+02  3.3883E-01  1.0285E-01
  2.6018E+02  3.3871E-01  1.0293E-01
  2.6050E+02  3.3858E-01  1.0302E-01
  2.6082E+02  3.3846E-01  1.0311E-01
  2.6114E+02  3.3833E-01  1.0320E-01
  2.6146E+02  3.3820E-01  1.0329E-01
  2.6179E+02  3.3808E-01  1.0338E-01
  2.6211E+02  3.3795E-01  1.0346E-01
  2.6243E+02  3.3783E-01  1.0355E-01
  2.6275E+02  3.3770E-01  1.0364E-01
  2.6307E+02  3.3758E-01  1.0373E-01
  2.6340E+02  3.3745E-01  1.0382E-01
  2.6372E+02  3.3733E-01  1.0391E-01
  2.6404E+02  3.3720E-01  1.0399E-01
  2.6436E+02  3.3707E-01  1.0408E-01
  2.6468E+02  3.3695E-01  1.0417E-01
  2.6501E+02  3.3682E-01  1.0426E-01
  2.6533E+02  3.3670E-01  1.0434E-01
  2.6565E+02  3.3657E-01  1.0443E-01
  2.6597E+02  3.3645E-01  1.0452E-01
  2.6629E+02  3.3632E-01  1.0461E-01
  2.6662E+02  3.3620E-01  1.0469E-01
  2.6694E+02  3.3607E-01  1.0478E-01
  2.6726E+02  3.3595E-01  1.0487E-01
  2.6758E+02  3.3582E-01  1.0495E-01
  2.6790E+02  3.3570E-01  1.0504E-01
  2.6823E+02  3.3557E-01  1.0513E-01
  2.6855E+02  3.3545E-01  1.0521E-01
  2.6887E+02  3.3532E-01  1.0530E-01
  2.6919E+02  3.3520E-01  1.0539E-01
  2.6951E+02  3.3507E-01  1.0547E-01
  2.6984E+02  3.3495E-01  1.0556E-01
  2.7016E+02  3.3483E-01  1.0565E-01
  2.7048E+02  3.3470E-01  1.0573E-01
  2.7080E+02  3.3458E-01  1.0582E-01
  2.7112E+02  3.3445E-01  1.0591E-01
  2.7145E+02  3.3433E-01  1.0599E-01
  2.7177E+02  3.3420E-01  1.0608E-01
  2.7209E+02  3.3408E-01  1.0617E-01
  2.7241E+02  3.3395E-01  1.0625E-01
  2.7273E+02  3.3383E-01  1.0634E-01
  2.7306E+02  3.3371E-01  1.0643E-01
  2.7338E+02  3.3358E-01  1.0651E-01
  2.7370E+02  3.3346E-01  1.0660E-01
  2.7402E+02  3.3333E-01  1.0668E-01
  2.7434E+02  3.3321E-01  1.0677E-01
  2.7467E+02  3.3309E-01  1.0685E-01
  2.7499E+02  3.3296E-01  1.0694E-01
  2.7531E+02  3.3284E-01  1.0703E-01
  2.7563E+02  3.3271E-01  1.0711E-01
  2.7595E+02  3.3259E-01  1.0720E-01
  2.7628E+02  3.3246E-01  1.0728E-01
  2.7660E+02  3.3234E-01  1.0737E-01
  2.7692E+02  3.3222E-01  1.0745E-01
  2.7724E+02  3.3209E-01  1.0754E-01
  2.7756E+02  3.3197E-01  1.0762E-01
  2.7789E+02  3.3184E-01  1.0771E-01
  2.7821E+02  3.3172E-01  1.0779E-01
  2.7853E+02  3.3160E-01  1.0788E-01
  2.7885E+02  3.3147E-01  1.0796E-01
  2.7917E+02  3.3135E-01  1.0805E-01
  2.7950E+02  3.3122E-01  1.0813E-01
  2.7982E+02  3.3110E-01  1.0822E-01
  2.8014E+02  3.3098E-01  1.0830E-01
  2.8046E+02  3.3085E-01  1.0838E-01
  2.8078E+02  3.3073E-01  1.0847E-01
  2.8111E+02  3.3060E-01  1.0855E-01
  2.8143E+02  3.3048E-01  1.0864E-01
  2.8175E+02  3.3036E-01  1.0872E-01
  2.8207E+02  3.3023E-01  1.0881E-01
  2.8239E+02  3.3011E-01  1.0889E-01
  2.8272E+02  3.2999E-01  1.0897E-01
  2.8304E+02  3.2986E-01  1.0906E-01
  2.8336E+02  3.2974E-01  1.0914E-01
  2.8368E+02  3.2962E-01  1.0922E-01
  2.8400E+02  3.2949E-01  1.0931E-01
  2.8433E+02  3.2937E-01  1.0939E-01
  2.8465E+02  3.2925E-01  1.0947E-01
  2.8497E+02  3.2912E-01  1.0956E-01
  2.8529E+02  3.2900E-01  1.0964E-01
  2.8561E+02  3.2888E-01  1.0972E-01
  2.8594E+02  3.2875E-01  1.0981E-01
  2.8626E+02  3.2863E-01  1.0989E-01
  2.8658E+02  3.2851E-01  1.0997E-01
  2.8690E+02  3.2838E-01  1.1006E-01
  2.8722E+02  3.2826E-01  1.1014E-01
  2.8755E+02  3.2814E-01  1.1022E-01
  2.8787E+02  3.2801E-01  1.1030E-01
  2.8819E+02  3.2789E-01  1.1039E-01
  2.8851E+02  3.2777E-01  1.1047E-01
  2.8883E+02  3.2764E-01  1.1055E-01
  2.8916E+02  3.2752E-01  1.1063E-01
  2.8948E+02  3.2740E-01  1.1072E-01
  2.8980E+02  3.2728E-01  1.1080E-01
  2.9012E+02  3.2715E-01  1.1088E-01
  2.9044E+02  3.2703E-01  1.1096E-01
  2.9077E+02  3.2691E-01  1.1104E-01
  2.9109E+02  3.2678E-01  1.1113E-01
  2.9141E+02  3.2666E-01  1.1121E-01
  2.9173E+02  3.2654E-01  1.1129E-01
  2.9205E+02  3.2641E-01  1.1137E-01
  2.9238E+02  3.2629E-01  1.1145E-01
  2.9270E+02  3.2617E-01  1.1153E-01
  2.9302E+02  3.2605E-01  1.1161E-01
  2.9334E+02  3.2592E-01  1.1169E-01
  2.9366E+02  3.2580E-01  1.1178E-01
  2.9399E+02  3.2568E-01  1.1186E-01
  2.9431E+02  3.2555E-01  1.1194E-01
  2.9463E+02  3.2543E-01  1.1202E-01
  2.9495E+02  3.2531E-01  1.1210E-01
  2.9527E+02  3.2518E-01  1.1218E-01
  2.9560E+02  3.2506E-01  1.1226E-01
  2.9592E+02  3.2494E-01  1.1234E-01
  2.9624E+02  3.2481E-01  1.1242E-01
  2.9656E+02  3.2469E-01  1.1250E-01
  2.9688E+02  3.2457E-01  1.1258E-01
  2.9721E+02  3.2444E-01  1.1266E-01
  2.9753E+02  3.2432E-01  1.1274E-01
  2.9785E+02  3.2420E-01  1.1282E-01
  2.9817E+02  3.2407E-01  1.1290E-01
  2.9849E+02  3.2395E-01  1.1298E-01
  2.9882E+02  3.2383E-01  1.1306E-01
  2.9914E+02  3.2370E-01  1.1314E-01
  2.9946E+02  3.2358E-01  1.1322E-01
  2.9978E+02  3.2345E-01  1.1330E-01
  3.0010E+02  3.2333E-01  1.1338E-01
  3.0043E+02  3.2321E-01  1.1346E-01
  3.0075E+02  3.2308E-01  1.1354E-01
  3.0107E+02  3.2296E-01  1.1362E-01
  3.0139E+02  3.2284E-01  1.1369E-01
  3.0171E+02  3.2271E-01  1.1377E-01
  3.0204E+02  3.2259E-01  1.1385E-01
  3.0236E+02  3.2247E-01  1.1393E-01
  3.0268E+02  3.2234E-01  1.1401E-01
  3.0300E+02  3.2222E-01  1.1409E-01
  3.0332E+02  3.2210E-01  1.1417E-01
  3.0365E+02  3.2197E-01  1.1424E-01
  3.0397E+02  3.2185E-01  1.1432E-01
  3.0429E+02  3.2173E-01  1.1440E-01
  3.0461E+02  3.2160E-01  1.1448E-01
  3.0493E+02  3.2148E-01  1.1456E-01
  3.0526E+02  3.2135E-01  1.1463E-01
  3.0558E+02  3.2123E-01  1.1471E-01
  3.0590E+02  3.2111E-01  1.1479E-01
  3.0622E+02  3.2098E-01  1.1487E-01
  3.0654E+02  3.2086E-01  1.1495E-01
  3.0687E+02  3.2074E-01  1.1502E-01
  3.0719E+02  3.2061E-01  1.1510E-01
  3.0751E+02  3.2049E-01  1.1518E-01
  3.0783E+02  3.2036E-01  1.1525E-01
  3.0815E+02  3.2024E-01  1.1533E-01
  3.0848E+02  3.2012E-01  1.1541E-01
  3.0880E+02  3.1999E-01  1.1548E-01
  3.0912E+02  3.1987E-01  1.1556E-01
  3.0944E+02  3.1975E-01  1.1564E-01
  3.0976E+02  3.1962E-01  1.1571E-01
  3.1009E+02  3.1950E-01  1.1579E-01
  3.1041E+02  3.1937E-01  1.1587E-01
  3.1073E+02  3.1925E-01  1.1594E-01
  3.1105E+02  3.1913E-01  1.1602E-01
  3.1137E+02  3.1900E-01  1.1610E-01
  3.1170E+02  3.1888E-01  1.1617E-01
  3.1202E+02  3.1875E-01  1.1625E-01
  3.1234E+02  3.1863E-01  1.1632E-01
  3.1266E+02  3.1851E-01  1.1640E-01
  3.1298E+02  3.1838E-01  1.1647E-01
  3.1331E+02  3.1826E-01  1.1655E-01
  3.1363E+02  3.1813E-01  1.1662E-01
  3.1395E+02  3.1801E-01  1.1670E-01
  3.1427E+02  3.1788E-01  1.1678E-01
  3.1459E+02  3.1776E-01  1.1685E-01
  3.1492E+02  3.1764E-01  1.1693E-01
  3.1524E+02  3.1751E-01  1.1700E-01
  3.1556E+02  3.1739E-01  1.1707E-01
  3.1588E+02  3.1726E-01  1.1715E-01
  3.1620E+02  3.1714E-01  1.1722E-01
  3.1653E+02  3.1701E-01  1.1730E-01
  3.1685E+02  3.1689E-01  1.1737E-01
  3.1717E+02  3.1677E-01  1.1745E-01
  3.1749E+02  3.1664E-01  1.1752E-01
  3.1781E+02  3.1652E-01  1.1760E-01
  3.1814E+02  3.1639E-01  1.1767E-01
  3.1846E+02  3.1627E-01  1.1774E-01
  3.1878E+02  3.1614E-01  1.1782E-01
  3.1910E+02  3.1602E-01  1.1789E-01
  3.1942E+02  3.1590E-01  1.1797E-01
  3.1975E+02  3.1577E-01  1.1804E-01
  3.2007E+02  3.1565E-01  1.1811E-01
  3.2039E+02  3.1552E-01  1.1819E-01
  3.2071E+02  3.1540E-01  1.1826E-01
  3.2103E+02  3.1527E-01  1.1833E-01
  3.2136E+02  3.1515E-01  1.1841E-01
  3.2168E+02  3.1503E-01  1.1848E-01
  3.2200E+02  3.1490E-01  1.1855E-01
  3.2232E+02  3.1478E-01  1.1862E-01
  3.2264E+02  3.1465E-01  1.1870E-01
  3.2297E+02  3.1453E-01  1.1877E-01
  3.2329E+02  3.1440E-01  1.1884E-01
  3.2361E+02  3.1428E-01  1.1892E-01
  3.2393E+02  3.1416E-01  1.1899E-01
  3.2425E+02  3.1403E-01  1.1906E-01
  3.2458E+02  3.1391E-01  1.1913E-01
  3.2490E+02  3.1378E-01  1.1921E-01
  3.2522E+02  3.1366E-01  1.1928E-01
  3.2554E+02  3.1353E-01  1.1935E-01
  3.2586E+02  3.1341E-01  1.1942E-01
  3.2619E+02  3.1329E-01  1.1949E-01
  3.2651E+02  3.1316E-01  1.1957E-01
  3.2683E+02  3.1304E-01  1.1964E-01
  3.2715E+02  3.1291E-01  1.1971E-01
  3.2747E+02  3.1279E-01  1.1978E-01
  3.2780E+02  3.1267E-01  1.1985E-01
  3.2812E+02  3.1254E-01  1.1992E-01
  3.2844E+02  3.1242E-01  1.2000E-01
  3.2876E+02  3.1229E-01  1.2007E-01
  3.2908E+02  3.1217E-01  1.2014E-01
  3.2941E+02  3.1205E-01  1.2021E-01
  3.2973E+02  3.1192E-01  1.2028E-01
  3.3005E+02  3.1180E-01  1.2035E-01
  3.3037E+02  3.1167E-01  1.2042E-01
  3.3069E+02  3.1155E-01  1.2049E-01
  3.3102E+02  3.1143E-01  1.2056E-01
  3.3134E+02  3.1130E-01  1.2064E-01
  3.3166E+02  3.1118E-01  1.2071E-01
  3.3198E+02  3.1106E-01  1.2078E-01
  3.3230E+02  3.1093E-01  1.2085E-01
  3.3263E+02  3.1081E-01  1.2092E-01
  3.3295E+02  3.1068E-01  1.2099E-01
  3.3327E+02  3.1056E-01  1.2106E-01
  3.3359E+02  3.1044E-01  1.2113E-01
  3.3391E+02  3.1031E-01  1.2120E-01
  3.3424E+02  3.1019E-01  1.2127E-01
  3.3456E+02  3.1007E-01  1.2134E-01
  3.3488E+02  3.0994E-01  1.2141E-01
  3.3520E+02  3.0982E-01  1.2148E-01
  3.3552E+02  3.0970E-01  1.2155E-01
  3.3585E+02  3.0957E-01  1.2162E-01
  3.3617E+02  3.0945E-01  1.2169E-01
  3.3649E+02  3.0933E-01  1.2176E-01
  3.3681E+02  3.0920E-01  1.2183E-01
  3.3713E+02  3.0908E-01  1.2190E-01
  3.3746E+02  3.0896E-01  1.2197E-01
  3.3778E+02  3.0883E-01  1.2203E-01
  3.3810E+02  3.0871E-01  1.2210E-01
  3.3842E+02  3.0859E-01  1.2217E-01
  3.3874E+02  3.0846E-01  1.2224E-01
  3.3907E+02  3.0834E-01  1.2231E-01
  3.3939E+02  3.0822E-01  1.2238E-01
  3.3971E+02  3.0809E-01  1.2245E-01
  3.4003E+02  3.0797E-01  1.2252E-01
  3.4035E+02  3.0785E-01  1.2259E-01
  3.4068E+02  3.0773E-01  1.2265E-01
  3.4100E+02  3.0760E-01  1.2272E-01
  3.4132E+02  3.0748E-01  1.2279E-01
  3.4164E+02  3.0736E-01  1.2286E-01
  3.4196E+02  3.0723E-01  1.2293E-01
  3.4229E+02  3.0711E-01  1.2300E-01
  3.4261E+02  3.0699E-01  1.2307E-01
  3.4293E+02  3.0687E-01  1.2313E-01
  3.4325E+02  3.0674E-01  1.2320E-01
  3.4357E+02  3.0662E-01  1.2327E-01
  3.4390E+02  3.0650E-01  1.2334E-01
  3.4422E+02  3.0637E-01  1.2341E-01
  3.4454E+02  3.0625E-01  1.2347E-01
  3.4486E+02  3.0613E-01  1.2354E-01
  3.4518E+02  3.0601E-01  1.2361E-01
  3.4551E+02  3.0588E-01  1.2368E-01
  3.4583E+02  3.0576E-01  1.2374E-01
  3.4615E+02  3.0564E-01  1.2381E-01
  3.4647E+02  3.0552E-01  1.2388E-01
  3.4679E+02  3.0540E-01  1.2395E-01
  3.4712E+02  3.0527E-01  1.2401E-01
  3.4744E+02  3.0515E-01  1.2408E-01
  3.4776E+02  3.0503E-01  1.2415E-01
  3.4808E+02  3.0491E-01  1.2421E-01
  3.4840E+02  3.0478E-01  1.2428E-01
  3.4873E+02  3.0466E-01  1.2435E-01
  3.4905E+02  3.0454E-01  1.2441E-01
  3.4937E+02  3.0442E-01  1.2448E-01
  3.4969E+02  3.0429E-01  1.2455E-01
  3.5001E+02  3.0417E-01  1.2461E-01
  3.5034E+02  3.0405E-01  1.2468E-01
  3.5066E+02  3.0393E-01  1.2475E-01
  3.5098E+02  3.0381E-01  1.2481E-01
  3.5130E+02  3.0368E-01  1.2488E-01
  3.5162E+02  3.0356E-01  1.2495E-01
  3.5195E+02  3.0344E-01  1.2501E-01
  3.5227E+02  3.0332E-01  1.2508E-01
  3.5259E+02  3.0320E-01  1.2514E-01
  3.5291E+02  3.0307E-01  1.2521E-01
  3.5323E+02  3.0295E-01  1.2528E-01
  3.5356E+02  3.0283E-01  1.2534E-01
  3.5388E+02  3.0271E-01  1.2541E-01
  3.5420E+02  3.0259E-01  1.2547E-01
  3.5452E+02  3.0246E-01  1.2554E-01
  3.5484E+02  3.0234E-01  1.2560E-01
  3.5517E+02  3.0222E-01  1.2567E-01
  3.5549E+02  3.0210E-01  1.2573E-01
  3.5581E+02  3.0198E-01  1.2580E-01
  3.5613E+02  3.0185E-01  1.2586E-01
  3.5645E+02  3.0173E-01  1.2593E-01
  3.5678E+02  3.0161E-01  1.2599E-01
  3.5710E+02  3.0149E-01  1.2606E-01
  3.5742E+02  3.0137E-01  1.2612E-01
  3.5774E+02  3.0125E-01  1.2619E-01
  3.5806E+02  3.0112E-01  1.2625E-01
  3.5839E+02  3.0100E-01  1.2632E-01
  3.5871E+02  3.0088E-01  1.2638E-01
  3.5903E+02  3.0076E-01  1.2645E-01
  3.5935E+02  3.0064E-01  1.2651E-01
  3.5967E+02  3.0051E-01  1.2658E-01
  3.6000E+02  3.0039E-01  1.2664E-01
  3.6032E+02  3.0027E-01  1.2671E-01
  3.6064E+02  3.0015E-01  1.2677E-01
  3.6096E+02  3.0003E-01  1.2683E-01
  3.6128E+02  2.9991E-01  1.2690E-01
  3.6161E+02  2.9979E-01  1.2696E-01
  3.6193E+02  2.9966E-01  1.2703E-01
  3.6225E+02  2.9954E-01  1.2709E-01
  3.6257E+02  2.9942E-01  1.2715E-01
  3.6289E+02  2.9930E-01  1.2722E-01
  3.6322E+02  2.9918E-01  1.2728E-01
  3.6354E+02  2.9906E-01  1.2734E-01
  3.6386E+02  2.9893E-01  1.2741E-01
  3.6418E+02  2.9881E-01  1.2747E-01
  3.6450E+02  2.9869E-01  1.2753E-01
  3.6483E+02  2.9857E-01  1.2760E-01
  3.6515E+02  2.9845E-01  1.2766E-01
  3.6547E+02  2.9833E-01  1.2772E-01
  3.6579E+02  2.9821E-01  1.2779E-01
  3.6611E+02  2.9808E-01  1.2785E-01
  3.6644E+02  2.9796E-01  1.2791E-01
  3.6676E+02  2.9784E-01  1.2797E-01
  3.6708E+02  2.9772E-01  1.2804E-01
  3.6740E+02  2.9760E-01  1.2810E-01
  3.6772E+02  2.9748E-01  1.2816E-01
  3.6805E+02  2.9736E-01  1.2822E-01
  3.6837E+02  2.9723E-01  1.2829E-01
  3.6869E+02  2.9711E-01  1.2835E-01
  3.6901E+02  2.9699E-01  1.2841E-01
  3.6933E+02  2.9687E-01  1.2847E-01
  3.6966E+02  2.9675E-01  1.2854E-01
  3.6998E+02  2.9663E-01  1.2860E-01
  3.7030E+02  2.9651E-01  1.2866E-01
  3.7062E+02  2.9638E-01  1.2872E-01
  3.7094E+02  2.9626E-01  1.2878E-01
  3.7127E+02  2.9614E-01  1.2885E-01
  3.7159E+02  2.9602E-01  1.2891E-01
  3.7191E+02  2.9590E-01  1.2897E-01
  3.7223E+02  2.9578E-01  1.2903E-01
  3.7255E+02  2.9566E-01  1.2909E-01
  3.7288E+02  2.9554E-01  1.2915E-01
  3.7320E+02  2.9541E-01  1.2921E-01
  3.7352E+02  2.9529E-01  1.2928E-01
  3.7384E+02  2.9517E-01  1.2934E-01
  3.7416E+02  2.9505E-01  1.2940E-01
  3.7449E+02  2.9493E-01  1.2946E-01
  3.7481E+02  2.9481E-01  1.2952E-01
  3.7513E+02  2.9469E-01  1.2958E-01
  3.7545E+02  2.9457E-01  1.2964E-01
  3.7577E+02  2.9445E-01  1.2970E-01
  3.7610E+02  2.9432E-01  1.2976E-01
  3.7642E+02  2.9420E-01  1.2982E-01
  3.7674E+02  2.9408E-01  1.2988E-01
  3.7706E+02  2.9396E-01  1.2994E-01
  3.7738E+02  2.9384E-01  1.3000E-01
  3.7771E+02  2.9372E-01  1.3006E-01
  3.7803E+02  2.9360E-01  1.3012E-01
  3.7835E+02  2.9348E-01  1.3018E-01
  3.7867E+02  2.9336E-01  1.3024E-01
  3.7899E+02  2.9323E-01  1.3030E-01
  3.7932E+02  2.9311E-01  1.3036E-01
  3.7964E+02  2.9299E-01  1.3042E-01
  3.7996E+02  2.9287E-01  1.3048E-01
  3.8028E+02  2.9275E-01  1.3054E-01
  3.8060E+02  2.9263E-01  1.3060E-01
  3.8093E+02  2.9251E-01  1.3066E-01
  3.8125E+02  2.9239E-01  1.3072E-01
  3.8157E+02  2.9227E-01  1.3078E-01
  3.8189E+02  2.9215E-01  1.3084E-01
  3.8221E+02  2.9202E-01  1.3090E-01
  3.8254E+02  2.9190E-01  1.3096E-01
  3.8286E+02  2.9178E-01  1.3102E-01
  3.8318E+02  2.9166E-01  1.3108E-01
  3.8350E+02  2.9154E-01  1.3113E-01
  3.8382E+02  2.9142E-01  1.3119E-01
  3.8415E+02  2.9130E-01  1.3125E-01
  3.8447E+02  2.9118E-01  1.3131E-01
  3.8479E+02  2.9106E-01  1.3137E-01
  3.8511E+02  2.9094E-01  1.3143E-01
  3.8543E+02  2.9082E-01  1.3149E-01
  3.8576E+02  2.9070E-01  1.3154E-01
  3.8608E+02  2.9057E-01  1.3160E-01
  3.8640E+02  2.9045E-01  1.3166E-01
  3.8672E+02  2.9033E-01  1.3172E-01
  3.8704E+02  2.9021E-01  1.3178E-01
  3.8737E+02  2.9009E-01  1.3183E-01
  3.8769E+02  2.8997E-01  1.3189E-01
  3.8801E+02  2.8985E-01  1.3195E-01
  3.8833E+02  2.8973E-01  1.3201E-01
  3.8865E+02  2.8961E-01  1.3206E-01
  3.8898E+02  2.8949E-01  1.3212E-01
  3.8930E+02  2.8937E-01  1.3218E-01
  3.8962E+02  2.8925E-01  1.3224E-01
  3.8994E+02  2.8913E-01  1.3229E-01
  3.9026E+02  2.8901E-01  1.3235E-01
  3.9059E+02  2.8888E-01  1.3241E-01
  3.9091E+02  2.8876E-01  1.3247E-01
  3.9123E+02  2.8864E-01  1.3252E-01
  3.9155E+02  2.8852E-01  1.3258E-01
  3.9187E+02  2.8840E-01  1.3264E-01
  3.9220E+02  2.8828E-01  1.3269E-01
  3.9252E+02  2.8816E-01  1.3275E-01
  3.9284E+02  2.8804E-01  1.3281E-01
  3.9316E+02  2.8792E-01  1.3286E-01
  3.9348E+02  2.8780E-01  1.3292E-01
  3.9381E+02  2.8768E-01  1.3298E-01
  3.9413E+02  2.8756E-01  1.3303E-01
  3.9445E+02  2.8744E-01  1.3309E-01
  3.9477E+02  2.8732E-01  1.3315E-01
  3.9509E+02  2.8720E-01  1.3320E-01
  3.9542E+02  2.8708E-01  1.3326E-01
  3.9574E+02  2.8696E-01  1.3331E-01
  3.9606E+02  2.8684E-01  1.3337E-01
  3.9638E+02  2.8672E-01  1.3342E-01
  3.9670E+02  2.8660E-01  1.3348E-01
  3.9703E+02  2.8648E-01  1.3354E-01
  3.9735E+02  2.8636E-01  1.3359E-01
  3.9767E+02  2.8624E-01  1.3365E-01
  3.9799E+02  2.8612E-01  1.3370E-01
  3.9831E+02  2.8600E-01  1.3376E-01
  3.9864E+02  2.8588E-01  1.3381E-01
  3.9896E+02  2.8576E-01  1.3387E-01
  3.9928E+02  2.8564E-01  1.3392E-01
  3.9960E+02  2.8552E-01  1.3398E-01
  3.9992E+02  2.8540E-01  1.3403E-01
  4.0025E+02  2.8528E-01  1.3409E-01
  4.0057E+02  2.8516E-01  1.3414E-01
  4.0089E+02  2.8504E-01  1.3420E-01
  4.0121E+02  2.8492E-01  1.3425E-01
  4.0153E+02  2.8480E-01  1.3431E-01
  4.0186E+02  2.8468E-01  1.3436E-01
  4.0218E+02  2.8456E-01  1.3442E-01
  4.0250E+02  2.8444E-01  1.3447E-01
  4.0282E+02  2.8432E-01  1.3453E-01
  4.0314E+02  2.8420E-01  1.3458E-01
  4.0347E+02  2.8408E-01  1.3463E-01
  4.0379E+02  2.8396E-01  1.3469E-01
  4.0411E+02  2.8384E-01  1.3474E-01
  4.0443E+02  2.8372E-01  1.3480E-01
  4.0475E+02  2.8360E-01  1.3485E-01
  4.0508E+02  2.8348E-01  1.3490E-01
  4.0540E+02  2.8336E-01  1.3496E-01
  4.0572E+02  2.8324E-01  1.3501E-01
  4.0604E+02  2.8312E-01  1.3507E-01
  4.0636E+02  2.8300E-01  1.3512E-01
  4.0669E+02  2.8288E-01  1.3517E-01
  4.0701E+02  2.8276E-01  1.3523E-01
  4.0733E+02  2.8264E-01  1.3528E-01
  4.0765E+02  2.8252E-01  1.3533E-01
  4.0797E+02  2.8240E-01  1.3539E-01
  4.0830E+02  2.8228E-01  1.3544E-01
  4.0862E+02  2.8216E-01  1.3549E-01
  4.0894E+02  2.8204E-01  1.3554E-01
  4.0926E+02  2.8192E-01  1.3560E-01
  4.0958E+02  2.8180E-01  1.3565E-01
  4.0991E+02  2.8168E-01  1.3570E-01
  4.1023E+02  2.8156E-01  1.3576E-01
  4.1055E+02  2.8144E-01  1.3581E-01
  4.1087E+02  2.8132E-01  1.3586E-01
  4.1119E+02  2.8121E-01  1.3591E-01
  4.1152E+02  2.8109E-01  1.3597E-01
  4.1184E+02  2.8097E-01  1.3602E-01
  4.1216E+02  2.8085E-01  1.3607E-01
  4.1248E+02  2.8073E-01  1.3612E-01
  4.1280E+02  2.8061E-01  1.3618E-01
  4.1313E+02  2.8049E-01  1.3623E-01
  4.1345E+02  2.8037E-01  1.3628E-01
  4.1377E+02  2.8025E-01  1.3633E-01
  4.1409E+02  2.8013E-01  1.3638E-01
  4.1441E+02  2.8001E-01  1.3644E-01
  4.1474E+02  2.7989E-01  1.3649E-01
  4.1506E+02  2.7977E-01  1.3654E-01
  4.1538E+02  2.7965E-01  1.3659E-01
  4.1570E+02  2.7954E-01  1.3664E-01
  4.1602E+02  2.7942E-01  1.3669E-01
  4.1635E+02  2.7930E-01  1.3674E-01
  4.1667E+02  2.7918E-01  1.3680E-01
  4.1699E+02  2.7906E-01  1.3685E-01
  4.1731E+02  2.7894E-01  1.3690E-01
  4.1763E+02  2.7882E-01  1.3695E-01
  4.1796E+02  2.7870E-01  1.3700E-01
  4.1828E+02  2.7858E-01  1.3705E-01
  4.1860E+02  2.7846E-01  1.3710E-01
  4.1892E+02  2.7835E-01  1.3715E-01
  4.1924E+02  2.7823E-01  1.3720E-01
  4.1957E+02  2.7811E-01  1.3725E-01
  4.1989E+02  2.7799E-01  1.3731E-01
  4.2021E+02  2.7787E-01  1.3736E-01
  4.2053E+02  2.7775E-01  1.3741E-01
  4.2085E+02  2.7763E-01  1.3746E-01
  4.2118E+02  2.7751E-01  1.3751E-01
  4.2150E+02  2.7739E-01  1.3756E-01
  4.2182E+02  2.7728E-01  1.3761E-01
  4.2214E+02  2.7716E-01  1.3766E-01
  4.2246E+02  2.7704E-01  1.3771E-01
  4.2279E+02  2.7692E-01  1.3776E-01
  4.2311E+02  2.7680E-01  1.3781E-01
  4.2343E+02  2.7668E-01  1.3786E-01
  4.2375E+02  2.7656E-01  1.3791E-01
  4.2407E+02  2.7644E-01  1.3796E-01
  4.2440E+02  2.7633E-01  1.3801E-01
  4.2472E+02  2.7621E-01  1.3806E-01
  4.2504E+02  2.7609E-01  1.3811E-01
  4.2536E+02  2.7597E-01  1.3816E-01
  4.2568E+02  2.7585E-01  1.3820E-01
  4.2601E+02  2.7573E-01  1.3825E-01
  4.2633E+02  2.7561E-01  1.3830E-01
  4.2665E+02  2.7550E-01  1.3835E-01
  4.2697E+02  2.7538E-01  1.3840E-01
  4.2729E+02  2.7526E-01  1.3845E-01
  4.2762E+02  2.7514E-01  1.3850E-01
  4.2794E+02  2.7502E-01  1.3855E-01
  4.2826E+02  2.7490E-01  1.3860E-01
  4.2858E+02  2.7479E-01  1.3865E-01
  4.2890E+02  2.7467E-01  1.3869E-01
  4.2923E+02  2.7455E-01  1.3874E-01
  4.2955E+02  2.7443E-01  1.3879E-01
  4.2987E+02  2.7431E-01  1.3884E-01
  4.3019E+02  2.7419E-01  1.3889E-01
  4.3051E+02  2.7408E-01  1.3894E-01
  4.3084E+02  2.7396E-01  1.3899E-01
  4.3116E+02  2.7384E-01  1.3903E-01
  4.3148E+02  2.7372E-01  1.3908E-01
  4.3180E+02  2.7360E-01  1.3913E-01
  4.3212E+02  2.7348E-01  1.3918E-01
  4.3245E+02  2.7337E-01  1.3923E-01
  4.3277E+02  2.7325E-01  1.3927E-01
  4.3309E+02  2.7313E-01  1.3932E-01
  4.3341E+02  2.7301E-01  1.3937E-01
  4.3373E+02  2.7289E-01  1.3942E-01
  4.3406E+02  2.7278E-01  1.3946E-01
  4.3438E+02  2.7266E-01  1.3951E-01
  4.3470E+02  2.7254E-01  1.3956E-01
  4.3502E+02  2.7242E-01  1.3961E-01
  4.3534E+02  2.7230E-01  1.3965E-01
  4.3567E+02  2.7219E-01  1.3970E-01
  4.3599E+02  2.7207E-01  1.3975E-01
  4.3631E+02  2.7195E-01  1.3980E-01
  4.3663E+02  2.7183E-01  1.3984E-01
  4.3695E+02  2.7171E-01  1.3989E-01
  4.3728E+02  2.7160E-01  1.3994E-01
  4.3760E+02  2.7148E-01  1.3998E-01
  4.3792E+02  2.7136E-01  1.4003E-01
  4.3824E+02  2.7124E-01  1.4008E-01
  4.3856E+02  2.7113E-01  1.4012E-01
  4.3889E+02  2.7101E-01  1.4017E-01
  4.3921E+02  2.7089E-01  1.4022E-01
  4.3953E+02  2.7077E-01  1.4026E-01
  4.3985E+02  2.7065E-01  1.4031E-01
  4.4017E+02  2.7054E-01  1.4036E-01
  4.4050E+02  2.7042E-01  1.4040E-01
  4.4082E+02  2.7030E-01  1.4045E-01
  4.4114E+02  2.7018E-01  1.4049E-01
  4.4146E+02  2.7007E-01  1.4054E-01
  4.4178E+02  2.6995E-01  1.4059E-01
  4.4211E+02  2.6983E-01  1.4063E-01
  4.4243E+02  2.6971E-01  1.4068E-01
  4.4275E+02  2.6960E-01  1.4072E-01
  4.4307E+02  2.6948E-01  1.4077E-01
  4.4339E+02  2.6936E-01  1.4082E-01
  4.4372E+02  2.6924E-01  1.4086E-01
  4.4404E+02  2.6913E-01  1.4091E-01
  4.4436E+02  2.6901E-01  1.4095E-01
  4.4468E+02  2.6889E-01  1.4100E-01
  4.4500E+02  2.6878E-01  1.4104E-01
  4.4533E+02  2.6866E-01  1.4109E-01
  4.4565E+02  2.6854E-01  1.4113E-01
  4.4597E+02  2.6842E-01  1.4118E-01
  4.4629E+02  2.6831E-01  1.4122E-01
  4.4661E+02  2.6819E-01  1.4127E-01
  4.4694E+02  2.6807E-01  1.4131E-01
  4.4726E+02  2.6796E-01  1.4136E-01
  4.4758E+02  2.6784E-01  1.4140E-01
  4.4790E+02  2.6772E-01  1.4145E-01
  4.4822E+02  2.6760E-01  1.4149E-01
  4.4855E+02  2.6749E-01  1.4154E-01
  4.4887E+02  2.6737E-01  1.4158E-01
  4.4919E+02  2.6725E-01  1.4163E-01
  4.4951E+02  2.6714E-01  1.4167E-01
  4.4983E+02  2.6702E-01  1.4172E-01
  4.5016E+02  2.6690E-01  1.4176E-01
  4.5048E+02  2.6679E-01  1.4180E-01
  4.5080E+02  2.6667E-01  1.4185E-01
  4.5112E+02  2.6655E-01  1.4189E-01
  4.5144E+02  2.6643E-01  1.4194E-01
  4.5177E+02  2.6632E-01  1.4198E-01
  4.5209E+02  2.6620E-01  1.4202E-01
  4.5241E+02  2.6608E-01  1.4207E-01
  4.5273E+02  2.6597E-01  1.4211E-01
  4.5305E+02  2.6585E-01  1.4216E-01
  4.5338E+02  2.6573E-01  1.4220E-01
  4.5370E+02  2.6562E-01  1.4224E-01
  4.5402E+02  2.6550E-01  1.4229E-01
  4.5434E+02  2.6538E-01  1.4233E-01
  4.5466E+02  2.6527E-01  1.4237E-01
  4.5499E+02  2.6515E-01  1.4242E-01
  4.5531E+02  2.6503E-01  1.4246E-01
  4.5563E+02  2.6492E-01  1.4250E-01
  4.5595E+02  2.6480E-01  1.4255E-01
  4.5627E+02  2.6469E-01  1.4259E-01
  4.5660E+02  2.6457E-01  1.4263E-01
  4.5692E+02  2.6445E-01  1.4267E-01
  4.5724E+02  2.6434E-01  1.4272E-01
  4.5756E+02  2.6422E-01  1.4276E-01
  4.5788E+02  2.6410E-01  1.4280E-01
  4.5821E+02  2.6399E-01  1.4285E-01
  4.5853E+02  2.6387E-01  1.4289E-01
  4.5885E+02  2.6375E-01  1.4293E-01
  4.5917E+02  2.6364E-01  1.4297E-01
  4.5949E+02  2.6352E-01  1.4302E-01
  4.5982E+02  2.6341E-01  1.4306E-01
  4.6014E+02  2.6329E-01  1.4310E-01
  4.6046E+02  2.6317E-01  1.4314E-01
  4.6078E+02  2.6306E-01  1.4318E-01
  4.6110E+02  2.6294E-01  1.4323E-01
  4.6143E+02  2.6283E-01  1.4327E-01
  4.6175E+02  2.6271E-01  1.4331E-01
  4.6207E+02  2.6259E-01  1.4335E-01
  4.6239E+02  2.6248E-01  1.4339E-01
  4.6271E+02  2.6236E-01  1.4344E-01
  4.6304E+02  2.6225E-01  1.4348E-01
  4.6336E+02  2.6213E-01  1.4352E-01
  4.6368E+02  2.6201E-01  1.4356E-01
  4.6400E+02  2.6190E-01  1.4360E-01
  4.6432E+02  2.6178E-01  1.4364E-01
  4.6465E+02  2.6167E-01  1.4368E-01
  4.6497E+02  2.6155E-01  1.4373E-01
  4.6529E+02  2.6143E-01  1.4377E-01
  4.6561E+02  2.6132E-01  1.4381E-01
  4.6593E+02  2.6120E-01  1.4385E-01
  4.6626E+02  2.6109E-01  1.4389E-01
  4.6658E+02  2.6097E-01  1.4393E-01
  4.6690E+02  2.6085E-01  1.4397E-01
  4.6722E+02  2.6074E-01  1.4401E-01
  4.6754E+02  2.6062E-01  1.4405E-01
  4.6787E+02  2.6051E-01  1.4409E-01
  4.6819E+02  2.6039E-01  1.4414E-01
  4.6851E+02  2.6028E-01  1.4418E-01
  4.6883E+02  2.6016E-01  1.4422E-01
  4.6915E+02  2.6005E-01  1.4426E-01
  4.6948E+02  2.5993E-01  1.4430E-01
  4.6980E+02  2.5981E-01  1.4434E-01
  4.7012E+02  2.5970E-01  1.4438E-01
  4.7044E+02  2.5958E-01  1.4442E-01
  4.7076E+02  2.5947E-01  1.4446E-01
  4.7109E+02  2.5935E-01  1.4450E-01
  4.7141E+02  2.5924E-01  1.4454E-01
  4.7173E+02  2.5912E-01  1.4458E-01
  4.7205E+02  2.5901E-01  1.4462E-01
  4.7237E+02  2.5889E-01  1.4466E-01
  4.7270E+02  2.5878E-01  1.4470E-01
  4.7302E+02  2.5866E-01  1.4474E-01
  4.7334E+02  2.5855E-01  1.4478E-01
  4.7366E+02  2.5843E-01  1.4482E-01
  4.7398E+02  2.5831E-01  1.4486E-01
  4.7431E+02  2.5820E-01  1.4490E-01
  4.7463E+02  2.5808E-01  1.4493E-01
  4.7495E+02  2.5797E-01  1.4497E-01
  4.7527E+02  2.5785E-01  1.4501E-01
  4.7559E+02  2.5774E-01  1.4505E-01
  4.7592E+02  2.5762E-01  1.4509E-01
  4.7624E+02  2.5751E-01  1.4513E-01
  4.7656E+02  2.5739E-01  1.4517E-01
  4.7688E+02  2.5728E-01  1.4521E-01
  4.7720E+02  2.5716E-01  1.4525E-01
  4.7753E+02  2.5705E-01  1.4529E-01
  4.7785E+02  2.5693E-01  1.4533E-01
  4.7817E+02  2.5682E-01  1.4536E-01
  4.7849E+02  2.5670E-01  1.4540E-01
  4.7881E+02  2.5659E-01  1.4544E-01
  4.7914E+02  2.5647E-01  1.4548E-01
  4.7946E+02  2.5636E-01  1.4552E-01
  4.7978E+02  2.5624E-01  1.4556E-01
  4.8010E+02  2.5613E-01  1.4559E-01
  4.8042E+02  2.5601E-01  1.4563E-01
  4.8075E+02  2.5590E-01  1.4567E-01
  4.8107E+02  2.5579E-01  1.4571E-01
  4.8139E+02  2.5567E-01  1.4575E-01
  4.8171E+02  2.5556E-01  1.4578E-01
  4.8203E+02  2.5544E-01  1.4582E-01
  4.8236E+02  2.5533E-01  1.4586E-01
  4.8268E+02  2.5521E-01  1.4590E-01
  4.8300E+02  2.5510E-01  1.4594E-01
  4.8332E+02  2.5498E-01  1.4597E-01
  4.8364E+02  2.5487E-01  1.4601E-01
  4.8397E+02  2.5475E-01  1.4605E-01
  4.8429E+02  2.5464E-01  1.4609E-01
  4.8461E+02  2.5452E-01  1.4612E-01
  4.8493E+02  2.5441E-01  1.4616E-01
  4.8525E+02  2.5430E-01  1.4620E-01
  4.8558E+02  2.5418E-01  1.4624E-01
  4.8590E+02  2.5407E-01  1.4627E-01
  4.8622E+02  2.5395E-01  1.4631E-01
  4.8654E+02  2.5384E-01  1.4635E-01
  4.8686E+02  2.5372E-01  1.4638E-01
  4.8719E+02  2.5361E-01  1.4642E-01
  4.8751E+02  2.5350E-01  1.4646E-01
  4.8783E+02  2.5338E-01  1.4649E-01
  4.8815E+02  2.5327E-01  1.4653E-01
  4.8847E+02  2.5315E-01  1.4657E-01
  4.8880E+02  2.5304E-01  1.4660E-01
  4.8912E+02  2.5292E-01  1.4664E-01
  4.8944E+02  2.5281E-01  1.4668E-01
  4.8976E+02  2.5270E-01  1.4671E-01
  4.9008E+02  2.5258E-01  1.4675E-01
  4.9041E+02  2.5247E-01  1.4679E-01
  4.9073E+02  2.5235E-01  1.4682E-01
  4.9105E+02  2.5224E-01  1.4686E-01
  4.9137E+02  2.5213E-01  1.4690E-01
  4.9169E+02  2.5201E-01  1.4693E-01
  4.9202E+02  2.5190E-01  1.4697E-01
  4.9234E+02  2.5178E-01  1.4700E-01
  4.9266E+02  2.5167E-01  1.4704E-01
  4.9298E+02  2.5156E-01  1.4707E-01
  4.9330E+02  2.5144E-01  1.4711E-01
  4.9363E+02  2.5133E-01  1.4715E-01
  4.9395E+02  2.5121E-01  1.4718E-01
  4.9427E+02  2.5110E-01  1.4722E-01
  4.9459E+02  2.5099E-01  1.4725E-01
  4.9491E+02  2.5087E-01  1.4729E-01
  4.9524E+02  2.5076E-01  1.4732E-01
  4.9556E+02  2.5065E-01  1.4736E-01
  4.9588E+02  2.5053E-01  1.4739E-01
  4.9620E+02  2.5042E-01  1.4743E-01
  4.9652E+02  2.5031E-01  1.4746E-01
  4.9685E+02  2.5019E-01  1.4750E-01
  4.9717E+02  2.5008E-01  1.4753E-01
  4.9749E+02  2.4996E-01  1.4757E-01
  4.9781E+02  2.4985E-01  1.4760E-01
  4.9813E+02  2.4974E-01  1.4764E-01
  4.9846E+02  2.4962E-01  1.4767E-01
  4.9878E+02  2.4951E-01  1.4771E-01
  4.9910E+02  2.4940E-01  1.4774E-01
  4.9942E+02  2.4928E-01  1.4778E-01
  4.9974E+02  2.4917E-01  1.4781E-01
  5.0000E+02  2.4908E-01  1.4784E-01
