# CREATED BY GENE DIAGNOSTICS TOOL on Mon Jun 25 14:27:15 2018
# diag: GAMDIAG, run(s): 0182, time window: 0-500(1691 steps), species: ions
# original data path: /r/c/cmor/ZF_3rd/w7xhms05/1.5047-2.5/
# normalization: L_ref=5.4832m
#
# xind= 0, x/a= 0.70710677, q= 1.1018624
# Fit:    0.31960571,9.6248591,23.847625
# Analytic (Gao, Zhou/Yu): 0.32199362,-0.027548438,17.36035
#  t          Re[phi]     Im[phi]   
  0.0000E+00  9.9997E-01  0.0000E+00
  2.9600E-01  9.9068E-01  9.3870E-04
  5.9200E-01  9.6569E-01  1.8188E-03
  8.8800E-01  9.3081E-01  2.6542E-03
  1.1840E+00  8.9129E-01  3.4614E-03
  1.4800E+00  8.5077E-01  4.2587E-03
  1.7760E+00  8.1141E-01  5.0663E-03
  2.0720E+00  7.7436E-01  5.8856E-03
  2.3680E+00  7.4013E-01  6.6953E-03
  2.6640E+00  7.0885E-01  7.4613E-03
  2.9600E+00  6.8045E-01  8.1492E-03
  3.2560E+00  6.5470E-01  8.7333E-03
  3.5520E+00  6.3136E-01  9.1996E-03
  3.8480E+00  6.1010E-01  9.5449E-03
  4.1440E+00  5.9065E-01  9.7746E-03
  4.4400E+00  5.7272E-01  9.8988E-03
  4.7360E+00  5.5608E-01  9.9311E-03
  5.0320E+00  5.4051E-01  9.8858E-03
  5.3280E+00  5.2585E-01  9.7782E-03
  5.6240E+00  5.1199E-01  9.6236E-03
  5.9200E+00  4.9884E-01  9.4359E-03
  6.2160E+00  4.8636E-01  9.2336E-03
  6.5120E+00  4.7452E-01  9.0293E-03
  6.8080E+00  4.6333E-01  8.8321E-03
  7.1040E+00  4.5279E-01  8.6652E-03
  7.4000E+00  4.4288E-01  8.5319E-03
  7.6960E+00  4.3358E-01  8.4253E-03
  7.9920E+00  4.2489E-01  8.3664E-03
  8.2880E+00  4.1679E-01  8.3659E-03
  8.5840E+00  4.0923E-01  8.4000E-03
  8.8800E+00  4.0216E-01  8.4557E-03
  9.1760E+00  3.9554E-01  8.5474E-03
  9.4720E+00  3.8936E-01  8.6842E-03
  9.7680E+00  3.8357E-01  8.8540E-03
  1.0064E+01  3.7811E-01  9.0460E-03
  1.0360E+01  3.7293E-01  9.2639E-03
  1.0656E+01  3.6803E-01  9.5066E-03
  1.0952E+01  3.6339E-01  9.7573E-03
  1.1248E+01  3.5901E-01  1.0004E-02
  1.1544E+01  3.5486E-01  1.0253E-02
  1.1840E+01  3.5090E-01  1.0514E-02
  1.2136E+01  3.4706E-01  1.0778E-02
  1.2432E+01  3.4333E-01  1.1018E-02
  1.2728E+01  3.3971E-01  1.1215E-02
  1.3024E+01  3.3626E-01  1.1376E-02
  1.3320E+01  3.3305E-01  1.1523E-02
  1.3616E+01  3.3009E-01  1.1677E-02
  1.3912E+01  3.2735E-01  1.1826E-02
  1.4208E+01  3.2471E-01  1.1941E-02
  1.4504E+01  3.2205E-01  1.2003E-02
  1.4800E+01  3.1930E-01  1.2006E-02
  1.5096E+01  3.1646E-01  1.1956E-02
  1.5392E+01  3.1358E-01  1.1863E-02
  1.5688E+01  3.1078E-01  1.1738E-02
  1.5984E+01  3.0815E-01  1.1595E-02
  1.6280E+01  3.0576E-01  1.1454E-02
  1.6576E+01  3.0355E-01  1.1327E-02
  1.6872E+01  3.0145E-01  1.1199E-02
  1.7168E+01  2.9933E-01  1.1036E-02
  1.7464E+01  2.9711E-01  1.0815E-02
  1.7760E+01  2.9479E-01  1.0542E-02
  1.8056E+01  2.9241E-01  1.0239E-02
  1.8352E+01  2.9003E-01  9.9323E-03
  1.8648E+01  2.8769E-01  9.6307E-03
  1.8944E+01  2.8542E-01  9.3328E-03
  1.9240E+01  2.8321E-01  9.0389E-03
  1.9536E+01  2.8105E-01  8.7626E-03
  1.9832E+01  2.7894E-01  8.5262E-03
  2.0128E+01  2.7686E-01  8.3413E-03
  2.0424E+01  2.7478E-01  8.1921E-03
  2.0720E+01  2.7264E-01  8.0381E-03
  2.1016E+01  2.7043E-01  7.8360E-03
  2.1312E+01  2.6820E-01  7.5658E-03
  2.1608E+01  2.6607E-01  7.2454E-03
  2.1904E+01  2.6415E-01  6.9213E-03
  2.2200E+01  2.6254E-01  6.6401E-03
  2.2496E+01  2.6123E-01  6.4260E-03
  2.2792E+01  2.6015E-01  6.2730E-03
  2.3088E+01  2.5915E-01  6.1506E-03
  2.3384E+01  2.5812E-01  6.0184E-03
  2.3680E+01  2.5696E-01  5.8456E-03
  2.3976E+01  2.5570E-01  5.6267E-03
  2.4272E+01  2.5441E-01  5.3828E-03
  2.4568E+01  2.5321E-01  5.1532E-03
  2.4864E+01  2.5222E-01  4.9820E-03
  2.5160E+01  2.5151E-01  4.9019E-03
  2.5456E+01  2.5103E-01  4.9182E-03
  2.5752E+01  2.5064E-01  5.0016E-03
  2.6048E+01  2.5017E-01  5.1019E-03
  2.6344E+01  2.4944E-01  5.1728E-03
  2.6640E+01  2.4838E-01  5.1873E-03
  2.6936E+01  2.4695E-01  5.1381E-03
  2.7232E+01  2.4522E-01  5.0353E-03
  2.7528E+01  2.4331E-01  4.9091E-03
  2.7824E+01  2.4142E-01  4.8087E-03
  2.8120E+01  2.3976E-01  4.7871E-03
  2.8416E+01  2.3845E-01  4.8747E-03
  2.8712E+01  2.3753E-01  5.0622E-03
  2.9008E+01  2.3694E-01  5.3066E-03
  2.9304E+01  2.3659E-01  5.5555E-03
  2.9600E+01  2.3640E-01  5.7717E-03
  2.9896E+01  2.3629E-01  5.9400E-03
  3.0192E+01  2.3620E-01  6.0606E-03
  3.0488E+01  2.3607E-01  6.1428E-03
  3.0784E+01  2.3587E-01  6.2054E-03
  3.1080E+01  2.3563E-01  6.2779E-03
  3.1376E+01  2.3541E-01  6.3934E-03
  3.1672E+01  2.3529E-01  6.5752E-03
  3.1968E+01  2.3530E-01  6.8239E-03
  3.2264E+01  2.3544E-01  7.1151E-03
  3.2560E+01  2.3567E-01  7.4118E-03
  3.2856E+01  2.3597E-01  7.6833E-03
  3.3152E+01  2.3632E-01  7.9168E-03
  3.3448E+01  2.3675E-01  8.1139E-03
  3.3744E+01  2.3725E-01  8.2795E-03
  3.4040E+01  2.3777E-01  8.4125E-03
  3.4336E+01  2.3827E-01  8.5069E-03
  3.4632E+01  2.3869E-01  8.5606E-03
  3.4928E+01  2.3905E-01  8.5872E-03
  3.5224E+01  2.3944E-01  8.6198E-03
  3.5520E+01  2.4000E-01  8.7042E-03
  3.5816E+01  2.4085E-01  8.8832E-03
  3.6112E+01  2.4210E-01  9.1808E-03
  3.6408E+01  2.4375E-01  9.5945E-03
  3.6704E+01  2.4571E-01  1.0100E-02
  3.7000E+01  2.4789E-01  1.0663E-02
  3.7296E+01  2.5013E-01  1.1248E-02
  3.7592E+01  2.5233E-01  1.1825E-02
  3.7888E+01  2.5442E-01  1.2373E-02
  3.8184E+01  2.5636E-01  1.2883E-02
  3.8480E+01  2.5813E-01  1.3356E-02
  3.8776E+01  2.5973E-01  1.3796E-02
  3.9072E+01  2.6112E-01  1.4202E-02
  3.9368E+01  2.6223E-01  1.4557E-02
  3.9664E+01  2.6300E-01  1.4837E-02
  3.9960E+01  2.6338E-01  1.5017E-02
  4.0256E+01  2.6336E-01  1.5084E-02
  4.0552E+01  2.6299E-01  1.5043E-02
  4.0848E+01  2.6236E-01  1.4919E-02
  4.1144E+01  2.6158E-01  1.4749E-02
  4.1440E+01  2.6080E-01  1.4574E-02
  4.1736E+01  2.6016E-01  1.4436E-02
  4.2032E+01  2.5978E-01  1.4369E-02
  4.2328E+01  2.5977E-01  1.4402E-02
  4.2624E+01  2.6017E-01  1.4549E-02
  4.2920E+01  2.6097E-01  1.4811E-02
  4.3216E+01  2.6214E-01  1.5177E-02
  4.3512E+01  2.6359E-01  1.5625E-02
  4.3808E+01  2.6525E-01  1.6128E-02
  4.4104E+01  2.6703E-01  1.6662E-02
  4.4400E+01  2.6886E-01  1.7198E-02
  4.4696E+01  2.7067E-01  1.7713E-02
  4.4992E+01  2.7239E-01  1.8183E-02
  4.5288E+01  2.7399E-01  1.8595E-02
  4.5584E+01  2.7543E-01  1.8946E-02
  4.5880E+01  2.7671E-01  1.9241E-02
  4.6176E+01  2.7782E-01  1.9486E-02
  4.6472E+01  2.7877E-01  1.9689E-02
  4.6768E+01  2.7954E-01  1.9852E-02
  4.7064E+01  2.8014E-01  1.9982E-02
  4.7360E+01  2.8055E-01  2.0081E-02
  4.7656E+01  2.8078E-01  2.0148E-02
  4.7952E+01  2.8082E-01  2.0180E-02
  4.8248E+01  2.8067E-01  2.0176E-02
  4.8544E+01  2.8035E-01  2.0139E-02
  4.8840E+01  2.7992E-01  2.0081E-02
  4.9136E+01  2.7939E-01  2.0010E-02
  4.9432E+01  2.7883E-01  1.9928E-02
  4.9728E+01  2.7825E-01  1.9831E-02
  5.0024E+01  2.7771E-01  1.9716E-02
  5.0320E+01  2.7725E-01  1.9590E-02
  5.0616E+01  2.7691E-01  1.9476E-02
  5.0912E+01  2.7674E-01  1.9401E-02
  5.1208E+01  2.7675E-01  1.9385E-02
  5.1504E+01  2.7695E-01  1.9436E-02
  5.1800E+01  2.7729E-01  1.9545E-02
  5.2096E+01  2.7776E-01  1.9697E-02
  5.2392E+01  2.7831E-01  1.9875E-02
  5.2688E+01  2.7890E-01  2.0069E-02
  5.2984E+01  2.7953E-01  2.0264E-02
  5.3280E+01  2.8015E-01  2.0446E-02
  5.3576E+01  2.8075E-01  2.0604E-02
  5.3872E+01  2.8132E-01  2.0728E-02
  5.4168E+01  2.8186E-01  2.0823E-02
  5.4464E+01  2.8240E-01  2.0902E-02
  5.4760E+01  2.8293E-01  2.0982E-02
  5.5056E+01  2.8349E-01  2.1077E-02
  5.5352E+01  2.8409E-01  2.1197E-02
  5.5648E+01  2.8473E-01  2.1345E-02
  5.5944E+01  2.8543E-01  2.1518E-02
  5.6240E+01  2.8618E-01  2.1715E-02
  5.6536E+01  2.8697E-01  2.1933E-02
  5.6832E+01  2.8776E-01  2.2170E-02
  5.7128E+01  2.8853E-01  2.2420E-02
  5.7424E+01  2.8923E-01  2.2670E-02
  5.7720E+01  2.8981E-01  2.2899E-02
  5.8016E+01  2.9023E-01  2.3089E-02
  5.8312E+01  2.9046E-01  2.3224E-02
  5.8608E+01  2.9050E-01  2.3298E-02
  5.8904E+01  2.9035E-01  2.3315E-02
  5.9200E+01  2.9003E-01  2.3286E-02
  5.9496E+01  2.8959E-01  2.3223E-02
  5.9792E+01  2.8904E-01  2.3139E-02
  6.0088E+01  2.8841E-01  2.3042E-02
  6.0384E+01  2.8774E-01  2.2939E-02
  6.0680E+01  2.8704E-01  2.2832E-02
  6.0976E+01  2.8636E-01  2.2723E-02
  6.1272E+01  2.8570E-01  2.2616E-02
  6.1568E+01  2.8510E-01  2.2515E-02
  6.1864E+01  2.8456E-01  2.2428E-02
  6.2160E+01  2.8408E-01  2.2357E-02
  6.2456E+01  2.8366E-01  2.2300E-02
  6.2752E+01  2.8329E-01  2.2250E-02
  6.3048E+01  2.8295E-01  2.2199E-02
  6.3344E+01  2.8264E-01  2.2142E-02
  6.3640E+01  2.8236E-01  2.2080E-02
  6.3936E+01  2.8211E-01  2.2022E-02
  6.4232E+01  2.8192E-01  2.1979E-02
  6.4528E+01  2.8179E-01  2.1965E-02
  6.4824E+01  2.8170E-01  2.1988E-02
  6.5120E+01  2.8167E-01  2.2047E-02
  6.5416E+01  2.8168E-01  2.2136E-02
  6.5712E+01  2.8171E-01  2.2246E-02
  6.6008E+01  2.8177E-01  2.2365E-02
  6.6304E+01  2.8182E-01  2.2481E-02
  6.6600E+01  2.8186E-01  2.2584E-02
  6.6896E+01  2.8188E-01  2.2664E-02
  6.7192E+01  2.8186E-01  2.2716E-02
  6.7488E+01  2.8180E-01  2.2743E-02
  6.7784E+01  2.8172E-01  2.2755E-02
  6.8080E+01  2.8163E-01  2.2762E-02
  6.8376E+01  2.8153E-01  2.2774E-02
  6.8672E+01  2.8144E-01  2.2793E-02
  6.8968E+01  2.8134E-01  2.2820E-02
  6.9264E+01  2.8125E-01  2.2855E-02
  6.9560E+01  2.8117E-01  2.2906E-02
  6.9856E+01  2.8111E-01  2.2978E-02
  7.0152E+01  2.8108E-01  2.3081E-02
  7.0448E+01  2.8109E-01  2.3214E-02
  7.0744E+01  2.8114E-01  2.3375E-02
  7.1040E+01  2.8124E-01  2.3554E-02
  7.1336E+01  2.8135E-01  2.3739E-02
  7.1632E+01  2.8145E-01  2.3915E-02
  7.1928E+01  2.8153E-01  2.4073E-02
  7.2224E+01  2.8155E-01  2.4203E-02
  7.2520E+01  2.8152E-01  2.4302E-02
  7.2816E+01  2.8143E-01  2.4372E-02
  7.3112E+01  2.8129E-01  2.4419E-02
  7.3408E+01  2.8113E-01  2.4453E-02
  7.3704E+01  2.8095E-01  2.4484E-02
  7.4000E+01  2.8076E-01  2.4520E-02
  7.4296E+01  2.8058E-01  2.4568E-02
  7.4592E+01  2.8041E-01  2.4636E-02
  7.4888E+01  2.8026E-01  2.4729E-02
  7.5184E+01  2.8013E-01  2.4851E-02
  7.5480E+01  2.8002E-01  2.5003E-02
  7.5776E+01  2.7994E-01  2.5180E-02
  7.6072E+01  2.7987E-01  2.5374E-02
  7.6368E+01  2.7982E-01  2.5579E-02
  7.6664E+01  2.7979E-01  2.5787E-02
  7.6960E+01  2.7975E-01  2.5993E-02
  7.7256E+01  2.7971E-01  2.6197E-02
  7.7552E+01  2.7965E-01  2.6399E-02
  7.7848E+01  2.7957E-01  2.6600E-02
  7.8144E+01  2.7946E-01  2.6798E-02
  7.8440E+01  2.7932E-01  2.6991E-02
  7.8736E+01  2.7913E-01  2.7173E-02
  7.9032E+01  2.7890E-01  2.7335E-02
  7.9328E+01  2.7860E-01  2.7471E-02
  7.9624E+01  2.7823E-01  2.7571E-02
  7.9920E+01  2.7779E-01  2.7628E-02
  8.0216E+01  2.7729E-01  2.7634E-02
  8.0512E+01  2.7672E-01  2.7588E-02
  8.0808E+01  2.7612E-01  2.7496E-02
  8.1104E+01  2.7551E-01  2.7373E-02
  8.1400E+01  2.7492E-01  2.7241E-02
  8.1696E+01  2.7438E-01  2.7126E-02
  8.1992E+01  2.7391E-01  2.7048E-02
  8.2288E+01  2.7355E-01  2.7020E-02
  8.2584E+01  2.7329E-01  2.7049E-02
  8.2880E+01  2.7313E-01  2.7130E-02
  8.3176E+01  2.7306E-01  2.7257E-02
  8.3472E+01  2.7305E-01  2.7418E-02
  8.3768E+01  2.7308E-01  2.7596E-02
  8.4064E+01  2.7312E-01  2.7773E-02
  8.4360E+01  2.7315E-01  2.7932E-02
  8.4656E+01  2.7315E-01  2.8060E-02
  8.4952E+01  2.7311E-01  2.8152E-02
  8.5248E+01  2.7303E-01  2.8210E-02
  8.5544E+01  2.7292E-01  2.8243E-02
  8.5840E+01  2.7277E-01  2.8262E-02
  8.6136E+01  2.7260E-01  2.8276E-02
  8.6432E+01  2.7243E-01  2.8292E-02
  8.6728E+01  2.7225E-01  2.8315E-02
  8.7024E+01  2.7208E-01  2.8347E-02
  8.7320E+01  2.7193E-01  2.8393E-02
  8.7616E+01  2.7180E-01  2.8455E-02
  8.7912E+01  2.7169E-01  2.8535E-02
  8.8208E+01  2.7160E-01  2.8631E-02
  8.8504E+01  2.7154E-01  2.8740E-02
  8.8800E+01  2.7150E-01  2.8858E-02
  8.9096E+01  2.7147E-01  2.8980E-02
  8.9392E+01  2.7145E-01  2.9103E-02
  8.9688E+01  2.7144E-01  2.9226E-02
  8.9984E+01  2.7144E-01  2.9349E-02
  9.0280E+01  2.7145E-01  2.9473E-02
  9.0576E+01  2.7146E-01  2.9599E-02
  9.0872E+01  2.7148E-01  2.9725E-02
  9.1168E+01  2.7151E-01  2.9853E-02
  9.1464E+01  2.7154E-01  2.9980E-02
  9.1760E+01  2.7158E-01  3.0104E-02
  9.2056E+01  2.7161E-01  3.0226E-02
  9.2352E+01  2.7164E-01  3.0343E-02
  9.2648E+01  2.7167E-01  3.0455E-02
  9.2944E+01  2.7168E-01  3.0563E-02
  9.3240E+01  2.7168E-01  3.0665E-02
  9.3536E+01  2.7166E-01  3.0764E-02
  9.3832E+01  2.7164E-01  3.0860E-02
  9.4128E+01  2.7161E-01  3.0955E-02
  9.4424E+01  2.7157E-01  3.1053E-02
  9.4720E+01  2.7154E-01  3.1152E-02
  9.5016E+01  2.7150E-01  3.1254E-02
  9.5312E+01  2.7145E-01  3.1357E-02
  9.5608E+01  2.7139E-01  3.1457E-02
  9.5904E+01  2.7131E-01  3.1550E-02
  9.6200E+01  2.7121E-01  3.1632E-02
  9.6496E+01  2.7110E-01  3.1699E-02
  9.6792E+01  2.7097E-01  3.1748E-02
  9.7088E+01  2.7083E-01  3.1783E-02
  9.7384E+01  2.7070E-01  3.1810E-02
  9.7680E+01  2.7059E-01  3.1836E-02
  9.7976E+01  2.7050E-01  3.1871E-02
  9.8272E+01  2.7044E-01  3.1925E-02
  9.8568E+01  2.7041E-01  3.2003E-02
  9.8864E+01  2.7042E-01  3.2107E-02
  9.9160E+01  2.7045E-01  3.2235E-02
  9.9456E+01  2.7052E-01  3.2381E-02
  9.9752E+01  2.7059E-01  3.2536E-02
  1.0005E+02  2.7069E-01  3.2695E-02
  1.0034E+02  2.7078E-01  3.2854E-02
  1.0064E+02  2.7088E-01  3.3009E-02
  1.0094E+02  2.7098E-01  3.3159E-02
  1.0123E+02  2.7107E-01  3.3304E-02
  1.0153E+02  2.7115E-01  3.3443E-02
  1.0182E+02  2.7122E-01  3.3576E-02
  1.0212E+02  2.7129E-01  3.3703E-02
  1.0242E+02  2.7135E-01  3.3824E-02
  1.0271E+02  2.7139E-01  3.3939E-02
  1.0301E+02  2.7142E-01  3.4046E-02
  1.0330E+02  2.7144E-01  3.4145E-02
  1.0360E+02  2.7144E-01  3.4234E-02
  1.0390E+02  2.7143E-01  3.4315E-02
  1.0419E+02  2.7141E-01  3.4389E-02
  1.0449E+02  2.7137E-01  3.4462E-02
  1.0478E+02  2.7133E-01  3.4536E-02
  1.0508E+02  2.7128E-01  3.4613E-02
  1.0538E+02  2.7122E-01  3.4692E-02
  1.0567E+02  2.7116E-01  3.4769E-02
  1.0597E+02  2.7109E-01  3.4839E-02
  1.0626E+02  2.7101E-01  3.4897E-02
  1.0656E+02  2.7091E-01  3.4939E-02
  1.0686E+02  2.7081E-01  3.4966E-02
  1.0715E+02  2.7069E-01  3.4979E-02
  1.0745E+02  2.7057E-01  3.4984E-02
  1.0774E+02  2.7045E-01  3.4988E-02
  1.0804E+02  2.7033E-01  3.4999E-02
  1.0834E+02  2.7023E-01  3.5023E-02
  1.0863E+02  2.7014E-01  3.5066E-02
  1.0893E+02  2.7008E-01  3.5128E-02
  1.0922E+02  2.7002E-01  3.5210E-02
  1.0952E+02  2.6999E-01  3.5308E-02
  1.0982E+02  2.6996E-01  3.5419E-02
  1.1011E+02  2.6994E-01  3.5539E-02
  1.1041E+02  2.6992E-01  3.5661E-02
  1.1070E+02  2.6989E-01  3.5780E-02
  1.1100E+02  2.6986E-01  3.5894E-02
  1.1130E+02  2.6981E-01  3.5998E-02
  1.1159E+02  2.6975E-01  3.6091E-02
  1.1189E+02  2.6968E-01  3.6175E-02
  1.1218E+02  2.6960E-01  3.6252E-02
  1.1248E+02  2.6950E-01  3.6326E-02
  1.1278E+02  2.6941E-01  3.6399E-02
  1.1307E+02  2.6931E-01  3.6477E-02
  1.1337E+02  2.6922E-01  3.6561E-02
  1.1366E+02  2.6914E-01  3.6655E-02
  1.1396E+02  2.6906E-01  3.6760E-02
  1.1426E+02  2.6899E-01  3.6876E-02
  1.1455E+02  2.6893E-01  3.7002E-02
  1.1485E+02  2.6888E-01  3.7136E-02
  1.1514E+02  2.6883E-01  3.7274E-02
  1.1544E+02  2.6879E-01  3.7412E-02
  1.1574E+02  2.6874E-01  3.7549E-02
  1.1603E+02  2.6869E-01  3.7683E-02
  1.1633E+02  2.6863E-01  3.7814E-02
  1.1662E+02  2.6857E-01  3.7941E-02
  1.1692E+02  2.6849E-01  3.8064E-02
  1.1722E+02  2.6839E-01  3.8182E-02
  1.1751E+02  2.6828E-01  3.8294E-02
  1.1781E+02  2.6815E-01  3.8398E-02
  1.1810E+02  2.6801E-01  3.8492E-02
  1.1840E+02  2.6785E-01  3.8576E-02
  1.1870E+02  2.6769E-01  3.8650E-02
  1.1899E+02  2.6751E-01  3.8713E-02
  1.1929E+02  2.6732E-01  3.8766E-02
  1.1958E+02  2.6712E-01  3.8810E-02
  1.1988E+02  2.6691E-01  3.8846E-02
  1.2018E+02  2.6670E-01  3.8873E-02
  1.2047E+02  2.6648E-01  3.8890E-02
  1.2077E+02  2.6626E-01  3.8897E-02
  1.2106E+02  2.6604E-01  3.8895E-02
  1.2136E+02  2.6582E-01  3.8887E-02
  1.2166E+02  2.6561E-01  3.8875E-02
  1.2195E+02  2.6541E-01  3.8866E-02
  1.2225E+02  2.6522E-01  3.8864E-02
  1.2254E+02  2.6505E-01  3.8873E-02
  1.2284E+02  2.6489E-01  3.8894E-02
  1.2314E+02  2.6474E-01  3.8926E-02
  1.2343E+02  2.6460E-01  3.8968E-02
  1.2373E+02  2.6448E-01  3.9014E-02
  1.2402E+02  2.6435E-01  3.9062E-02
  1.2432E+02  2.6424E-01  3.9109E-02
  1.2462E+02  2.6412E-01  3.9155E-02
  1.2491E+02  2.6400E-01  3.9198E-02
  1.2521E+02  2.6388E-01  3.9239E-02
  1.2550E+02  2.6375E-01  3.9277E-02
  1.2580E+02  2.6363E-01  3.9311E-02
  1.2610E+02  2.6350E-01  3.9342E-02
  1.2639E+02  2.6337E-01  3.9369E-02
  1.2669E+02  2.6324E-01  3.9392E-02
  1.2698E+02  2.6311E-01  3.9415E-02
  1.2728E+02  2.6299E-01  3.9440E-02
  1.2758E+02  2.6286E-01  3.9469E-02
  1.2787E+02  2.6275E-01  3.9506E-02
  1.2817E+02  2.6263E-01  3.9552E-02
  1.2846E+02  2.6252E-01  3.9610E-02
  1.2876E+02  2.6242E-01  3.9679E-02
  1.2906E+02  2.6233E-01  3.9757E-02
  1.2935E+02  2.6224E-01  3.9843E-02
  1.2965E+02  2.6215E-01  3.9932E-02
  1.2994E+02  2.6207E-01  4.0023E-02
  1.3024E+02  2.6199E-01  4.0113E-02
  1.3054E+02  2.6191E-01  4.0203E-02
  1.3083E+02  2.6183E-01  4.0291E-02
  1.3113E+02  2.6175E-01  4.0379E-02
  1.3142E+02  2.6167E-01  4.0466E-02
  1.3172E+02  2.6158E-01  4.0553E-02
  1.3202E+02  2.6150E-01  4.0640E-02
  1.3231E+02  2.6141E-01  4.0725E-02
  1.3261E+02  2.6132E-01  4.0810E-02
  1.3290E+02  2.6123E-01  4.0893E-02
  1.3320E+02  2.6113E-01  4.0974E-02
  1.3350E+02  2.6104E-01  4.1053E-02
  1.3379E+02  2.6094E-01  4.1131E-02
  1.3409E+02  2.6084E-01  4.1207E-02
  1.3438E+02  2.6074E-01  4.1282E-02
  1.3468E+02  2.6064E-01  4.1357E-02
  1.3498E+02  2.6054E-01  4.1433E-02
  1.3527E+02  2.6044E-01  4.1511E-02
  1.3557E+02  2.6035E-01  4.1591E-02
  1.3586E+02  2.6026E-01  4.1673E-02
  1.3616E+02  2.6017E-01  4.1757E-02
  1.3646E+02  2.6009E-01  4.1841E-02
  1.3675E+02  2.6001E-01  4.1926E-02
  1.3705E+02  2.5993E-01  4.2012E-02
  1.3734E+02  2.5985E-01  4.2097E-02
  1.3764E+02  2.5977E-01  4.2184E-02
  1.3794E+02  2.5969E-01  4.2270E-02
  1.3823E+02  2.5960E-01  4.2354E-02
  1.3853E+02  2.5952E-01  4.2437E-02
  1.3882E+02  2.5943E-01  4.2517E-02
  1.3912E+02  2.5935E-01  4.2595E-02
  1.3942E+02  2.5926E-01  4.2670E-02
  1.3971E+02  2.5918E-01  4.2745E-02
  1.4001E+02  2.5910E-01  4.2819E-02
  1.4030E+02  2.5902E-01  4.2895E-02
  1.4060E+02  2.5894E-01  4.2973E-02
  1.4090E+02  2.5886E-01  4.3052E-02
  1.4119E+02  2.5878E-01  4.3131E-02
  1.4149E+02  2.5870E-01  4.3209E-02
  1.4178E+02  2.5862E-01  4.3285E-02
  1.4208E+02  2.5853E-01  4.3359E-02
  1.4238E+02  2.5845E-01  4.3430E-02
  1.4267E+02  2.5836E-01  4.3498E-02
  1.4297E+02  2.5827E-01  4.3565E-02
  1.4326E+02  2.5818E-01  4.3631E-02
  1.4356E+02  2.5809E-01  4.3696E-02
  1.4386E+02  2.5799E-01  4.3761E-02
  1.4415E+02  2.5789E-01  4.3827E-02
  1.4445E+02  2.5779E-01  4.3892E-02
  1.4474E+02  2.5769E-01  4.3958E-02
  1.4504E+02  2.5758E-01  4.4025E-02
  1.4534E+02  2.5748E-01  4.4092E-02
  1.4563E+02  2.5738E-01  4.4159E-02
  1.4593E+02  2.5728E-01  4.4225E-02
  1.4622E+02  2.5719E-01  4.4292E-02
  1.4652E+02  2.5709E-01  4.4358E-02
  1.4682E+02  2.5700E-01  4.4423E-02
  1.4711E+02  2.5691E-01  4.4488E-02
  1.4741E+02  2.5683E-01  4.4553E-02
  1.4770E+02  2.5674E-01  4.4619E-02
  1.4800E+02  2.5665E-01  4.4687E-02
  1.4830E+02  2.5657E-01  4.4757E-02
  1.4859E+02  2.5648E-01  4.4830E-02
  1.4889E+02  2.5639E-01  4.4905E-02
  1.4918E+02  2.5630E-01  4.4982E-02
  1.4948E+02  2.5621E-01  4.5061E-02
  1.4978E+02  2.5612E-01  4.5139E-02
  1.5007E+02  2.5603E-01  4.5217E-02
  1.5037E+02  2.5594E-01  4.5292E-02
  1.5066E+02  2.5584E-01  4.5363E-02
  1.5096E+02  2.5575E-01  4.5431E-02
  1.5126E+02  2.5565E-01  4.5495E-02
  1.5155E+02  2.5555E-01  4.5555E-02
  1.5185E+02  2.5545E-01  4.5612E-02
  1.5214E+02  2.5535E-01  4.5668E-02
  1.5244E+02  2.5524E-01  4.5722E-02
  1.5274E+02  2.5513E-01  4.5778E-02
  1.5303E+02  2.5502E-01  4.5835E-02
  1.5333E+02  2.5492E-01  4.5894E-02
  1.5362E+02  2.5481E-01  4.5956E-02
  1.5392E+02  2.5471E-01  4.6020E-02
  1.5422E+02  2.5461E-01  4.6087E-02
  1.5451E+02  2.5451E-01  4.6157E-02
  1.5481E+02  2.5441E-01  4.6228E-02
  1.5510E+02  2.5432E-01  4.6301E-02
  1.5540E+02  2.5422E-01  4.6374E-02
  1.5570E+02  2.5412E-01  4.6448E-02
  1.5599E+02  2.5402E-01  4.6520E-02
  1.5629E+02  2.5393E-01  4.6591E-02
  1.5658E+02  2.5383E-01  4.6660E-02
  1.5688E+02  2.5374E-01  4.6728E-02
  1.5718E+02  2.5364E-01  4.6796E-02
  1.5747E+02  2.5354E-01  4.6863E-02
  1.5777E+02  2.5345E-01  4.6930E-02
  1.5806E+02  2.5335E-01  4.6997E-02
  1.5836E+02  2.5325E-01  4.7065E-02
  1.5866E+02  2.5315E-01  4.7132E-02
  1.5895E+02  2.5306E-01  4.7199E-02
  1.5925E+02  2.5296E-01  4.7264E-02
  1.5954E+02  2.5287E-01  4.7327E-02
  1.5984E+02  2.5277E-01  4.7388E-02
  1.6014E+02  2.5268E-01  4.7448E-02
  1.6043E+02  2.5259E-01  4.7505E-02
  1.6073E+02  2.5249E-01  4.7562E-02
  1.6102E+02  2.5240E-01  4.7618E-02
  1.6132E+02  2.5231E-01  4.7673E-02
  1.6162E+02  2.5222E-01  4.7729E-02
  1.6191E+02  2.5212E-01  4.7785E-02
  1.6221E+02  2.5203E-01  4.7842E-02
  1.6250E+02  2.5194E-01  4.7899E-02
  1.6280E+02  2.5186E-01  4.7958E-02
  1.6310E+02  2.5177E-01  4.8019E-02
  1.6339E+02  2.5168E-01  4.8080E-02
  1.6369E+02  2.5160E-01  4.8141E-02
  1.6398E+02  2.5152E-01  4.8203E-02
  1.6428E+02  2.5143E-01  4.8264E-02
  1.6458E+02  2.5134E-01  4.8324E-02
  1.6487E+02  2.5126E-01  4.8383E-02
  1.6517E+02  2.5117E-01  4.8440E-02
  1.6546E+02  2.5109E-01  4.8496E-02
  1.6576E+02  2.5100E-01  4.8552E-02
  1.6606E+02  2.5092E-01  4.8607E-02
  1.6635E+02  2.5083E-01  4.8663E-02
  1.6665E+02  2.5075E-01  4.8720E-02
  1.6694E+02  2.5067E-01  4.8780E-02
  1.6724E+02  2.5060E-01  4.8842E-02
  1.6754E+02  2.5052E-01  4.8907E-02
  1.6783E+02  2.5044E-01  4.8974E-02
  1.6813E+02  2.5037E-01  4.9042E-02
  1.6842E+02  2.5029E-01  4.9111E-02
  1.6872E+02  2.5021E-01  4.9180E-02
  1.6902E+02  2.5014E-01  4.9248E-02
  1.6931E+02  2.5006E-01  4.9314E-02
  1.6961E+02  2.4998E-01  4.9378E-02
  1.6990E+02  2.4991E-01  4.9441E-02
  1.7020E+02  2.4983E-01  4.9503E-02
  1.7050E+02  2.4975E-01  4.9564E-02
  1.7079E+02  2.4967E-01  4.9626E-02
  1.7109E+02  2.4960E-01  4.9688E-02
  1.7138E+02  2.4952E-01  4.9750E-02
  1.7168E+02  2.4944E-01  4.9813E-02
  1.7198E+02  2.4936E-01  4.9877E-02
  1.7227E+02  2.4928E-01  4.9941E-02
  1.7257E+02  2.4921E-01  5.0004E-02
  1.7286E+02  2.4913E-01  5.0066E-02
  1.7316E+02  2.4905E-01  5.0128E-02
  1.7346E+02  2.4898E-01  5.0188E-02
  1.7375E+02  2.4890E-01  5.0247E-02
  1.7405E+02  2.4883E-01  5.0306E-02
  1.7434E+02  2.4875E-01  5.0364E-02
  1.7464E+02  2.4868E-01  5.0423E-02
  1.7494E+02  2.4860E-01  5.0481E-02
  1.7523E+02  2.4852E-01  5.0541E-02
  1.7553E+02  2.4845E-01  5.0601E-02
  1.7582E+02  2.4837E-01  5.0662E-02
  1.7612E+02  2.4829E-01  5.0723E-02
  1.7642E+02  2.4821E-01  5.0784E-02
  1.7671E+02  2.4813E-01  5.0845E-02
  1.7701E+02  2.4805E-01  5.0906E-02
  1.7730E+02  2.4797E-01  5.0967E-02
  1.7760E+02  2.4789E-01  5.1027E-02
  1.7790E+02  2.4781E-01  5.1088E-02
  1.7819E+02  2.4773E-01  5.1149E-02
  1.7849E+02  2.4765E-01  5.1209E-02
  1.7878E+02  2.4757E-01  5.1269E-02
  1.7908E+02  2.4749E-01  5.1328E-02
  1.7938E+02  2.4741E-01  5.1387E-02
  1.7967E+02  2.4733E-01  5.1446E-02
  1.7997E+02  2.4724E-01  5.1503E-02
  1.8026E+02  2.4716E-01  5.1560E-02
  1.8056E+02  2.4708E-01  5.1615E-02
  1.8086E+02  2.4700E-01  5.1670E-02
  1.8115E+02  2.4692E-01  5.1725E-02
  1.8145E+02  2.4684E-01  5.1779E-02
  1.8174E+02  2.4675E-01  5.1833E-02
  1.8204E+02  2.4667E-01  5.1888E-02
  1.8234E+02  2.4659E-01  5.1944E-02
  1.8263E+02  2.4652E-01  5.2000E-02
  1.8293E+02  2.4644E-01  5.2059E-02
  1.8322E+02  2.4636E-01  5.2118E-02
  1.8352E+02  2.4628E-01  5.2178E-02
  1.8382E+02  2.4620E-01  5.2239E-02
  1.8411E+02  2.4612E-01  5.2301E-02
  1.8441E+02  2.4605E-01  5.2363E-02
  1.8470E+02  2.4597E-01  5.2424E-02
  1.8500E+02  2.4589E-01  5.2486E-02
  1.8530E+02  2.4581E-01  5.2547E-02
  1.8559E+02  2.4574E-01  5.2607E-02
  1.8589E+02  2.4566E-01  5.2666E-02
  1.8618E+02  2.4558E-01  5.2725E-02
  1.8648E+02  2.4550E-01  5.2783E-02
  1.8678E+02  2.4542E-01  5.2841E-02
  1.8707E+02  2.4534E-01  5.2899E-02
  1.8737E+02  2.4526E-01  5.2956E-02
  1.8766E+02  2.4518E-01  5.3014E-02
  1.8796E+02  2.4510E-01  5.3073E-02
  1.8826E+02  2.4502E-01  5.3132E-02
  1.8855E+02  2.4494E-01  5.3191E-02
  1.8885E+02  2.4485E-01  5.3250E-02
  1.8914E+02  2.4477E-01  5.3309E-02
  1.8944E+02  2.4469E-01  5.3369E-02
  1.8974E+02  2.4460E-01  5.3428E-02
  1.9003E+02  2.4452E-01  5.3486E-02
  1.9033E+02  2.4444E-01  5.3544E-02
  1.9062E+02  2.4435E-01  5.3602E-02
  1.9092E+02  2.4427E-01  5.3658E-02
  1.9122E+02  2.4418E-01  5.3714E-02
  1.9151E+02  2.4409E-01  5.3768E-02
  1.9181E+02  2.4401E-01  5.3822E-02
  1.9210E+02  2.4392E-01  5.3875E-02
  1.9240E+02  2.4383E-01  5.3928E-02
  1.9270E+02  2.4374E-01  5.3980E-02
  1.9299E+02  2.4366E-01  5.4032E-02
  1.9329E+02  2.4357E-01  5.4084E-02
  1.9358E+02  2.4349E-01  5.4137E-02
  1.9388E+02  2.4340E-01  5.4191E-02
  1.9418E+02  2.4332E-01  5.4246E-02
  1.9447E+02  2.4323E-01  5.4302E-02
  1.9477E+02  2.4315E-01  5.4359E-02
  1.9506E+02  2.4306E-01  5.4416E-02
  1.9536E+02  2.4298E-01  5.4474E-02
  1.9566E+02  2.4290E-01  5.4531E-02
  1.9595E+02  2.4281E-01  5.4589E-02
  1.9625E+02  2.4273E-01  5.4645E-02
  1.9654E+02  2.4264E-01  5.4701E-02
  1.9684E+02  2.4256E-01  5.4757E-02
  1.9714E+02  2.4248E-01  5.4811E-02
  1.9743E+02  2.4239E-01  5.4866E-02
  1.9773E+02  2.4231E-01  5.4920E-02
  1.9802E+02  2.4222E-01  5.4974E-02
  1.9832E+02  2.4214E-01  5.5028E-02
  1.9862E+02  2.4205E-01  5.5083E-02
  1.9891E+02  2.4197E-01  5.5137E-02
  1.9921E+02  2.4188E-01  5.5192E-02
  1.9950E+02  2.4180E-01  5.5247E-02
  1.9980E+02  2.4171E-01  5.5301E-02
  2.0010E+02  2.4163E-01  5.5356E-02
  2.0039E+02  2.4155E-01  5.5411E-02
  2.0069E+02  2.4146E-01  5.5465E-02
  2.0098E+02  2.4138E-01  5.5519E-02
  2.0128E+02  2.4130E-01  5.5574E-02
  2.0158E+02  2.4121E-01  5.5629E-02
  2.0187E+02  2.4113E-01  5.5683E-02
  2.0217E+02  2.4104E-01  5.5738E-02
  2.0246E+02  2.4096E-01  5.5794E-02
  2.0276E+02  2.4088E-01  5.5849E-02
  2.0306E+02  2.4079E-01  5.5904E-02
  2.0335E+02  2.4071E-01  5.5959E-02
  2.0365E+02  2.4063E-01  5.6015E-02
  2.0394E+02  2.4054E-01  5.6070E-02
  2.0424E+02  2.4046E-01  5.6125E-02
  2.0454E+02  2.4038E-01  5.6179E-02
  2.0483E+02  2.4029E-01  5.6234E-02
  2.0513E+02  2.4021E-01  5.6289E-02
  2.0542E+02  2.4013E-01  5.6343E-02
  2.0572E+02  2.4004E-01  5.6398E-02
  2.0602E+02  2.3996E-01  5.6452E-02
  2.0631E+02  2.3987E-01  5.6506E-02
  2.0661E+02  2.3979E-01  5.6560E-02
  2.0690E+02  2.3970E-01  5.6614E-02
  2.0720E+02  2.3962E-01  5.6668E-02
  2.0750E+02  2.3954E-01  5.6721E-02
  2.0779E+02  2.3945E-01  5.6774E-02
  2.0809E+02  2.3937E-01  5.6827E-02
  2.0838E+02  2.3928E-01  5.6880E-02
  2.0868E+02  2.3920E-01  5.6932E-02
  2.0898E+02  2.3911E-01  5.6984E-02
  2.0927E+02  2.3903E-01  5.7037E-02
  2.0957E+02  2.3894E-01  5.7089E-02
  2.0986E+02  2.3886E-01  5.7141E-02
  2.1016E+02  2.3877E-01  5.7194E-02
  2.1046E+02  2.3869E-01  5.7246E-02
  2.1075E+02  2.3860E-01  5.7298E-02
  2.1105E+02  2.3851E-01  5.7350E-02
  2.1134E+02  2.3843E-01  5.7401E-02
  2.1164E+02  2.3834E-01  5.7453E-02
  2.1194E+02  2.3826E-01  5.7504E-02
  2.1223E+02  2.3817E-01  5.7556E-02
  2.1253E+02  2.3809E-01  5.7607E-02
  2.1282E+02  2.3800E-01  5.7659E-02
  2.1312E+02  2.3792E-01  5.7710E-02
  2.1342E+02  2.3783E-01  5.7762E-02
  2.1371E+02  2.3775E-01  5.7813E-02
  2.1401E+02  2.3766E-01  5.7864E-02
  2.1430E+02  2.3757E-01  5.7916E-02
  2.1460E+02  2.3749E-01  5.7967E-02
  2.1490E+02  2.3740E-01  5.8018E-02
  2.1519E+02  2.3732E-01  5.8070E-02
  2.1549E+02  2.3723E-01  5.8121E-02
  2.1578E+02  2.3715E-01  5.8173E-02
  2.1608E+02  2.3706E-01  5.8224E-02
  2.1638E+02  2.3697E-01  5.8276E-02
  2.1667E+02  2.3689E-01  5.8328E-02
  2.1697E+02  2.3680E-01  5.8380E-02
  2.1726E+02  2.3672E-01  5.8432E-02
  2.1756E+02  2.3663E-01  5.8483E-02
  2.1786E+02  2.3655E-01  5.8535E-02
  2.1815E+02  2.3646E-01  5.8586E-02
  2.1845E+02  2.3637E-01  5.8637E-02
  2.1874E+02  2.3629E-01  5.8688E-02
  2.1904E+02  2.3620E-01  5.8739E-02
  2.1934E+02  2.3612E-01  5.8790E-02
  2.1963E+02  2.3603E-01  5.8840E-02
  2.1993E+02  2.3595E-01  5.8890E-02
  2.2022E+02  2.3586E-01  5.8941E-02
  2.2052E+02  2.3578E-01  5.8991E-02
  2.2082E+02  2.3569E-01  5.9041E-02
  2.2111E+02  2.3561E-01  5.9092E-02
  2.2141E+02  2.3553E-01  5.9142E-02
  2.2170E+02  2.3544E-01  5.9193E-02
  2.2200E+02  2.3536E-01  5.9243E-02
  2.2230E+02  2.3527E-01  5.9294E-02
  2.2259E+02  2.3519E-01  5.9344E-02
  2.2289E+02  2.3511E-01  5.9395E-02
  2.2318E+02  2.3502E-01  5.9445E-02
  2.2348E+02  2.3494E-01  5.9495E-02
  2.2378E+02  2.3485E-01  5.9545E-02
  2.2407E+02  2.3477E-01  5.9595E-02
  2.2437E+02  2.3469E-01  5.9645E-02
  2.2466E+02  2.3460E-01  5.9694E-02
  2.2496E+02  2.3452E-01  5.9744E-02
  2.2526E+02  2.3444E-01  5.9794E-02
  2.2555E+02  2.3436E-01  5.9844E-02
  2.2585E+02  2.3427E-01  5.9895E-02
  2.2614E+02  2.3419E-01  5.9944E-02
  2.2644E+02  2.3411E-01  5.9994E-02
  2.2674E+02  2.3402E-01  6.0044E-02
  2.2703E+02  2.3394E-01  6.0093E-02
  2.2733E+02  2.3386E-01  6.0143E-02
  2.2762E+02  2.3378E-01  6.0192E-02
  2.2792E+02  2.3369E-01  6.0240E-02
  2.2822E+02  2.3361E-01  6.0289E-02
  2.2851E+02  2.3353E-01  6.0337E-02
  2.2881E+02  2.3345E-01  6.0386E-02
  2.2910E+02  2.3336E-01  6.0434E-02
  2.2940E+02  2.3328E-01  6.0483E-02
  2.2970E+02  2.3320E-01  6.0532E-02
  2.2999E+02  2.3311E-01  6.0580E-02
  2.3029E+02  2.3303E-01  6.0629E-02
  2.3058E+02  2.3295E-01  6.0678E-02
  2.3088E+02  2.3287E-01  6.0727E-02
  2.3118E+02  2.3278E-01  6.0776E-02
  2.3147E+02  2.3270E-01  6.0825E-02
  2.3177E+02  2.3262E-01  6.0874E-02
  2.3206E+02  2.3254E-01  6.0923E-02
  2.3236E+02  2.3246E-01  6.0972E-02
  2.3266E+02  2.3237E-01  6.1021E-02
  2.3295E+02  2.3229E-01  6.1070E-02
  2.3325E+02  2.3221E-01  6.1120E-02
  2.3354E+02  2.3213E-01  6.1169E-02
  2.3384E+02  2.3205E-01  6.1218E-02
  2.3414E+02  2.3197E-01  6.1267E-02
  2.3443E+02  2.3188E-01  6.1316E-02
  2.3473E+02  2.3180E-01  6.1366E-02
  2.3502E+02  2.3172E-01  6.1415E-02
  2.3532E+02  2.3164E-01  6.1464E-02
  2.3562E+02  2.3156E-01  6.1513E-02
  2.3591E+02  2.3147E-01  6.1562E-02
  2.3621E+02  2.3139E-01  6.1610E-02
  2.3650E+02  2.3131E-01  6.1659E-02
  2.3680E+02  2.3123E-01  6.1707E-02
  2.3710E+02  2.3115E-01  6.1755E-02
  2.3739E+02  2.3106E-01  6.1803E-02
  2.3769E+02  2.3098E-01  6.1851E-02
  2.3798E+02  2.3090E-01  6.1898E-02
  2.3828E+02  2.3082E-01  6.1946E-02
  2.3858E+02  2.3074E-01  6.1993E-02
  2.3887E+02  2.3065E-01  6.2040E-02
  2.3917E+02  2.3057E-01  6.2087E-02
  2.3946E+02  2.3049E-01  6.2134E-02
  2.3976E+02  2.3041E-01  6.2181E-02
  2.4006E+02  2.3033E-01  6.2228E-02
  2.4035E+02  2.3025E-01  6.2275E-02
  2.4065E+02  2.3017E-01  6.2322E-02
  2.4094E+02  2.3009E-01  6.2369E-02
  2.4124E+02  2.3001E-01  6.2415E-02
  2.4154E+02  2.2993E-01  6.2462E-02
  2.4183E+02  2.2985E-01  6.2509E-02
  2.4213E+02  2.2977E-01  6.2555E-02
  2.4242E+02  2.2969E-01  6.2602E-02
  2.4272E+02  2.2961E-01  6.2648E-02
  2.4302E+02  2.2953E-01  6.2695E-02
  2.4331E+02  2.2945E-01  6.2741E-02
  2.4361E+02  2.2937E-01  6.2788E-02
  2.4390E+02  2.2929E-01  6.2834E-02
  2.4420E+02  2.2921E-01  6.2881E-02
  2.4450E+02  2.2913E-01  6.2927E-02
  2.4479E+02  2.2905E-01  6.2974E-02
  2.4509E+02  2.2897E-01  6.3020E-02
  2.4538E+02  2.2889E-01  6.3067E-02
  2.4568E+02  2.2881E-01  6.3113E-02
  2.4598E+02  2.2873E-01  6.3159E-02
  2.4627E+02  2.2865E-01  6.3206E-02
  2.4657E+02  2.2857E-01  6.3252E-02
  2.4686E+02  2.2849E-01  6.3299E-02
  2.4716E+02  2.2841E-01  6.3345E-02
  2.4746E+02  2.2833E-01  6.3392E-02
  2.4775E+02  2.2825E-01  6.3438E-02
  2.4805E+02  2.2817E-01  6.3485E-02
  2.4834E+02  2.2809E-01  6.3531E-02
  2.4864E+02  2.2801E-01  6.3578E-02
  2.4894E+02  2.2793E-01  6.3624E-02
  2.4923E+02  2.2785E-01  6.3671E-02
  2.4953E+02  2.2777E-01  6.3717E-02
  2.4982E+02  2.2769E-01  6.3763E-02
  2.5012E+02  2.2761E-01  6.3810E-02
  2.5042E+02  2.2753E-01  6.3856E-02
  2.5071E+02  2.2745E-01  6.3902E-02
  2.5101E+02  2.2738E-01  6.3949E-02
  2.5130E+02  2.2730E-01  6.3995E-02
  2.5160E+02  2.2722E-01  6.4041E-02
  2.5190E+02  2.2714E-01  6.4088E-02
  2.5219E+02  2.2706E-01  6.4134E-02
  2.5249E+02  2.2698E-01  6.4180E-02
  2.5278E+02  2.2690E-01  6.4226E-02
  2.5308E+02  2.2682E-01  6.4273E-02
  2.5338E+02  2.2674E-01  6.4319E-02
  2.5367E+02  2.2666E-01  6.4365E-02
  2.5397E+02  2.2658E-01  6.4410E-02
  2.5426E+02  2.2650E-01  6.4456E-02
  2.5456E+02  2.2642E-01  6.4502E-02
  2.5486E+02  2.2634E-01  6.4548E-02
  2.5515E+02  2.2627E-01  6.4593E-02
  2.5545E+02  2.2619E-01  6.4639E-02
  2.5574E+02  2.2611E-01  6.4684E-02
  2.5604E+02  2.2603E-01  6.4730E-02
  2.5634E+02  2.2595E-01  6.4776E-02
  2.5663E+02  2.2587E-01  6.4821E-02
  2.5693E+02  2.2579E-01  6.4867E-02
  2.5722E+02  2.2571E-01  6.4912E-02
  2.5752E+02  2.2563E-01  6.4957E-02
  2.5782E+02  2.2555E-01  6.5003E-02
  2.5811E+02  2.2547E-01  6.5048E-02
  2.5841E+02  2.2540E-01  6.5093E-02
  2.5870E+02  2.2532E-01  6.5138E-02
  2.5900E+02  2.2524E-01  6.5183E-02
  2.5930E+02  2.2516E-01  6.5228E-02
  2.5959E+02  2.2508E-01  6.5273E-02
  2.5989E+02  2.2500E-01  6.5318E-02
  2.6018E+02  2.2492E-01  6.5362E-02
  2.6048E+02  2.2484E-01  6.5407E-02
  2.6078E+02  2.2477E-01  6.5452E-02
  2.6107E+02  2.2469E-01  6.5496E-02
  2.6137E+02  2.2461E-01  6.5541E-02
  2.6166E+02  2.2453E-01  6.5585E-02
  2.6196E+02  2.2445E-01  6.5630E-02
  2.6226E+02  2.2437E-01  6.5674E-02
  2.6255E+02  2.2429E-01  6.5719E-02
  2.6285E+02  2.2421E-01  6.5763E-02
  2.6314E+02  2.2414E-01  6.5807E-02
  2.6344E+02  2.2406E-01  6.5852E-02
  2.6374E+02  2.2398E-01  6.5896E-02
  2.6403E+02  2.2390E-01  6.5940E-02
  2.6433E+02  2.2382E-01  6.5984E-02
  2.6462E+02  2.2374E-01  6.6028E-02
  2.6492E+02  2.2366E-01  6.6072E-02
  2.6522E+02  2.2358E-01  6.6116E-02
  2.6551E+02  2.2350E-01  6.6160E-02
  2.6581E+02  2.2343E-01  6.6203E-02
  2.6610E+02  2.2335E-01  6.6247E-02
  2.6640E+02  2.2327E-01  6.6290E-02
  2.6670E+02  2.2319E-01  6.6334E-02
  2.6699E+02  2.2311E-01  6.6377E-02
  2.6729E+02  2.2303E-01  6.6420E-02
  2.6758E+02  2.2295E-01  6.6464E-02
  2.6788E+02  2.2287E-01  6.6507E-02
  2.6818E+02  2.2279E-01  6.6550E-02
  2.6847E+02  2.2272E-01  6.6593E-02
  2.6877E+02  2.2264E-01  6.6636E-02
  2.6906E+02  2.2256E-01  6.6680E-02
  2.6936E+02  2.2248E-01  6.6723E-02
  2.6966E+02  2.2240E-01  6.6766E-02
  2.6995E+02  2.2232E-01  6.6809E-02
  2.7025E+02  2.2224E-01  6.6852E-02
  2.7054E+02  2.2216E-01  6.6895E-02
  2.7084E+02  2.2209E-01  6.6938E-02
  2.7114E+02  2.2201E-01  6.6982E-02
  2.7143E+02  2.2193E-01  6.7025E-02
  2.7173E+02  2.2185E-01  6.7068E-02
  2.7202E+02  2.2177E-01  6.7110E-02
  2.7232E+02  2.2169E-01  6.7153E-02
  2.7262E+02  2.2162E-01  6.7196E-02
  2.7291E+02  2.2154E-01  6.7239E-02
  2.7321E+02  2.2146E-01  6.7282E-02
  2.7350E+02  2.2138E-01  6.7325E-02
  2.7380E+02  2.2130E-01  6.7367E-02
  2.7410E+02  2.2122E-01  6.7410E-02
  2.7439E+02  2.2115E-01  6.7453E-02
  2.7469E+02  2.2107E-01  6.7495E-02
  2.7498E+02  2.2099E-01  6.7538E-02
  2.7528E+02  2.2091E-01  6.7581E-02
  2.7558E+02  2.2083E-01  6.7623E-02
  2.7587E+02  2.2076E-01  6.7665E-02
  2.7617E+02  2.2068E-01  6.7708E-02
  2.7646E+02  2.2060E-01  6.7750E-02
  2.7676E+02  2.2052E-01  6.7792E-02
  2.7706E+02  2.2044E-01  6.7834E-02
  2.7735E+02  2.2037E-01  6.7876E-02
  2.7765E+02  2.2029E-01  6.7918E-02
  2.7794E+02  2.2021E-01  6.7960E-02
  2.7824E+02  2.2013E-01  6.8002E-02
  2.7854E+02  2.2006E-01  6.8044E-02
  2.7883E+02  2.1998E-01  6.8086E-02
  2.7913E+02  2.1990E-01  6.8128E-02
  2.7942E+02  2.1982E-01  6.8170E-02
  2.7972E+02  2.1975E-01  6.8212E-02
  2.8002E+02  2.1967E-01  6.8254E-02
  2.8031E+02  2.1959E-01  6.8296E-02
  2.8061E+02  2.1951E-01  6.8337E-02
  2.8090E+02  2.1944E-01  6.8379E-02
  2.8120E+02  2.1936E-01  6.8421E-02
  2.8150E+02  2.1928E-01  6.8463E-02
  2.8179E+02  2.1920E-01  6.8504E-02
  2.8209E+02  2.1913E-01  6.8546E-02
  2.8238E+02  2.1905E-01  6.8587E-02
  2.8268E+02  2.1897E-01  6.8628E-02
  2.8298E+02  2.1890E-01  6.8670E-02
  2.8327E+02  2.1882E-01  6.8711E-02
  2.8357E+02  2.1874E-01  6.8752E-02
  2.8386E+02  2.1866E-01  6.8793E-02
  2.8416E+02  2.1859E-01  6.8835E-02
  2.8446E+02  2.1851E-01  6.8876E-02
  2.8475E+02  2.1843E-01  6.8917E-02
  2.8505E+02  2.1836E-01  6.8958E-02
  2.8534E+02  2.1828E-01  6.8999E-02
  2.8564E+02  2.1820E-01  6.9040E-02
  2.8594E+02  2.1812E-01  6.9081E-02
  2.8623E+02  2.1805E-01  6.9122E-02
  2.8653E+02  2.1797E-01  6.9163E-02
  2.8682E+02  2.1789E-01  6.9203E-02
  2.8712E+02  2.1782E-01  6.9244E-02
  2.8742E+02  2.1774E-01  6.9285E-02
  2.8771E+02  2.1766E-01  6.9326E-02
  2.8801E+02  2.1759E-01  6.9366E-02
  2.8830E+02  2.1751E-01  6.9407E-02
  2.8860E+02  2.1743E-01  6.9447E-02
  2.8890E+02  2.1736E-01  6.9488E-02
  2.8919E+02  2.1728E-01  6.9528E-02
  2.8949E+02  2.1720E-01  6.9569E-02
  2.8978E+02  2.1713E-01  6.9609E-02
  2.9008E+02  2.1705E-01  6.9650E-02
  2.9038E+02  2.1697E-01  6.9690E-02
  2.9067E+02  2.1690E-01  6.9730E-02
  2.9097E+02  2.1682E-01  6.9771E-02
  2.9126E+02  2.1674E-01  6.9811E-02
  2.9156E+02  2.1667E-01  6.9851E-02
  2.9186E+02  2.1659E-01  6.9891E-02
  2.9215E+02  2.1651E-01  6.9931E-02
  2.9245E+02  2.1644E-01  6.9972E-02
  2.9274E+02  2.1636E-01  7.0012E-02
  2.9304E+02  2.1628E-01  7.0052E-02
  2.9334E+02  2.1621E-01  7.0092E-02
  2.9363E+02  2.1613E-01  7.0131E-02
  2.9393E+02  2.1606E-01  7.0171E-02
  2.9422E+02  2.1598E-01  7.0211E-02
  2.9452E+02  2.1590E-01  7.0251E-02
  2.9482E+02  2.1583E-01  7.0291E-02
  2.9511E+02  2.1575E-01  7.0330E-02
  2.9541E+02  2.1567E-01  7.0370E-02
  2.9570E+02  2.1560E-01  7.0410E-02
  2.9600E+02  2.1552E-01  7.0449E-02
  2.9630E+02  2.1545E-01  7.0489E-02
  2.9659E+02  2.1537E-01  7.0529E-02
  2.9689E+02  2.1529E-01  7.0568E-02
  2.9718E+02  2.1522E-01  7.0608E-02
  2.9748E+02  2.1514E-01  7.0647E-02
  2.9778E+02  2.1506E-01  7.0686E-02
  2.9807E+02  2.1499E-01  7.0726E-02
  2.9837E+02  2.1491E-01  7.0765E-02
  2.9866E+02  2.1484E-01  7.0804E-02
  2.9896E+02  2.1476E-01  7.0844E-02
  2.9926E+02  2.1468E-01  7.0883E-02
  2.9955E+02  2.1461E-01  7.0922E-02
  2.9985E+02  2.1453E-01  7.0961E-02
  3.0014E+02  2.1446E-01  7.1000E-02
  3.0044E+02  2.1438E-01  7.1039E-02
  3.0074E+02  2.1430E-01  7.1079E-02
  3.0103E+02  2.1423E-01  7.1118E-02
  3.0133E+02  2.1415E-01  7.1156E-02
  3.0162E+02  2.1408E-01  7.1195E-02
  3.0192E+02  2.1400E-01  7.1234E-02
  3.0222E+02  2.1393E-01  7.1273E-02
  3.0251E+02  2.1385E-01  7.1312E-02
  3.0281E+02  2.1377E-01  7.1351E-02
  3.0310E+02  2.1370E-01  7.1389E-02
  3.0340E+02  2.1362E-01  7.1428E-02
  3.0370E+02  2.1355E-01  7.1467E-02
  3.0399E+02  2.1347E-01  7.1505E-02
  3.0429E+02  2.1339E-01  7.1544E-02
  3.0458E+02  2.1332E-01  7.1582E-02
  3.0488E+02  2.1324E-01  7.1621E-02
  3.0518E+02  2.1317E-01  7.1659E-02
  3.0547E+02  2.1309E-01  7.1697E-02
  3.0577E+02  2.1302E-01  7.1736E-02
  3.0606E+02  2.1294E-01  7.1774E-02
  3.0636E+02  2.1286E-01  7.1812E-02
  3.0666E+02  2.1279E-01  7.1850E-02
  3.0695E+02  2.1271E-01  7.1888E-02
  3.0725E+02  2.1264E-01  7.1926E-02
  3.0754E+02  2.1256E-01  7.1964E-02
  3.0784E+02  2.1249E-01  7.2002E-02
  3.0814E+02  2.1241E-01  7.2040E-02
  3.0843E+02  2.1233E-01  7.2078E-02
  3.0873E+02  2.1226E-01  7.2116E-02
  3.0902E+02  2.1218E-01  7.2154E-02
  3.0932E+02  2.1211E-01  7.2192E-02
  3.0962E+02  2.1203E-01  7.2230E-02
  3.0991E+02  2.1196E-01  7.2267E-02
  3.1021E+02  2.1188E-01  7.2305E-02
  3.1050E+02  2.1181E-01  7.2343E-02
  3.1080E+02  2.1173E-01  7.2380E-02
  3.1110E+02  2.1165E-01  7.2418E-02
  3.1139E+02  2.1158E-01  7.2455E-02
  3.1169E+02  2.1150E-01  7.2493E-02
  3.1198E+02  2.1143E-01  7.2530E-02
  3.1228E+02  2.1135E-01  7.2568E-02
  3.1258E+02  2.1128E-01  7.2605E-02
  3.1287E+02  2.1120E-01  7.2643E-02
  3.1317E+02  2.1113E-01  7.2680E-02
  3.1346E+02  2.1105E-01  7.2717E-02
  3.1376E+02  2.1098E-01  7.2754E-02
  3.1406E+02  2.1090E-01  7.2792E-02
  3.1435E+02  2.1082E-01  7.2829E-02
  3.1465E+02  2.1075E-01  7.2866E-02
  3.1494E+02  2.1067E-01  7.2903E-02
  3.1524E+02  2.1060E-01  7.2940E-02
  3.1554E+02  2.1052E-01  7.2977E-02
  3.1583E+02  2.1045E-01  7.3014E-02
  3.1613E+02  2.1037E-01  7.3051E-02
  3.1642E+02  2.1030E-01  7.3088E-02
  3.1672E+02  2.1022E-01  7.3125E-02
  3.1702E+02  2.1015E-01  7.3161E-02
  3.1731E+02  2.1007E-01  7.3198E-02
  3.1761E+02  2.1000E-01  7.3235E-02
  3.1790E+02  2.0992E-01  7.3272E-02
  3.1820E+02  2.0985E-01  7.3308E-02
  3.1850E+02  2.0977E-01  7.3345E-02
  3.1879E+02  2.0970E-01  7.3381E-02
  3.1909E+02  2.0962E-01  7.3418E-02
  3.1938E+02  2.0955E-01  7.3455E-02
  3.1968E+02  2.0947E-01  7.3491E-02
  3.1998E+02  2.0939E-01  7.3528E-02
  3.2027E+02  2.0932E-01  7.3564E-02
  3.2057E+02  2.0924E-01  7.3600E-02
  3.2086E+02  2.0917E-01  7.3637E-02
  3.2116E+02  2.0909E-01  7.3673E-02
  3.2146E+02  2.0902E-01  7.3709E-02
  3.2175E+02  2.0894E-01  7.3746E-02
  3.2205E+02  2.0887E-01  7.3782E-02
  3.2234E+02  2.0879E-01  7.3818E-02
  3.2264E+02  2.0872E-01  7.3854E-02
  3.2294E+02  2.0864E-01  7.3890E-02
  3.2323E+02  2.0857E-01  7.3926E-02
  3.2353E+02  2.0849E-01  7.3962E-02
  3.2382E+02  2.0842E-01  7.3998E-02
  3.2412E+02  2.0834E-01  7.4034E-02
  3.2442E+02  2.0827E-01  7.4070E-02
  3.2471E+02  2.0819E-01  7.4106E-02
  3.2501E+02  2.0812E-01  7.4142E-02
  3.2530E+02  2.0805E-01  7.4178E-02
  3.2560E+02  2.0797E-01  7.4213E-02
  3.2590E+02  2.0790E-01  7.4249E-02
  3.2619E+02  2.0782E-01  7.4285E-02
  3.2649E+02  2.0775E-01  7.4320E-02
  3.2678E+02  2.0767E-01  7.4356E-02
  3.2708E+02  2.0760E-01  7.4392E-02
  3.2738E+02  2.0752E-01  7.4427E-02
  3.2767E+02  2.0745E-01  7.4463E-02
  3.2797E+02  2.0737E-01  7.4498E-02
  3.2826E+02  2.0730E-01  7.4534E-02
  3.2856E+02  2.0722E-01  7.4569E-02
  3.2886E+02  2.0715E-01  7.4605E-02
  3.2915E+02  2.0707E-01  7.4640E-02
  3.2945E+02  2.0700E-01  7.4675E-02
  3.2974E+02  2.0692E-01  7.4711E-02
  3.3004E+02  2.0685E-01  7.4746E-02
  3.3034E+02  2.0678E-01  7.4781E-02
  3.3063E+02  2.0670E-01  7.4816E-02
  3.3093E+02  2.0663E-01  7.4851E-02
  3.3122E+02  2.0655E-01  7.4887E-02
  3.3152E+02  2.0648E-01  7.4922E-02
  3.3182E+02  2.0640E-01  7.4957E-02
  3.3211E+02  2.0633E-01  7.4992E-02
  3.3241E+02  2.0625E-01  7.5027E-02
  3.3270E+02  2.0618E-01  7.5062E-02
  3.3300E+02  2.0611E-01  7.5097E-02
  3.3330E+02  2.0603E-01  7.5132E-02
  3.3359E+02  2.0596E-01  7.5166E-02
  3.3389E+02  2.0588E-01  7.5201E-02
  3.3418E+02  2.0581E-01  7.5236E-02
  3.3448E+02  2.0573E-01  7.5271E-02
  3.3478E+02  2.0566E-01  7.5305E-02
  3.3507E+02  2.0558E-01  7.5340E-02
  3.3537E+02  2.0551E-01  7.5375E-02
  3.3566E+02  2.0544E-01  7.5409E-02
  3.3596E+02  2.0536E-01  7.5444E-02
  3.3626E+02  2.0529E-01  7.5478E-02
  3.3655E+02  2.0521E-01  7.5513E-02
  3.3685E+02  2.0514E-01  7.5547E-02
  3.3714E+02  2.0507E-01  7.5582E-02
  3.3744E+02  2.0499E-01  7.5616E-02
  3.3774E+02  2.0492E-01  7.5651E-02
  3.3803E+02  2.0484E-01  7.5685E-02
  3.3833E+02  2.0477E-01  7.5719E-02
  3.3862E+02  2.0469E-01  7.5754E-02
  3.3892E+02  2.0462E-01  7.5788E-02
  3.3922E+02  2.0455E-01  7.5822E-02
  3.3951E+02  2.0447E-01  7.5856E-02
  3.3981E+02  2.0440E-01  7.5891E-02
  3.4010E+02  2.0432E-01  7.5925E-02
  3.4040E+02  2.0425E-01  7.5959E-02
  3.4070E+02  2.0418E-01  7.5993E-02
  3.4099E+02  2.0410E-01  7.6027E-02
  3.4129E+02  2.0403E-01  7.6061E-02
  3.4158E+02  2.0396E-01  7.6095E-02
  3.4188E+02  2.0388E-01  7.6129E-02
  3.4218E+02  2.0381E-01  7.6163E-02
  3.4247E+02  2.0373E-01  7.6196E-02
  3.4277E+02  2.0366E-01  7.6230E-02
  3.4306E+02  2.0359E-01  7.6264E-02
  3.4336E+02  2.0351E-01  7.6298E-02
  3.4366E+02  2.0344E-01  7.6332E-02
  3.4395E+02  2.0337E-01  7.6365E-02
  3.4425E+02  2.0329E-01  7.6399E-02
  3.4454E+02  2.0322E-01  7.6433E-02
  3.4484E+02  2.0314E-01  7.6466E-02
  3.4514E+02  2.0307E-01  7.6500E-02
  3.4543E+02  2.0300E-01  7.6533E-02
  3.4573E+02  2.0292E-01  7.6567E-02
  3.4602E+02  2.0285E-01  7.6600E-02
  3.4632E+02  2.0278E-01  7.6634E-02
  3.4662E+02  2.0270E-01  7.6667E-02
  3.4691E+02  2.0263E-01  7.6701E-02
  3.4721E+02  2.0256E-01  7.6734E-02
  3.4750E+02  2.0248E-01  7.6767E-02
  3.4780E+02  2.0241E-01  7.6801E-02
  3.4810E+02  2.0233E-01  7.6834E-02
  3.4839E+02  2.0226E-01  7.6867E-02
  3.4869E+02  2.0219E-01  7.6900E-02
  3.4898E+02  2.0211E-01  7.6933E-02
  3.4928E+02  2.0204E-01  7.6966E-02
  3.4958E+02  2.0197E-01  7.7000E-02
  3.4987E+02  2.0189E-01  7.7033E-02
  3.5017E+02  2.0182E-01  7.7066E-02
  3.5046E+02  2.0175E-01  7.7099E-02
  3.5076E+02  2.0167E-01  7.7132E-02
  3.5106E+02  2.0160E-01  7.7165E-02
  3.5135E+02  2.0153E-01  7.7198E-02
  3.5165E+02  2.0145E-01  7.7230E-02
  3.5194E+02  2.0138E-01  7.7263E-02
  3.5224E+02  2.0131E-01  7.7296E-02
  3.5254E+02  2.0124E-01  7.7329E-02
  3.5283E+02  2.0116E-01  7.7362E-02
  3.5313E+02  2.0109E-01  7.7394E-02
  3.5342E+02  2.0102E-01  7.7427E-02
  3.5372E+02  2.0094E-01  7.7460E-02
  3.5402E+02  2.0087E-01  7.7492E-02
  3.5431E+02  2.0080E-01  7.7525E-02
  3.5461E+02  2.0072E-01  7.7558E-02
  3.5490E+02  2.0065E-01  7.7590E-02
  3.5520E+02  2.0058E-01  7.7623E-02
  3.5550E+02  2.0050E-01  7.7655E-02
  3.5579E+02  2.0043E-01  7.7688E-02
  3.5609E+02  2.0036E-01  7.7720E-02
  3.5638E+02  2.0029E-01  7.7752E-02
  3.5668E+02  2.0021E-01  7.7785E-02
  3.5698E+02  2.0014E-01  7.7817E-02
  3.5727E+02  2.0007E-01  7.7849E-02
  3.5757E+02  1.9999E-01  7.7882E-02
  3.5786E+02  1.9992E-01  7.7914E-02
  3.5816E+02  1.9985E-01  7.7946E-02
  3.5846E+02  1.9978E-01  7.7978E-02
  3.5875E+02  1.9970E-01  7.8010E-02
  3.5905E+02  1.9963E-01  7.8043E-02
  3.5934E+02  1.9956E-01  7.8075E-02
  3.5964E+02  1.9948E-01  7.8107E-02
  3.5994E+02  1.9941E-01  7.8139E-02
  3.6023E+02  1.9934E-01  7.8171E-02
  3.6053E+02  1.9927E-01  7.8203E-02
  3.6082E+02  1.9919E-01  7.8235E-02
  3.6112E+02  1.9912E-01  7.8267E-02
  3.6142E+02  1.9905E-01  7.8299E-02
  3.6171E+02  1.9898E-01  7.8331E-02
  3.6201E+02  1.9890E-01  7.8362E-02
  3.6230E+02  1.9883E-01  7.8394E-02
  3.6260E+02  1.9876E-01  7.8426E-02
  3.6290E+02  1.9869E-01  7.8458E-02
  3.6319E+02  1.9861E-01  7.8490E-02
  3.6349E+02  1.9854E-01  7.8521E-02
  3.6378E+02  1.9847E-01  7.8553E-02
  3.6408E+02  1.9840E-01  7.8585E-02
  3.6438E+02  1.9832E-01  7.8616E-02
  3.6467E+02  1.9825E-01  7.8648E-02
  3.6497E+02  1.9818E-01  7.8679E-02
  3.6526E+02  1.9811E-01  7.8711E-02
  3.6556E+02  1.9804E-01  7.8742E-02
  3.6586E+02  1.9796E-01  7.8774E-02
  3.6615E+02  1.9789E-01  7.8805E-02
  3.6645E+02  1.9782E-01  7.8837E-02
  3.6674E+02  1.9775E-01  7.8868E-02
  3.6704E+02  1.9768E-01  7.8900E-02
  3.6734E+02  1.9760E-01  7.8931E-02
  3.6763E+02  1.9753E-01  7.8962E-02
  3.6793E+02  1.9746E-01  7.8994E-02
  3.6822E+02  1.9739E-01  7.9025E-02
  3.6852E+02  1.9731E-01  7.9056E-02
  3.6882E+02  1.9724E-01  7.9087E-02
  3.6911E+02  1.9717E-01  7.9119E-02
  3.6941E+02  1.9710E-01  7.9150E-02
  3.6970E+02  1.9703E-01  7.9181E-02
  3.7000E+02  1.9696E-01  7.9212E-02
  3.7030E+02  1.9688E-01  7.9243E-02
  3.7059E+02  1.9681E-01  7.9274E-02
  3.7089E+02  1.9674E-01  7.9305E-02
  3.7118E+02  1.9667E-01  7.9336E-02
  3.7148E+02  1.9660E-01  7.9367E-02
  3.7178E+02  1.9652E-01  7.9398E-02
  3.7207E+02  1.9645E-01  7.9429E-02
  3.7237E+02  1.9638E-01  7.9460E-02
  3.7266E+02  1.9631E-01  7.9491E-02
  3.7296E+02  1.9624E-01  7.9522E-02
  3.7326E+02  1.9617E-01  7.9553E-02
  3.7355E+02  1.9609E-01  7.9583E-02
  3.7385E+02  1.9602E-01  7.9614E-02
  3.7414E+02  1.9595E-01  7.9645E-02
  3.7444E+02  1.9588E-01  7.9676E-02
  3.7474E+02  1.9581E-01  7.9706E-02
  3.7503E+02  1.9574E-01  7.9737E-02
  3.7533E+02  1.9567E-01  7.9768E-02
  3.7562E+02  1.9559E-01  7.9798E-02
  3.7592E+02  1.9552E-01  7.9829E-02
  3.7622E+02  1.9545E-01  7.9859E-02
  3.7651E+02  1.9538E-01  7.9890E-02
  3.7681E+02  1.9531E-01  7.9920E-02
  3.7710E+02  1.9524E-01  7.9951E-02
  3.7740E+02  1.9517E-01  7.9981E-02
  3.7770E+02  1.9509E-01  8.0012E-02
  3.7799E+02  1.9502E-01  8.0042E-02
  3.7829E+02  1.9495E-01  8.0072E-02
  3.7858E+02  1.9488E-01  8.0103E-02
  3.7888E+02  1.9481E-01  8.0133E-02
  3.7918E+02  1.9474E-01  8.0163E-02
  3.7947E+02  1.9467E-01  8.0194E-02
  3.7977E+02  1.9460E-01  8.0224E-02
  3.8006E+02  1.9453E-01  8.0254E-02
  3.8036E+02  1.9445E-01  8.0284E-02
  3.8066E+02  1.9438E-01  8.0314E-02
  3.8095E+02  1.9431E-01  8.0344E-02
  3.8125E+02  1.9424E-01  8.0374E-02
  3.8154E+02  1.9417E-01  8.0404E-02
  3.8184E+02  1.9410E-01  8.0434E-02
  3.8214E+02  1.9403E-01  8.0464E-02
  3.8243E+02  1.9396E-01  8.0494E-02
  3.8273E+02  1.9389E-01  8.0524E-02
  3.8302E+02  1.9382E-01  8.0554E-02
  3.8332E+02  1.9374E-01  8.0584E-02
  3.8362E+02  1.9367E-01  8.0614E-02
  3.8391E+02  1.9360E-01  8.0644E-02
  3.8421E+02  1.9353E-01  8.0673E-02
  3.8450E+02  1.9346E-01  8.0703E-02
  3.8480E+02  1.9339E-01  8.0733E-02
  3.8510E+02  1.9332E-01  8.0763E-02
  3.8539E+02  1.9325E-01  8.0792E-02
  3.8569E+02  1.9318E-01  8.0822E-02
  3.8598E+02  1.9311E-01  8.0851E-02
  3.8628E+02  1.9304E-01  8.0881E-02
  3.8658E+02  1.9297E-01  8.0911E-02
  3.8687E+02  1.9289E-01  8.0940E-02
  3.8717E+02  1.9282E-01  8.0970E-02
  3.8746E+02  1.9275E-01  8.0999E-02
  3.8776E+02  1.9268E-01  8.1028E-02
  3.8806E+02  1.9261E-01  8.1058E-02
  3.8835E+02  1.9254E-01  8.1087E-02
  3.8865E+02  1.9247E-01  8.1117E-02
  3.8894E+02  1.9240E-01  8.1146E-02
  3.8924E+02  1.9233E-01  8.1175E-02
  3.8954E+02  1.9226E-01  8.1204E-02
  3.8983E+02  1.9219E-01  8.1234E-02
  3.9013E+02  1.9212E-01  8.1263E-02
  3.9042E+02  1.9205E-01  8.1292E-02
  3.9072E+02  1.9198E-01  8.1321E-02
  3.9102E+02  1.9191E-01  8.1350E-02
  3.9131E+02  1.9184E-01  8.1379E-02
  3.9161E+02  1.9177E-01  8.1408E-02
  3.9190E+02  1.9170E-01  8.1437E-02
  3.9220E+02  1.9162E-01  8.1466E-02
  3.9250E+02  1.9155E-01  8.1495E-02
  3.9279E+02  1.9148E-01  8.1524E-02
  3.9309E+02  1.9141E-01  8.1553E-02
  3.9338E+02  1.9134E-01  8.1582E-02
  3.9368E+02  1.9127E-01  8.1611E-02
  3.9398E+02  1.9120E-01  8.1640E-02
  3.9427E+02  1.9113E-01  8.1669E-02
  3.9457E+02  1.9106E-01  8.1697E-02
  3.9486E+02  1.9099E-01  8.1726E-02
  3.9516E+02  1.9092E-01  8.1755E-02
  3.9546E+02  1.9085E-01  8.1783E-02
  3.9575E+02  1.9078E-01  8.1812E-02
  3.9605E+02  1.9071E-01  8.1841E-02
  3.9634E+02  1.9064E-01  8.1869E-02
  3.9664E+02  1.9057E-01  8.1898E-02
  3.9694E+02  1.9050E-01  8.1926E-02
  3.9723E+02  1.9043E-01  8.1955E-02
  3.9753E+02  1.9036E-01  8.1983E-02
  3.9782E+02  1.9029E-01  8.2012E-02
  3.9812E+02  1.9022E-01  8.2040E-02
  3.9842E+02  1.9015E-01  8.2069E-02
  3.9871E+02  1.9008E-01  8.2097E-02
  3.9901E+02  1.9001E-01  8.2125E-02
  3.9930E+02  1.8994E-01  8.2153E-02
  3.9960E+02  1.8987E-01  8.2182E-02
  3.9990E+02  1.8980E-01  8.2210E-02
  4.0019E+02  1.8973E-01  8.2238E-02
  4.0049E+02  1.8966E-01  8.2266E-02
  4.0078E+02  1.8959E-01  8.2295E-02
  4.0108E+02  1.8952E-01  8.2323E-02
  4.0138E+02  1.8945E-01  8.2351E-02
  4.0167E+02  1.8938E-01  8.2379E-02
  4.0197E+02  1.8931E-01  8.2407E-02
  4.0226E+02  1.8924E-01  8.2435E-02
  4.0256E+02  1.8917E-01  8.2463E-02
  4.0286E+02  1.8910E-01  8.2491E-02
  4.0315E+02  1.8903E-01  8.2519E-02
  4.0345E+02  1.8896E-01  8.2547E-02
  4.0374E+02  1.8889E-01  8.2575E-02
  4.0404E+02  1.8882E-01  8.2602E-02
  4.0434E+02  1.8875E-01  8.2630E-02
  4.0463E+02  1.8868E-01  8.2658E-02
  4.0493E+02  1.8861E-01  8.2686E-02
  4.0522E+02  1.8854E-01  8.2713E-02
  4.0552E+02  1.8847E-01  8.2741E-02
  4.0582E+02  1.8840E-01  8.2769E-02
  4.0611E+02  1.8833E-01  8.2797E-02
  4.0641E+02  1.8826E-01  8.2824E-02
  4.0670E+02  1.8819E-01  8.2852E-02
  4.0700E+02  1.8812E-01  8.2879E-02
  4.0730E+02  1.8805E-01  8.2907E-02
  4.0759E+02  1.8798E-01  8.2934E-02
  4.0789E+02  1.8791E-01  8.2962E-02
  4.0818E+02  1.8784E-01  8.2989E-02
  4.0848E+02  1.8777E-01  8.3017E-02
  4.0878E+02  1.8771E-01  8.3044E-02
  4.0907E+02  1.8764E-01  8.3071E-02
  4.0937E+02  1.8757E-01  8.3099E-02
  4.0966E+02  1.8750E-01  8.3126E-02
  4.0996E+02  1.8743E-01  8.3153E-02
  4.1026E+02  1.8736E-01  8.3181E-02
  4.1055E+02  1.8729E-01  8.3208E-02
  4.1085E+02  1.8722E-01  8.3235E-02
  4.1114E+02  1.8715E-01  8.3262E-02
  4.1144E+02  1.8708E-01  8.3289E-02
  4.1174E+02  1.8701E-01  8.3316E-02
  4.1203E+02  1.8694E-01  8.3344E-02
  4.1233E+02  1.8687E-01  8.3371E-02
  4.1262E+02  1.8680E-01  8.3398E-02
  4.1292E+02  1.8673E-01  8.3425E-02
  4.1322E+02  1.8666E-01  8.3452E-02
  4.1351E+02  1.8659E-01  8.3479E-02
  4.1381E+02  1.8652E-01  8.3506E-02
  4.1410E+02  1.8645E-01  8.3532E-02
  4.1440E+02  1.8639E-01  8.3559E-02
  4.1470E+02  1.8632E-01  8.3586E-02
  4.1499E+02  1.8625E-01  8.3613E-02
  4.1529E+02  1.8618E-01  8.3640E-02
  4.1558E+02  1.8611E-01  8.3666E-02
  4.1588E+02  1.8604E-01  8.3693E-02
  4.1618E+02  1.8597E-01  8.3720E-02
  4.1647E+02  1.8590E-01  8.3747E-02
  4.1677E+02  1.8583E-01  8.3773E-02
  4.1706E+02  1.8576E-01  8.3800E-02
  4.1736E+02  1.8569E-01  8.3826E-02
  4.1766E+02  1.8562E-01  8.3853E-02
  4.1795E+02  1.8556E-01  8.3880E-02
  4.1825E+02  1.8549E-01  8.3906E-02
  4.1854E+02  1.8542E-01  8.3933E-02
  4.1884E+02  1.8535E-01  8.3959E-02
  4.1914E+02  1.8528E-01  8.3985E-02
  4.1943E+02  1.8521E-01  8.4012E-02
  4.1973E+02  1.8514E-01  8.4038E-02
  4.2002E+02  1.8507E-01  8.4065E-02
  4.2032E+02  1.8500E-01  8.4091E-02
  4.2062E+02  1.8493E-01  8.4117E-02
  4.2091E+02  1.8486E-01  8.4143E-02
  4.2121E+02  1.8480E-01  8.4170E-02
  4.2150E+02  1.8473E-01  8.4196E-02
  4.2180E+02  1.8466E-01  8.4222E-02
  4.2210E+02  1.8459E-01  8.4248E-02
  4.2239E+02  1.8452E-01  8.4274E-02
  4.2269E+02  1.8445E-01  8.4300E-02
  4.2298E+02  1.8438E-01  8.4326E-02
  4.2328E+02  1.8431E-01  8.4352E-02
  4.2358E+02  1.8424E-01  8.4379E-02
  4.2387E+02  1.8418E-01  8.4404E-02
  4.2417E+02  1.8411E-01  8.4430E-02
  4.2446E+02  1.8404E-01  8.4456E-02
  4.2476E+02  1.8397E-01  8.4482E-02
  4.2506E+02  1.8390E-01  8.4508E-02
  4.2535E+02  1.8383E-01  8.4534E-02
  4.2565E+02  1.8376E-01  8.4560E-02
  4.2594E+02  1.8370E-01  8.4586E-02
  4.2624E+02  1.8363E-01  8.4611E-02
  4.2654E+02  1.8356E-01  8.4637E-02
  4.2683E+02  1.8349E-01  8.4663E-02
  4.2713E+02  1.8342E-01  8.4689E-02
  4.2742E+02  1.8335E-01  8.4714E-02
  4.2772E+02  1.8328E-01  8.4740E-02
  4.2802E+02  1.8321E-01  8.4765E-02
  4.2831E+02  1.8315E-01  8.4791E-02
  4.2861E+02  1.8308E-01  8.4817E-02
  4.2890E+02  1.8301E-01  8.4842E-02
  4.2920E+02  1.8294E-01  8.4868E-02
  4.2950E+02  1.8287E-01  8.4893E-02
  4.2979E+02  1.8280E-01  8.4919E-02
  4.3009E+02  1.8274E-01  8.4944E-02
  4.3038E+02  1.8267E-01  8.4969E-02
  4.3068E+02  1.8260E-01  8.4995E-02
  4.3098E+02  1.8253E-01  8.5020E-02
  4.3127E+02  1.8246E-01  8.5045E-02
  4.3157E+02  1.8239E-01  8.5071E-02
  4.3186E+02  1.8232E-01  8.5096E-02
  4.3216E+02  1.8226E-01  8.5121E-02
  4.3246E+02  1.8219E-01  8.5146E-02
  4.3275E+02  1.8212E-01  8.5172E-02
  4.3305E+02  1.8205E-01  8.5197E-02
  4.3334E+02  1.8198E-01  8.5222E-02
  4.3364E+02  1.8191E-01  8.5247E-02
  4.3394E+02  1.8185E-01  8.5272E-02
  4.3423E+02  1.8178E-01  8.5297E-02
  4.3453E+02  1.8171E-01  8.5322E-02
  4.3482E+02  1.8164E-01  8.5347E-02
  4.3512E+02  1.8157E-01  8.5372E-02
  4.3542E+02  1.8151E-01  8.5397E-02
  4.3571E+02  1.8144E-01  8.5422E-02
  4.3601E+02  1.8137E-01  8.5447E-02
  4.3630E+02  1.8130E-01  8.5472E-02
  4.3660E+02  1.8123E-01  8.5497E-02
  4.3690E+02  1.8117E-01  8.5521E-02
  4.3719E+02  1.8110E-01  8.5546E-02
  4.3749E+02  1.8103E-01  8.5571E-02
  4.3778E+02  1.8096E-01  8.5596E-02
  4.3808E+02  1.8089E-01  8.5620E-02
  4.3838E+02  1.8083E-01  8.5645E-02
  4.3867E+02  1.8076E-01  8.5670E-02
  4.3897E+02  1.8069E-01  8.5694E-02
  4.3926E+02  1.8062E-01  8.5719E-02
  4.3956E+02  1.8055E-01  8.5744E-02
  4.3986E+02  1.8049E-01  8.5768E-02
  4.4015E+02  1.8042E-01  8.5793E-02
  4.4045E+02  1.8035E-01  8.5817E-02
  4.4074E+02  1.8028E-01  8.5842E-02
  4.4104E+02  1.8021E-01  8.5866E-02
  4.4134E+02  1.8015E-01  8.5891E-02
  4.4163E+02  1.8008E-01  8.5915E-02
  4.4193E+02  1.8001E-01  8.5939E-02
  4.4222E+02  1.7994E-01  8.5964E-02
  4.4252E+02  1.7987E-01  8.5988E-02
  4.4282E+02  1.7981E-01  8.6012E-02
  4.4311E+02  1.7974E-01  8.6037E-02
  4.4341E+02  1.7967E-01  8.6061E-02
  4.4370E+02  1.7960E-01  8.6085E-02
  4.4400E+02  1.7954E-01  8.6109E-02
  4.4430E+02  1.7947E-01  8.6133E-02
  4.4459E+02  1.7940E-01  8.6158E-02
  4.4489E+02  1.7933E-01  8.6182E-02
  4.4518E+02  1.7927E-01  8.6206E-02
  4.4548E+02  1.7920E-01  8.6230E-02
  4.4578E+02  1.7913E-01  8.6254E-02
  4.4607E+02  1.7906E-01  8.6278E-02
  4.4637E+02  1.7900E-01  8.6302E-02
  4.4666E+02  1.7893E-01  8.6326E-02
  4.4696E+02  1.7886E-01  8.6350E-02
  4.4726E+02  1.7879E-01  8.6374E-02
  4.4755E+02  1.7873E-01  8.6398E-02
  4.4785E+02  1.7866E-01  8.6422E-02
  4.4814E+02  1.7859E-01  8.6445E-02
  4.4844E+02  1.7852E-01  8.6469E-02
  4.4874E+02  1.7846E-01  8.6493E-02
  4.4903E+02  1.7839E-01  8.6517E-02
  4.4933E+02  1.7832E-01  8.6541E-02
  4.4962E+02  1.7825E-01  8.6564E-02
  4.4992E+02  1.7819E-01  8.6588E-02
  4.5022E+02  1.7812E-01  8.6612E-02
  4.5051E+02  1.7805E-01  8.6635E-02
  4.5081E+02  1.7798E-01  8.6659E-02
  4.5110E+02  1.7792E-01  8.6683E-02
  4.5140E+02  1.7785E-01  8.6706E-02
  4.5170E+02  1.7778E-01  8.6730E-02
  4.5199E+02  1.7772E-01  8.6753E-02
  4.5229E+02  1.7765E-01  8.6777E-02
  4.5258E+02  1.7758E-01  8.6800E-02
  4.5288E+02  1.7751E-01  8.6824E-02
  4.5318E+02  1.7745E-01  8.6847E-02
  4.5347E+02  1.7738E-01  8.6870E-02
  4.5377E+02  1.7731E-01  8.6894E-02
  4.5406E+02  1.7725E-01  8.6917E-02
  4.5436E+02  1.7718E-01  8.6940E-02
  4.5466E+02  1.7711E-01  8.6964E-02
  4.5495E+02  1.7704E-01  8.6987E-02
  4.5525E+02  1.7698E-01  8.7010E-02
  4.5554E+02  1.7691E-01  8.7034E-02
  4.5584E+02  1.7684E-01  8.7057E-02
  4.5614E+02  1.7678E-01  8.7080E-02
  4.5643E+02  1.7671E-01  8.7103E-02
  4.5673E+02  1.7664E-01  8.7126E-02
  4.5702E+02  1.7657E-01  8.7149E-02
  4.5732E+02  1.7651E-01  8.7172E-02
  4.5762E+02  1.7644E-01  8.7195E-02
  4.5791E+02  1.7637E-01  8.7218E-02
  4.5821E+02  1.7631E-01  8.7241E-02
  4.5850E+02  1.7624E-01  8.7264E-02
  4.5880E+02  1.7617E-01  8.7287E-02
  4.5910E+02  1.7611E-01  8.7310E-02
  4.5939E+02  1.7604E-01  8.7333E-02
  4.5969E+02  1.7597E-01  8.7356E-02
  4.5998E+02  1.7591E-01  8.7379E-02
  4.6028E+02  1.7584E-01  8.7402E-02
  4.6058E+02  1.7577E-01  8.7425E-02
  4.6087E+02  1.7571E-01  8.7447E-02
  4.6117E+02  1.7564E-01  8.7470E-02
  4.6146E+02  1.7557E-01  8.7493E-02
  4.6176E+02  1.7551E-01  8.7516E-02
  4.6206E+02  1.7544E-01  8.7538E-02
  4.6235E+02  1.7537E-01  8.7561E-02
  4.6265E+02  1.7531E-01  8.7584E-02
  4.6294E+02  1.7524E-01  8.7606E-02
  4.6324E+02  1.7517E-01  8.7629E-02
  4.6354E+02  1.7511E-01  8.7651E-02
  4.6383E+02  1.7504E-01  8.7674E-02
  4.6413E+02  1.7497E-01  8.7696E-02
  4.6442E+02  1.7491E-01  8.7719E-02
  4.6472E+02  1.7484E-01  8.7741E-02
  4.6502E+02  1.7477E-01  8.7764E-02
  4.6531E+02  1.7471E-01  8.7786E-02
  4.6561E+02  1.7464E-01  8.7809E-02
  4.6590E+02  1.7457E-01  8.7831E-02
  4.6620E+02  1.7451E-01  8.7853E-02
  4.6650E+02  1.7444E-01  8.7876E-02
  4.6679E+02  1.7437E-01  8.7898E-02
  4.6709E+02  1.7431E-01  8.7920E-02
  4.6738E+02  1.7424E-01  8.7942E-02
  4.6768E+02  1.7418E-01  8.7965E-02
  4.6798E+02  1.7411E-01  8.7987E-02
  4.6827E+02  1.7404E-01  8.8009E-02
  4.6857E+02  1.7398E-01  8.8031E-02
  4.6886E+02  1.7391E-01  8.8053E-02
  4.6916E+02  1.7384E-01  8.8075E-02
  4.6946E+02  1.7378E-01  8.8097E-02
  4.6975E+02  1.7371E-01  8.8120E-02
  4.7005E+02  1.7364E-01  8.8142E-02
  4.7034E+02  1.7358E-01  8.8164E-02
  4.7064E+02  1.7351E-01  8.8186E-02
  4.7094E+02  1.7345E-01  8.8208E-02
  4.7123E+02  1.7338E-01  8.8229E-02
  4.7153E+02  1.7331E-01  8.8251E-02
  4.7182E+02  1.7325E-01  8.8273E-02
  4.7212E+02  1.7318E-01  8.8295E-02
  4.7242E+02  1.7312E-01  8.8317E-02
  4.7271E+02  1.7305E-01  8.8339E-02
  4.7301E+02  1.7298E-01  8.8361E-02
  4.7330E+02  1.7292E-01  8.8382E-02
  4.7360E+02  1.7285E-01  8.8404E-02
  4.7390E+02  1.7278E-01  8.8426E-02
  4.7419E+02  1.7272E-01  8.8447E-02
  4.7449E+02  1.7265E-01  8.8469E-02
  4.7478E+02  1.7259E-01  8.8491E-02
  4.7508E+02  1.7252E-01  8.8512E-02
  4.7538E+02  1.7245E-01  8.8534E-02
  4.7567E+02  1.7239E-01  8.8556E-02
  4.7597E+02  1.7232E-01  8.8577E-02
  4.7626E+02  1.7226E-01  8.8599E-02
  4.7656E+02  1.7219E-01  8.8620E-02
  4.7686E+02  1.7213E-01  8.8642E-02
  4.7715E+02  1.7206E-01  8.8663E-02
  4.7745E+02  1.7199E-01  8.8684E-02
  4.7774E+02  1.7193E-01  8.8706E-02
  4.7804E+02  1.7186E-01  8.8727E-02
  4.7834E+02  1.7180E-01  8.8749E-02
  4.7863E+02  1.7173E-01  8.8770E-02
  4.7893E+02  1.7166E-01  8.8791E-02
  4.7922E+02  1.7160E-01  8.8812E-02
  4.7952E+02  1.7153E-01  8.8834E-02
  4.7982E+02  1.7147E-01  8.8855E-02
  4.8011E+02  1.7140E-01  8.8876E-02
  4.8041E+02  1.7134E-01  8.8897E-02
  4.8070E+02  1.7127E-01  8.8919E-02
  4.8100E+02  1.7120E-01  8.8940E-02
  4.8130E+02  1.7114E-01  8.8961E-02
  4.8159E+02  1.7107E-01  8.8982E-02
  4.8189E+02  1.7101E-01  8.9003E-02
  4.8218E+02  1.7094E-01  8.9024E-02
  4.8248E+02  1.7088E-01  8.9045E-02
  4.8278E+02  1.7081E-01  8.9066E-02
  4.8307E+02  1.7074E-01  8.9087E-02
  4.8337E+02  1.7068E-01  8.9108E-02
  4.8366E+02  1.7061E-01  8.9129E-02
  4.8396E+02  1.7055E-01  8.9150E-02
  4.8426E+02  1.7048E-01  8.9171E-02
  4.8455E+02  1.7042E-01  8.9191E-02
  4.8485E+02  1.7035E-01  8.9212E-02
  4.8514E+02  1.7029E-01  8.9233E-02
  4.8544E+02  1.7022E-01  8.9254E-02
  4.8574E+02  1.7016E-01  8.9275E-02
  4.8603E+02  1.7009E-01  8.9295E-02
  4.8633E+02  1.7002E-01  8.9316E-02
  4.8662E+02  1.6996E-01  8.9337E-02
  4.8692E+02  1.6989E-01  8.9357E-02
  4.8722E+02  1.6983E-01  8.9378E-02
  4.8751E+02  1.6976E-01  8.9399E-02
  4.8781E+02  1.6970E-01  8.9419E-02
  4.8810E+02  1.6963E-01  8.9440E-02
  4.8840E+02  1.6957E-01  8.9460E-02
  4.8870E+02  1.6950E-01  8.9481E-02
  4.8899E+02  1.6944E-01  8.9501E-02
  4.8929E+02  1.6937E-01  8.9522E-02
  4.8958E+02  1.6931E-01  8.9542E-02
  4.8988E+02  1.6924E-01  8.9563E-02
  4.9018E+02  1.6917E-01  8.9583E-02
  4.9047E+02  1.6911E-01  8.9603E-02
  4.9077E+02  1.6904E-01  8.9624E-02
  4.9106E+02  1.6898E-01  8.9644E-02
  4.9136E+02  1.6891E-01  8.9664E-02
  4.9166E+02  1.6885E-01  8.9684E-02
  4.9195E+02  1.6878E-01  8.9705E-02
  4.9225E+02  1.6872E-01  8.9725E-02
  4.9254E+02  1.6865E-01  8.9745E-02
  4.9284E+02  1.6859E-01  8.9765E-02
  4.9314E+02  1.6852E-01  8.9785E-02
  4.9343E+02  1.6846E-01  8.9806E-02
  4.9373E+02  1.6839E-01  8.9826E-02
  4.9402E+02  1.6833E-01  8.9846E-02
  4.9432E+02  1.6826E-01  8.9866E-02
  4.9462E+02  1.6820E-01  8.9886E-02
  4.9491E+02  1.6813E-01  8.9906E-02
  4.9521E+02  1.6807E-01  8.9926E-02
  4.9550E+02  1.6800E-01  8.9946E-02
  4.9580E+02  1.6794E-01  8.9966E-02
  4.9610E+02  1.6787E-01  8.9986E-02
  4.9639E+02  1.6781E-01  9.0005E-02
  4.9669E+02  1.6774E-01  9.0025E-02
  4.9698E+02  1.6768E-01  9.0045E-02
  4.9728E+02  1.6761E-01  9.0065E-02
  4.9758E+02  1.6755E-01  9.0085E-02
  4.9787E+02  1.6748E-01  9.0105E-02
  4.9817E+02  1.6742E-01  9.0124E-02
  4.9846E+02  1.6735E-01  9.0144E-02
  4.9876E+02  1.6729E-01  9.0164E-02
  4.9906E+02  1.6722E-01  9.0183E-02
  4.9935E+02  1.6716E-01  9.0203E-02
  4.9965E+02  1.6709E-01  9.0223E-02
  4.9994E+02  1.6703E-01  9.0242E-02
  5.0000E+02  1.6702E-01  9.0246E-02
