# CREATED BY GENE DIAGNOSTICS TOOL on Mon Jun 25 12:33:07 2018
# diag: GAMDIAG, run(s): 0010, time window: 0-500(1535 steps), species: ions
# original data path: /r/c/cmor/ZF_3rd/w7xhms05/1.5047-2.5/
# normalization: L_ref=5.4832m
#
# xind= 0, x/a= 0.70710677, q= 1.1018624
# Fit:    0.99999999,-0.01426345,8.61172
# Analytic (Gao, Zhou/Yu): 0.32199362,-0.053958464,8.6127671
#  t          Re[phi]     Im[phi]   
  0.0000E+00  9.9997E-01  0.0000E+00
  3.2600E-01  9.9462E-01  7.5349E-04
  6.5200E-01  9.7975E-01  1.4905E-03
  9.7800E-01  9.5790E-01  2.2160E-03
  1.3040E+00  9.3166E-01  2.9322E-03
  1.6300E+00  9.0325E-01  3.6462E-03
  1.9560E+00  8.7432E-01  4.3627E-03
  2.2820E+00  8.4601E-01  5.0743E-03
  2.6080E+00  8.1899E-01  5.7629E-03
  2.9340E+00  7.9366E-01  6.4065E-03
  3.2600E+00  7.7016E-01  6.9854E-03
  3.5860E+00  7.4850E-01  7.4860E-03
  3.9120E+00  7.2857E-01  7.9020E-03
  4.2380E+00  7.1022E-01  8.2340E-03
  4.5640E+00  6.9328E-01  8.4880E-03
  4.8900E+00  6.7759E-01  8.6743E-03
  5.2160E+00  6.6303E-01  8.8060E-03
  5.5420E+00  6.4948E-01  8.8980E-03
  5.8680E+00  6.3683E-01  8.9650E-03
  6.1940E+00  6.2503E-01  9.0213E-03
  6.5200E+00  6.1399E-01  9.0800E-03
  6.8460E+00  6.0364E-01  9.1494E-03
  7.1720E+00  5.9394E-01  9.2382E-03
  7.4980E+00  5.8482E-01  9.3505E-03
  7.8240E+00  5.7620E-01  9.4838E-03
  8.1500E+00  5.6804E-01  9.6415E-03
  8.4760E+00  5.6027E-01  9.8214E-03
  8.8020E+00  5.5285E-01  1.0014E-02
  9.1280E+00  5.4574E-01  1.0217E-02
  9.4540E+00  5.3889E-01  1.0426E-02
  9.7800E+00  5.3227E-01  1.0637E-02
  1.0106E+01  5.2587E-01  1.0847E-02
  1.0432E+01  5.1967E-01  1.1049E-02
  1.0758E+01  5.1365E-01  1.1236E-02
  1.1084E+01  5.0780E-01  1.1404E-02
  1.1410E+01  5.0210E-01  1.1552E-02
  1.1736E+01  4.9657E-01  1.1675E-02
  1.2062E+01  4.9121E-01  1.1767E-02
  1.2388E+01  4.8601E-01  1.1829E-02
  1.2714E+01  4.8095E-01  1.1863E-02
  1.3040E+01  4.7601E-01  1.1874E-02
  1.3366E+01  4.7121E-01  1.1862E-02
  1.3692E+01  4.6657E-01  1.1831E-02
  1.4018E+01  4.6208E-01  1.1780E-02
  1.4344E+01  4.5773E-01  1.1706E-02
  1.4670E+01  4.5350E-01  1.1611E-02
  1.4996E+01  4.4941E-01  1.1498E-02
  1.5322E+01  4.4546E-01  1.1374E-02
  1.5648E+01  4.4163E-01  1.1243E-02
  1.5974E+01  4.3790E-01  1.1109E-02
  1.6300E+01  4.3425E-01  1.0971E-02
  1.6626E+01  4.3066E-01  1.0829E-02
  1.6952E+01  4.2713E-01  1.0682E-02
  1.7278E+01  4.2368E-01  1.0531E-02
  1.7604E+01  4.2032E-01  1.0382E-02
  1.7930E+01  4.1708E-01  1.0239E-02
  1.8256E+01  4.1398E-01  1.0101E-02
  1.8582E+01  4.1104E-01  9.9626E-03
  1.8908E+01  4.0828E-01  9.8245E-03
  1.9234E+01  4.0570E-01  9.6940E-03
  1.9560E+01  4.0334E-01  9.5834E-03
  1.9886E+01  4.0116E-01  9.5003E-03
  2.0212E+01  3.9913E-01  9.4426E-03
  2.0538E+01  3.9723E-01  9.4001E-03
  2.0864E+01  3.9543E-01  9.3617E-03
  2.1190E+01  3.9374E-01  9.3223E-03
  2.1516E+01  3.9220E-01  9.2866E-03
  2.1842E+01  3.9085E-01  9.2665E-03
  2.2168E+01  3.8971E-01  9.2746E-03
  2.2494E+01  3.8877E-01  9.3175E-03
  2.2820E+01  3.8798E-01  9.3912E-03
  2.3146E+01  3.8728E-01  9.4822E-03
  2.3472E+01  3.8663E-01  9.5782E-03
  2.3798E+01  3.8606E-01  9.6760E-03
  2.4124E+01  3.8561E-01  9.7834E-03
  2.4450E+01  3.8539E-01  9.9168E-03
  2.4776E+01  3.8545E-01  1.0097E-02
  2.5102E+01  3.8580E-01  1.0336E-02
  2.5428E+01  3.8637E-01  1.0629E-02
  2.5754E+01  3.8700E-01  1.0950E-02
  2.6080E+01  3.8755E-01  1.1266E-02
  2.6406E+01  3.8787E-01  1.1549E-02
  2.6732E+01  3.8792E-01  1.1782E-02
  2.7058E+01  3.8774E-01  1.1966E-02
  2.7384E+01  3.8745E-01  1.2123E-02
  2.7710E+01  3.8724E-01  1.2292E-02
  2.8036E+01  3.8729E-01  1.2515E-02
  2.8362E+01  3.8772E-01  1.2814E-02
  2.8688E+01  3.8856E-01  1.3186E-02
  2.9014E+01  3.8973E-01  1.3611E-02
  2.9340E+01  3.9113E-01  1.4060E-02
  2.9666E+01  3.9262E-01  1.4502E-02
  2.9992E+01  3.9405E-01  1.4913E-02
  3.0318E+01  3.9532E-01  1.5277E-02
  3.0644E+01  3.9637E-01  1.5591E-02
  3.0970E+01  3.9720E-01  1.5869E-02
  3.1296E+01  3.9791E-01  1.6131E-02
  3.1622E+01  3.9857E-01  1.6397E-02
  3.1948E+01  3.9928E-01  1.6679E-02
  3.2274E+01  4.0008E-01  1.6979E-02
  3.2600E+01  4.0101E-01  1.7298E-02
  3.2926E+01  4.0209E-01  1.7635E-02
  3.3252E+01  4.0332E-01  1.7988E-02
  3.3578E+01  4.0467E-01  1.8345E-02
  3.3904E+01  4.0606E-01  1.8691E-02
  3.4230E+01  4.0739E-01  1.9007E-02
  3.4556E+01  4.0860E-01  1.9279E-02
  3.4882E+01  4.0965E-01  1.9502E-02
  3.5208E+01  4.1056E-01  1.9686E-02
  3.5534E+01  4.1143E-01  1.9851E-02
  3.5860E+01  4.1235E-01  2.0024E-02
  3.6186E+01  4.1342E-01  2.0226E-02
  3.6512E+01  4.1467E-01  2.0472E-02
  3.6838E+01  4.1612E-01  2.0765E-02
  3.7164E+01  4.1773E-01  2.1100E-02
  3.7490E+01  4.1945E-01  2.1467E-02
  3.7816E+01  4.2125E-01  2.1851E-02
  3.8142E+01  4.2306E-01  2.2238E-02
  3.8468E+01  4.2484E-01  2.2612E-02
  3.8794E+01  4.2649E-01  2.2959E-02
  3.9120E+01  4.2794E-01  2.3259E-02
  3.9446E+01  4.2908E-01  2.3492E-02
  3.9772E+01  4.2985E-01  2.3644E-02
  4.0098E+01  4.3020E-01  2.3709E-02
  4.0424E+01  4.3015E-01  2.3696E-02
  4.0750E+01  4.2977E-01  2.3627E-02
  4.1076E+01  4.2917E-01  2.3534E-02
  4.1402E+01  4.2849E-01  2.3446E-02
  4.1728E+01  4.2784E-01  2.3392E-02
  4.2054E+01  4.2736E-01  2.3389E-02
  4.2380E+01  4.2712E-01  2.3449E-02
  4.2706E+01  4.2717E-01  2.3569E-02
  4.3032E+01  4.2751E-01  2.3739E-02
  4.3358E+01  4.2812E-01  2.3941E-02
  4.3684E+01  4.2894E-01  2.4158E-02
  4.4010E+01  4.2991E-01  2.4376E-02
  4.4336E+01  4.3097E-01  2.4582E-02
  4.4662E+01  4.3206E-01  2.4773E-02
  4.4988E+01  4.3314E-01  2.4948E-02
  4.5314E+01  4.3418E-01  2.5107E-02
  4.5640E+01  4.3513E-01  2.5249E-02
  4.5966E+01  4.3595E-01  2.5368E-02
  4.6292E+01  4.3660E-01  2.5458E-02
  4.6618E+01  4.3706E-01  2.5515E-02
  4.6944E+01  4.3732E-01  2.5542E-02
  4.7270E+01  4.3737E-01  2.5542E-02
  4.7596E+01  4.3724E-01  2.5517E-02
  4.7922E+01  4.3696E-01  2.5475E-02
  4.8248E+01  4.3655E-01  2.5422E-02
  4.8574E+01  4.3604E-01  2.5368E-02
  4.8900E+01  4.3546E-01  2.5317E-02
  4.9226E+01  4.3484E-01  2.5272E-02
  4.9552E+01  4.3419E-01  2.5234E-02
  4.9878E+01  4.3353E-01  2.5204E-02
  5.0204E+01  4.3292E-01  2.5190E-02
  5.0530E+01  4.3241E-01  2.5203E-02
  5.0856E+01  4.3203E-01  2.5254E-02
  5.1182E+01  4.3183E-01  2.5353E-02
  5.1508E+01  4.3181E-01  2.5502E-02
  5.1834E+01  4.3196E-01  2.5702E-02
  5.2160E+01  4.3227E-01  2.5945E-02
  5.2486E+01  4.3266E-01  2.6212E-02
  5.2812E+01  4.3309E-01  2.6480E-02
  5.3138E+01  4.3351E-01  2.6722E-02
  5.3464E+01  4.3387E-01  2.6922E-02
  5.3790E+01  4.3418E-01  2.7080E-02
  5.4116E+01  4.3446E-01  2.7208E-02
  5.4442E+01  4.3473E-01  2.7326E-02
  5.4768E+01  4.3504E-01  2.7456E-02
  5.5094E+01  4.3539E-01  2.7610E-02
  5.5420E+01  4.3579E-01  2.7791E-02
  5.5746E+01  4.3622E-01  2.7993E-02
  5.6072E+01  4.3666E-01  2.8207E-02
  5.6398E+01  4.3706E-01  2.8428E-02
  5.6724E+01  4.3741E-01  2.8653E-02
  5.7050E+01  4.3768E-01  2.8885E-02
  5.7376E+01  4.3785E-01  2.9121E-02
  5.7702E+01  4.3791E-01  2.9363E-02
  5.8028E+01  4.3785E-01  2.9609E-02
  5.8354E+01  4.3765E-01  2.9857E-02
  5.8680E+01  4.3734E-01  3.0104E-02
  5.9006E+01  4.3690E-01  3.0347E-02
  5.9332E+01  4.3634E-01  3.0576E-02
  5.9658E+01  4.3566E-01  3.0783E-02
  5.9984E+01  4.3487E-01  3.0958E-02
  6.0310E+01  4.3397E-01  3.1093E-02
  6.0636E+01  4.3298E-01  3.1184E-02
  6.0962E+01  4.3191E-01  3.1238E-02
  6.1288E+01  4.3082E-01  3.1265E-02
  6.1614E+01  4.2973E-01  3.1277E-02
  6.1940E+01  4.2868E-01  3.1287E-02
  6.2266E+01  4.2770E-01  3.1302E-02
  6.2592E+01  4.2681E-01  3.1326E-02
  6.2918E+01  4.2601E-01  3.1357E-02
  6.3244E+01  4.2532E-01  3.1394E-02
  6.3570E+01  4.2473E-01  3.1438E-02
  6.3896E+01  4.2425E-01  3.1491E-02
  6.4222E+01  4.2387E-01  3.1555E-02
  6.4548E+01  4.2359E-01  3.1633E-02
  6.4874E+01  4.2339E-01  3.1725E-02
  6.5200E+01  4.2327E-01  3.1837E-02
  6.5526E+01  4.2322E-01  3.1973E-02
  6.5852E+01  4.2323E-01  3.2135E-02
  6.6178E+01  4.2330E-01  3.2321E-02
  6.6504E+01  4.2341E-01  3.2524E-02
  6.6830E+01  4.2354E-01  3.2735E-02
  6.7156E+01  4.2369E-01  3.2948E-02
  6.7482E+01  4.2385E-01  3.3161E-02
  6.7808E+01  4.2401E-01  3.3374E-02
  6.8134E+01  4.2417E-01  3.3590E-02
  6.8460E+01  4.2432E-01  3.3811E-02
  6.8786E+01  4.2447E-01  3.4037E-02
  6.9112E+01  4.2460E-01  3.4266E-02
  6.9438E+01  4.2470E-01  3.4495E-02
  6.9764E+01  4.2479E-01  3.4717E-02
  7.0090E+01  4.2484E-01  3.4928E-02
  7.0416E+01  4.2487E-01  3.5127E-02
  7.0742E+01  4.2486E-01  3.5313E-02
  7.1068E+01  4.2483E-01  3.5487E-02
  7.1394E+01  4.2477E-01  3.5649E-02
  7.1720E+01  4.2468E-01  3.5801E-02
  7.2046E+01  4.2457E-01  3.5946E-02
  7.2372E+01  4.2443E-01  3.6089E-02
  7.2698E+01  4.2429E-01  3.6236E-02
  7.3024E+01  4.2413E-01  3.6391E-02
  7.3350E+01  4.2398E-01  3.6551E-02
  7.3676E+01  4.2382E-01  3.6712E-02
  7.4002E+01  4.2364E-01  3.6868E-02
  7.4328E+01  4.2346E-01  3.7015E-02
  7.4654E+01  4.2326E-01  3.7150E-02
  7.4980E+01  4.2306E-01  3.7275E-02
  7.5306E+01  4.2285E-01  3.7396E-02
  7.5632E+01  4.2266E-01  3.7521E-02
  7.5958E+01  4.2248E-01  3.7660E-02
  7.6284E+01  4.2233E-01  3.7819E-02
  7.6610E+01  4.2223E-01  3.8003E-02
  7.6936E+01  4.2216E-01  3.8214E-02
  7.7262E+01  4.2214E-01  3.8452E-02
  7.7588E+01  4.2215E-01  3.8711E-02
  7.7914E+01  4.2219E-01  3.8986E-02
  7.8240E+01  4.2224E-01  3.9266E-02
  7.8566E+01  4.2227E-01  3.9543E-02
  7.8892E+01  4.2227E-01  3.9805E-02
  7.9218E+01  4.2221E-01  4.0040E-02
  7.9544E+01  4.2208E-01  4.0238E-02
  7.9870E+01  4.2186E-01  4.0393E-02
  8.0196E+01  4.2156E-01  4.0503E-02
  8.0522E+01  4.2119E-01  4.0576E-02
  8.0848E+01  4.2078E-01  4.0627E-02
  8.1174E+01  4.2037E-01  4.0675E-02
  8.1500E+01  4.1998E-01  4.0735E-02
  8.1826E+01  4.1965E-01  4.0821E-02
  8.2152E+01  4.1938E-01  4.0940E-02
  8.2478E+01  4.1920E-01  4.1091E-02
  8.2804E+01  4.1909E-01  4.1271E-02
  8.3130E+01  4.1905E-01  4.1471E-02
  8.3456E+01  4.1905E-01  4.1681E-02
  8.3782E+01  4.1906E-01  4.1891E-02
  8.4108E+01  4.1908E-01  4.2093E-02
  8.4434E+01  4.1908E-01  4.2283E-02
  8.4760E+01  4.1905E-01  4.2458E-02
  8.5086E+01  4.1899E-01  4.2620E-02
  8.5412E+01  4.1889E-01  4.2770E-02
  8.5738E+01  4.1877E-01  4.2911E-02
  8.6064E+01  4.1864E-01  4.3044E-02
  8.6390E+01  4.1849E-01  4.3175E-02
  8.6716E+01  4.1834E-01  4.3308E-02
  8.7042E+01  4.1820E-01  4.3449E-02
  8.7368E+01  4.1809E-01  4.3601E-02
  8.7694E+01  4.1799E-01  4.3768E-02
  8.8020E+01  4.1793E-01  4.3947E-02
  8.8346E+01  4.1789E-01  4.4139E-02
  8.8672E+01  4.1788E-01  4.4340E-02
  8.8998E+01  4.1788E-01  4.4548E-02
  8.9324E+01  4.1791E-01  4.4759E-02
  8.9650E+01  4.1793E-01  4.4968E-02
  8.9976E+01  4.1796E-01  4.5169E-02
  9.0302E+01  4.1799E-01  4.5359E-02
  9.0628E+01  4.1801E-01  4.5536E-02
  9.0954E+01  4.1802E-01  4.5701E-02
  9.1280E+01  4.1803E-01  4.5859E-02
  9.1606E+01  4.1804E-01  4.6016E-02
  9.1932E+01  4.1806E-01  4.6177E-02
  9.2258E+01  4.1808E-01  4.6344E-02
  9.2584E+01  4.1811E-01  4.6517E-02
  9.2910E+01  4.1814E-01  4.6695E-02
  9.3236E+01  4.1817E-01  4.6876E-02
  9.3562E+01  4.1820E-01  4.7059E-02
  9.3888E+01  4.1822E-01  4.7241E-02
  9.4214E+01  4.1824E-01  4.7421E-02
  9.4540E+01  4.1824E-01  4.7597E-02
  9.4866E+01  4.1823E-01  4.7766E-02
  9.5192E+01  4.1820E-01  4.7926E-02
  9.5518E+01  4.1815E-01  4.8075E-02
  9.5844E+01  4.1807E-01  4.8213E-02
  9.6170E+01  4.1798E-01  4.8340E-02
  9.6496E+01  4.1787E-01  4.8461E-02
  9.6822E+01  4.1775E-01  4.8576E-02
  9.7148E+01  4.1762E-01  4.8690E-02
  9.7474E+01  4.1749E-01  4.8805E-02
  9.7800E+01  4.1738E-01  4.8922E-02
  9.8126E+01  4.1728E-01  4.9044E-02
  9.8452E+01  4.1719E-01  4.9174E-02
  9.8778E+01  4.1714E-01  4.9313E-02
  9.9104E+01  4.1710E-01  4.9464E-02
  9.9430E+01  4.1709E-01  4.9626E-02
  9.9756E+01  4.1711E-01  4.9799E-02
  1.0008E+02  4.1714E-01  4.9982E-02
  1.0041E+02  4.1719E-01  5.0171E-02
  1.0073E+02  4.1725E-01  5.0363E-02
  1.0106E+02  4.1732E-01  5.0555E-02
  1.0139E+02  4.1739E-01  5.0742E-02
  1.0171E+02  4.1745E-01  5.0924E-02
  1.0204E+02  4.1750E-01  5.1098E-02
  1.0236E+02  4.1754E-01  5.1262E-02
  1.0269E+02  4.1757E-01  5.1415E-02
  1.0302E+02  4.1757E-01  5.1558E-02
  1.0334E+02  4.1755E-01  5.1691E-02
  1.0367E+02  4.1752E-01  5.1814E-02
  1.0399E+02  4.1747E-01  5.1930E-02
  1.0432E+02  4.1740E-01  5.2042E-02
  1.0465E+02  4.1732E-01  5.2153E-02
  1.0497E+02  4.1724E-01  5.2265E-02
  1.0530E+02  4.1714E-01  5.2378E-02
  1.0562E+02  4.1704E-01  5.2491E-02
  1.0595E+02  4.1692E-01  5.2602E-02
  1.0628E+02  4.1679E-01  5.2705E-02
  1.0660E+02  4.1666E-01  5.2800E-02
  1.0693E+02  4.1652E-01  5.2887E-02
  1.0725E+02  4.1637E-01  5.2971E-02
  1.0758E+02  4.1624E-01  5.3060E-02
  1.0791E+02  4.1611E-01  5.3160E-02
  1.0823E+02  4.1600E-01  5.3276E-02
  1.0856E+02  4.1590E-01  5.3407E-02
  1.0888E+02  4.1582E-01  5.3551E-02
  1.0921E+02  4.1575E-01  5.3705E-02
  1.0954E+02  4.1569E-01  5.3863E-02
  1.0986E+02  4.1562E-01  5.4021E-02
  1.1019E+02  4.1556E-01  5.4177E-02
  1.1051E+02  4.1548E-01  5.4329E-02
  1.1084E+02  4.1540E-01  5.4476E-02
  1.1117E+02  4.1530E-01  5.4618E-02
  1.1149E+02  4.1519E-01  5.4759E-02
  1.1182E+02  4.1507E-01  5.4901E-02
  1.1214E+02  4.1495E-01  5.5046E-02
  1.1247E+02  4.1483E-01  5.5197E-02
  1.1280E+02  4.1471E-01  5.5354E-02
  1.1312E+02  4.1459E-01  5.5515E-02
  1.1345E+02  4.1447E-01  5.5680E-02
  1.1377E+02  4.1436E-01  5.5845E-02
  1.1410E+02  4.1425E-01  5.6011E-02
  1.1443E+02  4.1414E-01  5.6175E-02
  1.1475E+02  4.1403E-01  5.6339E-02
  1.1508E+02  4.1392E-01  5.6502E-02
  1.1540E+02  4.1381E-01  5.6667E-02
  1.1573E+02  4.1369E-01  5.6834E-02
  1.1606E+02  4.1358E-01  5.7004E-02
  1.1638E+02  4.1346E-01  5.7180E-02
  1.1671E+02  4.1333E-01  5.7360E-02
  1.1703E+02  4.1321E-01  5.7545E-02
  1.1736E+02  4.1308E-01  5.7735E-02
  1.1769E+02  4.1295E-01  5.7925E-02
  1.1801E+02  4.1281E-01  5.8113E-02
  1.1834E+02  4.1266E-01  5.8295E-02
  1.1866E+02  4.1249E-01  5.8466E-02
  1.1899E+02  4.1231E-01  5.8624E-02
  1.1932E+02  4.1211E-01  5.8767E-02
  1.1964E+02  4.1189E-01  5.8895E-02
  1.1997E+02  4.1166E-01  5.9008E-02
  1.2029E+02  4.1141E-01  5.9108E-02
  1.2062E+02  4.1115E-01  5.9196E-02
  1.2095E+02  4.1088E-01  5.9275E-02
  1.2127E+02  4.1061E-01  5.9348E-02
  1.2160E+02  4.1034E-01  5.9418E-02
  1.2192E+02  4.1008E-01  5.9490E-02
  1.2225E+02  4.0983E-01  5.9568E-02
  1.2258E+02  4.0960E-01  5.9654E-02
  1.2290E+02  4.0939E-01  5.9749E-02
  1.2323E+02  4.0919E-01  5.9853E-02
  1.2355E+02  4.0901E-01  5.9964E-02
  1.2388E+02  4.0884E-01  6.0081E-02
  1.2421E+02  4.0868E-01  6.0202E-02
  1.2453E+02  4.0853E-01  6.0325E-02
  1.2486E+02  4.0838E-01  6.0450E-02
  1.2518E+02  4.0823E-01  6.0575E-02
  1.2551E+02  4.0808E-01  6.0700E-02
  1.2584E+02  4.0793E-01  6.0825E-02
  1.2616E+02  4.0777E-01  6.0951E-02
  1.2649E+02  4.0761E-01  6.1078E-02
  1.2681E+02  4.0745E-01  6.1207E-02
  1.2714E+02  4.0729E-01  6.1338E-02
  1.2747E+02  4.0713E-01  6.1471E-02
  1.2779E+02  4.0697E-01  6.1608E-02
  1.2812E+02  4.0682E-01  6.1749E-02
  1.2844E+02  4.0667E-01  6.1894E-02
  1.2877E+02  4.0652E-01  6.2043E-02
  1.2910E+02  4.0638E-01  6.2195E-02
  1.2942E+02  4.0623E-01  6.2348E-02
  1.2975E+02  4.0609E-01  6.2500E-02
  1.3007E+02  4.0594E-01  6.2651E-02
  1.3040E+02  4.0579E-01  6.2798E-02
  1.3073E+02  4.0563E-01  6.2942E-02
  1.3105E+02  4.0548E-01  6.3084E-02
  1.3138E+02  4.0532E-01  6.3223E-02
  1.3170E+02  4.0516E-01  6.3361E-02
  1.3203E+02  4.0499E-01  6.3497E-02
  1.3236E+02  4.0482E-01  6.3631E-02
  1.3268E+02  4.0465E-01  6.3763E-02
  1.3301E+02  4.0448E-01  6.3891E-02
  1.3333E+02  4.0431E-01  6.4015E-02
  1.3366E+02  4.0413E-01  6.4137E-02
  1.3399E+02  4.0395E-01  6.4257E-02
  1.3431E+02  4.0378E-01  6.4377E-02
  1.3464E+02  4.0361E-01  6.4499E-02
  1.3496E+02  4.0345E-01  6.4626E-02
  1.3529E+02  4.0330E-01  6.4756E-02
  1.3562E+02  4.0315E-01  6.4891E-02
  1.3594E+02  4.0301E-01  6.5028E-02
  1.3627E+02  4.0287E-01  6.5167E-02
  1.3659E+02  4.0274E-01  6.5304E-02
  1.3692E+02  4.0261E-01  6.5440E-02
  1.3725E+02  4.0248E-01  6.5573E-02
  1.3757E+02  4.0236E-01  6.5703E-02
  1.3790E+02  4.0223E-01  6.5830E-02
  1.3822E+02  4.0211E-01  6.5955E-02
  1.3855E+02  4.0198E-01  6.6079E-02
  1.3888E+02  4.0186E-01  6.6204E-02
  1.3920E+02  4.0173E-01  6.6330E-02
  1.3953E+02  4.0161E-01  6.6457E-02
  1.3985E+02  4.0150E-01  6.6586E-02
  1.4018E+02  4.0138E-01  6.6717E-02
  1.4051E+02  4.0127E-01  6.6849E-02
  1.4083E+02  4.0115E-01  6.6982E-02
  1.4116E+02  4.0104E-01  6.7115E-02
  1.4148E+02  4.0092E-01  6.7247E-02
  1.4181E+02  4.0080E-01  6.7379E-02
  1.4214E+02  4.0068E-01  6.7508E-02
  1.4246E+02  4.0056E-01  6.7637E-02
  1.4279E+02  4.0044E-01  6.7764E-02
  1.4311E+02  4.0031E-01  6.7892E-02
  1.4344E+02  4.0019E-01  6.8019E-02
  1.4377E+02  4.0006E-01  6.8147E-02
  1.4409E+02  3.9993E-01  6.8275E-02
  1.4442E+02  3.9980E-01  6.8404E-02
  1.4474E+02  3.9967E-01  6.8532E-02
  1.4507E+02  3.9954E-01  6.8659E-02
  1.4540E+02  3.9941E-01  6.8785E-02
  1.4572E+02  3.9928E-01  6.8911E-02
  1.4605E+02  3.9915E-01  6.9038E-02
  1.4637E+02  3.9902E-01  6.9166E-02
  1.4670E+02  3.9890E-01  6.9295E-02
  1.4703E+02  3.9877E-01  6.9427E-02
  1.4735E+02  3.9865E-01  6.9562E-02
  1.4768E+02  3.9853E-01  6.9700E-02
  1.4800E+02  3.9842E-01  6.9841E-02
  1.4833E+02  3.9830E-01  6.9983E-02
  1.4866E+02  3.9819E-01  7.0126E-02
  1.4898E+02  3.9808E-01  7.0268E-02
  1.4931E+02  3.9797E-01  7.0410E-02
  1.4963E+02  3.9785E-01  7.0548E-02
  1.4996E+02  3.9773E-01  7.0683E-02
  1.5029E+02  3.9761E-01  7.0814E-02
  1.5061E+02  3.9749E-01  7.0940E-02
  1.5094E+02  3.9736E-01  7.1064E-02
  1.5126E+02  3.9723E-01  7.1185E-02
  1.5159E+02  3.9710E-01  7.1306E-02
  1.5192E+02  3.9696E-01  7.1426E-02
  1.5224E+02  3.9682E-01  7.1548E-02
  1.5257E+02  3.9669E-01  7.1672E-02
  1.5289E+02  3.9655E-01  7.1796E-02
  1.5322E+02  3.9641E-01  7.1921E-02
  1.5355E+02  3.9628E-01  7.2046E-02
  1.5387E+02  3.9614E-01  7.2172E-02
  1.5420E+02  3.9601E-01  7.2297E-02
  1.5452E+02  3.9587E-01  7.2423E-02
  1.5485E+02  3.9574E-01  7.2548E-02
  1.5518E+02  3.9561E-01  7.2674E-02
  1.5550E+02  3.9548E-01  7.2801E-02
  1.5583E+02  3.9535E-01  7.2927E-02
  1.5615E+02  3.9522E-01  7.3053E-02
  1.5648E+02  3.9509E-01  7.3179E-02
  1.5681E+02  3.9496E-01  7.3305E-02
  1.5713E+02  3.9483E-01  7.3432E-02
  1.5746E+02  3.9470E-01  7.3560E-02
  1.5778E+02  3.9458E-01  7.3688E-02
  1.5811E+02  3.9445E-01  7.3817E-02
  1.5844E+02  3.9433E-01  7.3945E-02
  1.5876E+02  3.9420E-01  7.4071E-02
  1.5909E+02  3.9407E-01  7.4196E-02
  1.5941E+02  3.9394E-01  7.4318E-02
  1.5974E+02  3.9381E-01  7.4436E-02
  1.6007E+02  3.9368E-01  7.4552E-02
  1.6039E+02  3.9354E-01  7.4665E-02
  1.6072E+02  3.9341E-01  7.4777E-02
  1.6104E+02  3.9327E-01  7.4888E-02
  1.6137E+02  3.9313E-01  7.5000E-02
  1.6170E+02  3.9300E-01  7.5114E-02
  1.6202E+02  3.9286E-01  7.5230E-02
  1.6235E+02  3.9273E-01  7.5348E-02
  1.6267E+02  3.9259E-01  7.5469E-02
  1.6300E+02  3.9246E-01  7.5590E-02
  1.6333E+02  3.9233E-01  7.5711E-02
  1.6365E+02  3.9219E-01  7.5832E-02
  1.6398E+02  3.9206E-01  7.5953E-02
  1.6430E+02  3.9192E-01  7.6073E-02
  1.6463E+02  3.9178E-01  7.6192E-02
  1.6496E+02  3.9164E-01  7.6310E-02
  1.6528E+02  3.9150E-01  7.6428E-02
  1.6561E+02  3.9136E-01  7.6546E-02
  1.6593E+02  3.9122E-01  7.6664E-02
  1.6626E+02  3.9107E-01  7.6782E-02
  1.6659E+02  3.9093E-01  7.6901E-02
  1.6691E+02  3.9079E-01  7.7021E-02
  1.6724E+02  3.9065E-01  7.7143E-02
  1.6756E+02  3.9051E-01  7.7267E-02
  1.6789E+02  3.9037E-01  7.7392E-02
  1.6822E+02  3.9023E-01  7.7519E-02
  1.6854E+02  3.9009E-01  7.7646E-02
  1.6887E+02  3.8995E-01  7.7773E-02
  1.6919E+02  3.8980E-01  7.7901E-02
  1.6952E+02  3.8966E-01  7.8028E-02
  1.6985E+02  3.8952E-01  7.8154E-02
  1.7017E+02  3.8938E-01  7.8280E-02
  1.7050E+02  3.8924E-01  7.8404E-02
  1.7082E+02  3.8910E-01  7.8529E-02
  1.7115E+02  3.8895E-01  7.8652E-02
  1.7148E+02  3.8881E-01  7.8774E-02
  1.7180E+02  3.8867E-01  7.8896E-02
  1.7213E+02  3.8852E-01  7.9016E-02
  1.7245E+02  3.8838E-01  7.9136E-02
  1.7278E+02  3.8824E-01  7.9255E-02
  1.7311E+02  3.8809E-01  7.9374E-02
  1.7343E+02  3.8795E-01  7.9492E-02
  1.7376E+02  3.8780E-01  7.9610E-02
  1.7408E+02  3.8766E-01  7.9727E-02
  1.7441E+02  3.8752E-01  7.9845E-02
  1.7474E+02  3.8738E-01  7.9963E-02
  1.7506E+02  3.8724E-01  8.0082E-02
  1.7539E+02  3.8710E-01  8.0202E-02
  1.7571E+02  3.8696E-01  8.0323E-02
  1.7604E+02  3.8682E-01  8.0444E-02
  1.7637E+02  3.8668E-01  8.0566E-02
  1.7669E+02  3.8654E-01  8.0688E-02
  1.7702E+02  3.8641E-01  8.0809E-02
  1.7734E+02  3.8627E-01  8.0930E-02
  1.7767E+02  3.8613E-01  8.1051E-02
  1.7800E+02  3.8599E-01  8.1171E-02
  1.7832E+02  3.8585E-01  8.1290E-02
  1.7865E+02  3.8572E-01  8.1409E-02
  1.7897E+02  3.8558E-01  8.1528E-02
  1.7930E+02  3.8543E-01  8.1646E-02
  1.7963E+02  3.8529E-01  8.1762E-02
  1.7995E+02  3.8515E-01  8.1877E-02
  1.8028E+02  3.8501E-01  8.1991E-02
  1.8060E+02  3.8486E-01  8.2104E-02
  1.8093E+02  3.8472E-01  8.2215E-02
  1.8126E+02  3.8458E-01  8.2326E-02
  1.8158E+02  3.8444E-01  8.2438E-02
  1.8191E+02  3.8430E-01  8.2550E-02
  1.8223E+02  3.8416E-01  8.2663E-02
  1.8256E+02  3.8402E-01  8.2778E-02
  1.8289E+02  3.8388E-01  8.2895E-02
  1.8321E+02  3.8374E-01  8.3013E-02
  1.8354E+02  3.8360E-01  8.3132E-02
  1.8386E+02  3.8347E-01  8.3252E-02
  1.8419E+02  3.8333E-01  8.3372E-02
  1.8452E+02  3.8320E-01  8.3493E-02
  1.8484E+02  3.8306E-01  8.3614E-02
  1.8517E+02  3.8293E-01  8.3734E-02
  1.8549E+02  3.8279E-01  8.3854E-02
  1.8582E+02  3.8265E-01  8.3973E-02
  1.8615E+02  3.8252E-01  8.4092E-02
  1.8647E+02  3.8238E-01  8.4210E-02
  1.8680E+02  3.8224E-01  8.4328E-02
  1.8712E+02  3.8210E-01  8.4446E-02
  1.8745E+02  3.8197E-01  8.4564E-02
  1.8778E+02  3.8183E-01  8.4682E-02
  1.8810E+02  3.8169E-01  8.4801E-02
  1.8843E+02  3.8155E-01  8.4921E-02
  1.8875E+02  3.8141E-01  8.5040E-02
  1.8908E+02  3.8126E-01  8.5159E-02
  1.8941E+02  3.8112E-01  8.5277E-02
  1.8973E+02  3.8098E-01  8.5393E-02
  1.9006E+02  3.8084E-01  8.5509E-02
  1.9038E+02  3.8070E-01  8.5624E-02
  1.9071E+02  3.8055E-01  8.5737E-02
  1.9104E+02  3.8041E-01  8.5850E-02
  1.9136E+02  3.8027E-01  8.5963E-02
  1.9169E+02  3.8012E-01  8.6075E-02
  1.9201E+02  3.7998E-01  8.6188E-02
  1.9234E+02  3.7983E-01  8.6300E-02
  1.9267E+02  3.7969E-01  8.6413E-02
  1.9299E+02  3.7955E-01  8.6525E-02
  1.9332E+02  3.7940E-01  8.6638E-02
  1.9364E+02  3.7926E-01  8.6751E-02
  1.9397E+02  3.7912E-01  8.6864E-02
  1.9430E+02  3.7899E-01  8.6977E-02
  1.9462E+02  3.7885E-01  8.7090E-02
  1.9495E+02  3.7871E-01  8.7204E-02
  1.9527E+02  3.7857E-01  8.7317E-02
  1.9560E+02  3.7844E-01  8.7431E-02
  1.9593E+02  3.7830E-01  8.7545E-02
  1.9625E+02  3.7817E-01  8.7659E-02
  1.9658E+02  3.7803E-01  8.7773E-02
  1.9690E+02  3.7790E-01  8.7887E-02
  1.9723E+02  3.7777E-01  8.8001E-02
  1.9756E+02  3.7763E-01  8.8115E-02
  1.9788E+02  3.7750E-01  8.8229E-02
  1.9821E+02  3.7737E-01  8.8343E-02
  1.9853E+02  3.7723E-01  8.8456E-02
  1.9886E+02  3.7710E-01  8.8569E-02
  1.9919E+02  3.7697E-01  8.8681E-02
  1.9951E+02  3.7683E-01  8.8793E-02
  1.9984E+02  3.7670E-01  8.8904E-02
  2.0016E+02  3.7657E-01  8.9014E-02
  2.0049E+02  3.7643E-01  8.9124E-02
  2.0082E+02  3.7630E-01  8.9235E-02
  2.0114E+02  3.7617E-01  8.9345E-02
  2.0147E+02  3.7603E-01  8.9456E-02
  2.0179E+02  3.7590E-01  8.9567E-02
  2.0212E+02  3.7576E-01  8.9679E-02
  2.0245E+02  3.7563E-01  8.9791E-02
  2.0277E+02  3.7550E-01  8.9904E-02
  2.0310E+02  3.7537E-01  9.0016E-02
  2.0342E+02  3.7523E-01  9.0129E-02
  2.0375E+02  3.7510E-01  9.0242E-02
  2.0408E+02  3.7497E-01  9.0354E-02
  2.0440E+02  3.7484E-01  9.0466E-02
  2.0473E+02  3.7470E-01  9.0578E-02
  2.0505E+02  3.7457E-01  9.0690E-02
  2.0538E+02  3.7444E-01  9.0802E-02
  2.0571E+02  3.7431E-01  9.0913E-02
  2.0603E+02  3.7417E-01  9.1025E-02
  2.0636E+02  3.7404E-01  9.1136E-02
  2.0668E+02  3.7391E-01  9.1247E-02
  2.0701E+02  3.7378E-01  9.1358E-02
  2.0734E+02  3.7364E-01  9.1469E-02
  2.0766E+02  3.7351E-01  9.1579E-02
  2.0799E+02  3.7338E-01  9.1690E-02
  2.0831E+02  3.7324E-01  9.1801E-02
  2.0864E+02  3.7311E-01  9.1912E-02
  2.0897E+02  3.7298E-01  9.2023E-02
  2.0929E+02  3.7284E-01  9.2134E-02
  2.0962E+02  3.7271E-01  9.2245E-02
  2.0994E+02  3.7258E-01  9.2356E-02
  2.1027E+02  3.7245E-01  9.2467E-02
  2.1060E+02  3.7231E-01  9.2577E-02
  2.1092E+02  3.7218E-01  9.2688E-02
  2.1125E+02  3.7205E-01  9.2797E-02
  2.1157E+02  3.7192E-01  9.2907E-02
  2.1190E+02  3.7178E-01  9.3017E-02
  2.1223E+02  3.7165E-01  9.3126E-02
  2.1255E+02  3.7152E-01  9.3236E-02
  2.1288E+02  3.7139E-01  9.3345E-02
  2.1320E+02  3.7126E-01  9.3454E-02
  2.1353E+02  3.7112E-01  9.3563E-02
  2.1386E+02  3.7099E-01  9.3672E-02
  2.1418E+02  3.7086E-01  9.3781E-02
  2.1451E+02  3.7073E-01  9.3890E-02
  2.1483E+02  3.7060E-01  9.3999E-02
  2.1516E+02  3.7046E-01  9.4108E-02
  2.1549E+02  3.7033E-01  9.4217E-02
  2.1581E+02  3.7020E-01  9.4326E-02
  2.1614E+02  3.7007E-01  9.4435E-02
  2.1646E+02  3.6994E-01  9.4544E-02
  2.1679E+02  3.6981E-01  9.4652E-02
  2.1712E+02  3.6968E-01  9.4761E-02
  2.1744E+02  3.6955E-01  9.4869E-02
  2.1777E+02  3.6942E-01  9.4977E-02
  2.1809E+02  3.6928E-01  9.5085E-02
  2.1842E+02  3.6915E-01  9.5193E-02
  2.1875E+02  3.6902E-01  9.5301E-02
  2.1907E+02  3.6889E-01  9.5409E-02
  2.1940E+02  3.6876E-01  9.5517E-02
  2.1972E+02  3.6863E-01  9.5624E-02
  2.2005E+02  3.6849E-01  9.5731E-02
  2.2038E+02  3.6836E-01  9.5838E-02
  2.2070E+02  3.6823E-01  9.5945E-02
  2.2103E+02  3.6810E-01  9.6052E-02
  2.2135E+02  3.6797E-01  9.6159E-02
  2.2168E+02  3.6783E-01  9.6265E-02
  2.2201E+02  3.6770E-01  9.6372E-02
  2.2233E+02  3.6757E-01  9.6478E-02
  2.2266E+02  3.6744E-01  9.6585E-02
  2.2298E+02  3.6731E-01  9.6692E-02
  2.2331E+02  3.6717E-01  9.6798E-02
  2.2364E+02  3.6704E-01  9.6905E-02
  2.2396E+02  3.6691E-01  9.7011E-02
  2.2429E+02  3.6678E-01  9.7117E-02
  2.2461E+02  3.6664E-01  9.7223E-02
  2.2494E+02  3.6651E-01  9.7329E-02
  2.2527E+02  3.6638E-01  9.7435E-02
  2.2559E+02  3.6625E-01  9.7540E-02
  2.2592E+02  3.6612E-01  9.7646E-02
  2.2624E+02  3.6599E-01  9.7751E-02
  2.2657E+02  3.6585E-01  9.7856E-02
  2.2690E+02  3.6572E-01  9.7961E-02
  2.2722E+02  3.6559E-01  9.8066E-02
  2.2755E+02  3.6546E-01  9.8171E-02
  2.2787E+02  3.6533E-01  9.8277E-02
  2.2820E+02  3.6519E-01  9.8382E-02
  2.2853E+02  3.6506E-01  9.8487E-02
  2.2885E+02  3.6493E-01  9.8591E-02
  2.2918E+02  3.6480E-01  9.8696E-02
  2.2950E+02  3.6467E-01  9.8801E-02
  2.2983E+02  3.6453E-01  9.8906E-02
  2.3016E+02  3.6440E-01  9.9010E-02
  2.3048E+02  3.6427E-01  9.9115E-02
  2.3081E+02  3.6414E-01  9.9219E-02
  2.3113E+02  3.6401E-01  9.9324E-02
  2.3146E+02  3.6388E-01  9.9429E-02
  2.3179E+02  3.6375E-01  9.9534E-02
  2.3211E+02  3.6361E-01  9.9638E-02
  2.3244E+02  3.6348E-01  9.9743E-02
  2.3276E+02  3.6335E-01  9.9848E-02
  2.3309E+02  3.6322E-01  9.9953E-02
  2.3342E+02  3.6309E-01  1.0006E-01
  2.3374E+02  3.6296E-01  1.0016E-01
  2.3407E+02  3.6283E-01  1.0027E-01
  2.3439E+02  3.6269E-01  1.0037E-01
  2.3472E+02  3.6256E-01  1.0047E-01
  2.3505E+02  3.6243E-01  1.0058E-01
  2.3537E+02  3.6230E-01  1.0068E-01
  2.3570E+02  3.6217E-01  1.0079E-01
  2.3602E+02  3.6203E-01  1.0089E-01
  2.3635E+02  3.6190E-01  1.0099E-01
  2.3668E+02  3.6177E-01  1.0110E-01
  2.3700E+02  3.6163E-01  1.0120E-01
  2.3733E+02  3.6150E-01  1.0130E-01
  2.3765E+02  3.6137E-01  1.0141E-01
  2.3798E+02  3.6123E-01  1.0151E-01
  2.3831E+02  3.6110E-01  1.0161E-01
  2.3863E+02  3.6097E-01  1.0171E-01
  2.3896E+02  3.6083E-01  1.0182E-01
  2.3928E+02  3.6070E-01  1.0192E-01
  2.3961E+02  3.6056E-01  1.0202E-01
  2.3994E+02  3.6043E-01  1.0212E-01
  2.4026E+02  3.6029E-01  1.0222E-01
  2.4059E+02  3.6016E-01  1.0232E-01
  2.4091E+02  3.6002E-01  1.0242E-01
  2.4124E+02  3.5989E-01  1.0252E-01
  2.4157E+02  3.5975E-01  1.0262E-01
  2.4189E+02  3.5962E-01  1.0272E-01
  2.4222E+02  3.5948E-01  1.0281E-01
  2.4254E+02  3.5935E-01  1.0291E-01
  2.4287E+02  3.5921E-01  1.0301E-01
  2.4320E+02  3.5908E-01  1.0311E-01
  2.4352E+02  3.5894E-01  1.0321E-01
  2.4385E+02  3.5881E-01  1.0331E-01
  2.4417E+02  3.5867E-01  1.0341E-01
  2.4450E+02  3.5854E-01  1.0351E-01
  2.4483E+02  3.5840E-01  1.0361E-01
  2.4515E+02  3.5827E-01  1.0371E-01
  2.4548E+02  3.5813E-01  1.0380E-01
  2.4580E+02  3.5800E-01  1.0390E-01
  2.4613E+02  3.5786E-01  1.0400E-01
  2.4646E+02  3.5773E-01  1.0410E-01
  2.4678E+02  3.5759E-01  1.0420E-01
  2.4711E+02  3.5746E-01  1.0430E-01
  2.4743E+02  3.5732E-01  1.0439E-01
  2.4776E+02  3.5719E-01  1.0449E-01
  2.4809E+02  3.5706E-01  1.0459E-01
  2.4841E+02  3.5692E-01  1.0469E-01
  2.4874E+02  3.5679E-01  1.0478E-01
  2.4906E+02  3.5665E-01  1.0488E-01
  2.4939E+02  3.5652E-01  1.0498E-01
  2.4972E+02  3.5639E-01  1.0508E-01
  2.5004E+02  3.5625E-01  1.0517E-01
  2.5037E+02  3.5612E-01  1.0527E-01
  2.5069E+02  3.5598E-01  1.0537E-01
  2.5102E+02  3.5585E-01  1.0547E-01
  2.5135E+02  3.5572E-01  1.0556E-01
  2.5167E+02  3.5559E-01  1.0566E-01
  2.5200E+02  3.5545E-01  1.0576E-01
  2.5232E+02  3.5532E-01  1.0586E-01
  2.5265E+02  3.5519E-01  1.0595E-01
  2.5298E+02  3.5505E-01  1.0605E-01
  2.5330E+02  3.5492E-01  1.0615E-01
  2.5363E+02  3.5479E-01  1.0624E-01
  2.5395E+02  3.5466E-01  1.0634E-01
  2.5428E+02  3.5452E-01  1.0644E-01
  2.5461E+02  3.5439E-01  1.0653E-01
  2.5493E+02  3.5426E-01  1.0663E-01
  2.5526E+02  3.5413E-01  1.0673E-01
  2.5558E+02  3.5399E-01  1.0682E-01
  2.5591E+02  3.5386E-01  1.0692E-01
  2.5624E+02  3.5373E-01  1.0701E-01
  2.5656E+02  3.5360E-01  1.0711E-01
  2.5689E+02  3.5346E-01  1.0721E-01
  2.5721E+02  3.5333E-01  1.0730E-01
  2.5754E+02  3.5320E-01  1.0740E-01
  2.5787E+02  3.5307E-01  1.0749E-01
  2.5819E+02  3.5294E-01  1.0759E-01
  2.5852E+02  3.5280E-01  1.0769E-01
  2.5884E+02  3.5267E-01  1.0778E-01
  2.5917E+02  3.5254E-01  1.0788E-01
  2.5950E+02  3.5240E-01  1.0797E-01
  2.5982E+02  3.5227E-01  1.0807E-01
  2.6015E+02  3.5214E-01  1.0816E-01
  2.6047E+02  3.5201E-01  1.0826E-01
  2.6080E+02  3.5187E-01  1.0835E-01
  2.6113E+02  3.5174E-01  1.0845E-01
  2.6145E+02  3.5161E-01  1.0854E-01
  2.6178E+02  3.5148E-01  1.0864E-01
  2.6210E+02  3.5134E-01  1.0873E-01
  2.6243E+02  3.5121E-01  1.0883E-01
  2.6276E+02  3.5108E-01  1.0892E-01
  2.6308E+02  3.5094E-01  1.0901E-01
  2.6341E+02  3.5081E-01  1.0911E-01
  2.6373E+02  3.5068E-01  1.0920E-01
  2.6406E+02  3.5055E-01  1.0930E-01
  2.6439E+02  3.5041E-01  1.0939E-01
  2.6471E+02  3.5028E-01  1.0949E-01
  2.6504E+02  3.5015E-01  1.0958E-01
  2.6536E+02  3.5001E-01  1.0967E-01
  2.6569E+02  3.4988E-01  1.0977E-01
  2.6602E+02  3.4975E-01  1.0986E-01
  2.6634E+02  3.4962E-01  1.0995E-01
  2.6667E+02  3.4948E-01  1.1005E-01
  2.6699E+02  3.4935E-01  1.1014E-01
  2.6732E+02  3.4922E-01  1.1023E-01
  2.6765E+02  3.4909E-01  1.1033E-01
  2.6797E+02  3.4895E-01  1.1042E-01
  2.6830E+02  3.4882E-01  1.1051E-01
  2.6862E+02  3.4869E-01  1.1060E-01
  2.6895E+02  3.4856E-01  1.1070E-01
  2.6928E+02  3.4843E-01  1.1079E-01
  2.6960E+02  3.4829E-01  1.1088E-01
  2.6993E+02  3.4816E-01  1.1098E-01
  2.7025E+02  3.4803E-01  1.1107E-01
  2.7058E+02  3.4790E-01  1.1116E-01
  2.7091E+02  3.4777E-01  1.1125E-01
  2.7123E+02  3.4763E-01  1.1135E-01
  2.7156E+02  3.4750E-01  1.1144E-01
  2.7188E+02  3.4737E-01  1.1153E-01
  2.7221E+02  3.4724E-01  1.1162E-01
  2.7254E+02  3.4711E-01  1.1172E-01
  2.7286E+02  3.4697E-01  1.1181E-01
  2.7319E+02  3.4684E-01  1.1190E-01
  2.7351E+02  3.4671E-01  1.1199E-01
  2.7384E+02  3.4658E-01  1.1208E-01
  2.7417E+02  3.4645E-01  1.1218E-01
  2.7449E+02  3.4631E-01  1.1227E-01
  2.7482E+02  3.4618E-01  1.1236E-01
  2.7514E+02  3.4605E-01  1.1245E-01
  2.7547E+02  3.4592E-01  1.1254E-01
  2.7580E+02  3.4579E-01  1.1263E-01
  2.7612E+02  3.4565E-01  1.1272E-01
  2.7645E+02  3.4552E-01  1.1281E-01
  2.7677E+02  3.4539E-01  1.1291E-01
  2.7710E+02  3.4526E-01  1.1300E-01
  2.7743E+02  3.4513E-01  1.1309E-01
  2.7775E+02  3.4499E-01  1.1318E-01
  2.7808E+02  3.4486E-01  1.1327E-01
  2.7840E+02  3.4473E-01  1.1336E-01
  2.7873E+02  3.4460E-01  1.1345E-01
  2.7906E+02  3.4447E-01  1.1354E-01
  2.7938E+02  3.4433E-01  1.1363E-01
  2.7971E+02  3.4420E-01  1.1372E-01
  2.8003E+02  3.4407E-01  1.1381E-01
  2.8036E+02  3.4394E-01  1.1390E-01
  2.8069E+02  3.4381E-01  1.1399E-01
  2.8101E+02  3.4367E-01  1.1408E-01
  2.8134E+02  3.4354E-01  1.1417E-01
  2.8166E+02  3.4341E-01  1.1426E-01
  2.8199E+02  3.4328E-01  1.1435E-01
  2.8232E+02  3.4315E-01  1.1444E-01
  2.8264E+02  3.4301E-01  1.1453E-01
  2.8297E+02  3.4288E-01  1.1462E-01
  2.8329E+02  3.4275E-01  1.1471E-01
  2.8362E+02  3.4262E-01  1.1480E-01
  2.8395E+02  3.4249E-01  1.1489E-01
  2.8427E+02  3.4236E-01  1.1498E-01
  2.8460E+02  3.4222E-01  1.1506E-01
  2.8492E+02  3.4209E-01  1.1515E-01
  2.8525E+02  3.4196E-01  1.1524E-01
  2.8558E+02  3.4183E-01  1.1533E-01
  2.8590E+02  3.4170E-01  1.1542E-01
  2.8623E+02  3.4157E-01  1.1551E-01
  2.8655E+02  3.4143E-01  1.1560E-01
  2.8688E+02  3.4130E-01  1.1568E-01
  2.8721E+02  3.4117E-01  1.1577E-01
  2.8753E+02  3.4104E-01  1.1586E-01
  2.8786E+02  3.4091E-01  1.1595E-01
  2.8818E+02  3.4078E-01  1.1604E-01
  2.8851E+02  3.4065E-01  1.1612E-01
  2.8884E+02  3.4052E-01  1.1621E-01
  2.8916E+02  3.4038E-01  1.1630E-01
  2.8949E+02  3.4025E-01  1.1639E-01
  2.8981E+02  3.4012E-01  1.1648E-01
  2.9014E+02  3.3999E-01  1.1656E-01
  2.9047E+02  3.3986E-01  1.1665E-01
  2.9079E+02  3.3973E-01  1.1674E-01
  2.9112E+02  3.3960E-01  1.1682E-01
  2.9144E+02  3.3946E-01  1.1691E-01
  2.9177E+02  3.3933E-01  1.1700E-01
  2.9210E+02  3.3920E-01  1.1708E-01
  2.9242E+02  3.3907E-01  1.1717E-01
  2.9275E+02  3.3894E-01  1.1726E-01
  2.9307E+02  3.3881E-01  1.1734E-01
  2.9340E+02  3.3868E-01  1.1743E-01
  2.9373E+02  3.3855E-01  1.1752E-01
  2.9405E+02  3.3841E-01  1.1760E-01
  2.9438E+02  3.3828E-01  1.1769E-01
  2.9470E+02  3.3815E-01  1.1778E-01
  2.9503E+02  3.3802E-01  1.1786E-01
  2.9536E+02  3.3789E-01  1.1795E-01
  2.9568E+02  3.3776E-01  1.1803E-01
  2.9601E+02  3.3763E-01  1.1812E-01
  2.9633E+02  3.3749E-01  1.1820E-01
  2.9666E+02  3.3736E-01  1.1829E-01
  2.9699E+02  3.3723E-01  1.1838E-01
  2.9731E+02  3.3710E-01  1.1846E-01
  2.9764E+02  3.3697E-01  1.1855E-01
  2.9796E+02  3.3684E-01  1.1863E-01
  2.9829E+02  3.3671E-01  1.1872E-01
  2.9862E+02  3.3657E-01  1.1880E-01
  2.9894E+02  3.3644E-01  1.1889E-01
  2.9927E+02  3.3631E-01  1.1897E-01
  2.9959E+02  3.3618E-01  1.1906E-01
  2.9992E+02  3.3605E-01  1.1914E-01
  3.0025E+02  3.3592E-01  1.1922E-01
  3.0057E+02  3.3578E-01  1.1931E-01
  3.0090E+02  3.3565E-01  1.1939E-01
  3.0122E+02  3.3552E-01  1.1948E-01
  3.0155E+02  3.3539E-01  1.1956E-01
  3.0188E+02  3.3526E-01  1.1964E-01
  3.0220E+02  3.3513E-01  1.1973E-01
  3.0253E+02  3.3499E-01  1.1981E-01
  3.0285E+02  3.3486E-01  1.1990E-01
  3.0318E+02  3.3473E-01  1.1998E-01
  3.0351E+02  3.3460E-01  1.2006E-01
  3.0383E+02  3.3447E-01  1.2015E-01
  3.0416E+02  3.3434E-01  1.2023E-01
  3.0448E+02  3.3421E-01  1.2031E-01
  3.0481E+02  3.3407E-01  1.2040E-01
  3.0514E+02  3.3394E-01  1.2048E-01
  3.0546E+02  3.3381E-01  1.2056E-01
  3.0579E+02  3.3368E-01  1.2065E-01
  3.0611E+02  3.3355E-01  1.2073E-01
  3.0644E+02  3.3342E-01  1.2081E-01
  3.0677E+02  3.3328E-01  1.2089E-01
  3.0709E+02  3.3315E-01  1.2098E-01
  3.0742E+02  3.3302E-01  1.2106E-01
  3.0774E+02  3.3289E-01  1.2114E-01
  3.0807E+02  3.3276E-01  1.2122E-01
  3.0840E+02  3.3263E-01  1.2130E-01
  3.0872E+02  3.3249E-01  1.2139E-01
  3.0905E+02  3.3236E-01  1.2147E-01
  3.0937E+02  3.3223E-01  1.2155E-01
  3.0970E+02  3.3210E-01  1.2163E-01
  3.1003E+02  3.3197E-01  1.2171E-01
  3.1035E+02  3.3184E-01  1.2179E-01
  3.1068E+02  3.3170E-01  1.2187E-01
  3.1100E+02  3.3157E-01  1.2196E-01
  3.1133E+02  3.3144E-01  1.2204E-01
  3.1166E+02  3.3131E-01  1.2212E-01
  3.1198E+02  3.3118E-01  1.2220E-01
  3.1231E+02  3.3105E-01  1.2228E-01
  3.1263E+02  3.3091E-01  1.2236E-01
  3.1296E+02  3.3078E-01  1.2244E-01
  3.1329E+02  3.3065E-01  1.2252E-01
  3.1361E+02  3.3052E-01  1.2260E-01
  3.1394E+02  3.3039E-01  1.2268E-01
  3.1426E+02  3.3025E-01  1.2276E-01
  3.1459E+02  3.3012E-01  1.2284E-01
  3.1492E+02  3.2999E-01  1.2292E-01
  3.1524E+02  3.2986E-01  1.2300E-01
  3.1557E+02  3.2973E-01  1.2308E-01
  3.1589E+02  3.2959E-01  1.2316E-01
  3.1622E+02  3.2946E-01  1.2324E-01
  3.1655E+02  3.2933E-01  1.2332E-01
  3.1687E+02  3.2920E-01  1.2340E-01
  3.1720E+02  3.2907E-01  1.2348E-01
  3.1752E+02  3.2893E-01  1.2356E-01
  3.1785E+02  3.2880E-01  1.2364E-01
  3.1818E+02  3.2867E-01  1.2372E-01
  3.1850E+02  3.2854E-01  1.2379E-01
  3.1883E+02  3.2840E-01  1.2387E-01
  3.1915E+02  3.2827E-01  1.2395E-01
  3.1948E+02  3.2814E-01  1.2403E-01
  3.1981E+02  3.2801E-01  1.2411E-01
  3.2013E+02  3.2788E-01  1.2419E-01
  3.2046E+02  3.2774E-01  1.2427E-01
  3.2078E+02  3.2761E-01  1.2434E-01
  3.2111E+02  3.2748E-01  1.2442E-01
  3.2144E+02  3.2735E-01  1.2450E-01
  3.2176E+02  3.2722E-01  1.2458E-01
  3.2209E+02  3.2708E-01  1.2466E-01
  3.2241E+02  3.2695E-01  1.2473E-01
  3.2274E+02  3.2682E-01  1.2481E-01
  3.2307E+02  3.2669E-01  1.2489E-01
  3.2339E+02  3.2655E-01  1.2497E-01
  3.2372E+02  3.2642E-01  1.2504E-01
  3.2404E+02  3.2629E-01  1.2512E-01
  3.2437E+02  3.2616E-01  1.2520E-01
  3.2470E+02  3.2603E-01  1.2528E-01
  3.2502E+02  3.2589E-01  1.2535E-01
  3.2535E+02  3.2576E-01  1.2543E-01
  3.2567E+02  3.2563E-01  1.2551E-01
  3.2600E+02  3.2550E-01  1.2558E-01
  3.2633E+02  3.2537E-01  1.2566E-01
  3.2665E+02  3.2523E-01  1.2574E-01
  3.2698E+02  3.2510E-01  1.2581E-01
  3.2730E+02  3.2497E-01  1.2589E-01
  3.2763E+02  3.2484E-01  1.2597E-01
  3.2796E+02  3.2471E-01  1.2604E-01
  3.2828E+02  3.2457E-01  1.2612E-01
  3.2861E+02  3.2444E-01  1.2619E-01
  3.2893E+02  3.2431E-01  1.2627E-01
  3.2926E+02  3.2418E-01  1.2635E-01
  3.2959E+02  3.2405E-01  1.2642E-01
  3.2991E+02  3.2391E-01  1.2650E-01
  3.3024E+02  3.2378E-01  1.2657E-01
  3.3056E+02  3.2365E-01  1.2665E-01
  3.3089E+02  3.2352E-01  1.2672E-01
  3.3122E+02  3.2339E-01  1.2680E-01
  3.3154E+02  3.2325E-01  1.2687E-01
  3.3187E+02  3.2312E-01  1.2695E-01
  3.3219E+02  3.2299E-01  1.2703E-01
  3.3252E+02  3.2286E-01  1.2710E-01
  3.3285E+02  3.2273E-01  1.2718E-01
  3.3317E+02  3.2260E-01  1.2725E-01
  3.3350E+02  3.2246E-01  1.2733E-01
  3.3382E+02  3.2233E-01  1.2740E-01
  3.3415E+02  3.2220E-01  1.2747E-01
  3.3448E+02  3.2207E-01  1.2755E-01
  3.3480E+02  3.2194E-01  1.2762E-01
  3.3513E+02  3.2181E-01  1.2770E-01
  3.3545E+02  3.2167E-01  1.2777E-01
  3.3578E+02  3.2154E-01  1.2785E-01
  3.3611E+02  3.2141E-01  1.2792E-01
  3.3643E+02  3.2128E-01  1.2799E-01
  3.3676E+02  3.2115E-01  1.2807E-01
  3.3708E+02  3.2102E-01  1.2814E-01
  3.3741E+02  3.2089E-01  1.2822E-01
  3.3774E+02  3.2075E-01  1.2829E-01
  3.3806E+02  3.2062E-01  1.2836E-01
  3.3839E+02  3.2049E-01  1.2844E-01
  3.3871E+02  3.2036E-01  1.2851E-01
  3.3904E+02  3.2023E-01  1.2858E-01
  3.3937E+02  3.2010E-01  1.2866E-01
  3.3969E+02  3.1997E-01  1.2873E-01
  3.4002E+02  3.1984E-01  1.2880E-01
  3.4034E+02  3.1971E-01  1.2888E-01
  3.4067E+02  3.1957E-01  1.2895E-01
  3.4100E+02  3.1944E-01  1.2902E-01
  3.4132E+02  3.1931E-01  1.2910E-01
  3.4165E+02  3.1918E-01  1.2917E-01
  3.4197E+02  3.1905E-01  1.2924E-01
  3.4230E+02  3.1892E-01  1.2931E-01
  3.4263E+02  3.1879E-01  1.2939E-01
  3.4295E+02  3.1866E-01  1.2946E-01
  3.4328E+02  3.1853E-01  1.2953E-01
  3.4360E+02  3.1840E-01  1.2960E-01
  3.4393E+02  3.1827E-01  1.2968E-01
  3.4426E+02  3.1814E-01  1.2975E-01
  3.4458E+02  3.1800E-01  1.2982E-01
  3.4491E+02  3.1787E-01  1.2989E-01
  3.4523E+02  3.1774E-01  1.2997E-01
  3.4556E+02  3.1761E-01  1.3004E-01
  3.4589E+02  3.1748E-01  1.3011E-01
  3.4621E+02  3.1735E-01  1.3018E-01
  3.4654E+02  3.1722E-01  1.3025E-01
  3.4686E+02  3.1709E-01  1.3032E-01
  3.4719E+02  3.1696E-01  1.3040E-01
  3.4752E+02  3.1683E-01  1.3047E-01
  3.4784E+02  3.1670E-01  1.3054E-01
  3.4817E+02  3.1657E-01  1.3061E-01
  3.4849E+02  3.1644E-01  1.3068E-01
  3.4882E+02  3.1631E-01  1.3075E-01
  3.4915E+02  3.1618E-01  1.3082E-01
  3.4947E+02  3.1605E-01  1.3089E-01
  3.4980E+02  3.1592E-01  1.3097E-01
  3.5012E+02  3.1579E-01  1.3104E-01
  3.5045E+02  3.1566E-01  1.3111E-01
  3.5078E+02  3.1553E-01  1.3118E-01
  3.5110E+02  3.1540E-01  1.3125E-01
  3.5143E+02  3.1527E-01  1.3132E-01
  3.5175E+02  3.1514E-01  1.3139E-01
  3.5208E+02  3.1501E-01  1.3146E-01
  3.5241E+02  3.1488E-01  1.3153E-01
  3.5273E+02  3.1475E-01  1.3160E-01
  3.5306E+02  3.1462E-01  1.3167E-01
  3.5338E+02  3.1449E-01  1.3174E-01
  3.5371E+02  3.1436E-01  1.3181E-01
  3.5404E+02  3.1423E-01  1.3188E-01
  3.5436E+02  3.1410E-01  1.3195E-01
  3.5469E+02  3.1397E-01  1.3202E-01
  3.5501E+02  3.1384E-01  1.3209E-01
  3.5534E+02  3.1371E-01  1.3216E-01
  3.5567E+02  3.1358E-01  1.3223E-01
  3.5599E+02  3.1345E-01  1.3230E-01
  3.5632E+02  3.1332E-01  1.3237E-01
  3.5664E+02  3.1319E-01  1.3244E-01
  3.5697E+02  3.1306E-01  1.3251E-01
  3.5730E+02  3.1293E-01  1.3257E-01
  3.5762E+02  3.1280E-01  1.3264E-01
  3.5795E+02  3.1267E-01  1.3271E-01
  3.5827E+02  3.1254E-01  1.3278E-01
  3.5860E+02  3.1241E-01  1.3285E-01
  3.5893E+02  3.1228E-01  1.3292E-01
  3.5925E+02  3.1215E-01  1.3299E-01
  3.5958E+02  3.1202E-01  1.3306E-01
  3.5990E+02  3.1189E-01  1.3312E-01
  3.6023E+02  3.1176E-01  1.3319E-01
  3.6056E+02  3.1163E-01  1.3326E-01
  3.6088E+02  3.1151E-01  1.3333E-01
  3.6121E+02  3.1138E-01  1.3340E-01
  3.6153E+02  3.1125E-01  1.3347E-01
  3.6186E+02  3.1112E-01  1.3353E-01
  3.6219E+02  3.1099E-01  1.3360E-01
  3.6251E+02  3.1086E-01  1.3367E-01
  3.6284E+02  3.1073E-01  1.3374E-01
  3.6316E+02  3.1060E-01  1.3380E-01
  3.6349E+02  3.1047E-01  1.3387E-01
  3.6382E+02  3.1034E-01  1.3394E-01
  3.6414E+02  3.1021E-01  1.3401E-01
  3.6447E+02  3.1008E-01  1.3407E-01
  3.6479E+02  3.0995E-01  1.3414E-01
  3.6512E+02  3.0982E-01  1.3421E-01
  3.6545E+02  3.0969E-01  1.3428E-01
  3.6577E+02  3.0957E-01  1.3434E-01
  3.6610E+02  3.0944E-01  1.3441E-01
  3.6642E+02  3.0931E-01  1.3448E-01
  3.6675E+02  3.0918E-01  1.3454E-01
  3.6708E+02  3.0905E-01  1.3461E-01
  3.6740E+02  3.0892E-01  1.3468E-01
  3.6773E+02  3.0879E-01  1.3474E-01
  3.6805E+02  3.0866E-01  1.3481E-01
  3.6838E+02  3.0853E-01  1.3488E-01
  3.6871E+02  3.0840E-01  1.3494E-01
  3.6903E+02  3.0827E-01  1.3501E-01
  3.6936E+02  3.0814E-01  1.3507E-01
  3.6968E+02  3.0802E-01  1.3514E-01
  3.7001E+02  3.0789E-01  1.3521E-01
  3.7034E+02  3.0776E-01  1.3527E-01
  3.7066E+02  3.0763E-01  1.3534E-01
  3.7099E+02  3.0750E-01  1.3540E-01
  3.7131E+02  3.0737E-01  1.3547E-01
  3.7164E+02  3.0724E-01  1.3554E-01
  3.7197E+02  3.0711E-01  1.3560E-01
  3.7229E+02  3.0698E-01  1.3567E-01
  3.7262E+02  3.0685E-01  1.3573E-01
  3.7294E+02  3.0673E-01  1.3580E-01
  3.7327E+02  3.0660E-01  1.3586E-01
  3.7360E+02  3.0647E-01  1.3593E-01
  3.7392E+02  3.0634E-01  1.3599E-01
  3.7425E+02  3.0621E-01  1.3606E-01
  3.7457E+02  3.0608E-01  1.3612E-01
  3.7490E+02  3.0595E-01  1.3619E-01
  3.7523E+02  3.0582E-01  1.3625E-01
  3.7555E+02  3.0569E-01  1.3632E-01
  3.7588E+02  3.0556E-01  1.3638E-01
  3.7620E+02  3.0544E-01  1.3644E-01
  3.7653E+02  3.0531E-01  1.3651E-01
  3.7686E+02  3.0518E-01  1.3657E-01
  3.7718E+02  3.0505E-01  1.3664E-01
  3.7751E+02  3.0492E-01  1.3670E-01
  3.7783E+02  3.0479E-01  1.3676E-01
  3.7816E+02  3.0466E-01  1.3683E-01
  3.7849E+02  3.0453E-01  1.3689E-01
  3.7881E+02  3.0441E-01  1.3696E-01
  3.7914E+02  3.0428E-01  1.3702E-01
  3.7946E+02  3.0415E-01  1.3708E-01
  3.7979E+02  3.0402E-01  1.3715E-01
  3.8012E+02  3.0389E-01  1.3721E-01
  3.8044E+02  3.0376E-01  1.3727E-01
  3.8077E+02  3.0363E-01  1.3734E-01
  3.8109E+02  3.0350E-01  1.3740E-01
  3.8142E+02  3.0337E-01  1.3746E-01
  3.8175E+02  3.0325E-01  1.3753E-01
  3.8207E+02  3.0312E-01  1.3759E-01
  3.8240E+02  3.0299E-01  1.3765E-01
  3.8272E+02  3.0286E-01  1.3771E-01
  3.8305E+02  3.0273E-01  1.3778E-01
  3.8338E+02  3.0260E-01  1.3784E-01
  3.8370E+02  3.0247E-01  1.3790E-01
  3.8403E+02  3.0235E-01  1.3796E-01
  3.8435E+02  3.0222E-01  1.3803E-01
  3.8468E+02  3.0209E-01  1.3809E-01
  3.8501E+02  3.0196E-01  1.3815E-01
  3.8533E+02  3.0183E-01  1.3821E-01
  3.8566E+02  3.0170E-01  1.3827E-01
  3.8598E+02  3.0157E-01  1.3834E-01
  3.8631E+02  3.0145E-01  1.3840E-01
  3.8664E+02  3.0132E-01  1.3846E-01
  3.8696E+02  3.0119E-01  1.3852E-01
  3.8729E+02  3.0106E-01  1.3858E-01
  3.8761E+02  3.0093E-01  1.3864E-01
  3.8794E+02  3.0080E-01  1.3871E-01
  3.8827E+02  3.0067E-01  1.3877E-01
  3.8859E+02  3.0055E-01  1.3883E-01
  3.8892E+02  3.0042E-01  1.3889E-01
  3.8924E+02  3.0029E-01  1.3895E-01
  3.8957E+02  3.0016E-01  1.3901E-01
  3.8990E+02  3.0003E-01  1.3907E-01
  3.9022E+02  2.9990E-01  1.3913E-01
  3.9055E+02  2.9978E-01  1.3919E-01
  3.9087E+02  2.9965E-01  1.3925E-01
  3.9120E+02  2.9952E-01  1.3931E-01
  3.9153E+02  2.9939E-01  1.3937E-01
  3.9185E+02  2.9926E-01  1.3943E-01
  3.9218E+02  2.9913E-01  1.3950E-01
  3.9250E+02  2.9901E-01  1.3956E-01
  3.9283E+02  2.9888E-01  1.3962E-01
  3.9316E+02  2.9875E-01  1.3968E-01
  3.9348E+02  2.9862E-01  1.3974E-01
  3.9381E+02  2.9849E-01  1.3980E-01
  3.9413E+02  2.9836E-01  1.3986E-01
  3.9446E+02  2.9824E-01  1.3991E-01
  3.9479E+02  2.9811E-01  1.3997E-01
  3.9511E+02  2.9798E-01  1.4003E-01
  3.9544E+02  2.9785E-01  1.4009E-01
  3.9576E+02  2.9772E-01  1.4015E-01
  3.9609E+02  2.9760E-01  1.4021E-01
  3.9642E+02  2.9747E-01  1.4027E-01
  3.9674E+02  2.9734E-01  1.4033E-01
  3.9707E+02  2.9721E-01  1.4039E-01
  3.9739E+02  2.9708E-01  1.4045E-01
  3.9772E+02  2.9696E-01  1.4051E-01
  3.9805E+02  2.9683E-01  1.4057E-01
  3.9837E+02  2.9670E-01  1.4063E-01
  3.9870E+02  2.9657E-01  1.4068E-01
  3.9902E+02  2.9644E-01  1.4074E-01
  3.9935E+02  2.9632E-01  1.4080E-01
  3.9968E+02  2.9619E-01  1.4086E-01
  4.0000E+02  2.9606E-01  1.4092E-01
  4.0033E+02  2.9593E-01  1.4098E-01
  4.0065E+02  2.9581E-01  1.4103E-01
  4.0098E+02  2.9568E-01  1.4109E-01
  4.0131E+02  2.9555E-01  1.4115E-01
  4.0163E+02  2.9542E-01  1.4121E-01
  4.0196E+02  2.9529E-01  1.4127E-01
  4.0228E+02  2.9517E-01  1.4132E-01
  4.0261E+02  2.9504E-01  1.4138E-01
  4.0294E+02  2.9491E-01  1.4144E-01
  4.0326E+02  2.9478E-01  1.4150E-01
  4.0359E+02  2.9466E-01  1.4155E-01
  4.0391E+02  2.9453E-01  1.4161E-01
  4.0424E+02  2.9440E-01  1.4167E-01
  4.0457E+02  2.9427E-01  1.4173E-01
  4.0489E+02  2.9415E-01  1.4178E-01
  4.0522E+02  2.9402E-01  1.4184E-01
  4.0554E+02  2.9389E-01  1.4190E-01
  4.0587E+02  2.9376E-01  1.4195E-01
  4.0620E+02  2.9364E-01  1.4201E-01
  4.0652E+02  2.9351E-01  1.4207E-01
  4.0685E+02  2.9338E-01  1.4212E-01
  4.0717E+02  2.9325E-01  1.4218E-01
  4.0750E+02  2.9313E-01  1.4224E-01
  4.0783E+02  2.9300E-01  1.4229E-01
  4.0815E+02  2.9287E-01  1.4235E-01
  4.0848E+02  2.9274E-01  1.4241E-01
  4.0880E+02  2.9262E-01  1.4246E-01
  4.0913E+02  2.9249E-01  1.4252E-01
  4.0946E+02  2.9236E-01  1.4258E-01
  4.0978E+02  2.9223E-01  1.4263E-01
  4.1011E+02  2.9211E-01  1.4269E-01
  4.1043E+02  2.9198E-01  1.4274E-01
  4.1076E+02  2.9185E-01  1.4280E-01
  4.1109E+02  2.9173E-01  1.4285E-01
  4.1141E+02  2.9160E-01  1.4291E-01
  4.1174E+02  2.9147E-01  1.4297E-01
  4.1206E+02  2.9134E-01  1.4302E-01
  4.1239E+02  2.9122E-01  1.4308E-01
  4.1272E+02  2.9109E-01  1.4313E-01
  4.1304E+02  2.9096E-01  1.4319E-01
  4.1337E+02  2.9084E-01  1.4324E-01
  4.1369E+02  2.9071E-01  1.4330E-01
  4.1402E+02  2.9058E-01  1.4335E-01
  4.1435E+02  2.9045E-01  1.4341E-01
  4.1467E+02  2.9033E-01  1.4346E-01
  4.1500E+02  2.9020E-01  1.4352E-01
  4.1532E+02  2.9007E-01  1.4357E-01
  4.1565E+02  2.8995E-01  1.4363E-01
  4.1598E+02  2.8982E-01  1.4368E-01
  4.1630E+02  2.8969E-01  1.4374E-01
  4.1663E+02  2.8957E-01  1.4379E-01
  4.1695E+02  2.8944E-01  1.4384E-01
  4.1728E+02  2.8931E-01  1.4390E-01
  4.1761E+02  2.8919E-01  1.4395E-01
  4.1793E+02  2.8906E-01  1.4401E-01
  4.1826E+02  2.8893E-01  1.4406E-01
  4.1858E+02  2.8881E-01  1.4411E-01
  4.1891E+02  2.8868E-01  1.4417E-01
  4.1924E+02  2.8855E-01  1.4422E-01
  4.1956E+02  2.8843E-01  1.4428E-01
  4.1989E+02  2.8830E-01  1.4433E-01
  4.2021E+02  2.8817E-01  1.4438E-01
  4.2054E+02  2.8805E-01  1.4444E-01
  4.2087E+02  2.8792E-01  1.4449E-01
  4.2119E+02  2.8779E-01  1.4454E-01
  4.2152E+02  2.8767E-01  1.4460E-01
  4.2184E+02  2.8754E-01  1.4465E-01
  4.2217E+02  2.8741E-01  1.4470E-01
  4.2250E+02  2.8729E-01  1.4476E-01
  4.2282E+02  2.8716E-01  1.4481E-01
  4.2315E+02  2.8703E-01  1.4486E-01
  4.2347E+02  2.8691E-01  1.4491E-01
  4.2380E+02  2.8678E-01  1.4497E-01
  4.2413E+02  2.8666E-01  1.4502E-01
  4.2445E+02  2.8653E-01  1.4507E-01
  4.2478E+02  2.8640E-01  1.4512E-01
  4.2510E+02  2.8628E-01  1.4518E-01
  4.2543E+02  2.8615E-01  1.4523E-01
  4.2576E+02  2.8602E-01  1.4528E-01
  4.2608E+02  2.8590E-01  1.4533E-01
  4.2641E+02  2.8577E-01  1.4539E-01
  4.2673E+02  2.8565E-01  1.4544E-01
  4.2706E+02  2.8552E-01  1.4549E-01
  4.2739E+02  2.8539E-01  1.4554E-01
  4.2771E+02  2.8527E-01  1.4559E-01
  4.2804E+02  2.8514E-01  1.4565E-01
  4.2836E+02  2.8501E-01  1.4570E-01
  4.2869E+02  2.8489E-01  1.4575E-01
  4.2902E+02  2.8476E-01  1.4580E-01
  4.2934E+02  2.8464E-01  1.4585E-01
  4.2967E+02  2.8451E-01  1.4590E-01
  4.2999E+02  2.8438E-01  1.4595E-01
  4.3032E+02  2.8426E-01  1.4601E-01
  4.3065E+02  2.8413E-01  1.4606E-01
  4.3097E+02  2.8401E-01  1.4611E-01
  4.3130E+02  2.8388E-01  1.4616E-01
  4.3162E+02  2.8375E-01  1.4621E-01
  4.3195E+02  2.8363E-01  1.4626E-01
  4.3228E+02  2.8350E-01  1.4631E-01
  4.3260E+02  2.8338E-01  1.4636E-01
  4.3293E+02  2.8325E-01  1.4641E-01
  4.3325E+02  2.8313E-01  1.4646E-01
  4.3358E+02  2.8300E-01  1.4651E-01
  4.3391E+02  2.8287E-01  1.4656E-01
  4.3423E+02  2.8275E-01  1.4661E-01
  4.3456E+02  2.8262E-01  1.4667E-01
  4.3488E+02  2.8250E-01  1.4672E-01
  4.3521E+02  2.8237E-01  1.4677E-01
  4.3554E+02  2.8225E-01  1.4682E-01
  4.3586E+02  2.8212E-01  1.4687E-01
  4.3619E+02  2.8199E-01  1.4692E-01
  4.3651E+02  2.8187E-01  1.4697E-01
  4.3684E+02  2.8174E-01  1.4701E-01
  4.3717E+02  2.8162E-01  1.4706E-01
  4.3749E+02  2.8149E-01  1.4711E-01
  4.3782E+02  2.8137E-01  1.4716E-01
  4.3814E+02  2.8124E-01  1.4721E-01
  4.3847E+02  2.8112E-01  1.4726E-01
  4.3880E+02  2.8099E-01  1.4731E-01
  4.3912E+02  2.8087E-01  1.4736E-01
  4.3945E+02  2.8074E-01  1.4741E-01
  4.3977E+02  2.8061E-01  1.4746E-01
  4.4010E+02  2.8049E-01  1.4751E-01
  4.4043E+02  2.8036E-01  1.4756E-01
  4.4075E+02  2.8024E-01  1.4761E-01
  4.4108E+02  2.8011E-01  1.4765E-01
  4.4140E+02  2.7999E-01  1.4770E-01
  4.4173E+02  2.7986E-01  1.4775E-01
  4.4206E+02  2.7974E-01  1.4780E-01
  4.4238E+02  2.7961E-01  1.4785E-01
  4.4271E+02  2.7949E-01  1.4790E-01
  4.4303E+02  2.7936E-01  1.4795E-01
  4.4336E+02  2.7924E-01  1.4799E-01
  4.4369E+02  2.7911E-01  1.4804E-01
  4.4401E+02  2.7899E-01  1.4809E-01
  4.4434E+02  2.7886E-01  1.4814E-01
  4.4466E+02  2.7874E-01  1.4819E-01
  4.4499E+02  2.7861E-01  1.4823E-01
  4.4532E+02  2.7849E-01  1.4828E-01
  4.4564E+02  2.7836E-01  1.4833E-01
  4.4597E+02  2.7824E-01  1.4838E-01
  4.4629E+02  2.7811E-01  1.4843E-01
  4.4662E+02  2.7799E-01  1.4847E-01
  4.4695E+02  2.7786E-01  1.4852E-01
  4.4727E+02  2.7774E-01  1.4857E-01
  4.4760E+02  2.7761E-01  1.4862E-01
  4.4792E+02  2.7749E-01  1.4866E-01
  4.4825E+02  2.7737E-01  1.4871E-01
  4.4858E+02  2.7724E-01  1.4876E-01
  4.4890E+02  2.7712E-01  1.4880E-01
  4.4923E+02  2.7699E-01  1.4885E-01
  4.4955E+02  2.7687E-01  1.4890E-01
  4.4988E+02  2.7674E-01  1.4894E-01
  4.5021E+02  2.7662E-01  1.4899E-01
  4.5053E+02  2.7649E-01  1.4904E-01
  4.5086E+02  2.7637E-01  1.4908E-01
  4.5118E+02  2.7624E-01  1.4913E-01
  4.5151E+02  2.7612E-01  1.4918E-01
  4.5184E+02  2.7600E-01  1.4922E-01
  4.5216E+02  2.7587E-01  1.4927E-01
  4.5249E+02  2.7575E-01  1.4932E-01
  4.5281E+02  2.7562E-01  1.4936E-01
  4.5314E+02  2.7550E-01  1.4941E-01
  4.5347E+02  2.7537E-01  1.4946E-01
  4.5379E+02  2.7525E-01  1.4950E-01
  4.5412E+02  2.7513E-01  1.4955E-01
  4.5444E+02  2.7500E-01  1.4959E-01
  4.5477E+02  2.7488E-01  1.4964E-01
  4.5510E+02  2.7475E-01  1.4968E-01
  4.5542E+02  2.7463E-01  1.4973E-01
  4.5575E+02  2.7450E-01  1.4978E-01
  4.5607E+02  2.7438E-01  1.4982E-01
  4.5640E+02  2.7426E-01  1.4987E-01
  4.5673E+02  2.7413E-01  1.4991E-01
  4.5705E+02  2.7401E-01  1.4996E-01
  4.5738E+02  2.7388E-01  1.5000E-01
  4.5770E+02  2.7376E-01  1.5005E-01
  4.5803E+02  2.7364E-01  1.5009E-01
  4.5836E+02  2.7351E-01  1.5014E-01
  4.5868E+02  2.7339E-01  1.5018E-01
  4.5901E+02  2.7326E-01  1.5023E-01
  4.5933E+02  2.7314E-01  1.5027E-01
  4.5966E+02  2.7302E-01  1.5032E-01
  4.5999E+02  2.7289E-01  1.5036E-01
  4.6031E+02  2.7277E-01  1.5041E-01
  4.6064E+02  2.7265E-01  1.5045E-01
  4.6096E+02  2.7252E-01  1.5049E-01
  4.6129E+02  2.7240E-01  1.5054E-01
  4.6162E+02  2.7227E-01  1.5058E-01
  4.6194E+02  2.7215E-01  1.5063E-01
  4.6227E+02  2.7203E-01  1.5067E-01
  4.6259E+02  2.7190E-01  1.5071E-01
  4.6292E+02  2.7178E-01  1.5076E-01
  4.6325E+02  2.7166E-01  1.5080E-01
  4.6357E+02  2.7153E-01  1.5085E-01
  4.6390E+02  2.7141E-01  1.5089E-01
  4.6422E+02  2.7129E-01  1.5093E-01
  4.6455E+02  2.7116E-01  1.5098E-01
  4.6488E+02  2.7104E-01  1.5102E-01
  4.6520E+02  2.7092E-01  1.5106E-01
  4.6553E+02  2.7079E-01  1.5111E-01
  4.6585E+02  2.7067E-01  1.5115E-01
  4.6618E+02  2.7055E-01  1.5119E-01
  4.6651E+02  2.7042E-01  1.5124E-01
  4.6683E+02  2.7030E-01  1.5128E-01
  4.6716E+02  2.7018E-01  1.5132E-01
  4.6748E+02  2.7005E-01  1.5137E-01
  4.6781E+02  2.6993E-01  1.5141E-01
  4.6814E+02  2.6981E-01  1.5145E-01
  4.6846E+02  2.6968E-01  1.5150E-01
  4.6879E+02  2.6956E-01  1.5154E-01
  4.6911E+02  2.6944E-01  1.5158E-01
  4.6944E+02  2.6931E-01  1.5162E-01
  4.6977E+02  2.6919E-01  1.5167E-01
  4.7009E+02  2.6907E-01  1.5171E-01
  4.7042E+02  2.6895E-01  1.5175E-01
  4.7074E+02  2.6882E-01  1.5179E-01
  4.7107E+02  2.6870E-01  1.5184E-01
  4.7140E+02  2.6858E-01  1.5188E-01
  4.7172E+02  2.6845E-01  1.5192E-01
  4.7205E+02  2.6833E-01  1.5196E-01
  4.7237E+02  2.6821E-01  1.5200E-01
  4.7270E+02  2.6808E-01  1.5205E-01
  4.7303E+02  2.6796E-01  1.5209E-01
  4.7335E+02  2.6784E-01  1.5213E-01
  4.7368E+02  2.6772E-01  1.5217E-01
  4.7400E+02  2.6759E-01  1.5221E-01
  4.7433E+02  2.6747E-01  1.5225E-01
  4.7466E+02  2.6735E-01  1.5229E-01
  4.7498E+02  2.6723E-01  1.5234E-01
  4.7531E+02  2.6710E-01  1.5238E-01
  4.7563E+02  2.6698E-01  1.5242E-01
  4.7596E+02  2.6686E-01  1.5246E-01
  4.7629E+02  2.6674E-01  1.5250E-01
  4.7661E+02  2.6661E-01  1.5254E-01
  4.7694E+02  2.6649E-01  1.5258E-01
  4.7726E+02  2.6637E-01  1.5262E-01
  4.7759E+02  2.6625E-01  1.5266E-01
  4.7792E+02  2.6612E-01  1.5271E-01
  4.7824E+02  2.6600E-01  1.5275E-01
  4.7857E+02  2.6588E-01  1.5279E-01
  4.7889E+02  2.6576E-01  1.5283E-01
  4.7922E+02  2.6563E-01  1.5287E-01
  4.7955E+02  2.6551E-01  1.5291E-01
  4.7987E+02  2.6539E-01  1.5295E-01
  4.8020E+02  2.6527E-01  1.5299E-01
  4.8052E+02  2.6514E-01  1.5303E-01
  4.8085E+02  2.6502E-01  1.5307E-01
  4.8118E+02  2.6490E-01  1.5311E-01
  4.8150E+02  2.6478E-01  1.5315E-01
  4.8183E+02  2.6466E-01  1.5319E-01
  4.8215E+02  2.6453E-01  1.5323E-01
  4.8248E+02  2.6441E-01  1.5327E-01
  4.8281E+02  2.6429E-01  1.5331E-01
  4.8313E+02  2.6417E-01  1.5335E-01
  4.8346E+02  2.6404E-01  1.5339E-01
  4.8378E+02  2.6392E-01  1.5343E-01
  4.8411E+02  2.6380E-01  1.5347E-01
  4.8444E+02  2.6368E-01  1.5351E-01
  4.8476E+02  2.6356E-01  1.5354E-01
  4.8509E+02  2.6344E-01  1.5358E-01
  4.8541E+02  2.6331E-01  1.5362E-01
  4.8574E+02  2.6319E-01  1.5366E-01
  4.8607E+02  2.6307E-01  1.5370E-01
  4.8639E+02  2.6295E-01  1.5374E-01
  4.8672E+02  2.6283E-01  1.5378E-01
  4.8704E+02  2.6270E-01  1.5382E-01
  4.8737E+02  2.6258E-01  1.5386E-01
  4.8770E+02  2.6246E-01  1.5390E-01
  4.8802E+02  2.6234E-01  1.5393E-01
  4.8835E+02  2.6222E-01  1.5397E-01
  4.8867E+02  2.6210E-01  1.5401E-01
  4.8900E+02  2.6197E-01  1.5405E-01
  4.8933E+02  2.6185E-01  1.5409E-01
  4.8965E+02  2.6173E-01  1.5413E-01
  4.8998E+02  2.6161E-01  1.5416E-01
  4.9030E+02  2.6149E-01  1.5420E-01
  4.9063E+02  2.6137E-01  1.5424E-01
  4.9096E+02  2.6125E-01  1.5428E-01
  4.9128E+02  2.6112E-01  1.5432E-01
  4.9161E+02  2.6100E-01  1.5435E-01
  4.9193E+02  2.6088E-01  1.5439E-01
  4.9226E+02  2.6076E-01  1.5443E-01
  4.9259E+02  2.6064E-01  1.5447E-01
  4.9291E+02  2.6052E-01  1.5451E-01
  4.9324E+02  2.6040E-01  1.5454E-01
  4.9356E+02  2.6027E-01  1.5458E-01
  4.9389E+02  2.6015E-01  1.5462E-01
  4.9422E+02  2.6003E-01  1.5466E-01
  4.9454E+02  2.5991E-01  1.5469E-01
  4.9487E+02  2.5979E-01  1.5473E-01
  4.9519E+02  2.5967E-01  1.5477E-01
  4.9552E+02  2.5955E-01  1.5480E-01
  4.9585E+02  2.5943E-01  1.5484E-01
  4.9617E+02  2.5931E-01  1.5488E-01
  4.9650E+02  2.5919E-01  1.5492E-01
  4.9682E+02  2.5906E-01  1.5495E-01
  4.9715E+02  2.5894E-01  1.5499E-01
  4.9748E+02  2.5882E-01  1.5503E-01
  4.9780E+02  2.5870E-01  1.5506E-01
  4.9813E+02  2.5858E-01  1.5510E-01
  4.9845E+02  2.5846E-01  1.5513E-01
  4.9878E+02  2.5834E-01  1.5517E-01
  4.9911E+02  2.5822E-01  1.5521E-01
  4.9943E+02  2.5810E-01  1.5524E-01
  4.9976E+02  2.5798E-01  1.5528E-01
  5.0000E+02  2.5789E-01  1.5531E-01
