# CREATED BY GENE DIAGNOSTICS TOOL on Mon Jun 25 12:54:06 2018
# diag: GAMDIAG, run(s): 0093, time window: 0-500(1604 steps), species: ions
# original data path: /r/c/cmor/ZF_3rd/w7xhms05/1.5047-2.5/
# normalization: L_ref=5.4832m
#
# xind= 0, x/a= 0.70710677, q= 1.1018624
# Fit:    0.99998238,0.081001144,12.385461
# Analytic (Gao, Zhou/Yu): 0.32199362,-0.037984721,12.385433
#  t          Re[phi]     Im[phi]   
  0.0000E+00  9.9998E-01  0.0000E+00
  3.1200E-01  9.9269E-01  8.5025E-04
  6.2400E-01  9.7278E-01  1.6652E-03
  9.3600E-01  9.4428E-01  2.4541E-03
  1.2480E+00  9.1107E-01  3.2255E-03
  1.5600E+00  8.7612E-01  3.9922E-03
  1.8720E+00  8.4140E-01  4.7654E-03
  2.1840E+00  8.0811E-01  5.5398E-03
  2.4960E+00  7.7690E-01  6.2935E-03
  2.8080E+00  7.4804E-01  6.9972E-03
  3.1200E+00  7.2159E-01  7.6241E-03
  3.4320E+00  6.9742E-01  8.1553E-03
  3.7440E+00  6.7534E-01  8.5817E-03
  4.0560E+00  6.5512E-01  8.9030E-03
  4.3680E+00  6.3649E-01  9.1254E-03
  4.6800E+00  6.1924E-01  9.2595E-03
  4.9920E+00  6.0317E-01  9.3191E-03
  5.3040E+00  5.8813E-01  9.3193E-03
  5.6160E+00  5.7402E-01  9.2763E-03
  5.9280E+00  5.6076E-01  9.2055E-03
  6.2400E+00  5.4829E-01  9.1238E-03
  6.5520E+00  5.3658E-01  9.0453E-03
  6.8640E+00  5.2560E-01  8.9792E-03
  7.1760E+00  5.1532E-01  8.9403E-03
  7.4880E+00  5.0570E-01  8.9317E-03
  7.8000E+00  4.9669E-01  8.9498E-03
  8.1120E+00  4.8826E-01  9.0063E-03
  8.4240E+00  4.8037E-01  9.1005E-03
  8.7360E+00  4.7295E-01  9.2157E-03
  9.0480E+00  4.6596E-01  9.3500E-03
  9.3600E+00  4.5936E-01  9.5084E-03
  9.6720E+00  4.5311E-01  9.6863E-03
  9.9840E+00  4.4717E-01  9.8775E-03
  1.0296E+01  4.4151E-01  1.0079E-02
  1.0608E+01  4.3610E-01  1.0286E-02
  1.0920E+01  4.3092E-01  1.0489E-02
  1.1232E+01  4.2593E-01  1.0681E-02
  1.1544E+01  4.2115E-01  1.0857E-02
  1.1856E+01  4.1656E-01  1.1016E-02
  1.2168E+01  4.1213E-01  1.1152E-02
  1.2480E+01  4.0782E-01  1.1257E-02
  1.2792E+01  4.0359E-01  1.1323E-02
  1.3104E+01  3.9947E-01  1.1353E-02
  1.3416E+01  3.9552E-01  1.1361E-02
  1.3728E+01  3.9176E-01  1.1354E-02
  1.4040E+01  3.8816E-01  1.1328E-02
  1.4352E+01  3.8467E-01  1.1272E-02
  1.4664E+01  3.8121E-01  1.1181E-02
  1.4976E+01  3.7777E-01  1.1059E-02
  1.5288E+01  3.7436E-01  1.0911E-02
  1.5600E+01  3.7101E-01  1.0746E-02
  1.5912E+01  3.6778E-01  1.0574E-02
  1.6224E+01  3.6466E-01  1.0405E-02
  1.6536E+01  3.6164E-01  1.0242E-02
  1.6848E+01  3.5870E-01  1.0077E-02
  1.7160E+01  3.5578E-01  9.8922E-03
  1.7472E+01  3.5286E-01  9.6840E-03
  1.7784E+01  3.4996E-01  9.4586E-03
  1.8096E+01  3.4707E-01  9.2239E-03
  1.8408E+01  3.4423E-01  8.9822E-03
  1.8720E+01  3.4144E-01  8.7335E-03
  1.9032E+01  3.3873E-01  8.4832E-03
  1.9344E+01  3.3611E-01  8.2473E-03
  1.9656E+01  3.3361E-01  8.0464E-03
  1.9968E+01  3.3121E-01  7.8914E-03
  2.0280E+01  3.2889E-01  7.7731E-03
  2.0592E+01  3.2662E-01  7.6654E-03
  2.0904E+01  3.2438E-01  7.5397E-03
  2.1216E+01  3.2222E-01  7.3828E-03
  2.1528E+01  3.2020E-01  7.2043E-03
  2.1840E+01  3.1842E-01  7.0296E-03
  2.2152E+01  3.1692E-01  6.8851E-03
  2.2464E+01  3.1569E-01  6.7842E-03
  2.2776E+01  3.1465E-01  6.7191E-03
  2.3088E+01  3.1366E-01  6.6654E-03
  2.3400E+01  3.1266E-01  6.5972E-03
  2.3712E+01  3.1160E-01  6.5031E-03
  2.4024E+01  3.1056E-01  6.3923E-03
  2.4336E+01  3.0964E-01  6.2910E-03
  2.4648E+01  3.0896E-01  6.2350E-03
  2.4960E+01  3.0861E-01  6.2580E-03
  2.5272E+01  3.0857E-01  6.3731E-03
  2.5584E+01  3.0870E-01  6.5609E-03
  2.5896E+01  3.0881E-01  6.7778E-03
  2.6208E+01  3.0872E-01  6.9775E-03
  2.6520E+01  3.0831E-01  7.1267E-03
  2.6832E+01  3.0754E-01  7.2096E-03
  2.7144E+01  3.0645E-01  7.2316E-03
  2.7456E+01  3.0521E-01  7.2264E-03
  2.7768E+01  3.0404E-01  7.2520E-03
  2.8080E+01  3.0317E-01  7.3670E-03
  2.8392E+01  3.0273E-01  7.6005E-03
  2.8704E+01  3.0274E-01  7.9396E-03
  2.9016E+01  3.0313E-01  8.3421E-03
  2.9328E+01  3.0376E-01  8.7598E-03
  2.9640E+01  3.0451E-01  9.1539E-03
  2.9952E+01  3.0526E-01  9.4989E-03
  3.0264E+01  3.0587E-01  9.7828E-03
  3.0576E+01  3.0630E-01  1.0009E-02
  3.0888E+01  3.0654E-01  1.0200E-02
  3.1200E+01  3.0668E-01  1.0389E-02
  3.1512E+01  3.0683E-01  1.0608E-02
  3.1824E+01  3.0708E-01  1.0874E-02
  3.2136E+01  3.0748E-01  1.1183E-02
  3.2448E+01  3.0806E-01  1.1520E-02
  3.2760E+01  3.0880E-01  1.1869E-02
  3.3072E+01  3.0970E-01  1.2219E-02
  3.3384E+01  3.1076E-01  1.2564E-02
  3.3696E+01  3.1192E-01  1.2893E-02
  3.4008E+01  3.1311E-01  1.3192E-02
  3.4320E+01  3.1422E-01  1.3447E-02
  3.4632E+01  3.1520E-01  1.3652E-02
  3.4944E+01  3.1603E-01  1.3817E-02
  3.5256E+01  3.1680E-01  1.3967E-02
  3.5568E+01  3.1764E-01  1.4139E-02
  3.5880E+01  3.1868E-01  1.4364E-02
  3.6192E+01  3.1999E-01  1.4662E-02
  3.6504E+01  3.2159E-01  1.5034E-02
  3.6816E+01  3.2344E-01  1.5470E-02
  3.7128E+01  3.2547E-01  1.5952E-02
  3.7440E+01  3.2758E-01  1.6458E-02
  3.7752E+01  3.2971E-01  1.6969E-02
  3.8064E+01  3.3182E-01  1.7469E-02
  3.8376E+01  3.3385E-01  1.7951E-02
  3.8688E+01  3.3578E-01  1.8409E-02
  3.9000E+01  3.3752E-01  1.8831E-02
  3.9312E+01  3.3899E-01  1.9194E-02
  3.9624E+01  3.4007E-01  1.9472E-02
  3.9936E+01  3.4071E-01  1.9641E-02
  4.0248E+01  3.4089E-01  1.9692E-02
  4.0560E+01  3.4065E-01  1.9641E-02
  4.0872E+01  3.4011E-01  1.9521E-02
  4.1184E+01  3.3939E-01  1.9373E-02
  4.1496E+01  3.3865E-01  1.9240E-02
  4.1808E+01  3.3803E-01  1.9154E-02
  4.2120E+01  3.3767E-01  1.9144E-02
  4.2432E+01  3.3764E-01  1.9225E-02
  4.2744E+01  3.3798E-01  1.9400E-02
  4.3056E+01  3.3869E-01  1.9658E-02
  4.3368E+01  3.3970E-01  1.9977E-02
  4.3680E+01  3.4095E-01  2.0334E-02
  4.3992E+01  3.4236E-01  2.0705E-02
  4.4304E+01  3.4385E-01  2.1069E-02
  4.4616E+01  3.4535E-01  2.1410E-02
  4.4928E+01  3.4680E-01  2.1717E-02
  4.5240E+01  3.4816E-01  2.1986E-02
  4.5552E+01  3.4939E-01  2.2216E-02
  4.5864E+01  3.5047E-01  2.2405E-02
  4.6176E+01  3.5135E-01  2.2552E-02
  4.6488E+01  3.5203E-01  2.2657E-02
  4.6800E+01  3.5249E-01  2.2724E-02
  4.7112E+01  3.5274E-01  2.2758E-02
  4.7424E+01  3.5279E-01  2.2766E-02
  4.7736E+01  3.5267E-01  2.2748E-02
  4.8048E+01  3.5239E-01  2.2709E-02
  4.8360E+01  3.5201E-01  2.2655E-02
  4.8672E+01  3.5154E-01  2.2594E-02
  4.8984E+01  3.5102E-01  2.2531E-02
  4.9296E+01  3.5046E-01  2.2458E-02
  4.9608E+01  3.4989E-01  2.2365E-02
  4.9920E+01  3.4933E-01  2.2249E-02
  5.0232E+01  3.4881E-01  2.2114E-02
  5.0544E+01  3.4838E-01  2.1980E-02
  5.0856E+01  3.4811E-01  2.1873E-02
  5.1168E+01  3.4803E-01  2.1815E-02
  5.1480E+01  3.4815E-01  2.1819E-02
  5.1792E+01  3.4846E-01  2.1886E-02
  5.2104E+01  3.4892E-01  2.2010E-02
  5.2416E+01  3.4949E-01  2.2177E-02
  5.2728E+01  3.5012E-01  2.2362E-02
  5.3040E+01  3.5077E-01  2.2539E-02
  5.3352E+01  3.5138E-01  2.2684E-02
  5.3664E+01  3.5195E-01  2.2789E-02
  5.3976E+01  3.5248E-01  2.2859E-02
  5.4288E+01  3.5300E-01  2.2913E-02
  5.4600E+01  3.5353E-01  2.2975E-02
  5.4912E+01  3.5410E-01  2.3066E-02
  5.5224E+01  3.5472E-01  2.3194E-02
  5.5536E+01  3.5540E-01  2.3355E-02
  5.5848E+01  3.5611E-01  2.3536E-02
  5.6160E+01  3.5683E-01  2.3727E-02
  5.6472E+01  3.5753E-01  2.3920E-02
  5.6784E+01  3.5820E-01  2.4117E-02
  5.7096E+01  3.5879E-01  2.4317E-02
  5.7408E+01  3.5928E-01  2.4518E-02
  5.7720E+01  3.5964E-01  2.4715E-02
  5.8032E+01  3.5985E-01  2.4901E-02
  5.8344E+01  3.5990E-01  2.5072E-02
  5.8656E+01  3.5978E-01  2.5226E-02
  5.8968E+01  3.5951E-01  2.5359E-02
  5.9280E+01  3.5909E-01  2.5471E-02
  5.9592E+01  3.5854E-01  2.5558E-02
  5.9904E+01  3.5786E-01  2.5615E-02
  6.0216E+01  3.5708E-01  2.5641E-02
  6.0528E+01  3.5622E-01  2.5635E-02
  6.0840E+01  3.5530E-01  2.5602E-02
  6.1152E+01  3.5436E-01  2.5553E-02
  6.1464E+01  3.5343E-01  2.5501E-02
  6.1776E+01  3.5254E-01  2.5457E-02
  6.2088E+01  3.5172E-01  2.5430E-02
  6.2400E+01  3.5098E-01  2.5421E-02
  6.2712E+01  3.5031E-01  2.5426E-02
  6.3024E+01  3.4971E-01  2.5436E-02
  6.3336E+01  3.4917E-01  2.5445E-02
  6.3648E+01  3.4870E-01  2.5452E-02
  6.3960E+01  3.4830E-01  2.5459E-02
  6.4272E+01  3.4797E-01  2.5473E-02
  6.4584E+01  3.4771E-01  2.5502E-02
  6.4896E+01  3.4751E-01  2.5550E-02
  6.5208E+01  3.4737E-01  2.5623E-02
  6.5520E+01  3.4729E-01  2.5723E-02
  6.5832E+01  3.4725E-01  2.5848E-02
  6.6144E+01  3.4725E-01  2.5994E-02
  6.6456E+01  3.4727E-01  2.6148E-02
  6.6768E+01  3.4729E-01  2.6299E-02
  6.7080E+01  3.4731E-01  2.6439E-02
  6.7392E+01  3.4732E-01  2.6568E-02
  6.7704E+01  3.4733E-01  2.6690E-02
  6.8016E+01  3.4733E-01  2.6811E-02
  6.8328E+01  3.4733E-01  2.6934E-02
  6.8640E+01  3.4733E-01  2.7059E-02
  6.8952E+01  3.4732E-01  2.7186E-02
  6.9264E+01  3.4731E-01  2.7319E-02
  6.9576E+01  3.4730E-01  2.7460E-02
  6.9888E+01  3.4730E-01  2.7611E-02
  7.0200E+01  3.4731E-01  2.7773E-02
  7.0512E+01  3.4732E-01  2.7942E-02
  7.0824E+01  3.4735E-01  2.8113E-02
  7.1136E+01  3.4737E-01  2.8278E-02
  7.1448E+01  3.4738E-01  2.8432E-02
  7.1760E+01  3.4736E-01  2.8568E-02
  7.2072E+01  3.4730E-01  2.8687E-02
  7.2384E+01  3.4719E-01  2.8793E-02
  7.2696E+01  3.4704E-01  2.8890E-02
  7.3008E+01  3.4686E-01  2.8983E-02
  7.3320E+01  3.4666E-01  2.9073E-02
  7.3632E+01  3.4643E-01  2.9158E-02
  7.3944E+01  3.4618E-01  2.9236E-02
  7.4256E+01  3.4592E-01  2.9306E-02
  7.4568E+01  3.4566E-01  2.9371E-02
  7.4880E+01  3.4540E-01  2.9438E-02
  7.5192E+01  3.4516E-01  2.9515E-02
  7.5504E+01  3.4494E-01  2.9608E-02
  7.5816E+01  3.4475E-01  2.9721E-02
  7.6128E+01  3.4460E-01  2.9856E-02
  7.6440E+01  3.4448E-01  3.0011E-02
  7.6752E+01  3.4440E-01  3.0185E-02
  7.7064E+01  3.4434E-01  3.0376E-02
  7.7376E+01  3.4431E-01  3.0583E-02
  7.7688E+01  3.4429E-01  3.0805E-02
  7.8000E+01  3.4426E-01  3.1036E-02
  7.8312E+01  3.4423E-01  3.1268E-02
  7.8624E+01  3.4416E-01  3.1491E-02
  7.8936E+01  3.4405E-01  3.1696E-02
  7.9248E+01  3.4387E-01  3.1872E-02
  7.9560E+01  3.4363E-01  3.2007E-02
  7.9872E+01  3.4330E-01  3.2094E-02
  8.0184E+01  3.4290E-01  3.2126E-02
  8.0496E+01  3.4242E-01  3.2107E-02
  8.0808E+01  3.4190E-01  3.2050E-02
  8.1120E+01  3.4137E-01  3.1979E-02
  8.1432E+01  3.4087E-01  3.1918E-02
  8.1744E+01  3.4043E-01  3.1888E-02
  8.2056E+01  3.4007E-01  3.1905E-02
  8.2368E+01  3.3981E-01  3.1972E-02
  8.2680E+01  3.3966E-01  3.2089E-02
  8.2992E+01  3.3959E-01  3.2246E-02
  8.3304E+01  3.3960E-01  3.2431E-02
  8.3616E+01  3.3965E-01  3.2633E-02
  8.3928E+01  3.3972E-01  3.2836E-02
  8.4240E+01  3.3978E-01  3.3028E-02
  8.4552E+01  3.3981E-01  3.3201E-02
  8.4864E+01  3.3980E-01  3.3350E-02
  8.5176E+01  3.3975E-01  3.3475E-02
  8.5488E+01  3.3966E-01  3.3581E-02
  8.5800E+01  3.3954E-01  3.3674E-02
  8.6112E+01  3.3940E-01  3.3759E-02
  8.6424E+01  3.3924E-01  3.3843E-02
  8.6736E+01  3.3909E-01  3.3930E-02
  8.7048E+01  3.3894E-01  3.4026E-02
  8.7360E+01  3.3882E-01  3.4135E-02
  8.7672E+01  3.3872E-01  3.4261E-02
  8.7984E+01  3.3865E-01  3.4403E-02
  8.8296E+01  3.3861E-01  3.4562E-02
  8.8608E+01  3.3859E-01  3.4734E-02
  8.8920E+01  3.3860E-01  3.4917E-02
  8.9232E+01  3.3862E-01  3.5105E-02
  8.9544E+01  3.3866E-01  3.5294E-02
  8.9856E+01  3.3870E-01  3.5476E-02
  9.0168E+01  3.3875E-01  3.5648E-02
  9.0480E+01  3.3880E-01  3.5809E-02
  9.0792E+01  3.3885E-01  3.5961E-02
  9.1104E+01  3.3890E-01  3.6107E-02
  9.1416E+01  3.3896E-01  3.6251E-02
  9.1728E+01  3.3903E-01  3.6396E-02
  9.2040E+01  3.3910E-01  3.6544E-02
  9.2352E+01  3.3917E-01  3.6693E-02
  9.2664E+01  3.3925E-01  3.6841E-02
  9.2976E+01  3.3931E-01  3.6989E-02
  9.3288E+01  3.3937E-01  3.7136E-02
  9.3600E+01  3.3943E-01  3.7283E-02
  9.3912E+01  3.3948E-01  3.7431E-02
  9.4224E+01  3.3952E-01  3.7581E-02
  9.4536E+01  3.3956E-01  3.7730E-02
  9.4848E+01  3.3959E-01  3.7877E-02
  9.5160E+01  3.3961E-01  3.8020E-02
  9.5472E+01  3.3961E-01  3.8156E-02
  9.5784E+01  3.3959E-01  3.8284E-02
  9.6096E+01  3.3955E-01  3.8404E-02
  9.6408E+01  3.3949E-01  3.8514E-02
  9.6720E+01  3.3942E-01  3.8616E-02
  9.7032E+01  3.3934E-01  3.8711E-02
  9.7344E+01  3.3925E-01  3.8800E-02
  9.7656E+01  3.3918E-01  3.8886E-02
  9.7968E+01  3.3911E-01  3.8973E-02
  9.8280E+01  3.3906E-01  3.9068E-02
  9.8592E+01  3.3904E-01  3.9176E-02
  9.8904E+01  3.3904E-01  3.9300E-02
  9.9216E+01  3.3905E-01  3.9442E-02
  9.9528E+01  3.3909E-01  3.9597E-02
  9.9840E+01  3.3914E-01  3.9764E-02
  1.0015E+02  3.3920E-01  3.9938E-02
  1.0046E+02  3.3926E-01  4.0117E-02
  1.0078E+02  3.3933E-01  4.0297E-02
  1.0109E+02  3.3939E-01  4.0475E-02
  1.0140E+02  3.3944E-01  4.0648E-02
  1.0171E+02  3.3948E-01  4.0815E-02
  1.0202E+02  3.3951E-01  4.0973E-02
  1.0234E+02  3.3952E-01  4.1123E-02
  1.0265E+02  3.3951E-01  4.1262E-02
  1.0296E+02  3.3948E-01  4.1388E-02
  1.0327E+02  3.3942E-01  4.1500E-02
  1.0358E+02  3.3935E-01  4.1599E-02
  1.0390E+02  3.3925E-01  4.1687E-02
  1.0421E+02  3.3914E-01  4.1767E-02
  1.0452E+02  3.3902E-01  4.1845E-02
  1.0483E+02  3.3889E-01  4.1924E-02
  1.0514E+02  3.3875E-01  4.2005E-02
  1.0546E+02  3.3860E-01  4.2089E-02
  1.0577E+02  3.3844E-01  4.2169E-02
  1.0608E+02  3.3828E-01  4.2240E-02
  1.0639E+02  3.3810E-01  4.2299E-02
  1.0670E+02  3.3792E-01  4.2343E-02
  1.0702E+02  3.3773E-01  4.2374E-02
  1.0733E+02  3.3754E-01  4.2399E-02
  1.0764E+02  3.3736E-01  4.2426E-02
  1.0795E+02  3.3719E-01  4.2464E-02
  1.0826E+02  3.3704E-01  4.2516E-02
  1.0858E+02  3.3691E-01  4.2587E-02
  1.0889E+02  3.3681E-01  4.2676E-02
  1.0920E+02  3.3673E-01  4.2779E-02
  1.0951E+02  3.3666E-01  4.2894E-02
  1.0982E+02  3.3660E-01  4.3015E-02
  1.1014E+02  3.3656E-01  4.3138E-02
  1.1045E+02  3.3651E-01  4.3260E-02
  1.1076E+02  3.3646E-01  4.3376E-02
  1.1107E+02  3.3640E-01  4.3485E-02
  1.1138E+02  3.3633E-01  4.3587E-02
  1.1170E+02  3.3625E-01  4.3685E-02
  1.1201E+02  3.3617E-01  4.3780E-02
  1.1232E+02  3.3608E-01  4.3878E-02
  1.1263E+02  3.3599E-01  4.3980E-02
  1.1294E+02  3.3590E-01  4.4087E-02
  1.1326E+02  3.3583E-01  4.4200E-02
  1.1357E+02  3.3576E-01  4.4319E-02
  1.1388E+02  3.3570E-01  4.4444E-02
  1.1419E+02  3.3565E-01  4.4573E-02
  1.1450E+02  3.3560E-01  4.4706E-02
  1.1482E+02  3.3556E-01  4.4841E-02
  1.1513E+02  3.3553E-01  4.4976E-02
  1.1544E+02  3.3549E-01  4.5111E-02
  1.1575E+02  3.3545E-01  4.5244E-02
  1.1606E+02  3.3541E-01  4.5377E-02
  1.1638E+02  3.3536E-01  4.5510E-02
  1.1669E+02  3.3530E-01  4.5645E-02
  1.1700E+02  3.3524E-01  4.5781E-02
  1.1731E+02  3.3516E-01  4.5920E-02
  1.1762E+02  3.3507E-01  4.6060E-02
  1.1794E+02  3.3498E-01  4.6197E-02
  1.1825E+02  3.3486E-01  4.6328E-02
  1.1856E+02  3.3474E-01  4.6449E-02
  1.1887E+02  3.3460E-01  4.6558E-02
  1.1918E+02  3.3445E-01  4.6653E-02
  1.1950E+02  3.3428E-01  4.6736E-02
  1.1981E+02  3.3409E-01  4.6805E-02
  1.2012E+02  3.3389E-01  4.6862E-02
  1.2043E+02  3.3368E-01  4.6906E-02
  1.2074E+02  3.3346E-01  4.6938E-02
  1.2106E+02  3.3324E-01  4.6961E-02
  1.2137E+02  3.3301E-01  4.6978E-02
  1.2168E+02  3.3279E-01  4.6994E-02
  1.2199E+02  3.3258E-01  4.7016E-02
  1.2230E+02  3.3239E-01  4.7046E-02
  1.2262E+02  3.3220E-01  4.7089E-02
  1.2293E+02  3.3204E-01  4.7144E-02
  1.2324E+02  3.3188E-01  4.7210E-02
  1.2355E+02  3.3174E-01  4.7283E-02
  1.2386E+02  3.3161E-01  4.7362E-02
  1.2418E+02  3.3149E-01  4.7443E-02
  1.2449E+02  3.3136E-01  4.7526E-02
  1.2480E+02  3.3124E-01  4.7609E-02
  1.2511E+02  3.3112E-01  4.7692E-02
  1.2542E+02  3.3100E-01  4.7774E-02
  1.2574E+02  3.3087E-01  4.7855E-02
  1.2605E+02  3.3074E-01  4.7936E-02
  1.2636E+02  3.3060E-01  4.8015E-02
  1.2667E+02  3.3046E-01  4.8094E-02
  1.2698E+02  3.3032E-01  4.8174E-02
  1.2730E+02  3.3018E-01  4.8256E-02
  1.2761E+02  3.3004E-01  4.8343E-02
  1.2792E+02  3.2991E-01  4.8437E-02
  1.2823E+02  3.2978E-01  4.8541E-02
  1.2854E+02  3.2966E-01  4.8653E-02
  1.2886E+02  3.2955E-01  4.8775E-02
  1.2917E+02  3.2944E-01  4.8903E-02
  1.2948E+02  3.2933E-01  4.9035E-02
  1.2979E+02  3.2922E-01  4.9167E-02
  1.3010E+02  3.2912E-01  4.9298E-02
  1.3042E+02  3.2901E-01  4.9427E-02
  1.3073E+02  3.2890E-01  4.9554E-02
  1.3104E+02  3.2879E-01  4.9679E-02
  1.3135E+02  3.2868E-01  4.9803E-02
  1.3166E+02  3.2856E-01  4.9925E-02
  1.3198E+02  3.2844E-01  5.0045E-02
  1.3229E+02  3.2832E-01  5.0163E-02
  1.3260E+02  3.2819E-01  5.0278E-02
  1.3291E+02  3.2806E-01  5.0389E-02
  1.3322E+02  3.2793E-01  5.0495E-02
  1.3354E+02  3.2779E-01  5.0598E-02
  1.3385E+02  3.2766E-01  5.0697E-02
  1.3416E+02  3.2752E-01  5.0794E-02
  1.3447E+02  3.2738E-01  5.0892E-02
  1.3478E+02  3.2725E-01  5.0991E-02
  1.3510E+02  3.2711E-01  5.1093E-02
  1.3541E+02  3.2699E-01  5.1200E-02
  1.3572E+02  3.2687E-01  5.1310E-02
  1.3603E+02  3.2675E-01  5.1422E-02
  1.3634E+02  3.2664E-01  5.1533E-02
  1.3666E+02  3.2653E-01  5.1643E-02
  1.3697E+02  3.2642E-01  5.1751E-02
  1.3728E+02  3.2631E-01  5.1857E-02
  1.3759E+02  3.2621E-01  5.1960E-02
  1.3790E+02  3.2610E-01  5.2061E-02
  1.3822E+02  3.2599E-01  5.2160E-02
  1.3853E+02  3.2588E-01  5.2258E-02
  1.3884E+02  3.2577E-01  5.2355E-02
  1.3915E+02  3.2566E-01  5.2452E-02
  1.3946E+02  3.2555E-01  5.2548E-02
  1.3978E+02  3.2544E-01  5.2646E-02
  1.4009E+02  3.2534E-01  5.2745E-02
  1.4040E+02  3.2523E-01  5.2845E-02
  1.4071E+02  3.2513E-01  5.2946E-02
  1.4102E+02  3.2502E-01  5.3047E-02
  1.4134E+02  3.2492E-01  5.3148E-02
  1.4165E+02  3.2481E-01  5.3246E-02
  1.4196E+02  3.2470E-01  5.3343E-02
  1.4227E+02  3.2459E-01  5.3438E-02
  1.4258E+02  3.2447E-01  5.3530E-02
  1.4290E+02  3.2436E-01  5.3622E-02
  1.4321E+02  3.2424E-01  5.3714E-02
  1.4352E+02  3.2411E-01  5.3805E-02
  1.4383E+02  3.2399E-01  5.3897E-02
  1.4414E+02  3.2387E-01  5.3988E-02
  1.4446E+02  3.2374E-01  5.4080E-02
  1.4477E+02  3.2361E-01  5.4172E-02
  1.4508E+02  3.2349E-01  5.4264E-02
  1.4539E+02  3.2337E-01  5.4355E-02
  1.4570E+02  3.2325E-01  5.4446E-02
  1.4602E+02  3.2313E-01  5.4536E-02
  1.4633E+02  3.2301E-01  5.4626E-02
  1.4664E+02  3.2289E-01  5.4716E-02
  1.4695E+02  3.2278E-01  5.4806E-02
  1.4726E+02  3.2267E-01  5.4898E-02
  1.4758E+02  3.2256E-01  5.4991E-02
  1.4789E+02  3.2245E-01  5.5086E-02
  1.4820E+02  3.2235E-01  5.5184E-02
  1.4851E+02  3.2225E-01  5.5284E-02
  1.4882E+02  3.2215E-01  5.5387E-02
  1.4914E+02  3.2204E-01  5.5492E-02
  1.4945E+02  3.2194E-01  5.5597E-02
  1.4976E+02  3.2184E-01  5.5701E-02
  1.5007E+02  3.2174E-01  5.5801E-02
  1.5038E+02  3.2164E-01  5.5898E-02
  1.5070E+02  3.2153E-01  5.5990E-02
  1.5101E+02  3.2143E-01  5.6077E-02
  1.5132E+02  3.2132E-01  5.6162E-02
  1.5163E+02  3.2120E-01  5.6244E-02
  1.5194E+02  3.2109E-01  5.6326E-02
  1.5226E+02  3.2097E-01  5.6408E-02
  1.5257E+02  3.2086E-01  5.6492E-02
  1.5288E+02  3.2074E-01  5.6578E-02
  1.5319E+02  3.2063E-01  5.6665E-02
  1.5350E+02  3.2052E-01  5.6754E-02
  1.5382E+02  3.2041E-01  5.6844E-02
  1.5413E+02  3.2031E-01  5.6936E-02
  1.5444E+02  3.2020E-01  5.7029E-02
  1.5475E+02  3.2010E-01  5.7124E-02
  1.5506E+02  3.2000E-01  5.7219E-02
  1.5538E+02  3.1990E-01  5.7316E-02
  1.5569E+02  3.1980E-01  5.7412E-02
  1.5600E+02  3.1970E-01  5.7507E-02
  1.5631E+02  3.1960E-01  5.7602E-02
  1.5662E+02  3.1951E-01  5.7696E-02
  1.5694E+02  3.1941E-01  5.7791E-02
  1.5725E+02  3.1931E-01  5.7886E-02
  1.5756E+02  3.1922E-01  5.7983E-02
  1.5787E+02  3.1912E-01  5.8081E-02
  1.5818E+02  3.1903E-01  5.8179E-02
  1.5850E+02  3.1893E-01  5.8278E-02
  1.5881E+02  3.1884E-01  5.8376E-02
  1.5912E+02  3.1874E-01  5.8472E-02
  1.5943E+02  3.1864E-01  5.8565E-02
  1.5974E+02  3.1855E-01  5.8655E-02
  1.6006E+02  3.1845E-01  5.8742E-02
  1.6037E+02  3.1835E-01  5.8826E-02
  1.6068E+02  3.1825E-01  5.8908E-02
  1.6099E+02  3.1815E-01  5.8989E-02
  1.6130E+02  3.1805E-01  5.9070E-02
  1.6162E+02  3.1795E-01  5.9152E-02
  1.6193E+02  3.1785E-01  5.9236E-02
  1.6224E+02  3.1776E-01  5.9322E-02
  1.6255E+02  3.1766E-01  5.9409E-02
  1.6286E+02  3.1756E-01  5.9499E-02
  1.6318E+02  3.1747E-01  5.9589E-02
  1.6349E+02  3.1737E-01  5.9680E-02
  1.6380E+02  3.1728E-01  5.9770E-02
  1.6411E+02  3.1718E-01  5.9861E-02
  1.6442E+02  3.1708E-01  5.9950E-02
  1.6474E+02  3.1698E-01  6.0037E-02
  1.6505E+02  3.1688E-01  6.0124E-02
  1.6536E+02  3.1678E-01  6.0209E-02
  1.6567E+02  3.1668E-01  6.0294E-02
  1.6598E+02  3.1657E-01  6.0378E-02
  1.6630E+02  3.1647E-01  6.0463E-02
  1.6661E+02  3.1637E-01  6.0549E-02
  1.6692E+02  3.1627E-01  6.0637E-02
  1.6723E+02  3.1618E-01  6.0727E-02
  1.6754E+02  3.1608E-01  6.0818E-02
  1.6786E+02  3.1598E-01  6.0912E-02
  1.6817E+02  3.1588E-01  6.1007E-02
  1.6848E+02  3.1579E-01  6.1102E-02
  1.6879E+02  3.1569E-01  6.1196E-02
  1.6910E+02  3.1559E-01  6.1290E-02
  1.6942E+02  3.1549E-01  6.1383E-02
  1.6973E+02  3.1539E-01  6.1474E-02
  1.7004E+02  3.1529E-01  6.1564E-02
  1.7035E+02  3.1519E-01  6.1653E-02
  1.7066E+02  3.1508E-01  6.1742E-02
  1.7098E+02  3.1498E-01  6.1830E-02
  1.7129E+02  3.1488E-01  6.1919E-02
  1.7160E+02  3.1477E-01  6.2006E-02
  1.7191E+02  3.1467E-01  6.2094E-02
  1.7222E+02  3.1456E-01  6.2182E-02
  1.7254E+02  3.1446E-01  6.2268E-02
  1.7285E+02  3.1435E-01  6.2354E-02
  1.7316E+02  3.1425E-01  6.2439E-02
  1.7347E+02  3.1414E-01  6.2523E-02
  1.7378E+02  3.1403E-01  6.2605E-02
  1.7410E+02  3.1393E-01  6.2688E-02
  1.7441E+02  3.1382E-01  6.2770E-02
  1.7472E+02  3.1371E-01  6.2853E-02
  1.7503E+02  3.1360E-01  6.2936E-02
  1.7534E+02  3.1350E-01  6.3020E-02
  1.7566E+02  3.1339E-01  6.3105E-02
  1.7597E+02  3.1328E-01  6.3191E-02
  1.7628E+02  3.1317E-01  6.3277E-02
  1.7659E+02  3.1306E-01  6.3362E-02
  1.7690E+02  3.1295E-01  6.3448E-02
  1.7722E+02  3.1284E-01  6.3533E-02
  1.7753E+02  3.1273E-01  6.3617E-02
  1.7784E+02  3.1262E-01  6.3701E-02
  1.7815E+02  3.1251E-01  6.3786E-02
  1.7846E+02  3.1240E-01  6.3870E-02
  1.7878E+02  3.1229E-01  6.3954E-02
  1.7909E+02  3.1218E-01  6.4037E-02
  1.7940E+02  3.1207E-01  6.4120E-02
  1.7971E+02  3.1196E-01  6.4203E-02
  1.8002E+02  3.1184E-01  6.4284E-02
  1.8034E+02  3.1173E-01  6.4364E-02
  1.8065E+02  3.1162E-01  6.4443E-02
  1.8096E+02  3.1150E-01  6.4521E-02
  1.8127E+02  3.1139E-01  6.4599E-02
  1.8158E+02  3.1128E-01  6.4677E-02
  1.8190E+02  3.1117E-01  6.4755E-02
  1.8221E+02  3.1106E-01  6.4834E-02
  1.8252E+02  3.1095E-01  6.4914E-02
  1.8283E+02  3.1084E-01  6.4996E-02
  1.8314E+02  3.1073E-01  6.5080E-02
  1.8346E+02  3.1062E-01  6.5164E-02
  1.8377E+02  3.1052E-01  6.5250E-02
  1.8408E+02  3.1041E-01  6.5337E-02
  1.8439E+02  3.1030E-01  6.5424E-02
  1.8470E+02  3.1020E-01  6.5511E-02
  1.8502E+02  3.1009E-01  6.5599E-02
  1.8533E+02  3.0998E-01  6.5685E-02
  1.8564E+02  3.0988E-01  6.5771E-02
  1.8595E+02  3.0977E-01  6.5856E-02
  1.8626E+02  3.0966E-01  6.5940E-02
  1.8658E+02  3.0955E-01  6.6024E-02
  1.8689E+02  3.0944E-01  6.6107E-02
  1.8720E+02  3.0933E-01  6.6191E-02
  1.8751E+02  3.0922E-01  6.6275E-02
  1.8782E+02  3.0911E-01  6.6359E-02
  1.8814E+02  3.0900E-01  6.6445E-02
  1.8845E+02  3.0889E-01  6.6531E-02
  1.8876E+02  3.0878E-01  6.6617E-02
  1.8907E+02  3.0867E-01  6.6703E-02
  1.8938E+02  3.0855E-01  6.6790E-02
  1.8970E+02  3.0844E-01  6.6875E-02
  1.9001E+02  3.0833E-01  6.6960E-02
  1.9032E+02  3.0821E-01  6.7043E-02
  1.9063E+02  3.0810E-01  6.7126E-02
  1.9094E+02  3.0798E-01  6.7208E-02
  1.9126E+02  3.0787E-01  6.7289E-02
  1.9157E+02  3.0775E-01  6.7369E-02
  1.9188E+02  3.0763E-01  6.7449E-02
  1.9219E+02  3.0752E-01  6.7528E-02
  1.9250E+02  3.0740E-01  6.7608E-02
  1.9282E+02  3.0728E-01  6.7687E-02
  1.9313E+02  3.0717E-01  6.7767E-02
  1.9344E+02  3.0705E-01  6.7847E-02
  1.9375E+02  3.0694E-01  6.7928E-02
  1.9406E+02  3.0683E-01  6.8010E-02
  1.9438E+02  3.0672E-01  6.8092E-02
  1.9469E+02  3.0661E-01  6.8174E-02
  1.9500E+02  3.0650E-01  6.8257E-02
  1.9531E+02  3.0639E-01  6.8340E-02
  1.9562E+02  3.0628E-01  6.8423E-02
  1.9594E+02  3.0617E-01  6.8506E-02
  1.9625E+02  3.0606E-01  6.8588E-02
  1.9656E+02  3.0595E-01  6.8671E-02
  1.9687E+02  3.0584E-01  6.8753E-02
  1.9718E+02  3.0574E-01  6.8835E-02
  1.9750E+02  3.0563E-01  6.8917E-02
  1.9781E+02  3.0552E-01  6.8999E-02
  1.9812E+02  3.0541E-01  6.9082E-02
  1.9843E+02  3.0530E-01  6.9164E-02
  1.9874E+02  3.0520E-01  6.9246E-02
  1.9906E+02  3.0509E-01  6.9328E-02
  1.9937E+02  3.0498E-01  6.9409E-02
  1.9968E+02  3.0487E-01  6.9490E-02
  1.9999E+02  3.0477E-01  6.9570E-02
  2.0030E+02  3.0466E-01  6.9650E-02
  2.0062E+02  3.0455E-01  6.9730E-02
  2.0093E+02  3.0445E-01  6.9810E-02
  2.0124E+02  3.0434E-01  6.9890E-02
  2.0155E+02  3.0423E-01  6.9970E-02
  2.0186E+02  3.0413E-01  7.0050E-02
  2.0218E+02  3.0402E-01  7.0131E-02
  2.0249E+02  3.0392E-01  7.0212E-02
  2.0280E+02  3.0381E-01  7.0293E-02
  2.0311E+02  3.0370E-01  7.0374E-02
  2.0342E+02  3.0360E-01  7.0455E-02
  2.0374E+02  3.0349E-01  7.0536E-02
  2.0405E+02  3.0339E-01  7.0616E-02
  2.0436E+02  3.0329E-01  7.0697E-02
  2.0467E+02  3.0318E-01  7.0777E-02
  2.0498E+02  3.0308E-01  7.0856E-02
  2.0530E+02  3.0297E-01  7.0936E-02
  2.0561E+02  3.0287E-01  7.1016E-02
  2.0592E+02  3.0276E-01  7.1095E-02
  2.0623E+02  3.0266E-01  7.1174E-02
  2.0654E+02  3.0255E-01  7.1253E-02
  2.0686E+02  3.0245E-01  7.1332E-02
  2.0717E+02  3.0234E-01  7.1411E-02
  2.0748E+02  3.0224E-01  7.1489E-02
  2.0779E+02  3.0213E-01  7.1567E-02
  2.0810E+02  3.0203E-01  7.1645E-02
  2.0842E+02  3.0193E-01  7.1722E-02
  2.0873E+02  3.0182E-01  7.1800E-02
  2.0904E+02  3.0172E-01  7.1878E-02
  2.0935E+02  3.0161E-01  7.1955E-02
  2.0966E+02  3.0151E-01  7.2033E-02
  2.0998E+02  3.0141E-01  7.2111E-02
  2.1029E+02  3.0130E-01  7.2188E-02
  2.1060E+02  3.0120E-01  7.2266E-02
  2.1091E+02  3.0109E-01  7.2343E-02
  2.1122E+02  3.0099E-01  7.2420E-02
  2.1154E+02  3.0089E-01  7.2496E-02
  2.1185E+02  3.0079E-01  7.2573E-02
  2.1216E+02  3.0068E-01  7.2649E-02
  2.1247E+02  3.0058E-01  7.2726E-02
  2.1278E+02  3.0048E-01  7.2803E-02
  2.1310E+02  3.0037E-01  7.2879E-02
  2.1341E+02  3.0027E-01  7.2956E-02
  2.1372E+02  3.0017E-01  7.3032E-02
  2.1403E+02  3.0007E-01  7.3109E-02
  2.1434E+02  2.9997E-01  7.3185E-02
  2.1466E+02  2.9987E-01  7.3262E-02
  2.1497E+02  2.9976E-01  7.3339E-02
  2.1528E+02  2.9966E-01  7.3415E-02
  2.1559E+02  2.9956E-01  7.3492E-02
  2.1590E+02  2.9946E-01  7.3569E-02
  2.1622E+02  2.9936E-01  7.3646E-02
  2.1653E+02  2.9926E-01  7.3723E-02
  2.1684E+02  2.9916E-01  7.3800E-02
  2.1715E+02  2.9906E-01  7.3877E-02
  2.1746E+02  2.9896E-01  7.3954E-02
  2.1778E+02  2.9886E-01  7.4031E-02
  2.1809E+02  2.9876E-01  7.4108E-02
  2.1840E+02  2.9866E-01  7.4184E-02
  2.1871E+02  2.9856E-01  7.4261E-02
  2.1902E+02  2.9846E-01  7.4337E-02
  2.1934E+02  2.9836E-01  7.4414E-02
  2.1965E+02  2.9826E-01  7.4490E-02
  2.1996E+02  2.9817E-01  7.4566E-02
  2.2027E+02  2.9807E-01  7.4642E-02
  2.2058E+02  2.9797E-01  7.4718E-02
  2.2090E+02  2.9787E-01  7.4795E-02
  2.2121E+02  2.9777E-01  7.4871E-02
  2.2152E+02  2.9767E-01  7.4947E-02
  2.2183E+02  2.9758E-01  7.5024E-02
  2.2214E+02  2.9748E-01  7.5100E-02
  2.2246E+02  2.9738E-01  7.5176E-02
  2.2277E+02  2.9728E-01  7.5253E-02
  2.2308E+02  2.9719E-01  7.5329E-02
  2.2339E+02  2.9709E-01  7.5406E-02
  2.2370E+02  2.9699E-01  7.5482E-02
  2.2402E+02  2.9689E-01  7.5558E-02
  2.2433E+02  2.9680E-01  7.5635E-02
  2.2464E+02  2.9670E-01  7.5711E-02
  2.2495E+02  2.9660E-01  7.5788E-02
  2.2526E+02  2.9651E-01  7.5864E-02
  2.2558E+02  2.9641E-01  7.5940E-02
  2.2589E+02  2.9631E-01  7.6017E-02
  2.2620E+02  2.9622E-01  7.6093E-02
  2.2651E+02  2.9612E-01  7.6169E-02
  2.2682E+02  2.9602E-01  7.6244E-02
  2.2714E+02  2.9592E-01  7.6320E-02
  2.2745E+02  2.9583E-01  7.6396E-02
  2.2776E+02  2.9573E-01  7.6471E-02
  2.2807E+02  2.9563E-01  7.6547E-02
  2.2838E+02  2.9553E-01  7.6622E-02
  2.2870E+02  2.9543E-01  7.6698E-02
  2.2901E+02  2.9534E-01  7.6773E-02
  2.2932E+02  2.9524E-01  7.6849E-02
  2.2963E+02  2.9514E-01  7.6924E-02
  2.2994E+02  2.9504E-01  7.7000E-02
  2.3026E+02  2.9494E-01  7.7075E-02
  2.3057E+02  2.9484E-01  7.7151E-02
  2.3088E+02  2.9475E-01  7.7226E-02
  2.3119E+02  2.9465E-01  7.7302E-02
  2.3150E+02  2.9455E-01  7.7377E-02
  2.3182E+02  2.9445E-01  7.7453E-02
  2.3213E+02  2.9435E-01  7.7529E-02
  2.3244E+02  2.9425E-01  7.7604E-02
  2.3275E+02  2.9415E-01  7.7680E-02
  2.3306E+02  2.9405E-01  7.7756E-02
  2.3338E+02  2.9395E-01  7.7832E-02
  2.3369E+02  2.9386E-01  7.7908E-02
  2.3400E+02  2.9376E-01  7.7983E-02
  2.3431E+02  2.9366E-01  7.8059E-02
  2.3462E+02  2.9356E-01  7.8135E-02
  2.3494E+02  2.9346E-01  7.8210E-02
  2.3525E+02  2.9336E-01  7.8286E-02
  2.3556E+02  2.9326E-01  7.8362E-02
  2.3587E+02  2.9316E-01  7.8437E-02
  2.3618E+02  2.9306E-01  7.8512E-02
  2.3650E+02  2.9296E-01  7.8587E-02
  2.3681E+02  2.9286E-01  7.8662E-02
  2.3712E+02  2.9276E-01  7.8737E-02
  2.3743E+02  2.9266E-01  7.8811E-02
  2.3774E+02  2.9256E-01  7.8885E-02
  2.3806E+02  2.9246E-01  7.8959E-02
  2.3837E+02  2.9236E-01  7.9033E-02
  2.3868E+02  2.9226E-01  7.9106E-02
  2.3899E+02  2.9216E-01  7.9180E-02
  2.3930E+02  2.9206E-01  7.9253E-02
  2.3962E+02  2.9195E-01  7.9326E-02
  2.3993E+02  2.9185E-01  7.9399E-02
  2.4024E+02  2.9175E-01  7.9472E-02
  2.4055E+02  2.9165E-01  7.9544E-02
  2.4086E+02  2.9155E-01  7.9616E-02
  2.4118E+02  2.9145E-01  7.9689E-02
  2.4149E+02  2.9135E-01  7.9761E-02
  2.4180E+02  2.9125E-01  7.9832E-02
  2.4211E+02  2.9116E-01  7.9904E-02
  2.4242E+02  2.9106E-01  7.9976E-02
  2.4274E+02  2.9096E-01  8.0048E-02
  2.4305E+02  2.9086E-01  8.0119E-02
  2.4336E+02  2.9076E-01  8.0191E-02
  2.4367E+02  2.9066E-01  8.0263E-02
  2.4398E+02  2.9056E-01  8.0334E-02
  2.4430E+02  2.9046E-01  8.0406E-02
  2.4461E+02  2.9036E-01  8.0477E-02
  2.4492E+02  2.9026E-01  8.0549E-02
  2.4523E+02  2.9016E-01  8.0620E-02
  2.4554E+02  2.9006E-01  8.0691E-02
  2.4586E+02  2.8996E-01  8.0763E-02
  2.4617E+02  2.8985E-01  8.0834E-02
  2.4648E+02  2.8975E-01  8.0905E-02
  2.4679E+02  2.8965E-01  8.0976E-02
  2.4710E+02  2.8955E-01  8.1047E-02
  2.4742E+02  2.8945E-01  8.1118E-02
  2.4773E+02  2.8935E-01  8.1189E-02
  2.4804E+02  2.8925E-01  8.1260E-02
  2.4835E+02  2.8915E-01  8.1331E-02
  2.4866E+02  2.8905E-01  8.1402E-02
  2.4898E+02  2.8895E-01  8.1472E-02
  2.4929E+02  2.8885E-01  8.1543E-02
  2.4960E+02  2.8875E-01  8.1613E-02
  2.4991E+02  2.8865E-01  8.1684E-02
  2.5022E+02  2.8855E-01  8.1754E-02
  2.5054E+02  2.8845E-01  8.1824E-02
  2.5085E+02  2.8834E-01  8.1895E-02
  2.5116E+02  2.8824E-01  8.1965E-02
  2.5147E+02  2.8814E-01  8.2035E-02
  2.5178E+02  2.8804E-01  8.2105E-02
  2.5210E+02  2.8794E-01  8.2175E-02
  2.5241E+02  2.8784E-01  8.2245E-02
  2.5272E+02  2.8774E-01  8.2315E-02
  2.5303E+02  2.8764E-01  8.2384E-02
  2.5334E+02  2.8754E-01  8.2454E-02
  2.5366E+02  2.8744E-01  8.2523E-02
  2.5397E+02  2.8734E-01  8.2592E-02
  2.5428E+02  2.8724E-01  8.2662E-02
  2.5459E+02  2.8714E-01  8.2731E-02
  2.5490E+02  2.8703E-01  8.2800E-02
  2.5522E+02  2.8693E-01  8.2869E-02
  2.5553E+02  2.8683E-01  8.2938E-02
  2.5584E+02  2.8673E-01  8.3007E-02
  2.5615E+02  2.8663E-01  8.3076E-02
  2.5646E+02  2.8653E-01  8.3145E-02
  2.5678E+02  2.8643E-01  8.3214E-02
  2.5709E+02  2.8633E-01  8.3283E-02
  2.5740E+02  2.8623E-01  8.3351E-02
  2.5771E+02  2.8613E-01  8.3420E-02
  2.5802E+02  2.8603E-01  8.3488E-02
  2.5834E+02  2.8593E-01  8.3557E-02
  2.5865E+02  2.8582E-01  8.3625E-02
  2.5896E+02  2.8572E-01  8.3693E-02
  2.5927E+02  2.8562E-01  8.3761E-02
  2.5958E+02  2.8552E-01  8.3829E-02
  2.5990E+02  2.8542E-01  8.3897E-02
  2.6021E+02  2.8532E-01  8.3965E-02
  2.6052E+02  2.8522E-01  8.4032E-02
  2.6083E+02  2.8512E-01  8.4100E-02
  2.6114E+02  2.8502E-01  8.4168E-02
  2.6146E+02  2.8492E-01  8.4235E-02
  2.6177E+02  2.8481E-01  8.4303E-02
  2.6208E+02  2.8471E-01  8.4370E-02
  2.6239E+02  2.8461E-01  8.4437E-02
  2.6270E+02  2.8451E-01  8.4505E-02
  2.6302E+02  2.8441E-01  8.4572E-02
  2.6333E+02  2.8431E-01  8.4639E-02
  2.6364E+02  2.8421E-01  8.4707E-02
  2.6395E+02  2.8411E-01  8.4774E-02
  2.6426E+02  2.8401E-01  8.4841E-02
  2.6458E+02  2.8391E-01  8.4907E-02
  2.6489E+02  2.8380E-01  8.4974E-02
  2.6520E+02  2.8370E-01  8.5041E-02
  2.6551E+02  2.8360E-01  8.5107E-02
  2.6582E+02  2.8350E-01  8.5174E-02
  2.6614E+02  2.8340E-01  8.5240E-02
  2.6645E+02  2.8330E-01  8.5307E-02
  2.6676E+02  2.8320E-01  8.5373E-02
  2.6707E+02  2.8310E-01  8.5439E-02
  2.6738E+02  2.8300E-01  8.5505E-02
  2.6770E+02  2.8289E-01  8.5571E-02
  2.6801E+02  2.8279E-01  8.5637E-02
  2.6832E+02  2.8269E-01  8.5703E-02
  2.6863E+02  2.8259E-01  8.5769E-02
  2.6894E+02  2.8249E-01  8.5835E-02
  2.6926E+02  2.8239E-01  8.5901E-02
  2.6957E+02  2.8229E-01  8.5967E-02
  2.6988E+02  2.8219E-01  8.6033E-02
  2.7019E+02  2.8209E-01  8.6099E-02
  2.7050E+02  2.8198E-01  8.6165E-02
  2.7082E+02  2.8188E-01  8.6231E-02
  2.7113E+02  2.8178E-01  8.6296E-02
  2.7144E+02  2.8168E-01  8.6362E-02
  2.7175E+02  2.8158E-01  8.6428E-02
  2.7206E+02  2.8148E-01  8.6493E-02
  2.7238E+02  2.8138E-01  8.6559E-02
  2.7269E+02  2.8128E-01  8.6624E-02
  2.7300E+02  2.8118E-01  8.6689E-02
  2.7331E+02  2.8108E-01  8.6755E-02
  2.7362E+02  2.8098E-01  8.6820E-02
  2.7394E+02  2.8088E-01  8.6885E-02
  2.7425E+02  2.8077E-01  8.6950E-02
  2.7456E+02  2.8067E-01  8.7015E-02
  2.7487E+02  2.8057E-01  8.7080E-02
  2.7518E+02  2.8047E-01  8.7145E-02
  2.7550E+02  2.8037E-01  8.7210E-02
  2.7581E+02  2.8027E-01  8.7275E-02
  2.7612E+02  2.8017E-01  8.7339E-02
  2.7643E+02  2.8007E-01  8.7404E-02
  2.7674E+02  2.7997E-01  8.7468E-02
  2.7706E+02  2.7987E-01  8.7532E-02
  2.7737E+02  2.7977E-01  8.7597E-02
  2.7768E+02  2.7967E-01  8.7661E-02
  2.7799E+02  2.7957E-01  8.7725E-02
  2.7830E+02  2.7947E-01  8.7789E-02
  2.7862E+02  2.7937E-01  8.7853E-02
  2.7893E+02  2.7927E-01  8.7917E-02
  2.7924E+02  2.7917E-01  8.7981E-02
  2.7955E+02  2.7906E-01  8.8045E-02
  2.7986E+02  2.7896E-01  8.8109E-02
  2.8018E+02  2.7886E-01  8.8173E-02
  2.8049E+02  2.7876E-01  8.8237E-02
  2.8080E+02  2.7866E-01  8.8301E-02
  2.8111E+02  2.7856E-01  8.8365E-02
  2.8142E+02  2.7846E-01  8.8428E-02
  2.8174E+02  2.7836E-01  8.8492E-02
  2.8205E+02  2.7826E-01  8.8555E-02
  2.8236E+02  2.7816E-01  8.8619E-02
  2.8267E+02  2.7806E-01  8.8682E-02
  2.8298E+02  2.7796E-01  8.8745E-02
  2.8330E+02  2.7786E-01  8.8808E-02
  2.8361E+02  2.7776E-01  8.8871E-02
  2.8392E+02  2.7766E-01  8.8934E-02
  2.8423E+02  2.7756E-01  8.8997E-02
  2.8454E+02  2.7746E-01  8.9060E-02
  2.8486E+02  2.7736E-01  8.9123E-02
  2.8517E+02  2.7726E-01  8.9186E-02
  2.8548E+02  2.7716E-01  8.9249E-02
  2.8579E+02  2.7706E-01  8.9311E-02
  2.8610E+02  2.7696E-01  8.9374E-02
  2.8642E+02  2.7686E-01  8.9437E-02
  2.8673E+02  2.7676E-01  8.9499E-02
  2.8704E+02  2.7666E-01  8.9562E-02
  2.8735E+02  2.7656E-01  8.9624E-02
  2.8766E+02  2.7646E-01  8.9686E-02
  2.8798E+02  2.7636E-01  8.9749E-02
  2.8829E+02  2.7626E-01  8.9811E-02
  2.8860E+02  2.7616E-01  8.9873E-02
  2.8891E+02  2.7606E-01  8.9935E-02
  2.8922E+02  2.7596E-01  8.9997E-02
  2.8954E+02  2.7586E-01  9.0059E-02
  2.8985E+02  2.7576E-01  9.0121E-02
  2.9016E+02  2.7566E-01  9.0183E-02
  2.9047E+02  2.7556E-01  9.0245E-02
  2.9078E+02  2.7546E-01  9.0307E-02
  2.9110E+02  2.7536E-01  9.0368E-02
  2.9141E+02  2.7526E-01  9.0430E-02
  2.9172E+02  2.7516E-01  9.0491E-02
  2.9203E+02  2.7506E-01  9.0553E-02
  2.9234E+02  2.7496E-01  9.0614E-02
  2.9266E+02  2.7486E-01  9.0676E-02
  2.9297E+02  2.7476E-01  9.0737E-02
  2.9328E+02  2.7466E-01  9.0798E-02
  2.9359E+02  2.7456E-01  9.0859E-02
  2.9390E+02  2.7446E-01  9.0921E-02
  2.9422E+02  2.7436E-01  9.0982E-02
  2.9453E+02  2.7426E-01  9.1043E-02
  2.9484E+02  2.7416E-01  9.1104E-02
  2.9515E+02  2.7406E-01  9.1165E-02
  2.9546E+02  2.7396E-01  9.1226E-02
  2.9578E+02  2.7386E-01  9.1286E-02
  2.9609E+02  2.7376E-01  9.1347E-02
  2.9640E+02  2.7366E-01  9.1408E-02
  2.9671E+02  2.7356E-01  9.1469E-02
  2.9702E+02  2.7346E-01  9.1529E-02
  2.9734E+02  2.7336E-01  9.1590E-02
  2.9765E+02  2.7326E-01  9.1651E-02
  2.9796E+02  2.7316E-01  9.1711E-02
  2.9827E+02  2.7306E-01  9.1772E-02
  2.9858E+02  2.7296E-01  9.1832E-02
  2.9890E+02  2.7286E-01  9.1892E-02
  2.9921E+02  2.7276E-01  9.1953E-02
  2.9952E+02  2.7266E-01  9.2013E-02
  2.9983E+02  2.7256E-01  9.2073E-02
  3.0014E+02  2.7246E-01  9.2133E-02
  3.0046E+02  2.7237E-01  9.2193E-02
  3.0077E+02  2.7227E-01  9.2253E-02
  3.0108E+02  2.7217E-01  9.2313E-02
  3.0139E+02  2.7207E-01  9.2373E-02
  3.0170E+02  2.7197E-01  9.2433E-02
  3.0202E+02  2.7187E-01  9.2493E-02
  3.0233E+02  2.7177E-01  9.2553E-02
  3.0264E+02  2.7167E-01  9.2612E-02
  3.0295E+02  2.7157E-01  9.2672E-02
  3.0326E+02  2.7147E-01  9.2732E-02
  3.0358E+02  2.7137E-01  9.2791E-02
  3.0389E+02  2.7127E-01  9.2851E-02
  3.0420E+02  2.7117E-01  9.2910E-02
  3.0451E+02  2.7107E-01  9.2970E-02
  3.0482E+02  2.7097E-01  9.3029E-02
  3.0514E+02  2.7088E-01  9.3088E-02
  3.0545E+02  2.7078E-01  9.3147E-02
  3.0576E+02  2.7068E-01  9.3207E-02
  3.0607E+02  2.7058E-01  9.3266E-02
  3.0638E+02  2.7048E-01  9.3325E-02
  3.0670E+02  2.7038E-01  9.3384E-02
  3.0701E+02  2.7028E-01  9.3443E-02
  3.0732E+02  2.7018E-01  9.3502E-02
  3.0763E+02  2.7008E-01  9.3560E-02
  3.0794E+02  2.6998E-01  9.3619E-02
  3.0826E+02  2.6988E-01  9.3678E-02
  3.0857E+02  2.6979E-01  9.3736E-02
  3.0888E+02  2.6969E-01  9.3795E-02
  3.0919E+02  2.6959E-01  9.3854E-02
  3.0950E+02  2.6949E-01  9.3912E-02
  3.0982E+02  2.6939E-01  9.3970E-02
  3.1013E+02  2.6929E-01  9.4029E-02
  3.1044E+02  2.6919E-01  9.4087E-02
  3.1075E+02  2.6909E-01  9.4145E-02
  3.1106E+02  2.6899E-01  9.4204E-02
  3.1138E+02  2.6890E-01  9.4262E-02
  3.1169E+02  2.6880E-01  9.4320E-02
  3.1200E+02  2.6870E-01  9.4378E-02
  3.1231E+02  2.6860E-01  9.4436E-02
  3.1262E+02  2.6850E-01  9.4494E-02
  3.1294E+02  2.6840E-01  9.4551E-02
  3.1325E+02  2.6830E-01  9.4609E-02
  3.1356E+02  2.6820E-01  9.4667E-02
  3.1387E+02  2.6811E-01  9.4725E-02
  3.1418E+02  2.6801E-01  9.4782E-02
  3.1450E+02  2.6791E-01  9.4840E-02
  3.1481E+02  2.6781E-01  9.4897E-02
  3.1512E+02  2.6771E-01  9.4955E-02
  3.1543E+02  2.6761E-01  9.5012E-02
  3.1574E+02  2.6752E-01  9.5070E-02
  3.1606E+02  2.6742E-01  9.5127E-02
  3.1637E+02  2.6732E-01  9.5184E-02
  3.1668E+02  2.6722E-01  9.5241E-02
  3.1699E+02  2.6712E-01  9.5299E-02
  3.1730E+02  2.6702E-01  9.5356E-02
  3.1762E+02  2.6692E-01  9.5413E-02
  3.1793E+02  2.6683E-01  9.5470E-02
  3.1824E+02  2.6673E-01  9.5527E-02
  3.1855E+02  2.6663E-01  9.5583E-02
  3.1886E+02  2.6653E-01  9.5640E-02
  3.1918E+02  2.6643E-01  9.5697E-02
  3.1949E+02  2.6634E-01  9.5754E-02
  3.1980E+02  2.6624E-01  9.5810E-02
  3.2011E+02  2.6614E-01  9.5867E-02
  3.2042E+02  2.6604E-01  9.5924E-02
  3.2074E+02  2.6594E-01  9.5980E-02
  3.2105E+02  2.6584E-01  9.6037E-02
  3.2136E+02  2.6575E-01  9.6093E-02
  3.2167E+02  2.6565E-01  9.6149E-02
  3.2198E+02  2.6555E-01  9.6206E-02
  3.2230E+02  2.6545E-01  9.6262E-02
  3.2261E+02  2.6535E-01  9.6318E-02
  3.2292E+02  2.6526E-01  9.6374E-02
  3.2323E+02  2.6516E-01  9.6430E-02
  3.2354E+02  2.6506E-01  9.6486E-02
  3.2386E+02  2.6496E-01  9.6542E-02
  3.2417E+02  2.6487E-01  9.6598E-02
  3.2448E+02  2.6477E-01  9.6653E-02
  3.2479E+02  2.6467E-01  9.6709E-02
  3.2510E+02  2.6457E-01  9.6765E-02
  3.2542E+02  2.6447E-01  9.6820E-02
  3.2573E+02  2.6438E-01  9.6876E-02
  3.2604E+02  2.6428E-01  9.6932E-02
  3.2635E+02  2.6418E-01  9.6987E-02
  3.2666E+02  2.6408E-01  9.7043E-02
  3.2698E+02  2.6399E-01  9.7098E-02
  3.2729E+02  2.6389E-01  9.7153E-02
  3.2760E+02  2.6379E-01  9.7209E-02
  3.2791E+02  2.6369E-01  9.7264E-02
  3.2822E+02  2.6360E-01  9.7319E-02
  3.2854E+02  2.6350E-01  9.7374E-02
  3.2885E+02  2.6340E-01  9.7429E-02
  3.2916E+02  2.6330E-01  9.7484E-02
  3.2947E+02  2.6321E-01  9.7539E-02
  3.2978E+02  2.6311E-01  9.7594E-02
  3.3010E+02  2.6301E-01  9.7649E-02
  3.3041E+02  2.6291E-01  9.7704E-02
  3.3072E+02  2.6282E-01  9.7758E-02
  3.3103E+02  2.6272E-01  9.7813E-02
  3.3134E+02  2.6262E-01  9.7868E-02
  3.3166E+02  2.6252E-01  9.7922E-02
  3.3197E+02  2.6243E-01  9.7977E-02
  3.3228E+02  2.6233E-01  9.8031E-02
  3.3259E+02  2.6223E-01  9.8085E-02
  3.3290E+02  2.6213E-01  9.8140E-02
  3.3322E+02  2.6204E-01  9.8194E-02
  3.3353E+02  2.6194E-01  9.8248E-02
  3.3384E+02  2.6184E-01  9.8302E-02
  3.3415E+02  2.6174E-01  9.8356E-02
  3.3446E+02  2.6165E-01  9.8410E-02
  3.3478E+02  2.6155E-01  9.8464E-02
  3.3509E+02  2.6145E-01  9.8518E-02
  3.3540E+02  2.6135E-01  9.8572E-02
  3.3571E+02  2.6126E-01  9.8626E-02
  3.3602E+02  2.6116E-01  9.8680E-02
  3.3634E+02  2.6106E-01  9.8733E-02
  3.3665E+02  2.6097E-01  9.8787E-02
  3.3696E+02  2.6087E-01  9.8840E-02
  3.3727E+02  2.6077E-01  9.8894E-02
  3.3758E+02  2.6067E-01  9.8947E-02
  3.3790E+02  2.6058E-01  9.9001E-02
  3.3821E+02  2.6048E-01  9.9054E-02
  3.3852E+02  2.6038E-01  9.9107E-02
  3.3883E+02  2.6028E-01  9.9161E-02
  3.3914E+02  2.6019E-01  9.9214E-02
  3.3946E+02  2.6009E-01  9.9267E-02
  3.3977E+02  2.5999E-01  9.9320E-02
  3.4008E+02  2.5990E-01  9.9373E-02
  3.4039E+02  2.5980E-01  9.9426E-02
  3.4070E+02  2.5970E-01  9.9479E-02
  3.4102E+02  2.5960E-01  9.9531E-02
  3.4133E+02  2.5951E-01  9.9584E-02
  3.4164E+02  2.5941E-01  9.9637E-02
  3.4195E+02  2.5931E-01  9.9689E-02
  3.4226E+02  2.5922E-01  9.9742E-02
  3.4258E+02  2.5912E-01  9.9795E-02
  3.4289E+02  2.5902E-01  9.9847E-02
  3.4320E+02  2.5892E-01  9.9899E-02
  3.4351E+02  2.5883E-01  9.9952E-02
  3.4382E+02  2.5873E-01  1.0000E-01
  3.4414E+02  2.5863E-01  1.0006E-01
  3.4445E+02  2.5854E-01  1.0011E-01
  3.4476E+02  2.5844E-01  1.0016E-01
  3.4507E+02  2.5834E-01  1.0021E-01
  3.4538E+02  2.5825E-01  1.0026E-01
  3.4570E+02  2.5815E-01  1.0032E-01
  3.4601E+02  2.5805E-01  1.0037E-01
  3.4632E+02  2.5795E-01  1.0042E-01
  3.4663E+02  2.5786E-01  1.0047E-01
  3.4694E+02  2.5776E-01  1.0052E-01
  3.4726E+02  2.5766E-01  1.0058E-01
  3.4757E+02  2.5757E-01  1.0063E-01
  3.4788E+02  2.5747E-01  1.0068E-01
  3.4819E+02  2.5737E-01  1.0073E-01
  3.4850E+02  2.5728E-01  1.0078E-01
  3.4882E+02  2.5718E-01  1.0083E-01
  3.4913E+02  2.5708E-01  1.0088E-01
  3.4944E+02  2.5698E-01  1.0093E-01
  3.4975E+02  2.5689E-01  1.0099E-01
  3.5006E+02  2.5679E-01  1.0104E-01
  3.5038E+02  2.5669E-01  1.0109E-01
  3.5069E+02  2.5660E-01  1.0114E-01
  3.5100E+02  2.5650E-01  1.0119E-01
  3.5131E+02  2.5640E-01  1.0124E-01
  3.5162E+02  2.5631E-01  1.0129E-01
  3.5194E+02  2.5621E-01  1.0134E-01
  3.5225E+02  2.5611E-01  1.0139E-01
  3.5256E+02  2.5601E-01  1.0144E-01
  3.5287E+02  2.5592E-01  1.0149E-01
  3.5318E+02  2.5582E-01  1.0154E-01
  3.5350E+02  2.5572E-01  1.0159E-01
  3.5381E+02  2.5563E-01  1.0165E-01
  3.5412E+02  2.5553E-01  1.0170E-01
  3.5443E+02  2.5543E-01  1.0175E-01
  3.5474E+02  2.5534E-01  1.0180E-01
  3.5506E+02  2.5524E-01  1.0185E-01
  3.5537E+02  2.5514E-01  1.0190E-01
  3.5568E+02  2.5504E-01  1.0195E-01
  3.5599E+02  2.5495E-01  1.0200E-01
  3.5630E+02  2.5485E-01  1.0205E-01
  3.5662E+02  2.5475E-01  1.0210E-01
  3.5693E+02  2.5466E-01  1.0215E-01
  3.5724E+02  2.5456E-01  1.0220E-01
  3.5755E+02  2.5446E-01  1.0224E-01
  3.5786E+02  2.5437E-01  1.0229E-01
  3.5818E+02  2.5427E-01  1.0234E-01
  3.5849E+02  2.5417E-01  1.0239E-01
  3.5880E+02  2.5408E-01  1.0244E-01
  3.5911E+02  2.5398E-01  1.0249E-01
  3.5942E+02  2.5388E-01  1.0254E-01
  3.5974E+02  2.5378E-01  1.0259E-01
  3.6005E+02  2.5369E-01  1.0264E-01
  3.6036E+02  2.5359E-01  1.0269E-01
  3.6067E+02  2.5349E-01  1.0274E-01
  3.6098E+02  2.5340E-01  1.0279E-01
  3.6130E+02  2.5330E-01  1.0284E-01
  3.6161E+02  2.5320E-01  1.0289E-01
  3.6192E+02  2.5311E-01  1.0293E-01
  3.6223E+02  2.5301E-01  1.0298E-01
  3.6254E+02  2.5291E-01  1.0303E-01
  3.6286E+02  2.5282E-01  1.0308E-01
  3.6317E+02  2.5272E-01  1.0313E-01
  3.6348E+02  2.5262E-01  1.0318E-01
  3.6379E+02  2.5253E-01  1.0323E-01
  3.6410E+02  2.5243E-01  1.0328E-01
  3.6442E+02  2.5233E-01  1.0332E-01
  3.6473E+02  2.5224E-01  1.0337E-01
  3.6504E+02  2.5214E-01  1.0342E-01
  3.6535E+02  2.5204E-01  1.0347E-01
  3.6566E+02  2.5195E-01  1.0352E-01
  3.6598E+02  2.5185E-01  1.0356E-01
  3.6629E+02  2.5175E-01  1.0361E-01
  3.6660E+02  2.5166E-01  1.0366E-01
  3.6691E+02  2.5156E-01  1.0371E-01
  3.6722E+02  2.5146E-01  1.0376E-01
  3.6754E+02  2.5137E-01  1.0381E-01
  3.6785E+02  2.5127E-01  1.0385E-01
  3.6816E+02  2.5117E-01  1.0390E-01
  3.6847E+02  2.5108E-01  1.0395E-01
  3.6878E+02  2.5098E-01  1.0400E-01
  3.6910E+02  2.5088E-01  1.0404E-01
  3.6941E+02  2.5079E-01  1.0409E-01
  3.6972E+02  2.5069E-01  1.0414E-01
  3.7003E+02  2.5059E-01  1.0419E-01
  3.7034E+02  2.5050E-01  1.0423E-01
  3.7066E+02  2.5040E-01  1.0428E-01
  3.7097E+02  2.5030E-01  1.0433E-01
  3.7128E+02  2.5021E-01  1.0438E-01
  3.7159E+02  2.5011E-01  1.0442E-01
  3.7190E+02  2.5001E-01  1.0447E-01
  3.7222E+02  2.4992E-01  1.0452E-01
  3.7253E+02  2.4982E-01  1.0456E-01
  3.7284E+02  2.4972E-01  1.0461E-01
  3.7315E+02  2.4963E-01  1.0466E-01
  3.7346E+02  2.4953E-01  1.0471E-01
  3.7378E+02  2.4944E-01  1.0475E-01
  3.7409E+02  2.4934E-01  1.0480E-01
  3.7440E+02  2.4924E-01  1.0485E-01
  3.7471E+02  2.4915E-01  1.0489E-01
  3.7502E+02  2.4905E-01  1.0494E-01
  3.7534E+02  2.4895E-01  1.0499E-01
  3.7565E+02  2.4886E-01  1.0503E-01
  3.7596E+02  2.4876E-01  1.0508E-01
  3.7627E+02  2.4867E-01  1.0513E-01
  3.7658E+02  2.4857E-01  1.0517E-01
  3.7690E+02  2.4847E-01  1.0522E-01
  3.7721E+02  2.4838E-01  1.0526E-01
  3.7752E+02  2.4828E-01  1.0531E-01
  3.7783E+02  2.4818E-01  1.0536E-01
  3.7814E+02  2.4809E-01  1.0540E-01
  3.7846E+02  2.4799E-01  1.0545E-01
  3.7877E+02  2.4790E-01  1.0550E-01
  3.7908E+02  2.4780E-01  1.0554E-01
  3.7939E+02  2.4770E-01  1.0559E-01
  3.7970E+02  2.4761E-01  1.0563E-01
  3.8002E+02  2.4751E-01  1.0568E-01
  3.8033E+02  2.4742E-01  1.0573E-01
  3.8064E+02  2.4732E-01  1.0577E-01
  3.8095E+02  2.4722E-01  1.0582E-01
  3.8126E+02  2.4713E-01  1.0586E-01
  3.8158E+02  2.4703E-01  1.0591E-01
  3.8189E+02  2.4694E-01  1.0595E-01
  3.8220E+02  2.4684E-01  1.0600E-01
  3.8251E+02  2.4675E-01  1.0604E-01
  3.8282E+02  2.4665E-01  1.0609E-01
  3.8314E+02  2.4655E-01  1.0614E-01
  3.8345E+02  2.4646E-01  1.0618E-01
  3.8376E+02  2.4636E-01  1.0623E-01
  3.8407E+02  2.4627E-01  1.0627E-01
  3.8438E+02  2.4617E-01  1.0632E-01
  3.8470E+02  2.4608E-01  1.0636E-01
  3.8501E+02  2.4598E-01  1.0641E-01
  3.8532E+02  2.4588E-01  1.0645E-01
  3.8563E+02  2.4579E-01  1.0650E-01
  3.8594E+02  2.4569E-01  1.0654E-01
  3.8626E+02  2.4560E-01  1.0659E-01
  3.8657E+02  2.4550E-01  1.0663E-01
  3.8688E+02  2.4541E-01  1.0668E-01
  3.8719E+02  2.4531E-01  1.0672E-01
  3.8750E+02  2.4521E-01  1.0677E-01
  3.8782E+02  2.4512E-01  1.0681E-01
  3.8813E+02  2.4502E-01  1.0685E-01
  3.8844E+02  2.4493E-01  1.0690E-01
  3.8875E+02  2.4483E-01  1.0694E-01
  3.8906E+02  2.4474E-01  1.0699E-01
  3.8938E+02  2.4464E-01  1.0703E-01
  3.8969E+02  2.4455E-01  1.0708E-01
  3.9000E+02  2.4445E-01  1.0712E-01
  3.9031E+02  2.4436E-01  1.0717E-01
  3.9062E+02  2.4426E-01  1.0721E-01
  3.9094E+02  2.4417E-01  1.0725E-01
  3.9125E+02  2.4407E-01  1.0730E-01
  3.9156E+02  2.4398E-01  1.0734E-01
  3.9187E+02  2.4388E-01  1.0739E-01
  3.9218E+02  2.4379E-01  1.0743E-01
  3.9250E+02  2.4369E-01  1.0747E-01
  3.9281E+02  2.4359E-01  1.0752E-01
  3.9312E+02  2.4350E-01  1.0756E-01
  3.9343E+02  2.4340E-01  1.0760E-01
  3.9374E+02  2.4331E-01  1.0765E-01
  3.9406E+02  2.4321E-01  1.0769E-01
  3.9437E+02  2.4312E-01  1.0774E-01
  3.9468E+02  2.4302E-01  1.0778E-01
  3.9499E+02  2.4293E-01  1.0782E-01
  3.9530E+02  2.4283E-01  1.0787E-01
  3.9562E+02  2.4274E-01  1.0791E-01
  3.9593E+02  2.4264E-01  1.0795E-01
  3.9624E+02  2.4255E-01  1.0800E-01
  3.9655E+02  2.4245E-01  1.0804E-01
  3.9686E+02  2.4236E-01  1.0808E-01
  3.9718E+02  2.4226E-01  1.0813E-01
  3.9749E+02  2.4217E-01  1.0817E-01
  3.9780E+02  2.4207E-01  1.0821E-01
  3.9811E+02  2.4198E-01  1.0825E-01
  3.9842E+02  2.4189E-01  1.0830E-01
  3.9874E+02  2.4179E-01  1.0834E-01
  3.9905E+02  2.4170E-01  1.0838E-01
  3.9936E+02  2.4160E-01  1.0843E-01
  3.9967E+02  2.4151E-01  1.0847E-01
  3.9998E+02  2.4141E-01  1.0851E-01
  4.0030E+02  2.4132E-01  1.0855E-01
  4.0061E+02  2.4122E-01  1.0860E-01
  4.0092E+02  2.4113E-01  1.0864E-01
  4.0123E+02  2.4103E-01  1.0868E-01
  4.0154E+02  2.4094E-01  1.0872E-01
  4.0186E+02  2.4084E-01  1.0877E-01
  4.0217E+02  2.4075E-01  1.0881E-01
  4.0248E+02  2.4065E-01  1.0885E-01
  4.0279E+02  2.4056E-01  1.0889E-01
  4.0310E+02  2.4047E-01  1.0894E-01
  4.0342E+02  2.4037E-01  1.0898E-01
  4.0373E+02  2.4028E-01  1.0902E-01
  4.0404E+02  2.4018E-01  1.0906E-01
  4.0435E+02  2.4009E-01  1.0910E-01
  4.0466E+02  2.3999E-01  1.0915E-01
  4.0498E+02  2.3990E-01  1.0919E-01
  4.0529E+02  2.3980E-01  1.0923E-01
  4.0560E+02  2.3971E-01  1.0927E-01
  4.0591E+02  2.3962E-01  1.0931E-01
  4.0622E+02  2.3952E-01  1.0936E-01
  4.0654E+02  2.3943E-01  1.0940E-01
  4.0685E+02  2.3933E-01  1.0944E-01
  4.0716E+02  2.3924E-01  1.0948E-01
  4.0747E+02  2.3914E-01  1.0952E-01
  4.0778E+02  2.3905E-01  1.0956E-01
  4.0810E+02  2.3896E-01  1.0960E-01
  4.0841E+02  2.3886E-01  1.0965E-01
  4.0872E+02  2.3877E-01  1.0969E-01
  4.0903E+02  2.3867E-01  1.0973E-01
  4.0934E+02  2.3858E-01  1.0977E-01
  4.0966E+02  2.3848E-01  1.0981E-01
  4.0997E+02  2.3839E-01  1.0985E-01
  4.1028E+02  2.3830E-01  1.0989E-01
  4.1059E+02  2.3820E-01  1.0993E-01
  4.1090E+02  2.3811E-01  1.0998E-01
  4.1122E+02  2.3801E-01  1.1002E-01
  4.1153E+02  2.3792E-01  1.1006E-01
  4.1184E+02  2.3783E-01  1.1010E-01
  4.1215E+02  2.3773E-01  1.1014E-01
  4.1246E+02  2.3764E-01  1.1018E-01
  4.1278E+02  2.3754E-01  1.1022E-01
  4.1309E+02  2.3745E-01  1.1026E-01
  4.1340E+02  2.3736E-01  1.1030E-01
  4.1371E+02  2.3726E-01  1.1034E-01
  4.1402E+02  2.3717E-01  1.1038E-01
  4.1434E+02  2.3707E-01  1.1042E-01
  4.1465E+02  2.3698E-01  1.1046E-01
  4.1496E+02  2.3689E-01  1.1050E-01
  4.1527E+02  2.3679E-01  1.1054E-01
  4.1558E+02  2.3670E-01  1.1058E-01
  4.1590E+02  2.3661E-01  1.1062E-01
  4.1621E+02  2.3651E-01  1.1066E-01
  4.1652E+02  2.3642E-01  1.1070E-01
  4.1683E+02  2.3632E-01  1.1074E-01
  4.1714E+02  2.3623E-01  1.1078E-01
  4.1746E+02  2.3614E-01  1.1082E-01
  4.1777E+02  2.3604E-01  1.1086E-01
  4.1808E+02  2.3595E-01  1.1090E-01
  4.1839E+02  2.3586E-01  1.1094E-01
  4.1870E+02  2.3576E-01  1.1098E-01
  4.1902E+02  2.3567E-01  1.1102E-01
  4.1933E+02  2.3557E-01  1.1106E-01
  4.1964E+02  2.3548E-01  1.1110E-01
  4.1995E+02  2.3539E-01  1.1114E-01
  4.2026E+02  2.3529E-01  1.1118E-01
  4.2058E+02  2.3520E-01  1.1122E-01
  4.2089E+02  2.3511E-01  1.1126E-01
  4.2120E+02  2.3501E-01  1.1130E-01
  4.2151E+02  2.3492E-01  1.1134E-01
  4.2182E+02  2.3483E-01  1.1138E-01
  4.2214E+02  2.3473E-01  1.1142E-01
  4.2245E+02  2.3464E-01  1.1146E-01
  4.2276E+02  2.3455E-01  1.1150E-01
  4.2307E+02  2.3445E-01  1.1153E-01
  4.2338E+02  2.3436E-01  1.1157E-01
  4.2370E+02  2.3427E-01  1.1161E-01
  4.2401E+02  2.3417E-01  1.1165E-01
  4.2432E+02  2.3408E-01  1.1169E-01
  4.2463E+02  2.3398E-01  1.1173E-01
  4.2494E+02  2.3389E-01  1.1177E-01
  4.2526E+02  2.3380E-01  1.1181E-01
  4.2557E+02  2.3370E-01  1.1185E-01
  4.2588E+02  2.3361E-01  1.1188E-01
  4.2619E+02  2.3352E-01  1.1192E-01
  4.2650E+02  2.3343E-01  1.1196E-01
  4.2682E+02  2.3333E-01  1.1200E-01
  4.2713E+02  2.3324E-01  1.1204E-01
  4.2744E+02  2.3315E-01  1.1208E-01
  4.2775E+02  2.3305E-01  1.1212E-01
  4.2806E+02  2.3296E-01  1.1215E-01
  4.2838E+02  2.3287E-01  1.1219E-01
  4.2869E+02  2.3277E-01  1.1223E-01
  4.2900E+02  2.3268E-01  1.1227E-01
  4.2931E+02  2.3259E-01  1.1231E-01
  4.2962E+02  2.3249E-01  1.1234E-01
  4.2994E+02  2.3240E-01  1.1238E-01
  4.3025E+02  2.3231E-01  1.1242E-01
  4.3056E+02  2.3221E-01  1.1246E-01
  4.3087E+02  2.3212E-01  1.1250E-01
  4.3118E+02  2.3203E-01  1.1253E-01
  4.3150E+02  2.3194E-01  1.1257E-01
  4.3181E+02  2.3184E-01  1.1261E-01
  4.3212E+02  2.3175E-01  1.1265E-01
  4.3243E+02  2.3166E-01  1.1268E-01
  4.3274E+02  2.3156E-01  1.1272E-01
  4.3306E+02  2.3147E-01  1.1276E-01
  4.3337E+02  2.3138E-01  1.1280E-01
  4.3368E+02  2.3128E-01  1.1283E-01
  4.3399E+02  2.3119E-01  1.1287E-01
  4.3430E+02  2.3110E-01  1.1291E-01
  4.3462E+02  2.3101E-01  1.1295E-01
  4.3493E+02  2.3091E-01  1.1298E-01
  4.3524E+02  2.3082E-01  1.1302E-01
  4.3555E+02  2.3073E-01  1.1306E-01
  4.3586E+02  2.3063E-01  1.1310E-01
  4.3618E+02  2.3054E-01  1.1313E-01
  4.3649E+02  2.3045E-01  1.1317E-01
  4.3680E+02  2.3036E-01  1.1321E-01
  4.3711E+02  2.3026E-01  1.1324E-01
  4.3742E+02  2.3017E-01  1.1328E-01
  4.3774E+02  2.3008E-01  1.1332E-01
  4.3805E+02  2.2999E-01  1.1335E-01
  4.3836E+02  2.2989E-01  1.1339E-01
  4.3867E+02  2.2980E-01  1.1343E-01
  4.3898E+02  2.2971E-01  1.1346E-01
  4.3930E+02  2.2962E-01  1.1350E-01
  4.3961E+02  2.2952E-01  1.1354E-01
  4.3992E+02  2.2943E-01  1.1357E-01
  4.4023E+02  2.2934E-01  1.1361E-01
  4.4054E+02  2.2925E-01  1.1365E-01
  4.4086E+02  2.2915E-01  1.1368E-01
  4.4117E+02  2.2906E-01  1.1372E-01
  4.4148E+02  2.2897E-01  1.1376E-01
  4.4179E+02  2.2888E-01  1.1379E-01
  4.4210E+02  2.2878E-01  1.1383E-01
  4.4242E+02  2.2869E-01  1.1386E-01
  4.4273E+02  2.2860E-01  1.1390E-01
  4.4304E+02  2.2851E-01  1.1394E-01
  4.4335E+02  2.2841E-01  1.1397E-01
  4.4366E+02  2.2832E-01  1.1401E-01
  4.4398E+02  2.2823E-01  1.1404E-01
  4.4429E+02  2.2814E-01  1.1408E-01
  4.4460E+02  2.2804E-01  1.1412E-01
  4.4491E+02  2.2795E-01  1.1415E-01
  4.4522E+02  2.2786E-01  1.1419E-01
  4.4554E+02  2.2777E-01  1.1422E-01
  4.4585E+02  2.2767E-01  1.1426E-01
  4.4616E+02  2.2758E-01  1.1429E-01
  4.4647E+02  2.2749E-01  1.1433E-01
  4.4678E+02  2.2740E-01  1.1436E-01
  4.4710E+02  2.2731E-01  1.1440E-01
  4.4741E+02  2.2721E-01  1.1444E-01
  4.4772E+02  2.2712E-01  1.1447E-01
  4.4803E+02  2.2703E-01  1.1451E-01
  4.4834E+02  2.2694E-01  1.1454E-01
  4.4866E+02  2.2685E-01  1.1458E-01
  4.4897E+02  2.2675E-01  1.1461E-01
  4.4928E+02  2.2666E-01  1.1465E-01
  4.4959E+02  2.2657E-01  1.1468E-01
  4.4990E+02  2.2648E-01  1.1472E-01
  4.5022E+02  2.2639E-01  1.1475E-01
  4.5053E+02  2.2629E-01  1.1479E-01
  4.5084E+02  2.2620E-01  1.1482E-01
  4.5115E+02  2.2611E-01  1.1486E-01
  4.5146E+02  2.2602E-01  1.1489E-01
  4.5178E+02  2.2593E-01  1.1493E-01
  4.5209E+02  2.2583E-01  1.1496E-01
  4.5240E+02  2.2574E-01  1.1499E-01
  4.5271E+02  2.2565E-01  1.1503E-01
  4.5302E+02  2.2556E-01  1.1506E-01
  4.5334E+02  2.2547E-01  1.1510E-01
  4.5365E+02  2.2537E-01  1.1513E-01
  4.5396E+02  2.2528E-01  1.1517E-01
  4.5427E+02  2.2519E-01  1.1520E-01
  4.5458E+02  2.2510E-01  1.1524E-01
  4.5490E+02  2.2501E-01  1.1527E-01
  4.5521E+02  2.2492E-01  1.1530E-01
  4.5552E+02  2.2482E-01  1.1534E-01
  4.5583E+02  2.2473E-01  1.1537E-01
  4.5614E+02  2.2464E-01  1.1541E-01
  4.5646E+02  2.2455E-01  1.1544E-01
  4.5677E+02  2.2446E-01  1.1547E-01
  4.5708E+02  2.2437E-01  1.1551E-01
  4.5739E+02  2.2427E-01  1.1554E-01
  4.5770E+02  2.2418E-01  1.1558E-01
  4.5802E+02  2.2409E-01  1.1561E-01
  4.5833E+02  2.2400E-01  1.1564E-01
  4.5864E+02  2.2391E-01  1.1568E-01
  4.5895E+02  2.2382E-01  1.1571E-01
  4.5926E+02  2.2373E-01  1.1574E-01
  4.5958E+02  2.2363E-01  1.1578E-01
  4.5989E+02  2.2354E-01  1.1581E-01
  4.6020E+02  2.2345E-01  1.1584E-01
  4.6051E+02  2.2336E-01  1.1588E-01
  4.6082E+02  2.2327E-01  1.1591E-01
  4.6114E+02  2.2318E-01  1.1594E-01
  4.6145E+02  2.2309E-01  1.1598E-01
  4.6176E+02  2.2299E-01  1.1601E-01
  4.6207E+02  2.2290E-01  1.1604E-01
  4.6238E+02  2.2281E-01  1.1608E-01
  4.6270E+02  2.2272E-01  1.1611E-01
  4.6301E+02  2.2263E-01  1.1614E-01
  4.6332E+02  2.2254E-01  1.1618E-01
  4.6363E+02  2.2245E-01  1.1621E-01
  4.6394E+02  2.2235E-01  1.1624E-01
  4.6426E+02  2.2226E-01  1.1628E-01
  4.6457E+02  2.2217E-01  1.1631E-01
  4.6488E+02  2.2208E-01  1.1634E-01
  4.6519E+02  2.2199E-01  1.1637E-01
  4.6550E+02  2.2190E-01  1.1641E-01
  4.6582E+02  2.2181E-01  1.1644E-01
  4.6613E+02  2.2172E-01  1.1647E-01
  4.6644E+02  2.2163E-01  1.1650E-01
  4.6675E+02  2.2153E-01  1.1654E-01
  4.6706E+02  2.2144E-01  1.1657E-01
  4.6738E+02  2.2135E-01  1.1660E-01
  4.6769E+02  2.2126E-01  1.1663E-01
  4.6800E+02  2.2117E-01  1.1667E-01
  4.6831E+02  2.2108E-01  1.1670E-01
  4.6862E+02  2.2099E-01  1.1673E-01
  4.6894E+02  2.2090E-01  1.1676E-01
  4.6925E+02  2.2081E-01  1.1679E-01
  4.6956E+02  2.2072E-01  1.1683E-01
  4.6987E+02  2.2062E-01  1.1686E-01
  4.7018E+02  2.2053E-01  1.1689E-01
  4.7050E+02  2.2044E-01  1.1692E-01
  4.7081E+02  2.2035E-01  1.1695E-01
  4.7112E+02  2.2026E-01  1.1699E-01
  4.7143E+02  2.2017E-01  1.1702E-01
  4.7174E+02  2.2008E-01  1.1705E-01
  4.7206E+02  2.1999E-01  1.1708E-01
  4.7237E+02  2.1990E-01  1.1711E-01
  4.7268E+02  2.1981E-01  1.1715E-01
  4.7299E+02  2.1972E-01  1.1718E-01
  4.7330E+02  2.1963E-01  1.1721E-01
  4.7362E+02  2.1954E-01  1.1724E-01
  4.7393E+02  2.1945E-01  1.1727E-01
  4.7424E+02  2.1935E-01  1.1730E-01
  4.7455E+02  2.1926E-01  1.1733E-01
  4.7486E+02  2.1917E-01  1.1737E-01
  4.7518E+02  2.1908E-01  1.1740E-01
  4.7549E+02  2.1899E-01  1.1743E-01
  4.7580E+02  2.1890E-01  1.1746E-01
  4.7611E+02  2.1881E-01  1.1749E-01
  4.7642E+02  2.1872E-01  1.1752E-01
  4.7674E+02  2.1863E-01  1.1755E-01
  4.7705E+02  2.1854E-01  1.1758E-01
  4.7736E+02  2.1845E-01  1.1761E-01
  4.7767E+02  2.1836E-01  1.1765E-01
  4.7798E+02  2.1827E-01  1.1768E-01
  4.7830E+02  2.1818E-01  1.1771E-01
  4.7861E+02  2.1809E-01  1.1774E-01
  4.7892E+02  2.1800E-01  1.1777E-01
  4.7923E+02  2.1791E-01  1.1780E-01
  4.7954E+02  2.1782E-01  1.1783E-01
  4.7986E+02  2.1773E-01  1.1786E-01
  4.8017E+02  2.1764E-01  1.1789E-01
  4.8048E+02  2.1755E-01  1.1792E-01
  4.8079E+02  2.1746E-01  1.1795E-01
  4.8110E+02  2.1737E-01  1.1798E-01
  4.8142E+02  2.1727E-01  1.1801E-01
  4.8173E+02  2.1718E-01  1.1804E-01
  4.8204E+02  2.1709E-01  1.1807E-01
  4.8235E+02  2.1700E-01  1.1810E-01
  4.8266E+02  2.1691E-01  1.1813E-01
  4.8298E+02  2.1682E-01  1.1817E-01
  4.8329E+02  2.1673E-01  1.1820E-01
  4.8360E+02  2.1664E-01  1.1823E-01
  4.8391E+02  2.1655E-01  1.1826E-01
  4.8422E+02  2.1646E-01  1.1829E-01
  4.8454E+02  2.1637E-01  1.1832E-01
  4.8485E+02  2.1628E-01  1.1835E-01
  4.8516E+02  2.1619E-01  1.1838E-01
  4.8547E+02  2.1610E-01  1.1841E-01
  4.8578E+02  2.1601E-01  1.1843E-01
  4.8610E+02  2.1592E-01  1.1846E-01
  4.8641E+02  2.1583E-01  1.1849E-01
  4.8672E+02  2.1574E-01  1.1852E-01
  4.8703E+02  2.1565E-01  1.1855E-01
  4.8734E+02  2.1556E-01  1.1858E-01
  4.8766E+02  2.1547E-01  1.1861E-01
  4.8797E+02  2.1538E-01  1.1864E-01
  4.8828E+02  2.1530E-01  1.1867E-01
  4.8859E+02  2.1521E-01  1.1870E-01
  4.8890E+02  2.1512E-01  1.1873E-01
  4.8922E+02  2.1503E-01  1.1876E-01
  4.8953E+02  2.1494E-01  1.1879E-01
  4.8984E+02  2.1485E-01  1.1882E-01
  4.9015E+02  2.1476E-01  1.1885E-01
  4.9046E+02  2.1467E-01  1.1888E-01
  4.9078E+02  2.1458E-01  1.1891E-01
  4.9109E+02  2.1449E-01  1.1894E-01
  4.9140E+02  2.1440E-01  1.1896E-01
  4.9171E+02  2.1431E-01  1.1899E-01
  4.9202E+02  2.1422E-01  1.1902E-01
  4.9234E+02  2.1413E-01  1.1905E-01
  4.9265E+02  2.1404E-01  1.1908E-01
  4.9296E+02  2.1395E-01  1.1911E-01
  4.9327E+02  2.1386E-01  1.1914E-01
  4.9358E+02  2.1377E-01  1.1917E-01
  4.9390E+02  2.1368E-01  1.1919E-01
  4.9421E+02  2.1359E-01  1.1922E-01
  4.9452E+02  2.1350E-01  1.1925E-01
  4.9483E+02  2.1341E-01  1.1928E-01
  4.9514E+02  2.1333E-01  1.1931E-01
  4.9546E+02  2.1324E-01  1.1934E-01
  4.9577E+02  2.1315E-01  1.1937E-01
  4.9608E+02  2.1306E-01  1.1939E-01
  4.9639E+02  2.1297E-01  1.1942E-01
  4.9670E+02  2.1288E-01  1.1945E-01
  4.9702E+02  2.1279E-01  1.1948E-01
  4.9733E+02  2.1270E-01  1.1951E-01
  4.9764E+02  2.1261E-01  1.1954E-01
  4.9795E+02  2.1252E-01  1.1956E-01
  4.9826E+02  2.1243E-01  1.1959E-01
  4.9858E+02  2.1234E-01  1.1962E-01
  4.9889E+02  2.1225E-01  1.1965E-01
  4.9920E+02  2.1217E-01  1.1968E-01
  4.9951E+02  2.1208E-01  1.1970E-01
  4.9982E+02  2.1199E-01  1.1973E-01
  5.0000E+02  2.1194E-01  1.1975E-01
