# CREATED BY GENE DIAGNOSTICS TOOL on Mon Jun 25 14:25:33 2018
# diag: GAMDIAG, run(s): 0167, time window: 0-500(1679 steps), species: ions
# original data path: /r/c/cmor/ZF_3rd/w7xhms05/1.5047-2.5/
# normalization: L_ref=5.4832m
#
# xind= 0, x/a= 0.70710677, q= 1.1018624
# Fit:    0.32537301,5.1364793e+08,-2.8400642e+08
# Analytic (Gao, Zhou/Yu): 0.32199362,-0.028982981,16.454936
#  t          Re[phi]     Im[phi]   
  0.0000E+00  9.9997E-01  0.0000E+00
  2.9800E-01  9.9105E-01  9.2276E-04
  5.9600E-01  9.6698E-01  1.7913E-03
  8.9400E-01  9.3323E-01  2.6187E-03
  1.1920E+00  8.9481E-01  3.4199E-03
  1.4900E+00  8.5521E-01  4.2122E-03
  1.7880E+00  8.1659E-01  5.0142E-03
  2.0860E+00  7.8012E-01  5.8263E-03
  2.3840E+00  7.4633E-01  6.6270E-03
  2.6820E+00  7.1539E-01  7.3831E-03
  2.9800E+00  6.8725E-01  8.0616E-03
  3.2780E+00  6.6170E-01  8.6378E-03
  3.5760E+00  6.3850E-01  9.0984E-03
  3.8740E+00  6.1736E-01  9.4407E-03
  4.1720E+00  5.9799E-01  9.6700E-03
  4.4700E+00  5.8013E-01  9.7964E-03
  4.7680E+00  5.6352E-01  9.8334E-03
  5.0660E+00  5.4799E-01  9.7953E-03
  5.3640E+00  5.3336E-01  9.6974E-03
  5.6620E+00  5.1953E-01  9.5553E-03
  5.9600E+00  5.0643E-01  9.3831E-03
  6.2580E+00  4.9401E-01  9.1995E-03
  6.5560E+00  4.8226E-01  9.0158E-03
  6.8540E+00  4.7117E-01  8.8429E-03
  7.1520E+00  4.6075E-01  8.7020E-03
  7.4500E+00  4.5096E-01  8.5934E-03
  7.7480E+00  4.4178E-01  8.5129E-03
  8.0460E+00  4.3321E-01  8.4817E-03
  8.3440E+00  4.2522E-01  8.5039E-03
  8.6420E+00  4.1775E-01  8.5554E-03
  8.9400E+00  4.1075E-01  8.6292E-03
  9.2380E+00  4.0421E-01  8.7398E-03
  9.5360E+00  3.9807E-01  8.8904E-03
  9.8340E+00  3.9231E-01  9.0682E-03
  1.0132E+01  3.8686E-01  9.2666E-03
  1.0430E+01  3.8170E-01  9.4892E-03
  1.0728E+01  3.7680E-01  9.7307E-03
  1.1026E+01  3.7216E-01  9.9744E-03
  1.1324E+01  3.6776E-01  1.0212E-02
  1.1622E+01  3.6359E-01  1.0452E-02
  1.1920E+01  3.5960E-01  1.0698E-02
  1.2218E+01  3.5573E-01  1.0937E-02
  1.2516E+01  3.5196E-01  1.1144E-02
  1.2814E+01  3.4831E-01  1.1306E-02
  1.3112E+01  3.4482E-01  1.1434E-02
  1.3410E+01  3.4158E-01  1.1552E-02
  1.3708E+01  3.3858E-01  1.1672E-02
  1.4006E+01  3.3576E-01  1.1778E-02
  1.4304E+01  3.3301E-01  1.1843E-02
  1.4602E+01  3.3023E-01  1.1855E-02
  1.4900E+01  3.2736E-01  1.1813E-02
  1.5198E+01  3.2442E-01  1.1724E-02
  1.5496E+01  3.2148E-01  1.1599E-02
  1.5794E+01  3.1865E-01  1.1450E-02
  1.6092E+01  3.1600E-01  1.1292E-02
  1.6390E+01  3.1356E-01  1.1144E-02
  1.6688E+01  3.1127E-01  1.1008E-02
  1.6986E+01  3.0902E-01  1.0857E-02
  1.7284E+01  3.0675E-01  1.0664E-02
  1.7582E+01  3.0438E-01  1.0418E-02
  1.7880E+01  3.0195E-01  1.0134E-02
  1.8178E+01  2.9949E-01  9.8337E-03
  1.8476E+01  2.9705E-01  9.5330E-03
  1.8774E+01  2.9466E-01  9.2346E-03
  1.9072E+01  2.9233E-01  8.9374E-03
  1.9370E+01  2.9006E-01  8.6500E-03
  1.9668E+01  2.8785E-01  8.3934E-03
  1.9966E+01  2.8569E-01  8.1864E-03
  2.0264E+01  2.8355E-01  8.0273E-03
  2.0562E+01  2.8139E-01  7.8863E-03
  2.0860E+01  2.7918E-01  7.7199E-03
  2.1158E+01  2.7693E-01  7.4963E-03
  2.1456E+01  2.7473E-01  7.2159E-03
  2.1754E+01  2.7270E-01  6.9121E-03
  2.2052E+01  2.7094E-01  6.6314E-03
  2.2350E+01  2.6950E-01  6.4072E-03
  2.2648E+01  2.6831E-01  6.2451E-03
  2.2946E+01  2.6727E-01  6.1243E-03
  2.3244E+01  2.6624E-01  6.0077E-03
  2.3542E+01  2.6513E-01  5.8607E-03
  2.3840E+01  2.6390E-01  5.6690E-03
  2.4138E+01  2.6262E-01  5.4450E-03
  2.4436E+01  2.6140E-01  5.2222E-03
  2.4734E+01  2.6038E-01  5.0439E-03
  2.5032E+01  2.5965E-01  4.9484E-03
  2.5330E+01  2.5918E-01  4.9521E-03
  2.5628E+01  2.5888E-01  5.0370E-03
  2.5926E+01  2.5856E-01  5.1571E-03
  2.6224E+01  2.5804E-01  5.2617E-03
  2.6522E+01  2.5719E-01  5.3156E-03
  2.6820E+01  2.5596E-01  5.3044E-03
  2.7118E+01  2.5440E-01  5.2316E-03
  2.7416E+01  2.5260E-01  5.1212E-03
  2.7714E+01  2.5076E-01  5.0197E-03
  2.8012E+01  2.4909E-01  4.9846E-03
  2.8310E+01  2.4777E-01  5.0579E-03
  2.8608E+01  2.4685E-01  5.2433E-03
  2.8906E+01  2.4631E-01  5.5054E-03
  2.9204E+01  2.4605E-01  5.7910E-03
  2.9502E+01  2.4597E-01  6.0553E-03
  2.9800E+01  2.4599E-01  6.2745E-03
  3.0098E+01  2.4604E-01  6.4419E-03
  3.0396E+01  2.4603E-01  6.5624E-03
  3.0694E+01  2.4594E-01  6.6512E-03
  3.0992E+01  2.4576E-01  6.7361E-03
  3.1290E+01  2.4558E-01  6.8512E-03
  3.1588E+01  2.4546E-01  7.0252E-03
  3.1886E+01  2.4548E-01  7.2665E-03
  3.2184E+01  2.4563E-01  7.5584E-03
  3.2482E+01  2.4591E-01  7.8678E-03
  3.2780E+01  2.4627E-01  8.1637E-03
  3.3078E+01  2.4671E-01  8.4297E-03
  3.3376E+01  2.4724E-01  8.6637E-03
  3.3674E+01  2.4785E-01  8.8681E-03
  3.3972E+01  2.4849E-01  9.0404E-03
  3.4270E+01  2.4912E-01  9.1736E-03
  3.4568E+01  2.4967E-01  9.2633E-03
  3.4866E+01  2.5014E-01  9.3196E-03
  3.5164E+01  2.5059E-01  9.3713E-03
  3.5462E+01  2.5117E-01  9.4614E-03
  3.5760E+01  2.5201E-01  9.6324E-03
  3.6058E+01  2.5321E-01  9.9112E-03
  3.6356E+01  2.5479E-01  1.0301E-02
  3.6654E+01  2.5670E-01  1.0782E-02
  3.6952E+01  2.5884E-01  1.1324E-02
  3.7250E+01  2.6107E-01  1.1895E-02
  3.7548E+01  2.6329E-01  1.2466E-02
  3.7846E+01  2.6542E-01  1.3015E-02
  3.8144E+01  2.6742E-01  1.3530E-02
  3.8442E+01  2.6927E-01  1.4012E-02
  3.8740E+01  2.7096E-01  1.4464E-02
  3.9038E+01  2.7245E-01  1.4882E-02
  3.9336E+01  2.7367E-01  1.5251E-02
  3.9634E+01  2.7454E-01  1.5545E-02
  3.9932E+01  2.7501E-01  1.5738E-02
  4.0230E+01  2.7508E-01  1.5816E-02
  4.0528E+01  2.7477E-01  1.5785E-02
  4.0826E+01  2.7418E-01  1.5669E-02
  4.1124E+01  2.7344E-01  1.5506E-02
  4.1422E+01  2.7267E-01  1.5339E-02
  4.1720E+01  2.7203E-01  1.5208E-02
  4.2018E+01  2.7165E-01  1.5148E-02
  4.2316E+01  2.7162E-01  1.5184E-02
  4.2614E+01  2.7200E-01  1.5332E-02
  4.2912E+01  2.7278E-01  1.5592E-02
  4.3210E+01  2.7391E-01  1.5952E-02
  4.3508E+01  2.7534E-01  1.6389E-02
  4.3806E+01  2.7697E-01  1.6878E-02
  4.4104E+01  2.7872E-01  1.7392E-02
  4.4402E+01  2.8052E-01  1.7905E-02
  4.4700E+01  2.8230E-01  1.8394E-02
  4.4998E+01  2.8399E-01  1.8837E-02
  4.5296E+01  2.8555E-01  1.9223E-02
  4.5594E+01  2.8696E-01  1.9551E-02
  4.5892E+01  2.8820E-01  1.9825E-02
  4.6190E+01  2.8927E-01  2.0050E-02
  4.6488E+01  2.9015E-01  2.0232E-02
  4.6786E+01  2.9085E-01  2.0374E-02
  4.7084E+01  2.9137E-01  2.0483E-02
  4.7382E+01  2.9170E-01  2.0563E-02
  4.7680E+01  2.9183E-01  2.0612E-02
  4.7978E+01  2.9179E-01  2.0630E-02
  4.8276E+01  2.9157E-01  2.0617E-02
  4.8574E+01  2.9120E-01  2.0579E-02
  4.8872E+01  2.9073E-01  2.0526E-02
  4.9170E+01  2.9018E-01  2.0462E-02
  4.9468E+01  2.8960E-01  2.0385E-02
  4.9766E+01  2.8901E-01  2.0287E-02
  5.0064E+01  2.8846E-01  2.0165E-02
  5.0362E+01  2.8798E-01  2.0032E-02
  5.0660E+01  2.8764E-01  1.9910E-02
  5.0958E+01  2.8747E-01  1.9829E-02
  5.1256E+01  2.8749E-01  1.9809E-02
  5.1554E+01  2.8769E-01  1.9855E-02
  5.1852E+01  2.8805E-01  1.9960E-02
  5.2150E+01  2.8853E-01  2.0107E-02
  5.2448E+01  2.8910E-01  2.0283E-02
  5.2746E+01  2.8972E-01  2.0472E-02
  5.3044E+01  2.9036E-01  2.0659E-02
  5.3342E+01  2.9099E-01  2.0828E-02
  5.3640E+01  2.9160E-01  2.0965E-02
  5.3938E+01  2.9218E-01  2.1068E-02
  5.4236E+01  2.9272E-01  2.1145E-02
  5.4534E+01  2.9327E-01  2.1213E-02
  5.4832E+01  2.9382E-01  2.1289E-02
  5.5130E+01  2.9441E-01  2.1388E-02
  5.5428E+01  2.9504E-01  2.1515E-02
  5.5726E+01  2.9572E-01  2.1668E-02
  5.6024E+01  2.9644E-01  2.1843E-02
  5.6322E+01  2.9720E-01  2.2035E-02
  5.6620E+01  2.9797E-01  2.2243E-02
  5.6918E+01  2.9873E-01  2.2466E-02
  5.7216E+01  2.9945E-01  2.2696E-02
  5.7514E+01  3.0008E-01  2.2922E-02
  5.7812E+01  3.0057E-01  2.3125E-02
  5.8110E+01  3.0089E-01  2.3289E-02
  5.8408E+01  3.0102E-01  2.3405E-02
  5.8706E+01  3.0096E-01  2.3468E-02
  5.9004E+01  3.0074E-01  2.3484E-02
  5.9302E+01  3.0036E-01  2.3462E-02
  5.9600E+01  2.9986E-01  2.3412E-02
  5.9898E+01  2.9927E-01  2.3342E-02
  6.0196E+01  2.9860E-01  2.3258E-02
  6.0494E+01  2.9790E-01  2.3165E-02
  6.0792E+01  2.9718E-01  2.3064E-02
  6.1090E+01  2.9647E-01  2.2960E-02
  6.1388E+01  2.9579E-01  2.2859E-02
  6.1686E+01  2.9518E-01  2.2769E-02
  6.1984E+01  2.9462E-01  2.2694E-02
  6.2282E+01  2.9414E-01  2.2637E-02
  6.2580E+01  2.9371E-01  2.2592E-02
  6.2878E+01  2.9333E-01  2.2553E-02
  6.3176E+01  2.9298E-01  2.2511E-02
  6.3474E+01  2.9267E-01  2.2463E-02
  6.3772E+01  2.9239E-01  2.2412E-02
  6.4070E+01  2.9216E-01  2.2368E-02
  6.4368E+01  2.9198E-01  2.2343E-02
  6.4666E+01  2.9186E-01  2.2348E-02
  6.4964E+01  2.9180E-01  2.2387E-02
  6.5262E+01  2.9177E-01  2.2459E-02
  6.5560E+01  2.9179E-01  2.2557E-02
  6.5858E+01  2.9183E-01  2.2673E-02
  6.6156E+01  2.9188E-01  2.2795E-02
  6.6454E+01  2.9193E-01  2.2913E-02
  6.6752E+01  2.9197E-01  2.3015E-02
  6.7050E+01  2.9197E-01  2.3093E-02
  6.7348E+01  2.9194E-01  2.3147E-02
  6.7646E+01  2.9188E-01  2.3184E-02
  6.7944E+01  2.9181E-01  2.3214E-02
  6.8242E+01  2.9173E-01  2.3245E-02
  6.8540E+01  2.9165E-01  2.3281E-02
  6.8838E+01  2.9156E-01  2.3323E-02
  6.9136E+01  2.9148E-01  2.3372E-02
  6.9434E+01  2.9140E-01  2.3432E-02
  6.9732E+01  2.9133E-01  2.3511E-02
  7.0030E+01  2.9128E-01  2.3617E-02
  7.0328E+01  2.9127E-01  2.3751E-02
  7.0626E+01  2.9130E-01  2.3911E-02
  7.0924E+01  2.9136E-01  2.4089E-02
  7.1222E+01  2.9144E-01  2.4274E-02
  7.1520E+01  2.9153E-01  2.4453E-02
  7.1818E+01  2.9158E-01  2.4617E-02
  7.2116E+01  2.9160E-01  2.4757E-02
  7.2414E+01  2.9156E-01  2.4870E-02
  7.2712E+01  2.9146E-01  2.4956E-02
  7.3010E+01  2.9131E-01  2.5021E-02
  7.3308E+01  2.9113E-01  2.5072E-02
  7.3606E+01  2.9093E-01  2.5115E-02
  7.3904E+01  2.9071E-01  2.5159E-02
  7.4202E+01  2.9050E-01  2.5208E-02
  7.4500E+01  2.9029E-01  2.5270E-02
  7.4798E+01  2.9009E-01  2.5350E-02
  7.5096E+01  2.8991E-01  2.5456E-02
  7.5394E+01  2.8975E-01  2.5589E-02
  7.5692E+01  2.8962E-01  2.5748E-02
  7.5990E+01  2.8951E-01  2.5927E-02
  7.6288E+01  2.8942E-01  2.6120E-02
  7.6586E+01  2.8935E-01  2.6319E-02
  7.6884E+01  2.8928E-01  2.6520E-02
  7.7182E+01  2.8922E-01  2.6721E-02
  7.7480E+01  2.8915E-01  2.6923E-02
  7.7778E+01  2.8906E-01  2.7126E-02
  7.8076E+01  2.8895E-01  2.7330E-02
  7.8374E+01  2.8880E-01  2.7529E-02
  7.8672E+01  2.8862E-01  2.7717E-02
  7.8970E+01  2.8838E-01  2.7887E-02
  7.9268E+01  2.8809E-01  2.8030E-02
  7.9566E+01  2.8773E-01  2.8139E-02
  7.9864E+01  2.8730E-01  2.8204E-02
  8.0162E+01  2.8680E-01  2.8217E-02
  8.0460E+01  2.8625E-01  2.8178E-02
  8.0758E+01  2.8565E-01  2.8090E-02
  8.1056E+01  2.8504E-01  2.7970E-02
  8.1354E+01  2.8444E-01  2.7841E-02
  8.1652E+01  2.8390E-01  2.7727E-02
  8.1950E+01  2.8343E-01  2.7650E-02
  8.2248E+01  2.8306E-01  2.7623E-02
  8.2546E+01  2.8280E-01  2.7651E-02
  8.2844E+01  2.8264E-01  2.7732E-02
  8.3142E+01  2.8258E-01  2.7858E-02
  8.3440E+01  2.8258E-01  2.8017E-02
  8.3738E+01  2.8263E-01  2.8195E-02
  8.4036E+01  2.8269E-01  2.8372E-02
  8.4334E+01  2.8273E-01  2.8534E-02
  8.4632E+01  2.8275E-01  2.8666E-02
  8.4930E+01  2.8273E-01  2.8765E-02
  8.5228E+01  2.8267E-01  2.8831E-02
  8.5526E+01  2.8258E-01  2.8872E-02
  8.5824E+01  2.8245E-01  2.8900E-02
  8.6122E+01  2.8231E-01  2.8922E-02
  8.6420E+01  2.8215E-01  2.8945E-02
  8.6718E+01  2.8199E-01  2.8975E-02
  8.7016E+01  2.8184E-01  2.9014E-02
  8.7314E+01  2.8171E-01  2.9066E-02
  8.7612E+01  2.8159E-01  2.9134E-02
  8.7910E+01  2.8151E-01  2.9220E-02
  8.8208E+01  2.8144E-01  2.9323E-02
  8.8506E+01  2.8140E-01  2.9441E-02
  8.8804E+01  2.8138E-01  2.9567E-02
  8.9102E+01  2.8137E-01  2.9698E-02
  8.9400E+01  2.8138E-01  2.9831E-02
  8.9698E+01  2.8139E-01  2.9964E-02
  8.9996E+01  2.8141E-01  3.0095E-02
  9.0294E+01  2.8143E-01  3.0225E-02
  9.0592E+01  2.8147E-01  3.0355E-02
  9.0890E+01  2.8150E-01  3.0484E-02
  9.1188E+01  2.8155E-01  3.0614E-02
  9.1486E+01  2.8160E-01  3.0743E-02
  9.1784E+01  2.8165E-01  3.0870E-02
  9.2082E+01  2.8170E-01  3.0995E-02
  9.2380E+01  2.8175E-01  3.1117E-02
  9.2678E+01  2.8179E-01  3.1234E-02
  9.2976E+01  2.8181E-01  3.1347E-02
  9.3274E+01  2.8182E-01  3.1456E-02
  9.3572E+01  2.8182E-01  3.1561E-02
  9.3870E+01  2.8181E-01  3.1664E-02
  9.4168E+01  2.8179E-01  3.1769E-02
  9.4466E+01  2.8177E-01  3.1875E-02
  9.4764E+01  2.8175E-01  3.1983E-02
  9.5062E+01  2.8172E-01  3.2093E-02
  9.5360E+01  2.8168E-01  3.2202E-02
  9.5658E+01  2.8163E-01  3.2309E-02
  9.5956E+01  2.8155E-01  3.2408E-02
  9.6254E+01  2.8146E-01  3.2496E-02
  9.6552E+01  2.8135E-01  3.2570E-02
  9.6850E+01  2.8123E-01  3.2629E-02
  9.7148E+01  2.8110E-01  3.2675E-02
  9.7446E+01  2.8098E-01  3.2715E-02
  9.7744E+01  2.8088E-01  3.2756E-02
  9.8042E+01  2.8080E-01  3.2806E-02
  9.8340E+01  2.8075E-01  3.2875E-02
  9.8638E+01  2.8073E-01  3.2966E-02
  9.8936E+01  2.8074E-01  3.3081E-02
  9.9234E+01  2.8078E-01  3.3218E-02
  9.9532E+01  2.8084E-01  3.3369E-02
  9.9830E+01  2.8092E-01  3.3529E-02
  1.0013E+02  2.8100E-01  3.3692E-02
  1.0043E+02  2.8109E-01  3.3855E-02
  1.0072E+02  2.8118E-01  3.4015E-02
  1.0102E+02  2.8127E-01  3.4171E-02
  1.0132E+02  2.8135E-01  3.4322E-02
  1.0162E+02  2.8143E-01  3.4467E-02
  1.0192E+02  2.8149E-01  3.4606E-02
  1.0221E+02  2.8155E-01  3.4739E-02
  1.0251E+02  2.8159E-01  3.4864E-02
  1.0281E+02  2.8162E-01  3.4983E-02
  1.0311E+02  2.8164E-01  3.5092E-02
  1.0341E+02  2.8164E-01  3.5191E-02
  1.0370E+02  2.8163E-01  3.5278E-02
  1.0400E+02  2.8160E-01  3.5358E-02
  1.0430E+02  2.8156E-01  3.5432E-02
  1.0460E+02  2.8151E-01  3.5506E-02
  1.0490E+02  2.8145E-01  3.5582E-02
  1.0519E+02  2.8139E-01  3.5662E-02
  1.0549E+02  2.8132E-01  3.5742E-02
  1.0579E+02  2.8124E-01  3.5818E-02
  1.0609E+02  2.8116E-01  3.5884E-02
  1.0639E+02  2.8106E-01  3.5937E-02
  1.0668E+02  2.8095E-01  3.5974E-02
  1.0698E+02  2.8083E-01  3.5995E-02
  1.0728E+02  2.8071E-01  3.6006E-02
  1.0758E+02  2.8058E-01  3.6012E-02
  1.0788E+02  2.8045E-01  3.6022E-02
  1.0817E+02  2.8034E-01  3.6043E-02
  1.0847E+02  2.8025E-01  3.6080E-02
  1.0877E+02  2.8017E-01  3.6136E-02
  1.0907E+02  2.8011E-01  3.6211E-02
  1.0937E+02  2.8006E-01  3.6304E-02
  1.0966E+02  2.8003E-01  3.6411E-02
  1.0996E+02  2.8001E-01  3.6528E-02
  1.1026E+02  2.7999E-01  3.6649E-02
  1.1056E+02  2.7996E-01  3.6770E-02
  1.1086E+02  2.7993E-01  3.6885E-02
  1.1115E+02  2.7989E-01  3.6993E-02
  1.1145E+02  2.7984E-01  3.7091E-02
  1.1175E+02  2.7978E-01  3.7179E-02
  1.1205E+02  2.7970E-01  3.7260E-02
  1.1235E+02  2.7961E-01  3.7338E-02
  1.1264E+02  2.7952E-01  3.7415E-02
  1.1294E+02  2.7943E-01  3.7495E-02
  1.1324E+02  2.7933E-01  3.7580E-02
  1.1354E+02  2.7925E-01  3.7674E-02
  1.1384E+02  2.7917E-01  3.7778E-02
  1.1413E+02  2.7911E-01  3.7893E-02
  1.1443E+02  2.7905E-01  3.8017E-02
  1.1473E+02  2.7899E-01  3.8149E-02
  1.1503E+02  2.7894E-01  3.8285E-02
  1.1533E+02  2.7890E-01  3.8423E-02
  1.1562E+02  2.7885E-01  3.8559E-02
  1.1592E+02  2.7880E-01  3.8692E-02
  1.1622E+02  2.7875E-01  3.8823E-02
  1.1652E+02  2.7868E-01  3.8951E-02
  1.1682E+02  2.7861E-01  3.9076E-02
  1.1711E+02  2.7852E-01  3.9198E-02
  1.1741E+02  2.7841E-01  3.9315E-02
  1.1771E+02  2.7829E-01  3.9426E-02
  1.1801E+02  2.7816E-01  3.9528E-02
  1.1831E+02  2.7801E-01  3.9622E-02
  1.1860E+02  2.7784E-01  3.9704E-02
  1.1890E+02  2.7767E-01  3.9776E-02
  1.1920E+02  2.7749E-01  3.9836E-02
  1.1950E+02  2.7729E-01  3.9887E-02
  1.1980E+02  2.7709E-01  3.9928E-02
  1.2009E+02  2.7687E-01  3.9959E-02
  1.2039E+02  2.7665E-01  3.9981E-02
  1.2069E+02  2.7643E-01  3.9992E-02
  1.2099E+02  2.7620E-01  3.9993E-02
  1.2129E+02  2.7598E-01  3.9986E-02
  1.2158E+02  2.7576E-01  3.9976E-02
  1.2188E+02  2.7555E-01  3.9967E-02
  1.2218E+02  2.7536E-01  3.9965E-02
  1.2248E+02  2.7518E-01  3.9973E-02
  1.2278E+02  2.7501E-01  3.9993E-02
  1.2307E+02  2.7486E-01  4.0025E-02
  1.2337E+02  2.7471E-01  4.0067E-02
  1.2367E+02  2.7458E-01  4.0113E-02
  1.2397E+02  2.7446E-01  4.0163E-02
  1.2427E+02  2.7434E-01  4.0212E-02
  1.2456E+02  2.7422E-01  4.0261E-02
  1.2486E+02  2.7410E-01  4.0307E-02
  1.2516E+02  2.7398E-01  4.0352E-02
  1.2546E+02  2.7386E-01  4.0395E-02
  1.2576E+02  2.7373E-01  4.0434E-02
  1.2605E+02  2.7360E-01  4.0470E-02
  1.2635E+02  2.7348E-01  4.0503E-02
  1.2665E+02  2.7335E-01  4.0533E-02
  1.2695E+02  2.7322E-01  4.0562E-02
  1.2725E+02  2.7310E-01  4.0593E-02
  1.2754E+02  2.7297E-01  4.0628E-02
  1.2784E+02  2.7286E-01  4.0670E-02
  1.2814E+02  2.7274E-01  4.0722E-02
  1.2844E+02  2.7264E-01  4.0786E-02
  1.2874E+02  2.7254E-01  4.0861E-02
  1.2903E+02  2.7245E-01  4.0946E-02
  1.2933E+02  2.7236E-01  4.1038E-02
  1.2963E+02  2.7228E-01  4.1133E-02
  1.2993E+02  2.7220E-01  4.1231E-02
  1.3023E+02  2.7212E-01  4.1327E-02
  1.3052E+02  2.7204E-01  4.1423E-02
  1.3082E+02  2.7196E-01  4.1517E-02
  1.3112E+02  2.7188E-01  4.1611E-02
  1.3142E+02  2.7180E-01  4.1704E-02
  1.3172E+02  2.7172E-01  4.1798E-02
  1.3201E+02  2.7163E-01  4.1890E-02
  1.3231E+02  2.7154E-01  4.1981E-02
  1.3261E+02  2.7145E-01  4.2071E-02
  1.3291E+02  2.7136E-01  4.2159E-02
  1.3321E+02  2.7126E-01  4.2244E-02
  1.3350E+02  2.7116E-01  4.2328E-02
  1.3380E+02  2.7106E-01  4.2409E-02
  1.3410E+02  2.7096E-01  4.2489E-02
  1.3440E+02  2.7086E-01  4.2568E-02
  1.3470E+02  2.7076E-01  4.2647E-02
  1.3499E+02  2.7066E-01  4.2727E-02
  1.3529E+02  2.7056E-01  4.2810E-02
  1.3559E+02  2.7046E-01  4.2896E-02
  1.3589E+02  2.7037E-01  4.2984E-02
  1.3619E+02  2.7029E-01  4.3073E-02
  1.3648E+02  2.7020E-01  4.3162E-02
  1.3678E+02  2.7012E-01  4.3252E-02
  1.3708E+02  2.7004E-01  4.3341E-02
  1.3738E+02  2.6996E-01  4.3431E-02
  1.3768E+02  2.6988E-01  4.3521E-02
  1.3797E+02  2.6980E-01  4.3610E-02
  1.3827E+02  2.6971E-01  4.3698E-02
  1.3857E+02  2.6963E-01  4.3784E-02
  1.3887E+02  2.6954E-01  4.3868E-02
  1.3917E+02  2.6945E-01  4.3949E-02
  1.3946E+02  2.6937E-01  4.4029E-02
  1.3976E+02  2.6929E-01  4.4109E-02
  1.4006E+02  2.6920E-01  4.4189E-02
  1.4036E+02  2.6912E-01  4.4270E-02
  1.4066E+02  2.6904E-01  4.4353E-02
  1.4095E+02  2.6896E-01  4.4437E-02
  1.4125E+02  2.6888E-01  4.4520E-02
  1.4155E+02  2.6880E-01  4.4603E-02
  1.4185E+02  2.6871E-01  4.4682E-02
  1.4215E+02  2.6862E-01  4.4760E-02
  1.4244E+02  2.6854E-01  4.4834E-02
  1.4274E+02  2.6845E-01  4.4906E-02
  1.4304E+02  2.6835E-01  4.4977E-02
  1.4334E+02  2.6826E-01  4.5048E-02
  1.4364E+02  2.6816E-01  4.5118E-02
  1.4393E+02  2.6806E-01  4.5188E-02
  1.4423E+02  2.6796E-01  4.5258E-02
  1.4453E+02  2.6785E-01  4.5329E-02
  1.4483E+02  2.6775E-01  4.5400E-02
  1.4513E+02  2.6764E-01  4.5471E-02
  1.4542E+02  2.6754E-01  4.5542E-02
  1.4572E+02  2.6744E-01  4.5614E-02
  1.4602E+02  2.6734E-01  4.5685E-02
  1.4632E+02  2.6724E-01  4.5755E-02
  1.4662E+02  2.6715E-01  4.5825E-02
  1.4691E+02  2.6705E-01  4.5894E-02
  1.4721E+02  2.6696E-01  4.5963E-02
  1.4751E+02  2.6687E-01  4.6033E-02
  1.4781E+02  2.6678E-01  4.6103E-02
  1.4811E+02  2.6669E-01  4.6176E-02
  1.4840E+02  2.6660E-01  4.6251E-02
  1.4870E+02  2.6651E-01  4.6329E-02
  1.4900E+02  2.6642E-01  4.6409E-02
  1.4930E+02  2.6633E-01  4.6491E-02
  1.4960E+02  2.6624E-01  4.6573E-02
  1.4989E+02  2.6614E-01  4.6655E-02
  1.5019E+02  2.6605E-01  4.6735E-02
  1.5049E+02  2.6596E-01  4.6812E-02
  1.5079E+02  2.6586E-01  4.6884E-02
  1.5109E+02  2.6576E-01  4.6953E-02
  1.5138E+02  2.6566E-01  4.7017E-02
  1.5168E+02  2.6556E-01  4.7078E-02
  1.5198E+02  2.6545E-01  4.7138E-02
  1.5228E+02  2.6535E-01  4.7196E-02
  1.5258E+02  2.6524E-01  4.7254E-02
  1.5287E+02  2.6513E-01  4.7314E-02
  1.5317E+02  2.6502E-01  4.7375E-02
  1.5347E+02  2.6491E-01  4.7439E-02
  1.5377E+02  2.6481E-01  4.7505E-02
  1.5407E+02  2.6470E-01  4.7574E-02
  1.5436E+02  2.6460E-01  4.7645E-02
  1.5466E+02  2.6450E-01  4.7719E-02
  1.5496E+02  2.6440E-01  4.7794E-02
  1.5526E+02  2.6430E-01  4.7870E-02
  1.5556E+02  2.6420E-01  4.7946E-02
  1.5585E+02  2.6411E-01  4.8021E-02
  1.5615E+02  2.6401E-01  4.8096E-02
  1.5645E+02  2.6391E-01  4.8168E-02
  1.5675E+02  2.6381E-01  4.8240E-02
  1.5705E+02  2.6372E-01  4.8311E-02
  1.5734E+02  2.6362E-01  4.8382E-02
  1.5764E+02  2.6352E-01  4.8452E-02
  1.5794E+02  2.6342E-01  4.8524E-02
  1.5824E+02  2.6332E-01  4.8596E-02
  1.5854E+02  2.6322E-01  4.8667E-02
  1.5883E+02  2.6313E-01  4.8738E-02
  1.5913E+02  2.6303E-01  4.8808E-02
  1.5943E+02  2.6293E-01  4.8876E-02
  1.5973E+02  2.6284E-01  4.8942E-02
  1.6003E+02  2.6274E-01  4.9005E-02
  1.6032E+02  2.6264E-01  4.9066E-02
  1.6062E+02  2.6255E-01  4.9126E-02
  1.6092E+02  2.6245E-01  4.9185E-02
  1.6122E+02  2.6236E-01  4.9243E-02
  1.6152E+02  2.6226E-01  4.9302E-02
  1.6181E+02  2.6217E-01  4.9360E-02
  1.6211E+02  2.6207E-01  4.9420E-02
  1.6241E+02  2.6198E-01  4.9481E-02
  1.6271E+02  2.6189E-01  4.9544E-02
  1.6301E+02  2.6180E-01  4.9607E-02
  1.6330E+02  2.6171E-01  4.9672E-02
  1.6360E+02  2.6163E-01  4.9737E-02
  1.6390E+02  2.6154E-01  4.9802E-02
  1.6420E+02  2.6145E-01  4.9867E-02
  1.6450E+02  2.6136E-01  4.9931E-02
  1.6479E+02  2.6127E-01  4.9994E-02
  1.6509E+02  2.6118E-01  5.0055E-02
  1.6539E+02  2.6109E-01  5.0115E-02
  1.6569E+02  2.6100E-01  5.0173E-02
  1.6599E+02  2.6092E-01  5.0232E-02
  1.6628E+02  2.6083E-01  5.0292E-02
  1.6658E+02  2.6075E-01  5.0352E-02
  1.6688E+02  2.6066E-01  5.0415E-02
  1.6718E+02  2.6058E-01  5.0480E-02
  1.6748E+02  2.6050E-01  5.0548E-02
  1.6777E+02  2.6042E-01  5.0618E-02
  1.6807E+02  2.6034E-01  5.0689E-02
  1.6837E+02  2.6026E-01  5.0762E-02
  1.6867E+02  2.6018E-01  5.0834E-02
  1.6897E+02  2.6010E-01  5.0905E-02
  1.6926E+02  2.6002E-01  5.0975E-02
  1.6956E+02  2.5994E-01  5.1044E-02
  1.6986E+02  2.5986E-01  5.1111E-02
  1.7016E+02  2.5978E-01  5.1176E-02
  1.7046E+02  2.5970E-01  5.1242E-02
  1.7075E+02  2.5961E-01  5.1307E-02
  1.7105E+02  2.5953E-01  5.1372E-02
  1.7135E+02  2.5945E-01  5.1438E-02
  1.7165E+02  2.5937E-01  5.1505E-02
  1.7195E+02  2.5929E-01  5.1572E-02
  1.7224E+02  2.5920E-01  5.1639E-02
  1.7254E+02  2.5912E-01  5.1706E-02
  1.7284E+02  2.5904E-01  5.1772E-02
  1.7314E+02  2.5896E-01  5.1837E-02
  1.7344E+02  2.5888E-01  5.1900E-02
  1.7373E+02  2.5880E-01  5.1963E-02
  1.7403E+02  2.5872E-01  5.2025E-02
  1.7433E+02  2.5864E-01  5.2087E-02
  1.7463E+02  2.5856E-01  5.2148E-02
  1.7493E+02  2.5848E-01  5.2211E-02
  1.7522E+02  2.5840E-01  5.2274E-02
  1.7552E+02  2.5832E-01  5.2338E-02
  1.7582E+02  2.5824E-01  5.2402E-02
  1.7612E+02  2.5815E-01  5.2467E-02
  1.7642E+02  2.5807E-01  5.2531E-02
  1.7671E+02  2.5799E-01  5.2596E-02
  1.7701E+02  2.5790E-01  5.2660E-02
  1.7731E+02  2.5782E-01  5.2725E-02
  1.7761E+02  2.5774E-01  5.2789E-02
  1.7791E+02  2.5765E-01  5.2853E-02
  1.7820E+02  2.5757E-01  5.2917E-02
  1.7850E+02  2.5749E-01  5.2981E-02
  1.7880E+02  2.5740E-01  5.3044E-02
  1.7910E+02  2.5732E-01  5.3108E-02
  1.7940E+02  2.5723E-01  5.3170E-02
  1.7969E+02  2.5714E-01  5.3232E-02
  1.7999E+02  2.5706E-01  5.3293E-02
  1.8029E+02  2.5697E-01  5.3353E-02
  1.8059E+02  2.5688E-01  5.3412E-02
  1.8089E+02  2.5680E-01  5.3471E-02
  1.8118E+02  2.5671E-01  5.3528E-02
  1.8148E+02  2.5663E-01  5.3586E-02
  1.8178E+02  2.5654E-01  5.3643E-02
  1.8208E+02  2.5646E-01  5.3702E-02
  1.8238E+02  2.5637E-01  5.3761E-02
  1.8267E+02  2.5629E-01  5.3821E-02
  1.8297E+02  2.5621E-01  5.3883E-02
  1.8327E+02  2.5612E-01  5.3946E-02
  1.8357E+02  2.5604E-01  5.4010E-02
  1.8387E+02  2.5596E-01  5.4075E-02
  1.8416E+02  2.5588E-01  5.4140E-02
  1.8446E+02  2.5580E-01  5.4205E-02
  1.8476E+02  2.5572E-01  5.4270E-02
  1.8506E+02  2.5563E-01  5.4335E-02
  1.8536E+02  2.5555E-01  5.4400E-02
  1.8565E+02  2.5547E-01  5.4463E-02
  1.8595E+02  2.5539E-01  5.4526E-02
  1.8625E+02  2.5530E-01  5.4588E-02
  1.8655E+02  2.5522E-01  5.4650E-02
  1.8685E+02  2.5514E-01  5.4711E-02
  1.8714E+02  2.5505E-01  5.4773E-02
  1.8744E+02  2.5497E-01  5.4834E-02
  1.8774E+02  2.5488E-01  5.4896E-02
  1.8804E+02  2.5480E-01  5.4958E-02
  1.8834E+02  2.5471E-01  5.5021E-02
  1.8863E+02  2.5463E-01  5.5084E-02
  1.8893E+02  2.5454E-01  5.5147E-02
  1.8923E+02  2.5445E-01  5.5210E-02
  1.8953E+02  2.5436E-01  5.5273E-02
  1.8983E+02  2.5428E-01  5.5336E-02
  1.9012E+02  2.5419E-01  5.5398E-02
  1.9042E+02  2.5410E-01  5.5459E-02
  1.9072E+02  2.5401E-01  5.5520E-02
  1.9102E+02  2.5392E-01  5.5580E-02
  1.9132E+02  2.5383E-01  5.5639E-02
  1.9161E+02  2.5374E-01  5.5697E-02
  1.9191E+02  2.5365E-01  5.5754E-02
  1.9221E+02  2.5356E-01  5.5810E-02
  1.9251E+02  2.5347E-01  5.5867E-02
  1.9281E+02  2.5338E-01  5.5923E-02
  1.9310E+02  2.5329E-01  5.5979E-02
  1.9340E+02  2.5320E-01  5.6035E-02
  1.9370E+02  2.5311E-01  5.6093E-02
  1.9400E+02  2.5302E-01  5.6151E-02
  1.9430E+02  2.5293E-01  5.6210E-02
  1.9459E+02  2.5284E-01  5.6270E-02
  1.9489E+02  2.5276E-01  5.6331E-02
  1.9519E+02  2.5267E-01  5.6392E-02
  1.9549E+02  2.5258E-01  5.6453E-02
  1.9579E+02  2.5250E-01  5.6515E-02
  1.9608E+02  2.5241E-01  5.6575E-02
  1.9638E+02  2.5232E-01  5.6636E-02
  1.9668E+02  2.5224E-01  5.6695E-02
  1.9698E+02  2.5215E-01  5.6754E-02
  1.9728E+02  2.5206E-01  5.6813E-02
  1.9757E+02  2.5198E-01  5.6871E-02
  1.9787E+02  2.5189E-01  5.6929E-02
  1.9817E+02  2.5180E-01  5.6988E-02
  1.9847E+02  2.5171E-01  5.7046E-02
  1.9877E+02  2.5163E-01  5.7105E-02
  1.9906E+02  2.5154E-01  5.7164E-02
  1.9936E+02  2.5145E-01  5.7223E-02
  1.9966E+02  2.5137E-01  5.7281E-02
  1.9996E+02  2.5128E-01  5.7340E-02
  2.0026E+02  2.5119E-01  5.7398E-02
  2.0055E+02  2.5111E-01  5.7456E-02
  2.0085E+02  2.5102E-01  5.7514E-02
  2.0115E+02  2.5094E-01  5.7573E-02
  2.0145E+02  2.5085E-01  5.7631E-02
  2.0175E+02  2.5076E-01  5.7690E-02
  2.0204E+02  2.5068E-01  5.7749E-02
  2.0234E+02  2.5059E-01  5.7808E-02
  2.0264E+02  2.5051E-01  5.7867E-02
  2.0294E+02  2.5042E-01  5.7926E-02
  2.0324E+02  2.5034E-01  5.7985E-02
  2.0353E+02  2.5025E-01  5.8044E-02
  2.0383E+02  2.5016E-01  5.8103E-02
  2.0413E+02  2.5008E-01  5.8162E-02
  2.0443E+02  2.4999E-01  5.8221E-02
  2.0473E+02  2.4991E-01  5.8280E-02
  2.0502E+02  2.4982E-01  5.8338E-02
  2.0532E+02  2.4974E-01  5.8396E-02
  2.0562E+02  2.4965E-01  5.8455E-02
  2.0592E+02  2.4957E-01  5.8513E-02
  2.0622E+02  2.4948E-01  5.8571E-02
  2.0651E+02  2.4939E-01  5.8629E-02
  2.0681E+02  2.4931E-01  5.8687E-02
  2.0711E+02  2.4922E-01  5.8744E-02
  2.0741E+02  2.4914E-01  5.8802E-02
  2.0771E+02  2.4905E-01  5.8859E-02
  2.0800E+02  2.4896E-01  5.8915E-02
  2.0830E+02  2.4888E-01  5.8972E-02
  2.0860E+02  2.4879E-01  5.9028E-02
  2.0890E+02  2.4870E-01  5.9084E-02
  2.0920E+02  2.4862E-01  5.9141E-02
  2.0949E+02  2.4853E-01  5.9197E-02
  2.0979E+02  2.4844E-01  5.9253E-02
  2.1009E+02  2.4836E-01  5.9309E-02
  2.1039E+02  2.4827E-01  5.9365E-02
  2.1069E+02  2.4818E-01  5.9421E-02
  2.1098E+02  2.4809E-01  5.9477E-02
  2.1128E+02  2.4801E-01  5.9532E-02
  2.1158E+02  2.4792E-01  5.9587E-02
  2.1188E+02  2.4783E-01  5.9643E-02
  2.1218E+02  2.4774E-01  5.9698E-02
  2.1247E+02  2.4766E-01  5.9753E-02
  2.1277E+02  2.4757E-01  5.9808E-02
  2.1307E+02  2.4748E-01  5.9864E-02
  2.1337E+02  2.4740E-01  5.9919E-02
  2.1367E+02  2.4731E-01  5.9974E-02
  2.1396E+02  2.4722E-01  6.0029E-02
  2.1426E+02  2.4713E-01  6.0084E-02
  2.1456E+02  2.4705E-01  6.0139E-02
  2.1486E+02  2.4696E-01  6.0194E-02
  2.1516E+02  2.4687E-01  6.0249E-02
  2.1545E+02  2.4678E-01  6.0304E-02
  2.1575E+02  2.4670E-01  6.0359E-02
  2.1605E+02  2.4661E-01  6.0415E-02
  2.1635E+02  2.4652E-01  6.0470E-02
  2.1665E+02  2.4643E-01  6.0525E-02
  2.1694E+02  2.4635E-01  6.0581E-02
  2.1724E+02  2.4626E-01  6.0636E-02
  2.1754E+02  2.4617E-01  6.0691E-02
  2.1784E+02  2.4609E-01  6.0747E-02
  2.1814E+02  2.4600E-01  6.0802E-02
  2.1843E+02  2.4591E-01  6.0856E-02
  2.1873E+02  2.4582E-01  6.0911E-02
  2.1903E+02  2.4574E-01  6.0965E-02
  2.1933E+02  2.4565E-01  6.1020E-02
  2.1963E+02  2.4556E-01  6.1074E-02
  2.1992E+02  2.4548E-01  6.1128E-02
  2.2022E+02  2.4539E-01  6.1181E-02
  2.2052E+02  2.4530E-01  6.1235E-02
  2.2082E+02  2.4522E-01  6.1289E-02
  2.2112E+02  2.4513E-01  6.1343E-02
  2.2141E+02  2.4505E-01  6.1397E-02
  2.2171E+02  2.4496E-01  6.1451E-02
  2.2201E+02  2.4487E-01  6.1505E-02
  2.2231E+02  2.4479E-01  6.1560E-02
  2.2261E+02  2.4470E-01  6.1614E-02
  2.2290E+02  2.4462E-01  6.1667E-02
  2.2320E+02  2.4453E-01  6.1721E-02
  2.2350E+02  2.4445E-01  6.1775E-02
  2.2380E+02  2.4436E-01  6.1828E-02
  2.2410E+02  2.4428E-01  6.1882E-02
  2.2439E+02  2.4419E-01  6.1935E-02
  2.2469E+02  2.4411E-01  6.1989E-02
  2.2499E+02  2.4402E-01  6.2042E-02
  2.2529E+02  2.4394E-01  6.2096E-02
  2.2559E+02  2.4385E-01  6.2150E-02
  2.2588E+02  2.4377E-01  6.2203E-02
  2.2618E+02  2.4369E-01  6.2257E-02
  2.2648E+02  2.4360E-01  6.2310E-02
  2.2678E+02  2.4352E-01  6.2363E-02
  2.2708E+02  2.4343E-01  6.2416E-02
  2.2737E+02  2.4335E-01  6.2469E-02
  2.2767E+02  2.4326E-01  6.2521E-02
  2.2797E+02  2.4318E-01  6.2574E-02
  2.2827E+02  2.4310E-01  6.2626E-02
  2.2857E+02  2.4301E-01  6.2678E-02
  2.2886E+02  2.4293E-01  6.2730E-02
  2.2916E+02  2.4284E-01  6.2782E-02
  2.2946E+02  2.4276E-01  6.2835E-02
  2.2976E+02  2.4267E-01  6.2887E-02
  2.3006E+02  2.4259E-01  6.2940E-02
  2.3035E+02  2.4250E-01  6.2992E-02
  2.3065E+02  2.4242E-01  6.3045E-02
  2.3095E+02  2.4234E-01  6.3098E-02
  2.3125E+02  2.4225E-01  6.3150E-02
  2.3155E+02  2.4217E-01  6.3203E-02
  2.3184E+02  2.4208E-01  6.3256E-02
  2.3214E+02  2.4200E-01  6.3309E-02
  2.3244E+02  2.4192E-01  6.3361E-02
  2.3274E+02  2.4183E-01  6.3414E-02
  2.3304E+02  2.4175E-01  6.3467E-02
  2.3333E+02  2.4167E-01  6.3520E-02
  2.3363E+02  2.4158E-01  6.3573E-02
  2.3393E+02  2.4150E-01  6.3626E-02
  2.3423E+02  2.4142E-01  6.3679E-02
  2.3453E+02  2.4133E-01  6.3732E-02
  2.3482E+02  2.4125E-01  6.3785E-02
  2.3512E+02  2.4117E-01  6.3838E-02
  2.3542E+02  2.4108E-01  6.3891E-02
  2.3572E+02  2.4100E-01  6.3944E-02
  2.3602E+02  2.4091E-01  6.3997E-02
  2.3631E+02  2.4083E-01  6.4049E-02
  2.3661E+02  2.4075E-01  6.4102E-02
  2.3691E+02  2.4066E-01  6.4154E-02
  2.3721E+02  2.4058E-01  6.4206E-02
  2.3751E+02  2.4050E-01  6.4258E-02
  2.3780E+02  2.4041E-01  6.4309E-02
  2.3810E+02  2.4033E-01  6.4361E-02
  2.3840E+02  2.4024E-01  6.4412E-02
  2.3870E+02  2.4016E-01  6.4463E-02
  2.3900E+02  2.4008E-01  6.4514E-02
  2.3929E+02  2.3999E-01  6.4565E-02
  2.3959E+02  2.3991E-01  6.4616E-02
  2.3989E+02  2.3983E-01  6.4667E-02
  2.4019E+02  2.3975E-01  6.4718E-02
  2.4049E+02  2.3966E-01  6.4769E-02
  2.4078E+02  2.3958E-01  6.4819E-02
  2.4108E+02  2.3950E-01  6.4870E-02
  2.4138E+02  2.3942E-01  6.4921E-02
  2.4168E+02  2.3933E-01  6.4971E-02
  2.4198E+02  2.3925E-01  6.5022E-02
  2.4227E+02  2.3917E-01  6.5072E-02
  2.4257E+02  2.3909E-01  6.5122E-02
  2.4287E+02  2.3901E-01  6.5173E-02
  2.4317E+02  2.3892E-01  6.5223E-02
  2.4347E+02  2.3884E-01  6.5274E-02
  2.4376E+02  2.3876E-01  6.5324E-02
  2.4406E+02  2.3868E-01  6.5374E-02
  2.4436E+02  2.3860E-01  6.5425E-02
  2.4466E+02  2.3852E-01  6.5475E-02
  2.4496E+02  2.3843E-01  6.5525E-02
  2.4525E+02  2.3835E-01  6.5576E-02
  2.4555E+02  2.3827E-01  6.5626E-02
  2.4585E+02  2.3819E-01  6.5676E-02
  2.4615E+02  2.3810E-01  6.5727E-02
  2.4645E+02  2.3802E-01  6.5777E-02
  2.4674E+02  2.3794E-01  6.5827E-02
  2.4704E+02  2.3786E-01  6.5877E-02
  2.4734E+02  2.3778E-01  6.5928E-02
  2.4764E+02  2.3769E-01  6.5978E-02
  2.4794E+02  2.3761E-01  6.6028E-02
  2.4823E+02  2.3753E-01  6.6079E-02
  2.4853E+02  2.3745E-01  6.6129E-02
  2.4883E+02  2.3737E-01  6.6179E-02
  2.4913E+02  2.3728E-01  6.6230E-02
  2.4943E+02  2.3720E-01  6.6280E-02
  2.4972E+02  2.3712E-01  6.6330E-02
  2.5002E+02  2.3704E-01  6.6380E-02
  2.5032E+02  2.3695E-01  6.6430E-02
  2.5062E+02  2.3687E-01  6.6480E-02
  2.5092E+02  2.3679E-01  6.6530E-02
  2.5121E+02  2.3671E-01  6.6580E-02
  2.5151E+02  2.3663E-01  6.6630E-02
  2.5181E+02  2.3654E-01  6.6680E-02
  2.5211E+02  2.3646E-01  6.6730E-02
  2.5241E+02  2.3638E-01  6.6780E-02
  2.5270E+02  2.3630E-01  6.6830E-02
  2.5300E+02  2.3622E-01  6.6879E-02
  2.5330E+02  2.3613E-01  6.6929E-02
  2.5360E+02  2.3605E-01  6.6979E-02
  2.5390E+02  2.3597E-01  6.7028E-02
  2.5419E+02  2.3589E-01  6.7077E-02
  2.5449E+02  2.3581E-01  6.7127E-02
  2.5479E+02  2.3573E-01  6.7176E-02
  2.5509E+02  2.3564E-01  6.7225E-02
  2.5539E+02  2.3556E-01  6.7274E-02
  2.5568E+02  2.3548E-01  6.7324E-02
  2.5598E+02  2.3540E-01  6.7373E-02
  2.5628E+02  2.3532E-01  6.7422E-02
  2.5658E+02  2.3523E-01  6.7471E-02
  2.5688E+02  2.3515E-01  6.7520E-02
  2.5717E+02  2.3507E-01  6.7569E-02
  2.5747E+02  2.3499E-01  6.7618E-02
  2.5777E+02  2.3491E-01  6.7667E-02
  2.5807E+02  2.3483E-01  6.7715E-02
  2.5837E+02  2.3474E-01  6.7764E-02
  2.5866E+02  2.3466E-01  6.7813E-02
  2.5896E+02  2.3458E-01  6.7861E-02
  2.5926E+02  2.3450E-01  6.7909E-02
  2.5956E+02  2.3442E-01  6.7958E-02
  2.5986E+02  2.3434E-01  6.8006E-02
  2.6015E+02  2.3425E-01  6.8054E-02
  2.6045E+02  2.3417E-01  6.8102E-02
  2.6075E+02  2.3409E-01  6.8150E-02
  2.6105E+02  2.3401E-01  6.8198E-02
  2.6135E+02  2.3393E-01  6.8246E-02
  2.6164E+02  2.3384E-01  6.8294E-02
  2.6194E+02  2.3376E-01  6.8342E-02
  2.6224E+02  2.3368E-01  6.8390E-02
  2.6254E+02  2.3360E-01  6.8438E-02
  2.6284E+02  2.3352E-01  6.8485E-02
  2.6313E+02  2.3344E-01  6.8533E-02
  2.6343E+02  2.3335E-01  6.8581E-02
  2.6373E+02  2.3327E-01  6.8628E-02
  2.6403E+02  2.3319E-01  6.8676E-02
  2.6433E+02  2.3311E-01  6.8723E-02
  2.6462E+02  2.3303E-01  6.8770E-02
  2.6492E+02  2.3294E-01  6.8818E-02
  2.6522E+02  2.3286E-01  6.8865E-02
  2.6552E+02  2.3278E-01  6.8912E-02
  2.6582E+02  2.3270E-01  6.8959E-02
  2.6611E+02  2.3262E-01  6.9005E-02
  2.6641E+02  2.3253E-01  6.9052E-02
  2.6671E+02  2.3245E-01  6.9099E-02
  2.6701E+02  2.3237E-01  6.9146E-02
  2.6731E+02  2.3229E-01  6.9192E-02
  2.6760E+02  2.3221E-01  6.9239E-02
  2.6790E+02  2.3212E-01  6.9285E-02
  2.6820E+02  2.3204E-01  6.9332E-02
  2.6850E+02  2.3196E-01  6.9378E-02
  2.6880E+02  2.3188E-01  6.9425E-02
  2.6909E+02  2.3180E-01  6.9471E-02
  2.6939E+02  2.3171E-01  6.9518E-02
  2.6969E+02  2.3163E-01  6.9564E-02
  2.6999E+02  2.3155E-01  6.9610E-02
  2.7029E+02  2.3147E-01  6.9657E-02
  2.7058E+02  2.3139E-01  6.9703E-02
  2.7088E+02  2.3130E-01  6.9749E-02
  2.7118E+02  2.3122E-01  6.9796E-02
  2.7148E+02  2.3114E-01  6.9842E-02
  2.7178E+02  2.3106E-01  6.9888E-02
  2.7207E+02  2.3098E-01  6.9934E-02
  2.7237E+02  2.3089E-01  6.9980E-02
  2.7267E+02  2.3081E-01  7.0026E-02
  2.7297E+02  2.3073E-01  7.0072E-02
  2.7327E+02  2.3065E-01  7.0118E-02
  2.7356E+02  2.3057E-01  7.0164E-02
  2.7386E+02  2.3049E-01  7.0210E-02
  2.7416E+02  2.3041E-01  7.0256E-02
  2.7446E+02  2.3032E-01  7.0302E-02
  2.7476E+02  2.3024E-01  7.0348E-02
  2.7505E+02  2.3016E-01  7.0394E-02
  2.7535E+02  2.3008E-01  7.0440E-02
  2.7565E+02  2.3000E-01  7.0485E-02
  2.7595E+02  2.2992E-01  7.0531E-02
  2.7625E+02  2.2984E-01  7.0576E-02
  2.7654E+02  2.2975E-01  7.0621E-02
  2.7684E+02  2.2967E-01  7.0667E-02
  2.7714E+02  2.2959E-01  7.0712E-02
  2.7744E+02  2.2951E-01  7.0757E-02
  2.7774E+02  2.2943E-01  7.0802E-02
  2.7803E+02  2.2935E-01  7.0847E-02
  2.7833E+02  2.2927E-01  7.0892E-02
  2.7863E+02  2.2919E-01  7.0937E-02
  2.7893E+02  2.2911E-01  7.0983E-02
  2.7923E+02  2.2902E-01  7.1028E-02
  2.7952E+02  2.2894E-01  7.1073E-02
  2.7982E+02  2.2886E-01  7.1118E-02
  2.8012E+02  2.2878E-01  7.1163E-02
  2.8042E+02  2.2870E-01  7.1208E-02
  2.8072E+02  2.2862E-01  7.1253E-02
  2.8101E+02  2.2854E-01  7.1298E-02
  2.8131E+02  2.2846E-01  7.1342E-02
  2.8161E+02  2.2838E-01  7.1387E-02
  2.8191E+02  2.2830E-01  7.1432E-02
  2.8221E+02  2.2822E-01  7.1476E-02
  2.8250E+02  2.2814E-01  7.1521E-02
  2.8280E+02  2.2805E-01  7.1565E-02
  2.8310E+02  2.2797E-01  7.1610E-02
  2.8340E+02  2.2789E-01  7.1654E-02
  2.8370E+02  2.2781E-01  7.1698E-02
  2.8399E+02  2.2773E-01  7.1743E-02
  2.8429E+02  2.2765E-01  7.1787E-02
  2.8459E+02  2.2757E-01  7.1831E-02
  2.8489E+02  2.2749E-01  7.1875E-02
  2.8519E+02  2.2741E-01  7.1920E-02
  2.8548E+02  2.2733E-01  7.1964E-02
  2.8578E+02  2.2725E-01  7.2008E-02
  2.8608E+02  2.2717E-01  7.2052E-02
  2.8638E+02  2.2709E-01  7.2096E-02
  2.8668E+02  2.2701E-01  7.2140E-02
  2.8697E+02  2.2693E-01  7.2183E-02
  2.8727E+02  2.2685E-01  7.2227E-02
  2.8757E+02  2.2677E-01  7.2271E-02
  2.8787E+02  2.2669E-01  7.2315E-02
  2.8817E+02  2.2661E-01  7.2358E-02
  2.8846E+02  2.2653E-01  7.2402E-02
  2.8876E+02  2.2645E-01  7.2446E-02
  2.8906E+02  2.2637E-01  7.2489E-02
  2.8936E+02  2.2629E-01  7.2533E-02
  2.8966E+02  2.2621E-01  7.2576E-02
  2.8995E+02  2.2613E-01  7.2620E-02
  2.9025E+02  2.2605E-01  7.2663E-02
  2.9055E+02  2.2597E-01  7.2707E-02
  2.9085E+02  2.2589E-01  7.2750E-02
  2.9115E+02  2.2581E-01  7.2793E-02
  2.9144E+02  2.2573E-01  7.2837E-02
  2.9174E+02  2.2565E-01  7.2880E-02
  2.9204E+02  2.2557E-01  7.2923E-02
  2.9234E+02  2.2549E-01  7.2966E-02
  2.9264E+02  2.2541E-01  7.3009E-02
  2.9293E+02  2.2533E-01  7.3053E-02
  2.9323E+02  2.2525E-01  7.3096E-02
  2.9353E+02  2.2517E-01  7.3139E-02
  2.9383E+02  2.2509E-01  7.3181E-02
  2.9413E+02  2.2501E-01  7.3224E-02
  2.9442E+02  2.2493E-01  7.3267E-02
  2.9472E+02  2.2485E-01  7.3310E-02
  2.9502E+02  2.2477E-01  7.3353E-02
  2.9532E+02  2.2470E-01  7.3396E-02
  2.9562E+02  2.2462E-01  7.3438E-02
  2.9591E+02  2.2454E-01  7.3481E-02
  2.9621E+02  2.2446E-01  7.3524E-02
  2.9651E+02  2.2438E-01  7.3566E-02
  2.9681E+02  2.2430E-01  7.3609E-02
  2.9711E+02  2.2422E-01  7.3652E-02
  2.9740E+02  2.2414E-01  7.3694E-02
  2.9770E+02  2.2406E-01  7.3737E-02
  2.9800E+02  2.2398E-01  7.3779E-02
  2.9830E+02  2.2390E-01  7.3822E-02
  2.9860E+02  2.2382E-01  7.3864E-02
  2.9889E+02  2.2374E-01  7.3906E-02
  2.9919E+02  2.2367E-01  7.3949E-02
  2.9949E+02  2.2359E-01  7.3991E-02
  2.9979E+02  2.2351E-01  7.4033E-02
  3.0009E+02  2.2343E-01  7.4075E-02
  3.0038E+02  2.2335E-01  7.4117E-02
  3.0068E+02  2.2327E-01  7.4159E-02
  3.0098E+02  2.2319E-01  7.4202E-02
  3.0128E+02  2.2311E-01  7.4244E-02
  3.0158E+02  2.2303E-01  7.4286E-02
  3.0187E+02  2.2295E-01  7.4328E-02
  3.0217E+02  2.2288E-01  7.4370E-02
  3.0247E+02  2.2280E-01  7.4411E-02
  3.0277E+02  2.2272E-01  7.4453E-02
  3.0307E+02  2.2264E-01  7.4495E-02
  3.0336E+02  2.2256E-01  7.4537E-02
  3.0366E+02  2.2248E-01  7.4579E-02
  3.0396E+02  2.2240E-01  7.4620E-02
  3.0426E+02  2.2232E-01  7.4662E-02
  3.0456E+02  2.2225E-01  7.4703E-02
  3.0485E+02  2.2217E-01  7.4745E-02
  3.0515E+02  2.2209E-01  7.4786E-02
  3.0545E+02  2.2201E-01  7.4828E-02
  3.0575E+02  2.2193E-01  7.4869E-02
  3.0605E+02  2.2185E-01  7.4911E-02
  3.0634E+02  2.2177E-01  7.4952E-02
  3.0664E+02  2.2169E-01  7.4993E-02
  3.0694E+02  2.2162E-01  7.5034E-02
  3.0724E+02  2.2154E-01  7.5076E-02
  3.0754E+02  2.2146E-01  7.5117E-02
  3.0783E+02  2.2138E-01  7.5158E-02
  3.0813E+02  2.2130E-01  7.5199E-02
  3.0843E+02  2.2122E-01  7.5240E-02
  3.0873E+02  2.2114E-01  7.5281E-02
  3.0903E+02  2.2107E-01  7.5322E-02
  3.0932E+02  2.2099E-01  7.5363E-02
  3.0962E+02  2.2091E-01  7.5404E-02
  3.0992E+02  2.2083E-01  7.5445E-02
  3.1022E+02  2.2075E-01  7.5485E-02
  3.1052E+02  2.2067E-01  7.5526E-02
  3.1081E+02  2.2060E-01  7.5567E-02
  3.1111E+02  2.2052E-01  7.5608E-02
  3.1141E+02  2.2044E-01  7.5648E-02
  3.1171E+02  2.2036E-01  7.5689E-02
  3.1201E+02  2.2028E-01  7.5730E-02
  3.1230E+02  2.2020E-01  7.5770E-02
  3.1260E+02  2.2013E-01  7.5811E-02
  3.1290E+02  2.2005E-01  7.5851E-02
  3.1320E+02  2.1997E-01  7.5892E-02
  3.1350E+02  2.1989E-01  7.5932E-02
  3.1379E+02  2.1981E-01  7.5972E-02
  3.1409E+02  2.1973E-01  7.6013E-02
  3.1439E+02  2.1966E-01  7.6053E-02
  3.1469E+02  2.1958E-01  7.6093E-02
  3.1499E+02  2.1950E-01  7.6133E-02
  3.1528E+02  2.1942E-01  7.6173E-02
  3.1558E+02  2.1934E-01  7.6214E-02
  3.1588E+02  2.1927E-01  7.6254E-02
  3.1618E+02  2.1919E-01  7.6294E-02
  3.1648E+02  2.1911E-01  7.6334E-02
  3.1677E+02  2.1903E-01  7.6374E-02
  3.1707E+02  2.1895E-01  7.6414E-02
  3.1737E+02  2.1888E-01  7.6454E-02
  3.1767E+02  2.1880E-01  7.6493E-02
  3.1797E+02  2.1872E-01  7.6533E-02
  3.1826E+02  2.1864E-01  7.6573E-02
  3.1856E+02  2.1856E-01  7.6613E-02
  3.1886E+02  2.1849E-01  7.6652E-02
  3.1916E+02  2.1841E-01  7.6692E-02
  3.1946E+02  2.1833E-01  7.6732E-02
  3.1975E+02  2.1825E-01  7.6771E-02
  3.2005E+02  2.1817E-01  7.6811E-02
  3.2035E+02  2.1810E-01  7.6850E-02
  3.2065E+02  2.1802E-01  7.6890E-02
  3.2095E+02  2.1794E-01  7.6929E-02
  3.2124E+02  2.1786E-01  7.6969E-02
  3.2154E+02  2.1778E-01  7.7008E-02
  3.2184E+02  2.1771E-01  7.7047E-02
  3.2214E+02  2.1763E-01  7.7087E-02
  3.2244E+02  2.1755E-01  7.7126E-02
  3.2273E+02  2.1747E-01  7.7165E-02
  3.2303E+02  2.1740E-01  7.7204E-02
  3.2333E+02  2.1732E-01  7.7243E-02
  3.2363E+02  2.1724E-01  7.7282E-02
  3.2393E+02  2.1716E-01  7.7321E-02
  3.2422E+02  2.1708E-01  7.7360E-02
  3.2452E+02  2.1701E-01  7.7399E-02
  3.2482E+02  2.1693E-01  7.7438E-02
  3.2512E+02  2.1685E-01  7.7477E-02
  3.2542E+02  2.1677E-01  7.7516E-02
  3.2571E+02  2.1670E-01  7.7555E-02
  3.2601E+02  2.1662E-01  7.7593E-02
  3.2631E+02  2.1654E-01  7.7632E-02
  3.2661E+02  2.1646E-01  7.7671E-02
  3.2691E+02  2.1639E-01  7.7709E-02
  3.2720E+02  2.1631E-01  7.7748E-02
  3.2750E+02  2.1623E-01  7.7787E-02
  3.2780E+02  2.1615E-01  7.7825E-02
  3.2810E+02  2.1608E-01  7.7864E-02
  3.2840E+02  2.1600E-01  7.7902E-02
  3.2869E+02  2.1592E-01  7.7941E-02
  3.2899E+02  2.1584E-01  7.7979E-02
  3.2929E+02  2.1577E-01  7.8017E-02
  3.2959E+02  2.1569E-01  7.8056E-02
  3.2989E+02  2.1561E-01  7.8094E-02
  3.3018E+02  2.1553E-01  7.8132E-02
  3.3048E+02  2.1546E-01  7.8170E-02
  3.3078E+02  2.1538E-01  7.8208E-02
  3.3108E+02  2.1530E-01  7.8247E-02
  3.3138E+02  2.1522E-01  7.8285E-02
  3.3167E+02  2.1515E-01  7.8323E-02
  3.3197E+02  2.1507E-01  7.8361E-02
  3.3227E+02  2.1499E-01  7.8399E-02
  3.3257E+02  2.1491E-01  7.8437E-02
  3.3287E+02  2.1484E-01  7.8474E-02
  3.3316E+02  2.1476E-01  7.8512E-02
  3.3346E+02  2.1468E-01  7.8550E-02
  3.3376E+02  2.1460E-01  7.8588E-02
  3.3406E+02  2.1453E-01  7.8626E-02
  3.3436E+02  2.1445E-01  7.8663E-02
  3.3465E+02  2.1437E-01  7.8701E-02
  3.3495E+02  2.1430E-01  7.8738E-02
  3.3525E+02  2.1422E-01  7.8776E-02
  3.3555E+02  2.1414E-01  7.8814E-02
  3.3585E+02  2.1406E-01  7.8851E-02
  3.3614E+02  2.1399E-01  7.8888E-02
  3.3644E+02  2.1391E-01  7.8926E-02
  3.3674E+02  2.1383E-01  7.8963E-02
  3.3704E+02  2.1376E-01  7.9001E-02
  3.3734E+02  2.1368E-01  7.9038E-02
  3.3763E+02  2.1360E-01  7.9075E-02
  3.3793E+02  2.1352E-01  7.9112E-02
  3.3823E+02  2.1345E-01  7.9150E-02
  3.3853E+02  2.1337E-01  7.9187E-02
  3.3883E+02  2.1329E-01  7.9224E-02
  3.3912E+02  2.1322E-01  7.9261E-02
  3.3942E+02  2.1314E-01  7.9298E-02
  3.3972E+02  2.1306E-01  7.9335E-02
  3.4002E+02  2.1299E-01  7.9372E-02
  3.4032E+02  2.1291E-01  7.9409E-02
  3.4061E+02  2.1283E-01  7.9446E-02
  3.4091E+02  2.1275E-01  7.9483E-02
  3.4121E+02  2.1268E-01  7.9520E-02
  3.4151E+02  2.1260E-01  7.9556E-02
  3.4181E+02  2.1252E-01  7.9593E-02
  3.4210E+02  2.1245E-01  7.9630E-02
  3.4240E+02  2.1237E-01  7.9666E-02
  3.4270E+02  2.1229E-01  7.9703E-02
  3.4300E+02  2.1222E-01  7.9740E-02
  3.4330E+02  2.1214E-01  7.9776E-02
  3.4359E+02  2.1206E-01  7.9813E-02
  3.4389E+02  2.1199E-01  7.9849E-02
  3.4419E+02  2.1191E-01  7.9886E-02
  3.4449E+02  2.1183E-01  7.9922E-02
  3.4479E+02  2.1176E-01  7.9959E-02
  3.4508E+02  2.1168E-01  7.9995E-02
  3.4538E+02  2.1160E-01  8.0031E-02
  3.4568E+02  2.1153E-01  8.0067E-02
  3.4598E+02  2.1145E-01  8.0104E-02
  3.4628E+02  2.1137E-01  8.0140E-02
  3.4657E+02  2.1129E-01  8.0176E-02
  3.4687E+02  2.1122E-01  8.0212E-02
  3.4717E+02  2.1114E-01  8.0248E-02
  3.4747E+02  2.1106E-01  8.0284E-02
  3.4777E+02  2.1099E-01  8.0320E-02
  3.4806E+02  2.1091E-01  8.0356E-02
  3.4836E+02  2.1084E-01  8.0392E-02
  3.4866E+02  2.1076E-01  8.0428E-02
  3.4896E+02  2.1068E-01  8.0464E-02
  3.4926E+02  2.1061E-01  8.0500E-02
  3.4955E+02  2.1053E-01  8.0536E-02
  3.4985E+02  2.1045E-01  8.0571E-02
  3.5015E+02  2.1038E-01  8.0607E-02
  3.5045E+02  2.1030E-01  8.0643E-02
  3.5075E+02  2.1022E-01  8.0678E-02
  3.5104E+02  2.1015E-01  8.0714E-02
  3.5134E+02  2.1007E-01  8.0750E-02
  3.5164E+02  2.0999E-01  8.0785E-02
  3.5194E+02  2.0992E-01  8.0821E-02
  3.5224E+02  2.0984E-01  8.0856E-02
  3.5253E+02  2.0976E-01  8.0892E-02
  3.5283E+02  2.0969E-01  8.0927E-02
  3.5313E+02  2.0961E-01  8.0962E-02
  3.5343E+02  2.0953E-01  8.0998E-02
  3.5373E+02  2.0946E-01  8.1033E-02
  3.5402E+02  2.0938E-01  8.1068E-02
  3.5432E+02  2.0931E-01  8.1103E-02
  3.5462E+02  2.0923E-01  8.1139E-02
  3.5492E+02  2.0915E-01  8.1174E-02
  3.5522E+02  2.0908E-01  8.1209E-02
  3.5551E+02  2.0900E-01  8.1244E-02
  3.5581E+02  2.0892E-01  8.1279E-02
  3.5611E+02  2.0885E-01  8.1314E-02
  3.5641E+02  2.0877E-01  8.1349E-02
  3.5671E+02  2.0870E-01  8.1384E-02
  3.5700E+02  2.0862E-01  8.1419E-02
  3.5730E+02  2.0854E-01  8.1454E-02
  3.5760E+02  2.0847E-01  8.1489E-02
  3.5790E+02  2.0839E-01  8.1523E-02
  3.5820E+02  2.0831E-01  8.1558E-02
  3.5849E+02  2.0824E-01  8.1593E-02
  3.5879E+02  2.0816E-01  8.1628E-02
  3.5909E+02  2.0809E-01  8.1662E-02
  3.5939E+02  2.0801E-01  8.1697E-02
  3.5969E+02  2.0793E-01  8.1731E-02
  3.5998E+02  2.0786E-01  8.1766E-02
  3.6028E+02  2.0778E-01  8.1801E-02
  3.6058E+02  2.0771E-01  8.1835E-02
  3.6088E+02  2.0763E-01  8.1870E-02
  3.6118E+02  2.0755E-01  8.1904E-02
  3.6147E+02  2.0748E-01  8.1938E-02
  3.6177E+02  2.0740E-01  8.1973E-02
  3.6207E+02  2.0733E-01  8.2007E-02
  3.6237E+02  2.0725E-01  8.2041E-02
  3.6267E+02  2.0718E-01  8.2076E-02
  3.6296E+02  2.0710E-01  8.2110E-02
  3.6326E+02  2.0702E-01  8.2144E-02
  3.6356E+02  2.0695E-01  8.2178E-02
  3.6386E+02  2.0687E-01  8.2212E-02
  3.6416E+02  2.0680E-01  8.2247E-02
  3.6445E+02  2.0672E-01  8.2281E-02
  3.6475E+02  2.0665E-01  8.2315E-02
  3.6505E+02  2.0657E-01  8.2349E-02
  3.6535E+02  2.0649E-01  8.2383E-02
  3.6565E+02  2.0642E-01  8.2417E-02
  3.6594E+02  2.0634E-01  8.2451E-02
  3.6624E+02  2.0627E-01  8.2485E-02
  3.6654E+02  2.0619E-01  8.2518E-02
  3.6684E+02  2.0612E-01  8.2552E-02
  3.6714E+02  2.0604E-01  8.2586E-02
  3.6743E+02  2.0597E-01  8.2620E-02
  3.6773E+02  2.0589E-01  8.2654E-02
  3.6803E+02  2.0581E-01  8.2687E-02
  3.6833E+02  2.0574E-01  8.2721E-02
  3.6863E+02  2.0566E-01  8.2755E-02
  3.6892E+02  2.0559E-01  8.2788E-02
  3.6922E+02  2.0551E-01  8.2822E-02
  3.6952E+02  2.0544E-01  8.2855E-02
  3.6982E+02  2.0536E-01  8.2889E-02
  3.7012E+02  2.0529E-01  8.2922E-02
  3.7041E+02  2.0521E-01  8.2956E-02
  3.7071E+02  2.0514E-01  8.2989E-02
  3.7101E+02  2.0506E-01  8.3023E-02
  3.7131E+02  2.0499E-01  8.3056E-02
  3.7161E+02  2.0491E-01  8.3089E-02
  3.7190E+02  2.0484E-01  8.3123E-02
  3.7220E+02  2.0476E-01  8.3156E-02
  3.7250E+02  2.0469E-01  8.3189E-02
  3.7280E+02  2.0461E-01  8.3223E-02
  3.7310E+02  2.0454E-01  8.3256E-02
  3.7339E+02  2.0446E-01  8.3289E-02
  3.7369E+02  2.0439E-01  8.3322E-02
  3.7399E+02  2.0431E-01  8.3355E-02
  3.7429E+02  2.0424E-01  8.3388E-02
  3.7459E+02  2.0416E-01  8.3421E-02
  3.7488E+02  2.0409E-01  8.3454E-02
  3.7518E+02  2.0401E-01  8.3487E-02
  3.7548E+02  2.0394E-01  8.3520E-02
  3.7578E+02  2.0386E-01  8.3553E-02
  3.7608E+02  2.0379E-01  8.3586E-02
  3.7637E+02  2.0371E-01  8.3619E-02
  3.7667E+02  2.0364E-01  8.3652E-02
  3.7697E+02  2.0356E-01  8.3685E-02
  3.7727E+02  2.0349E-01  8.3717E-02
  3.7757E+02  2.0341E-01  8.3750E-02
  3.7786E+02  2.0334E-01  8.3783E-02
  3.7816E+02  2.0326E-01  8.3816E-02
  3.7846E+02  2.0319E-01  8.3848E-02
  3.7876E+02  2.0311E-01  8.3881E-02
  3.7906E+02  2.0304E-01  8.3913E-02
  3.7935E+02  2.0296E-01  8.3946E-02
  3.7965E+02  2.0289E-01  8.3978E-02
  3.7995E+02  2.0281E-01  8.4011E-02
  3.8025E+02  2.0274E-01  8.4043E-02
  3.8055E+02  2.0267E-01  8.4076E-02
  3.8084E+02  2.0259E-01  8.4108E-02
  3.8114E+02  2.0252E-01  8.4141E-02
  3.8144E+02  2.0244E-01  8.4173E-02
  3.8174E+02  2.0237E-01  8.4205E-02
  3.8204E+02  2.0229E-01  8.4238E-02
  3.8233E+02  2.0222E-01  8.4270E-02
  3.8263E+02  2.0214E-01  8.4302E-02
  3.8293E+02  2.0207E-01  8.4334E-02
  3.8323E+02  2.0200E-01  8.4366E-02
  3.8353E+02  2.0192E-01  8.4398E-02
  3.8382E+02  2.0185E-01  8.4430E-02
  3.8412E+02  2.0177E-01  8.4463E-02
  3.8442E+02  2.0170E-01  8.4495E-02
  3.8472E+02  2.0162E-01  8.4527E-02
  3.8502E+02  2.0155E-01  8.4558E-02
  3.8531E+02  2.0148E-01  8.4590E-02
  3.8561E+02  2.0140E-01  8.4622E-02
  3.8591E+02  2.0133E-01  8.4654E-02
  3.8621E+02  2.0125E-01  8.4686E-02
  3.8651E+02  2.0118E-01  8.4718E-02
  3.8680E+02  2.0111E-01  8.4750E-02
  3.8710E+02  2.0103E-01  8.4781E-02
  3.8740E+02  2.0096E-01  8.4813E-02
  3.8770E+02  2.0088E-01  8.4845E-02
  3.8800E+02  2.0081E-01  8.4876E-02
  3.8829E+02  2.0074E-01  8.4908E-02
  3.8859E+02  2.0066E-01  8.4940E-02
  3.8889E+02  2.0059E-01  8.4971E-02
  3.8919E+02  2.0051E-01  8.5003E-02
  3.8949E+02  2.0044E-01  8.5034E-02
  3.8978E+02  2.0037E-01  8.5066E-02
  3.9008E+02  2.0029E-01  8.5097E-02
  3.9038E+02  2.0022E-01  8.5128E-02
  3.9068E+02  2.0014E-01  8.5160E-02
  3.9098E+02  2.0007E-01  8.5191E-02
  3.9127E+02  2.0000E-01  8.5222E-02
  3.9157E+02  1.9992E-01  8.5254E-02
  3.9187E+02  1.9985E-01  8.5285E-02
  3.9217E+02  1.9977E-01  8.5316E-02
  3.9247E+02  1.9970E-01  8.5347E-02
  3.9276E+02  1.9963E-01  8.5379E-02
  3.9306E+02  1.9955E-01  8.5410E-02
  3.9336E+02  1.9948E-01  8.5441E-02
  3.9366E+02  1.9941E-01  8.5472E-02
  3.9396E+02  1.9933E-01  8.5503E-02
  3.9425E+02  1.9926E-01  8.5534E-02
  3.9455E+02  1.9918E-01  8.5565E-02
  3.9485E+02  1.9911E-01  8.5596E-02
  3.9515E+02  1.9904E-01  8.5627E-02
  3.9545E+02  1.9896E-01  8.5658E-02
  3.9574E+02  1.9889E-01  8.5688E-02
  3.9604E+02  1.9882E-01  8.5719E-02
  3.9634E+02  1.9874E-01  8.5750E-02
  3.9664E+02  1.9867E-01  8.5781E-02
  3.9694E+02  1.9860E-01  8.5811E-02
  3.9723E+02  1.9852E-01  8.5842E-02
  3.9753E+02  1.9845E-01  8.5873E-02
  3.9783E+02  1.9838E-01  8.5903E-02
  3.9813E+02  1.9830E-01  8.5934E-02
  3.9843E+02  1.9823E-01  8.5965E-02
  3.9872E+02  1.9815E-01  8.5995E-02
  3.9902E+02  1.9808E-01  8.6026E-02
  3.9932E+02  1.9801E-01  8.6056E-02
  3.9962E+02  1.9793E-01  8.6087E-02
  3.9992E+02  1.9786E-01  8.6117E-02
  4.0021E+02  1.9779E-01  8.6147E-02
  4.0051E+02  1.9771E-01  8.6178E-02
  4.0081E+02  1.9764E-01  8.6208E-02
  4.0111E+02  1.9757E-01  8.6238E-02
  4.0141E+02  1.9749E-01  8.6269E-02
  4.0170E+02  1.9742E-01  8.6299E-02
  4.0200E+02  1.9735E-01  8.6329E-02
  4.0230E+02  1.9727E-01  8.6359E-02
  4.0260E+02  1.9720E-01  8.6389E-02
  4.0290E+02  1.9713E-01  8.6419E-02
  4.0319E+02  1.9706E-01  8.6449E-02
  4.0349E+02  1.9698E-01  8.6479E-02
  4.0379E+02  1.9691E-01  8.6509E-02
  4.0409E+02  1.9684E-01  8.6539E-02
  4.0439E+02  1.9676E-01  8.6569E-02
  4.0468E+02  1.9669E-01  8.6599E-02
  4.0498E+02  1.9662E-01  8.6629E-02
  4.0528E+02  1.9654E-01  8.6659E-02
  4.0558E+02  1.9647E-01  8.6689E-02
  4.0588E+02  1.9640E-01  8.6719E-02
  4.0617E+02  1.9632E-01  8.6748E-02
  4.0647E+02  1.9625E-01  8.6778E-02
  4.0677E+02  1.9618E-01  8.6808E-02
  4.0707E+02  1.9610E-01  8.6838E-02
  4.0737E+02  1.9603E-01  8.6867E-02
  4.0766E+02  1.9596E-01  8.6897E-02
  4.0796E+02  1.9589E-01  8.6926E-02
  4.0826E+02  1.9581E-01  8.6956E-02
  4.0856E+02  1.9574E-01  8.6986E-02
  4.0886E+02  1.9567E-01  8.7015E-02
  4.0915E+02  1.9559E-01  8.7044E-02
  4.0945E+02  1.9552E-01  8.7074E-02
  4.0975E+02  1.9545E-01  8.7103E-02
  4.1005E+02  1.9538E-01  8.7133E-02
  4.1035E+02  1.9530E-01  8.7162E-02
  4.1064E+02  1.9523E-01  8.7191E-02
  4.1094E+02  1.9516E-01  8.7221E-02
  4.1124E+02  1.9508E-01  8.7250E-02
  4.1154E+02  1.9501E-01  8.7279E-02
  4.1184E+02  1.9494E-01  8.7308E-02
  4.1213E+02  1.9487E-01  8.7337E-02
  4.1243E+02  1.9479E-01  8.7367E-02
  4.1273E+02  1.9472E-01  8.7396E-02
  4.1303E+02  1.9465E-01  8.7425E-02
  4.1333E+02  1.9458E-01  8.7454E-02
  4.1362E+02  1.9450E-01  8.7483E-02
  4.1392E+02  1.9443E-01  8.7512E-02
  4.1422E+02  1.9436E-01  8.7541E-02
  4.1452E+02  1.9428E-01  8.7570E-02
  4.1482E+02  1.9421E-01  8.7598E-02
  4.1511E+02  1.9414E-01  8.7627E-02
  4.1541E+02  1.9407E-01  8.7656E-02
  4.1571E+02  1.9399E-01  8.7685E-02
  4.1601E+02  1.9392E-01  8.7714E-02
  4.1631E+02  1.9385E-01  8.7742E-02
  4.1660E+02  1.9378E-01  8.7771E-02
  4.1690E+02  1.9370E-01  8.7800E-02
  4.1720E+02  1.9363E-01  8.7828E-02
  4.1750E+02  1.9356E-01  8.7857E-02
  4.1780E+02  1.9349E-01  8.7886E-02
  4.1809E+02  1.9341E-01  8.7914E-02
  4.1839E+02  1.9334E-01  8.7943E-02
  4.1869E+02  1.9327E-01  8.7971E-02
  4.1899E+02  1.9320E-01  8.8000E-02
  4.1929E+02  1.9312E-01  8.8028E-02
  4.1958E+02  1.9305E-01  8.8056E-02
  4.1988E+02  1.9298E-01  8.8085E-02
  4.2018E+02  1.9291E-01  8.8113E-02
  4.2048E+02  1.9284E-01  8.8141E-02
  4.2078E+02  1.9276E-01  8.8170E-02
  4.2107E+02  1.9269E-01  8.8198E-02
  4.2137E+02  1.9262E-01  8.8226E-02
  4.2167E+02  1.9255E-01  8.8254E-02
  4.2197E+02  1.9247E-01  8.8282E-02
  4.2227E+02  1.9240E-01  8.8311E-02
  4.2256E+02  1.9233E-01  8.8339E-02
  4.2286E+02  1.9226E-01  8.8367E-02
  4.2316E+02  1.9218E-01  8.8395E-02
  4.2346E+02  1.9211E-01  8.8423E-02
  4.2376E+02  1.9204E-01  8.8451E-02
  4.2405E+02  1.9197E-01  8.8479E-02
  4.2435E+02  1.9190E-01  8.8507E-02
  4.2465E+02  1.9182E-01  8.8534E-02
  4.2495E+02  1.9175E-01  8.8562E-02
  4.2525E+02  1.9168E-01  8.8590E-02
  4.2554E+02  1.9161E-01  8.8618E-02
  4.2584E+02  1.9154E-01  8.8646E-02
  4.2614E+02  1.9146E-01  8.8673E-02
  4.2644E+02  1.9139E-01  8.8701E-02
  4.2674E+02  1.9132E-01  8.8729E-02
  4.2703E+02  1.9125E-01  8.8756E-02
  4.2733E+02  1.9118E-01  8.8784E-02
  4.2763E+02  1.9110E-01  8.8812E-02
  4.2793E+02  1.9103E-01  8.8839E-02
  4.2823E+02  1.9096E-01  8.8867E-02
  4.2852E+02  1.9089E-01  8.8894E-02
  4.2882E+02  1.9082E-01  8.8922E-02
  4.2912E+02  1.9074E-01  8.8949E-02
  4.2942E+02  1.9067E-01  8.8976E-02
  4.2972E+02  1.9060E-01  8.9004E-02
  4.3001E+02  1.9053E-01  8.9031E-02
  4.3031E+02  1.9046E-01  8.9058E-02
  4.3061E+02  1.9039E-01  8.9086E-02
  4.3091E+02  1.9031E-01  8.9113E-02
  4.3121E+02  1.9024E-01  8.9140E-02
  4.3150E+02  1.9017E-01  8.9167E-02
  4.3180E+02  1.9010E-01  8.9194E-02
  4.3210E+02  1.9003E-01  8.9221E-02
  4.3240E+02  1.8996E-01  8.9249E-02
  4.3270E+02  1.8988E-01  8.9276E-02
  4.3299E+02  1.8981E-01  8.9303E-02
  4.3329E+02  1.8974E-01  8.9330E-02
  4.3359E+02  1.8967E-01  8.9357E-02
  4.3389E+02  1.8960E-01  8.9384E-02
  4.3419E+02  1.8953E-01  8.9411E-02
  4.3448E+02  1.8945E-01  8.9437E-02
  4.3478E+02  1.8938E-01  8.9464E-02
  4.3508E+02  1.8931E-01  8.9491E-02
  4.3538E+02  1.8924E-01  8.9518E-02
  4.3568E+02  1.8917E-01  8.9545E-02
  4.3597E+02  1.8910E-01  8.9571E-02
  4.3627E+02  1.8902E-01  8.9598E-02
  4.3657E+02  1.8895E-01  8.9625E-02
  4.3687E+02  1.8888E-01  8.9651E-02
  4.3717E+02  1.8881E-01  8.9678E-02
  4.3746E+02  1.8874E-01  8.9705E-02
  4.3776E+02  1.8867E-01  8.9731E-02
  4.3806E+02  1.8860E-01  8.9758E-02
  4.3836E+02  1.8852E-01  8.9784E-02
  4.3866E+02  1.8845E-01  8.9811E-02
  4.3895E+02  1.8838E-01  8.9837E-02
  4.3925E+02  1.8831E-01  8.9864E-02
  4.3955E+02  1.8824E-01  8.9890E-02
  4.3985E+02  1.8817E-01  8.9916E-02
  4.4015E+02  1.8810E-01  8.9943E-02
  4.4044E+02  1.8803E-01  8.9969E-02
  4.4074E+02  1.8795E-01  8.9995E-02
  4.4104E+02  1.8788E-01  9.0021E-02
  4.4134E+02  1.8781E-01  9.0048E-02
  4.4164E+02  1.8774E-01  9.0074E-02
  4.4193E+02  1.8767E-01  9.0100E-02
  4.4223E+02  1.8760E-01  9.0126E-02
  4.4253E+02  1.8753E-01  9.0152E-02
  4.4283E+02  1.8746E-01  9.0178E-02
  4.4313E+02  1.8738E-01  9.0204E-02
  4.4342E+02  1.8731E-01  9.0230E-02
  4.4372E+02  1.8724E-01  9.0256E-02
  4.4402E+02  1.8717E-01  9.0282E-02
  4.4432E+02  1.8710E-01  9.0308E-02
  4.4462E+02  1.8703E-01  9.0334E-02
  4.4491E+02  1.8696E-01  9.0360E-02
  4.4521E+02  1.8689E-01  9.0386E-02
  4.4551E+02  1.8682E-01  9.0411E-02
  4.4581E+02  1.8675E-01  9.0437E-02
  4.4611E+02  1.8667E-01  9.0463E-02
  4.4640E+02  1.8660E-01  9.0489E-02
  4.4670E+02  1.8653E-01  9.0514E-02
  4.4700E+02  1.8646E-01  9.0540E-02
  4.4730E+02  1.8639E-01  9.0566E-02
  4.4760E+02  1.8632E-01  9.0591E-02
  4.4789E+02  1.8625E-01  9.0617E-02
  4.4819E+02  1.8618E-01  9.0642E-02
  4.4849E+02  1.8611E-01  9.0668E-02
  4.4879E+02  1.8604E-01  9.0693E-02
  4.4909E+02  1.8597E-01  9.0719E-02
  4.4938E+02  1.8589E-01  9.0744E-02
  4.4968E+02  1.8582E-01  9.0770E-02
  4.4998E+02  1.8575E-01  9.0795E-02
  4.5028E+02  1.8568E-01  9.0820E-02
  4.5058E+02  1.8561E-01  9.0846E-02
  4.5087E+02  1.8554E-01  9.0871E-02
  4.5117E+02  1.8547E-01  9.0896E-02
  4.5147E+02  1.8540E-01  9.0922E-02
  4.5177E+02  1.8533E-01  9.0947E-02
  4.5207E+02  1.8526E-01  9.0972E-02
  4.5236E+02  1.8519E-01  9.0997E-02
  4.5266E+02  1.8512E-01  9.1022E-02
  4.5296E+02  1.8505E-01  9.1047E-02
  4.5326E+02  1.8498E-01  9.1072E-02
  4.5356E+02  1.8491E-01  9.1097E-02
  4.5385E+02  1.8483E-01  9.1122E-02
  4.5415E+02  1.8476E-01  9.1147E-02
  4.5445E+02  1.8469E-01  9.1172E-02
  4.5475E+02  1.8462E-01  9.1197E-02
  4.5505E+02  1.8455E-01  9.1222E-02
  4.5534E+02  1.8448E-01  9.1247E-02
  4.5564E+02  1.8441E-01  9.1272E-02
  4.5594E+02  1.8434E-01  9.1297E-02
  4.5624E+02  1.8427E-01  9.1322E-02
  4.5654E+02  1.8420E-01  9.1346E-02
  4.5683E+02  1.8413E-01  9.1371E-02
  4.5713E+02  1.8406E-01  9.1396E-02
  4.5743E+02  1.8399E-01  9.1420E-02
  4.5773E+02  1.8392E-01  9.1445E-02
  4.5803E+02  1.8385E-01  9.1470E-02
  4.5832E+02  1.8378E-01  9.1494E-02
  4.5862E+02  1.8371E-01  9.1519E-02
  4.5892E+02  1.8364E-01  9.1543E-02
  4.5922E+02  1.8357E-01  9.1568E-02
  4.5952E+02  1.8350E-01  9.1592E-02
  4.5981E+02  1.8343E-01  9.1617E-02
  4.6011E+02  1.8336E-01  9.1641E-02
  4.6041E+02  1.8329E-01  9.1666E-02
  4.6071E+02  1.8322E-01  9.1690E-02
  4.6101E+02  1.8315E-01  9.1714E-02
  4.6130E+02  1.8308E-01  9.1739E-02
  4.6160E+02  1.8301E-01  9.1763E-02
  4.6190E+02  1.8294E-01  9.1787E-02
  4.6220E+02  1.8287E-01  9.1812E-02
  4.6250E+02  1.8280E-01  9.1836E-02
  4.6279E+02  1.8273E-01  9.1860E-02
  4.6309E+02  1.8266E-01  9.1884E-02
  4.6339E+02  1.8259E-01  9.1908E-02
  4.6369E+02  1.8252E-01  9.1932E-02
  4.6399E+02  1.8245E-01  9.1956E-02
  4.6428E+02  1.8238E-01  9.1980E-02
  4.6458E+02  1.8231E-01  9.2004E-02
  4.6488E+02  1.8224E-01  9.2028E-02
  4.6518E+02  1.8217E-01  9.2052E-02
  4.6548E+02  1.8210E-01  9.2076E-02
  4.6577E+02  1.8203E-01  9.2100E-02
  4.6607E+02  1.8196E-01  9.2124E-02
  4.6637E+02  1.8189E-01  9.2148E-02
  4.6667E+02  1.8182E-01  9.2172E-02
  4.6697E+02  1.8175E-01  9.2196E-02
  4.6726E+02  1.8168E-01  9.2219E-02
  4.6756E+02  1.8161E-01  9.2243E-02
  4.6786E+02  1.8154E-01  9.2267E-02
  4.6816E+02  1.8147E-01  9.2291E-02
  4.6846E+02  1.8140E-01  9.2314E-02
  4.6875E+02  1.8133E-01  9.2338E-02
  4.6905E+02  1.8126E-01  9.2362E-02
  4.6935E+02  1.8119E-01  9.2385E-02
  4.6965E+02  1.8112E-01  9.2409E-02
  4.6995E+02  1.8105E-01  9.2432E-02
  4.7024E+02  1.8098E-01  9.2456E-02
  4.7054E+02  1.8091E-01  9.2479E-02
  4.7084E+02  1.8084E-01  9.2503E-02
  4.7114E+02  1.8077E-01  9.2526E-02
  4.7144E+02  1.8070E-01  9.2549E-02
  4.7173E+02  1.8063E-01  9.2573E-02
  4.7203E+02  1.8056E-01  9.2596E-02
  4.7233E+02  1.8049E-01  9.2619E-02
  4.7263E+02  1.8042E-01  9.2643E-02
  4.7293E+02  1.8035E-01  9.2666E-02
  4.7322E+02  1.8028E-01  9.2689E-02
  4.7352E+02  1.8021E-01  9.2712E-02
  4.7382E+02  1.8014E-01  9.2736E-02
  4.7412E+02  1.8008E-01  9.2759E-02
  4.7442E+02  1.8001E-01  9.2782E-02
  4.7471E+02  1.7994E-01  9.2805E-02
  4.7501E+02  1.7987E-01  9.2828E-02
  4.7531E+02  1.7980E-01  9.2851E-02
  4.7561E+02  1.7973E-01  9.2874E-02
  4.7591E+02  1.7966E-01  9.2897E-02
  4.7620E+02  1.7959E-01  9.2920E-02
  4.7650E+02  1.7952E-01  9.2943E-02
  4.7680E+02  1.7945E-01  9.2966E-02
  4.7710E+02  1.7938E-01  9.2989E-02
  4.7740E+02  1.7931E-01  9.3012E-02
  4.7769E+02  1.7924E-01  9.3035E-02
  4.7799E+02  1.7917E-01  9.3057E-02
  4.7829E+02  1.7910E-01  9.3080E-02
  4.7859E+02  1.7904E-01  9.3103E-02
  4.7889E+02  1.7897E-01  9.3126E-02
  4.7918E+02  1.7890E-01  9.3148E-02
  4.7948E+02  1.7883E-01  9.3171E-02
  4.7978E+02  1.7876E-01  9.3194E-02
  4.8008E+02  1.7869E-01  9.3216E-02
  4.8038E+02  1.7862E-01  9.3239E-02
  4.8067E+02  1.7855E-01  9.3261E-02
  4.8097E+02  1.7848E-01  9.3284E-02
  4.8127E+02  1.7841E-01  9.3307E-02
  4.8157E+02  1.7834E-01  9.3329E-02
  4.8187E+02  1.7827E-01  9.3351E-02
  4.8216E+02  1.7821E-01  9.3374E-02
  4.8246E+02  1.7814E-01  9.3396E-02
  4.8276E+02  1.7807E-01  9.3419E-02
  4.8306E+02  1.7800E-01  9.3441E-02
  4.8336E+02  1.7793E-01  9.3463E-02
  4.8365E+02  1.7786E-01  9.3486E-02
  4.8395E+02  1.7779E-01  9.3508E-02
  4.8425E+02  1.7772E-01  9.3530E-02
  4.8455E+02  1.7765E-01  9.3552E-02
  4.8485E+02  1.7759E-01  9.3575E-02
  4.8514E+02  1.7752E-01  9.3597E-02
  4.8544E+02  1.7745E-01  9.3619E-02
  4.8574E+02  1.7738E-01  9.3641E-02
  4.8604E+02  1.7731E-01  9.3663E-02
  4.8634E+02  1.7724E-01  9.3685E-02
  4.8663E+02  1.7717E-01  9.3707E-02
  4.8693E+02  1.7710E-01  9.3729E-02
  4.8723E+02  1.7703E-01  9.3751E-02
  4.8753E+02  1.7697E-01  9.3773E-02
  4.8783E+02  1.7690E-01  9.3795E-02
  4.8812E+02  1.7683E-01  9.3817E-02
  4.8842E+02  1.7676E-01  9.3839E-02
  4.8872E+02  1.7669E-01  9.3861E-02
  4.8902E+02  1.7662E-01  9.3883E-02
  4.8932E+02  1.7655E-01  9.3904E-02
  4.8961E+02  1.7649E-01  9.3926E-02
  4.8991E+02  1.7642E-01  9.3948E-02
  4.9021E+02  1.7635E-01  9.3970E-02
  4.9051E+02  1.7628E-01  9.3991E-02
  4.9081E+02  1.7621E-01  9.4013E-02
  4.9110E+02  1.7614E-01  9.4035E-02
  4.9140E+02  1.7607E-01  9.4056E-02
  4.9170E+02  1.7601E-01  9.4078E-02
  4.9200E+02  1.7594E-01  9.4099E-02
  4.9230E+02  1.7587E-01  9.4121E-02
  4.9259E+02  1.7580E-01  9.4143E-02
  4.9289E+02  1.7573E-01  9.4164E-02
  4.9319E+02  1.7566E-01  9.4185E-02
  4.9349E+02  1.7559E-01  9.4207E-02
  4.9379E+02  1.7553E-01  9.4228E-02
  4.9408E+02  1.7546E-01  9.4250E-02
  4.9438E+02  1.7539E-01  9.4271E-02
  4.9468E+02  1.7532E-01  9.4292E-02
  4.9498E+02  1.7525E-01  9.4314E-02
  4.9528E+02  1.7518E-01  9.4335E-02
  4.9557E+02  1.7512E-01  9.4356E-02
  4.9587E+02  1.7505E-01  9.4377E-02
  4.9617E+02  1.7498E-01  9.4399E-02
  4.9647E+02  1.7491E-01  9.4420E-02
  4.9677E+02  1.7484E-01  9.4441E-02
  4.9706E+02  1.7477E-01  9.4462E-02
  4.9736E+02  1.7471E-01  9.4483E-02
  4.9766E+02  1.7464E-01  9.4504E-02
  4.9796E+02  1.7457E-01  9.4525E-02
  4.9826E+02  1.7450E-01  9.4546E-02
  4.9855E+02  1.7443E-01  9.4567E-02
  4.9885E+02  1.7436E-01  9.4588E-02
  4.9915E+02  1.7430E-01  9.4609E-02
  4.9945E+02  1.7423E-01  9.4630E-02
  4.9975E+02  1.7416E-01  9.4651E-02
  5.0000E+02  1.7410E-01  9.4669E-02
