# CREATED BY GENE DIAGNOSTICS TOOL on Mon Jun 25 14:26:00 2018
# diag: GAMDIAG, run(s): 0171, time window: 0-500(1679 steps), species: ions
# original data path: /r/c/cmor/ZF_3rd/w7xhms05/1.5047-2.5/
# normalization: L_ref=5.4832m
#
# xind= 0, x/a= 0.70710677, q= 1.1018624
# Fit:    0.3719585,113.37487,16.699467
# Analytic (Gao, Zhou/Yu): 0.32199362,-0.028590745,16.693129
#  t          Re[phi]     Im[phi]   
  0.0000E+00  9.9997E-01  0.0000E+00
  2.9800E-01  9.9092E-01  9.2865E-04
  5.9600E-01  9.6653E-01  1.8017E-03
  8.9400E-01  9.3239E-01  2.6326E-03
  1.1920E+00  8.9358E-01  3.4368E-03
  1.4900E+00  8.5367E-01  4.2319E-03
  1.7880E+00  8.1480E-01  5.0371E-03
  2.0860E+00  7.7813E-01  5.8526E-03
  2.3840E+00  7.4420E-01  6.6569E-03
  2.6820E+00  7.1315E-01  7.4161E-03
  2.9800E+00  6.8493E-01  8.0967E-03
  3.2780E+00  6.5933E-01  8.6739E-03
  3.5760E+00  6.3610E-01  9.1344E-03
  3.8740E+00  6.1493E-01  9.4755E-03
  4.1720E+00  5.9554E-01  9.7025E-03
  4.4700E+00  5.7766E-01  9.8261E-03
  4.7680E+00  5.6105E-01  9.8595E-03
  5.0660E+00  5.4550E-01  9.8173E-03
  5.3640E+00  5.3086E-01  9.7149E-03
  5.6620E+00  5.1702E-01  9.5678E-03
  5.9600E+00  5.0391E-01  9.3903E-03
  6.2580E+00  4.9148E-01  9.2012E-03
  6.5560E+00  4.7970E-01  9.0117E-03
  6.8540E+00  4.6859E-01  8.8328E-03
  7.1520E+00  4.5814E-01  8.6863E-03
  7.4500E+00  4.4833E-01  8.5721E-03
  7.7480E+00  4.3913E-01  8.4862E-03
  8.0460E+00  4.3054E-01  8.4505E-03
  8.3440E+00  4.2254E-01  8.4690E-03
  8.6420E+00  4.1505E-01  8.5172E-03
  8.9400E+00  4.0805E-01  8.5879E-03
  9.2380E+00  4.0150E-01  8.6962E-03
  9.5360E+00  3.9536E-01  8.8457E-03
  9.8340E+00  3.8960E-01  9.0232E-03
  1.0132E+01  3.8416E-01  9.2218E-03
  1.0430E+01  3.7900E-01  9.4454E-03
  1.0728E+01  3.7411E-01  9.6888E-03
  1.1026E+01  3.6947E-01  9.9348E-03
  1.1324E+01  3.6509E-01  1.0176E-02
  1.1622E+01  3.6093E-01  1.0419E-02
  1.1920E+01  3.5695E-01  1.0671E-02
  1.2218E+01  3.5310E-01  1.0916E-02
  1.2516E+01  3.4934E-01  1.1129E-02
  1.2814E+01  3.4570E-01  1.1297E-02
  1.3112E+01  3.4224E-01  1.1433E-02
  1.3410E+01  3.3902E-01  1.1559E-02
  1.3708E+01  3.3604E-01  1.1688E-02
  1.4006E+01  3.3325E-01  1.1803E-02
  1.4304E+01  3.3053E-01  1.1877E-02
  1.4602E+01  3.2777E-01  1.1897E-02
  1.4900E+01  3.2492E-01  1.1862E-02
  1.5198E+01  3.2200E-01  1.1779E-02
  1.5496E+01  3.1907E-01  1.1658E-02
  1.5794E+01  3.1626E-01  1.1512E-02
  1.6092E+01  3.1363E-01  1.1357E-02
  1.6390E+01  3.1122E-01  1.1212E-02
  1.6688E+01  3.0896E-01  1.1078E-02
  1.6986E+01  3.0675E-01  1.0931E-02
  1.7284E+01  3.0450E-01  1.0739E-02
  1.7582E+01  3.0216E-01  1.0493E-02
  1.7880E+01  2.9975E-01  1.0207E-02
  1.8178E+01  2.9730E-01  9.9042E-03
  1.8476E+01  2.9488E-01  9.6015E-03
  1.8774E+01  2.9250E-01  9.3019E-03
  1.9072E+01  2.9019E-01  9.0039E-03
  1.9370E+01  2.8794E-01  8.7153E-03
  1.9668E+01  2.8575E-01  8.4566E-03
  1.9966E+01  2.8360E-01  8.2474E-03
  2.0264E+01  2.8147E-01  8.0864E-03
  2.0562E+01  2.7932E-01  7.9438E-03
  2.0860E+01  2.7712E-01  7.7755E-03
  2.1158E+01  2.7487E-01  7.5484E-03
  2.1456E+01  2.7267E-01  7.2623E-03
  2.1754E+01  2.7062E-01  6.9512E-03
  2.2052E+01  2.6886E-01  6.6628E-03
  2.2350E+01  2.6741E-01  6.4317E-03
  2.2648E+01  2.6622E-01  6.2645E-03
  2.2946E+01  2.6518E-01  6.1404E-03
  2.3244E+01  2.6416E-01  6.0218E-03
  2.3542E+01  2.6305E-01  5.8731E-03
  2.3840E+01  2.6182E-01  5.6788E-03
  2.4138E+01  2.6053E-01  5.4507E-03
  2.4436E+01  2.5930E-01  5.2223E-03
  2.4734E+01  2.5826E-01  5.0372E-03
  2.5032E+01  2.5750E-01  4.9344E-03
  2.5330E+01  2.5700E-01  4.9310E-03
  2.5628E+01  2.5668E-01  5.0097E-03
  2.5926E+01  2.5633E-01  5.1247E-03
  2.6224E+01  2.5578E-01  5.2249E-03
  2.6522E+01  2.5491E-01  5.2748E-03
  2.6820E+01  2.5366E-01  5.2599E-03
  2.7118E+01  2.5208E-01  5.1836E-03
  2.7416E+01  2.5026E-01  5.0695E-03
  2.7714E+01  2.4839E-01  4.9635E-03
  2.8012E+01  2.4669E-01  4.9225E-03
  2.8310E+01  2.4533E-01  4.9888E-03
  2.8608E+01  2.4438E-01  5.1667E-03
  2.8906E+01  2.4379E-01  5.4211E-03
  2.9204E+01  2.4349E-01  5.6986E-03
  2.9502E+01  2.4337E-01  5.9544E-03
  2.9800E+01  2.4335E-01  6.1648E-03
  3.0098E+01  2.4336E-01  6.3241E-03
  3.0396E+01  2.4332E-01  6.4373E-03
  3.0694E+01  2.4320E-01  6.5202E-03
  3.0992E+01  2.4301E-01  6.6001E-03
  3.1290E+01  2.4281E-01  6.7114E-03
  3.1588E+01  2.4269E-01  6.8824E-03
  3.1886E+01  2.4269E-01  7.1216E-03
  3.2184E+01  2.4283E-01  7.4117E-03
  3.2482E+01  2.4309E-01  7.7190E-03
  3.2780E+01  2.4343E-01  8.0113E-03
  3.3078E+01  2.4385E-01  8.2718E-03
  3.3376E+01  2.4434E-01  8.4988E-03
  3.3674E+01  2.4492E-01  8.6952E-03
  3.3972E+01  2.4554E-01  8.8596E-03
  3.4270E+01  2.4613E-01  8.9851E-03
  3.4568E+01  2.4665E-01  9.0676E-03
  3.4866E+01  2.4710E-01  9.1171E-03
  3.5164E+01  2.4754E-01  9.1626E-03
  3.5462E+01  2.4810E-01  9.2477E-03
  3.5760E+01  2.4892E-01  9.4158E-03
  3.6058E+01  2.5012E-01  9.6943E-03
  3.6356E+01  2.5171E-01  1.0086E-02
  3.6654E+01  2.5363E-01  1.0571E-02
  3.6952E+01  2.5577E-01  1.1118E-02
  3.7250E+01  2.5801E-01  1.1694E-02
  3.7548E+01  2.6023E-01  1.2268E-02
  3.7846E+01  2.6236E-01  1.2819E-02
  3.8144E+01  2.6435E-01  1.3336E-02
  3.8442E+01  2.6619E-01  1.3818E-02
  3.8740E+01  2.6787E-01  1.4269E-02
  3.9038E+01  2.6934E-01  1.4686E-02
  3.9336E+01  2.7054E-01  1.5054E-02
  3.9634E+01  2.7140E-01  1.5348E-02
  3.9932E+01  2.7186E-01  1.5541E-02
  4.0230E+01  2.7191E-01  1.5619E-02
  4.0528E+01  2.7159E-01  1.5587E-02
  4.0826E+01  2.7100E-01  1.5471E-02
  4.1124E+01  2.7024E-01  1.5306E-02
  4.1422E+01  2.6947E-01  1.5136E-02
  4.1720E+01  2.6883E-01  1.5002E-02
  4.2018E+01  2.6844E-01  1.4939E-02
  4.2316E+01  2.6841E-01  1.4974E-02
  4.2614E+01  2.6879E-01  1.5121E-02
  4.2912E+01  2.6957E-01  1.5381E-02
  4.3210E+01  2.7072E-01  1.5743E-02
  4.3508E+01  2.7215E-01  1.6184E-02
  4.3806E+01  2.7379E-01  1.6677E-02
  4.4104E+01  2.7556E-01  1.7198E-02
  4.4402E+01  2.7737E-01  1.7719E-02
  4.4700E+01  2.7916E-01  1.8216E-02
  4.4998E+01  2.8086E-01  1.8667E-02
  4.5296E+01  2.8244E-01  1.9060E-02
  4.5594E+01  2.8386E-01  1.9394E-02
  4.5892E+01  2.8511E-01  1.9674E-02
  4.6190E+01  2.8619E-01  1.9905E-02
  4.6488E+01  2.8709E-01  2.0091E-02
  4.6786E+01  2.8781E-01  2.0239E-02
  4.7084E+01  2.8835E-01  2.0353E-02
  4.7382E+01  2.8870E-01  2.0437E-02
  4.7680E+01  2.8885E-01  2.0491E-02
  4.7978E+01  2.8883E-01  2.0511E-02
  4.8276E+01  2.8862E-01  2.0499E-02
  4.8574E+01  2.8827E-01  2.0461E-02
  4.8872E+01  2.8780E-01  2.0406E-02
  4.9170E+01  2.8726E-01  2.0340E-02
  4.9468E+01  2.8668E-01  2.0262E-02
  4.9766E+01  2.8609E-01  2.0163E-02
  5.0064E+01  2.8554E-01  2.0043E-02
  5.0362E+01  2.8508E-01  1.9911E-02
  5.0660E+01  2.8474E-01  1.9792E-02
  5.0958E+01  2.8458E-01  1.9714E-02
  5.1256E+01  2.8460E-01  1.9698E-02
  5.1554E+01  2.8481E-01  1.9748E-02
  5.1852E+01  2.8517E-01  1.9856E-02
  5.2150E+01  2.8566E-01  2.0006E-02
  5.2448E+01  2.8622E-01  2.0184E-02
  5.2746E+01  2.8684E-01  2.0375E-02
  5.3044E+01  2.8748E-01  2.0565E-02
  5.3342E+01  2.8811E-01  2.0736E-02
  5.3640E+01  2.8871E-01  2.0877E-02
  5.3938E+01  2.8928E-01  2.0984E-02
  5.4236E+01  2.8983E-01  2.1065E-02
  5.4534E+01  2.9037E-01  2.1135E-02
  5.4832E+01  2.9092E-01  2.1213E-02
  5.5130E+01  2.9150E-01  2.1313E-02
  5.5428E+01  2.9213E-01  2.1440E-02
  5.5726E+01  2.9280E-01  2.1594E-02
  5.6024E+01  2.9352E-01  2.1770E-02
  5.6322E+01  2.9428E-01  2.1965E-02
  5.6620E+01  2.9506E-01  2.2177E-02
  5.6918E+01  2.9583E-01  2.2405E-02
  5.7216E+01  2.9656E-01  2.2641E-02
  5.7514E+01  2.9719E-01  2.2872E-02
  5.7812E+01  2.9770E-01  2.3079E-02
  5.8110E+01  2.9803E-01  2.3246E-02
  5.8408E+01  2.9817E-01  2.3361E-02
  5.8706E+01  2.9812E-01  2.3422E-02
  5.9004E+01  2.9790E-01  2.3434E-02
  5.9302E+01  2.9753E-01  2.3406E-02
  5.9600E+01  2.9703E-01  2.3349E-02
  5.9898E+01  2.9644E-01  2.3273E-02
  6.0196E+01  2.9578E-01  2.3185E-02
  6.0494E+01  2.9508E-01  2.3088E-02
  6.0792E+01  2.9437E-01  2.2985E-02
  6.1090E+01  2.9367E-01  2.2879E-02
  6.1388E+01  2.9300E-01  2.2776E-02
  6.1686E+01  2.9240E-01  2.2684E-02
  6.1984E+01  2.9186E-01  2.2608E-02
  6.2282E+01  2.9138E-01  2.2548E-02
  6.2580E+01  2.9096E-01  2.2501E-02
  6.2878E+01  2.9058E-01  2.2459E-02
  6.3176E+01  2.9024E-01  2.2414E-02
  6.3474E+01  2.8993E-01  2.2363E-02
  6.3772E+01  2.8966E-01  2.2309E-02
  6.4070E+01  2.8943E-01  2.2262E-02
  6.4368E+01  2.8926E-01  2.2235E-02
  6.4666E+01  2.8914E-01  2.2239E-02
  6.4964E+01  2.8908E-01  2.2279E-02
  6.5262E+01  2.8906E-01  2.2351E-02
  6.5560E+01  2.8907E-01  2.2451E-02
  6.5858E+01  2.8911E-01  2.2566E-02
  6.6156E+01  2.8917E-01  2.2688E-02
  6.6454E+01  2.8922E-01  2.2804E-02
  6.6752E+01  2.8925E-01  2.2904E-02
  6.7050E+01  2.8925E-01  2.2979E-02
  6.7348E+01  2.8922E-01  2.3029E-02
  6.7646E+01  2.8915E-01  2.3061E-02
  6.7944E+01  2.8908E-01  2.3085E-02
  6.8242E+01  2.8899E-01  2.3110E-02
  6.8540E+01  2.8891E-01  2.3141E-02
  6.8838E+01  2.8882E-01  2.3178E-02
  6.9136E+01  2.8873E-01  2.3223E-02
  6.9434E+01  2.8865E-01  2.3278E-02
  6.9732E+01  2.8857E-01  2.3353E-02
  7.0030E+01  2.8853E-01  2.3455E-02
  7.0328E+01  2.8852E-01  2.3586E-02
  7.0626E+01  2.8855E-01  2.3744E-02
  7.0924E+01  2.8861E-01  2.3921E-02
  7.1222E+01  2.8870E-01  2.4107E-02
  7.1520E+01  2.8879E-01  2.4287E-02
  7.1818E+01  2.8886E-01  2.4452E-02
  7.2116E+01  2.8888E-01  2.4592E-02
  7.2414E+01  2.8884E-01  2.4705E-02
  7.2712E+01  2.8875E-01  2.4790E-02
  7.3010E+01  2.8861E-01  2.4852E-02
  7.3308E+01  2.8844E-01  2.4900E-02
  7.3606E+01  2.8824E-01  2.4940E-02
  7.3904E+01  2.8803E-01  2.4981E-02
  7.4202E+01  2.8782E-01  2.5029E-02
  7.4500E+01  2.8762E-01  2.5091E-02
  7.4798E+01  2.8743E-01  2.5173E-02
  7.5096E+01  2.8726E-01  2.5281E-02
  7.5394E+01  2.8711E-01  2.5417E-02
  7.5692E+01  2.8699E-01  2.5579E-02
  7.5990E+01  2.8689E-01  2.5762E-02
  7.6288E+01  2.8681E-01  2.5957E-02
  7.6586E+01  2.8675E-01  2.6159E-02
  7.6884E+01  2.8669E-01  2.6362E-02
  7.7182E+01  2.8663E-01  2.6564E-02
  7.7480E+01  2.8656E-01  2.6767E-02
  7.7778E+01  2.8648E-01  2.6970E-02
  7.8076E+01  2.8637E-01  2.7172E-02
  7.8374E+01  2.8623E-01  2.7371E-02
  7.8672E+01  2.8604E-01  2.7558E-02
  7.8970E+01  2.8581E-01  2.7728E-02
  7.9268E+01  2.8552E-01  2.7871E-02
  7.9566E+01  2.8516E-01  2.7979E-02
  7.9864E+01  2.8473E-01  2.8044E-02
  8.0162E+01  2.8423E-01  2.8059E-02
  8.0460E+01  2.8368E-01  2.8020E-02
  8.0758E+01  2.8308E-01  2.7932E-02
  8.1056E+01  2.8247E-01  2.7812E-02
  8.1354E+01  2.8187E-01  2.7681E-02
  8.1652E+01  2.8132E-01  2.7566E-02
  8.1950E+01  2.8085E-01  2.7487E-02
  8.2248E+01  2.8048E-01  2.7457E-02
  8.2546E+01  2.8022E-01  2.7483E-02
  8.2844E+01  2.8006E-01  2.7562E-02
  8.3142E+01  2.7999E-01  2.7687E-02
  8.3440E+01  2.7999E-01  2.7846E-02
  8.3738E+01  2.8003E-01  2.8024E-02
  8.4036E+01  2.8008E-01  2.8202E-02
  8.4334E+01  2.8013E-01  2.8363E-02
  8.4632E+01  2.8014E-01  2.8496E-02
  8.4930E+01  2.8012E-01  2.8593E-02
  8.5228E+01  2.8006E-01  2.8657E-02
  8.5526E+01  2.7996E-01  2.8697E-02
  8.5824E+01  2.7983E-01  2.8722E-02
  8.6122E+01  2.7968E-01  2.8742E-02
  8.6420E+01  2.7952E-01  2.8763E-02
  8.6718E+01  2.7935E-01  2.8790E-02
  8.7016E+01  2.7920E-01  2.8827E-02
  8.7314E+01  2.7906E-01  2.8877E-02
  8.7612E+01  2.7894E-01  2.8944E-02
  8.7910E+01  2.7884E-01  2.9028E-02
  8.8208E+01  2.7878E-01  2.9130E-02
  8.8506E+01  2.7873E-01  2.9245E-02
  8.8804E+01  2.7870E-01  2.9369E-02
  8.9102E+01  2.7869E-01  2.9498E-02
  8.9400E+01  2.7869E-01  2.9628E-02
  8.9698E+01  2.7869E-01  2.9758E-02
  8.9996E+01  2.7871E-01  2.9887E-02
  9.0294E+01  2.7873E-01  3.0016E-02
  9.0592E+01  2.7876E-01  3.0145E-02
  9.0890E+01  2.7879E-01  3.0274E-02
  9.1188E+01  2.7883E-01  3.0403E-02
  9.1486E+01  2.7887E-01  3.0532E-02
  9.1784E+01  2.7892E-01  3.0658E-02
  9.2082E+01  2.7897E-01  3.0783E-02
  9.2380E+01  2.7901E-01  3.0903E-02
  9.2678E+01  2.7905E-01  3.1019E-02
  9.2976E+01  2.7907E-01  3.1131E-02
  9.3274E+01  2.7908E-01  3.1238E-02
  9.3572E+01  2.7907E-01  3.1341E-02
  9.3870E+01  2.7905E-01  3.1443E-02
  9.4168E+01  2.7903E-01  3.1545E-02
  9.4466E+01  2.7901E-01  3.1648E-02
  9.4764E+01  2.7898E-01  3.1755E-02
  9.5062E+01  2.7895E-01  3.1863E-02
  9.5360E+01  2.7891E-01  3.1971E-02
  9.5658E+01  2.7885E-01  3.2075E-02
  9.5956E+01  2.7877E-01  3.2173E-02
  9.6254E+01  2.7868E-01  3.2259E-02
  9.6552E+01  2.7856E-01  3.2330E-02
  9.6850E+01  2.7844E-01  3.2385E-02
  9.7148E+01  2.7831E-01  3.2428E-02
  9.7446E+01  2.7819E-01  3.2465E-02
  9.7744E+01  2.7809E-01  3.2502E-02
  9.8042E+01  2.7801E-01  3.2550E-02
  9.8340E+01  2.7796E-01  3.2616E-02
  9.8638E+01  2.7794E-01  3.2705E-02
  9.8936E+01  2.7795E-01  3.2820E-02
  9.9234E+01  2.7799E-01  3.2955E-02
  9.9532E+01  2.7805E-01  3.3106E-02
  9.9830E+01  2.7813E-01  3.3266E-02
  1.0013E+02  2.7822E-01  3.3429E-02
  1.0043E+02  2.7831E-01  3.3590E-02
  1.0072E+02  2.7840E-01  3.3749E-02
  1.0102E+02  2.7849E-01  3.3904E-02
  1.0132E+02  2.7858E-01  3.4053E-02
  1.0162E+02  2.7865E-01  3.4196E-02
  1.0192E+02  2.7872E-01  3.4334E-02
  1.0221E+02  2.7878E-01  3.4464E-02
  1.0251E+02  2.7883E-01  3.4589E-02
  1.0281E+02  2.7886E-01  3.4706E-02
  1.0311E+02  2.7888E-01  3.4815E-02
  1.0341E+02  2.7888E-01  3.4913E-02
  1.0370E+02  2.7887E-01  3.5000E-02
  1.0400E+02  2.7885E-01  3.5079E-02
  1.0430E+02  2.7882E-01  3.5154E-02
  1.0460E+02  2.7877E-01  3.5228E-02
  1.0490E+02  2.7872E-01  3.5304E-02
  1.0519E+02  2.7865E-01  3.5383E-02
  1.0549E+02  2.7859E-01  3.5463E-02
  1.0579E+02  2.7851E-01  3.5539E-02
  1.0609E+02  2.7843E-01  3.5606E-02
  1.0639E+02  2.7834E-01  3.5658E-02
  1.0668E+02  2.7823E-01  3.5695E-02
  1.0698E+02  2.7811E-01  3.5716E-02
  1.0728E+02  2.7799E-01  3.5726E-02
  1.0758E+02  2.7786E-01  3.5732E-02
  1.0788E+02  2.7774E-01  3.5741E-02
  1.0817E+02  2.7763E-01  3.5760E-02
  1.0847E+02  2.7753E-01  3.5796E-02
  1.0877E+02  2.7745E-01  3.5851E-02
  1.0907E+02  2.7739E-01  3.5925E-02
  1.0937E+02  2.7735E-01  3.6018E-02
  1.0966E+02  2.7732E-01  3.6125E-02
  1.0996E+02  2.7729E-01  3.6241E-02
  1.1026E+02  2.7727E-01  3.6363E-02
  1.1056E+02  2.7725E-01  3.6484E-02
  1.1086E+02  2.7722E-01  3.6600E-02
  1.1115E+02  2.7718E-01  3.6708E-02
  1.1145E+02  2.7713E-01  3.6806E-02
  1.1175E+02  2.7706E-01  3.6895E-02
  1.1205E+02  2.7698E-01  3.6976E-02
  1.1235E+02  2.7689E-01  3.7052E-02
  1.1264E+02  2.7680E-01  3.7128E-02
  1.1294E+02  2.7671E-01  3.7207E-02
  1.1324E+02  2.7662E-01  3.7292E-02
  1.1354E+02  2.7653E-01  3.7385E-02
  1.1384E+02  2.7645E-01  3.7488E-02
  1.1413E+02  2.7638E-01  3.7602E-02
  1.1443E+02  2.7632E-01  3.7726E-02
  1.1473E+02  2.7627E-01  3.7858E-02
  1.1503E+02  2.7622E-01  3.7995E-02
  1.1533E+02  2.7617E-01  3.8132E-02
  1.1562E+02  2.7613E-01  3.8269E-02
  1.1592E+02  2.7608E-01  3.8403E-02
  1.1622E+02  2.7602E-01  3.8535E-02
  1.1652E+02  2.7596E-01  3.8663E-02
  1.1682E+02  2.7588E-01  3.8788E-02
  1.1711E+02  2.7579E-01  3.8910E-02
  1.1741E+02  2.7569E-01  3.9026E-02
  1.1771E+02  2.7556E-01  3.9136E-02
  1.1801E+02  2.7543E-01  3.9237E-02
  1.1831E+02  2.7528E-01  3.9329E-02
  1.1860E+02  2.7511E-01  3.9410E-02
  1.1890E+02  2.7494E-01  3.9480E-02
  1.1920E+02  2.7476E-01  3.9540E-02
  1.1950E+02  2.7456E-01  3.9590E-02
  1.1980E+02  2.7435E-01  3.9630E-02
  1.2009E+02  2.7414E-01  3.9661E-02
  1.2039E+02  2.7392E-01  3.9682E-02
  1.2069E+02  2.7369E-01  3.9692E-02
  1.2099E+02  2.7347E-01  3.9693E-02
  1.2129E+02  2.7325E-01  3.9686E-02
  1.2158E+02  2.7303E-01  3.9675E-02
  1.2188E+02  2.7283E-01  3.9666E-02
  1.2218E+02  2.7263E-01  3.9663E-02
  1.2248E+02  2.7245E-01  3.9671E-02
  1.2278E+02  2.7228E-01  3.9690E-02
  1.2307E+02  2.7213E-01  3.9722E-02
  1.2337E+02  2.7199E-01  3.9763E-02
  1.2367E+02  2.7186E-01  3.9809E-02
  1.2397E+02  2.7173E-01  3.9858E-02
  1.2427E+02  2.7161E-01  3.9907E-02
  1.2456E+02  2.7149E-01  3.9955E-02
  1.2486E+02  2.7137E-01  4.0001E-02
  1.2516E+02  2.7125E-01  4.0045E-02
  1.2546E+02  2.7113E-01  4.0086E-02
  1.2576E+02  2.7101E-01  4.0124E-02
  1.2605E+02  2.7088E-01  4.0159E-02
  1.2635E+02  2.7075E-01  4.0190E-02
  1.2665E+02  2.7062E-01  4.0219E-02
  1.2695E+02  2.7049E-01  4.0246E-02
  1.2725E+02  2.7037E-01  4.0275E-02
  1.2754E+02  2.7025E-01  4.0308E-02
  1.2784E+02  2.7013E-01  4.0348E-02
  1.2814E+02  2.7001E-01  4.0399E-02
  1.2844E+02  2.6991E-01  4.0461E-02
  1.2874E+02  2.6981E-01  4.0534E-02
  1.2903E+02  2.6971E-01  4.0617E-02
  1.2933E+02  2.6963E-01  4.0707E-02
  1.2963E+02  2.6954E-01  4.0801E-02
  1.2993E+02  2.6946E-01  4.0897E-02
  1.3023E+02  2.6939E-01  4.0992E-02
  1.3052E+02  2.6931E-01  4.1086E-02
  1.3082E+02  2.6923E-01  4.1179E-02
  1.3112E+02  2.6915E-01  4.1271E-02
  1.3142E+02  2.6907E-01  4.1363E-02
  1.3172E+02  2.6898E-01  4.1455E-02
  1.3201E+02  2.6890E-01  4.1546E-02
  1.3231E+02  2.6881E-01  4.1636E-02
  1.3261E+02  2.6872E-01  4.1724E-02
  1.3291E+02  2.6862E-01  4.1811E-02
  1.3321E+02  2.6853E-01  4.1895E-02
  1.3350E+02  2.6843E-01  4.1978E-02
  1.3380E+02  2.6833E-01  4.2058E-02
  1.3410E+02  2.6823E-01  4.2137E-02
  1.3440E+02  2.6812E-01  4.2215E-02
  1.3470E+02  2.6802E-01  4.2293E-02
  1.3499E+02  2.6792E-01  4.2373E-02
  1.3529E+02  2.6783E-01  4.2455E-02
  1.3559E+02  2.6773E-01  4.2539E-02
  1.3589E+02  2.6764E-01  4.2625E-02
  1.3619E+02  2.6755E-01  4.2713E-02
  1.3648E+02  2.6747E-01  4.2801E-02
  1.3678E+02  2.6739E-01  4.2890E-02
  1.3708E+02  2.6731E-01  4.2979E-02
  1.3738E+02  2.6723E-01  4.3068E-02
  1.3768E+02  2.6715E-01  4.3157E-02
  1.3797E+02  2.6707E-01  4.3245E-02
  1.3827E+02  2.6698E-01  4.3332E-02
  1.3857E+02  2.6690E-01  4.3418E-02
  1.3887E+02  2.6681E-01  4.3501E-02
  1.3917E+02  2.6672E-01  4.3581E-02
  1.3946E+02  2.6664E-01  4.3660E-02
  1.3976E+02  2.6656E-01  4.3738E-02
  1.4006E+02  2.6647E-01  4.3817E-02
  1.4036E+02  2.6639E-01  4.3898E-02
  1.4066E+02  2.6631E-01  4.3979E-02
  1.4095E+02  2.6623E-01  4.4062E-02
  1.4125E+02  2.6615E-01  4.4145E-02
  1.4155E+02  2.6607E-01  4.4226E-02
  1.4185E+02  2.6598E-01  4.4305E-02
  1.4215E+02  2.6590E-01  4.4381E-02
  1.4244E+02  2.6581E-01  4.4454E-02
  1.4274E+02  2.6572E-01  4.4526E-02
  1.4304E+02  2.6563E-01  4.4596E-02
  1.4334E+02  2.6554E-01  4.4665E-02
  1.4364E+02  2.6544E-01  4.4734E-02
  1.4393E+02  2.6534E-01  4.4803E-02
  1.4423E+02  2.6524E-01  4.4872E-02
  1.4453E+02  2.6513E-01  4.4941E-02
  1.4483E+02  2.6503E-01  4.5011E-02
  1.4513E+02  2.6492E-01  4.5081E-02
  1.4542E+02  2.6482E-01  4.5152E-02
  1.4572E+02  2.6472E-01  4.5222E-02
  1.4602E+02  2.6462E-01  4.5292E-02
  1.4632E+02  2.6452E-01  4.5362E-02
  1.4662E+02  2.6443E-01  4.5430E-02
  1.4691E+02  2.6433E-01  4.5499E-02
  1.4721E+02  2.6424E-01  4.5567E-02
  1.4751E+02  2.6415E-01  4.5635E-02
  1.4781E+02  2.6407E-01  4.5705E-02
  1.4811E+02  2.6398E-01  4.5777E-02
  1.4840E+02  2.6389E-01  4.5851E-02
  1.4870E+02  2.6380E-01  4.5927E-02
  1.4900E+02  2.6371E-01  4.6007E-02
  1.4930E+02  2.6362E-01  4.6088E-02
  1.4960E+02  2.6352E-01  4.6169E-02
  1.4989E+02  2.6343E-01  4.6250E-02
  1.5019E+02  2.6334E-01  4.6329E-02
  1.5049E+02  2.6324E-01  4.6405E-02
  1.5079E+02  2.6315E-01  4.6478E-02
  1.5109E+02  2.6305E-01  4.6546E-02
  1.5138E+02  2.6295E-01  4.6610E-02
  1.5168E+02  2.6285E-01  4.6670E-02
  1.5198E+02  2.6274E-01  4.6729E-02
  1.5228E+02  2.6264E-01  4.6786E-02
  1.5258E+02  2.6253E-01  4.6843E-02
  1.5287E+02  2.6242E-01  4.6902E-02
  1.5317E+02  2.6231E-01  4.6963E-02
  1.5347E+02  2.6220E-01  4.7026E-02
  1.5377E+02  2.6210E-01  4.7092E-02
  1.5407E+02  2.6199E-01  4.7160E-02
  1.5436E+02  2.6189E-01  4.7230E-02
  1.5466E+02  2.6179E-01  4.7303E-02
  1.5496E+02  2.6169E-01  4.7377E-02
  1.5526E+02  2.6159E-01  4.7452E-02
  1.5556E+02  2.6149E-01  4.7528E-02
  1.5585E+02  2.6140E-01  4.7603E-02
  1.5615E+02  2.6130E-01  4.7676E-02
  1.5645E+02  2.6120E-01  4.7749E-02
  1.5675E+02  2.6110E-01  4.7820E-02
  1.5705E+02  2.6101E-01  4.7890E-02
  1.5734E+02  2.6091E-01  4.7959E-02
  1.5764E+02  2.6081E-01  4.8029E-02
  1.5794E+02  2.6071E-01  4.8100E-02
  1.5824E+02  2.6061E-01  4.8171E-02
  1.5854E+02  2.6052E-01  4.8241E-02
  1.5883E+02  2.6042E-01  4.8311E-02
  1.5913E+02  2.6032E-01  4.8380E-02
  1.5943E+02  2.6022E-01  4.8447E-02
  1.5973E+02  2.6013E-01  4.8512E-02
  1.6003E+02  2.6003E-01  4.8574E-02
  1.6032E+02  2.5994E-01  4.8635E-02
  1.6062E+02  2.5984E-01  4.8694E-02
  1.6092E+02  2.5975E-01  4.8752E-02
  1.6122E+02  2.5965E-01  4.8810E-02
  1.6152E+02  2.5956E-01  4.8867E-02
  1.6181E+02  2.5946E-01  4.8925E-02
  1.6211E+02  2.5937E-01  4.8984E-02
  1.6241E+02  2.5928E-01  4.9044E-02
  1.6271E+02  2.5919E-01  4.9106E-02
  1.6301E+02  2.5910E-01  4.9168E-02
  1.6330E+02  2.5901E-01  4.9232E-02
  1.6360E+02  2.5892E-01  4.9296E-02
  1.6390E+02  2.5884E-01  4.9361E-02
  1.6420E+02  2.5875E-01  4.9425E-02
  1.6450E+02  2.5866E-01  4.9488E-02
  1.6479E+02  2.5857E-01  4.9549E-02
  1.6509E+02  2.5848E-01  4.9610E-02
  1.6539E+02  2.5839E-01  4.9669E-02
  1.6569E+02  2.5831E-01  4.9727E-02
  1.6599E+02  2.5822E-01  4.9785E-02
  1.6628E+02  2.5813E-01  4.9843E-02
  1.6658E+02  2.5805E-01  4.9903E-02
  1.6688E+02  2.5797E-01  4.9965E-02
  1.6718E+02  2.5789E-01  5.0029E-02
  1.6748E+02  2.5781E-01  5.0096E-02
  1.6777E+02  2.5773E-01  5.0165E-02
  1.6807E+02  2.5765E-01  5.0236E-02
  1.6837E+02  2.5757E-01  5.0307E-02
  1.6867E+02  2.5749E-01  5.0379E-02
  1.6897E+02  2.5741E-01  5.0449E-02
  1.6926E+02  2.5733E-01  5.0518E-02
  1.6956E+02  2.5725E-01  5.0586E-02
  1.6986E+02  2.5717E-01  5.0652E-02
  1.7016E+02  2.5709E-01  5.0717E-02
  1.7046E+02  2.5701E-01  5.0781E-02
  1.7075E+02  2.5693E-01  5.0845E-02
  1.7105E+02  2.5685E-01  5.0910E-02
  1.7135E+02  2.5677E-01  5.0975E-02
  1.7165E+02  2.5669E-01  5.1041E-02
  1.7195E+02  2.5660E-01  5.1107E-02
  1.7224E+02  2.5652E-01  5.1173E-02
  1.7254E+02  2.5644E-01  5.1239E-02
  1.7284E+02  2.5636E-01  5.1304E-02
  1.7314E+02  2.5629E-01  5.1368E-02
  1.7344E+02  2.5621E-01  5.1431E-02
  1.7373E+02  2.5613E-01  5.1493E-02
  1.7403E+02  2.5605E-01  5.1554E-02
  1.7433E+02  2.5597E-01  5.1615E-02
  1.7463E+02  2.5589E-01  5.1676E-02
  1.7493E+02  2.5581E-01  5.1737E-02
  1.7522E+02  2.5573E-01  5.1800E-02
  1.7552E+02  2.5565E-01  5.1863E-02
  1.7582E+02  2.5557E-01  5.1926E-02
  1.7612E+02  2.5549E-01  5.1990E-02
  1.7642E+02  2.5540E-01  5.2054E-02
  1.7671E+02  2.5532E-01  5.2117E-02
  1.7701E+02  2.5524E-01  5.2181E-02
  1.7731E+02  2.5516E-01  5.2245E-02
  1.7761E+02  2.5508E-01  5.2308E-02
  1.7791E+02  2.5499E-01  5.2371E-02
  1.7820E+02  2.5491E-01  5.2434E-02
  1.7850E+02  2.5483E-01  5.2497E-02
  1.7880E+02  2.5474E-01  5.2560E-02
  1.7910E+02  2.5466E-01  5.2623E-02
  1.7940E+02  2.5457E-01  5.2684E-02
  1.7969E+02  2.5449E-01  5.2745E-02
  1.7999E+02  2.5440E-01  5.2806E-02
  1.8029E+02  2.5432E-01  5.2865E-02
  1.8059E+02  2.5423E-01  5.2923E-02
  1.8089E+02  2.5415E-01  5.2981E-02
  1.8118E+02  2.5406E-01  5.3037E-02
  1.8148E+02  2.5398E-01  5.3094E-02
  1.8178E+02  2.5389E-01  5.3151E-02
  1.8208E+02  2.5381E-01  5.3208E-02
  1.8238E+02  2.5373E-01  5.3267E-02
  1.8267E+02  2.5365E-01  5.3326E-02
  1.8297E+02  2.5356E-01  5.3387E-02
  1.8327E+02  2.5348E-01  5.3449E-02
  1.8357E+02  2.5340E-01  5.3513E-02
  1.8387E+02  2.5332E-01  5.3577E-02
  1.8416E+02  2.5324E-01  5.3641E-02
  1.8446E+02  2.5316E-01  5.3705E-02
  1.8476E+02  2.5308E-01  5.3770E-02
  1.8506E+02  2.5300E-01  5.3834E-02
  1.8536E+02  2.5292E-01  5.3897E-02
  1.8565E+02  2.5284E-01  5.3960E-02
  1.8595E+02  2.5275E-01  5.4022E-02
  1.8625E+02  2.5267E-01  5.4083E-02
  1.8655E+02  2.5259E-01  5.4144E-02
  1.8685E+02  2.5251E-01  5.4205E-02
  1.8714E+02  2.5243E-01  5.4265E-02
  1.8744E+02  2.5234E-01  5.4326E-02
  1.8774E+02  2.5226E-01  5.4387E-02
  1.8804E+02  2.5217E-01  5.4448E-02
  1.8834E+02  2.5209E-01  5.4510E-02
  1.8863E+02  2.5200E-01  5.4572E-02
  1.8893E+02  2.5192E-01  5.4634E-02
  1.8923E+02  2.5183E-01  5.4696E-02
  1.8953E+02  2.5174E-01  5.4758E-02
  1.8983E+02  2.5166E-01  5.4820E-02
  1.9012E+02  2.5157E-01  5.4881E-02
  1.9042E+02  2.5148E-01  5.4942E-02
  1.9072E+02  2.5140E-01  5.5002E-02
  1.9102E+02  2.5131E-01  5.5061E-02
  1.9132E+02  2.5122E-01  5.5119E-02
  1.9161E+02  2.5113E-01  5.5176E-02
  1.9191E+02  2.5104E-01  5.5232E-02
  1.9221E+02  2.5095E-01  5.5288E-02
  1.9251E+02  2.5086E-01  5.5343E-02
  1.9281E+02  2.5077E-01  5.5398E-02
  1.9310E+02  2.5068E-01  5.5453E-02
  1.9340E+02  2.5059E-01  5.5509E-02
  1.9370E+02  2.5050E-01  5.5565E-02
  1.9400E+02  2.5041E-01  5.5622E-02
  1.9430E+02  2.5033E-01  5.5681E-02
  1.9459E+02  2.5024E-01  5.5740E-02
  1.9489E+02  2.5015E-01  5.5800E-02
  1.9519E+02  2.5007E-01  5.5860E-02
  1.9549E+02  2.4998E-01  5.5920E-02
  1.9579E+02  2.4990E-01  5.5981E-02
  1.9608E+02  2.4981E-01  5.6041E-02
  1.9638E+02  2.4972E-01  5.6100E-02
  1.9668E+02  2.4964E-01  5.6159E-02
  1.9698E+02  2.4955E-01  5.6217E-02
  1.9728E+02  2.4946E-01  5.6274E-02
  1.9757E+02  2.4938E-01  5.6331E-02
  1.9787E+02  2.4929E-01  5.6389E-02
  1.9817E+02  2.4920E-01  5.6446E-02
  1.9847E+02  2.4912E-01  5.6504E-02
  1.9877E+02  2.4903E-01  5.6561E-02
  1.9906E+02  2.4894E-01  5.6619E-02
  1.9936E+02  2.4886E-01  5.6677E-02
  1.9966E+02  2.4877E-01  5.6735E-02
  1.9996E+02  2.4869E-01  5.6792E-02
  2.0026E+02  2.4860E-01  5.6850E-02
  2.0055E+02  2.4852E-01  5.6907E-02
  2.0085E+02  2.4843E-01  5.6964E-02
  2.0115E+02  2.4834E-01  5.7022E-02
  2.0145E+02  2.4826E-01  5.7079E-02
  2.0175E+02  2.4817E-01  5.7137E-02
  2.0204E+02  2.4809E-01  5.7195E-02
  2.0234E+02  2.4800E-01  5.7253E-02
  2.0264E+02  2.4792E-01  5.7311E-02
  2.0294E+02  2.4783E-01  5.7369E-02
  2.0324E+02  2.4775E-01  5.7427E-02
  2.0353E+02  2.4766E-01  5.7486E-02
  2.0383E+02  2.4758E-01  5.7544E-02
  2.0413E+02  2.4749E-01  5.7602E-02
  2.0443E+02  2.4741E-01  5.7659E-02
  2.0473E+02  2.4732E-01  5.7717E-02
  2.0502E+02  2.4724E-01  5.7775E-02
  2.0532E+02  2.4715E-01  5.7832E-02
  2.0562E+02  2.4707E-01  5.7889E-02
  2.0592E+02  2.4698E-01  5.7947E-02
  2.0622E+02  2.4690E-01  5.8004E-02
  2.0651E+02  2.4681E-01  5.8061E-02
  2.0681E+02  2.4672E-01  5.8118E-02
  2.0711E+02  2.4664E-01  5.8174E-02
  2.0741E+02  2.4655E-01  5.8231E-02
  2.0771E+02  2.4647E-01  5.8287E-02
  2.0800E+02  2.4638E-01  5.8343E-02
  2.0830E+02  2.4630E-01  5.8398E-02
  2.0860E+02  2.4621E-01  5.8453E-02
  2.0890E+02  2.4612E-01  5.8509E-02
  2.0920E+02  2.4604E-01  5.8564E-02
  2.0949E+02  2.4595E-01  5.8619E-02
  2.0979E+02  2.4586E-01  5.8675E-02
  2.1009E+02  2.4578E-01  5.8730E-02
  2.1039E+02  2.4569E-01  5.8785E-02
  2.1069E+02  2.4560E-01  5.8840E-02
  2.1098E+02  2.4551E-01  5.8894E-02
  2.1128E+02  2.4543E-01  5.8949E-02
  2.1158E+02  2.4534E-01  5.9004E-02
  2.1188E+02  2.4525E-01  5.9058E-02
  2.1218E+02  2.4517E-01  5.9112E-02
  2.1247E+02  2.4508E-01  5.9167E-02
  2.1277E+02  2.4499E-01  5.9221E-02
  2.1307E+02  2.4491E-01  5.9275E-02
  2.1337E+02  2.4482E-01  5.9329E-02
  2.1367E+02  2.4473E-01  5.9384E-02
  2.1396E+02  2.4464E-01  5.9438E-02
  2.1426E+02  2.4456E-01  5.9492E-02
  2.1456E+02  2.4447E-01  5.9546E-02
  2.1486E+02  2.4438E-01  5.9600E-02
  2.1516E+02  2.4430E-01  5.9654E-02
  2.1545E+02  2.4421E-01  5.9708E-02
  2.1575E+02  2.4412E-01  5.9763E-02
  2.1605E+02  2.4403E-01  5.9817E-02
  2.1635E+02  2.4395E-01  5.9872E-02
  2.1665E+02  2.4386E-01  5.9926E-02
  2.1694E+02  2.4377E-01  5.9981E-02
  2.1724E+02  2.4369E-01  6.0035E-02
  2.1754E+02  2.4360E-01  6.0090E-02
  2.1784E+02  2.4351E-01  6.0144E-02
  2.1814E+02  2.4343E-01  6.0198E-02
  2.1843E+02  2.4334E-01  6.0252E-02
  2.1873E+02  2.4325E-01  6.0306E-02
  2.1903E+02  2.4317E-01  6.0359E-02
  2.1933E+02  2.4308E-01  6.0412E-02
  2.1963E+02  2.4299E-01  6.0466E-02
  2.1992E+02  2.4291E-01  6.0519E-02
  2.2022E+02  2.4282E-01  6.0572E-02
  2.2052E+02  2.4273E-01  6.0625E-02
  2.2082E+02  2.4265E-01  6.0678E-02
  2.2112E+02  2.4256E-01  6.0731E-02
  2.2141E+02  2.4248E-01  6.0784E-02
  2.2171E+02  2.4239E-01  6.0837E-02
  2.2201E+02  2.4231E-01  6.0891E-02
  2.2231E+02  2.4222E-01  6.0944E-02
  2.2261E+02  2.4214E-01  6.0997E-02
  2.2290E+02  2.4205E-01  6.1050E-02
  2.2320E+02  2.4197E-01  6.1103E-02
  2.2350E+02  2.4188E-01  6.1155E-02
  2.2380E+02  2.4180E-01  6.1208E-02
  2.2410E+02  2.4171E-01  6.1261E-02
  2.2439E+02  2.4163E-01  6.1313E-02
  2.2469E+02  2.4154E-01  6.1366E-02
  2.2499E+02  2.4146E-01  6.1419E-02
  2.2529E+02  2.4137E-01  6.1471E-02
  2.2559E+02  2.4129E-01  6.1524E-02
  2.2588E+02  2.4121E-01  6.1577E-02
  2.2618E+02  2.4112E-01  6.1629E-02
  2.2648E+02  2.4104E-01  6.1682E-02
  2.2678E+02  2.4095E-01  6.1734E-02
  2.2708E+02  2.4087E-01  6.1786E-02
  2.2737E+02  2.4079E-01  6.1838E-02
  2.2767E+02  2.4070E-01  6.1890E-02
  2.2797E+02  2.4062E-01  6.1941E-02
  2.2827E+02  2.4053E-01  6.1993E-02
  2.2857E+02  2.4045E-01  6.2044E-02
  2.2886E+02  2.4037E-01  6.2095E-02
  2.2916E+02  2.4028E-01  6.2146E-02
  2.2946E+02  2.4020E-01  6.2198E-02
  2.2976E+02  2.4011E-01  6.2249E-02
  2.3006E+02  2.4003E-01  6.2301E-02
  2.3035E+02  2.3994E-01  6.2353E-02
  2.3065E+02  2.3986E-01  6.2404E-02
  2.3095E+02  2.3978E-01  6.2456E-02
  2.3125E+02  2.3969E-01  6.2508E-02
  2.3155E+02  2.3961E-01  6.2560E-02
  2.3184E+02  2.3953E-01  6.2612E-02
  2.3214E+02  2.3944E-01  6.2663E-02
  2.3244E+02  2.3936E-01  6.2715E-02
  2.3274E+02  2.3928E-01  6.2767E-02
  2.3304E+02  2.3919E-01  6.2819E-02
  2.3333E+02  2.3911E-01  6.2871E-02
  2.3363E+02  2.3903E-01  6.2923E-02
  2.3393E+02  2.3894E-01  6.2975E-02
  2.3423E+02  2.3886E-01  6.3027E-02
  2.3453E+02  2.3878E-01  6.3079E-02
  2.3482E+02  2.3869E-01  6.3131E-02
  2.3512E+02  2.3861E-01  6.3184E-02
  2.3542E+02  2.3853E-01  6.3236E-02
  2.3572E+02  2.3844E-01  6.3287E-02
  2.3602E+02  2.3836E-01  6.3339E-02
  2.3631E+02  2.3828E-01  6.3391E-02
  2.3661E+02  2.3819E-01  6.3442E-02
  2.3691E+02  2.3811E-01  6.3493E-02
  2.3721E+02  2.3803E-01  6.3544E-02
  2.3751E+02  2.3794E-01  6.3595E-02
  2.3780E+02  2.3786E-01  6.3646E-02
  2.3810E+02  2.3778E-01  6.3696E-02
  2.3840E+02  2.3769E-01  6.3746E-02
  2.3870E+02  2.3761E-01  6.3796E-02
  2.3900E+02  2.3753E-01  6.3846E-02
  2.3929E+02  2.3744E-01  6.3896E-02
  2.3959E+02  2.3736E-01  6.3946E-02
  2.3989E+02  2.3728E-01  6.3996E-02
  2.4019E+02  2.3720E-01  6.4046E-02
  2.4049E+02  2.3711E-01  6.4096E-02
  2.4078E+02  2.3703E-01  6.4146E-02
  2.4108E+02  2.3695E-01  6.4196E-02
  2.4138E+02  2.3687E-01  6.4245E-02
  2.4168E+02  2.3679E-01  6.4295E-02
  2.4198E+02  2.3671E-01  6.4344E-02
  2.4227E+02  2.3662E-01  6.4394E-02
  2.4257E+02  2.3654E-01  6.4443E-02
  2.4287E+02  2.3646E-01  6.4493E-02
  2.4317E+02  2.3638E-01  6.4542E-02
  2.4347E+02  2.3630E-01  6.4592E-02
  2.4376E+02  2.3622E-01  6.4641E-02
  2.4406E+02  2.3614E-01  6.4690E-02
  2.4436E+02  2.3605E-01  6.4740E-02
  2.4466E+02  2.3597E-01  6.4789E-02
  2.4496E+02  2.3589E-01  6.4839E-02
  2.4525E+02  2.3581E-01  6.4888E-02
  2.4555E+02  2.3573E-01  6.4937E-02
  2.4585E+02  2.3565E-01  6.4987E-02
  2.4615E+02  2.3556E-01  6.5036E-02
  2.4645E+02  2.3548E-01  6.5085E-02
  2.4674E+02  2.3540E-01  6.5135E-02
  2.4704E+02  2.3532E-01  6.5184E-02
  2.4734E+02  2.3524E-01  6.5233E-02
  2.4764E+02  2.3516E-01  6.5283E-02
  2.4794E+02  2.3507E-01  6.5332E-02
  2.4823E+02  2.3499E-01  6.5381E-02
  2.4853E+02  2.3491E-01  6.5431E-02
  2.4883E+02  2.3483E-01  6.5480E-02
  2.4913E+02  2.3475E-01  6.5529E-02
  2.4943E+02  2.3467E-01  6.5579E-02
  2.4972E+02  2.3458E-01  6.5628E-02
  2.5002E+02  2.3450E-01  6.5677E-02
  2.5032E+02  2.3442E-01  6.5726E-02
  2.5062E+02  2.3434E-01  6.5775E-02
  2.5092E+02  2.3426E-01  6.5824E-02
  2.5121E+02  2.3418E-01  6.5874E-02
  2.5151E+02  2.3410E-01  6.5923E-02
  2.5181E+02  2.3401E-01  6.5972E-02
  2.5211E+02  2.3393E-01  6.6021E-02
  2.5241E+02  2.3385E-01  6.6070E-02
  2.5270E+02  2.3377E-01  6.6119E-02
  2.5300E+02  2.3369E-01  6.6168E-02
  2.5330E+02  2.3361E-01  6.6216E-02
  2.5360E+02  2.3353E-01  6.6265E-02
  2.5390E+02  2.3345E-01  6.6314E-02
  2.5419E+02  2.3336E-01  6.6362E-02
  2.5449E+02  2.3328E-01  6.6411E-02
  2.5479E+02  2.3320E-01  6.6459E-02
  2.5509E+02  2.3312E-01  6.6507E-02
  2.5539E+02  2.3304E-01  6.6556E-02
  2.5568E+02  2.3296E-01  6.6604E-02
  2.5598E+02  2.3288E-01  6.6652E-02
  2.5628E+02  2.3279E-01  6.6700E-02
  2.5658E+02  2.3271E-01  6.6749E-02
  2.5688E+02  2.3263E-01  6.6797E-02
  2.5717E+02  2.3255E-01  6.6845E-02
  2.5747E+02  2.3247E-01  6.6893E-02
  2.5777E+02  2.3239E-01  6.6941E-02
  2.5807E+02  2.3231E-01  6.6989E-02
  2.5837E+02  2.3223E-01  6.7037E-02
  2.5866E+02  2.3215E-01  6.7084E-02
  2.5896E+02  2.3206E-01  6.7132E-02
  2.5926E+02  2.3198E-01  6.7179E-02
  2.5956E+02  2.3190E-01  6.7227E-02
  2.5986E+02  2.3182E-01  6.7274E-02
  2.6015E+02  2.3174E-01  6.7321E-02
  2.6045E+02  2.3166E-01  6.7369E-02
  2.6075E+02  2.3158E-01  6.7416E-02
  2.6105E+02  2.3150E-01  6.7463E-02
  2.6135E+02  2.3142E-01  6.7510E-02
  2.6164E+02  2.3133E-01  6.7557E-02
  2.6194E+02  2.3125E-01  6.7604E-02
  2.6224E+02  2.3117E-01  6.7651E-02
  2.6254E+02  2.3109E-01  6.7698E-02
  2.6284E+02  2.3101E-01  6.7745E-02
  2.6313E+02  2.3093E-01  6.7792E-02
  2.6343E+02  2.3085E-01  6.7839E-02
  2.6373E+02  2.3077E-01  6.7886E-02
  2.6403E+02  2.3069E-01  6.7932E-02
  2.6433E+02  2.3060E-01  6.7979E-02
  2.6462E+02  2.3052E-01  6.8025E-02
  2.6492E+02  2.3044E-01  6.8072E-02
  2.6522E+02  2.3036E-01  6.8118E-02
  2.6552E+02  2.3028E-01  6.8164E-02
  2.6582E+02  2.3020E-01  6.8210E-02
  2.6611E+02  2.3012E-01  6.8256E-02
  2.6641E+02  2.3003E-01  6.8302E-02
  2.6671E+02  2.2995E-01  6.8348E-02
  2.6701E+02  2.2987E-01  6.8394E-02
  2.6731E+02  2.2979E-01  6.8440E-02
  2.6760E+02  2.2971E-01  6.8486E-02
  2.6790E+02  2.2963E-01  6.8531E-02
  2.6820E+02  2.2955E-01  6.8577E-02
  2.6850E+02  2.2946E-01  6.8623E-02
  2.6880E+02  2.2938E-01  6.8668E-02
  2.6909E+02  2.2930E-01  6.8714E-02
  2.6939E+02  2.2922E-01  6.8760E-02
  2.6969E+02  2.2914E-01  6.8805E-02
  2.6999E+02  2.2906E-01  6.8851E-02
  2.7029E+02  2.2898E-01  6.8896E-02
  2.7058E+02  2.2890E-01  6.8942E-02
  2.7088E+02  2.2882E-01  6.8988E-02
  2.7118E+02  2.2873E-01  6.9033E-02
  2.7148E+02  2.2865E-01  6.9079E-02
  2.7178E+02  2.2857E-01  6.9124E-02
  2.7207E+02  2.2849E-01  6.9169E-02
  2.7237E+02  2.2841E-01  6.9215E-02
  2.7267E+02  2.2833E-01  6.9260E-02
  2.7297E+02  2.2825E-01  6.9305E-02
  2.7327E+02  2.2817E-01  6.9350E-02
  2.7356E+02  2.2809E-01  6.9395E-02
  2.7386E+02  2.2801E-01  6.9441E-02
  2.7416E+02  2.2793E-01  6.9486E-02
  2.7446E+02  2.2784E-01  6.9531E-02
  2.7476E+02  2.2776E-01  6.9576E-02
  2.7505E+02  2.2768E-01  6.9621E-02
  2.7535E+02  2.2760E-01  6.9666E-02
  2.7565E+02  2.2752E-01  6.9711E-02
  2.7595E+02  2.2744E-01  6.9755E-02
  2.7625E+02  2.2736E-01  6.9800E-02
  2.7654E+02  2.2728E-01  6.9845E-02
  2.7684E+02  2.2720E-01  6.9889E-02
  2.7714E+02  2.2712E-01  6.9934E-02
  2.7744E+02  2.2704E-01  6.9978E-02
  2.7774E+02  2.2696E-01  7.0022E-02
  2.7803E+02  2.2688E-01  7.0067E-02
  2.7833E+02  2.2680E-01  7.0111E-02
  2.7863E+02  2.2672E-01  7.0155E-02
  2.7893E+02  2.2664E-01  7.0200E-02
  2.7923E+02  2.2656E-01  7.0244E-02
  2.7952E+02  2.2648E-01  7.0288E-02
  2.7982E+02  2.2640E-01  7.0333E-02
  2.8012E+02  2.2632E-01  7.0377E-02
  2.8042E+02  2.2624E-01  7.0421E-02
  2.8072E+02  2.2616E-01  7.0465E-02
  2.8101E+02  2.2608E-01  7.0509E-02
  2.8131E+02  2.2600E-01  7.0553E-02
  2.8161E+02  2.2592E-01  7.0597E-02
  2.8191E+02  2.2584E-01  7.0641E-02
  2.8221E+02  2.2576E-01  7.0685E-02
  2.8250E+02  2.2568E-01  7.0729E-02
  2.8280E+02  2.2560E-01  7.0772E-02
  2.8310E+02  2.2552E-01  7.0816E-02
  2.8340E+02  2.2544E-01  7.0859E-02
  2.8370E+02  2.2536E-01  7.0903E-02
  2.8399E+02  2.2528E-01  7.0947E-02
  2.8429E+02  2.2520E-01  7.0990E-02
  2.8459E+02  2.2512E-01  7.1034E-02
  2.8489E+02  2.2504E-01  7.1077E-02
  2.8519E+02  2.2496E-01  7.1120E-02
  2.8548E+02  2.2488E-01  7.1164E-02
  2.8578E+02  2.2480E-01  7.1207E-02
  2.8608E+02  2.2472E-01  7.1250E-02
  2.8638E+02  2.2464E-01  7.1294E-02
  2.8668E+02  2.2456E-01  7.1337E-02
  2.8697E+02  2.2448E-01  7.1380E-02
  2.8727E+02  2.2440E-01  7.1423E-02
  2.8757E+02  2.2432E-01  7.1466E-02
  2.8787E+02  2.2424E-01  7.1509E-02
  2.8817E+02  2.2417E-01  7.1552E-02
  2.8846E+02  2.2409E-01  7.1595E-02
  2.8876E+02  2.2401E-01  7.1638E-02
  2.8906E+02  2.2393E-01  7.1680E-02
  2.8936E+02  2.2385E-01  7.1723E-02
  2.8966E+02  2.2377E-01  7.1766E-02
  2.8995E+02  2.2369E-01  7.1809E-02
  2.9025E+02  2.2361E-01  7.1851E-02
  2.9055E+02  2.2353E-01  7.1894E-02
  2.9085E+02  2.2345E-01  7.1937E-02
  2.9115E+02  2.2337E-01  7.1979E-02
  2.9144E+02  2.2329E-01  7.2022E-02
  2.9174E+02  2.2322E-01  7.2064E-02
  2.9204E+02  2.2314E-01  7.2107E-02
  2.9234E+02  2.2306E-01  7.2149E-02
  2.9264E+02  2.2298E-01  7.2192E-02
  2.9293E+02  2.2290E-01  7.2234E-02
  2.9323E+02  2.2282E-01  7.2276E-02
  2.9353E+02  2.2274E-01  7.2318E-02
  2.9383E+02  2.2266E-01  7.2361E-02
  2.9413E+02  2.2258E-01  7.2403E-02
  2.9442E+02  2.2251E-01  7.2445E-02
  2.9472E+02  2.2243E-01  7.2487E-02
  2.9502E+02  2.2235E-01  7.2529E-02
  2.9532E+02  2.2227E-01  7.2571E-02
  2.9562E+02  2.2219E-01  7.2613E-02
  2.9591E+02  2.2211E-01  7.2655E-02
  2.9621E+02  2.2203E-01  7.2697E-02
  2.9651E+02  2.2196E-01  7.2739E-02
  2.9681E+02  2.2188E-01  7.2781E-02
  2.9711E+02  2.2180E-01  7.2822E-02
  2.9740E+02  2.2172E-01  7.2864E-02
  2.9770E+02  2.2164E-01  7.2906E-02
  2.9800E+02  2.2156E-01  7.2948E-02
  2.9830E+02  2.2148E-01  7.2989E-02
  2.9860E+02  2.2141E-01  7.3031E-02
  2.9889E+02  2.2133E-01  7.3073E-02
  2.9919E+02  2.2125E-01  7.3114E-02
  2.9949E+02  2.2117E-01  7.3156E-02
  2.9979E+02  2.2109E-01  7.3197E-02
  3.0009E+02  2.2101E-01  7.3239E-02
  3.0038E+02  2.2094E-01  7.3280E-02
  3.0068E+02  2.2086E-01  7.3321E-02
  3.0098E+02  2.2078E-01  7.3363E-02
  3.0128E+02  2.2070E-01  7.3404E-02
  3.0158E+02  2.2062E-01  7.3445E-02
  3.0187E+02  2.2054E-01  7.3486E-02
  3.0217E+02  2.2047E-01  7.3528E-02
  3.0247E+02  2.2039E-01  7.3569E-02
  3.0277E+02  2.2031E-01  7.3610E-02
  3.0307E+02  2.2023E-01  7.3651E-02
  3.0336E+02  2.2015E-01  7.3692E-02
  3.0366E+02  2.2008E-01  7.3733E-02
  3.0396E+02  2.2000E-01  7.3774E-02
  3.0426E+02  2.1992E-01  7.3815E-02
  3.0456E+02  2.1984E-01  7.3855E-02
  3.0485E+02  2.1976E-01  7.3896E-02
  3.0515E+02  2.1969E-01  7.3937E-02
  3.0545E+02  2.1961E-01  7.3978E-02
  3.0575E+02  2.1953E-01  7.4018E-02
  3.0605E+02  2.1945E-01  7.4059E-02
  3.0634E+02  2.1937E-01  7.4099E-02
  3.0664E+02  2.1930E-01  7.4140E-02
  3.0694E+02  2.1922E-01  7.4180E-02
  3.0724E+02  2.1914E-01  7.4221E-02
  3.0754E+02  2.1906E-01  7.4261E-02
  3.0783E+02  2.1898E-01  7.4301E-02
  3.0813E+02  2.1891E-01  7.4342E-02
  3.0843E+02  2.1883E-01  7.4382E-02
  3.0873E+02  2.1875E-01  7.4422E-02
  3.0903E+02  2.1867E-01  7.4462E-02
  3.0932E+02  2.1859E-01  7.4503E-02
  3.0962E+02  2.1852E-01  7.4543E-02
  3.0992E+02  2.1844E-01  7.4583E-02
  3.1022E+02  2.1836E-01  7.4623E-02
  3.1052E+02  2.1828E-01  7.4663E-02
  3.1081E+02  2.1821E-01  7.4703E-02
  3.1111E+02  2.1813E-01  7.4743E-02
  3.1141E+02  2.1805E-01  7.4783E-02
  3.1171E+02  2.1797E-01  7.4823E-02
  3.1201E+02  2.1790E-01  7.4862E-02
  3.1230E+02  2.1782E-01  7.4902E-02
  3.1260E+02  2.1774E-01  7.4942E-02
  3.1290E+02  2.1766E-01  7.4982E-02
  3.1320E+02  2.1758E-01  7.5021E-02
  3.1350E+02  2.1751E-01  7.5061E-02
  3.1379E+02  2.1743E-01  7.5100E-02
  3.1409E+02  2.1735E-01  7.5140E-02
  3.1439E+02  2.1727E-01  7.5180E-02
  3.1469E+02  2.1720E-01  7.5219E-02
  3.1499E+02  2.1712E-01  7.5258E-02
  3.1528E+02  2.1704E-01  7.5298E-02
  3.1558E+02  2.1696E-01  7.5337E-02
  3.1588E+02  2.1689E-01  7.5376E-02
  3.1618E+02  2.1681E-01  7.5416E-02
  3.1648E+02  2.1673E-01  7.5455E-02
  3.1677E+02  2.1665E-01  7.5494E-02
  3.1707E+02  2.1658E-01  7.5533E-02
  3.1737E+02  2.1650E-01  7.5572E-02
  3.1767E+02  2.1642E-01  7.5612E-02
  3.1797E+02  2.1634E-01  7.5651E-02
  3.1826E+02  2.1627E-01  7.5690E-02
  3.1856E+02  2.1619E-01  7.5729E-02
  3.1886E+02  2.1611E-01  7.5767E-02
  3.1916E+02  2.1604E-01  7.5806E-02
  3.1946E+02  2.1596E-01  7.5845E-02
  3.1975E+02  2.1588E-01  7.5884E-02
  3.2005E+02  2.1580E-01  7.5923E-02
  3.2035E+02  2.1573E-01  7.5962E-02
  3.2065E+02  2.1565E-01  7.6000E-02
  3.2095E+02  2.1557E-01  7.6039E-02
  3.2124E+02  2.1549E-01  7.6078E-02
  3.2154E+02  2.1542E-01  7.6116E-02
  3.2184E+02  2.1534E-01  7.6155E-02
  3.2214E+02  2.1526E-01  7.6193E-02
  3.2244E+02  2.1519E-01  7.6232E-02
  3.2273E+02  2.1511E-01  7.6270E-02
  3.2303E+02  2.1503E-01  7.6309E-02
  3.2333E+02  2.1495E-01  7.6347E-02
  3.2363E+02  2.1488E-01  7.6385E-02
  3.2393E+02  2.1480E-01  7.6424E-02
  3.2422E+02  2.1472E-01  7.6462E-02
  3.2452E+02  2.1465E-01  7.6500E-02
  3.2482E+02  2.1457E-01  7.6538E-02
  3.2512E+02  2.1449E-01  7.6576E-02
  3.2542E+02  2.1441E-01  7.6614E-02
  3.2571E+02  2.1434E-01  7.6652E-02
  3.2601E+02  2.1426E-01  7.6690E-02
  3.2631E+02  2.1418E-01  7.6728E-02
  3.2661E+02  2.1411E-01  7.6766E-02
  3.2691E+02  2.1403E-01  7.6804E-02
  3.2720E+02  2.1395E-01  7.6842E-02
  3.2750E+02  2.1388E-01  7.6880E-02
  3.2780E+02  2.1380E-01  7.6918E-02
  3.2810E+02  2.1372E-01  7.6955E-02
  3.2840E+02  2.1365E-01  7.6993E-02
  3.2869E+02  2.1357E-01  7.7031E-02
  3.2899E+02  2.1349E-01  7.7068E-02
  3.2929E+02  2.1341E-01  7.7106E-02
  3.2959E+02  2.1334E-01  7.7144E-02
  3.2989E+02  2.1326E-01  7.7181E-02
  3.3018E+02  2.1318E-01  7.7219E-02
  3.3048E+02  2.1311E-01  7.7256E-02
  3.3078E+02  2.1303E-01  7.7293E-02
  3.3108E+02  2.1295E-01  7.7331E-02
  3.3138E+02  2.1288E-01  7.7368E-02
  3.3167E+02  2.1280E-01  7.7405E-02
  3.3197E+02  2.1272E-01  7.7443E-02
  3.3227E+02  2.1265E-01  7.7480E-02
  3.3257E+02  2.1257E-01  7.7517E-02
  3.3287E+02  2.1249E-01  7.7554E-02
  3.3316E+02  2.1242E-01  7.7591E-02
  3.3346E+02  2.1234E-01  7.7629E-02
  3.3376E+02  2.1226E-01  7.7666E-02
  3.3406E+02  2.1219E-01  7.7703E-02
  3.3436E+02  2.1211E-01  7.7739E-02
  3.3465E+02  2.1203E-01  7.7776E-02
  3.3495E+02  2.1196E-01  7.7813E-02
  3.3525E+02  2.1188E-01  7.7850E-02
  3.3555E+02  2.1180E-01  7.7887E-02
  3.3585E+02  2.1173E-01  7.7924E-02
  3.3614E+02  2.1165E-01  7.7960E-02
  3.3644E+02  2.1158E-01  7.7997E-02
  3.3674E+02  2.1150E-01  7.8034E-02
  3.3704E+02  2.1142E-01  7.8070E-02
  3.3734E+02  2.1135E-01  7.8107E-02
  3.3763E+02  2.1127E-01  7.8144E-02
  3.3793E+02  2.1119E-01  7.8180E-02
  3.3823E+02  2.1112E-01  7.8217E-02
  3.3853E+02  2.1104E-01  7.8253E-02
  3.3883E+02  2.1096E-01  7.8290E-02
  3.3912E+02  2.1089E-01  7.8326E-02
  3.3942E+02  2.1081E-01  7.8362E-02
  3.3972E+02  2.1073E-01  7.8399E-02
  3.4002E+02  2.1066E-01  7.8435E-02
  3.4032E+02  2.1058E-01  7.8471E-02
  3.4061E+02  2.1051E-01  7.8507E-02
  3.4091E+02  2.1043E-01  7.8543E-02
  3.4121E+02  2.1035E-01  7.8580E-02
  3.4151E+02  2.1028E-01  7.8616E-02
  3.4181E+02  2.1020E-01  7.8652E-02
  3.4210E+02  2.1012E-01  7.8688E-02
  3.4240E+02  2.1005E-01  7.8724E-02
  3.4270E+02  2.0997E-01  7.8760E-02
  3.4300E+02  2.0990E-01  7.8796E-02
  3.4330E+02  2.0982E-01  7.8831E-02
  3.4359E+02  2.0974E-01  7.8867E-02
  3.4389E+02  2.0967E-01  7.8903E-02
  3.4419E+02  2.0959E-01  7.8939E-02
  3.4449E+02  2.0952E-01  7.8975E-02
  3.4479E+02  2.0944E-01  7.9010E-02
  3.4508E+02  2.0936E-01  7.9046E-02
  3.4538E+02  2.0929E-01  7.9082E-02
  3.4568E+02  2.0921E-01  7.9117E-02
  3.4598E+02  2.0914E-01  7.9153E-02
  3.4628E+02  2.0906E-01  7.9188E-02
  3.4657E+02  2.0898E-01  7.9224E-02
  3.4687E+02  2.0891E-01  7.9259E-02
  3.4717E+02  2.0883E-01  7.9295E-02
  3.4747E+02  2.0876E-01  7.9330E-02
  3.4777E+02  2.0868E-01  7.9365E-02
  3.4806E+02  2.0860E-01  7.9401E-02
  3.4836E+02  2.0853E-01  7.9436E-02
  3.4866E+02  2.0845E-01  7.9471E-02
  3.4896E+02  2.0838E-01  7.9506E-02
  3.4926E+02  2.0830E-01  7.9541E-02
  3.4955E+02  2.0822E-01  7.9577E-02
  3.4985E+02  2.0815E-01  7.9612E-02
  3.5015E+02  2.0807E-01  7.9647E-02
  3.5045E+02  2.0800E-01  7.9682E-02
  3.5075E+02  2.0792E-01  7.9717E-02
  3.5104E+02  2.0785E-01  7.9752E-02
  3.5134E+02  2.0777E-01  7.9787E-02
  3.5164E+02  2.0769E-01  7.9821E-02
  3.5194E+02  2.0762E-01  7.9856E-02
  3.5224E+02  2.0754E-01  7.9891E-02
  3.5253E+02  2.0747E-01  7.9926E-02
  3.5283E+02  2.0739E-01  7.9961E-02
  3.5313E+02  2.0732E-01  7.9995E-02
  3.5343E+02  2.0724E-01  8.0030E-02
  3.5373E+02  2.0716E-01  8.0065E-02
  3.5402E+02  2.0709E-01  8.0099E-02
  3.5432E+02  2.0701E-01  8.0134E-02
  3.5462E+02  2.0694E-01  8.0168E-02
  3.5492E+02  2.0686E-01  8.0203E-02
  3.5522E+02  2.0679E-01  8.0237E-02
  3.5551E+02  2.0671E-01  8.0272E-02
  3.5581E+02  2.0664E-01  8.0306E-02
  3.5611E+02  2.0656E-01  8.0341E-02
  3.5641E+02  2.0648E-01  8.0375E-02
  3.5671E+02  2.0641E-01  8.0409E-02
  3.5700E+02  2.0633E-01  8.0443E-02
  3.5730E+02  2.0626E-01  8.0478E-02
  3.5760E+02  2.0618E-01  8.0512E-02
  3.5790E+02  2.0611E-01  8.0546E-02
  3.5820E+02  2.0603E-01  8.0580E-02
  3.5849E+02  2.0596E-01  8.0614E-02
  3.5879E+02  2.0588E-01  8.0648E-02
  3.5909E+02  2.0581E-01  8.0683E-02
  3.5939E+02  2.0573E-01  8.0717E-02
  3.5969E+02  2.0566E-01  8.0751E-02
  3.5998E+02  2.0558E-01  8.0784E-02
  3.6028E+02  2.0551E-01  8.0818E-02
  3.6058E+02  2.0543E-01  8.0852E-02
  3.6088E+02  2.0536E-01  8.0886E-02
  3.6118E+02  2.0528E-01  8.0920E-02
  3.6147E+02  2.0520E-01  8.0954E-02
  3.6177E+02  2.0513E-01  8.0988E-02
  3.6207E+02  2.0505E-01  8.1021E-02
  3.6237E+02  2.0498E-01  8.1055E-02
  3.6267E+02  2.0490E-01  8.1089E-02
  3.6296E+02  2.0483E-01  8.1122E-02
  3.6326E+02  2.0475E-01  8.1156E-02
  3.6356E+02  2.0468E-01  8.1189E-02
  3.6386E+02  2.0460E-01  8.1223E-02
  3.6416E+02  2.0453E-01  8.1256E-02
  3.6445E+02  2.0445E-01  8.1290E-02
  3.6475E+02  2.0438E-01  8.1323E-02
  3.6505E+02  2.0431E-01  8.1357E-02
  3.6535E+02  2.0423E-01  8.1390E-02
  3.6565E+02  2.0416E-01  8.1424E-02
  3.6594E+02  2.0408E-01  8.1457E-02
  3.6624E+02  2.0401E-01  8.1490E-02
  3.6654E+02  2.0393E-01  8.1523E-02
  3.6684E+02  2.0386E-01  8.1557E-02
  3.6714E+02  2.0378E-01  8.1590E-02
  3.6743E+02  2.0371E-01  8.1623E-02
  3.6773E+02  2.0363E-01  8.1656E-02
  3.6803E+02  2.0356E-01  8.1689E-02
  3.6833E+02  2.0348E-01  8.1722E-02
  3.6863E+02  2.0341E-01  8.1755E-02
  3.6892E+02  2.0333E-01  8.1789E-02
  3.6922E+02  2.0326E-01  8.1822E-02
  3.6952E+02  2.0318E-01  8.1854E-02
  3.6982E+02  2.0311E-01  8.1887E-02
  3.7012E+02  2.0304E-01  8.1920E-02
  3.7041E+02  2.0296E-01  8.1953E-02
  3.7071E+02  2.0289E-01  8.1986E-02
  3.7101E+02  2.0281E-01  8.2019E-02
  3.7131E+02  2.0274E-01  8.2052E-02
  3.7161E+02  2.0266E-01  8.2084E-02
  3.7190E+02  2.0259E-01  8.2117E-02
  3.7220E+02  2.0252E-01  8.2150E-02
  3.7250E+02  2.0244E-01  8.2183E-02
  3.7280E+02  2.0237E-01  8.2215E-02
  3.7310E+02  2.0229E-01  8.2248E-02
  3.7339E+02  2.0222E-01  8.2280E-02
  3.7369E+02  2.0214E-01  8.2313E-02
  3.7399E+02  2.0207E-01  8.2346E-02
  3.7429E+02  2.0200E-01  8.2378E-02
  3.7459E+02  2.0192E-01  8.2411E-02
  3.7488E+02  2.0185E-01  8.2443E-02
  3.7518E+02  2.0177E-01  8.2475E-02
  3.7548E+02  2.0170E-01  8.2508E-02
  3.7578E+02  2.0162E-01  8.2540E-02
  3.7608E+02  2.0155E-01  8.2572E-02
  3.7637E+02  2.0148E-01  8.2605E-02
  3.7667E+02  2.0140E-01  8.2637E-02
  3.7697E+02  2.0133E-01  8.2669E-02
  3.7727E+02  2.0125E-01  8.2701E-02
  3.7757E+02  2.0118E-01  8.2734E-02
  3.7786E+02  2.0111E-01  8.2766E-02
  3.7816E+02  2.0103E-01  8.2798E-02
  3.7846E+02  2.0096E-01  8.2830E-02
  3.7876E+02  2.0089E-01  8.2862E-02
  3.7906E+02  2.0081E-01  8.2894E-02
  3.7935E+02  2.0074E-01  8.2926E-02
  3.7965E+02  2.0066E-01  8.2958E-02
  3.7995E+02  2.0059E-01  8.2990E-02
  3.8025E+02  2.0052E-01  8.3022E-02
  3.8055E+02  2.0044E-01  8.3054E-02
  3.8084E+02  2.0037E-01  8.3086E-02
  3.8114E+02  2.0030E-01  8.3117E-02
  3.8144E+02  2.0022E-01  8.3149E-02
  3.8174E+02  2.0015E-01  8.3181E-02
  3.8204E+02  2.0007E-01  8.3213E-02
  3.8233E+02  2.0000E-01  8.3244E-02
  3.8263E+02  1.9993E-01  8.3276E-02
  3.8293E+02  1.9985E-01  8.3308E-02
  3.8323E+02  1.9978E-01  8.3339E-02
  3.8353E+02  1.9971E-01  8.3371E-02
  3.8382E+02  1.9963E-01  8.3402E-02
  3.8412E+02  1.9956E-01  8.3434E-02
  3.8442E+02  1.9949E-01  8.3465E-02
  3.8472E+02  1.9941E-01  8.3497E-02
  3.8502E+02  1.9934E-01  8.3528E-02
  3.8531E+02  1.9927E-01  8.3559E-02
  3.8561E+02  1.9919E-01  8.3591E-02
  3.8591E+02  1.9912E-01  8.3622E-02
  3.8621E+02  1.9905E-01  8.3653E-02
  3.8651E+02  1.9897E-01  8.3685E-02
  3.8680E+02  1.9890E-01  8.3716E-02
  3.8710E+02  1.9883E-01  8.3747E-02
  3.8740E+02  1.9875E-01  8.3778E-02
  3.8770E+02  1.9868E-01  8.3809E-02
  3.8800E+02  1.9861E-01  8.3840E-02
  3.8829E+02  1.9853E-01  8.3871E-02
  3.8859E+02  1.9846E-01  8.3902E-02
  3.8889E+02  1.9839E-01  8.3933E-02
  3.8919E+02  1.9831E-01  8.3964E-02
  3.8949E+02  1.9824E-01  8.3995E-02
  3.8978E+02  1.9817E-01  8.4026E-02
  3.9008E+02  1.9809E-01  8.4057E-02
  3.9038E+02  1.9802E-01  8.4088E-02
  3.9068E+02  1.9795E-01  8.4119E-02
  3.9098E+02  1.9787E-01  8.4150E-02
  3.9127E+02  1.9780E-01  8.4180E-02
  3.9157E+02  1.9773E-01  8.4211E-02
  3.9187E+02  1.9766E-01  8.4242E-02
  3.9217E+02  1.9758E-01  8.4273E-02
  3.9247E+02  1.9751E-01  8.4303E-02
  3.9276E+02  1.9744E-01  8.4334E-02
  3.9306E+02  1.9736E-01  8.4364E-02
  3.9336E+02  1.9729E-01  8.4395E-02
  3.9366E+02  1.9722E-01  8.4425E-02
  3.9396E+02  1.9714E-01  8.4456E-02
  3.9425E+02  1.9707E-01  8.4486E-02
  3.9455E+02  1.9700E-01  8.4517E-02
  3.9485E+02  1.9693E-01  8.4547E-02
  3.9515E+02  1.9685E-01  8.4578E-02
  3.9545E+02  1.9678E-01  8.4608E-02
  3.9574E+02  1.9671E-01  8.4638E-02
  3.9604E+02  1.9663E-01  8.4669E-02
  3.9634E+02  1.9656E-01  8.4699E-02
  3.9664E+02  1.9649E-01  8.4729E-02
  3.9694E+02  1.9642E-01  8.4759E-02
  3.9723E+02  1.9634E-01  8.4789E-02
  3.9753E+02  1.9627E-01  8.4819E-02
  3.9783E+02  1.9620E-01  8.4850E-02
  3.9813E+02  1.9613E-01  8.4880E-02
  3.9843E+02  1.9605E-01  8.4910E-02
  3.9872E+02  1.9598E-01  8.4940E-02
  3.9902E+02  1.9591E-01  8.4970E-02
  3.9932E+02  1.9584E-01  8.5000E-02
  3.9962E+02  1.9576E-01  8.5029E-02
  3.9992E+02  1.9569E-01  8.5059E-02
  4.0021E+02  1.9562E-01  8.5089E-02
  4.0051E+02  1.9554E-01  8.5119E-02
  4.0081E+02  1.9547E-01  8.5149E-02
  4.0111E+02  1.9540E-01  8.5179E-02
  4.0141E+02  1.9533E-01  8.5208E-02
  4.0170E+02  1.9525E-01  8.5238E-02
  4.0200E+02  1.9518E-01  8.5268E-02
  4.0230E+02  1.9511E-01  8.5297E-02
  4.0260E+02  1.9504E-01  8.5327E-02
  4.0290E+02  1.9496E-01  8.5356E-02
  4.0319E+02  1.9489E-01  8.5386E-02
  4.0349E+02  1.9482E-01  8.5416E-02
  4.0379E+02  1.9475E-01  8.5445E-02
  4.0409E+02  1.9468E-01  8.5474E-02
  4.0439E+02  1.9460E-01  8.5504E-02
  4.0468E+02  1.9453E-01  8.5533E-02
  4.0498E+02  1.9446E-01  8.5563E-02
  4.0528E+02  1.9439E-01  8.5592E-02
  4.0558E+02  1.9431E-01  8.5621E-02
  4.0588E+02  1.9424E-01  8.5651E-02
  4.0617E+02  1.9417E-01  8.5680E-02
  4.0647E+02  1.9410E-01  8.5709E-02
  4.0677E+02  1.9402E-01  8.5738E-02
  4.0707E+02  1.9395E-01  8.5767E-02
  4.0737E+02  1.9388E-01  8.5797E-02
  4.0766E+02  1.9381E-01  8.5826E-02
  4.0796E+02  1.9374E-01  8.5855E-02
  4.0826E+02  1.9366E-01  8.5884E-02
  4.0856E+02  1.9359E-01  8.5913E-02
  4.0886E+02  1.9352E-01  8.5942E-02
  4.0915E+02  1.9345E-01  8.5971E-02
  4.0945E+02  1.9337E-01  8.6000E-02
  4.0975E+02  1.9330E-01  8.6028E-02
  4.1005E+02  1.9323E-01  8.6057E-02
  4.1035E+02  1.9316E-01  8.6086E-02
  4.1064E+02  1.9309E-01  8.6115E-02
  4.1094E+02  1.9301E-01  8.6144E-02
  4.1124E+02  1.9294E-01  8.6172E-02
  4.1154E+02  1.9287E-01  8.6201E-02
  4.1184E+02  1.9280E-01  8.6230E-02
  4.1213E+02  1.9273E-01  8.6259E-02
  4.1243E+02  1.9265E-01  8.6287E-02
  4.1273E+02  1.9258E-01  8.6316E-02
  4.1303E+02  1.9251E-01  8.6344E-02
  4.1333E+02  1.9244E-01  8.6373E-02
  4.1362E+02  1.9237E-01  8.6401E-02
  4.1392E+02  1.9230E-01  8.6430E-02
  4.1422E+02  1.9222E-01  8.6458E-02
  4.1452E+02  1.9215E-01  8.6487E-02
  4.1482E+02  1.9208E-01  8.6515E-02
  4.1511E+02  1.9201E-01  8.6543E-02
  4.1541E+02  1.9194E-01  8.6572E-02
  4.1571E+02  1.9186E-01  8.6600E-02
  4.1601E+02  1.9179E-01  8.6628E-02
  4.1631E+02  1.9172E-01  8.6656E-02
  4.1660E+02  1.9165E-01  8.6685E-02
  4.1690E+02  1.9158E-01  8.6713E-02
  4.1720E+02  1.9151E-01  8.6741E-02
  4.1750E+02  1.9143E-01  8.6769E-02
  4.1780E+02  1.9136E-01  8.6797E-02
  4.1809E+02  1.9129E-01  8.6825E-02
  4.1839E+02  1.9122E-01  8.6853E-02
  4.1869E+02  1.9115E-01  8.6881E-02
  4.1899E+02  1.9108E-01  8.6909E-02
  4.1929E+02  1.9100E-01  8.6937E-02
  4.1958E+02  1.9093E-01  8.6965E-02
  4.1988E+02  1.9086E-01  8.6993E-02
  4.2018E+02  1.9079E-01  8.7021E-02
  4.2048E+02  1.9072E-01  8.7049E-02
  4.2078E+02  1.9065E-01  8.7076E-02
  4.2107E+02  1.9057E-01  8.7104E-02
  4.2137E+02  1.9050E-01  8.7132E-02
  4.2167E+02  1.9043E-01  8.7160E-02
  4.2197E+02  1.9036E-01  8.7187E-02
  4.2227E+02  1.9029E-01  8.7215E-02
  4.2256E+02  1.9022E-01  8.7242E-02
  4.2286E+02  1.9015E-01  8.7270E-02
  4.2316E+02  1.9007E-01  8.7298E-02
  4.2346E+02  1.9000E-01  8.7325E-02
  4.2376E+02  1.8993E-01  8.7353E-02
  4.2405E+02  1.8986E-01  8.7380E-02
  4.2435E+02  1.8979E-01  8.7407E-02
  4.2465E+02  1.8972E-01  8.7435E-02
  4.2495E+02  1.8965E-01  8.7462E-02
  4.2525E+02  1.8957E-01  8.7490E-02
  4.2554E+02  1.8950E-01  8.7517E-02
  4.2584E+02  1.8943E-01  8.7544E-02
  4.2614E+02  1.8936E-01  8.7571E-02
  4.2644E+02  1.8929E-01  8.7599E-02
  4.2674E+02  1.8922E-01  8.7626E-02
  4.2703E+02  1.8915E-01  8.7653E-02
  4.2733E+02  1.8908E-01  8.7680E-02
  4.2763E+02  1.8901E-01  8.7707E-02
  4.2793E+02  1.8893E-01  8.7734E-02
  4.2823E+02  1.8886E-01  8.7761E-02
  4.2852E+02  1.8879E-01  8.7788E-02
  4.2882E+02  1.8872E-01  8.7815E-02
  4.2912E+02  1.8865E-01  8.7842E-02
  4.2942E+02  1.8858E-01  8.7869E-02
  4.2972E+02  1.8851E-01  8.7896E-02
  4.3001E+02  1.8844E-01  8.7923E-02
  4.3031E+02  1.8837E-01  8.7950E-02
  4.3061E+02  1.8829E-01  8.7977E-02
  4.3091E+02  1.8822E-01  8.8003E-02
  4.3121E+02  1.8815E-01  8.8030E-02
  4.3150E+02  1.8808E-01  8.8057E-02
  4.3180E+02  1.8801E-01  8.8084E-02
  4.3210E+02  1.8794E-01  8.8110E-02
  4.3240E+02  1.8787E-01  8.8137E-02
  4.3270E+02  1.8780E-01  8.8163E-02
  4.3299E+02  1.8773E-01  8.8190E-02
  4.3329E+02  1.8766E-01  8.8217E-02
  4.3359E+02  1.8759E-01  8.8243E-02
  4.3389E+02  1.8751E-01  8.8270E-02
  4.3419E+02  1.8744E-01  8.8296E-02
  4.3448E+02  1.8737E-01  8.8322E-02
  4.3478E+02  1.8730E-01  8.8349E-02
  4.3508E+02  1.8723E-01  8.8375E-02
  4.3538E+02  1.8716E-01  8.8402E-02
  4.3568E+02  1.8709E-01  8.8428E-02
  4.3597E+02  1.8702E-01  8.8454E-02
  4.3627E+02  1.8695E-01  8.8480E-02
  4.3657E+02  1.8688E-01  8.8507E-02
  4.3687E+02  1.8681E-01  8.8533E-02
  4.3717E+02  1.8674E-01  8.8559E-02
  4.3746E+02  1.8667E-01  8.8585E-02
  4.3776E+02  1.8660E-01  8.8611E-02
  4.3806E+02  1.8652E-01  8.8637E-02
  4.3836E+02  1.8645E-01  8.8663E-02
  4.3866E+02  1.8638E-01  8.8689E-02
  4.3895E+02  1.8631E-01  8.8715E-02
  4.3925E+02  1.8624E-01  8.8741E-02
  4.3955E+02  1.8617E-01  8.8767E-02
  4.3985E+02  1.8610E-01  8.8793E-02
  4.4015E+02  1.8603E-01  8.8819E-02
  4.4044E+02  1.8596E-01  8.8845E-02
  4.4074E+02  1.8589E-01  8.8871E-02
  4.4104E+02  1.8582E-01  8.8897E-02
  4.4134E+02  1.8575E-01  8.8922E-02
  4.4164E+02  1.8568E-01  8.8948E-02
  4.4193E+02  1.8561E-01  8.8974E-02
  4.4223E+02  1.8554E-01  8.9000E-02
  4.4253E+02  1.8547E-01  8.9025E-02
  4.4283E+02  1.8540E-01  8.9051E-02
  4.4313E+02  1.8533E-01  8.9077E-02
  4.4342E+02  1.8526E-01  8.9102E-02
  4.4372E+02  1.8519E-01  8.9128E-02
  4.4402E+02  1.8512E-01  8.9153E-02
  4.4432E+02  1.8505E-01  8.9179E-02
  4.4462E+02  1.8498E-01  8.9204E-02
  4.4491E+02  1.8491E-01  8.9230E-02
  4.4521E+02  1.8484E-01  8.9255E-02
  4.4551E+02  1.8476E-01  8.9280E-02
  4.4581E+02  1.8469E-01  8.9306E-02
  4.4611E+02  1.8462E-01  8.9331E-02
  4.4640E+02  1.8455E-01  8.9356E-02
  4.4670E+02  1.8448E-01  8.9382E-02
  4.4700E+02  1.8441E-01  8.9407E-02
  4.4730E+02  1.8434E-01  8.9432E-02
  4.4760E+02  1.8427E-01  8.9457E-02
  4.4789E+02  1.8420E-01  8.9482E-02
  4.4819E+02  1.8413E-01  8.9508E-02
  4.4849E+02  1.8406E-01  8.9533E-02
  4.4879E+02  1.8399E-01  8.9558E-02
  4.4909E+02  1.8392E-01  8.9583E-02
  4.4938E+02  1.8385E-01  8.9608E-02
  4.4968E+02  1.8378E-01  8.9633E-02
  4.4998E+02  1.8371E-01  8.9658E-02
  4.5028E+02  1.8364E-01  8.9683E-02
  4.5058E+02  1.8357E-01  8.9708E-02
  4.5087E+02  1.8350E-01  8.9733E-02
  4.5117E+02  1.8343E-01  8.9757E-02
  4.5147E+02  1.8336E-01  8.9782E-02
  4.5177E+02  1.8329E-01  8.9807E-02
  4.5207E+02  1.8322E-01  8.9832E-02
  4.5236E+02  1.8315E-01  8.9857E-02
  4.5266E+02  1.8309E-01  8.9881E-02
  4.5296E+02  1.8302E-01  8.9906E-02
  4.5326E+02  1.8295E-01  8.9931E-02
  4.5356E+02  1.8288E-01  8.9955E-02
  4.5385E+02  1.8281E-01  8.9980E-02
  4.5415E+02  1.8274E-01  9.0004E-02
  4.5445E+02  1.8267E-01  9.0029E-02
  4.5475E+02  1.8260E-01  9.0054E-02
  4.5505E+02  1.8253E-01  9.0078E-02
  4.5534E+02  1.8246E-01  9.0103E-02
  4.5564E+02  1.8239E-01  9.0127E-02
  4.5594E+02  1.8232E-01  9.0151E-02
  4.5624E+02  1.8225E-01  9.0176E-02
  4.5654E+02  1.8218E-01  9.0200E-02
  4.5683E+02  1.8211E-01  9.0225E-02
  4.5713E+02  1.8204E-01  9.0249E-02
  4.5743E+02  1.8197E-01  9.0273E-02
  4.5773E+02  1.8190E-01  9.0297E-02
  4.5803E+02  1.8183E-01  9.0322E-02
  4.5832E+02  1.8176E-01  9.0346E-02
  4.5862E+02  1.8169E-01  9.0370E-02
  4.5892E+02  1.8162E-01  9.0394E-02
  4.5922E+02  1.8155E-01  9.0418E-02
  4.5952E+02  1.8148E-01  9.0442E-02
  4.5981E+02  1.8141E-01  9.0466E-02
  4.6011E+02  1.8135E-01  9.0491E-02
  4.6041E+02  1.8128E-01  9.0515E-02
  4.6071E+02  1.8121E-01  9.0539E-02
  4.6101E+02  1.8114E-01  9.0563E-02
  4.6130E+02  1.8107E-01  9.0586E-02
  4.6160E+02  1.8100E-01  9.0610E-02
  4.6190E+02  1.8093E-01  9.0634E-02
  4.6220E+02  1.8086E-01  9.0658E-02
  4.6250E+02  1.8079E-01  9.0682E-02
  4.6279E+02  1.8072E-01  9.0706E-02
  4.6309E+02  1.8065E-01  9.0730E-02
  4.6339E+02  1.8058E-01  9.0753E-02
  4.6369E+02  1.8051E-01  9.0777E-02
  4.6399E+02  1.8044E-01  9.0801E-02
  4.6428E+02  1.8038E-01  9.0824E-02
  4.6458E+02  1.8031E-01  9.0848E-02
  4.6488E+02  1.8024E-01  9.0872E-02
  4.6518E+02  1.8017E-01  9.0895E-02
  4.6548E+02  1.8010E-01  9.0919E-02
  4.6577E+02  1.8003E-01  9.0942E-02
  4.6607E+02  1.7996E-01  9.0966E-02
  4.6637E+02  1.7989E-01  9.0989E-02
  4.6667E+02  1.7982E-01  9.1013E-02
  4.6697E+02  1.7975E-01  9.1036E-02
  4.6726E+02  1.7968E-01  9.1060E-02
  4.6756E+02  1.7962E-01  9.1083E-02
  4.6786E+02  1.7955E-01  9.1106E-02
  4.6816E+02  1.7948E-01  9.1130E-02
  4.6846E+02  1.7941E-01  9.1153E-02
  4.6875E+02  1.7934E-01  9.1176E-02
  4.6905E+02  1.7927E-01  9.1200E-02
  4.6935E+02  1.7920E-01  9.1223E-02
  4.6965E+02  1.7913E-01  9.1246E-02
  4.6995E+02  1.7906E-01  9.1269E-02
  4.7024E+02  1.7899E-01  9.1292E-02
  4.7054E+02  1.7893E-01  9.1315E-02
  4.7084E+02  1.7886E-01  9.1338E-02
  4.7114E+02  1.7879E-01  9.1362E-02
  4.7144E+02  1.7872E-01  9.1385E-02
  4.7173E+02  1.7865E-01  9.1408E-02
  4.7203E+02  1.7858E-01  9.1431E-02
  4.7233E+02  1.7851E-01  9.1454E-02
  4.7263E+02  1.7844E-01  9.1476E-02
  4.7293E+02  1.7838E-01  9.1499E-02
  4.7322E+02  1.7831E-01  9.1522E-02
  4.7352E+02  1.7824E-01  9.1545E-02
  4.7382E+02  1.7817E-01  9.1568E-02
  4.7412E+02  1.7810E-01  9.1591E-02
  4.7442E+02  1.7803E-01  9.1614E-02
  4.7471E+02  1.7796E-01  9.1636E-02
  4.7501E+02  1.7790E-01  9.1659E-02
  4.7531E+02  1.7783E-01  9.1682E-02
  4.7561E+02  1.7776E-01  9.1704E-02
  4.7591E+02  1.7769E-01  9.1727E-02
  4.7620E+02  1.7762E-01  9.1750E-02
  4.7650E+02  1.7755E-01  9.1772E-02
  4.7680E+02  1.7748E-01  9.1795E-02
  4.7710E+02  1.7742E-01  9.1817E-02
  4.7740E+02  1.7735E-01  9.1840E-02
  4.7769E+02  1.7728E-01  9.1862E-02
  4.7799E+02  1.7721E-01  9.1885E-02
  4.7829E+02  1.7714E-01  9.1907E-02
  4.7859E+02  1.7707E-01  9.1930E-02
  4.7889E+02  1.7700E-01  9.1952E-02
  4.7918E+02  1.7694E-01  9.1974E-02
  4.7948E+02  1.7687E-01  9.1997E-02
  4.7978E+02  1.7680E-01  9.2019E-02
  4.8008E+02  1.7673E-01  9.2041E-02
  4.8038E+02  1.7666E-01  9.2064E-02
  4.8067E+02  1.7659E-01  9.2086E-02
  4.8097E+02  1.7653E-01  9.2108E-02
  4.8127E+02  1.7646E-01  9.2130E-02
  4.8157E+02  1.7639E-01  9.2152E-02
  4.8187E+02  1.7632E-01  9.2175E-02
  4.8216E+02  1.7625E-01  9.2197E-02
  4.8246E+02  1.7619E-01  9.2219E-02
  4.8276E+02  1.7612E-01  9.2241E-02
  4.8306E+02  1.7605E-01  9.2263E-02
  4.8336E+02  1.7598E-01  9.2285E-02
  4.8365E+02  1.7591E-01  9.2307E-02
  4.8395E+02  1.7584E-01  9.2329E-02
  4.8425E+02  1.7578E-01  9.2351E-02
  4.8455E+02  1.7571E-01  9.2373E-02
  4.8485E+02  1.7564E-01  9.2394E-02
  4.8514E+02  1.7557E-01  9.2416E-02
  4.8544E+02  1.7550E-01  9.2438E-02
  4.8574E+02  1.7544E-01  9.2460E-02
  4.8604E+02  1.7537E-01  9.2482E-02
  4.8634E+02  1.7530E-01  9.2503E-02
  4.8663E+02  1.7523E-01  9.2525E-02
  4.8693E+02  1.7516E-01  9.2547E-02
  4.8723E+02  1.7510E-01  9.2568E-02
  4.8753E+02  1.7503E-01  9.2590E-02
  4.8783E+02  1.7496E-01  9.2612E-02
  4.8812E+02  1.7489E-01  9.2633E-02
  4.8842E+02  1.7482E-01  9.2655E-02
  4.8872E+02  1.7476E-01  9.2676E-02
  4.8902E+02  1.7469E-01  9.2698E-02
  4.8932E+02  1.7462E-01  9.2719E-02
  4.8961E+02  1.7455E-01  9.2741E-02
  4.8991E+02  1.7448E-01  9.2762E-02
  4.9021E+02  1.7442E-01  9.2784E-02
  4.9051E+02  1.7435E-01  9.2805E-02
  4.9081E+02  1.7428E-01  9.2826E-02
  4.9110E+02  1.7421E-01  9.2848E-02
  4.9140E+02  1.7415E-01  9.2869E-02
  4.9170E+02  1.7408E-01  9.2890E-02
  4.9200E+02  1.7401E-01  9.2911E-02
  4.9230E+02  1.7394E-01  9.2933E-02
  4.9259E+02  1.7387E-01  9.2954E-02
  4.9289E+02  1.7381E-01  9.2975E-02
  4.9319E+02  1.7374E-01  9.2996E-02
  4.9349E+02  1.7367E-01  9.3017E-02
  4.9379E+02  1.7360E-01  9.3038E-02
  4.9408E+02  1.7354E-01  9.3059E-02
  4.9438E+02  1.7347E-01  9.3080E-02
  4.9468E+02  1.7340E-01  9.3101E-02
  4.9498E+02  1.7333E-01  9.3122E-02
  4.9528E+02  1.7327E-01  9.3143E-02
  4.9557E+02  1.7320E-01  9.3164E-02
  4.9587E+02  1.7313E-01  9.3185E-02
  4.9617E+02  1.7306E-01  9.3206E-02
  4.9647E+02  1.7300E-01  9.3227E-02
  4.9677E+02  1.7293E-01  9.3248E-02
  4.9706E+02  1.7286E-01  9.3269E-02
  4.9736E+02  1.7279E-01  9.3289E-02
  4.9766E+02  1.7273E-01  9.3310E-02
  4.9796E+02  1.7266E-01  9.3331E-02
  4.9826E+02  1.7259E-01  9.3352E-02
  4.9855E+02  1.7252E-01  9.3372E-02
  4.9885E+02  1.7246E-01  9.3393E-02
  4.9915E+02  1.7239E-01  9.3414E-02
  4.9945E+02  1.7232E-01  9.3434E-02
  4.9975E+02  1.7225E-01  9.3455E-02
  5.0000E+02  1.7220E-01  9.3472E-02
