# CREATED BY GENE DIAGNOSTICS TOOL on Fri May 25 13:32:34 2018
# diag: GAMDIAG, run(s): 0003, time window: 0-499(1356 steps), species: ions
# normalization: L_ref=5.4832m
#
# xind= 0, x/a= -NaN, q= 1.0869963
# Fit:    -NaN,Infinity,Infinity
# Analytic: -NaN,Infinity,Infinity
#  t          Re[phi]     Im[phi]   
  0.0000E+00  9.9991E-01  0.0000E+00
  3.6800E-01  9.9613E-01  3.3647E-02
  7.3600E-01  9.8648E-01  6.6937E-02
  1.1040E+00  9.7225E-01  9.9520E-02
  1.4720E+00  9.5422E-01  1.3113E-01
  1.8400E+00  9.3313E-01  1.6158E-01
  2.2080E+00  9.0978E-01  1.9072E-01
  2.5760E+00  8.8491E-01  2.1848E-01
  2.9440E+00  8.5922E-01  2.4481E-01
  3.3120E+00  8.3330E-01  2.6971E-01
  3.6800E+00  8.0758E-01  2.9321E-01
  4.0480E+00  7.8234E-01  3.1539E-01
  4.4160E+00  7.5771E-01  3.3631E-01
  4.7840E+00  7.3371E-01  3.5605E-01
  5.1520E+00  7.1026E-01  3.7467E-01
  5.5200E+00  6.8721E-01  3.9225E-01
  5.8880E+00  6.6440E-01  4.0883E-01
  6.2560E+00  6.4163E-01  4.2444E-01
  6.6240E+00  6.1873E-01  4.3910E-01
  6.9920E+00  5.9558E-01  4.5281E-01
  7.3600E+00  5.7208E-01  4.6558E-01
  7.7280E+00  5.4819E-01  4.7738E-01
  8.0960E+00  5.2389E-01  4.8822E-01
  8.4640E+00  4.9925E-01  4.9807E-01
  8.8320E+00  4.7433E-01  5.0692E-01
  9.2000E+00  4.4922E-01  5.1477E-01
  9.5680E+00  4.2408E-01  5.2163E-01
  9.9360E+00  3.9904E-01  5.2751E-01
  1.0304E+01  3.7423E-01  5.3243E-01
  1.0672E+01  3.4976E-01  5.3641E-01
  1.1040E+01  3.2576E-01  5.3949E-01
  1.1408E+01  3.0233E-01  5.4170E-01
  1.1776E+01  2.7956E-01  5.4311E-01
  1.2144E+01  2.5752E-01  5.4374E-01
  1.2512E+01  2.3625E-01  5.4367E-01
  1.2880E+01  2.1579E-01  5.4294E-01
  1.3248E+01  1.9616E-01  5.4160E-01
  1.3616E+01  1.7737E-01  5.3972E-01
  1.3984E+01  1.5945E-01  5.3734E-01
  1.4352E+01  1.4237E-01  5.3451E-01
  1.4720E+01  1.2613E-01  5.3129E-01
  1.5088E+01  1.1070E-01  5.2771E-01
  1.5456E+01  9.6050E-02  5.2384E-01
  1.5824E+01  8.2169E-02  5.1970E-01
  1.6192E+01  6.9032E-02  5.1535E-01
  1.6560E+01  5.6617E-02  5.1081E-01
  1.6928E+01  4.4903E-02  5.0612E-01
  1.7296E+01  3.3868E-02  5.0132E-01
  1.7664E+01  2.3474E-02  4.9644E-01
  1.8032E+01  1.3687E-02  4.9150E-01
  1.8400E+01  4.4829E-03  4.8655E-01
  1.8768E+01 -4.1613E-03  4.8159E-01
  1.9136E+01 -1.2271E-02  4.7665E-01
  1.9504E+01 -1.9874E-02  4.7176E-01
  1.9872E+01 -2.7001E-02  4.6694E-01
  2.0240E+01 -3.3685E-02  4.6219E-01
  2.0608E+01 -3.9964E-02  4.5754E-01
  2.0976E+01 -4.5878E-02  4.5300E-01
  2.1344E+01 -5.1461E-02  4.4858E-01
  2.1712E+01 -5.6749E-02  4.4428E-01
  2.2080E+01 -6.1775E-02  4.4011E-01
  2.2448E+01 -6.6575E-02  4.3607E-01
  2.2816E+01 -7.1190E-02  4.3217E-01
  2.3184E+01 -7.5668E-02  4.2840E-01
  2.3552E+01 -8.0052E-02  4.2476E-01
  2.3920E+01 -8.4376E-02  4.2124E-01
  2.4288E+01 -8.8662E-02  4.1784E-01
  2.4656E+01 -9.2925E-02  4.1454E-01
  2.5024E+01 -9.7188E-02  4.1133E-01
  2.5392E+01 -1.0148E-01  4.0821E-01
  2.5760E+01 -1.0583E-01  4.0515E-01
  2.6128E+01 -1.1027E-01  4.0215E-01
  2.6496E+01 -1.1483E-01  3.9919E-01
  2.6864E+01 -1.1951E-01  3.9625E-01
  2.7232E+01 -1.2434E-01  3.9332E-01
  2.7600E+01 -1.2933E-01  3.9038E-01
  2.7968E+01 -1.3449E-01  3.8740E-01
  2.8336E+01 -1.3983E-01  3.8438E-01
  2.8704E+01 -1.4536E-01  3.8128E-01
  2.9072E+01 -1.5108E-01  3.7811E-01
  2.9440E+01 -1.5701E-01  3.7482E-01
  2.9808E+01 -1.6314E-01  3.7142E-01
  3.0176E+01 -1.6946E-01  3.6787E-01
  3.0544E+01 -1.7596E-01  3.6416E-01
  3.0912E+01 -1.8260E-01  3.6029E-01
  3.1280E+01 -1.8937E-01  3.5622E-01
  3.1648E+01 -1.9626E-01  3.5196E-01
  3.2016E+01 -2.0327E-01  3.4749E-01
  3.2384E+01 -2.1039E-01  3.4280E-01
  3.2752E+01 -2.1762E-01  3.3788E-01
  3.3120E+01 -2.2497E-01  3.3272E-01
  3.3488E+01 -2.3244E-01  3.2731E-01
  3.3856E+01 -2.4000E-01  3.2164E-01
  3.4224E+01 -2.4763E-01  3.1569E-01
  3.4592E+01 -2.5527E-01  3.0947E-01
  3.4960E+01 -2.6289E-01  3.0298E-01
  3.5328E+01 -2.7043E-01  2.9621E-01
  3.5696E+01 -2.7786E-01  2.8917E-01
  3.6064E+01 -2.8518E-01  2.8185E-01
  3.6432E+01 -2.9236E-01  2.7428E-01
  3.6800E+01 -2.9939E-01  2.6645E-01
  3.7168E+01 -3.0626E-01  2.5837E-01
  3.7536E+01 -3.1297E-01  2.5005E-01
  3.7904E+01 -3.1950E-01  2.4149E-01
  3.8272E+01 -3.2587E-01  2.3270E-01
  3.8640E+01 -3.3205E-01  2.2370E-01
  3.9008E+01 -3.3803E-01  2.1447E-01
  3.9376E+01 -3.4378E-01  2.0505E-01
  3.9744E+01 -3.4928E-01  1.9544E-01
  4.0112E+01 -3.5450E-01  1.8564E-01
  4.0480E+01 -3.5940E-01  1.7568E-01
  4.0848E+01 -3.6398E-01  1.6557E-01
  4.1216E+01 -3.6821E-01  1.5533E-01
  4.1584E+01 -3.7208E-01  1.4496E-01
  4.1952E+01 -3.7558E-01  1.3450E-01
  4.2320E+01 -3.7869E-01  1.2395E-01
  4.2688E+01 -3.8139E-01  1.1335E-01
  4.3056E+01 -3.8367E-01  1.0270E-01
  4.3424E+01 -3.8551E-01  9.2022E-02
  4.3792E+01 -3.8694E-01  8.1345E-02
  4.4160E+01 -3.8795E-01  7.0683E-02
  4.4528E+01 -3.8857E-01  6.0055E-02
  4.4896E+01 -3.8883E-01  4.9475E-02
  4.5264E+01 -3.8876E-01  3.8956E-02
  4.5632E+01 -3.8840E-01  2.8510E-02
  4.6000E+01 -3.8778E-01  1.8143E-02
  4.6368E+01 -3.8691E-01  7.8636E-03
  4.6736E+01 -3.8581E-01 -2.3241E-03
  4.7104E+01 -3.8447E-01 -1.2415E-02
  4.7472E+01 -3.8287E-01 -2.2402E-02
  4.7840E+01 -3.8099E-01 -3.2279E-02
  4.8208E+01 -3.7879E-01 -4.2034E-02
  4.8576E+01 -3.7624E-01 -5.1657E-02
  4.8944E+01 -3.7333E-01 -6.1134E-02
  4.9312E+01 -3.7003E-01 -7.0450E-02
  4.9680E+01 -3.6637E-01 -7.9590E-02
  5.0048E+01 -3.6235E-01 -8.8542E-02
  5.0416E+01 -3.5800E-01 -9.7292E-02
  5.0784E+01 -3.5335E-01 -1.0583E-01
  5.1152E+01 -3.4843E-01 -1.1415E-01
  5.1520E+01 -3.4329E-01 -1.2224E-01
  5.1888E+01 -3.3795E-01 -1.3011E-01
  5.2256E+01 -3.3246E-01 -1.3775E-01
  5.2624E+01 -3.2682E-01 -1.4516E-01
  5.2992E+01 -3.2105E-01 -1.5234E-01
  5.3360E+01 -3.1515E-01 -1.5929E-01
  5.3728E+01 -3.0912E-01 -1.6602E-01
  5.4096E+01 -3.0293E-01 -1.7252E-01
  5.4464E+01 -2.9660E-01 -1.7880E-01
  5.4832E+01 -2.9012E-01 -1.8485E-01
  5.5200E+01 -2.8350E-01 -1.9067E-01
  5.5568E+01 -2.7675E-01 -1.9625E-01
  5.5936E+01 -2.6990E-01 -2.0161E-01
  5.6304E+01 -2.6300E-01 -2.0674E-01
  5.6672E+01 -2.5608E-01 -2.1164E-01
  5.7040E+01 -2.4921E-01 -2.1633E-01
  5.7408E+01 -2.4241E-01 -2.2082E-01
  5.7776E+01 -2.3573E-01 -2.2511E-01
  5.8144E+01 -2.2919E-01 -2.2923E-01
  5.8512E+01 -2.2282E-01 -2.3319E-01
  5.8880E+01 -2.1659E-01 -2.3701E-01
  5.9248E+01 -2.1051E-01 -2.4069E-01
  5.9616E+01 -2.0453E-01 -2.4426E-01
  5.9984E+01 -1.9861E-01 -2.4772E-01
  6.0352E+01 -1.9270E-01 -2.5107E-01
  6.0720E+01 -1.8674E-01 -2.5432E-01
  6.1088E+01 -1.8069E-01 -2.5747E-01
  6.1456E+01 -1.7452E-01 -2.6051E-01
  6.1824E+01 -1.6818E-01 -2.6343E-01
  6.2192E+01 -1.6168E-01 -2.6622E-01
  6.2560E+01 -1.5500E-01 -2.6888E-01
  6.2928E+01 -1.4815E-01 -2.7138E-01
  6.3296E+01 -1.4116E-01 -2.7374E-01
  6.3664E+01 -1.3405E-01 -2.7592E-01
  6.4032E+01 -1.2686E-01 -2.7794E-01
  6.4400E+01 -1.1963E-01 -2.7979E-01
  6.4768E+01 -1.1239E-01 -2.8147E-01
  6.5136E+01 -1.0520E-01 -2.8297E-01
  6.5504E+01 -9.8081E-02 -2.8432E-01
  6.5872E+01 -9.1068E-02 -2.8551E-01
  6.6240E+01 -8.4185E-02 -2.8655E-01
  6.6608E+01 -7.7448E-02 -2.8745E-01
  6.6976E+01 -7.0862E-02 -2.8823E-01
  6.7344E+01 -6.4421E-02 -2.8888E-01
  6.7712E+01 -5.8109E-02 -2.8943E-01
  6.8080E+01 -5.1903E-02 -2.8987E-01
  6.8448E+01 -4.5773E-02 -2.9021E-01
  6.8816E+01 -3.9693E-02 -2.9045E-01
  6.9184E+01 -3.3640E-02 -2.9059E-01
  6.9552E+01 -2.7596E-02 -2.9064E-01
  6.9920E+01 -2.1548E-02 -2.9058E-01
  7.0288E+01 -1.5489E-02 -2.9042E-01
  7.0656E+01 -9.4092E-03 -2.9014E-01
  7.1024E+01 -3.3053E-03 -2.8976E-01
  7.1392E+01  2.8239E-03 -2.8926E-01
  7.1760E+01  8.9752E-03 -2.8863E-01
  7.2128E+01  1.5142E-02 -2.8789E-01
  7.2496E+01  2.1315E-02 -2.8701E-01
  7.2864E+01  2.7487E-02 -2.8600E-01
  7.3232E+01  3.3646E-02 -2.8486E-01
  7.3600E+01  3.9783E-02 -2.8358E-01
  7.3968E+01  4.5888E-02 -2.8217E-01
  7.4336E+01  5.1953E-02 -2.8063E-01
  7.4704E+01  5.7969E-02 -2.7895E-01
  7.5072E+01  6.3930E-02 -2.7714E-01
  7.5440E+01  6.9829E-02 -2.7520E-01
  7.5808E+01  7.5659E-02 -2.7313E-01
  7.6176E+01  8.1414E-02 -2.7092E-01
  7.6544E+01  8.7088E-02 -2.6860E-01
  7.6912E+01  9.2678E-02 -2.6615E-01
  7.7280E+01  9.8181E-02 -2.6357E-01
  7.7648E+01  1.0360E-01 -2.6088E-01
  7.8016E+01  1.0893E-01 -2.5807E-01
  7.8384E+01  1.1418E-01 -2.5515E-01
  7.8752E+01  1.1936E-01 -2.5211E-01
  7.9120E+01  1.2446E-01 -2.4896E-01
  7.9488E+01  1.2949E-01 -2.4570E-01
  7.9856E+01  1.3446E-01 -2.4233E-01
  8.0224E+01  1.3935E-01 -2.3885E-01
  8.0592E+01  1.4417E-01 -2.3526E-01
  8.0960E+01  1.4892E-01 -2.3156E-01
  8.1328E+01  1.5359E-01 -2.2776E-01
  8.1696E+01  1.5817E-01 -2.2386E-01
  8.2064E+01  1.6267E-01 -2.1985E-01
  8.2432E+01  1.6707E-01 -2.1574E-01
  8.2800E+01  1.7137E-01 -2.1153E-01
  8.3168E+01  1.7556E-01 -2.0723E-01
  8.3536E+01  1.7963E-01 -2.0283E-01
  8.3904E+01  1.8360E-01 -1.9835E-01
  8.4272E+01  1.8744E-01 -1.9379E-01
  8.4640E+01  1.9117E-01 -1.8914E-01
  8.5008E+01  1.9478E-01 -1.8442E-01
  8.5376E+01  1.9828E-01 -1.7962E-01
  8.5744E+01  2.0165E-01 -1.7475E-01
  8.6112E+01  2.0491E-01 -1.6981E-01
  8.6480E+01  2.0803E-01 -1.6481E-01
  8.6848E+01  2.1102E-01 -1.5975E-01
  8.7216E+01  2.1388E-01 -1.5464E-01
  8.7584E+01  2.1659E-01 -1.4947E-01
  8.7952E+01  2.1915E-01 -1.4426E-01
  8.8320E+01  2.2157E-01 -1.3901E-01
  8.8688E+01  2.2383E-01 -1.3373E-01
  8.9056E+01  2.2594E-01 -1.2841E-01
  8.9424E+01  2.2791E-01 -1.2306E-01
  8.9792E+01  2.2974E-01 -1.1770E-01
  9.0160E+01  2.3143E-01 -1.1231E-01
  9.0528E+01  2.3299E-01 -1.0691E-01
  9.0896E+01  2.3441E-01 -1.0150E-01
  9.1264E+01  2.3569E-01 -9.6089E-02
  9.1632E+01  2.3682E-01 -9.0671E-02
  9.2000E+01  2.3782E-01 -8.5256E-02
  9.2368E+01  2.3867E-01 -7.9846E-02
  9.2736E+01  2.3936E-01 -7.4447E-02
  9.3104E+01  2.3991E-01 -6.9063E-02
  9.3472E+01  2.4031E-01 -6.3698E-02
  9.3840E+01  2.4057E-01 -5.8358E-02
  9.4208E+01  2.4068E-01 -5.3045E-02
  9.4576E+01  2.4067E-01 -4.7764E-02
  9.4944E+01  2.4053E-01 -4.2516E-02
  9.5312E+01  2.4027E-01 -3.7306E-02
  9.5680E+01  2.3990E-01 -3.2135E-02
  9.6048E+01  2.3942E-01 -2.7004E-02
  9.6416E+01  2.3885E-01 -2.1916E-02
  9.6784E+01  2.3817E-01 -1.6871E-02
  9.7152E+01  2.3740E-01 -1.1871E-02
  9.7520E+01  2.3652E-01 -6.9170E-03
  9.7888E+01  2.3554E-01 -2.0108E-03
  9.8256E+01  2.3446E-01  2.8458E-03
  9.8624E+01  2.3327E-01  7.6507E-03
  9.8992E+01  2.3196E-01  1.2402E-02
  9.9360E+01  2.3054E-01  1.7095E-02
  9.9728E+01  2.2900E-01  2.1729E-02
  1.0010E+02  2.2734E-01  2.6301E-02
  1.0046E+02  2.2557E-01  3.0806E-02
  1.0083E+02  2.2370E-01  3.5244E-02
  1.0120E+02  2.2172E-01  3.9611E-02
  1.0157E+02  2.1966E-01  4.3907E-02
  1.0194E+02  2.1751E-01  4.8130E-02
  1.0230E+02  2.1529E-01  5.2279E-02
  1.0267E+02  2.1300E-01  5.6354E-02
  1.0304E+02  2.1065E-01  6.0355E-02
  1.0341E+02  2.0823E-01  6.4282E-02
  1.0378E+02  2.0574E-01  6.8135E-02
  1.0414E+02  2.0320E-01  7.1913E-02
  1.0451E+02  2.0059E-01  7.5615E-02
  1.0488E+02  1.9792E-01  7.9243E-02
  1.0525E+02  1.9519E-01  8.2795E-02
  1.0562E+02  1.9241E-01  8.6271E-02
  1.0598E+02  1.8957E-01  8.9671E-02
  1.0635E+02  1.8667E-01  9.2995E-02
  1.0672E+02  1.8373E-01  9.6243E-02
  1.0709E+02  1.8074E-01  9.9414E-02
  1.0746E+02  1.7769E-01  1.0251E-01
  1.0782E+02  1.7460E-01  1.0552E-01
  1.0819E+02  1.7146E-01  1.0846E-01
  1.0856E+02  1.6827E-01  1.1132E-01
  1.0893E+02  1.6503E-01  1.1411E-01
  1.0930E+02  1.6174E-01  1.1681E-01
  1.0966E+02  1.5840E-01  1.1943E-01
  1.1003E+02  1.5501E-01  1.2197E-01
  1.1040E+02  1.5158E-01  1.2443E-01
  1.1077E+02  1.4811E-01  1.2680E-01
  1.1114E+02  1.4460E-01  1.2909E-01
  1.1150E+02  1.4105E-01  1.3129E-01
  1.1187E+02  1.3749E-01  1.3341E-01
  1.1224E+02  1.3390E-01  1.3545E-01
  1.1261E+02  1.3029E-01  1.3740E-01
  1.1298E+02  1.2667E-01  1.3927E-01
  1.1334E+02  1.2303E-01  1.4105E-01
  1.1371E+02  1.1938E-01  1.4275E-01
  1.1408E+02  1.1572E-01  1.4437E-01
  1.1445E+02  1.1203E-01  1.4591E-01
  1.1482E+02  1.0833E-01  1.4737E-01
  1.1518E+02  1.0460E-01  1.4874E-01
  1.1555E+02  1.0084E-01  1.5002E-01
  1.1592E+02  9.7059E-02  1.5122E-01
  1.1629E+02  9.3247E-02  1.5234E-01
  1.1666E+02  8.9406E-02  1.5336E-01
  1.1702E+02  8.5540E-02  1.5430E-01
  1.1739E+02  8.1654E-02  1.5514E-01
  1.1776E+02  7.7755E-02  1.5590E-01
  1.1813E+02  7.3851E-02  1.5656E-01
  1.1850E+02  6.9951E-02  1.5713E-01
  1.1886E+02  6.6062E-02  1.5761E-01
  1.1923E+02  6.2192E-02  1.5800E-01
  1.1960E+02  5.8345E-02  1.5830E-01
  1.1997E+02  5.4526E-02  1.5852E-01
  1.2034E+02  5.0737E-02  1.5865E-01
  1.2070E+02  4.6980E-02  1.5870E-01
  1.2107E+02  4.3254E-02  1.5867E-01
  1.2144E+02  3.9557E-02  1.5856E-01
  1.2181E+02  3.5887E-02  1.5837E-01
  1.2218E+02  3.2240E-02  1.5810E-01
  1.2254E+02  2.8611E-02  1.5776E-01
  1.2291E+02  2.4997E-02  1.5734E-01
  1.2328E+02  2.1394E-02  1.5684E-01
  1.2365E+02  1.7801E-02  1.5627E-01
  1.2402E+02  1.4215E-02  1.5561E-01
  1.2438E+02  1.0638E-02  1.5488E-01
  1.2475E+02  7.0709E-03  1.5407E-01
  1.2512E+02  3.5157E-03  1.5318E-01
  1.2549E+02 -2.3262E-05  1.5221E-01
  1.2586E+02 -3.5408E-03  1.5116E-01
  1.2622E+02 -7.0311E-03  1.5004E-01
  1.2659E+02 -1.0488E-02  1.4883E-01
  1.2696E+02 -1.3904E-02  1.4754E-01
  1.2733E+02 -1.7274E-02  1.4618E-01
  1.2770E+02 -2.0591E-02  1.4475E-01
  1.2806E+02 -2.3852E-02  1.4324E-01
  1.2843E+02 -2.7051E-02  1.4167E-01
  1.2880E+02 -3.0187E-02  1.4003E-01
  1.2917E+02 -3.3257E-02  1.3832E-01
  1.2954E+02 -3.6261E-02  1.3655E-01
  1.2990E+02 -3.9199E-02  1.3472E-01
  1.3027E+02 -4.2069E-02  1.3284E-01
  1.3064E+02 -4.4874E-02  1.3090E-01
  1.3101E+02 -4.7614E-02  1.2891E-01
  1.3138E+02 -5.0289E-02  1.2686E-01
  1.3174E+02 -5.2901E-02  1.2477E-01
  1.3211E+02 -5.5451E-02  1.2263E-01
  1.3248E+02 -5.7940E-02  1.2045E-01
  1.3285E+02 -6.0371E-02  1.1823E-01
  1.3322E+02 -6.2744E-02  1.1596E-01
  1.3358E+02 -6.5061E-02  1.1365E-01
  1.3395E+02 -6.7322E-02  1.1130E-01
  1.3432E+02 -6.9526E-02  1.0891E-01
  1.3469E+02 -7.1672E-02  1.0648E-01
  1.3506E+02 -7.3759E-02  1.0402E-01
  1.3542E+02 -7.5785E-02  1.0152E-01
  1.3579E+02 -7.7747E-02  9.8996E-02
  1.3616E+02 -7.9643E-02  9.6435E-02
  1.3653E+02 -8.1472E-02  9.3845E-02
  1.3690E+02 -8.3233E-02  9.1227E-02
  1.3726E+02 -8.4924E-02  8.8584E-02
  1.3763E+02 -8.6545E-02  8.5917E-02
  1.3800E+02 -8.8096E-02  8.3227E-02
  1.3837E+02 -8.9578E-02  8.0518E-02
  1.3874E+02 -9.0991E-02  7.7790E-02
  1.3910E+02 -9.2336E-02  7.5046E-02
  1.3947E+02 -9.3615E-02  7.2286E-02
  1.3984E+02 -9.4828E-02  6.9512E-02
  1.4021E+02 -9.5975E-02  6.6726E-02
  1.4058E+02 -9.7058E-02  6.3929E-02
  1.4094E+02 -9.8075E-02  6.1123E-02
  1.4131E+02 -9.9028E-02  5.8308E-02
  1.4168E+02 -9.9916E-02  5.5487E-02
  1.4205E+02 -1.0074E-01  5.2660E-02
  1.4242E+02 -1.0150E-01  4.9829E-02
  1.4278E+02 -1.0219E-01  4.6995E-02
  1.4315E+02 -1.0281E-01  4.4160E-02
  1.4352E+02 -1.0337E-01  4.1324E-02
  1.4389E+02 -1.0387E-01  3.8491E-02
  1.4426E+02 -1.0430E-01  3.5660E-02
  1.4462E+02 -1.0467E-01  3.2833E-02
  1.4499E+02 -1.0498E-01  3.0012E-02
  1.4536E+02 -1.0522E-01  2.7198E-02
  1.4573E+02 -1.0541E-01  2.4391E-02
  1.4610E+02 -1.0554E-01  2.1592E-02
  1.4646E+02 -1.0561E-01  1.8804E-02
  1.4683E+02 -1.0562E-01  1.6026E-02
  1.4720E+02 -1.0558E-01  1.3260E-02
  1.4757E+02 -1.0548E-01  1.0507E-02
  1.4794E+02 -1.0532E-01  7.7680E-03
  1.4830E+02 -1.0510E-01  5.0441E-03
  1.4867E+02 -1.0482E-01  2.3366E-03
  1.4904E+02 -1.0449E-01 -3.5324E-04
  1.4941E+02 -1.0409E-01 -3.0240E-03
  1.4978E+02 -1.0363E-01 -5.6744E-03
  1.5014E+02 -1.0312E-01 -8.3031E-03
  1.5051E+02 -1.0255E-01 -1.0909E-02
  1.5088E+02 -1.0192E-01 -1.3491E-02
  1.5125E+02 -1.0124E-01 -1.6047E-02
  1.5162E+02 -1.0051E-01 -1.8577E-02
  1.5198E+02 -9.9726E-02 -2.1080E-02
  1.5235E+02 -9.8891E-02 -2.3554E-02
  1.5272E+02 -9.8008E-02 -2.5999E-02
  1.5309E+02 -9.7078E-02 -2.8415E-02
  1.5346E+02 -9.6102E-02 -3.0799E-02
  1.5382E+02 -9.5080E-02 -3.3152E-02
  1.5419E+02 -9.4014E-02 -3.5473E-02
  1.5456E+02 -9.2904E-02 -3.7760E-02
  1.5493E+02 -9.1751E-02 -4.0014E-02
  1.5530E+02 -9.0555E-02 -4.2233E-02
  1.5566E+02 -8.9316E-02 -4.4418E-02
  1.5603E+02 -8.8035E-02 -4.6565E-02
  1.5640E+02 -8.6711E-02 -4.8677E-02
  1.5677E+02 -8.5346E-02 -5.0750E-02
  1.5714E+02 -8.3939E-02 -5.2784E-02
  1.5750E+02 -8.2492E-02 -5.4780E-02
  1.5787E+02 -8.1004E-02 -5.6734E-02
  1.5824E+02 -7.9478E-02 -5.8648E-02
  1.5861E+02 -7.7912E-02 -6.0519E-02
  1.5898E+02 -7.6310E-02 -6.2348E-02
  1.5934E+02 -7.4672E-02 -6.4132E-02
  1.5971E+02 -7.2999E-02 -6.5873E-02
  1.6008E+02 -7.1293E-02 -6.7568E-02
  1.6045E+02 -6.9555E-02 -6.9217E-02
  1.6082E+02 -6.7786E-02 -7.0820E-02
  1.6118E+02 -6.5990E-02 -7.2376E-02
  1.6155E+02 -6.4166E-02 -7.3884E-02
  1.6192E+02 -6.2316E-02 -7.5345E-02
  1.6229E+02 -6.0442E-02 -7.6758E-02
  1.6266E+02 -5.8544E-02 -7.8122E-02
  1.6302E+02 -5.6624E-02 -7.9437E-02
  1.6339E+02 -5.4683E-02 -8.0703E-02
  1.6376E+02 -5.2722E-02 -8.1919E-02
  1.6413E+02 -5.0741E-02 -8.3085E-02
  1.6450E+02 -4.8742E-02 -8.4202E-02
  1.6486E+02 -4.6726E-02 -8.5268E-02
  1.6523E+02 -4.4694E-02 -8.6283E-02
  1.6560E+02 -4.2649E-02 -8.7248E-02
  1.6597E+02 -4.0592E-02 -8.8162E-02
  1.6634E+02 -3.8525E-02 -8.9025E-02
  1.6670E+02 -3.6450E-02 -8.9837E-02
  1.6707E+02 -3.4369E-02 -9.0599E-02
  1.6744E+02 -3.2284E-02 -9.1311E-02
  1.6781E+02 -3.0195E-02 -9.1973E-02
  1.6818E+02 -2.8105E-02 -9.2585E-02
  1.6854E+02 -2.6014E-02 -9.3148E-02
  1.6891E+02 -2.3922E-02 -9.3662E-02
  1.6928E+02 -2.1831E-02 -9.4127E-02
  1.6965E+02 -1.9741E-02 -9.4544E-02
  1.7002E+02 -1.7653E-02 -9.4913E-02
  1.7038E+02 -1.5567E-02 -9.5235E-02
  1.7075E+02 -1.3483E-02 -9.5508E-02
  1.7112E+02 -1.1403E-02 -9.5735E-02
  1.7149E+02 -9.3272E-03 -9.5914E-02
  1.7186E+02 -7.2563E-03 -9.6047E-02
  1.7222E+02 -5.1912E-03 -9.6134E-02
  1.7259E+02 -3.1332E-03 -9.6175E-02
  1.7296E+02 -1.0833E-03 -9.6169E-02
  1.7333E+02  9.5724E-04 -9.6119E-02
  1.7370E+02  2.9871E-03 -9.6024E-02
  1.7406E+02  5.0051E-03 -9.5884E-02
  1.7443E+02  7.0099E-03 -9.5700E-02
  1.7480E+02  9.0005E-03 -9.5473E-02
  1.7517E+02  1.0976E-02 -9.5204E-02
  1.7554E+02  1.2935E-02 -9.4892E-02
  1.7590E+02  1.4878E-02 -9.4539E-02
  1.7627E+02  1.6804E-02 -9.4144E-02
  1.7664E+02  1.8712E-02 -9.3709E-02
  1.7701E+02  2.0604E-02 -9.3235E-02
  1.7738E+02  2.2477E-02 -9.2720E-02
  1.7774E+02  2.4334E-02 -9.2167E-02
  1.7811E+02  2.6172E-02 -9.1575E-02
  1.7848E+02  2.7992E-02 -9.0945E-02
  1.7885E+02  2.9794E-02 -9.0277E-02
  1.7922E+02  3.1575E-02 -8.9571E-02
  1.7958E+02  3.3334E-02 -8.8829E-02
  1.7995E+02  3.5071E-02 -8.8051E-02
  1.8032E+02  3.6783E-02 -8.7237E-02
  1.8069E+02  3.8470E-02 -8.6388E-02
  1.8106E+02  4.0129E-02 -8.5504E-02
  1.8142E+02  4.1758E-02 -8.4588E-02
  1.8179E+02  4.3358E-02 -8.3640E-02
  1.8216E+02  4.4926E-02 -8.2660E-02
  1.8253E+02  4.6462E-02 -8.1649E-02
  1.8290E+02  4.7966E-02 -8.0609E-02
  1.8326E+02  4.9438E-02 -7.9541E-02
  1.8363E+02  5.0877E-02 -7.8445E-02
  1.8400E+02  5.2283E-02 -7.7323E-02
  1.8437E+02  5.3658E-02 -7.6175E-02
  1.8474E+02  5.5000E-02 -7.5002E-02
  1.8510E+02  5.6310E-02 -7.3804E-02
  1.8547E+02  5.7589E-02 -7.2583E-02
  1.8584E+02  5.8836E-02 -7.1340E-02
  1.8621E+02  6.0051E-02 -7.0074E-02
  1.8658E+02  6.1235E-02 -6.8787E-02
  1.8694E+02  6.2386E-02 -6.7479E-02
  1.8731E+02  6.3505E-02 -6.6152E-02
  1.8768E+02  6.4591E-02 -6.4805E-02
  1.8805E+02  6.5644E-02 -6.3440E-02
  1.8842E+02  6.6663E-02 -6.2057E-02
  1.8878E+02  6.7649E-02 -6.0657E-02
  1.8915E+02  6.8600E-02 -5.9241E-02
  1.8952E+02  6.9516E-02 -5.7809E-02
  1.8989E+02  7.0396E-02 -5.6363E-02
  1.9026E+02  7.1239E-02 -5.4904E-02
  1.9062E+02  7.2046E-02 -5.3432E-02
  1.9099E+02  7.2816E-02 -5.1948E-02
  1.9136E+02  7.3549E-02 -5.0453E-02
  1.9173E+02  7.4243E-02 -4.8949E-02
  1.9210E+02  7.4900E-02 -4.7436E-02
  1.9246E+02  7.5520E-02 -4.5915E-02
  1.9283E+02  7.6102E-02 -4.4386E-02
  1.9320E+02  7.6647E-02 -4.2852E-02
  1.9357E+02  7.7156E-02 -4.1312E-02
  1.9394E+02  7.7629E-02 -3.9768E-02
  1.9430E+02  7.8067E-02 -3.8219E-02
  1.9467E+02  7.8470E-02 -3.6668E-02
  1.9504E+02  7.8839E-02 -3.5114E-02
  1.9541E+02  7.9175E-02 -3.3559E-02
  1.9578E+02  7.9477E-02 -3.2002E-02
  1.9614E+02  7.9746E-02 -3.0445E-02
  1.9651E+02  7.9983E-02 -2.8887E-02
  1.9688E+02  8.0187E-02 -2.7330E-02
  1.9725E+02  8.0358E-02 -2.5775E-02
  1.9762E+02  8.0495E-02 -2.4221E-02
  1.9798E+02  8.0600E-02 -2.2670E-02
  1.9835E+02  8.0671E-02 -2.1122E-02
  1.9872E+02  8.0708E-02 -1.9578E-02
  1.9909E+02  8.0711E-02 -1.8039E-02
  1.9946E+02  8.0681E-02 -1.6505E-02
  1.9982E+02  8.0616E-02 -1.4978E-02
  2.0019E+02  8.0517E-02 -1.3457E-02
  2.0056E+02  8.0385E-02 -1.1944E-02
  2.0093E+02  8.0218E-02 -1.0439E-02
  2.0130E+02  8.0019E-02 -8.9439E-03
  2.0166E+02  7.9787E-02 -7.4584E-03
  2.0203E+02  7.9523E-02 -5.9835E-03
  2.0240E+02  7.9228E-02 -4.5199E-03
  2.0277E+02  7.8901E-02 -3.0683E-03
  2.0314E+02  7.8543E-02 -1.6293E-03
  2.0350E+02  7.8154E-02 -2.0347E-04
  2.0387E+02  7.7735E-02  1.2084E-03
  2.0424E+02  7.7286E-02  2.6058E-03
  2.0461E+02  7.6807E-02  3.9880E-03
  2.0498E+02  7.6298E-02  5.3543E-03
  2.0534E+02  7.5760E-02  6.7042E-03
  2.0571E+02  7.5193E-02  8.0370E-03
  2.0608E+02  7.4598E-02  9.3520E-03
  2.0645E+02  7.3974E-02  1.0649E-02
  2.0682E+02  7.3322E-02  1.1926E-02
  2.0718E+02  7.2642E-02  1.3184E-02
  2.0755E+02  7.1936E-02  1.4422E-02
  2.0792E+02  7.1202E-02  1.5638E-02
  2.0829E+02  7.0443E-02  1.6834E-02
  2.0866E+02  6.9658E-02  1.8007E-02
  2.0902E+02  6.8849E-02  1.9157E-02
  2.0939E+02  6.8015E-02  2.0285E-02
  2.0976E+02  6.7157E-02  2.1388E-02
  2.1013E+02  6.6277E-02  2.2467E-02
  2.1050E+02  6.5374E-02  2.3522E-02
  2.1086E+02  6.4451E-02  2.4551E-02
  2.1123E+02  6.3507E-02  2.5555E-02
  2.1160E+02  6.2543E-02  2.6533E-02
  2.1197E+02  6.1560E-02  2.7484E-02
  2.1234E+02  6.0560E-02  2.8409E-02
  2.1270E+02  5.9542E-02  2.9307E-02
  2.1307E+02  5.8507E-02  3.0178E-02
  2.1344E+02  5.7457E-02  3.1021E-02
  2.1381E+02  5.6392E-02  3.1836E-02
  2.1418E+02  5.5312E-02  3.2623E-02
  2.1454E+02  5.4219E-02  3.3382E-02
  2.1491E+02  5.3114E-02  3.4113E-02
  2.1528E+02  5.1997E-02  3.4816E-02
  2.1565E+02  5.0869E-02  3.5489E-02
  2.1602E+02  4.9731E-02  3.6134E-02
  2.1638E+02  4.8584E-02  3.6751E-02
  2.1675E+02  4.7429E-02  3.7338E-02
  2.1712E+02  4.6267E-02  3.7897E-02
  2.1749E+02  4.5098E-02  3.8427E-02
  2.1786E+02  4.3923E-02  3.8929E-02
  2.1822E+02  4.2743E-02  3.9402E-02
  2.1859E+02  4.1558E-02  3.9846E-02
  2.1896E+02  4.0370E-02  4.0263E-02
  2.1933E+02  3.9179E-02  4.0650E-02
  2.1970E+02  3.7986E-02  4.1010E-02
  2.2006E+02  3.6790E-02  4.1342E-02
  2.2043E+02  3.5594E-02  4.1646E-02
  2.2080E+02  3.4398E-02  4.1922E-02
  2.2117E+02  3.3202E-02  4.2171E-02
  2.2154E+02  3.2007E-02  4.2393E-02
  2.2190E+02  3.0814E-02  4.2588E-02
  2.2227E+02  2.9624E-02  4.2756E-02
  2.2264E+02  2.8436E-02  4.2898E-02
  2.2301E+02  2.7252E-02  4.3014E-02
  2.2338E+02  2.6073E-02  4.3103E-02
  2.2374E+02  2.4898E-02  4.3168E-02
  2.2411E+02  2.3728E-02  4.3206E-02
  2.2448E+02  2.2564E-02  4.3220E-02
  2.2485E+02  2.1407E-02  4.3209E-02
  2.2522E+02  2.0256E-02  4.3174E-02
  2.2558E+02  1.9112E-02  4.3115E-02
  2.2595E+02  1.7976E-02  4.3032E-02
  2.2632E+02  1.6847E-02  4.2926E-02
  2.2669E+02  1.5727E-02  4.2796E-02
  2.2706E+02  1.4615E-02  4.2644E-02
  2.2742E+02  1.3512E-02  4.2469E-02
  2.2779E+02  1.2419E-02  4.2272E-02
  2.2816E+02  1.1335E-02  4.2053E-02
  2.2853E+02  1.0262E-02  4.1813E-02
  2.2890E+02  9.1985E-03  4.1551E-02
  2.2926E+02  8.1464E-03  4.1268E-02
  2.2963E+02  7.1056E-03  4.0965E-02
  2.3000E+02  6.0763E-03  4.0642E-02
  2.3037E+02  5.0590E-03  4.0299E-02
  2.3074E+02  4.0537E-03  3.9936E-02
  2.3110E+02  3.0607E-03  3.9554E-02
  2.3147E+02  2.0803E-03  3.9153E-02
  2.3184E+02  1.1124E-03  3.8734E-02
  2.3221E+02  1.5736E-04  3.8296E-02
  2.3258E+02 -7.8480E-04  3.7840E-02
  2.3294E+02 -1.7139E-03  3.7366E-02
  2.3331E+02 -2.6299E-03  3.6875E-02
  2.3368E+02 -3.5325E-03  3.6366E-02
  2.3405E+02 -4.4214E-03  3.5841E-02
  2.3442E+02 -5.2965E-03  3.5299E-02
  2.3478E+02 -6.1574E-03  3.4741E-02
  2.3515E+02 -7.0037E-03  3.4166E-02
  2.3552E+02 -7.8352E-03  3.3576E-02
  2.3589E+02 -8.6515E-03  3.2970E-02
  2.3626E+02 -9.4523E-03  3.2349E-02
  2.3662E+02 -1.0237E-02  3.1713E-02
  2.3699E+02 -1.1006E-02  3.1062E-02
  2.3736E+02 -1.1759E-02  3.0398E-02
  2.3773E+02 -1.2496E-02  2.9719E-02
  2.3810E+02 -1.3216E-02  2.9027E-02
  2.3846E+02 -1.3919E-02  2.8322E-02
  2.3883E+02 -1.4606E-02  2.7604E-02
  2.3920E+02 -1.5275E-02  2.6874E-02
  2.3957E+02 -1.5928E-02  2.6131E-02
  2.3994E+02 -1.6563E-02  2.5376E-02
  2.4030E+02 -1.7181E-02  2.4610E-02
  2.4067E+02 -1.7781E-02  2.3833E-02
  2.4104E+02 -1.8363E-02  2.3045E-02
  2.4141E+02 -1.8927E-02  2.2247E-02
  2.4178E+02 -1.9472E-02  2.1439E-02
  2.4214E+02 -1.9999E-02  2.0621E-02
  2.4251E+02 -2.0506E-02  1.9794E-02
  2.4288E+02 -2.0994E-02  1.8958E-02
  2.4325E+02 -2.1462E-02  1.8114E-02
  2.4362E+02 -2.1911E-02  1.7263E-02
  2.4398E+02 -2.2339E-02  1.6404E-02
  2.4435E+02 -2.2746E-02  1.5538E-02
  2.4472E+02 -2.3133E-02  1.4667E-02
  2.4509E+02 -2.3499E-02  1.3789E-02
  2.4546E+02 -2.3844E-02  1.2907E-02
  2.4582E+02 -2.4169E-02  1.2020E-02
  2.4619E+02 -2.4472E-02  1.1129E-02
  2.4656E+02 -2.4754E-02  1.0234E-02
  2.4693E+02 -2.5015E-02  9.3362E-03
  2.4730E+02 -2.5254E-02  8.4360E-03
  2.4766E+02 -2.5472E-02  7.5340E-03
  2.4803E+02 -2.5669E-02  6.6305E-03
  2.4840E+02 -2.5845E-02  5.7263E-03
  2.4877E+02 -2.5999E-02  4.8219E-03
  2.4914E+02 -2.6131E-02  3.9178E-03
  2.4950E+02 -2.6242E-02  3.0145E-03
  2.4987E+02 -2.6332E-02  2.1127E-03
  2.5024E+02 -2.6399E-02  1.2130E-03
  2.5061E+02 -2.6446E-02  3.1589E-04
  2.5098E+02 -2.6470E-02 -5.7804E-04
  2.5134E+02 -2.6473E-02 -1.4682E-03
  2.5171E+02 -2.6455E-02 -2.3540E-03
  2.5208E+02 -2.6415E-02 -3.2349E-03
  2.5245E+02 -2.6354E-02 -4.1102E-03
  2.5282E+02 -2.6271E-02 -4.9795E-03
  2.5318E+02 -2.6168E-02 -5.8422E-03
  2.5355E+02 -2.6044E-02 -6.6977E-03
  2.5392E+02 -2.5899E-02 -7.5454E-03
  2.5429E+02 -2.5734E-02 -8.3849E-03
  2.5466E+02 -2.5549E-02 -9.2156E-03
  2.5502E+02 -2.5344E-02 -1.0037E-02
  2.5539E+02 -2.5120E-02 -1.0849E-02
  2.5576E+02 -2.4877E-02 -1.1650E-02
  2.5613E+02 -2.4615E-02 -1.2441E-02
  2.5650E+02 -2.4336E-02 -1.3221E-02
  2.5686E+02 -2.4039E-02 -1.3989E-02
  2.5723E+02 -2.3725E-02 -1.4746E-02
  2.5760E+02 -2.3394E-02 -1.5490E-02
  2.5797E+02 -2.3047E-02 -1.6221E-02
  2.5834E+02 -2.2685E-02 -1.6940E-02
  2.5870E+02 -2.2307E-02 -1.7646E-02
  2.5907E+02 -2.1915E-02 -1.8338E-02
  2.5944E+02 -2.1509E-02 -1.9017E-02
  2.5981E+02 -2.1090E-02 -1.9682E-02
  2.6018E+02 -2.0657E-02 -2.0333E-02
  2.6054E+02 -2.0213E-02 -2.0969E-02
  2.6091E+02 -1.9756E-02 -2.1592E-02
  2.6128E+02 -1.9288E-02 -2.2199E-02
  2.6165E+02 -1.8810E-02 -2.2793E-02
  2.6202E+02 -1.8322E-02 -2.3371E-02
  2.6238E+02 -1.7824E-02 -2.3935E-02
  2.6275E+02 -1.7317E-02 -2.4484E-02
  2.6312E+02 -1.6801E-02 -2.5019E-02
  2.6349E+02 -1.6278E-02 -2.5538E-02
  2.6386E+02 -1.5747E-02 -2.6043E-02
  2.6422E+02 -1.5210E-02 -2.6533E-02
  2.6459E+02 -1.4666E-02 -2.7009E-02
  2.6496E+02 -1.4116E-02 -2.7470E-02
  2.6533E+02 -1.3561E-02 -2.7916E-02
  2.6570E+02 -1.3001E-02 -2.8348E-02
  2.6606E+02 -1.2436E-02 -2.8766E-02
  2.6643E+02 -1.1868E-02 -2.9169E-02
  2.6680E+02 -1.1295E-02 -2.9559E-02
  2.6717E+02 -1.0720E-02 -2.9934E-02
  2.6754E+02 -1.0141E-02 -3.0296E-02
  2.6790E+02 -9.5604E-03 -3.0644E-02
  2.6827E+02 -8.9770E-03 -3.0978E-02
  2.6864E+02 -8.3916E-03 -3.1299E-02
  2.6901E+02 -7.8045E-03 -3.1607E-02
  2.6938E+02 -7.2157E-03 -3.1902E-02
  2.6974E+02 -6.6256E-03 -3.2183E-02
  2.7011E+02 -6.0344E-03 -3.2452E-02
  2.7048E+02 -5.4422E-03 -3.2708E-02
  2.7085E+02 -4.8491E-03 -3.2951E-02
  2.7122E+02 -4.2554E-03 -3.3182E-02
  2.7158E+02 -3.6611E-03 -3.3400E-02
  2.7195E+02 -3.0664E-03 -3.3605E-02
  2.7232E+02 -2.4713E-03 -3.3799E-02
  2.7269E+02 -1.8759E-03 -3.3979E-02
  2.7306E+02 -1.2804E-03 -3.4148E-02
  2.7342E+02 -6.8468E-04 -3.4304E-02
  2.7379E+02 -8.8918E-05 -3.4448E-02
  2.7416E+02  5.0687E-04 -3.4580E-02
  2.7453E+02  1.1026E-03 -3.4700E-02
  2.7490E+02  1.6983E-03 -3.4807E-02
  2.7526E+02  2.2939E-03 -3.4902E-02
  2.7563E+02  2.8894E-03 -3.4984E-02
  2.7600E+02  3.4847E-03 -3.5055E-02
  2.7637E+02  4.0798E-03 -3.5112E-02
  2.7674E+02  4.6747E-03 -3.5158E-02
  2.7710E+02  5.2692E-03 -3.5190E-02
  2.7747E+02  5.8634E-03 -3.5211E-02
  2.7784E+02  6.4571E-03 -3.5218E-02
  2.7821E+02  7.0502E-03 -3.5213E-02
  2.7858E+02  7.6427E-03 -3.5194E-02
  2.7894E+02  8.2345E-03 -3.5163E-02
  2.7931E+02  8.8254E-03 -3.5119E-02
  2.7968E+02  9.4153E-03 -3.5061E-02
  2.8005E+02  1.0004E-02 -3.4990E-02
  2.8042E+02  1.0591E-02 -3.4906E-02
  2.8078E+02  1.1177E-02 -3.4808E-02
  2.8115E+02  1.1762E-02 -3.4697E-02
  2.8152E+02  1.2344E-02 -3.4572E-02
  2.8189E+02  1.2924E-02 -3.4434E-02
  2.8226E+02  1.3501E-02 -3.4282E-02
  2.8262E+02  1.4076E-02 -3.4116E-02
  2.8299E+02  1.4648E-02 -3.3936E-02
  2.8336E+02  1.5217E-02 -3.3742E-02
  2.8373E+02  1.5781E-02 -3.3535E-02
  2.8410E+02  1.6342E-02 -3.3314E-02
  2.8446E+02  1.6897E-02 -3.3079E-02
  2.8483E+02  1.7448E-02 -3.2830E-02
  2.8520E+02  1.7994E-02 -3.2568E-02
  2.8557E+02  1.8533E-02 -3.2292E-02
  2.8594E+02  1.9066E-02 -3.2003E-02
  2.8630E+02  1.9593E-02 -3.1701E-02
  2.8667E+02  2.0112E-02 -3.1386E-02
  2.8704E+02  2.0623E-02 -3.1058E-02
  2.8741E+02  2.1126E-02 -3.0717E-02
  2.8778E+02  2.1621E-02 -3.0364E-02
  2.8814E+02  2.2106E-02 -2.9999E-02
  2.8851E+02  2.2582E-02 -2.9622E-02
  2.8888E+02  2.3047E-02 -2.9234E-02
  2.8925E+02  2.3501E-02 -2.8835E-02
  2.8962E+02  2.3945E-02 -2.8425E-02
  2.8998E+02  2.4377E-02 -2.8005E-02
  2.9035E+02  2.4796E-02 -2.7575E-02
  2.9072E+02  2.5204E-02 -2.7135E-02
  2.9109E+02  2.5598E-02 -2.6686E-02
  2.9146E+02  2.5978E-02 -2.6230E-02
  2.9182E+02  2.6345E-02 -2.5765E-02
  2.9219E+02  2.6698E-02 -2.5292E-02
  2.9256E+02  2.7036E-02 -2.4813E-02
  2.9293E+02  2.7360E-02 -2.4327E-02
  2.9330E+02  2.7668E-02 -2.3836E-02
  2.9366E+02  2.7961E-02 -2.3339E-02
  2.9403E+02  2.8238E-02 -2.2837E-02
  2.9440E+02  2.8500E-02 -2.2332E-02
  2.9477E+02  2.8746E-02 -2.1822E-02
  2.9514E+02  2.8975E-02 -2.1310E-02
  2.9550E+02  2.9189E-02 -2.0796E-02
  2.9587E+02  2.9387E-02 -2.0279E-02
  2.9624E+02  2.9569E-02 -1.9762E-02
  2.9661E+02  2.9734E-02 -1.9243E-02
  2.9698E+02  2.9884E-02 -1.8724E-02
  2.9734E+02  3.0017E-02 -1.8206E-02
  2.9771E+02  3.0135E-02 -1.7689E-02
  2.9808E+02  3.0237E-02 -1.7172E-02
  2.9845E+02  3.0324E-02 -1.6658E-02
  2.9882E+02  3.0395E-02 -1.6146E-02
  2.9918E+02  3.0451E-02 -1.5637E-02
  2.9955E+02  3.0493E-02 -1.5130E-02
  2.9992E+02  3.0520E-02 -1.4628E-02
  3.0029E+02  3.0533E-02 -1.4129E-02
  3.0066E+02  3.0532E-02 -1.3635E-02
  3.0102E+02  3.0518E-02 -1.3145E-02
  3.0139E+02  3.0491E-02 -1.2660E-02
  3.0176E+02  3.0452E-02 -1.2181E-02
  3.0213E+02  3.0400E-02 -1.1706E-02
  3.0250E+02  3.0337E-02 -1.1238E-02
  3.0286E+02  3.0263E-02 -1.0775E-02
  3.0323E+02  3.0178E-02 -1.0318E-02
  3.0360E+02  3.0083E-02 -9.8677E-03
  3.0397E+02  2.9979E-02 -9.4233E-03
  3.0434E+02  2.9865E-02 -8.9852E-03
  3.0470E+02  2.9742E-02 -8.5535E-03
  3.0507E+02  2.9612E-02 -8.1281E-03
  3.0544E+02  2.9473E-02 -7.7092E-03
  3.0581E+02  2.9327E-02 -7.2966E-03
  3.0618E+02  2.9175E-02 -6.8904E-03
  3.0654E+02  2.9015E-02 -6.4905E-03
  3.0691E+02  2.8850E-02 -6.0968E-03
  3.0728E+02  2.8679E-02 -5.7092E-03
  3.0765E+02  2.8503E-02 -5.3277E-03
  3.0802E+02  2.8323E-02 -4.9521E-03
  3.0838E+02  2.8137E-02 -4.5822E-03
  3.0875E+02  2.7948E-02 -4.2179E-03
  3.0912E+02  2.7755E-02 -3.8591E-03
  3.0949E+02  2.7558E-02 -3.5056E-03
  3.0986E+02  2.7358E-02 -3.1573E-03
  3.1022E+02  2.7155E-02 -2.8139E-03
  3.1059E+02  2.6949E-02 -2.4753E-03
  3.1096E+02  2.6741E-02 -2.1413E-03
  3.1133E+02  2.6530E-02 -1.8117E-03
  3.1170E+02  2.6317E-02 -1.4864E-03
  3.1206E+02  2.6101E-02 -1.1652E-03
  3.1243E+02  2.5884E-02 -8.4800E-04
  3.1280E+02  2.5664E-02 -5.3457E-04
  3.1317E+02  2.5442E-02 -2.2482E-04
  3.1354E+02  2.5219E-02  8.1375E-05
  3.1390E+02  2.4993E-02  3.8412E-04
  3.1427E+02  2.4764E-02  6.8351E-04
  3.1464E+02  2.4533E-02  9.7960E-04
  3.1501E+02  2.4300E-02  1.2725E-03
  3.1538E+02  2.4065E-02  1.5621E-03
  3.1574E+02  2.3826E-02  1.8486E-03
  3.1611E+02  2.3585E-02  2.1319E-03
  3.1648E+02  2.3341E-02  2.4120E-03
  3.1685E+02  2.3093E-02  2.6889E-03
  3.1722E+02  2.2842E-02  2.9624E-03
  3.1758E+02  2.2588E-02  3.2326E-03
  3.1795E+02  2.2329E-02  3.4992E-03
  3.1832E+02  2.2067E-02  3.7622E-03
  3.1869E+02  2.1800E-02  4.0214E-03
  3.1906E+02  2.1530E-02  4.2767E-03
  3.1942E+02  2.1254E-02  4.5279E-03
  3.1979E+02  2.0974E-02  4.7748E-03
  3.2016E+02  2.0689E-02  5.0171E-03
  3.2053E+02  2.0399E-02  5.2546E-03
  3.2090E+02  2.0103E-02  5.4871E-03
  3.2126E+02  1.9802E-02  5.7143E-03
  3.2163E+02  1.9496E-02  5.9359E-03
  3.2200E+02  1.9184E-02  6.1516E-03
  3.2237E+02  1.8866E-02  6.3612E-03
  3.2274E+02  1.8542E-02  6.5643E-03
  3.2310E+02  1.8212E-02  6.7606E-03
  3.2347E+02  1.7877E-02  6.9498E-03
  3.2384E+02  1.7535E-02  7.1315E-03
  3.2421E+02  1.7188E-02  7.3055E-03
  3.2458E+02  1.6834E-02  7.4713E-03
  3.2494E+02  1.6475E-02  7.6288E-03
  3.2531E+02  1.6110E-02  7.7775E-03
  3.2568E+02  1.5739E-02  7.9171E-03
  3.2605E+02  1.5363E-02  8.0474E-03
  3.2642E+02  1.4981E-02  8.1681E-03
  3.2678E+02  1.4594E-02  8.2788E-03
  3.2715E+02  1.4203E-02  8.3792E-03
  3.2752E+02  1.3807E-02  8.4693E-03
  3.2789E+02  1.3406E-02  8.5486E-03
  3.2826E+02  1.3001E-02  8.6169E-03
  3.2862E+02  1.2593E-02  8.6742E-03
  3.2899E+02  1.2181E-02  8.7201E-03
  3.2936E+02  1.1766E-02  8.7545E-03
  3.2973E+02  1.1348E-02  8.7773E-03
  3.3010E+02  1.0928E-02  8.7884E-03
  3.3046E+02  1.0507E-02  8.7876E-03
  3.3083E+02  1.0084E-02  8.7749E-03
  3.3120E+02  9.6596E-03  8.7502E-03
  3.3157E+02  9.2352E-03  8.7136E-03
  3.3194E+02  8.8109E-03  8.6650E-03
  3.3230E+02  8.3870E-03  8.6044E-03
  3.3267E+02  7.9642E-03  8.5320E-03
  3.3304E+02  7.5429E-03  8.4478E-03
  3.3341E+02  7.1236E-03  8.3520E-03
  3.3378E+02  6.7069E-03  8.2446E-03
  3.3414E+02  6.2933E-03  8.1259E-03
  3.3451E+02  5.8833E-03  7.9959E-03
  3.3488E+02  5.4773E-03  7.8551E-03
  3.3525E+02  5.0760E-03  7.7035E-03
  3.3562E+02  4.6797E-03  7.5414E-03
  3.3598E+02  4.2891E-03  7.3692E-03
  3.3635E+02  3.9044E-03  7.1872E-03
  3.3672E+02  3.5263E-03  6.9956E-03
  3.3709E+02  3.1551E-03  6.7948E-03
  3.3746E+02  2.7914E-03  6.5852E-03
  3.3782E+02  2.4354E-03  6.3672E-03
  3.3819E+02  2.0876E-03  6.1411E-03
  3.3856E+02  1.7483E-03  5.9074E-03
  3.3893E+02  1.4179E-03  5.6664E-03
  3.3930E+02  1.0968E-03  5.4187E-03
  3.3966E+02  7.8520E-04  5.1646E-03
  3.4003E+02  4.8338E-04  4.9046E-03
  3.4040E+02  1.9161E-04  4.6392E-03
  3.4077E+02 -8.9901E-05  4.3687E-03
  3.4114E+02 -3.6095E-04  4.0937E-03
  3.4150E+02 -6.2139E-04  3.8147E-03
  3.4187E+02 -8.7107E-04  3.5320E-03
  3.4224E+02 -1.1099E-03  3.2461E-03
  3.4261E+02 -1.3378E-03  2.9575E-03
  3.4298E+02 -1.5546E-03  2.6666E-03
  3.4334E+02 -1.7605E-03  2.3738E-03
  3.4371E+02 -1.9554E-03  2.0797E-03
  3.4408E+02 -2.1393E-03  1.7845E-03
  3.4445E+02 -2.3122E-03  1.4887E-03
  3.4482E+02 -2.4744E-03  1.1926E-03
  3.4518E+02 -2.6258E-03  8.9674E-04
  3.4555E+02 -2.7666E-03  6.0136E-04
  3.4592E+02 -2.8970E-03  3.0685E-04
  3.4629E+02 -3.0172E-03  1.3507E-05
  3.4666E+02 -3.1273E-03 -2.7834E-04
  3.4702E+02 -3.2276E-03 -5.6842E-04
  3.4739E+02 -3.3182E-03 -8.5644E-04
  3.4776E+02 -3.3996E-03 -1.1422E-03
  3.4813E+02 -3.4718E-03 -1.4254E-03
  3.4850E+02 -3.5353E-03 -1.7058E-03
  3.4886E+02 -3.5903E-03 -1.9834E-03
  3.4923E+02 -3.6371E-03 -2.2578E-03
  3.4960E+02 -3.6760E-03 -2.5290E-03
  3.4997E+02 -3.7075E-03 -2.7969E-03
  3.5034E+02 -3.7317E-03 -3.0613E-03
  3.5070E+02 -3.7490E-03 -3.3221E-03
  3.5107E+02 -3.7598E-03 -3.5793E-03
  3.5144E+02 -3.7645E-03 -3.8329E-03
  3.5181E+02 -3.7633E-03 -4.0827E-03
  3.5218E+02 -3.7566E-03 -4.3289E-03
  3.5254E+02 -3.7447E-03 -4.5714E-03
  3.5291E+02 -3.7281E-03 -4.8103E-03
  3.5328E+02 -3.7069E-03 -5.0455E-03
  3.5365E+02 -3.6815E-03 -5.2772E-03
  3.5402E+02 -3.6522E-03 -5.5055E-03
  3.5438E+02 -3.6194E-03 -5.7303E-03
  3.5475E+02 -3.5832E-03 -5.9519E-03
  3.5512E+02 -3.5441E-03 -6.1702E-03
  3.5549E+02 -3.5022E-03 -6.3855E-03
  3.5586E+02 -3.4578E-03 -6.5979E-03
  3.5622E+02 -3.4112E-03 -6.8075E-03
  3.5659E+02 -3.3625E-03 -7.0144E-03
  3.5696E+02 -3.3119E-03 -7.2188E-03
  3.5733E+02 -3.2597E-03 -7.4209E-03
  3.5770E+02 -3.2060E-03 -7.6207E-03
  3.5806E+02 -3.1510E-03 -7.8185E-03
  3.5843E+02 -3.0947E-03 -8.0143E-03
  3.5880E+02 -3.0374E-03 -8.2084E-03
  3.5917E+02 -2.9790E-03 -8.4009E-03
  3.5954E+02 -2.9197E-03 -8.5919E-03
  3.5990E+02 -2.8595E-03 -8.7816E-03
  3.6027E+02 -2.7985E-03 -8.9701E-03
  3.6064E+02 -2.7367E-03 -9.1576E-03
  3.6101E+02 -2.6740E-03 -9.3440E-03
  3.6138E+02 -2.6105E-03 -9.5297E-03
  3.6174E+02 -2.5462E-03 -9.7145E-03
  3.6211E+02 -2.4809E-03 -9.8988E-03
  3.6248E+02 -2.4147E-03 -1.0082E-02
  3.6285E+02 -2.3475E-03 -1.0265E-02
  3.6322E+02 -2.2791E-03 -1.0448E-02
  3.6358E+02 -2.2096E-03 -1.0630E-02
  3.6395E+02 -2.1387E-03 -1.0812E-02
  3.6432E+02 -2.0664E-03 -1.0993E-02
  3.6469E+02 -1.9925E-03 -1.1174E-02
  3.6506E+02 -1.9170E-03 -1.1355E-02
  3.6542E+02 -1.8396E-03 -1.1535E-02
  3.6579E+02 -1.7602E-03 -1.1715E-02
  3.6616E+02 -1.6787E-03 -1.1894E-02
  3.6653E+02 -1.5950E-03 -1.2072E-02
  3.6690E+02 -1.5088E-03 -1.2250E-02
  3.6726E+02 -1.4200E-03 -1.2427E-02
  3.6763E+02 -1.3285E-03 -1.2603E-02
  3.6800E+02 -1.2341E-03 -1.2777E-02
  3.6837E+02 -1.1366E-03 -1.2951E-02
  3.6874E+02 -1.0360E-03 -1.3123E-02
  3.6910E+02 -9.3208E-04 -1.3294E-02
  3.6947E+02 -8.2469E-04 -1.3463E-02
  3.6984E+02 -7.1373E-04 -1.3630E-02
  3.7021E+02 -5.9909E-04 -1.3795E-02
  3.7058E+02 -4.8065E-04 -1.3958E-02
  3.7094E+02 -3.5833E-04 -1.4119E-02
  3.7131E+02 -2.3204E-04 -1.4276E-02
  3.7168E+02 -1.0172E-04 -1.4431E-02
  3.7205E+02  3.2692E-05 -1.4583E-02
  3.7242E+02  1.7124E-04 -1.4731E-02
  3.7278E+02  3.1396E-04 -1.4876E-02
  3.7315E+02  4.6086E-04 -1.5017E-02
  3.7352E+02  6.1194E-04 -1.5154E-02
  3.7389E+02  7.6719E-04 -1.5287E-02
  3.7426E+02  9.2659E-04 -1.5416E-02
  3.7462E+02  1.0901E-03 -1.5540E-02
  3.7499E+02  1.2576E-03 -1.5659E-02
  3.7536E+02  1.4291E-03 -1.5773E-02
  3.7573E+02  1.6045E-03 -1.5882E-02
  3.7610E+02  1.7837E-03 -1.5986E-02
  3.7646E+02  1.9665E-03 -1.6084E-02
  3.7683E+02  2.1528E-03 -1.6176E-02
  3.7720E+02  2.3425E-03 -1.6263E-02
  3.7757E+02  2.5355E-03 -1.6343E-02
  3.7794E+02  2.7315E-03 -1.6417E-02
  3.7830E+02  2.9303E-03 -1.6485E-02
  3.7867E+02  3.1318E-03 -1.6547E-02
  3.7904E+02  3.3357E-03 -1.6602E-02
  3.7941E+02  3.5419E-03 -1.6651E-02
  3.7978E+02  3.7501E-03 -1.6692E-02
  3.8014E+02  3.9600E-03 -1.6728E-02
  3.8051E+02  4.1714E-03 -1.6756E-02
  3.8088E+02  4.3841E-03 -1.6778E-02
  3.8125E+02  4.5978E-03 -1.6793E-02
  3.8162E+02  4.8123E-03 -1.6801E-02
  3.8198E+02  5.0272E-03 -1.6802E-02
  3.8235E+02  5.2423E-03 -1.6797E-02
  3.8272E+02  5.4574E-03 -1.6785E-02
  3.8309E+02  5.6721E-03 -1.6767E-02
  3.8346E+02  5.8862E-03 -1.6741E-02
  3.8382E+02  6.0994E-03 -1.6710E-02
  3.8419E+02  6.3116E-03 -1.6672E-02
  3.8456E+02  6.5223E-03 -1.6628E-02
  3.8493E+02  6.7313E-03 -1.6577E-02
  3.8530E+02  6.9385E-03 -1.6521E-02
  3.8566E+02  7.1435E-03 -1.6459E-02
  3.8603E+02  7.3461E-03 -1.6391E-02
  3.8640E+02  7.5461E-03 -1.6318E-02
  3.8677E+02  7.7432E-03 -1.6239E-02
  3.8714E+02  7.9373E-03 -1.6155E-02
  3.8750E+02  8.1281E-03 -1.6066E-02
  3.8787E+02  8.3155E-03 -1.5972E-02
  3.8824E+02  8.4992E-03 -1.5874E-02
  3.8861E+02  8.6791E-03 -1.5771E-02
  3.8898E+02  8.8551E-03 -1.5664E-02
  3.8934E+02  9.0269E-03 -1.5553E-02
  3.8971E+02  9.1945E-03 -1.5438E-02
  3.9008E+02  9.3577E-03 -1.5320E-02
  3.9045E+02  9.5165E-03 -1.5198E-02
  3.9082E+02  9.6706E-03 -1.5073E-02
  3.9118E+02  9.8202E-03 -1.4945E-02
  3.9155E+02  9.9650E-03 -1.4814E-02
  3.9192E+02  1.0105E-02 -1.4681E-02
  3.9229E+02  1.0240E-02 -1.4545E-02
  3.9266E+02  1.0370E-02 -1.4407E-02
  3.9302E+02  1.0496E-02 -1.4268E-02
  3.9339E+02  1.0616E-02 -1.4126E-02
  3.9376E+02  1.0732E-02 -1.3983E-02
  3.9413E+02  1.0843E-02 -1.3838E-02
  3.9450E+02  1.0949E-02 -1.3692E-02
  3.9486E+02  1.1050E-02 -1.3545E-02
  3.9523E+02  1.1146E-02 -1.3397E-02
  3.9560E+02  1.1237E-02 -1.3248E-02
  3.9597E+02  1.1324E-02 -1.3098E-02
  3.9634E+02  1.1406E-02 -1.2948E-02
  3.9670E+02  1.1484E-02 -1.2797E-02
  3.9707E+02  1.1557E-02 -1.2646E-02
  3.9744E+02  1.1625E-02 -1.2494E-02
  3.9781E+02  1.1689E-02 -1.2343E-02
  3.9818E+02  1.1749E-02 -1.2191E-02
  3.9854E+02  1.1805E-02 -1.2039E-02
  3.9891E+02  1.1857E-02 -1.1888E-02
  3.9928E+02  1.1905E-02 -1.1736E-02
  3.9965E+02  1.1949E-02 -1.1585E-02
  4.0002E+02  1.1989E-02 -1.1434E-02
  4.0038E+02  1.2025E-02 -1.1283E-02
  4.0075E+02  1.2058E-02 -1.1133E-02
  4.0112E+02  1.2087E-02 -1.0983E-02
  4.0149E+02  1.2113E-02 -1.0833E-02
  4.0186E+02  1.2135E-02 -1.0684E-02
  4.0222E+02  1.2154E-02 -1.0535E-02
  4.0259E+02  1.2170E-02 -1.0387E-02
  4.0296E+02  1.2182E-02 -1.0239E-02
  4.0333E+02  1.2192E-02 -1.0091E-02
  4.0370E+02  1.2198E-02 -9.9442E-03
  4.0406E+02  1.2202E-02 -9.7977E-03
  4.0443E+02  1.2203E-02 -9.6517E-03
  4.0480E+02  1.2201E-02 -9.5061E-03
  4.0517E+02  1.2196E-02 -9.3611E-03
  4.0554E+02  1.2188E-02 -9.2166E-03
  4.0590E+02  1.2178E-02 -9.0725E-03
  4.0627E+02  1.2164E-02 -8.9290E-03
  4.0664E+02  1.2149E-02 -8.7861E-03
  4.0701E+02  1.2130E-02 -8.6436E-03
  4.0738E+02  1.2109E-02 -8.5017E-03
  4.0774E+02  1.2086E-02 -8.3603E-03
  4.0811E+02  1.2059E-02 -8.2196E-03
  4.0848E+02  1.2030E-02 -8.0794E-03
  4.0885E+02  1.1999E-02 -7.9398E-03
  4.0922E+02  1.1965E-02 -7.8009E-03
  4.0958E+02  1.1929E-02 -7.6626E-03
  4.0995E+02  1.1890E-02 -7.5251E-03
  4.1032E+02  1.1848E-02 -7.3882E-03
  4.1069E+02  1.1804E-02 -7.2522E-03
  4.1106E+02  1.1757E-02 -7.1170E-03
  4.1142E+02  1.1708E-02 -6.9826E-03
  4.1179E+02  1.1656E-02 -6.8492E-03
  4.1216E+02  1.1601E-02 -6.7167E-03
  4.1253E+02  1.1544E-02 -6.5852E-03
  4.1290E+02  1.1485E-02 -6.4549E-03
  4.1326E+02  1.1423E-02 -6.3257E-03
  4.1363E+02  1.1358E-02 -6.1977E-03
  4.1400E+02  1.1291E-02 -6.0709E-03
  4.1437E+02  1.1221E-02 -5.9455E-03
  4.1474E+02  1.1149E-02 -5.8215E-03
  4.1510E+02  1.1074E-02 -5.6991E-03
  4.1547E+02  1.0997E-02 -5.5781E-03
  4.1584E+02  1.0917E-02 -5.4588E-03
  4.1621E+02  1.0835E-02 -5.3412E-03
  4.1658E+02  1.0751E-02 -5.2254E-03
  4.1694E+02  1.0664E-02 -5.1114E-03
  4.1731E+02  1.0575E-02 -4.9994E-03
  4.1768E+02  1.0483E-02 -4.8893E-03
  4.1805E+02  1.0390E-02 -4.7813E-03
  4.1842E+02  1.0294E-02 -4.6754E-03
  4.1878E+02  1.0196E-02 -4.5717E-03
  4.1915E+02  1.0097E-02 -4.4703E-03
  4.1952E+02  9.9947E-03 -4.3712E-03
  4.1989E+02  9.8911E-03 -4.2745E-03
  4.2026E+02  9.7856E-03 -4.1802E-03
  4.2062E+02  9.6784E-03 -4.0884E-03
  4.2099E+02  9.5694E-03 -3.9992E-03
  4.2136E+02  9.4590E-03 -3.9125E-03
  4.2173E+02  9.3470E-03 -3.8284E-03
  4.2210E+02  9.2335E-03 -3.7470E-03
  4.2246E+02  9.1188E-03 -3.6683E-03
  4.2283E+02  9.0028E-03 -3.5923E-03
  4.2320E+02  8.8856E-03 -3.5190E-03
  4.2357E+02  8.7673E-03 -3.4485E-03
  4.2394E+02  8.6481E-03 -3.3808E-03
  4.2430E+02  8.5279E-03 -3.3159E-03
  4.2467E+02  8.4070E-03 -3.2538E-03
  4.2504E+02  8.2853E-03 -3.1946E-03
  4.2541E+02  8.1630E-03 -3.1381E-03
  4.2578E+02  8.0402E-03 -3.0845E-03
  4.2614E+02  7.9169E-03 -3.0336E-03
  4.2651E+02  7.7931E-03 -2.9856E-03
  4.2688E+02  7.6691E-03 -2.9403E-03
  4.2725E+02  7.5449E-03 -2.8978E-03
  4.2762E+02  7.4205E-03 -2.8581E-03
  4.2798E+02  7.2960E-03 -2.8211E-03
  4.2835E+02  7.1715E-03 -2.7869E-03
  4.2872E+02  7.0471E-03 -2.7553E-03
  4.2909E+02  6.9228E-03 -2.7264E-03
  4.2946E+02  6.7986E-03 -2.7001E-03
  4.2982E+02  6.6747E-03 -2.6764E-03
  4.3019E+02  6.5510E-03 -2.6553E-03
  4.3056E+02  6.4277E-03 -2.6368E-03
  4.3093E+02  6.3048E-03 -2.6207E-03
  4.3130E+02  6.1823E-03 -2.6072E-03
  4.3166E+02  6.0603E-03 -2.5961E-03
  4.3203E+02  5.9388E-03 -2.5874E-03
  4.3240E+02  5.8178E-03 -2.5811E-03
  4.3277E+02  5.6974E-03 -2.5772E-03
  4.3314E+02  5.5776E-03 -2.5756E-03
  4.3350E+02  5.4585E-03 -2.5762E-03
  4.3387E+02  5.3400E-03 -2.5792E-03
  4.3424E+02  5.2221E-03 -2.5843E-03
  4.3461E+02  5.1050E-03 -2.5917E-03
  4.3498E+02  4.9886E-03 -2.6012E-03
  4.3534E+02  4.8730E-03 -2.6129E-03
  4.3571E+02  4.7581E-03 -2.6266E-03
  4.3608E+02  4.6440E-03 -2.6425E-03
  4.3645E+02  4.5307E-03 -2.6604E-03
  4.3682E+02  4.4182E-03 -2.6804E-03
  4.3718E+02  4.3066E-03 -2.7024E-03
  4.3755E+02  4.1958E-03 -2.7263E-03
  4.3792E+02  4.0859E-03 -2.7522E-03
  4.3829E+02  3.9769E-03 -2.7801E-03
  4.3866E+02  3.8688E-03 -2.8099E-03
  4.3902E+02  3.7616E-03 -2.8416E-03
  4.3939E+02  3.6554E-03 -2.8752E-03
  4.3976E+02  3.5501E-03 -2.9106E-03
  4.4013E+02  3.4458E-03 -2.9479E-03
  4.4050E+02  3.3426E-03 -2.9870E-03
  4.4086E+02  3.2404E-03 -3.0280E-03
  4.4123E+02  3.1393E-03 -3.0706E-03
  4.4160E+02  3.0393E-03 -3.1151E-03
  4.4197E+02  2.9404E-03 -3.1613E-03
  4.4234E+02  2.8427E-03 -3.2092E-03
  4.4270E+02  2.7462E-03 -3.2588E-03
  4.4307E+02  2.6510E-03 -3.3100E-03
  4.4344E+02  2.5570E-03 -3.3630E-03
  4.4381E+02  2.4644E-03 -3.4175E-03
  4.4418E+02  2.3731E-03 -3.4736E-03
  4.4454E+02  2.2831E-03 -3.5313E-03
  4.4491E+02  2.1947E-03 -3.5905E-03
  4.4528E+02  2.1077E-03 -3.6512E-03
  4.4565E+02  2.0222E-03 -3.7133E-03
  4.4602E+02  1.9383E-03 -3.7769E-03
  4.4638E+02  1.8560E-03 -3.8419E-03
  4.4675E+02  1.7754E-03 -3.9082E-03
  4.4712E+02  1.6964E-03 -3.9758E-03
  4.4749E+02  1.6192E-03 -4.0447E-03
  4.4786E+02  1.5438E-03 -4.1148E-03
  4.4822E+02  1.4701E-03 -4.1861E-03
  4.4859E+02  1.3983E-03 -4.2585E-03
  4.4896E+02  1.3285E-03 -4.3320E-03
  4.4933E+02  1.2605E-03 -4.4066E-03
  4.4970E+02  1.1945E-03 -4.4821E-03
  4.5006E+02  1.1305E-03 -4.5585E-03
  4.5043E+02  1.0685E-03 -4.6358E-03
  4.5080E+02  1.0086E-03 -4.7139E-03
  4.5117E+02  9.5073E-04 -4.7928E-03
  4.5154E+02  8.9499E-04 -4.8723E-03
  4.5190E+02  8.4137E-04 -4.9525E-03
  4.5227E+02  7.8989E-04 -5.0333E-03
  4.5264E+02  7.4057E-04 -5.1146E-03
  4.5301E+02  6.9342E-04 -5.1964E-03
  4.5338E+02  6.4846E-04 -5.2786E-03
  4.5374E+02  6.0568E-04 -5.3611E-03
  4.5411E+02  5.6510E-04 -5.4439E-03
  4.5448E+02  5.2671E-04 -5.5270E-03
  4.5485E+02  4.9051E-04 -5.6102E-03
  4.5522E+02  4.5650E-04 -5.6936E-03
  4.5558E+02  4.2468E-04 -5.7770E-03
  4.5595E+02  3.9503E-04 -5.8604E-03
  4.5632E+02  3.6754E-04 -5.9437E-03
  4.5669E+02  3.4220E-04 -6.0270E-03
  4.5706E+02  3.1898E-04 -6.1101E-03
  4.5742E+02  2.9787E-04 -6.1930E-03
  4.5779E+02  2.7885E-04 -6.2756E-03
  4.5816E+02  2.6190E-04 -6.3580E-03
  4.5853E+02  2.4698E-04 -6.4400E-03
  4.5890E+02  2.3407E-04 -6.5216E-03
  4.5926E+02  2.2315E-04 -6.6028E-03
  4.5963E+02  2.1417E-04 -6.6835E-03
  4.6000E+02  2.0711E-04 -6.7637E-03
  4.6037E+02  2.0194E-04 -6.8434E-03
  4.6074E+02  1.9863E-04 -6.9225E-03
  4.6110E+02  1.9713E-04 -7.0010E-03
  4.6147E+02  1.9741E-04 -7.0788E-03
  4.6184E+02  1.9945E-04 -7.1560E-03
  4.6221E+02  2.0319E-04 -7.2324E-03
  4.6258E+02  2.0862E-04 -7.3081E-03
  4.6294E+02  2.1569E-04 -7.3831E-03
  4.6331E+02  2.2437E-04 -7.4573E-03
  4.6368E+02  2.3463E-04 -7.5307E-03
  4.6405E+02  2.4642E-04 -7.6032E-03
  4.6442E+02  2.5973E-04 -7.6749E-03
  4.6478E+02  2.7451E-04 -7.7457E-03
  4.6515E+02  2.9073E-04 -7.8156E-03
  4.6552E+02  3.0838E-04 -7.8846E-03
  4.6589E+02  3.2741E-04 -7.9527E-03
  4.6626E+02  3.4779E-04 -8.0198E-03
  4.6662E+02  3.6951E-04 -8.0859E-03
  4.6699E+02  3.9254E-04 -8.1510E-03
  4.6736E+02  4.1684E-04 -8.2151E-03
  4.6773E+02  4.4240E-04 -8.2781E-03
  4.6810E+02  4.6920E-04 -8.3401E-03
  4.6846E+02  4.9721E-04 -8.4010E-03
  4.6883E+02  5.2641E-04 -8.4608E-03
  4.6920E+02  5.5678E-04 -8.5195E-03
  4.6957E+02  5.8830E-04 -8.5771E-03
  4.6994E+02  6.2096E-04 -8.6335E-03
  4.7030E+02  6.5473E-04 -8.6887E-03
  4.7067E+02  6.8960E-04 -8.7427E-03
  4.7104E+02  7.2554E-04 -8.7955E-03
  4.7141E+02  7.6254E-04 -8.8470E-03
  4.7178E+02  8.0059E-04 -8.8972E-03
  4.7214E+02  8.3965E-04 -8.9462E-03
  4.7251E+02  8.7972E-04 -8.9938E-03
  4.7288E+02  9.2076E-04 -9.0401E-03
  4.7325E+02  9.6277E-04 -9.0850E-03
  4.7362E+02  1.0057E-03 -9.1286E-03
  4.7398E+02  1.0496E-03 -9.1707E-03
  4.7435E+02  1.0943E-03 -9.2114E-03
  4.7472E+02  1.1399E-03 -9.2506E-03
  4.7509E+02  1.1864E-03 -9.2884E-03
  4.7546E+02  1.2336E-03 -9.3246E-03
  4.7582E+02  1.2816E-03 -9.3593E-03
  4.7619E+02  1.3304E-03 -9.3925E-03
  4.7656E+02  1.3799E-03 -9.4242E-03
  4.7693E+02  1.4300E-03 -9.4542E-03
  4.7730E+02  1.4808E-03 -9.4827E-03
  4.7766E+02  1.5322E-03 -9.5095E-03
  4.7803E+02  1.5841E-03 -9.5348E-03
  4.7840E+02  1.6366E-03 -9.5584E-03
  4.7877E+02  1.6895E-03 -9.5803E-03
  4.7914E+02  1.7428E-03 -9.6006E-03
  4.7950E+02  1.7965E-03 -9.6192E-03
  4.7987E+02  1.8506E-03 -9.6362E-03
  4.8024E+02  1.9049E-03 -9.6515E-03
  4.8061E+02  1.9594E-03 -9.6651E-03
  4.8098E+02  2.0141E-03 -9.6771E-03
  4.8134E+02  2.0689E-03 -9.6874E-03
  4.8171E+02  2.1238E-03 -9.6960E-03
  4.8208E+02  2.1786E-03 -9.7030E-03
  4.8245E+02  2.2335E-03 -9.7083E-03
  4.8282E+02  2.2882E-03 -9.7120E-03
  4.8318E+02  2.3428E-03 -9.7141E-03
  4.8355E+02  2.3972E-03 -9.7146E-03
  4.8392E+02  2.4513E-03 -9.7136E-03
  4.8429E+02  2.5052E-03 -9.7109E-03
  4.8466E+02  2.5586E-03 -9.7068E-03
  4.8502E+02  2.6117E-03 -9.7011E-03
  4.8539E+02  2.6643E-03 -9.6940E-03
  4.8576E+02  2.7164E-03 -9.6854E-03
  4.8613E+02  2.7679E-03 -9.6754E-03
  4.8650E+02  2.8189E-03 -9.6640E-03
  4.8686E+02  2.8692E-03 -9.6513E-03
  4.8723E+02  2.9188E-03 -9.6372E-03
  4.8760E+02  2.9678E-03 -9.6219E-03
  4.8797E+02  3.0160E-03 -9.6053E-03
  4.8834E+02  3.0634E-03 -9.5875E-03
  4.8870E+02  3.1100E-03 -9.5685E-03
  4.8907E+02  3.1558E-03 -9.5484E-03
  4.8944E+02  3.2008E-03 -9.5272E-03
  4.8981E+02  3.2448E-03 -9.5049E-03
  4.9018E+02  3.2880E-03 -9.4816E-03
  4.9054E+02  3.3303E-03 -9.4573E-03
  4.9091E+02  3.3717E-03 -9.4321E-03
  4.9128E+02  3.4121E-03 -9.4059E-03
  4.9165E+02  3.4516E-03 -9.3789E-03
  4.9202E+02  3.4902E-03 -9.3509E-03
  4.9238E+02  3.5278E-03 -9.3222E-03
  4.9275E+02  3.5645E-03 -9.2927E-03
  4.9312E+02  3.6003E-03 -9.2624E-03
  4.9349E+02  3.6351E-03 -9.2313E-03
  4.9386E+02  3.6691E-03 -9.1996E-03
  4.9422E+02  3.7021E-03 -9.1671E-03
  4.9459E+02  3.7342E-03 -9.1340E-03
  4.9496E+02  3.7654E-03 -9.1002E-03
  4.9533E+02  3.7957E-03 -9.0658E-03
  4.9570E+02  3.8252E-03 -9.0308E-03
  4.9606E+02  3.8538E-03 -8.9952E-03
  4.9643E+02  3.8816E-03 -8.9590E-03
  4.9680E+02  3.9086E-03 -8.9222E-03
  4.9717E+02  3.9347E-03 -8.8848E-03
  4.9754E+02  3.9601E-03 -8.8469E-03
  4.9790E+02  3.9847E-03 -8.8084E-03
  4.9827E+02  4.0085E-03 -8.7694E-03
  4.9864E+02  4.0316E-03 -8.7298E-03
