# CREATED BY GENE DIAGNOSTICS TOOL on Fri May 25 13:45:33 2018
# diag: GAMDIAG, run(s): 0012, time window: 0-499(1356 steps), species: ions
# normalization: L_ref=5.4832m
#
# xind= 0, x/a= -NaN, q= 1.0869963
# Fit:    -NaN,Infinity,Infinity
# Analytic: -NaN,Infinity,Infinity
#  t          Re[phi]     Im[phi]   
  0.0000E+00  9.9991E-01  0.0000E+00
  3.6800E-01  9.9737E-01  1.2049E-02
  7.3600E-01  9.9026E-01  2.4006E-02
  1.1040E+00  9.7931E-01  3.5758E-02
  1.4720E+00  9.6527E-01  4.7213E-02
  1.8400E+00  9.4894E-01  5.8311E-02
  2.2080E+00  9.3111E-01  6.9011E-02
  2.5760E+00  9.1251E-01  7.9287E-02
  2.9440E+00  8.9378E-01  8.9132E-02
  3.3120E+00  8.7545E-01  9.8552E-02
  3.6800E+00  8.5788E-01  1.0756E-01
  4.0480E+00  8.4132E-01  1.1620E-01
  4.4160E+00  8.2585E-01  1.2448E-01
  4.7840E+00  8.1144E-01  1.3244E-01
  5.1520E+00  7.9797E-01  1.4011E-01
  5.5200E+00  7.8526E-01  1.4752E-01
  5.8880E+00  7.7309E-01  1.5468E-01
  6.2560E+00  7.6124E-01  1.6160E-01
  6.6240E+00  7.4953E-01  1.6831E-01
  6.9920E+00  7.3778E-01  1.7480E-01
  7.3600E+00  7.2587E-01  1.8106E-01
  7.7280E+00  7.1372E-01  1.8710E-01
  8.0960E+00  7.0129E-01  1.9291E-01
  8.4640E+00  6.8861E-01  1.9849E-01
  8.8320E+00  6.7571E-01  2.0383E-01
  9.2000E+00  6.6267E-01  2.0892E-01
  9.5680E+00  6.4958E-01  2.1377E-01
  9.9360E+00  6.3654E-01  2.1838E-01
  1.0304E+01  6.2366E-01  2.2275E-01
  1.0672E+01  6.1102E-01  2.2689E-01
  1.1040E+01  5.9873E-01  2.3081E-01
  1.1408E+01  5.8685E-01  2.3451E-01
  1.1776E+01  5.7546E-01  2.3802E-01
  1.2144E+01  5.6460E-01  2.4135E-01
  1.2512E+01  5.5430E-01  2.4451E-01
  1.2880E+01  5.4459E-01  2.4751E-01
  1.3248E+01  5.3548E-01  2.5037E-01
  1.3616E+01  5.2697E-01  2.5312E-01
  1.3984E+01  5.1905E-01  2.5576E-01
  1.4352E+01  5.1170E-01  2.5830E-01
  1.4720E+01  5.0491E-01  2.6077E-01
  1.5088E+01  4.9867E-01  2.6317E-01
  1.5456E+01  4.9293E-01  2.6551E-01
  1.5824E+01  4.8769E-01  2.6782E-01
  1.6192E+01  4.8291E-01  2.7009E-01
  1.6560E+01  4.7858E-01  2.7234E-01
  1.6928E+01  4.7469E-01  2.7458E-01
  1.7296E+01  4.7120E-01  2.7682E-01
  1.7664E+01  4.6810E-01  2.7906E-01
  1.8032E+01  4.6536E-01  2.8132E-01
  1.8400E+01  4.6297E-01  2.8360E-01
  1.8768E+01  4.6089E-01  2.8590E-01
  1.9136E+01  4.5913E-01  2.8824E-01
  1.9504E+01  4.5767E-01  2.9061E-01
  1.9872E+01  4.5648E-01  2.9303E-01
  2.0240E+01  4.5555E-01  2.9550E-01
  2.0608E+01  4.5483E-01  2.9802E-01
  2.0976E+01  4.5432E-01  3.0060E-01
  2.1344E+01  4.5397E-01  3.0323E-01
  2.1712E+01  4.5377E-01  3.0592E-01
  2.2080E+01  4.5370E-01  3.0868E-01
  2.2448E+01  4.5374E-01  3.1149E-01
  2.2816E+01  4.5384E-01  3.1436E-01
  2.3184E+01  4.5398E-01  3.1730E-01
  2.3552E+01  4.5412E-01  3.2029E-01
  2.3920E+01  4.5423E-01  3.2334E-01
  2.4288E+01  4.5431E-01  3.2645E-01
  2.4656E+01  4.5433E-01  3.2960E-01
  2.5024E+01  4.5429E-01  3.3280E-01
  2.5392E+01  4.5417E-01  3.3605E-01
  2.5760E+01  4.5394E-01  3.3933E-01
  2.6128E+01  4.5358E-01  3.4265E-01
  2.6496E+01  4.5306E-01  3.4600E-01
  2.6864E+01  4.5236E-01  3.4938E-01
  2.7232E+01  4.5148E-01  3.5277E-01
  2.7600E+01  4.5039E-01  3.5617E-01
  2.7968E+01  4.4910E-01  3.5959E-01
  2.8336E+01  4.4760E-01  3.6300E-01
  2.8704E+01  4.4586E-01  3.6641E-01
  2.9072E+01  4.4387E-01  3.6981E-01
  2.9440E+01  4.4164E-01  3.7319E-01
  2.9808E+01  4.3914E-01  3.7655E-01
  3.0176E+01  4.3639E-01  3.7987E-01
  3.0544E+01  4.3341E-01  3.8316E-01
  3.0912E+01  4.3020E-01  3.8641E-01
  3.1280E+01  4.2679E-01  3.8961E-01
  3.1648E+01  4.2316E-01  3.9276E-01
  3.2016E+01  4.1931E-01  3.9586E-01
  3.2384E+01  4.1525E-01  3.9889E-01
  3.2752E+01  4.1095E-01  4.0186E-01
  3.3120E+01  4.0642E-01  4.0476E-01
  3.3488E+01  4.0163E-01  4.0759E-01
  3.3856E+01  3.9660E-01  4.1033E-01
  3.4224E+01  3.9134E-01  4.1299E-01
  3.4592E+01  3.8590E-01  4.1556E-01
  3.4960E+01  3.8032E-01  4.1805E-01
  3.5328E+01  3.7462E-01  4.2044E-01
  3.5696E+01  3.6882E-01  4.2274E-01
  3.6064E+01  3.6293E-01  4.2495E-01
  3.6432E+01  3.5696E-01  4.2706E-01
  3.6800E+01  3.5091E-01  4.2908E-01
  3.7168E+01  3.4478E-01  4.3101E-01
  3.7536E+01  3.3858E-01  4.3284E-01
  3.7904E+01  3.3228E-01  4.3457E-01
  3.8272E+01  3.2591E-01  4.3621E-01
  3.8640E+01  3.1945E-01  4.3776E-01
  3.9008E+01  3.1291E-01  4.3921E-01
  3.9376E+01  3.0633E-01  4.4057E-01
  3.9744E+01  2.9972E-01  4.4183E-01
  4.0112E+01  2.9310E-01  4.4300E-01
  4.0480E+01  2.8649E-01  4.4408E-01
  4.0848E+01  2.7992E-01  4.4507E-01
  4.1216E+01  2.7339E-01  4.4597E-01
  4.1584E+01  2.6691E-01  4.4679E-01
  4.1952E+01  2.6051E-01  4.4753E-01
  4.2320E+01  2.5420E-01  4.4819E-01
  4.2688E+01  2.4799E-01  4.4878E-01
  4.3056E+01  2.4191E-01  4.4930E-01
  4.3424E+01  2.3595E-01  4.4976E-01
  4.3792E+01  2.3012E-01  4.5015E-01
  4.4160E+01  2.2441E-01  4.5049E-01
  4.4528E+01  2.1881E-01  4.5078E-01
  4.4896E+01  2.1328E-01  4.5101E-01
  4.5264E+01  2.0780E-01  4.5119E-01
  4.5632E+01  2.0234E-01  4.5132E-01
  4.6000E+01  1.9688E-01  4.5141E-01
  4.6368E+01  1.9141E-01  4.5144E-01
  4.6736E+01  1.8591E-01  4.5143E-01
  4.7104E+01  1.8041E-01  4.5137E-01
  4.7472E+01  1.7491E-01  4.5126E-01
  4.7840E+01  1.6947E-01  4.5111E-01
  4.8208E+01  1.6412E-01  4.5091E-01
  4.8576E+01  1.5889E-01  4.5067E-01
  4.8944E+01  1.5382E-01  4.5040E-01
  4.9312E+01  1.4892E-01  4.5009E-01
  4.9680E+01  1.4419E-01  4.4975E-01
  5.0048E+01  1.3962E-01  4.4939E-01
  5.0416E+01  1.3521E-01  4.4900E-01
  5.0784E+01  1.3093E-01  4.4859E-01
  5.1152E+01  1.2675E-01  4.4817E-01
  5.1520E+01  1.2264E-01  4.4772E-01
  5.1888E+01  1.1859E-01  4.4725E-01
  5.2256E+01  1.1456E-01  4.4677E-01
  5.2624E+01  1.1054E-01  4.4627E-01
  5.2992E+01  1.0654E-01  4.4575E-01
  5.3360E+01  1.0256E-01  4.4520E-01
  5.3728E+01  9.8624E-02  4.4464E-01
  5.4096E+01  9.4733E-02  4.4406E-01
  5.4464E+01  9.0906E-02  4.4346E-01
  5.4832E+01  8.7150E-02  4.4285E-01
  5.5200E+01  8.3468E-02  4.4222E-01
  5.5568E+01  7.9847E-02  4.4158E-01
  5.5936E+01  7.6266E-02  4.4092E-01
  5.6304E+01  7.2691E-02  4.4025E-01
  5.6672E+01  6.9081E-02  4.3956E-01
  5.7040E+01  6.5397E-02  4.3885E-01
  5.7408E+01  6.1601E-02  4.3811E-01
  5.7776E+01  5.7659E-02  4.3735E-01
  5.8144E+01  5.3550E-02  4.3655E-01
  5.8512E+01  4.9260E-02  4.3572E-01
  5.8880E+01  4.4795E-02  4.3484E-01
  5.9248E+01  4.0172E-02  4.3391E-01
  5.9616E+01  3.5429E-02  4.3292E-01
  5.9984E+01  3.0610E-02  4.3189E-01
  6.0352E+01  2.5769E-02  4.3079E-01
  6.0720E+01  2.0956E-02  4.2964E-01
  6.1088E+01  1.6218E-02  4.2843E-01
  6.1456E+01  1.1594E-02  4.2717E-01
  6.1824E+01  7.1113E-03  4.2587E-01
  6.2192E+01  2.7893E-03  4.2451E-01
  6.2560E+01 -1.3667E-03  4.2312E-01
  6.2928E+01 -5.3636E-03  4.2169E-01
  6.3296E+01 -9.2194E-03  4.2023E-01
  6.3664E+01 -1.2960E-02  4.1873E-01
  6.4032E+01 -1.6616E-02  4.1721E-01
  6.4400E+01 -2.0225E-02  4.1566E-01
  6.4768E+01 -2.3823E-02  4.1408E-01
  6.5136E+01 -2.7448E-02  4.1247E-01
  6.5504E+01 -3.1132E-02  4.1083E-01
  6.5872E+01 -3.4904E-02  4.0915E-01
  6.6240E+01 -3.8783E-02  4.0744E-01
  6.6608E+01 -4.2784E-02  4.0569E-01
  6.6976E+01 -4.6910E-02  4.0389E-01
  6.7344E+01 -5.1154E-02  4.0205E-01
  6.7712E+01 -5.5498E-02  4.0016E-01
  6.8080E+01 -5.9918E-02  3.9822E-01
  6.8448E+01 -6.4384E-02  3.9623E-01
  6.8816E+01 -6.8867E-02  3.9418E-01
  6.9184E+01 -7.3344E-02  3.9209E-01
  6.9552E+01 -7.7796E-02  3.8994E-01
  6.9920E+01 -8.2209E-02  3.8774E-01
  7.0288E+01 -8.6572E-02  3.8549E-01
  7.0656E+01 -9.0874E-02  3.8320E-01
  7.1024E+01 -9.5110E-02  3.8086E-01
  7.1392E+01 -9.9275E-02  3.7848E-01
  7.1760E+01 -1.0337E-01  3.7606E-01
  7.2128E+01 -1.0740E-01  3.7360E-01
  7.2496E+01 -1.1136E-01  3.7110E-01
  7.2864E+01 -1.1527E-01  3.6857E-01
  7.3232E+01 -1.1913E-01  3.6600E-01
  7.3600E+01 -1.2295E-01  3.6340E-01
  7.3968E+01 -1.2673E-01  3.6076E-01
  7.4336E+01 -1.3048E-01  3.5809E-01
  7.4704E+01 -1.3419E-01  3.5539E-01
  7.5072E+01 -1.3789E-01  3.5266E-01
  7.5440E+01 -1.4155E-01  3.4989E-01
  7.5808E+01 -1.4520E-01  3.4710E-01
  7.6176E+01 -1.4884E-01  3.4427E-01
  7.6544E+01 -1.5245E-01  3.4142E-01
  7.6912E+01 -1.5605E-01  3.3853E-01
  7.7280E+01 -1.5964E-01  3.3561E-01
  7.7648E+01 -1.6321E-01  3.3266E-01
  7.8016E+01 -1.6675E-01  3.2968E-01
  7.8384E+01 -1.7025E-01  3.2667E-01
  7.8752E+01 -1.7372E-01  3.2364E-01
  7.9120E+01 -1.7714E-01  3.2057E-01
  7.9488E+01 -1.8051E-01  3.1748E-01
  7.9856E+01 -1.8382E-01  3.1436E-01
  8.0224E+01 -1.8707E-01  3.1122E-01
  8.0592E+01 -1.9027E-01  3.0805E-01
  8.0960E+01 -1.9340E-01  3.0487E-01
  8.1328E+01 -1.9647E-01  3.0166E-01
  8.1696E+01 -1.9948E-01  2.9843E-01
  8.2064E+01 -2.0244E-01  2.9517E-01
  8.2432E+01 -2.0535E-01  2.9190E-01
  8.2800E+01 -2.0821E-01  2.8861E-01
  8.3168E+01 -2.1103E-01  2.8531E-01
  8.3536E+01 -2.1381E-01  2.8198E-01
  8.3904E+01 -2.1654E-01  2.7864E-01
  8.4272E+01 -2.1923E-01  2.7528E-01
  8.4640E+01 -2.2188E-01  2.7190E-01
  8.5008E+01 -2.2448E-01  2.6851E-01
  8.5376E+01 -2.2703E-01  2.6511E-01
  8.5744E+01 -2.2954E-01  2.6168E-01
  8.6112E+01 -2.3200E-01  2.5825E-01
  8.6480E+01 -2.3443E-01  2.5479E-01
  8.6848E+01 -2.3681E-01  2.5133E-01
  8.7216E+01 -2.3916E-01  2.4785E-01
  8.7584E+01 -2.4149E-01  2.4436E-01
  8.7952E+01 -2.4379E-01  2.4085E-01
  8.8320E+01 -2.4606E-01  2.3732E-01
  8.8688E+01 -2.4832E-01  2.3379E-01
  8.9056E+01 -2.5055E-01  2.3024E-01
  8.9424E+01 -2.5275E-01  2.2667E-01
  8.9792E+01 -2.5492E-01  2.2309E-01
  9.0160E+01 -2.5705E-01  2.1949E-01
  9.0528E+01 -2.5915E-01  2.1589E-01
  9.0896E+01 -2.6122E-01  2.1226E-01
  9.1264E+01 -2.6325E-01  2.0863E-01
  9.1632E+01 -2.6526E-01  2.0498E-01
  9.2000E+01 -2.6723E-01  2.0131E-01
  9.2368E+01 -2.6919E-01  1.9764E-01
  9.2736E+01 -2.7113E-01  1.9394E-01
  9.3104E+01 -2.7305E-01  1.9024E-01
  9.3472E+01 -2.7496E-01  1.8652E-01
  9.3840E+01 -2.7685E-01  1.8278E-01
  9.4208E+01 -2.7872E-01  1.7903E-01
  9.4576E+01 -2.8056E-01  1.7526E-01
  9.4944E+01 -2.8237E-01  1.7149E-01
  9.5312E+01 -2.8413E-01  1.6769E-01
  9.5680E+01 -2.8586E-01  1.6389E-01
  9.6048E+01 -2.8754E-01  1.6007E-01
  9.6416E+01 -2.8917E-01  1.5624E-01
  9.6784E+01 -2.9075E-01  1.5239E-01
  9.7152E+01 -2.9228E-01  1.4854E-01
  9.7520E+01 -2.9377E-01  1.4468E-01
  9.7888E+01 -2.9522E-01  1.4080E-01
  9.8256E+01 -2.9663E-01  1.3692E-01
  9.8624E+01 -2.9801E-01  1.3302E-01
  9.8992E+01 -2.9937E-01  1.2912E-01
  9.9360E+01 -3.0071E-01  1.2521E-01
  9.9728E+01 -3.0203E-01  1.2129E-01
  1.0010E+02 -3.0333E-01  1.1736E-01
  1.0046E+02 -3.0462E-01  1.1342E-01
  1.0083E+02 -3.0589E-01  1.0947E-01
  1.0120E+02 -3.0713E-01  1.0551E-01
  1.0157E+02 -3.0834E-01  1.0154E-01
  1.0194E+02 -3.0950E-01  9.7569E-02
  1.0230E+02 -3.1063E-01  9.3587E-02
  1.0267E+02 -3.1170E-01  8.9597E-02
  1.0304E+02 -3.1273E-01  8.5602E-02
  1.0341E+02 -3.1370E-01  8.1601E-02
  1.0378E+02 -3.1463E-01  7.7595E-02
  1.0414E+02 -3.1552E-01  7.3585E-02
  1.0451E+02 -3.1635E-01  6.9571E-02
  1.0488E+02 -3.1715E-01  6.5554E-02
  1.0525E+02 -3.1789E-01  6.1536E-02
  1.0562E+02 -3.1860E-01  5.7515E-02
  1.0598E+02 -3.1925E-01  5.3494E-02
  1.0635E+02 -3.1986E-01  4.9472E-02
  1.0672E+02 -3.2043E-01  4.5451E-02
  1.0709E+02 -3.2095E-01  4.1431E-02
  1.0746E+02 -3.2142E-01  3.7413E-02
  1.0782E+02 -3.2185E-01  3.3397E-02
  1.0819E+02 -3.2224E-01  2.9384E-02
  1.0856E+02 -3.2259E-01  2.5374E-02
  1.0893E+02 -3.2290E-01  2.1368E-02
  1.0930E+02 -3.2318E-01  1.7365E-02
  1.0966E+02 -3.2342E-01  1.3367E-02
  1.1003E+02 -3.2363E-01  9.3731E-03
  1.1040E+02 -3.2380E-01  5.3838E-03
  1.1077E+02 -3.2394E-01  1.3995E-03
  1.1114E+02 -3.2404E-01 -2.5794E-03
  1.1150E+02 -3.2409E-01 -6.5524E-03
  1.1187E+02 -3.2410E-01 -1.0519E-02
  1.1224E+02 -3.2405E-01 -1.4478E-02
  1.1261E+02 -3.2396E-01 -1.8429E-02
  1.1298E+02 -3.2381E-01 -2.2372E-02
  1.1334E+02 -3.2361E-01 -2.6305E-02
  1.1371E+02 -3.2337E-01 -3.0228E-02
  1.1408E+02 -3.2308E-01 -3.4141E-02
  1.1445E+02 -3.2274E-01 -3.8042E-02
  1.1482E+02 -3.2237E-01 -4.1932E-02
  1.1518E+02 -3.2197E-01 -4.5811E-02
  1.1555E+02 -3.2154E-01 -4.9678E-02
  1.1592E+02 -3.2109E-01 -5.3534E-02
  1.1629E+02 -3.2062E-01 -5.7379E-02
  1.1666E+02 -3.2012E-01 -6.1213E-02
  1.1702E+02 -3.1961E-01 -6.5036E-02
  1.1739E+02 -3.1907E-01 -6.8848E-02
  1.1776E+02 -3.1851E-01 -7.2650E-02
  1.1813E+02 -3.1791E-01 -7.6440E-02
  1.1850E+02 -3.1728E-01 -8.0219E-02
  1.1886E+02 -3.1660E-01 -8.3985E-02
  1.1923E+02 -3.1587E-01 -8.7739E-02
  1.1960E+02 -3.1508E-01 -9.1478E-02
  1.1997E+02 -3.1424E-01 -9.5203E-02
  1.2034E+02 -3.1335E-01 -9.8913E-02
  1.2070E+02 -3.1240E-01 -1.0261E-01
  1.2107E+02 -3.1140E-01 -1.0628E-01
  1.2144E+02 -3.1035E-01 -1.0994E-01
  1.2181E+02 -3.0925E-01 -1.1358E-01
  1.2218E+02 -3.0812E-01 -1.1721E-01
  1.2254E+02 -3.0695E-01 -1.2081E-01
  1.2291E+02 -3.0576E-01 -1.2439E-01
  1.2328E+02 -3.0455E-01 -1.2796E-01
  1.2365E+02 -3.0332E-01 -1.3151E-01
  1.2402E+02 -3.0207E-01 -1.3504E-01
  1.2438E+02 -3.0081E-01 -1.3855E-01
  1.2475E+02 -2.9954E-01 -1.4205E-01
  1.2512E+02 -2.9826E-01 -1.4553E-01
  1.2549E+02 -2.9696E-01 -1.4899E-01
  1.2586E+02 -2.9565E-01 -1.5243E-01
  1.2622E+02 -2.9432E-01 -1.5586E-01
  1.2659E+02 -2.9296E-01 -1.5927E-01
  1.2696E+02 -2.9157E-01 -1.6266E-01
  1.2733E+02 -2.9014E-01 -1.6604E-01
  1.2770E+02 -2.8868E-01 -1.6939E-01
  1.2806E+02 -2.8718E-01 -1.7273E-01
  1.2843E+02 -2.8564E-01 -1.7605E-01
  1.2880E+02 -2.8405E-01 -1.7934E-01
  1.2917E+02 -2.8242E-01 -1.8262E-01
  1.2954E+02 -2.8075E-01 -1.8587E-01
  1.2990E+02 -2.7903E-01 -1.8910E-01
  1.3027E+02 -2.7727E-01 -1.9231E-01
  1.3064E+02 -2.7548E-01 -1.9550E-01
  1.3101E+02 -2.7365E-01 -1.9866E-01
  1.3138E+02 -2.7178E-01 -2.0180E-01
  1.3174E+02 -2.6988E-01 -2.0491E-01
  1.3211E+02 -2.6794E-01 -2.0800E-01
  1.3248E+02 -2.6599E-01 -2.1106E-01
  1.3285E+02 -2.6400E-01 -2.1410E-01
  1.3322E+02 -2.6199E-01 -2.1712E-01
  1.3358E+02 -2.5996E-01 -2.2011E-01
  1.3395E+02 -2.5791E-01 -2.2307E-01
  1.3432E+02 -2.5584E-01 -2.2601E-01
  1.3469E+02 -2.5375E-01 -2.2892E-01
  1.3506E+02 -2.5164E-01 -2.3180E-01
  1.3542E+02 -2.4951E-01 -2.3466E-01
  1.3579E+02 -2.4735E-01 -2.3750E-01
  1.3616E+02 -2.4517E-01 -2.4031E-01
  1.3653E+02 -2.4296E-01 -2.4309E-01
  1.3690E+02 -2.4072E-01 -2.4584E-01
  1.3726E+02 -2.3845E-01 -2.4857E-01
  1.3763E+02 -2.3616E-01 -2.5126E-01
  1.3800E+02 -2.3384E-01 -2.5394E-01
  1.3837E+02 -2.3149E-01 -2.5658E-01
  1.3874E+02 -2.2912E-01 -2.5919E-01
  1.3910E+02 -2.2672E-01 -2.6178E-01
  1.3947E+02 -2.2430E-01 -2.6433E-01
  1.3984E+02 -2.2186E-01 -2.6686E-01
  1.4021E+02 -2.1939E-01 -2.6935E-01
  1.4058E+02 -2.1691E-01 -2.7182E-01
  1.4094E+02 -2.1441E-01 -2.7426E-01
  1.4131E+02 -2.1188E-01 -2.7667E-01
  1.4168E+02 -2.0934E-01 -2.7905E-01
  1.4205E+02 -2.0677E-01 -2.8139E-01
  1.4242E+02 -2.0419E-01 -2.8371E-01
  1.4278E+02 -2.0158E-01 -2.8600E-01
  1.4315E+02 -1.9895E-01 -2.8826E-01
  1.4352E+02 -1.9631E-01 -2.9048E-01
  1.4389E+02 -1.9364E-01 -2.9268E-01
  1.4426E+02 -1.9096E-01 -2.9484E-01
  1.4462E+02 -1.8826E-01 -2.9698E-01
  1.4499E+02 -1.8554E-01 -2.9908E-01
  1.4536E+02 -1.8280E-01 -3.0115E-01
  1.4573E+02 -1.8005E-01 -3.0319E-01
  1.4610E+02 -1.7729E-01 -3.0520E-01
  1.4646E+02 -1.7452E-01 -3.0717E-01
  1.4683E+02 -1.7173E-01 -3.0912E-01
  1.4720E+02 -1.6893E-01 -3.1103E-01
  1.4757E+02 -1.6612E-01 -3.1292E-01
  1.4794E+02 -1.6329E-01 -3.1477E-01
  1.4830E+02 -1.6045E-01 -3.1658E-01
  1.4867E+02 -1.5759E-01 -3.1837E-01
  1.4904E+02 -1.5472E-01 -3.2013E-01
  1.4941E+02 -1.5183E-01 -3.2185E-01
  1.4978E+02 -1.4893E-01 -3.2354E-01
  1.5014E+02 -1.4601E-01 -3.2519E-01
  1.5051E+02 -1.4307E-01 -3.2682E-01
  1.5088E+02 -1.4012E-01 -3.2841E-01
  1.5125E+02 -1.3716E-01 -3.2997E-01
  1.5162E+02 -1.3418E-01 -3.3149E-01
  1.5198E+02 -1.3120E-01 -3.3298E-01
  1.5235E+02 -1.2820E-01 -3.3444E-01
  1.5272E+02 -1.2520E-01 -3.3587E-01
  1.5309E+02 -1.2218E-01 -3.3726E-01
  1.5346E+02 -1.1916E-01 -3.3862E-01
  1.5382E+02 -1.1614E-01 -3.3994E-01
  1.5419E+02 -1.1310E-01 -3.4123E-01
  1.5456E+02 -1.1006E-01 -3.4249E-01
  1.5493E+02 -1.0701E-01 -3.4372E-01
  1.5530E+02 -1.0396E-01 -3.4491E-01
  1.5566E+02 -1.0089E-01 -3.4607E-01
  1.5603E+02 -9.7824E-02 -3.4719E-01
  1.5640E+02 -9.4746E-02 -3.4828E-01
  1.5677E+02 -9.1660E-02 -3.4934E-01
  1.5714E+02 -8.8566E-02 -3.5037E-01
  1.5750E+02 -8.5463E-02 -3.5136E-01
  1.5787E+02 -8.2352E-02 -3.5232E-01
  1.5824E+02 -7.9233E-02 -3.5324E-01
  1.5861E+02 -7.6106E-02 -3.5413E-01
  1.5898E+02 -7.2972E-02 -3.5498E-01
  1.5934E+02 -6.9830E-02 -3.5580E-01
  1.5971E+02 -6.6682E-02 -3.5659E-01
  1.6008E+02 -6.3528E-02 -3.5735E-01
  1.6045E+02 -6.0368E-02 -3.5806E-01
  1.6082E+02 -5.7205E-02 -3.5875E-01
  1.6118E+02 -5.4037E-02 -3.5940E-01
  1.6155E+02 -5.0866E-02 -3.6002E-01
  1.6192E+02 -4.7692E-02 -3.6060E-01
  1.6229E+02 -4.4516E-02 -3.6115E-01
  1.6266E+02 -4.1338E-02 -3.6166E-01
  1.6302E+02 -3.8158E-02 -3.6214E-01
  1.6339E+02 -3.4976E-02 -3.6259E-01
  1.6376E+02 -3.1792E-02 -3.6300E-01
  1.6413E+02 -2.8606E-02 -3.6338E-01
  1.6450E+02 -2.5419E-02 -3.6372E-01
  1.6486E+02 -2.2231E-02 -3.6403E-01
  1.6523E+02 -1.9042E-02 -3.6431E-01
  1.6560E+02 -1.5853E-02 -3.6455E-01
  1.6597E+02 -1.2665E-02 -3.6475E-01
  1.6634E+02 -9.4791E-03 -3.6493E-01
  1.6670E+02 -6.2965E-03 -3.6507E-01
  1.6707E+02 -3.1181E-03 -3.6517E-01
  1.6744E+02  5.5270E-05 -3.6524E-01
  1.6781E+02  3.2230E-03 -3.6528E-01
  1.6818E+02  6.3847E-03 -3.6529E-01
  1.6854E+02  9.5405E-03 -3.6526E-01
  1.6891E+02  1.2690E-02 -3.6520E-01
  1.6928E+02  1.5834E-02 -3.6511E-01
  1.6965E+02  1.8972E-02 -3.6498E-01
  1.7002E+02  2.2105E-02 -3.6482E-01
  1.7038E+02  2.5232E-02 -3.6463E-01
  1.7075E+02  2.8353E-02 -3.6440E-01
  1.7112E+02  3.1470E-02 -3.6414E-01
  1.7149E+02  3.4581E-02 -3.6385E-01
  1.7186E+02  3.7686E-02 -3.6353E-01
  1.7222E+02  4.0785E-02 -3.6318E-01
  1.7259E+02  4.3878E-02 -3.6279E-01
  1.7296E+02  4.6965E-02 -3.6237E-01
  1.7333E+02  5.0044E-02 -3.6192E-01
  1.7370E+02  5.3114E-02 -3.6144E-01
  1.7406E+02  5.6176E-02 -3.6092E-01
  1.7443E+02  5.9229E-02 -3.6037E-01
  1.7480E+02  6.2272E-02 -3.5980E-01
  1.7517E+02  6.5305E-02 -3.5919E-01
  1.7554E+02  6.8327E-02 -3.5855E-01
  1.7590E+02  7.1339E-02 -3.5787E-01
  1.7627E+02  7.4340E-02 -3.5717E-01
  1.7664E+02  7.7331E-02 -3.5644E-01
  1.7701E+02  8.0313E-02 -3.5568E-01
  1.7738E+02  8.3285E-02 -3.5488E-01
  1.7774E+02  8.6248E-02 -3.5406E-01
  1.7811E+02  8.9203E-02 -3.5320E-01
  1.7848E+02  9.2150E-02 -3.5232E-01
  1.7885E+02  9.5088E-02 -3.5140E-01
  1.7922E+02  9.8016E-02 -3.5046E-01
  1.7958E+02  1.0093E-01 -3.4948E-01
  1.7995E+02  1.0384E-01 -3.4848E-01
  1.8032E+02  1.0674E-01 -3.4744E-01
  1.8069E+02  1.0962E-01 -3.4637E-01
  1.8106E+02  1.1248E-01 -3.4528E-01
  1.8142E+02  1.1534E-01 -3.4416E-01
  1.8179E+02  1.1817E-01 -3.4300E-01
  1.8216E+02  1.2099E-01 -3.4182E-01
  1.8253E+02  1.2379E-01 -3.4061E-01
  1.8290E+02  1.2657E-01 -3.3937E-01
  1.8326E+02  1.2934E-01 -3.3811E-01
  1.8363E+02  1.3208E-01 -3.3681E-01
  1.8400E+02  1.3481E-01 -3.3549E-01
  1.8437E+02  1.3753E-01 -3.3414E-01
  1.8474E+02  1.4023E-01 -3.3277E-01
  1.8510E+02  1.4291E-01 -3.3136E-01
  1.8547E+02  1.4557E-01 -3.2993E-01
  1.8584E+02  1.4822E-01 -3.2848E-01
  1.8621E+02  1.5086E-01 -3.2699E-01
  1.8658E+02  1.5348E-01 -3.2548E-01
  1.8694E+02  1.5608E-01 -3.2395E-01
  1.8731E+02  1.5867E-01 -3.2238E-01
  1.8768E+02  1.6124E-01 -3.2080E-01
  1.8805E+02  1.6379E-01 -3.1918E-01
  1.8842E+02  1.6633E-01 -3.1754E-01
  1.8878E+02  1.6885E-01 -3.1588E-01
  1.8915E+02  1.7135E-01 -3.1419E-01
  1.8952E+02  1.7383E-01 -3.1247E-01
  1.8989E+02  1.7629E-01 -3.1073E-01
  1.9026E+02  1.7873E-01 -3.0897E-01
  1.9062E+02  1.8116E-01 -3.0718E-01
  1.9099E+02  1.8356E-01 -3.0537E-01
  1.9136E+02  1.8594E-01 -3.0353E-01
  1.9173E+02  1.8829E-01 -3.0168E-01
  1.9210E+02  1.9063E-01 -2.9979E-01
  1.9246E+02  1.9294E-01 -2.9789E-01
  1.9283E+02  1.9523E-01 -2.9596E-01
  1.9320E+02  1.9750E-01 -2.9401E-01
  1.9357E+02  1.9975E-01 -2.9204E-01
  1.9394E+02  2.0198E-01 -2.9005E-01
  1.9430E+02  2.0418E-01 -2.8803E-01
  1.9467E+02  2.0637E-01 -2.8600E-01
  1.9504E+02  2.0853E-01 -2.8394E-01
  1.9541E+02  2.1068E-01 -2.8186E-01
  1.9578E+02  2.1280E-01 -2.7976E-01
  1.9614E+02  2.1490E-01 -2.7764E-01
  1.9651E+02  2.1699E-01 -2.7550E-01
  1.9688E+02  2.1905E-01 -2.7334E-01
  1.9725E+02  2.2109E-01 -2.7116E-01
  1.9762E+02  2.2311E-01 -2.6896E-01
  1.9798E+02  2.2511E-01 -2.6674E-01
  1.9835E+02  2.2709E-01 -2.6450E-01
  1.9872E+02  2.2905E-01 -2.6224E-01
  1.9909E+02  2.3098E-01 -2.5996E-01
  1.9946E+02  2.3288E-01 -2.5767E-01
  1.9982E+02  2.3476E-01 -2.5535E-01
  2.0019E+02  2.3662E-01 -2.5302E-01
  2.0056E+02  2.3845E-01 -2.5067E-01
  2.0093E+02  2.4026E-01 -2.4830E-01
  2.0130E+02  2.4204E-01 -2.4591E-01
  2.0166E+02  2.4380E-01 -2.4351E-01
  2.0203E+02  2.4553E-01 -2.4109E-01
  2.0240E+02  2.4724E-01 -2.3865E-01
  2.0277E+02  2.4892E-01 -2.3620E-01
  2.0314E+02  2.5058E-01 -2.3373E-01
  2.0350E+02  2.5221E-01 -2.3124E-01
  2.0387E+02  2.5382E-01 -2.2874E-01
  2.0424E+02  2.5540E-01 -2.2622E-01
  2.0461E+02  2.5695E-01 -2.2369E-01
  2.0498E+02  2.5848E-01 -2.2115E-01
  2.0534E+02  2.5998E-01 -2.1859E-01
  2.0571E+02  2.6145E-01 -2.1601E-01
  2.0608E+02  2.6290E-01 -2.1342E-01
  2.0645E+02  2.6432E-01 -2.1082E-01
  2.0682E+02  2.6571E-01 -2.0820E-01
  2.0718E+02  2.6707E-01 -2.0558E-01
  2.0755E+02  2.6841E-01 -2.0293E-01
  2.0792E+02  2.6971E-01 -2.0028E-01
  2.0829E+02  2.7099E-01 -1.9762E-01
  2.0866E+02  2.7224E-01 -1.9494E-01
  2.0902E+02  2.7346E-01 -1.9225E-01
  2.0939E+02  2.7465E-01 -1.8955E-01
  2.0976E+02  2.7581E-01 -1.8684E-01
  2.1013E+02  2.7694E-01 -1.8412E-01
  2.1050E+02  2.7804E-01 -1.8139E-01
  2.1086E+02  2.7912E-01 -1.7865E-01
  2.1123E+02  2.8016E-01 -1.7590E-01
  2.1160E+02  2.8118E-01 -1.7314E-01
  2.1197E+02  2.8217E-01 -1.7038E-01
  2.1234E+02  2.8313E-01 -1.6760E-01
  2.1270E+02  2.8406E-01 -1.6482E-01
  2.1307E+02  2.8496E-01 -1.6203E-01
  2.1344E+02  2.8583E-01 -1.5923E-01
  2.1381E+02  2.8667E-01 -1.5642E-01
  2.1418E+02  2.8748E-01 -1.5361E-01
  2.1454E+02  2.8827E-01 -1.5079E-01
  2.1491E+02  2.8902E-01 -1.4797E-01
  2.1528E+02  2.8975E-01 -1.4514E-01
  2.1565E+02  2.9044E-01 -1.4230E-01
  2.1602E+02  2.9111E-01 -1.3946E-01
  2.1638E+02  2.9175E-01 -1.3662E-01
  2.1675E+02  2.9237E-01 -1.3377E-01
  2.1712E+02  2.9295E-01 -1.3091E-01
  2.1749E+02  2.9351E-01 -1.2805E-01
  2.1786E+02  2.9404E-01 -1.2519E-01
  2.1822E+02  2.9454E-01 -1.2233E-01
  2.1859E+02  2.9501E-01 -1.1946E-01
  2.1896E+02  2.9545E-01 -1.1659E-01
  2.1933E+02  2.9587E-01 -1.1371E-01
  2.1970E+02  2.9626E-01 -1.1083E-01
  2.2006E+02  2.9662E-01 -1.0796E-01
  2.2043E+02  2.9695E-01 -1.0507E-01
  2.2080E+02  2.9726E-01 -1.0219E-01
  2.2117E+02  2.9754E-01 -9.9306E-02
  2.2154E+02  2.9779E-01 -9.6421E-02
  2.2190E+02  2.9802E-01 -9.3534E-02
  2.2227E+02  2.9822E-01 -9.0646E-02
  2.2264E+02  2.9839E-01 -8.7758E-02
  2.2301E+02  2.9853E-01 -8.4870E-02
  2.2338E+02  2.9865E-01 -8.1981E-02
  2.2374E+02  2.9874E-01 -7.9092E-02
  2.2411E+02  2.9881E-01 -7.6204E-02
  2.2448E+02  2.9884E-01 -7.3316E-02
  2.2485E+02  2.9886E-01 -7.0429E-02
  2.2522E+02  2.9884E-01 -6.7543E-02
  2.2558E+02  2.9880E-01 -6.4658E-02
  2.2595E+02  2.9873E-01 -6.1775E-02
  2.2632E+02  2.9864E-01 -5.8893E-02
  2.2669E+02  2.9852E-01 -5.6013E-02
  2.2706E+02  2.9837E-01 -5.3136E-02
  2.2742E+02  2.9819E-01 -5.0260E-02
  2.2779E+02  2.9799E-01 -4.7388E-02
  2.2816E+02  2.9776E-01 -4.4518E-02
  2.2853E+02  2.9751E-01 -4.1651E-02
  2.2890E+02  2.9723E-01 -3.8788E-02
  2.2926E+02  2.9692E-01 -3.5928E-02
  2.2963E+02  2.9659E-01 -3.3072E-02
  2.3000E+02  2.9623E-01 -3.0221E-02
  2.3037E+02  2.9584E-01 -2.7373E-02
  2.3074E+02  2.9543E-01 -2.4531E-02
  2.3110E+02  2.9499E-01 -2.1693E-02
  2.3147E+02  2.9453E-01 -1.8860E-02
  2.3184E+02  2.9404E-01 -1.6033E-02
  2.3221E+02  2.9352E-01 -1.3211E-02
  2.3258E+02  2.9297E-01 -1.0396E-02
  2.3294E+02  2.9240E-01 -7.5866E-03
  2.3331E+02  2.9181E-01 -4.7840E-03
  2.3368E+02  2.9118E-01 -1.9884E-03
  2.3405E+02  2.9053E-01  8.0003E-04
  2.3442E+02  2.8985E-01  3.5809E-03
  2.3478E+02  2.8914E-01  6.3539E-03
  2.3515E+02  2.8841E-01  9.1188E-03
  2.3552E+02  2.8765E-01  1.1875E-02
  2.3589E+02  2.8687E-01  1.4623E-02
  2.3626E+02  2.8606E-01  1.7362E-02
  2.3662E+02  2.8522E-01  2.0091E-02
  2.3699E+02  2.8436E-01  2.2811E-02
  2.3736E+02  2.8347E-01  2.5521E-02
  2.3773E+02  2.8255E-01  2.8220E-02
  2.3810E+02  2.8161E-01  3.0909E-02
  2.3846E+02  2.8064E-01  3.3588E-02
  2.3883E+02  2.7965E-01  3.6255E-02
  2.3920E+02  2.7863E-01  3.8911E-02
  2.3957E+02  2.7759E-01  4.1555E-02
  2.3994E+02  2.7652E-01  4.4186E-02
  2.4030E+02  2.7542E-01  4.6806E-02
  2.4067E+02  2.7430E-01  4.9413E-02
  2.4104E+02  2.7315E-01  5.2007E-02
  2.4141E+02  2.7198E-01  5.4588E-02
  2.4178E+02  2.7078E-01  5.7155E-02
  2.4214E+02  2.6956E-01  5.9709E-02
  2.4251E+02  2.6831E-01  6.2249E-02
  2.4288E+02  2.6704E-01  6.4774E-02
  2.4325E+02  2.6574E-01  6.7285E-02
  2.4362E+02  2.6443E-01  6.9782E-02
  2.4398E+02  2.6308E-01  7.2263E-02
  2.4435E+02  2.6172E-01  7.4730E-02
  2.4472E+02  2.6033E-01  7.7181E-02
  2.4509E+02  2.5892E-01  7.9617E-02
  2.4546E+02  2.5749E-01  8.2037E-02
  2.4582E+02  2.5604E-01  8.4442E-02
  2.4619E+02  2.5456E-01  8.6830E-02
  2.4656E+02  2.5307E-01  8.9202E-02
  2.4693E+02  2.5155E-01  9.1558E-02
  2.4730E+02  2.5001E-01  9.3898E-02
  2.4766E+02  2.4845E-01  9.6221E-02
  2.4803E+02  2.4687E-01  9.8527E-02
  2.4840E+02  2.4527E-01  1.0082E-01
  2.4877E+02  2.4365E-01  1.0309E-01
  2.4914E+02  2.4201E-01  1.0534E-01
  2.4950E+02  2.4036E-01  1.0758E-01
  2.4987E+02  2.3868E-01  1.0980E-01
  2.5024E+02  2.3698E-01  1.1200E-01
  2.5061E+02  2.3527E-01  1.1419E-01
  2.5098E+02  2.3354E-01  1.1636E-01
  2.5134E+02  2.3179E-01  1.1851E-01
  2.5171E+02  2.3002E-01  1.2064E-01
  2.5208E+02  2.2824E-01  1.2275E-01
  2.5245E+02  2.2644E-01  1.2485E-01
  2.5282E+02  2.2463E-01  1.2693E-01
  2.5318E+02  2.2279E-01  1.2899E-01
  2.5355E+02  2.2095E-01  1.3103E-01
  2.5392E+02  2.1909E-01  1.3305E-01
  2.5429E+02  2.1721E-01  1.3506E-01
  2.5466E+02  2.1532E-01  1.3704E-01
  2.5502E+02  2.1341E-01  1.3901E-01
  2.5539E+02  2.1149E-01  1.4096E-01
  2.5576E+02  2.0955E-01  1.4289E-01
  2.5613E+02  2.0760E-01  1.4480E-01
  2.5650E+02  2.0564E-01  1.4669E-01
  2.5686E+02  2.0366E-01  1.4857E-01
  2.5723E+02  2.0166E-01  1.5042E-01
  2.5760E+02  1.9966E-01  1.5226E-01
  2.5797E+02  1.9764E-01  1.5407E-01
  2.5834E+02  1.9560E-01  1.5587E-01
  2.5870E+02  1.9355E-01  1.5764E-01
  2.5907E+02  1.9149E-01  1.5940E-01
  2.5944E+02  1.8942E-01  1.6113E-01
  2.5981E+02  1.8733E-01  1.6285E-01
  2.6018E+02  1.8523E-01  1.6454E-01
  2.6054E+02  1.8312E-01  1.6622E-01
  2.6091E+02  1.8099E-01  1.6787E-01
  2.6128E+02  1.7885E-01  1.6951E-01
  2.6165E+02  1.7670E-01  1.7112E-01
  2.6202E+02  1.7453E-01  1.7271E-01
  2.6238E+02  1.7235E-01  1.7428E-01
  2.6275E+02  1.7016E-01  1.7583E-01
  2.6312E+02  1.6796E-01  1.7736E-01
  2.6349E+02  1.6575E-01  1.7886E-01
  2.6386E+02  1.6352E-01  1.8034E-01
  2.6422E+02  1.6128E-01  1.8180E-01
  2.6459E+02  1.5903E-01  1.8324E-01
  2.6496E+02  1.5676E-01  1.8466E-01
  2.6533E+02  1.5449E-01  1.8605E-01
  2.6570E+02  1.5220E-01  1.8742E-01
  2.6606E+02  1.4990E-01  1.8877E-01
  2.6643E+02  1.4759E-01  1.9009E-01
  2.6680E+02  1.4526E-01  1.9139E-01
  2.6717E+02  1.4293E-01  1.9267E-01
  2.6754E+02  1.4058E-01  1.9392E-01
  2.6790E+02  1.3823E-01  1.9515E-01
  2.6827E+02  1.3586E-01  1.9636E-01
  2.6864E+02  1.3348E-01  1.9754E-01
  2.6901E+02  1.3110E-01  1.9870E-01
  2.6938E+02  1.2870E-01  1.9983E-01
  2.6974E+02  1.2629E-01  2.0094E-01
  2.7011E+02  1.2387E-01  2.0202E-01
  2.7048E+02  1.2145E-01  2.0308E-01
  2.7085E+02  1.1901E-01  2.0411E-01
  2.7122E+02  1.1657E-01  2.0512E-01
  2.7158E+02  1.1411E-01  2.0610E-01
  2.7195E+02  1.1165E-01  2.0706E-01
  2.7232E+02  1.0919E-01  2.0800E-01
  2.7269E+02  1.0671E-01  2.0890E-01
  2.7306E+02  1.0423E-01  2.0979E-01
  2.7342E+02  1.0174E-01  2.1065E-01
  2.7379E+02  9.9250E-02  2.1148E-01
  2.7416E+02  9.6751E-02  2.1229E-01
  2.7453E+02  9.4247E-02  2.1307E-01
  2.7490E+02  9.1738E-02  2.1383E-01
  2.7526E+02  8.9226E-02  2.1456E-01
  2.7563E+02  8.6709E-02  2.1527E-01
  2.7600E+02  8.4189E-02  2.1595E-01
  2.7637E+02  8.1666E-02  2.1661E-01
  2.7674E+02  7.9141E-02  2.1724E-01
  2.7710E+02  7.6614E-02  2.1785E-01
  2.7747E+02  7.4085E-02  2.1843E-01
  2.7784E+02  7.1556E-02  2.1899E-01
  2.7821E+02  6.9025E-02  2.1953E-01
  2.7858E+02  6.6495E-02  2.2004E-01
  2.7894E+02  6.3964E-02  2.2052E-01
  2.7931E+02  6.1434E-02  2.2099E-01
  2.7968E+02  5.8906E-02  2.2143E-01
  2.8005E+02  5.6378E-02  2.2184E-01
  2.8042E+02  5.3852E-02  2.2223E-01
  2.8078E+02  5.1328E-02  2.2260E-01
  2.8115E+02  4.8807E-02  2.2294E-01
  2.8152E+02  4.6288E-02  2.2327E-01
  2.8189E+02  4.3773E-02  2.2356E-01
  2.8226E+02  4.1260E-02  2.2384E-01
  2.8262E+02  3.8752E-02  2.2409E-01
  2.8299E+02  3.6247E-02  2.2432E-01
  2.8336E+02  3.3746E-02  2.2453E-01
  2.8373E+02  3.1250E-02  2.2471E-01
  2.8410E+02  2.8758E-02  2.2487E-01
  2.8446E+02  2.6270E-02  2.2501E-01
  2.8483E+02  2.3787E-02  2.2513E-01
  2.8520E+02  2.1310E-02  2.2522E-01
  2.8557E+02  1.8837E-02  2.2530E-01
  2.8594E+02  1.6369E-02  2.2535E-01
  2.8630E+02  1.3907E-02  2.2537E-01
  2.8667E+02  1.1450E-02  2.2538E-01
  2.8704E+02  8.9978E-03  2.2537E-01
  2.8741E+02  6.5514E-03  2.2533E-01
  2.8778E+02  4.1106E-03  2.2527E-01
  2.8814E+02  1.6753E-03  2.2519E-01
  2.8851E+02 -7.5434E-04  2.2509E-01
  2.8888E+02 -3.1784E-03  2.2496E-01
  2.8925E+02 -5.5969E-03  2.2482E-01
  2.8962E+02 -8.0097E-03  2.2465E-01
  2.8998E+02 -1.0417E-02  2.2446E-01
  2.9035E+02 -1.2819E-02  2.2425E-01
  2.9072E+02 -1.5215E-02  2.2401E-01
  2.9109E+02 -1.7605E-02  2.2376E-01
  2.9146E+02 -1.9990E-02  2.2348E-01
  2.9182E+02 -2.2370E-02  2.2318E-01
  2.9219E+02 -2.4743E-02  2.2286E-01
  2.9256E+02 -2.7112E-02  2.2252E-01
  2.9293E+02 -2.9475E-02  2.2216E-01
  2.9330E+02 -3.1832E-02  2.2177E-01
  2.9366E+02 -3.4183E-02  2.2136E-01
  2.9403E+02 -3.6529E-02  2.2093E-01
  2.9440E+02 -3.8869E-02  2.2048E-01
  2.9477E+02 -4.1203E-02  2.2000E-01
  2.9514E+02 -4.3532E-02  2.1951E-01
  2.9550E+02 -4.5854E-02  2.1899E-01
  2.9587E+02 -4.8170E-02  2.1845E-01
  2.9624E+02 -5.0480E-02  2.1788E-01
  2.9661E+02 -5.2783E-02  2.1730E-01
  2.9698E+02 -5.5080E-02  2.1669E-01
  2.9734E+02 -5.7371E-02  2.1606E-01
  2.9771E+02 -5.9654E-02  2.1541E-01
  2.9808E+02 -6.1930E-02  2.1474E-01
  2.9845E+02 -6.4200E-02  2.1404E-01
  2.9882E+02 -6.6461E-02  2.1332E-01
  2.9918E+02 -6.8715E-02  2.1258E-01
  2.9955E+02 -7.0961E-02  2.1182E-01
  2.9992E+02 -7.3199E-02  2.1104E-01
  3.0029E+02 -7.5428E-02  2.1023E-01
  3.0066E+02 -7.7648E-02  2.0940E-01
  3.0102E+02 -7.9859E-02  2.0856E-01
  3.0139E+02 -8.2061E-02  2.0769E-01
  3.0176E+02 -8.4252E-02  2.0679E-01
  3.0213E+02 -8.6434E-02  2.0588E-01
  3.0250E+02 -8.8604E-02  2.0495E-01
  3.0286E+02 -9.0763E-02  2.0400E-01
  3.0323E+02 -9.2911E-02  2.0302E-01
  3.0360E+02 -9.5047E-02  2.0203E-01
  3.0397E+02 -9.7170E-02  2.0101E-01
  3.0434E+02 -9.9281E-02  1.9998E-01
  3.0470E+02 -1.0138E-01  1.9892E-01
  3.0507E+02 -1.0346E-01  1.9785E-01
  3.0544E+02 -1.0553E-01  1.9676E-01
  3.0581E+02 -1.0759E-01  1.9565E-01
  3.0618E+02 -1.0963E-01  1.9452E-01
  3.0654E+02 -1.1166E-01  1.9337E-01
  3.0691E+02 -1.1367E-01  1.9220E-01
  3.0728E+02 -1.1566E-01  1.9102E-01
  3.0765E+02 -1.1764E-01  1.8981E-01
  3.0802E+02 -1.1960E-01  1.8860E-01
  3.0838E+02 -1.2155E-01  1.8736E-01
  3.0875E+02 -1.2347E-01  1.8611E-01
  3.0912E+02 -1.2538E-01  1.8484E-01
  3.0949E+02 -1.2727E-01  1.8355E-01
  3.0986E+02 -1.2915E-01  1.8225E-01
  3.1022E+02 -1.3100E-01  1.8093E-01
  3.1059E+02 -1.3284E-01  1.7960E-01
  3.1096E+02 -1.3466E-01  1.7826E-01
  3.1133E+02 -1.3645E-01  1.7689E-01
  3.1170E+02 -1.3823E-01  1.7552E-01
  3.1206E+02 -1.3999E-01  1.7413E-01
  3.1243E+02 -1.4173E-01  1.7273E-01
  3.1280E+02 -1.4344E-01  1.7131E-01
  3.1317E+02 -1.4514E-01  1.6988E-01
  3.1354E+02 -1.4682E-01  1.6844E-01
  3.1390E+02 -1.4848E-01  1.6698E-01
  3.1427E+02 -1.5011E-01  1.6551E-01
  3.1464E+02 -1.5173E-01  1.6403E-01
  3.1501E+02 -1.5333E-01  1.6254E-01
  3.1538E+02 -1.5490E-01  1.6104E-01
  3.1574E+02 -1.5646E-01  1.5952E-01
  3.1611E+02 -1.5799E-01  1.5799E-01
  3.1648E+02 -1.5951E-01  1.5646E-01
  3.1685E+02 -1.6100E-01  1.5491E-01
  3.1722E+02 -1.6247E-01  1.5335E-01
  3.1758E+02 -1.6393E-01  1.5178E-01
  3.1795E+02 -1.6536E-01  1.5020E-01
  3.1832E+02 -1.6678E-01  1.4861E-01
  3.1869E+02 -1.6817E-01  1.4701E-01
  3.1906E+02 -1.6954E-01  1.4539E-01
  3.1942E+02 -1.7090E-01  1.4377E-01
  3.1979E+02 -1.7224E-01  1.4214E-01
  3.2016E+02 -1.7355E-01  1.4050E-01
  3.2053E+02 -1.7485E-01  1.3885E-01
  3.2090E+02 -1.7613E-01  1.3719E-01
  3.2126E+02 -1.7739E-01  1.3553E-01
  3.2163E+02 -1.7863E-01  1.3385E-01
  3.2200E+02 -1.7985E-01  1.3216E-01
  3.2237E+02 -1.8105E-01  1.3046E-01
  3.2274E+02 -1.8224E-01  1.2876E-01
  3.2310E+02 -1.8341E-01  1.2704E-01
  3.2347E+02 -1.8456E-01  1.2532E-01
  3.2384E+02 -1.8569E-01  1.2359E-01
  3.2421E+02 -1.8681E-01  1.2185E-01
  3.2458E+02 -1.8791E-01  1.2010E-01
  3.2494E+02 -1.8899E-01  1.1834E-01
  3.2531E+02 -1.9005E-01  1.1657E-01
  3.2568E+02 -1.9109E-01  1.1480E-01
  3.2605E+02 -1.9212E-01  1.1302E-01
  3.2642E+02 -1.9314E-01  1.1122E-01
  3.2678E+02 -1.9413E-01  1.0942E-01
  3.2715E+02 -1.9511E-01  1.0762E-01
  3.2752E+02 -1.9607E-01  1.0580E-01
  3.2789E+02 -1.9701E-01  1.0398E-01
  3.2826E+02 -1.9794E-01  1.0214E-01
  3.2862E+02 -1.9885E-01  1.0030E-01
  3.2899E+02 -1.9974E-01  9.8456E-02
  3.2936E+02 -2.0062E-01  9.6600E-02
  3.2973E+02 -2.0148E-01  9.4738E-02
  3.3010E+02 -2.0232E-01  9.2868E-02
  3.3046E+02 -2.0314E-01  9.0991E-02
  3.3083E+02 -2.0395E-01  8.9107E-02
  3.3120E+02 -2.0474E-01  8.7216E-02
  3.3157E+02 -2.0551E-01  8.5319E-02
  3.3194E+02 -2.0626E-01  8.3415E-02
  3.3230E+02 -2.0700E-01  8.1505E-02
  3.3267E+02 -2.0772E-01  7.9589E-02
  3.3304E+02 -2.0841E-01  7.7667E-02
  3.3341E+02 -2.0909E-01  7.5739E-02
  3.3378E+02 -2.0976E-01  7.3806E-02
  3.3414E+02 -2.1040E-01  7.1868E-02
  3.3451E+02 -2.1102E-01  6.9925E-02
  3.3488E+02 -2.1162E-01  6.7977E-02
  3.3525E+02 -2.1221E-01  6.6025E-02
  3.3562E+02 -2.1277E-01  6.4069E-02
  3.3598E+02 -2.1332E-01  6.2109E-02
  3.3635E+02 -2.1384E-01  6.0145E-02
  3.3672E+02 -2.1434E-01  5.8178E-02
  3.3709E+02 -2.1482E-01  5.6208E-02
  3.3746E+02 -2.1529E-01  5.4236E-02
  3.3782E+02 -2.1573E-01  5.2261E-02
  3.3819E+02 -2.1614E-01  5.0284E-02
  3.3856E+02 -2.1654E-01  4.8305E-02
  3.3893E+02 -2.1692E-01  4.6324E-02
  3.3930E+02 -2.1727E-01  4.4343E-02
  3.3966E+02 -2.1760E-01  4.2361E-02
  3.4003E+02 -2.1791E-01  4.0378E-02
  3.4040E+02 -2.1819E-01  3.8395E-02
  3.4077E+02 -2.1846E-01  3.6412E-02
  3.4114E+02 -2.1870E-01  3.4430E-02
  3.4150E+02 -2.1892E-01  3.2448E-02
  3.4187E+02 -2.1911E-01  3.0468E-02
  3.4224E+02 -2.1928E-01  2.8488E-02
  3.4261E+02 -2.1943E-01  2.6511E-02
  3.4298E+02 -2.1955E-01  2.4536E-02
  3.4334E+02 -2.1965E-01  2.2562E-02
  3.4371E+02 -2.1973E-01  2.0592E-02
  3.4408E+02 -2.1979E-01  1.8624E-02
  3.4445E+02 -2.1982E-01  1.6660E-02
  3.4482E+02 -2.1982E-01  1.4699E-02
  3.4518E+02 -2.1981E-01  1.2742E-02
  3.4555E+02 -2.1977E-01  1.0788E-02
  3.4592E+02 -2.1971E-01  8.8394E-03
  3.4629E+02 -2.1962E-01  6.8950E-03
  3.4666E+02 -2.1951E-01  4.9554E-03
  3.4702E+02 -2.1938E-01  3.0208E-03
  3.4739E+02 -2.1923E-01  1.0915E-03
  3.4776E+02 -2.1905E-01 -8.3231E-04
  3.4813E+02 -2.1885E-01 -2.7504E-03
  3.4850E+02 -2.1863E-01 -4.6626E-03
  3.4886E+02 -2.1838E-01 -6.5688E-03
  3.4923E+02 -2.1812E-01 -8.4686E-03
  3.4960E+02 -2.1783E-01 -1.0362E-02
  3.4997E+02 -2.1752E-01 -1.2249E-02
  3.5034E+02 -2.1719E-01 -1.4128E-02
  3.5070E+02 -2.1684E-01 -1.6001E-02
  3.5107E+02 -2.1646E-01 -1.7867E-02
  3.5144E+02 -2.1607E-01 -1.9725E-02
  3.5181E+02 -2.1566E-01 -2.1576E-02
  3.5218E+02 -2.1522E-01 -2.3420E-02
  3.5254E+02 -2.1477E-01 -2.5256E-02
  3.5291E+02 -2.1430E-01 -2.7084E-02
  3.5328E+02 -2.1380E-01 -2.8904E-02
  3.5365E+02 -2.1329E-01 -3.0717E-02
  3.5402E+02 -2.1276E-01 -3.2521E-02
  3.5438E+02 -2.1222E-01 -3.4317E-02
  3.5475E+02 -2.1165E-01 -3.6105E-02
  3.5512E+02 -2.1107E-01 -3.7884E-02
  3.5549E+02 -2.1047E-01 -3.9655E-02
  3.5586E+02 -2.0985E-01 -4.1418E-02
  3.5622E+02 -2.0921E-01 -4.3172E-02
  3.5659E+02 -2.0856E-01 -4.4918E-02
  3.5696E+02 -2.0789E-01 -4.6655E-02
  3.5733E+02 -2.0721E-01 -4.8383E-02
  3.5770E+02 -2.0651E-01 -5.0103E-02
  3.5806E+02 -2.0579E-01 -5.1814E-02
  3.5843E+02 -2.0506E-01 -5.3516E-02
  3.5880E+02 -2.0432E-01 -5.5208E-02
  3.5917E+02 -2.0356E-01 -5.6892E-02
  3.5954E+02 -2.0278E-01 -5.8567E-02
  3.5990E+02 -2.0199E-01 -6.0233E-02
  3.6027E+02 -2.0119E-01 -6.1890E-02
  3.6064E+02 -2.0037E-01 -6.3537E-02
  3.6101E+02 -1.9953E-01 -6.5175E-02
  3.6138E+02 -1.9869E-01 -6.6804E-02
  3.6174E+02 -1.9783E-01 -6.8423E-02
  3.6211E+02 -1.9695E-01 -7.0033E-02
  3.6248E+02 -1.9606E-01 -7.1633E-02
  3.6285E+02 -1.9516E-01 -7.3223E-02
  3.6322E+02 -1.9425E-01 -7.4804E-02
  3.6358E+02 -1.9332E-01 -7.6375E-02
  3.6395E+02 -1.9238E-01 -7.7936E-02
  3.6432E+02 -1.9142E-01 -7.9486E-02
  3.6469E+02 -1.9046E-01 -8.1027E-02
  3.6506E+02 -1.8948E-01 -8.2557E-02
  3.6542E+02 -1.8848E-01 -8.4077E-02
  3.6579E+02 -1.8748E-01 -8.5586E-02
  3.6616E+02 -1.8646E-01 -8.7085E-02
  3.6653E+02 -1.8543E-01 -8.8572E-02
  3.6690E+02 -1.8438E-01 -9.0049E-02
  3.6726E+02 -1.8333E-01 -9.1515E-02
  3.6763E+02 -1.8226E-01 -9.2969E-02
  3.6800E+02 -1.8117E-01 -9.4412E-02
  3.6837E+02 -1.8008E-01 -9.5843E-02
  3.6874E+02 -1.7897E-01 -9.7263E-02
  3.6910E+02 -1.7785E-01 -9.8671E-02
  3.6947E+02 -1.7671E-01 -1.0007E-01
  3.6984E+02 -1.7556E-01 -1.0145E-01
  3.7021E+02 -1.7440E-01 -1.0282E-01
  3.7058E+02 -1.7323E-01 -1.0418E-01
  3.7094E+02 -1.7204E-01 -1.0552E-01
  3.7131E+02 -1.7084E-01 -1.0686E-01
  3.7168E+02 -1.6963E-01 -1.0818E-01
  3.7205E+02 -1.6841E-01 -1.0948E-01
  3.7242E+02 -1.6717E-01 -1.1078E-01
  3.7278E+02 -1.6592E-01 -1.1205E-01
  3.7315E+02 -1.6465E-01 -1.1332E-01
  3.7352E+02 -1.6338E-01 -1.1457E-01
  3.7389E+02 -1.6209E-01 -1.1581E-01
  3.7426E+02 -1.6079E-01 -1.1703E-01
  3.7462E+02 -1.5947E-01 -1.1824E-01
  3.7499E+02 -1.5814E-01 -1.1943E-01
  3.7536E+02 -1.5680E-01 -1.2061E-01
  3.7573E+02 -1.5545E-01 -1.2177E-01
  3.7610E+02 -1.5409E-01 -1.2292E-01
  3.7646E+02 -1.5271E-01 -1.2405E-01
  3.7683E+02 -1.5132E-01 -1.2516E-01
  3.7720E+02 -1.4992E-01 -1.2627E-01
  3.7757E+02 -1.4850E-01 -1.2735E-01
  3.7794E+02 -1.4708E-01 -1.2842E-01
  3.7830E+02 -1.4564E-01 -1.2947E-01
  3.7867E+02 -1.4419E-01 -1.3051E-01
  3.7904E+02 -1.4273E-01 -1.3153E-01
  3.7941E+02 -1.4126E-01 -1.3253E-01
  3.7978E+02 -1.3978E-01 -1.3352E-01
  3.8014E+02 -1.3829E-01 -1.3449E-01
  3.8051E+02 -1.3678E-01 -1.3544E-01
  3.8088E+02 -1.3527E-01 -1.3638E-01
  3.8125E+02 -1.3374E-01 -1.3730E-01
  3.8162E+02 -1.3221E-01 -1.3820E-01
  3.8198E+02 -1.3067E-01 -1.3908E-01
  3.8235E+02 -1.2911E-01 -1.3995E-01
  3.8272E+02 -1.2755E-01 -1.4080E-01
  3.8309E+02 -1.2598E-01 -1.4164E-01
  3.8346E+02 -1.2440E-01 -1.4245E-01
  3.8382E+02 -1.2281E-01 -1.4325E-01
  3.8419E+02 -1.2121E-01 -1.4403E-01
  3.8456E+02 -1.1961E-01 -1.4480E-01
  3.8493E+02 -1.1800E-01 -1.4555E-01
  3.8530E+02 -1.1638E-01 -1.4627E-01
  3.8566E+02 -1.1475E-01 -1.4699E-01
  3.8603E+02 -1.1311E-01 -1.4768E-01
  3.8640E+02 -1.1147E-01 -1.4836E-01
  3.8677E+02 -1.0983E-01 -1.4902E-01
  3.8714E+02 -1.0817E-01 -1.4966E-01
  3.8750E+02 -1.0651E-01 -1.5029E-01
  3.8787E+02 -1.0485E-01 -1.5089E-01
  3.8824E+02 -1.0318E-01 -1.5148E-01
  3.8861E+02 -1.0151E-01 -1.5206E-01
  3.8898E+02 -9.9828E-02 -1.5261E-01
  3.8934E+02 -9.8144E-02 -1.5315E-01
  3.8971E+02 -9.6457E-02 -1.5367E-01
  3.9008E+02 -9.4765E-02 -1.5417E-01
  3.9045E+02 -9.3070E-02 -1.5466E-01
  3.9082E+02 -9.1371E-02 -1.5513E-01
  3.9118E+02 -8.9669E-02 -1.5558E-01
  3.9155E+02 -8.7964E-02 -1.5602E-01
  3.9192E+02 -8.6256E-02 -1.5644E-01
  3.9229E+02 -8.4546E-02 -1.5684E-01
  3.9266E+02 -8.2834E-02 -1.5722E-01
  3.9302E+02 -8.1119E-02 -1.5759E-01
  3.9339E+02 -7.9403E-02 -1.5794E-01
  3.9376E+02 -7.7685E-02 -1.5827E-01
  3.9413E+02 -7.5965E-02 -1.5859E-01
  3.9450E+02 -7.4245E-02 -1.5889E-01
  3.9486E+02 -7.2523E-02 -1.5917E-01
  3.9523E+02 -7.0800E-02 -1.5944E-01
  3.9560E+02 -6.9076E-02 -1.5969E-01
  3.9597E+02 -6.7352E-02 -1.5992E-01
  3.9634E+02 -6.5628E-02 -1.6013E-01
  3.9670E+02 -6.3903E-02 -1.6033E-01
  3.9707E+02 -6.2178E-02 -1.6052E-01
  3.9744E+02 -6.0453E-02 -1.6068E-01
  3.9781E+02 -5.8729E-02 -1.6083E-01
  3.9818E+02 -5.7004E-02 -1.6096E-01
  3.9854E+02 -5.5280E-02 -1.6108E-01
  3.9891E+02 -5.3557E-02 -1.6118E-01
  3.9928E+02 -5.1835E-02 -1.6126E-01
  3.9965E+02 -5.0113E-02 -1.6133E-01
  4.0002E+02 -4.8392E-02 -1.6138E-01
  4.0038E+02 -4.6673E-02 -1.6141E-01
  4.0075E+02 -4.4955E-02 -1.6142E-01
  4.0112E+02 -4.3238E-02 -1.6142E-01
  4.0149E+02 -4.1522E-02 -1.6141E-01
  4.0186E+02 -3.9808E-02 -1.6137E-01
  4.0222E+02 -3.8096E-02 -1.6132E-01
  4.0259E+02 -3.6386E-02 -1.6126E-01
  4.0296E+02 -3.4677E-02 -1.6117E-01
  4.0333E+02 -3.2971E-02 -1.6107E-01
  4.0370E+02 -3.1267E-02 -1.6096E-01
  4.0406E+02 -2.9565E-02 -1.6082E-01
  4.0443E+02 -2.7865E-02 -1.6068E-01
  4.0480E+02 -2.6168E-02 -1.6051E-01
  4.0517E+02 -2.4474E-02 -1.6033E-01
  4.0554E+02 -2.2782E-02 -1.6013E-01
  4.0590E+02 -2.1094E-02 -1.5991E-01
  4.0627E+02 -1.9408E-02 -1.5968E-01
  4.0664E+02 -1.7726E-02 -1.5944E-01
  4.0701E+02 -1.6047E-02 -1.5917E-01
  4.0738E+02 -1.4371E-02 -1.5889E-01
  4.0774E+02 -1.2699E-02 -1.5860E-01
  4.0811E+02 -1.1031E-02 -1.5828E-01
  4.0848E+02 -9.3662E-03 -1.5796E-01
  4.0885E+02 -7.7056E-03 -1.5761E-01
  4.0922E+02 -6.0492E-03 -1.5725E-01
  4.0958E+02 -4.3971E-03 -1.5688E-01
  4.0995E+02 -2.7494E-03 -1.5648E-01
  4.1032E+02 -1.1062E-03 -1.5607E-01
  4.1069E+02  5.3220E-04 -1.5565E-01
  4.1106E+02  2.1658E-03 -1.5521E-01
  4.1142E+02  3.7944E-03 -1.5476E-01
  4.1179E+02  5.4178E-03 -1.5428E-01
  4.1216E+02  7.0359E-03 -1.5380E-01
  4.1253E+02  8.6485E-03 -1.5330E-01
  4.1290E+02  1.0256E-02 -1.5278E-01
  4.1326E+02  1.1857E-02 -1.5225E-01
  4.1363E+02  1.3452E-02 -1.5170E-01
  4.1400E+02  1.5042E-02 -1.5113E-01
  4.1437E+02  1.6625E-02 -1.5056E-01
  4.1474E+02  1.8201E-02 -1.4996E-01
  4.1510E+02  1.9772E-02 -1.4935E-01
  4.1547E+02  2.1335E-02 -1.4873E-01
  4.1584E+02  2.2892E-02 -1.4809E-01
  4.1621E+02  2.4442E-02 -1.4744E-01
  4.1658E+02  2.5985E-02 -1.4677E-01
  4.1694E+02  2.7520E-02 -1.4609E-01
  4.1731E+02  2.9048E-02 -1.4540E-01
  4.1768E+02  3.0569E-02 -1.4469E-01
  4.1805E+02  3.2082E-02 -1.4396E-01
  4.1842E+02  3.3587E-02 -1.4323E-01
  4.1878E+02  3.5084E-02 -1.4247E-01
  4.1915E+02  3.6573E-02 -1.4171E-01
  4.1952E+02  3.8054E-02 -1.4093E-01
  4.1989E+02  3.9526E-02 -1.4013E-01
  4.2026E+02  4.0990E-02 -1.3933E-01
  4.2062E+02  4.2446E-02 -1.3851E-01
  4.2099E+02  4.3892E-02 -1.3767E-01
  4.2136E+02  4.5330E-02 -1.3683E-01
  4.2173E+02  4.6759E-02 -1.3597E-01
  4.2210E+02  4.8178E-02 -1.3510E-01
  4.2246E+02  4.9589E-02 -1.3421E-01
  4.2283E+02  5.0990E-02 -1.3331E-01
  4.2320E+02  5.2381E-02 -1.3240E-01
  4.2357E+02  5.3763E-02 -1.3148E-01
  4.2394E+02  5.5135E-02 -1.3054E-01
  4.2430E+02  5.6498E-02 -1.2959E-01
  4.2467E+02  5.7850E-02 -1.2863E-01
  4.2504E+02  5.9192E-02 -1.2766E-01
  4.2541E+02  6.0525E-02 -1.2668E-01
  4.2578E+02  6.1847E-02 -1.2568E-01
  4.2614E+02  6.3158E-02 -1.2467E-01
  4.2651E+02  6.4459E-02 -1.2365E-01
  4.2688E+02  6.5750E-02 -1.2262E-01
  4.2725E+02  6.7029E-02 -1.2158E-01
  4.2762E+02  6.8298E-02 -1.2052E-01
  4.2798E+02  6.9556E-02 -1.1946E-01
  4.2835E+02  7.0803E-02 -1.1838E-01
  4.2872E+02  7.2039E-02 -1.1730E-01
  4.2909E+02  7.3263E-02 -1.1620E-01
  4.2946E+02  7.4477E-02 -1.1509E-01
  4.2982E+02  7.5679E-02 -1.1397E-01
  4.3019E+02  7.6869E-02 -1.1284E-01
  4.3056E+02  7.8048E-02 -1.1170E-01
  4.3093E+02  7.9215E-02 -1.1056E-01
  4.3130E+02  8.0370E-02 -1.0940E-01
  4.3166E+02  8.1513E-02 -1.0823E-01
  4.3203E+02  8.2644E-02 -1.0705E-01
  4.3240E+02  8.3764E-02 -1.0586E-01
  4.3277E+02  8.4871E-02 -1.0466E-01
  4.3314E+02  8.5965E-02 -1.0345E-01
  4.3350E+02  8.7048E-02 -1.0224E-01
  4.3387E+02  8.8117E-02 -1.0101E-01
  4.3424E+02  8.9175E-02 -9.9778E-02
  4.3461E+02  9.0219E-02 -9.8535E-02
  4.3498E+02  9.1251E-02 -9.7284E-02
  4.3534E+02  9.2270E-02 -9.6023E-02
  4.3571E+02  9.3277E-02 -9.4755E-02
  4.3608E+02  9.4270E-02 -9.3479E-02
  4.3645E+02  9.5250E-02 -9.2194E-02
  4.3682E+02  9.6217E-02 -9.0901E-02
  4.3718E+02  9.7171E-02 -8.9601E-02
  4.3755E+02  9.8112E-02 -8.8293E-02
  4.3792E+02  9.9039E-02 -8.6978E-02
  4.3829E+02  9.9953E-02 -8.5656E-02
  4.3866E+02  1.0085E-01 -8.4326E-02
  4.3902E+02  1.0174E-01 -8.2989E-02
  4.3939E+02  1.0261E-01 -8.1646E-02
  4.3976E+02  1.0347E-01 -8.0295E-02
  4.4013E+02  1.0432E-01 -7.8938E-02
  4.4050E+02  1.0515E-01 -7.7575E-02
  4.4086E+02  1.0597E-01 -7.6206E-02
  4.4123E+02  1.0677E-01 -7.4830E-02
  4.4160E+02  1.0756E-01 -7.3448E-02
  4.4197E+02  1.0834E-01 -7.2061E-02
  4.4234E+02  1.0910E-01 -7.0667E-02
  4.4270E+02  1.0985E-01 -6.9269E-02
  4.4307E+02  1.1059E-01 -6.7864E-02
  4.4344E+02  1.1131E-01 -6.6455E-02
  4.4381E+02  1.1201E-01 -6.5040E-02
  4.4418E+02  1.1271E-01 -6.3621E-02
  4.4454E+02  1.1338E-01 -6.2196E-02
  4.4491E+02  1.1405E-01 -6.0767E-02
  4.4528E+02  1.1470E-01 -5.9333E-02
  4.4565E+02  1.1533E-01 -5.7895E-02
  4.4602E+02  1.1595E-01 -5.6453E-02
  4.4638E+02  1.1656E-01 -5.5006E-02
  4.4675E+02  1.1715E-01 -5.3556E-02
  4.4712E+02  1.1773E-01 -5.2101E-02
  4.4749E+02  1.1829E-01 -5.0643E-02
  4.4786E+02  1.1884E-01 -4.9181E-02
  4.4822E+02  1.1938E-01 -4.7716E-02
  4.4859E+02  1.1990E-01 -4.6247E-02
  4.4896E+02  1.2040E-01 -4.4775E-02
  4.4933E+02  1.2089E-01 -4.3301E-02
  4.4970E+02  1.2137E-01 -4.1823E-02
  4.5006E+02  1.2183E-01 -4.0342E-02
  4.5043E+02  1.2228E-01 -3.8859E-02
  4.5080E+02  1.2272E-01 -3.7374E-02
  4.5117E+02  1.2313E-01 -3.5886E-02
  4.5154E+02  1.2354E-01 -3.4396E-02
  4.5190E+02  1.2393E-01 -3.2903E-02
  4.5227E+02  1.2431E-01 -3.1409E-02
  4.5264E+02  1.2467E-01 -2.9914E-02
  4.5301E+02  1.2501E-01 -2.8416E-02
  4.5338E+02  1.2535E-01 -2.6917E-02
  4.5374E+02  1.2567E-01 -2.5417E-02
  4.5411E+02  1.2597E-01 -2.3915E-02
  4.5448E+02  1.2626E-01 -2.2413E-02
  4.5485E+02  1.2653E-01 -2.0909E-02
  4.5522E+02  1.2679E-01 -1.9405E-02
  4.5558E+02  1.2704E-01 -1.7900E-02
  4.5595E+02  1.2727E-01 -1.6395E-02
  4.5632E+02  1.2749E-01 -1.4889E-02
  4.5669E+02  1.2769E-01 -1.3383E-02
  4.5706E+02  1.2788E-01 -1.1877E-02
  4.5742E+02  1.2805E-01 -1.0371E-02
  4.5779E+02  1.2821E-01 -8.8660E-03
  4.5816E+02  1.2836E-01 -7.3609E-03
  4.5853E+02  1.2849E-01 -5.8565E-03
  4.5890E+02  1.2861E-01 -4.3528E-03
  4.5926E+02  1.2871E-01 -2.8500E-03
  4.5963E+02  1.2880E-01 -1.3483E-03
  4.6000E+02  1.2887E-01  1.5228E-04
  4.6037E+02  1.2893E-01  1.6515E-03
  4.6074E+02  1.2897E-01  3.1492E-03
  4.6110E+02  1.2900E-01  4.6453E-03
  4.6147E+02  1.2902E-01  6.1395E-03
  4.6184E+02  1.2902E-01  7.6318E-03
  4.6221E+02  1.2901E-01  9.1220E-03
  4.6258E+02  1.2898E-01  1.0610E-02
  4.6294E+02  1.2894E-01  1.2096E-02
  4.6331E+02  1.2889E-01  1.3579E-02
  4.6368E+02  1.2882E-01  1.5059E-02
  4.6405E+02  1.2874E-01  1.6536E-02
  4.6442E+02  1.2864E-01  1.8011E-02
  4.6478E+02  1.2853E-01  1.9482E-02
  4.6515E+02  1.2841E-01  2.0950E-02
  4.6552E+02  1.2827E-01  2.2415E-02
  4.6589E+02  1.2812E-01  2.3876E-02
  4.6626E+02  1.2795E-01  2.5334E-02
  4.6662E+02  1.2778E-01  2.6787E-02
  4.6699E+02  1.2758E-01  2.8237E-02
  4.6736E+02  1.2738E-01  2.9683E-02
  4.6773E+02  1.2716E-01  3.1124E-02
  4.6810E+02  1.2692E-01  3.2561E-02
  4.6846E+02  1.2668E-01  3.3994E-02
  4.6883E+02  1.2642E-01  3.5422E-02
  4.6920E+02  1.2614E-01  3.6845E-02
  4.6957E+02  1.2586E-01  3.8264E-02
  4.6994E+02  1.2556E-01  3.9678E-02
  4.7030E+02  1.2524E-01  4.1086E-02
  4.7067E+02  1.2492E-01  4.2490E-02
  4.7104E+02  1.2458E-01  4.3888E-02
  4.7141E+02  1.2423E-01  4.5281E-02
  4.7178E+02  1.2386E-01  4.6668E-02
  4.7214E+02  1.2349E-01  4.8050E-02
  4.7251E+02  1.2310E-01  4.9426E-02
  4.7288E+02  1.2270E-01  5.0796E-02
  4.7325E+02  1.2228E-01  5.2160E-02
  4.7362E+02  1.2185E-01  5.3518E-02
  4.7398E+02  1.2141E-01  5.4870E-02
  4.7435E+02  1.2096E-01  5.6216E-02
  4.7472E+02  1.2050E-01  5.7556E-02
  4.7509E+02  1.2002E-01  5.8889E-02
  4.7546E+02  1.1954E-01  6.0215E-02
  4.7582E+02  1.1904E-01  6.1535E-02
  4.7619E+02  1.1852E-01  6.2848E-02
  4.7656E+02  1.1800E-01  6.4154E-02
  4.7693E+02  1.1746E-01  6.5453E-02
  4.7730E+02  1.1692E-01  6.6745E-02
  4.7766E+02  1.1636E-01  6.8030E-02
  4.7803E+02  1.1579E-01  6.9308E-02
  4.7840E+02  1.1521E-01  7.0578E-02
  4.7877E+02  1.1462E-01  7.1840E-02
  4.7914E+02  1.1401E-01  7.3096E-02
  4.7950E+02  1.1340E-01  7.4343E-02
  4.7987E+02  1.1277E-01  7.5583E-02
  4.8024E+02  1.1213E-01  7.6814E-02
  4.8061E+02  1.1149E-01  7.8038E-02
  4.8098E+02  1.1083E-01  7.9254E-02
  4.8134E+02  1.1016E-01  8.0461E-02
  4.8171E+02  1.0948E-01  8.1660E-02
  4.8208E+02  1.0879E-01  8.2851E-02
  4.8245E+02  1.0808E-01  8.4033E-02
  4.8282E+02  1.0737E-01  8.5206E-02
  4.8318E+02  1.0665E-01  8.6371E-02
  4.8355E+02  1.0592E-01  8.7526E-02
  4.8392E+02  1.0517E-01  8.8673E-02
  4.8429E+02  1.0442E-01  8.9811E-02
  4.8466E+02  1.0366E-01  9.0939E-02
  4.8502E+02  1.0288E-01  9.2059E-02
  4.8539E+02  1.0210E-01  9.3169E-02
  4.8576E+02  1.0131E-01  9.4269E-02
  4.8613E+02  1.0051E-01  9.5360E-02
  4.8650E+02  9.9694E-02  9.6441E-02
  4.8686E+02  9.8873E-02  9.7512E-02
  4.8723E+02  9.8042E-02  9.8574E-02
  4.8760E+02  9.7201E-02  9.9625E-02
  4.8797E+02  9.6352E-02  1.0067E-01
  4.8834E+02  9.5493E-02  1.0170E-01
  4.8870E+02  9.4626E-02  1.0272E-01
  4.8907E+02  9.3749E-02  1.0373E-01
  4.8944E+02  9.2864E-02  1.0473E-01
  4.8981E+02  9.1970E-02  1.0572E-01
  4.9018E+02  9.1067E-02  1.0670E-01
  4.9054E+02  9.0156E-02  1.0767E-01
  4.9091E+02  8.9237E-02  1.0862E-01
  4.9128E+02  8.8309E-02  1.0957E-01
  4.9165E+02  8.7374E-02  1.1051E-01
  4.9202E+02  8.6430E-02  1.1143E-01
  4.9238E+02  8.5479E-02  1.1235E-01
  4.9275E+02  8.4519E-02  1.1325E-01
  4.9312E+02  8.3553E-02  1.1414E-01
  4.9349E+02  8.2578E-02  1.1502E-01
  4.9386E+02  8.1597E-02  1.1589E-01
  4.9422E+02  8.0608E-02  1.1675E-01
  4.9459E+02  7.9612E-02  1.1759E-01
  4.9496E+02  7.8609E-02  1.1843E-01
  4.9533E+02  7.7599E-02  1.1925E-01
  4.9570E+02  7.6583E-02  1.2006E-01
  4.9606E+02  7.5560E-02  1.2086E-01
  4.9643E+02  7.4531E-02  1.2165E-01
  4.9680E+02  7.3496E-02  1.2243E-01
  4.9717E+02  7.2454E-02  1.2319E-01
  4.9754E+02  7.1406E-02  1.2395E-01
  4.9790E+02  7.0353E-02  1.2469E-01
  4.9827E+02  6.9294E-02  1.2542E-01
  4.9864E+02  6.8229E-02  1.2614E-01
