# CREATED BY GENE DIAGNOSTICS TOOL on Fri May 25 11:28:41 2018
# diag: GAMDIAG, run(s): 0009, time window: 0-499(1261 steps), species: ions
# normalization: L_ref=5.4832m
#
# xind= 0, x/a= -NaN, q= 1.131781
# Fit:    -NaN,Infinity,Infinity
# Analytic: -NaN,Infinity,Infinity
#  t          Re[phi]     Im[phi]   
  0.0000E+00  9.9991E-01  0.0000E+00
  3.9600E-01  9.9676E-01  1.5261E-02
  7.9200E-01  9.8793E-01  3.0362E-02
  1.1880E+00  9.7437E-01  4.5144E-02
  1.5840E+00  9.5723E-01  5.9472E-02
  1.9800E+00  9.3774E-01  7.3257E-02
  2.3760E+00  9.1708E-01  8.6453E-02
  2.7720E+00  8.9627E-01  9.9047E-02
  3.1680E+00  8.7614E-01  1.1106E-01
  3.5640E+00  8.5723E-01  1.2251E-01
  3.9600E+00  8.3979E-01  1.3347E-01
  4.3560E+00  8.2385E-01  1.4398E-01
  4.7520E+00  8.0922E-01  1.5409E-01
  5.1480E+00  7.9559E-01  1.6384E-01
  5.5440E+00  7.8257E-01  1.7326E-01
  5.9400E+00  7.6979E-01  1.8238E-01
  6.3360E+00  7.5689E-01  1.9118E-01
  6.7320E+00  7.4362E-01  1.9968E-01
  7.1280E+00  7.2982E-01  2.0786E-01
  7.5240E+00  7.1543E-01  2.1570E-01
  7.9200E+00  7.0048E-01  2.2320E-01
  8.3160E+00  6.8506E-01  2.3033E-01
  8.7120E+00  6.6932E-01  2.3709E-01
  9.1080E+00  6.5341E-01  2.4348E-01
  9.5040E+00  6.3751E-01  2.4949E-01
  9.9000E+00  6.2178E-01  2.5514E-01
  1.0296E+01  6.0635E-01  2.6043E-01
  1.0692E+01  5.9133E-01  2.6538E-01
  1.1088E+01  5.7682E-01  2.7001E-01
  1.1484E+01  5.6286E-01  2.7433E-01
  1.1880E+01  5.4948E-01  2.7837E-01
  1.2276E+01  5.3672E-01  2.8215E-01
  1.2672E+01  5.2457E-01  2.8568E-01
  1.3068E+01  5.1301E-01  2.8899E-01
  1.3464E+01  5.0204E-01  2.9210E-01
  1.3860E+01  4.9163E-01  2.9503E-01
  1.4256E+01  4.8178E-01  2.9779E-01
  1.4652E+01  4.7249E-01  3.0040E-01
  1.5048E+01  4.6374E-01  3.0288E-01
  1.5444E+01  4.5552E-01  3.0524E-01
  1.5840E+01  4.4782E-01  3.0750E-01
  1.6236E+01  4.4064E-01  3.0968E-01
  1.6632E+01  4.3398E-01  3.1179E-01
  1.7028E+01  4.2783E-01  3.1384E-01
  1.7424E+01  4.2215E-01  3.1585E-01
  1.7820E+01  4.1691E-01  3.1783E-01
  1.8216E+01  4.1211E-01  3.1980E-01
  1.8612E+01  4.0773E-01  3.2176E-01
  1.9008E+01  4.0377E-01  3.2373E-01
  1.9404E+01  4.0019E-01  3.2571E-01
  1.9800E+01  3.9695E-01  3.2772E-01
  2.0196E+01  3.9402E-01  3.2976E-01
  2.0592E+01  3.9135E-01  3.3184E-01
  2.0988E+01  3.8892E-01  3.3396E-01
  2.1384E+01  3.8670E-01  3.3613E-01
  2.1780E+01  3.8468E-01  3.3835E-01
  2.2176E+01  3.8281E-01  3.4063E-01
  2.2572E+01  3.8108E-01  3.4296E-01
  2.2968E+01  3.7947E-01  3.4535E-01
  2.3364E+01  3.7795E-01  3.4780E-01
  2.3760E+01  3.7648E-01  3.5030E-01
  2.4156E+01  3.7501E-01  3.5286E-01
  2.4552E+01  3.7349E-01  3.5547E-01
  2.4948E+01  3.7190E-01  3.5813E-01
  2.5344E+01  3.7026E-01  3.6083E-01
  2.5740E+01  3.6855E-01  3.6356E-01
  2.6136E+01  3.6679E-01  3.6634E-01
  2.6532E+01  3.6494E-01  3.6914E-01
  2.6928E+01  3.6297E-01  3.7197E-01
  2.7324E+01  3.6083E-01  3.7482E-01
  2.7720E+01  3.5849E-01  3.7768E-01
  2.8116E+01  3.5594E-01  3.8054E-01
  2.8512E+01  3.5317E-01  3.8339E-01
  2.8908E+01  3.5020E-01  3.8624E-01
  2.9304E+01  3.4703E-01  3.8906E-01
  2.9700E+01  3.4367E-01  3.9186E-01
  3.0096E+01  3.4010E-01  3.9463E-01
  3.0492E+01  3.3632E-01  3.9736E-01
  3.0888E+01  3.3230E-01  4.0004E-01
  3.1284E+01  3.2803E-01  4.0266E-01
  3.1680E+01  3.2352E-01  4.0523E-01
  3.2076E+01  3.1878E-01  4.0772E-01
  3.2472E+01  3.1383E-01  4.1014E-01
  3.2868E+01  3.0869E-01  4.1247E-01
  3.3264E+01  3.0336E-01  4.1472E-01
  3.3660E+01  2.9785E-01  4.1688E-01
  3.4056E+01  2.9215E-01  4.1895E-01
  3.4452E+01  2.8626E-01  4.2091E-01
  3.4848E+01  2.8017E-01  4.2277E-01
  3.5244E+01  2.7387E-01  4.2451E-01
  3.5640E+01  2.6739E-01  4.2615E-01
  3.6036E+01  2.6075E-01  4.2766E-01
  3.6432E+01  2.5399E-01  4.2905E-01
  3.6828E+01  2.4713E-01  4.3032E-01
  3.7224E+01  2.4019E-01  4.3147E-01
  3.7620E+01  2.3319E-01  4.3249E-01
  3.8016E+01  2.2614E-01  4.3339E-01
  3.8412E+01  2.1904E-01  4.3416E-01
  3.8808E+01  2.1191E-01  4.3481E-01
  3.9204E+01  2.0476E-01  4.3534E-01
  3.9600E+01  1.9757E-01  4.3575E-01
  3.9996E+01  1.9034E-01  4.3603E-01
  4.0392E+01  1.8309E-01  4.3620E-01
  4.0788E+01  1.7581E-01  4.3625E-01
  4.1184E+01  1.6851E-01  4.3618E-01
  4.1580E+01  1.6119E-01  4.3599E-01
  4.1976E+01  1.5388E-01  4.3569E-01
  4.2372E+01  1.4657E-01  4.3527E-01
  4.2768E+01  1.3929E-01  4.3474E-01
  4.3164E+01  1.3205E-01  4.3411E-01
  4.3560E+01  1.2490E-01  4.3336E-01
  4.3956E+01  1.1786E-01  4.3252E-01
  4.4352E+01  1.1100E-01  4.3157E-01
  4.4748E+01  1.0437E-01  4.3055E-01
  4.5144E+01  9.8021E-02  4.2944E-01
  4.5540E+01  9.1955E-02  4.2826E-01
  4.5936E+01  8.6163E-02  4.2703E-01
  4.6332E+01  8.0599E-02  4.2574E-01
  4.6728E+01  7.5190E-02  4.2440E-01
  4.7124E+01  6.9844E-02  4.2302E-01
  4.7520E+01  6.4454E-02  4.2159E-01
  4.7916E+01  5.8916E-02  4.2012E-01
  4.8312E+01  5.3147E-02  4.1859E-01
  4.8708E+01  4.7099E-02  4.1699E-01
  4.9104E+01  4.0776E-02  4.1532E-01
  4.9500E+01  3.4236E-02  4.1357E-01
  4.9896E+01  2.7582E-02  4.1173E-01
  5.0292E+01  2.0947E-02  4.0981E-01
  5.0688E+01  1.4470E-02  4.0781E-01
  5.1084E+01  8.2761E-03  4.0574E-01
  5.1480E+01  2.4660E-03  4.0360E-01
  5.1876E+01 -2.8971E-03  4.0141E-01
  5.2272E+01 -7.7924E-03  3.9918E-01
  5.2668E+01 -1.2241E-02  3.9692E-01
  5.3064E+01 -1.6298E-02  3.9466E-01
  5.3460E+01 -2.0048E-02  3.9238E-01
  5.3856E+01 -2.3590E-02  3.9011E-01
  5.4252E+01 -2.7032E-02  3.8784E-01
  5.4648E+01 -3.0477E-02  3.8558E-01
  5.5044E+01 -3.4008E-02  3.8330E-01
  5.5440E+01 -3.7679E-02  3.8102E-01
  5.5836E+01 -4.1514E-02  3.7873E-01
  5.6232E+01 -4.5507E-02  3.7641E-01
  5.6628E+01 -4.9632E-02  3.7407E-01
  5.7024E+01 -5.3852E-02  3.7169E-01
  5.7420E+01 -5.8122E-02  3.6928E-01
  5.7816E+01 -6.2399E-02  3.6683E-01
  5.8212E+01 -6.6642E-02  3.6435E-01
  5.8608E+01 -7.0820E-02  3.6183E-01
  5.9004E+01 -7.4912E-02  3.5927E-01
  5.9400E+01 -7.8915E-02  3.5668E-01
  5.9796E+01 -8.2835E-02  3.5406E-01
  6.0192E+01 -8.6692E-02  3.5141E-01
  6.0588E+01 -9.0510E-02  3.4873E-01
  6.0984E+01 -9.4319E-02  3.4601E-01
  6.1380E+01 -9.8143E-02  3.4326E-01
  6.1776E+01 -1.0200E-01  3.4047E-01
  6.2172E+01 -1.0591E-01  3.3764E-01
  6.2568E+01 -1.0986E-01  3.3477E-01
  6.2964E+01 -1.1385E-01  3.3186E-01
  6.3360E+01 -1.1787E-01  3.2890E-01
  6.3756E+01 -1.2188E-01  3.2589E-01
  6.4152E+01 -1.2588E-01  3.2283E-01
  6.4548E+01 -1.2983E-01  3.1972E-01
  6.4944E+01 -1.3372E-01  3.1657E-01
  6.5340E+01 -1.3754E-01  3.1337E-01
  6.5736E+01 -1.4127E-01  3.1013E-01
  6.6132E+01 -1.4493E-01  3.0685E-01
  6.6528E+01 -1.4852E-01  3.0353E-01
  6.6924E+01 -1.5204E-01  3.0017E-01
  6.7320E+01 -1.5550E-01  2.9677E-01
  6.7716E+01 -1.5892E-01  2.9334E-01
  6.8112E+01 -1.6231E-01  2.8987E-01
  6.8508E+01 -1.6570E-01  2.8636E-01
  6.8904E+01 -1.6908E-01  2.8282E-01
  6.9300E+01 -1.7249E-01  2.7924E-01
  6.9696E+01 -1.7591E-01  2.7562E-01
  7.0092E+01 -1.7937E-01  2.7195E-01
  7.0488E+01 -1.8284E-01  2.6825E-01
  7.0884E+01 -1.8633E-01  2.6450E-01
  7.1280E+01 -1.8983E-01  2.6070E-01
  7.1676E+01 -1.9331E-01  2.5686E-01
  7.2072E+01 -1.9676E-01  2.5298E-01
  7.2468E+01 -2.0018E-01  2.4906E-01
  7.2864E+01 -2.0355E-01  2.4509E-01
  7.3260E+01 -2.0688E-01  2.4108E-01
  7.3656E+01 -2.1014E-01  2.3703E-01
  7.4052E+01 -2.1335E-01  2.3295E-01
  7.4448E+01 -2.1649E-01  2.2882E-01
  7.4844E+01 -2.1955E-01  2.2467E-01
  7.5240E+01 -2.2255E-01  2.2048E-01
  7.5636E+01 -2.2548E-01  2.1626E-01
  7.6032E+01 -2.2835E-01  2.1200E-01
  7.6428E+01 -2.3116E-01  2.0773E-01
  7.6824E+01 -2.3390E-01  2.0342E-01
  7.7220E+01 -2.3659E-01  1.9908E-01
  7.7616E+01 -2.3923E-01  1.9473E-01
  7.8012E+01 -2.4180E-01  1.9034E-01
  7.8408E+01 -2.4431E-01  1.8594E-01
  7.8804E+01 -2.4676E-01  1.8151E-01
  7.9200E+01 -2.4915E-01  1.7706E-01
  7.9596E+01 -2.5149E-01  1.7260E-01
  7.9992E+01 -2.5377E-01  1.6811E-01
  8.0388E+01 -2.5601E-01  1.6361E-01
  8.0784E+01 -2.5820E-01  1.5908E-01
  8.1180E+01 -2.6035E-01  1.5455E-01
  8.1576E+01 -2.6245E-01  1.4999E-01
  8.1972E+01 -2.6450E-01  1.4542E-01
  8.2368E+01 -2.6650E-01  1.4083E-01
  8.2764E+01 -2.6844E-01  1.3623E-01
  8.3160E+01 -2.7030E-01  1.3162E-01
  8.3556E+01 -2.7210E-01  1.2700E-01
  8.3952E+01 -2.7381E-01  1.2236E-01
  8.4348E+01 -2.7545E-01  1.1772E-01
  8.4744E+01 -2.7701E-01  1.1307E-01
  8.5140E+01 -2.7850E-01  1.0841E-01
  8.5536E+01 -2.7992E-01  1.0375E-01
  8.5932E+01 -2.8127E-01  9.9085E-02
  8.6328E+01 -2.8257E-01  9.4416E-02
  8.6724E+01 -2.8382E-01  8.9743E-02
  8.7120E+01 -2.8501E-01  8.5068E-02
  8.7516E+01 -2.8615E-01  8.0390E-02
  8.7912E+01 -2.8723E-01  7.5711E-02
  8.8308E+01 -2.8825E-01  7.1031E-02
  8.8704E+01 -2.8920E-01  6.6351E-02
  8.9100E+01 -2.9008E-01  6.1672E-02
  8.9496E+01 -2.9088E-01  5.6996E-02
  8.9892E+01 -2.9161E-01  5.2322E-02
  9.0288E+01 -2.9227E-01  4.7654E-02
  9.0684E+01 -2.9286E-01  4.2990E-02
  9.1080E+01 -2.9340E-01  3.8332E-02
  9.1476E+01 -2.9389E-01  3.3679E-02
  9.1872E+01 -2.9435E-01  2.9032E-02
  9.2268E+01 -2.9477E-01  2.4391E-02
  9.2664E+01 -2.9516E-01  1.9755E-02
  9.3060E+01 -2.9550E-01  1.5125E-02
  9.3456E+01 -2.9580E-01  1.0500E-02
  9.3852E+01 -2.9604E-01  5.8824E-03
  9.4248E+01 -2.9620E-01  1.2721E-03
  9.4644E+01 -2.9630E-01 -3.3296E-03
  9.5040E+01 -2.9632E-01 -7.9215E-03
  9.5436E+01 -2.9627E-01 -1.2503E-02
  9.5832E+01 -2.9618E-01 -1.7073E-02
  9.6228E+01 -2.9604E-01 -2.1632E-02
  9.6624E+01 -2.9587E-01 -2.6181E-02
  9.7020E+01 -2.9569E-01 -3.0719E-02
  9.7416E+01 -2.9550E-01 -3.5248E-02
  9.7812E+01 -2.9530E-01 -3.9768E-02
  9.8208E+01 -2.9509E-01 -4.4281E-02
  9.8604E+01 -2.9485E-01 -4.8785E-02
  9.9000E+01 -2.9457E-01 -5.3282E-02
  9.9396E+01 -2.9422E-01 -5.7769E-02
  9.9792E+01 -2.9378E-01 -6.2245E-02
  1.0019E+02 -2.9325E-01 -6.6708E-02
  1.0058E+02 -2.9261E-01 -7.1155E-02
  1.0098E+02 -2.9186E-01 -7.5585E-02
  1.0138E+02 -2.9101E-01 -7.9995E-02
  1.0177E+02 -2.9006E-01 -8.4382E-02
  1.0217E+02 -2.8905E-01 -8.8747E-02
  1.0256E+02 -2.8797E-01 -9.3088E-02
  1.0296E+02 -2.8687E-01 -9.7405E-02
  1.0336E+02 -2.8574E-01 -1.0170E-01
  1.0375E+02 -2.8462E-01 -1.0597E-01
  1.0415E+02 -2.8351E-01 -1.1022E-01
  1.0454E+02 -2.8242E-01 -1.1445E-01
  1.0494E+02 -2.8134E-01 -1.1867E-01
  1.0534E+02 -2.8026E-01 -1.2286E-01
  1.0573E+02 -2.7917E-01 -1.2704E-01
  1.0613E+02 -2.7804E-01 -1.3120E-01
  1.0652E+02 -2.7687E-01 -1.3534E-01
  1.0692E+02 -2.7564E-01 -1.3947E-01
  1.0732E+02 -2.7433E-01 -1.4357E-01
  1.0771E+02 -2.7293E-01 -1.4765E-01
  1.0811E+02 -2.7145E-01 -1.5170E-01
  1.0850E+02 -2.6989E-01 -1.5573E-01
  1.0890E+02 -2.6825E-01 -1.5973E-01
  1.0930E+02 -2.6654E-01 -1.6371E-01
  1.0969E+02 -2.6477E-01 -1.6765E-01
  1.1009E+02 -2.6294E-01 -1.7156E-01
  1.1048E+02 -2.6106E-01 -1.7544E-01
  1.1088E+02 -2.5915E-01 -1.7929E-01
  1.1128E+02 -2.5720E-01 -1.8310E-01
  1.1167E+02 -2.5522E-01 -1.8688E-01
  1.1207E+02 -2.5322E-01 -1.9063E-01
  1.1246E+02 -2.5118E-01 -1.9435E-01
  1.1286E+02 -2.4912E-01 -1.9804E-01
  1.1326E+02 -2.4703E-01 -2.0169E-01
  1.1365E+02 -2.4491E-01 -2.0530E-01
  1.1405E+02 -2.4275E-01 -2.0889E-01
  1.1444E+02 -2.4055E-01 -2.1244E-01
  1.1484E+02 -2.3831E-01 -2.1595E-01
  1.1524E+02 -2.3603E-01 -2.1943E-01
  1.1563E+02 -2.3371E-01 -2.2288E-01
  1.1603E+02 -2.3134E-01 -2.2629E-01
  1.1642E+02 -2.2893E-01 -2.2966E-01
  1.1682E+02 -2.2648E-01 -2.3299E-01
  1.1722E+02 -2.2398E-01 -2.3629E-01
  1.1761E+02 -2.2145E-01 -2.3954E-01
  1.1801E+02 -2.1887E-01 -2.4276E-01
  1.1840E+02 -2.1626E-01 -2.4594E-01
  1.1880E+02 -2.1361E-01 -2.4908E-01
  1.1920E+02 -2.1092E-01 -2.5217E-01
  1.1959E+02 -2.0820E-01 -2.5523E-01
  1.1999E+02 -2.0545E-01 -2.5825E-01
  1.2038E+02 -2.0267E-01 -2.6122E-01
  1.2078E+02 -1.9987E-01 -2.6415E-01
  1.2118E+02 -1.9704E-01 -2.6704E-01
  1.2157E+02 -1.9419E-01 -2.6989E-01
  1.2197E+02 -1.9132E-01 -2.7270E-01
  1.2236E+02 -1.8842E-01 -2.7546E-01
  1.2276E+02 -1.8551E-01 -2.7818E-01
  1.2316E+02 -1.8258E-01 -2.8087E-01
  1.2355E+02 -1.7961E-01 -2.8350E-01
  1.2395E+02 -1.7662E-01 -2.8610E-01
  1.2434E+02 -1.7360E-01 -2.8865E-01
  1.2474E+02 -1.7055E-01 -2.9117E-01
  1.2514E+02 -1.6747E-01 -2.9363E-01
  1.2553E+02 -1.6436E-01 -2.9606E-01
  1.2593E+02 -1.6122E-01 -2.9843E-01
  1.2632E+02 -1.5804E-01 -3.0077E-01
  1.2672E+02 -1.5484E-01 -3.0306E-01
  1.2712E+02 -1.5162E-01 -3.0530E-01
  1.2751E+02 -1.4837E-01 -3.0750E-01
  1.2791E+02 -1.4510E-01 -3.0965E-01
  1.2830E+02 -1.4181E-01 -3.1175E-01
  1.2870E+02 -1.3850E-01 -3.1381E-01
  1.2910E+02 -1.3518E-01 -3.1583E-01
  1.2949E+02 -1.3185E-01 -3.1779E-01
  1.2989E+02 -1.2850E-01 -3.1971E-01
  1.3028E+02 -1.2515E-01 -3.2159E-01
  1.3068E+02 -1.2178E-01 -3.2342E-01
  1.3108E+02 -1.1840E-01 -3.2520E-01
  1.3147E+02 -1.1502E-01 -3.2694E-01
  1.3187E+02 -1.1162E-01 -3.2863E-01
  1.3226E+02 -1.0821E-01 -3.3028E-01
  1.3266E+02 -1.0479E-01 -3.3188E-01
  1.3306E+02 -1.0136E-01 -3.3343E-01
  1.3345E+02 -9.7911E-02 -3.3494E-01
  1.3385E+02 -9.4449E-02 -3.3641E-01
  1.3424E+02 -9.0972E-02 -3.3782E-01
  1.3464E+02 -8.7480E-02 -3.3919E-01
  1.3504E+02 -8.3975E-02 -3.4051E-01
  1.3543E+02 -8.0457E-02 -3.4179E-01
  1.3583E+02 -7.6928E-02 -3.4302E-01
  1.3622E+02 -7.3388E-02 -3.4420E-01
  1.3662E+02 -6.9836E-02 -3.4534E-01
  1.3702E+02 -6.6273E-02 -3.4642E-01
  1.3741E+02 -6.2697E-02 -3.4746E-01
  1.3781E+02 -5.9108E-02 -3.4845E-01
  1.3820E+02 -5.5507E-02 -3.4940E-01
  1.3860E+02 -5.1896E-02 -3.5029E-01
  1.3900E+02 -4.8277E-02 -3.5114E-01
  1.3939E+02 -4.4653E-02 -3.5194E-01
  1.3979E+02 -4.1028E-02 -3.5269E-01
  1.4018E+02 -3.7403E-02 -3.5339E-01
  1.4058E+02 -3.3781E-02 -3.5405E-01
  1.4098E+02 -3.0162E-02 -3.5465E-01
  1.4137E+02 -2.6547E-02 -3.5521E-01
  1.4177E+02 -2.2933E-02 -3.5572E-01
  1.4216E+02 -1.9320E-02 -3.5619E-01
  1.4256E+02 -1.5706E-02 -3.5661E-01
  1.4296E+02 -1.2090E-02 -3.5698E-01
  1.4335E+02 -8.4706E-03 -3.5730E-01
  1.4375E+02 -4.8483E-03 -3.5757E-01
  1.4414E+02 -1.2241E-03 -3.5780E-01
  1.4454E+02  2.4001E-03 -3.5798E-01
  1.4494E+02  6.0220E-03 -3.5811E-01
  1.4533E+02  9.6388E-03 -3.5820E-01
  1.4573E+02  1.3248E-02 -3.5824E-01
  1.4612E+02  1.6846E-02 -3.5823E-01
  1.4652E+02  2.0434E-02 -3.5817E-01
  1.4692E+02  2.4009E-02 -3.5807E-01
  1.4731E+02  2.7572E-02 -3.5792E-01
  1.4771E+02  3.1125E-02 -3.5773E-01
  1.4810E+02  3.4669E-02 -3.5749E-01
  1.4850E+02  3.8208E-02 -3.5720E-01
  1.4890E+02  4.1742E-02 -3.5688E-01
  1.4929E+02  4.5272E-02 -3.5650E-01
  1.4969E+02  4.8797E-02 -3.5608E-01
  1.5008E+02  5.2318E-02 -3.5561E-01
  1.5048E+02  5.5830E-02 -3.5510E-01
  1.5088E+02  5.9332E-02 -3.5454E-01
  1.5127E+02  6.2820E-02 -3.5394E-01
  1.5167E+02  6.6291E-02 -3.5330E-01
  1.5206E+02  6.9741E-02 -3.5261E-01
  1.5246E+02  7.3168E-02 -3.5187E-01
  1.5286E+02  7.6572E-02 -3.5110E-01
  1.5325E+02  7.9950E-02 -3.5028E-01
  1.5365E+02  8.3306E-02 -3.4942E-01
  1.5404E+02  8.6640E-02 -3.4852E-01
  1.5444E+02  8.9956E-02 -3.4757E-01
  1.5484E+02  9.3258E-02 -3.4659E-01
  1.5523E+02  9.6548E-02 -3.4556E-01
  1.5563E+02  9.9831E-02 -3.4450E-01
  1.5602E+02  1.0311E-01 -3.4339E-01
  1.5642E+02  1.0638E-01 -3.4224E-01
  1.5682E+02  1.0964E-01 -3.4105E-01
  1.5721E+02  1.1290E-01 -3.3982E-01
  1.5761E+02  1.1614E-01 -3.3855E-01
  1.5800E+02  1.1937E-01 -3.3723E-01
  1.5840E+02  1.2259E-01 -3.3588E-01
  1.5880E+02  1.2579E-01 -3.3448E-01
  1.5919E+02  1.2896E-01 -3.3305E-01
  1.5959E+02  1.3210E-01 -3.3157E-01
  1.5998E+02  1.3522E-01 -3.3006E-01
  1.6038E+02  1.3831E-01 -3.2850E-01
  1.6078E+02  1.4137E-01 -3.2691E-01
  1.6117E+02  1.4440E-01 -3.2528E-01
  1.6157E+02  1.4739E-01 -3.2361E-01
  1.6196E+02  1.5036E-01 -3.2190E-01
  1.6236E+02  1.5330E-01 -3.2016E-01
  1.6276E+02  1.5620E-01 -3.1839E-01
  1.6315E+02  1.5908E-01 -3.1658E-01
  1.6355E+02  1.6193E-01 -3.1473E-01
  1.6394E+02  1.6475E-01 -3.1285E-01
  1.6434E+02  1.6754E-01 -3.1093E-01
  1.6474E+02  1.7030E-01 -3.0898E-01
  1.6513E+02  1.7304E-01 -3.0700E-01
  1.6553E+02  1.7574E-01 -3.0498E-01
  1.6592E+02  1.7841E-01 -3.0294E-01
  1.6632E+02  1.8104E-01 -3.0086E-01
  1.6672E+02  1.8364E-01 -2.9875E-01
  1.6711E+02  1.8621E-01 -2.9661E-01
  1.6751E+02  1.8874E-01 -2.9443E-01
  1.6790E+02  1.9124E-01 -2.9223E-01
  1.6830E+02  1.9370E-01 -2.9000E-01
  1.6870E+02  1.9613E-01 -2.8775E-01
  1.6909E+02  1.9852E-01 -2.8546E-01
  1.6949E+02  2.0088E-01 -2.8315E-01
  1.6988E+02  2.0321E-01 -2.8080E-01
  1.7028E+02  2.0551E-01 -2.7844E-01
  1.7068E+02  2.0777E-01 -2.7604E-01
  1.7107E+02  2.1001E-01 -2.7362E-01
  1.7147E+02  2.1221E-01 -2.7118E-01
  1.7186E+02  2.1439E-01 -2.6871E-01
  1.7226E+02  2.1655E-01 -2.6621E-01
  1.7266E+02  2.1867E-01 -2.6369E-01
  1.7305E+02  2.2077E-01 -2.6114E-01
  1.7345E+02  2.2284E-01 -2.5857E-01
  1.7384E+02  2.2489E-01 -2.5598E-01
  1.7424E+02  2.2690E-01 -2.5336E-01
  1.7464E+02  2.2889E-01 -2.5071E-01
  1.7503E+02  2.3086E-01 -2.4805E-01
  1.7543E+02  2.3279E-01 -2.4536E-01
  1.7582E+02  2.3469E-01 -2.4264E-01
  1.7622E+02  2.3657E-01 -2.3991E-01
  1.7662E+02  2.3842E-01 -2.3715E-01
  1.7701E+02  2.4024E-01 -2.3437E-01
  1.7741E+02  2.4203E-01 -2.3157E-01
  1.7780E+02  2.4380E-01 -2.2874E-01
  1.7820E+02  2.4554E-01 -2.2589E-01
  1.7860E+02  2.4724E-01 -2.2303E-01
  1.7899E+02  2.4891E-01 -2.2014E-01
  1.7939E+02  2.5056E-01 -2.1723E-01
  1.7978E+02  2.5216E-01 -2.1430E-01
  1.8018E+02  2.5374E-01 -2.1135E-01
  1.8058E+02  2.5528E-01 -2.0838E-01
  1.8097E+02  2.5678E-01 -2.0539E-01
  1.8137E+02  2.5824E-01 -2.0238E-01
  1.8176E+02  2.5966E-01 -1.9936E-01
  1.8216E+02  2.6104E-01 -1.9632E-01
  1.8256E+02  2.6238E-01 -1.9326E-01
  1.8295E+02  2.6367E-01 -1.9019E-01
  1.8335E+02  2.6492E-01 -1.8710E-01
  1.8374E+02  2.6612E-01 -1.8400E-01
  1.8414E+02  2.6727E-01 -1.8088E-01
  1.8454E+02  2.6838E-01 -1.7775E-01
  1.8493E+02  2.6943E-01 -1.7461E-01
  1.8533E+02  2.7043E-01 -1.7145E-01
  1.8572E+02  2.7139E-01 -1.6829E-01
  1.8612E+02  2.7229E-01 -1.6512E-01
  1.8652E+02  2.7315E-01 -1.6194E-01
  1.8691E+02  2.7395E-01 -1.5875E-01
  1.8731E+02  2.7471E-01 -1.5556E-01
  1.8770E+02  2.7541E-01 -1.5235E-01
  1.8810E+02  2.7607E-01 -1.4915E-01
  1.8850E+02  2.7668E-01 -1.4593E-01
  1.8889E+02  2.7724E-01 -1.4272E-01
  1.8929E+02  2.7774E-01 -1.3950E-01
  1.8968E+02  2.7820E-01 -1.3628E-01
  1.9008E+02  2.7862E-01 -1.3306E-01
  1.9048E+02  2.7898E-01 -1.2983E-01
  1.9087E+02  2.7930E-01 -1.2661E-01
  1.9127E+02  2.7958E-01 -1.2338E-01
  1.9166E+02  2.7981E-01 -1.2016E-01
  1.9206E+02  2.8001E-01 -1.1694E-01
  1.9246E+02  2.8017E-01 -1.1372E-01
  1.9285E+02  2.8029E-01 -1.1050E-01
  1.9325E+02  2.8038E-01 -1.0728E-01
  1.9364E+02  2.8043E-01 -1.0407E-01
  1.9404E+02  2.8045E-01 -1.0086E-01
  1.9444E+02  2.8045E-01 -9.7652E-02
  1.9483E+02  2.8041E-01 -9.4447E-02
  1.9523E+02  2.8034E-01 -9.1246E-02
  1.9562E+02  2.8025E-01 -8.8047E-02
  1.9602E+02  2.8013E-01 -8.4853E-02
  1.9642E+02  2.7999E-01 -8.1661E-02
  1.9681E+02  2.7982E-01 -7.8473E-02
  1.9721E+02  2.7963E-01 -7.5288E-02
  1.9760E+02  2.7941E-01 -7.2107E-02
  1.9800E+02  2.7918E-01 -6.8929E-02
  1.9840E+02  2.7892E-01 -6.5755E-02
  1.9879E+02  2.7864E-01 -6.2583E-02
  1.9919E+02  2.7833E-01 -5.9415E-02
  1.9958E+02  2.7801E-01 -5.6250E-02
  1.9998E+02  2.7766E-01 -5.3089E-02
  2.0038E+02  2.7728E-01 -4.9931E-02
  2.0077E+02  2.7687E-01 -4.6777E-02
  2.0117E+02  2.7644E-01 -4.3627E-02
  2.0156E+02  2.7598E-01 -4.0481E-02
  2.0196E+02  2.7549E-01 -3.7340E-02
  2.0236E+02  2.7497E-01 -3.4204E-02
  2.0275E+02  2.7441E-01 -3.1072E-02
  2.0315E+02  2.7382E-01 -2.7946E-02
  2.0354E+02  2.7320E-01 -2.4826E-02
  2.0394E+02  2.7255E-01 -2.1712E-02
  2.0434E+02  2.7186E-01 -1.8605E-02
  2.0473E+02  2.7113E-01 -1.5505E-02
  2.0513E+02  2.7037E-01 -1.2413E-02
  2.0552E+02  2.6957E-01 -9.3294E-03
  2.0592E+02  2.6873E-01 -6.2545E-03
  2.0632E+02  2.6785E-01 -3.1892E-03
  2.0671E+02  2.6692E-01 -1.3431E-04
  2.0711E+02  2.6595E-01  2.9094E-03
  2.0750E+02  2.6493E-01  5.9410E-03
  2.0790E+02  2.6386E-01  8.9597E-03
  2.0830E+02  2.6274E-01  1.1965E-02
  2.0869E+02  2.6157E-01  1.4955E-02
  2.0909E+02  2.6036E-01  1.7929E-02
  2.0948E+02  2.5909E-01  2.0886E-02
  2.0988E+02  2.5777E-01  2.3826E-02
  2.1028E+02  2.5640E-01  2.6748E-02
  2.1067E+02  2.5498E-01  2.9650E-02
  2.1107E+02  2.5351E-01  3.2531E-02
  2.1146E+02  2.5200E-01  3.5392E-02
  2.1186E+02  2.5044E-01  3.8231E-02
  2.1226E+02  2.4884E-01  4.1047E-02
  2.1265E+02  2.4719E-01  4.3839E-02
  2.1305E+02  2.4550E-01  4.6608E-02
  2.1344E+02  2.4377E-01  4.9352E-02
  2.1384E+02  2.4200E-01  5.2070E-02
  2.1424E+02  2.4019E-01  5.4763E-02
  2.1463E+02  2.3834E-01  5.7429E-02
  2.1503E+02  2.3645E-01  6.0068E-02
  2.1542E+02  2.3453E-01  6.2680E-02
  2.1582E+02  2.3258E-01  6.5264E-02
  2.1622E+02  2.3060E-01  6.7820E-02
  2.1661E+02  2.2858E-01  7.0348E-02
  2.1701E+02  2.2654E-01  7.2847E-02
  2.1740E+02  2.2447E-01  7.5317E-02
  2.1780E+02  2.2238E-01  7.7758E-02
  2.1820E+02  2.2027E-01  8.0170E-02
  2.1859E+02  2.1814E-01  8.2553E-02
  2.1899E+02  2.1599E-01  8.4907E-02
  2.1938E+02  2.1382E-01  8.7232E-02
  2.1978E+02  2.1164E-01  8.9528E-02
  2.2018E+02  2.0944E-01  9.1796E-02
  2.2057E+02  2.0723E-01  9.4034E-02
  2.2097E+02  2.0501E-01  9.6245E-02
  2.2136E+02  2.0278E-01  9.8427E-02
  2.2176E+02  2.0054E-01  1.0058E-01
  2.2216E+02  1.9830E-01  1.0271E-01
  2.2255E+02  1.9604E-01  1.0481E-01
  2.2295E+02  1.9378E-01  1.0688E-01
  2.2334E+02  1.9151E-01  1.0893E-01
  2.2374E+02  1.8923E-01  1.1094E-01
  2.2414E+02  1.8695E-01  1.1294E-01
  2.2453E+02  1.8467E-01  1.1490E-01
  2.2493E+02  1.8237E-01  1.1684E-01
  2.2532E+02  1.8007E-01  1.1876E-01
  2.2572E+02  1.7777E-01  1.2065E-01
  2.2612E+02  1.7546E-01  1.2251E-01
  2.2651E+02  1.7314E-01  1.2435E-01
  2.2691E+02  1.7081E-01  1.2616E-01
  2.2730E+02  1.6848E-01  1.2795E-01
  2.2770E+02  1.6614E-01  1.2971E-01
  2.2810E+02  1.6379E-01  1.3145E-01
  2.2849E+02  1.6143E-01  1.3316E-01
  2.2889E+02  1.5906E-01  1.3485E-01
  2.2928E+02  1.5668E-01  1.3651E-01
  2.2968E+02  1.5428E-01  1.3815E-01
  2.3008E+02  1.5187E-01  1.3976E-01
  2.3047E+02  1.4945E-01  1.4135E-01
  2.3087E+02  1.4701E-01  1.4291E-01
  2.3126E+02  1.4456E-01  1.4445E-01
  2.3166E+02  1.4209E-01  1.4595E-01
  2.3206E+02  1.3960E-01  1.4743E-01
  2.3245E+02  1.3710E-01  1.4889E-01
  2.3285E+02  1.3458E-01  1.5031E-01
  2.3324E+02  1.3203E-01  1.5171E-01
  2.3364E+02  1.2947E-01  1.5308E-01
  2.3404E+02  1.2689E-01  1.5442E-01
  2.3443E+02  1.2428E-01  1.5573E-01
  2.3483E+02  1.2166E-01  1.5701E-01
  2.3522E+02  1.1902E-01  1.5826E-01
  2.3562E+02  1.1635E-01  1.5948E-01
  2.3602E+02  1.1367E-01  1.6066E-01
  2.3641E+02  1.1096E-01  1.6182E-01
  2.3681E+02  1.0824E-01  1.6294E-01
  2.3720E+02  1.0549E-01  1.6403E-01
  2.3760E+02  1.0273E-01  1.6509E-01
  2.3800E+02  9.9950E-02  1.6611E-01
  2.3839E+02  9.7151E-02  1.6710E-01
  2.3879E+02  9.4336E-02  1.6806E-01
  2.3918E+02  9.1504E-02  1.6898E-01
  2.3958E+02  8.8658E-02  1.6986E-01
  2.3998E+02  8.5797E-02  1.7071E-01
  2.4037E+02  8.2925E-02  1.7152E-01
  2.4077E+02  8.0040E-02  1.7230E-01
  2.4116E+02  7.7146E-02  1.7304E-01
  2.4156E+02  7.4242E-02  1.7375E-01
  2.4196E+02  7.1330E-02  1.7442E-01
  2.4235E+02  6.8412E-02  1.7505E-01
  2.4275E+02  6.5488E-02  1.7565E-01
  2.4314E+02  6.2559E-02  1.7621E-01
  2.4354E+02  5.9627E-02  1.7673E-01
  2.4394E+02  5.6693E-02  1.7722E-01
  2.4433E+02  5.3757E-02  1.7767E-01
  2.4473E+02  5.0822E-02  1.7808E-01
  2.4512E+02  4.7887E-02  1.7846E-01
  2.4552E+02  4.4955E-02  1.7881E-01
  2.4592E+02  4.2026E-02  1.7911E-01
  2.4631E+02  3.9102E-02  1.7939E-01
  2.4671E+02  3.6183E-02  1.7962E-01
  2.4710E+02  3.3271E-02  1.7983E-01
  2.4750E+02  3.0367E-02  1.7999E-01
  2.4790E+02  2.7471E-02  1.8013E-01
  2.4829E+02  2.4583E-02  1.8023E-01
  2.4869E+02  2.1705E-02  1.8029E-01
  2.4908E+02  1.8838E-02  1.8033E-01
  2.4948E+02  1.5980E-02  1.8033E-01
  2.4988E+02  1.3134E-02  1.8030E-01
  2.5027E+02  1.0299E-02  1.8023E-01
  2.5067E+02  7.4758E-03  1.8013E-01
  2.5106E+02  4.6646E-03  1.8001E-01
  2.5146E+02  1.8659E-03  1.7985E-01
  2.5186E+02 -9.2005E-04  1.7966E-01
  2.5225E+02 -3.6929E-03  1.7944E-01
  2.5265E+02 -6.4524E-03  1.7919E-01
  2.5304E+02 -9.1983E-03  1.7891E-01
  2.5344E+02 -1.1931E-02  1.7860E-01
  2.5384E+02 -1.4649E-02  1.7826E-01
  2.5423E+02 -1.7353E-02  1.7789E-01
  2.5463E+02 -2.0044E-02  1.7750E-01
  2.5502E+02 -2.2721E-02  1.7707E-01
  2.5542E+02 -2.5383E-02  1.7662E-01
  2.5582E+02 -2.8033E-02  1.7614E-01
  2.5621E+02 -3.0668E-02  1.7563E-01
  2.5661E+02 -3.3290E-02  1.7510E-01
  2.5700E+02 -3.5899E-02  1.7454E-01
  2.5740E+02 -3.8494E-02  1.7395E-01
  2.5780E+02 -4.1075E-02  1.7333E-01
  2.5819E+02 -4.3644E-02  1.7269E-01
  2.5859E+02 -4.6198E-02  1.7202E-01
  2.5898E+02 -4.8740E-02  1.7132E-01
  2.5938E+02 -5.1267E-02  1.7060E-01
  2.5978E+02 -5.3781E-02  1.6985E-01
  2.6017E+02 -5.6281E-02  1.6908E-01
  2.6057E+02 -5.8766E-02  1.6828E-01
  2.6096E+02 -6.1238E-02  1.6745E-01
  2.6136E+02 -6.3695E-02  1.6660E-01
  2.6176E+02 -6.6138E-02  1.6573E-01
  2.6215E+02 -6.8566E-02  1.6483E-01
  2.6255E+02 -7.0980E-02  1.6390E-01
  2.6294E+02 -7.3378E-02  1.6295E-01
  2.6334E+02 -7.5762E-02  1.6197E-01
  2.6374E+02 -7.8130E-02  1.6097E-01
  2.6413E+02 -8.0483E-02  1.5994E-01
  2.6453E+02 -8.2819E-02  1.5889E-01
  2.6492E+02 -8.5140E-02  1.5781E-01
  2.6532E+02 -8.7443E-02  1.5671E-01
  2.6572E+02 -8.9730E-02  1.5559E-01
  2.6611E+02 -9.1999E-02  1.5444E-01
  2.6651E+02 -9.4251E-02  1.5327E-01
  2.6690E+02 -9.6484E-02  1.5207E-01
  2.6730E+02 -9.8698E-02  1.5085E-01
  2.6770E+02 -1.0089E-01  1.4961E-01
  2.6809E+02 -1.0307E-01  1.4834E-01
  2.6849E+02 -1.0522E-01  1.4706E-01
  2.6888E+02 -1.0736E-01  1.4575E-01
  2.6928E+02 -1.0947E-01  1.4441E-01
  2.6968E+02 -1.1157E-01  1.4306E-01
  2.7007E+02 -1.1364E-01  1.4168E-01
  2.7047E+02 -1.1569E-01  1.4028E-01
  2.7086E+02 -1.1772E-01  1.3887E-01
  2.7126E+02 -1.1973E-01  1.3743E-01
  2.7166E+02 -1.2171E-01  1.3597E-01
  2.7205E+02 -1.2368E-01  1.3449E-01
  2.7245E+02 -1.2562E-01  1.3298E-01
  2.7284E+02 -1.2754E-01  1.3146E-01
  2.7324E+02 -1.2943E-01  1.2993E-01
  2.7364E+02 -1.3130E-01  1.2837E-01
  2.7403E+02 -1.3315E-01  1.2679E-01
  2.7443E+02 -1.3498E-01  1.2519E-01
  2.7482E+02 -1.3678E-01  1.2358E-01
  2.7522E+02 -1.3856E-01  1.2195E-01
  2.7562E+02 -1.4032E-01  1.2030E-01
  2.7601E+02 -1.4206E-01  1.1863E-01
  2.7641E+02 -1.4377E-01  1.1695E-01
  2.7680E+02 -1.4546E-01  1.1525E-01
  2.7720E+02 -1.4713E-01  1.1354E-01
  2.7760E+02 -1.4877E-01  1.1180E-01
  2.7799E+02 -1.5039E-01  1.1006E-01
  2.7839E+02 -1.5199E-01  1.0829E-01
  2.7878E+02 -1.5356E-01  1.0651E-01
  2.7918E+02 -1.5512E-01  1.0472E-01
  2.7958E+02 -1.5665E-01  1.0291E-01
  2.7997E+02 -1.5816E-01  1.0109E-01
  2.8037E+02 -1.5964E-01  9.9254E-02
  2.8076E+02 -1.6110E-01  9.7403E-02
  2.8116E+02 -1.6254E-01  9.5539E-02
  2.8156E+02 -1.6396E-01  9.3662E-02
  2.8195E+02 -1.6536E-01  9.1771E-02
  2.8235E+02 -1.6673E-01  8.9868E-02
  2.8274E+02 -1.6807E-01  8.7952E-02
  2.8314E+02 -1.6940E-01  8.6024E-02
  2.8354E+02 -1.7070E-01  8.4083E-02
  2.8393E+02 -1.7197E-01  8.2131E-02
  2.8433E+02 -1.7323E-01  8.0167E-02
  2.8472E+02 -1.7445E-01  7.8193E-02
  2.8512E+02 -1.7565E-01  7.6207E-02
  2.8552E+02 -1.7683E-01  7.4211E-02
  2.8591E+02 -1.7798E-01  7.2204E-02
  2.8631E+02 -1.7911E-01  7.0188E-02
  2.8670E+02 -1.8020E-01  6.8162E-02
  2.8710E+02 -1.8127E-01  6.6127E-02
  2.8750E+02 -1.8232E-01  6.4082E-02
  2.8789E+02 -1.8333E-01  6.2030E-02
  2.8829E+02 -1.8432E-01  5.9969E-02
  2.8868E+02 -1.8528E-01  5.7900E-02
  2.8908E+02 -1.8621E-01  5.5823E-02
  2.8948E+02 -1.8712E-01  5.3740E-02
  2.8987E+02 -1.8799E-01  5.1650E-02
  2.9027E+02 -1.8883E-01  4.9554E-02
  2.9066E+02 -1.8964E-01  4.7452E-02
  2.9106E+02 -1.9042E-01  4.5344E-02
  2.9146E+02 -1.9117E-01  4.3232E-02
  2.9185E+02 -1.9189E-01  4.1115E-02
  2.9225E+02 -1.9258E-01  3.8993E-02
  2.9264E+02 -1.9323E-01  3.6869E-02
  2.9304E+02 -1.9386E-01  3.4741E-02
  2.9344E+02 -1.9445E-01  3.2610E-02
  2.9383E+02 -1.9501E-01  3.0477E-02
  2.9423E+02 -1.9553E-01  2.8342E-02
  2.9462E+02 -1.9602E-01  2.6206E-02
  2.9502E+02 -1.9648E-01  2.4068E-02
  2.9542E+02 -1.9691E-01  2.1931E-02
  2.9581E+02 -1.9731E-01  1.9793E-02
  2.9621E+02 -1.9767E-01  1.7656E-02
  2.9660E+02 -1.9800E-01  1.5520E-02
  2.9700E+02 -1.9829E-01  1.3385E-02
  2.9740E+02 -1.9856E-01  1.1252E-02
  2.9779E+02 -1.9879E-01  9.1212E-03
  2.9819E+02 -1.9899E-01  6.9932E-03
  2.9858E+02 -1.9915E-01  4.8682E-03
  2.9898E+02 -1.9929E-01  2.7469E-03
  2.9938E+02 -1.9939E-01  6.2949E-04
  2.9977E+02 -1.9946E-01 -1.4836E-03
  3.0017E+02 -1.9950E-01 -3.5919E-03
  3.0056E+02 -1.9951E-01 -5.6950E-03
  3.0096E+02 -1.9949E-01 -7.7927E-03
  3.0136E+02 -1.9944E-01 -9.8845E-03
  3.0175E+02 -1.9936E-01 -1.1970E-02
  3.0215E+02 -1.9925E-01 -1.4049E-02
  3.0254E+02 -1.9912E-01 -1.6121E-02
  3.0294E+02 -1.9895E-01 -1.8187E-02
  3.0334E+02 -1.9876E-01 -2.0244E-02
  3.0373E+02 -1.9854E-01 -2.2294E-02
  3.0413E+02 -1.9829E-01 -2.4336E-02
  3.0452E+02 -1.9802E-01 -2.6369E-02
  3.0492E+02 -1.9772E-01 -2.8395E-02
  3.0532E+02 -1.9740E-01 -3.0411E-02
  3.0571E+02 -1.9705E-01 -3.2418E-02
  3.0611E+02 -1.9668E-01 -3.4417E-02
  3.0650E+02 -1.9629E-01 -3.6406E-02
  3.0690E+02 -1.9587E-01 -3.8385E-02
  3.0730E+02 -1.9544E-01 -4.0355E-02
  3.0769E+02 -1.9498E-01 -4.2315E-02
  3.0809E+02 -1.9450E-01 -4.4265E-02
  3.0848E+02 -1.9399E-01 -4.6205E-02
  3.0888E+02 -1.9347E-01 -4.8135E-02
  3.0928E+02 -1.9293E-01 -5.0054E-02
  3.0967E+02 -1.9237E-01 -5.1963E-02
  3.1007E+02 -1.9178E-01 -5.3861E-02
  3.1046E+02 -1.9118E-01 -5.5749E-02
  3.1086E+02 -1.9056E-01 -5.7625E-02
  3.1126E+02 -1.8993E-01 -5.9491E-02
  3.1165E+02 -1.8927E-01 -6.1345E-02
  3.1205E+02 -1.8859E-01 -6.3189E-02
  3.1244E+02 -1.8790E-01 -6.5021E-02
  3.1284E+02 -1.8719E-01 -6.6841E-02
  3.1324E+02 -1.8646E-01 -6.8651E-02
  3.1363E+02 -1.8571E-01 -7.0448E-02
  3.1403E+02 -1.8495E-01 -7.2234E-02
  3.1442E+02 -1.8417E-01 -7.4007E-02
  3.1482E+02 -1.8337E-01 -7.5769E-02
  3.1522E+02 -1.8255E-01 -7.7518E-02
  3.1561E+02 -1.8171E-01 -7.9255E-02
  3.1601E+02 -1.8086E-01 -8.0979E-02
  3.1640E+02 -1.7998E-01 -8.2691E-02
  3.1680E+02 -1.7909E-01 -8.4389E-02
  3.1720E+02 -1.7818E-01 -8.6075E-02
  3.1759E+02 -1.7725E-01 -8.7747E-02
  3.1799E+02 -1.7630E-01 -8.9405E-02
  3.1838E+02 -1.7533E-01 -9.1050E-02
  3.1878E+02 -1.7434E-01 -9.2680E-02
  3.1918E+02 -1.7334E-01 -9.4296E-02
  3.1957E+02 -1.7231E-01 -9.5898E-02
  3.1997E+02 -1.7126E-01 -9.7485E-02
  3.2036E+02 -1.7020E-01 -9.9057E-02
  3.2076E+02 -1.6911E-01 -1.0061E-01
  3.2116E+02 -1.6800E-01 -1.0215E-01
  3.2155E+02 -1.6688E-01 -1.0368E-01
  3.2195E+02 -1.6573E-01 -1.0519E-01
  3.2234E+02 -1.6456E-01 -1.0668E-01
  3.2274E+02 -1.6338E-01 -1.0815E-01
  3.2314E+02 -1.6217E-01 -1.0961E-01
  3.2353E+02 -1.6094E-01 -1.1105E-01
  3.2393E+02 -1.5969E-01 -1.1248E-01
  3.2432E+02 -1.5842E-01 -1.1388E-01
  3.2472E+02 -1.5714E-01 -1.1527E-01
  3.2512E+02 -1.5583E-01 -1.1664E-01
  3.2551E+02 -1.5450E-01 -1.1799E-01
  3.2591E+02 -1.5315E-01 -1.1932E-01
  3.2630E+02 -1.5178E-01 -1.2063E-01
  3.2670E+02 -1.5040E-01 -1.2192E-01
  3.2710E+02 -1.4899E-01 -1.2319E-01
  3.2749E+02 -1.4757E-01 -1.2444E-01
  3.2789E+02 -1.4613E-01 -1.2567E-01
  3.2828E+02 -1.4467E-01 -1.2688E-01
  3.2868E+02 -1.4319E-01 -1.2807E-01
  3.2908E+02 -1.4169E-01 -1.2924E-01
  3.2947E+02 -1.4018E-01 -1.3038E-01
  3.2987E+02 -1.3865E-01 -1.3151E-01
  3.3026E+02 -1.3711E-01 -1.3261E-01
  3.3066E+02 -1.3555E-01 -1.3369E-01
  3.3106E+02 -1.3398E-01 -1.3475E-01
  3.3145E+02 -1.3239E-01 -1.3578E-01
  3.3185E+02 -1.3078E-01 -1.3680E-01
  3.3224E+02 -1.2917E-01 -1.3779E-01
  3.3264E+02 -1.2754E-01 -1.3876E-01
  3.3304E+02 -1.2589E-01 -1.3970E-01
  3.3343E+02 -1.2424E-01 -1.4063E-01
  3.3383E+02 -1.2257E-01 -1.4152E-01
  3.3422E+02 -1.2089E-01 -1.4240E-01
  3.3462E+02 -1.1920E-01 -1.4325E-01
  3.3502E+02 -1.1750E-01 -1.4408E-01
  3.3541E+02 -1.1579E-01 -1.4489E-01
  3.3581E+02 -1.1407E-01 -1.4568E-01
  3.3620E+02 -1.1235E-01 -1.4644E-01
  3.3660E+02 -1.1061E-01 -1.4717E-01
  3.3700E+02 -1.0887E-01 -1.4789E-01
  3.3739E+02 -1.0711E-01 -1.4858E-01
  3.3779E+02 -1.0535E-01 -1.4924E-01
  3.3818E+02 -1.0359E-01 -1.4989E-01
  3.3858E+02 -1.0182E-01 -1.5050E-01
  3.3898E+02 -1.0004E-01 -1.5110E-01
  3.3937E+02 -9.8256E-02 -1.5167E-01
  3.3977E+02 -9.6467E-02 -1.5222E-01
  3.4016E+02 -9.4674E-02 -1.5275E-01
  3.4056E+02 -9.2876E-02 -1.5325E-01
  3.4096E+02 -9.1074E-02 -1.5373E-01
  3.4135E+02 -8.9268E-02 -1.5419E-01
  3.4175E+02 -8.7459E-02 -1.5462E-01
  3.4214E+02 -8.5646E-02 -1.5503E-01
  3.4254E+02 -8.3831E-02 -1.5542E-01
  3.4294E+02 -8.2013E-02 -1.5579E-01
  3.4333E+02 -8.0193E-02 -1.5613E-01
  3.4373E+02 -7.8371E-02 -1.5645E-01
  3.4412E+02 -7.6547E-02 -1.5674E-01
  3.4452E+02 -7.4722E-02 -1.5702E-01
  3.4492E+02 -7.2895E-02 -1.5727E-01
  3.4531E+02 -7.1067E-02 -1.5749E-01
  3.4571E+02 -6.9239E-02 -1.5770E-01
  3.4610E+02 -6.7410E-02 -1.5788E-01
  3.4650E+02 -6.5581E-02 -1.5804E-01
  3.4690E+02 -6.3751E-02 -1.5818E-01
  3.4729E+02 -6.1922E-02 -1.5829E-01
  3.4769E+02 -6.0093E-02 -1.5838E-01
  3.4808E+02 -5.8265E-02 -1.5845E-01
  3.4848E+02 -5.6438E-02 -1.5850E-01
  3.4888E+02 -5.4611E-02 -1.5852E-01
  3.4927E+02 -5.2786E-02 -1.5853E-01
  3.4967E+02 -5.0963E-02 -1.5851E-01
  3.5006E+02 -4.9141E-02 -1.5847E-01
  3.5046E+02 -4.7321E-02 -1.5840E-01
  3.5086E+02 -4.5503E-02 -1.5832E-01
  3.5125E+02 -4.3688E-02 -1.5821E-01
  3.5165E+02 -4.1875E-02 -1.5808E-01
  3.5204E+02 -4.0065E-02 -1.5793E-01
  3.5244E+02 -3.8258E-02 -1.5775E-01
  3.5284E+02 -3.6454E-02 -1.5756E-01
  3.5323E+02 -3.4654E-02 -1.5734E-01
  3.5363E+02 -3.2858E-02 -1.5710E-01
  3.5402E+02 -3.1065E-02 -1.5684E-01
  3.5442E+02 -2.9276E-02 -1.5656E-01
  3.5482E+02 -2.7492E-02 -1.5626E-01
  3.5521E+02 -2.5712E-02 -1.5594E-01
  3.5561E+02 -2.3937E-02 -1.5559E-01
  3.5600E+02 -2.2167E-02 -1.5522E-01
  3.5640E+02 -2.0402E-02 -1.5484E-01
  3.5680E+02 -1.8643E-02 -1.5443E-01
  3.5719E+02 -1.6889E-02 -1.5400E-01
  3.5759E+02 -1.5140E-02 -1.5354E-01
  3.5798E+02 -1.3398E-02 -1.5307E-01
  3.5838E+02 -1.1662E-02 -1.5258E-01
  3.5878E+02 -9.9321E-03 -1.5207E-01
  3.5917E+02 -8.2088E-03 -1.5153E-01
  3.5957E+02 -6.4922E-03 -1.5098E-01
  3.5996E+02 -4.7826E-03 -1.5040E-01
  3.6036E+02 -3.0802E-03 -1.4981E-01
  3.6076E+02 -1.3851E-03 -1.4919E-01
  3.6115E+02  3.0236E-04 -1.4856E-01
  3.6155E+02  1.9821E-03 -1.4790E-01
  3.6194E+02  3.6538E-03 -1.4723E-01
  3.6234E+02  5.3174E-03 -1.4654E-01
  3.6274E+02  6.9725E-03 -1.4582E-01
  3.6313E+02  8.6190E-03 -1.4509E-01
  3.6353E+02  1.0257E-02 -1.4433E-01
  3.6392E+02  1.1885E-02 -1.4356E-01
  3.6432E+02  1.3505E-02 -1.4277E-01
  3.6472E+02  1.5115E-02 -1.4196E-01
  3.6511E+02  1.6715E-02 -1.4113E-01
  3.6551E+02  1.8305E-02 -1.4029E-01
  3.6590E+02  1.9886E-02 -1.3942E-01
  3.6630E+02  2.1456E-02 -1.3854E-01
  3.6670E+02  2.3015E-02 -1.3763E-01
  3.6709E+02  2.4563E-02 -1.3671E-01
  3.6749E+02  2.6101E-02 -1.3578E-01
  3.6788E+02  2.7627E-02 -1.3482E-01
  3.6828E+02  2.9141E-02 -1.3385E-01
  3.6868E+02  3.0644E-02 -1.3286E-01
  3.6907E+02  3.2135E-02 -1.3185E-01
  3.6947E+02  3.3614E-02 -1.3082E-01
  3.6986E+02  3.5080E-02 -1.2978E-01
  3.7026E+02  3.6533E-02 -1.2872E-01
  3.7066E+02  3.7974E-02 -1.2765E-01
  3.7105E+02  3.9401E-02 -1.2656E-01
  3.7145E+02  4.0815E-02 -1.2545E-01
  3.7184E+02  4.2215E-02 -1.2433E-01
  3.7224E+02  4.3602E-02 -1.2319E-01
  3.7264E+02  4.4975E-02 -1.2204E-01
  3.7303E+02  4.6333E-02 -1.2087E-01
  3.7343E+02  4.7677E-02 -1.1969E-01
  3.7382E+02  4.9006E-02 -1.1849E-01
  3.7422E+02  5.0321E-02 -1.1728E-01
  3.7462E+02  5.1620E-02 -1.1605E-01
  3.7501E+02  5.2904E-02 -1.1481E-01
  3.7541E+02  5.4173E-02 -1.1356E-01
  3.7580E+02  5.5426E-02 -1.1229E-01
  3.7620E+02  5.6664E-02 -1.1101E-01
  3.7660E+02  5.7885E-02 -1.0972E-01
  3.7699E+02  5.9091E-02 -1.0841E-01
  3.7739E+02  6.0280E-02 -1.0709E-01
  3.7778E+02  6.1453E-02 -1.0576E-01
  3.7818E+02  6.2610E-02 -1.0441E-01
  3.7858E+02  6.3750E-02 -1.0305E-01
  3.7897E+02  6.4874E-02 -1.0169E-01
  3.7937E+02  6.5980E-02 -1.0031E-01
  3.7976E+02  6.7070E-02 -9.8915E-02
  3.8016E+02  6.8143E-02 -9.7513E-02
  3.8056E+02  6.9199E-02 -9.6100E-02
  3.8095E+02  7.0238E-02 -9.4677E-02
  3.8135E+02  7.1259E-02 -9.3243E-02
  3.8174E+02  7.2264E-02 -9.1799E-02
  3.8214E+02  7.3251E-02 -9.0345E-02
  3.8254E+02  7.4221E-02 -8.8881E-02
  3.8293E+02  7.5174E-02 -8.7408E-02
  3.8333E+02  7.6109E-02 -8.5926E-02
  3.8372E+02  7.7027E-02 -8.4435E-02
  3.8412E+02  7.7928E-02 -8.2935E-02
  3.8452E+02  7.8812E-02 -8.1426E-02
  3.8491E+02  7.9678E-02 -7.9909E-02
  3.8531E+02  8.0526E-02 -7.8384E-02
  3.8570E+02  8.1358E-02 -7.6851E-02
  3.8610E+02  8.2172E-02 -7.5310E-02
  3.8650E+02  8.2969E-02 -7.3761E-02
  3.8689E+02  8.3748E-02 -7.2206E-02
  3.8729E+02  8.4510E-02 -7.0643E-02
  3.8768E+02  8.5255E-02 -6.9073E-02
  3.8808E+02  8.5982E-02 -6.7497E-02
  3.8848E+02  8.6692E-02 -6.5914E-02
  3.8887E+02  8.7384E-02 -6.4325E-02
  3.8927E+02  8.8059E-02 -6.2730E-02
  3.8966E+02  8.8716E-02 -6.1128E-02
  3.9006E+02  8.9356E-02 -5.9522E-02
  3.9046E+02  8.9978E-02 -5.7910E-02
  3.9085E+02  9.0582E-02 -5.6292E-02
  3.9125E+02  9.1169E-02 -5.4670E-02
  3.9164E+02  9.1737E-02 -5.3043E-02
  3.9204E+02  9.2288E-02 -5.1411E-02
  3.9244E+02  9.2820E-02 -4.9775E-02
  3.9283E+02  9.3334E-02 -4.8134E-02
  3.9323E+02  9.3830E-02 -4.6490E-02
  3.9362E+02  9.4308E-02 -4.4842E-02
  3.9402E+02  9.4767E-02 -4.3191E-02
  3.9442E+02  9.5207E-02 -4.1536E-02
  3.9481E+02  9.5628E-02 -3.9879E-02
  3.9521E+02  9.6030E-02 -3.8219E-02
  3.9560E+02  9.6413E-02 -3.6556E-02
  3.9600E+02  9.6776E-02 -3.4891E-02
  3.9640E+02  9.7120E-02 -3.3224E-02
  3.9679E+02  9.7445E-02 -3.1556E-02
  3.9719E+02  9.7749E-02 -2.9886E-02
  3.9758E+02  9.8034E-02 -2.8214E-02
  3.9798E+02  9.8299E-02 -2.6542E-02
  3.9838E+02  9.8544E-02 -2.4870E-02
  3.9877E+02  9.8768E-02 -2.3197E-02
  3.9917E+02  9.8973E-02 -2.1523E-02
  3.9956E+02  9.9157E-02 -1.9851E-02
  3.9996E+02  9.9321E-02 -1.8178E-02
  4.0036E+02  9.9464E-02 -1.6506E-02
  4.0075E+02  9.9587E-02 -1.4836E-02
  4.0115E+02  9.9690E-02 -1.3167E-02
  4.0154E+02  9.9772E-02 -1.1499E-02
  4.0194E+02  9.9834E-02 -9.8333E-03
  4.0234E+02  9.9875E-02 -8.1697E-03
  4.0273E+02  9.9897E-02 -6.5086E-03
  4.0313E+02  9.9898E-02 -4.8501E-03
  4.0352E+02  9.9880E-02 -3.1947E-03
  4.0392E+02  9.9842E-02 -1.5425E-03
  4.0432E+02  9.9784E-02  1.0626E-04
  4.0471E+02  9.9707E-02  1.7512E-03
  4.0511E+02  9.9610E-02  3.3922E-03
  4.0550E+02  9.9494E-02  5.0290E-03
  4.0590E+02  9.9360E-02  6.6612E-03
  4.0630E+02  9.9207E-02  8.2888E-03
  4.0669E+02  9.9035E-02  9.9115E-03
  4.0709E+02  9.8846E-02  1.1529E-02
  4.0748E+02  9.8639E-02  1.3141E-02
  4.0788E+02  9.8414E-02  1.4748E-02
  4.0828E+02  9.8172E-02  1.6349E-02
  4.0867E+02  9.7912E-02  1.7944E-02
  4.0907E+02  9.7636E-02  1.9532E-02
  4.0946E+02  9.7344E-02  2.1115E-02
  4.0986E+02  9.7035E-02  2.2691E-02
  4.1026E+02  9.6711E-02  2.4261E-02
  4.1065E+02  9.6371E-02  2.5823E-02
  4.1105E+02  9.6015E-02  2.7379E-02
  4.1144E+02  9.5644E-02  2.8928E-02
  4.1184E+02  9.5258E-02  3.0469E-02
  4.1224E+02  9.4858E-02  3.2003E-02
  4.1263E+02  9.4443E-02  3.3530E-02
  4.1303E+02  9.4013E-02  3.5049E-02
  4.1342E+02  9.3570E-02  3.6560E-02
  4.1382E+02  9.3112E-02  3.8064E-02
  4.1422E+02  9.2641E-02  3.9559E-02
  4.1461E+02  9.2156E-02  4.1046E-02
  4.1501E+02  9.1657E-02  4.2525E-02
  4.1540E+02  9.1145E-02  4.3996E-02
  4.1580E+02  9.0619E-02  4.5458E-02
  4.1620E+02  9.0080E-02  4.6912E-02
  4.1659E+02  8.9528E-02  4.8357E-02
  4.1699E+02  8.8962E-02  4.9793E-02
  4.1738E+02  8.8383E-02  5.1220E-02
  4.1778E+02  8.7791E-02  5.2638E-02
  4.1818E+02  8.7186E-02  5.4046E-02
  4.1857E+02  8.6567E-02  5.5445E-02
  4.1897E+02  8.5935E-02  5.6835E-02
  4.1936E+02  8.5290E-02  5.8215E-02
  4.1976E+02  8.4631E-02  5.9585E-02
  4.2016E+02  8.3958E-02  6.0945E-02
  4.2055E+02  8.3272E-02  6.2295E-02
  4.2095E+02  8.2573E-02  6.3635E-02
  4.2134E+02  8.1859E-02  6.4964E-02
  4.2174E+02  8.1132E-02  6.6282E-02
  4.2214E+02  8.0391E-02  6.7590E-02
  4.2253E+02  7.9636E-02  6.8886E-02
  4.2293E+02  7.8866E-02  7.0172E-02
  4.2332E+02  7.8083E-02  7.1446E-02
  4.2372E+02  7.7286E-02  7.2708E-02
  4.2412E+02  7.6475E-02  7.3958E-02
  4.2451E+02  7.5649E-02  7.5197E-02
  4.2491E+02  7.4809E-02  7.6423E-02
  4.2530E+02  7.3956E-02  7.7636E-02
  4.2570E+02  7.3088E-02  7.8837E-02
  4.2610E+02  7.2206E-02  8.0025E-02
  4.2649E+02  7.1310E-02  8.1201E-02
  4.2689E+02  7.0401E-02  8.2362E-02
  4.2728E+02  6.9477E-02  8.3511E-02
  4.2768E+02  6.8541E-02  8.4646E-02
  4.2808E+02  6.7591E-02  8.5767E-02
  4.2847E+02  6.6628E-02  8.6874E-02
  4.2887E+02  6.5651E-02  8.7966E-02
  4.2926E+02  6.4663E-02  8.9045E-02
  4.2966E+02  6.3662E-02  9.0108E-02
  4.3006E+02  6.2649E-02  9.1157E-02
  4.3045E+02  6.1624E-02  9.2191E-02
  4.3085E+02  6.0587E-02  9.3210E-02
  4.3124E+02  5.9540E-02  9.4214E-02
  4.3164E+02  5.8482E-02  9.5203E-02
  4.3204E+02  5.7414E-02  9.6176E-02
  4.3243E+02  5.6336E-02  9.7134E-02
  4.3283E+02  5.5248E-02  9.8076E-02
  4.3322E+02  5.4151E-02  9.9002E-02
  4.3362E+02  5.3046E-02  9.9913E-02
  4.3402E+02  5.1932E-02  1.0081E-01
  4.3441E+02  5.0811E-02  1.0169E-01
  4.3481E+02  4.9683E-02  1.0255E-01
  4.3520E+02  4.8547E-02  1.0340E-01
  4.3560E+02  4.7405E-02  1.0423E-01
  4.3600E+02  4.6257E-02  1.0504E-01
  4.3639E+02  4.5104E-02  1.0584E-01
  4.3679E+02  4.3945E-02  1.0662E-01
  4.3718E+02  4.2781E-02  1.0739E-01
  4.3758E+02  4.1613E-02  1.0814E-01
  4.3798E+02  4.0441E-02  1.0887E-01
  4.3837E+02  3.9265E-02  1.0959E-01
  4.3877E+02  3.8085E-02  1.1029E-01
  4.3916E+02  3.6902E-02  1.1098E-01
  4.3956E+02  3.5717E-02  1.1165E-01
  4.3996E+02  3.4529E-02  1.1230E-01
  4.4035E+02  3.3338E-02  1.1294E-01
  4.4075E+02  3.2145E-02  1.1356E-01
  4.4114E+02  3.0950E-02  1.1417E-01
  4.4154E+02  2.9753E-02  1.1476E-01
  4.4194E+02  2.8554E-02  1.1534E-01
  4.4233E+02  2.7354E-02  1.1589E-01
  4.4273E+02  2.6152E-02  1.1644E-01
  4.4312E+02  2.4949E-02  1.1697E-01
  4.4352E+02  2.3744E-02  1.1748E-01
  4.4392E+02  2.2538E-02  1.1798E-01
  4.4431E+02  2.1331E-02  1.1846E-01
  4.4471E+02  2.0122E-02  1.1892E-01
  4.4510E+02  1.8912E-02  1.1937E-01
  4.4550E+02  1.7701E-02  1.1981E-01
  4.4590E+02  1.6488E-02  1.2023E-01
  4.4629E+02  1.5274E-02  1.2063E-01
  4.4669E+02  1.4059E-02  1.2102E-01
  4.4708E+02  1.2842E-02  1.2139E-01
  4.4748E+02  1.1624E-02  1.2175E-01
  4.4788E+02  1.0404E-02  1.2209E-01
  4.4827E+02  9.1831E-03  1.2241E-01
  4.4867E+02  7.9606E-03  1.2273E-01
  4.4906E+02  6.7367E-03  1.2302E-01
  4.4946E+02  5.5113E-03  1.2330E-01
  4.4986E+02  4.2844E-03  1.2356E-01
  4.5025E+02  3.0562E-03  1.2381E-01
  4.5065E+02  1.8265E-03  1.2404E-01
  4.5104E+02  5.9553E-04  1.2426E-01
  4.5144E+02 -6.3671E-04  1.2446E-01
  4.5184E+02 -1.8701E-03  1.2464E-01
  4.5223E+02 -3.1047E-03  1.2481E-01
  4.5263E+02 -4.3401E-03  1.2496E-01
  4.5302E+02 -5.5765E-03  1.2510E-01
  4.5342E+02 -6.8135E-03  1.2522E-01
  4.5382E+02 -8.0511E-03  1.2532E-01
  4.5421E+02 -9.2890E-03  1.2541E-01
  4.5461E+02 -1.0527E-02  1.2548E-01
  4.5500E+02 -1.1765E-02  1.2554E-01
  4.5540E+02 -1.3003E-02  1.2558E-01
  4.5580E+02 -1.4240E-02  1.2560E-01
  4.5619E+02 -1.5477E-02  1.2561E-01
  4.5659E+02 -1.6712E-02  1.2560E-01
  4.5698E+02 -1.7946E-02  1.2557E-01
  4.5738E+02 -1.9179E-02  1.2553E-01
  4.5778E+02 -2.0409E-02  1.2547E-01
  4.5817E+02 -2.1638E-02  1.2540E-01
  4.5857E+02 -2.2863E-02  1.2531E-01
  4.5896E+02 -2.4086E-02  1.2520E-01
  4.5936E+02 -2.5306E-02  1.2508E-01
  4.5976E+02 -2.6522E-02  1.2494E-01
  4.6015E+02 -2.7735E-02  1.2479E-01
  4.6055E+02 -2.8943E-02  1.2462E-01
  4.6094E+02 -3.0147E-02  1.2443E-01
  4.6134E+02 -3.1345E-02  1.2423E-01
  4.6174E+02 -3.2539E-02  1.2401E-01
  4.6213E+02 -3.3727E-02  1.2378E-01
  4.6253E+02 -3.4909E-02  1.2353E-01
  4.6292E+02 -3.6085E-02  1.2327E-01
  4.6332E+02 -3.7255E-02  1.2299E-01
  4.6372E+02 -3.8417E-02  1.2269E-01
  4.6411E+02 -3.9573E-02  1.2239E-01
  4.6451E+02 -4.0721E-02  1.2206E-01
  4.6490E+02 -4.1862E-02  1.2173E-01
  4.6530E+02 -4.2994E-02  1.2137E-01
  4.6570E+02 -4.4118E-02  1.2101E-01
  4.6609E+02 -4.5234E-02  1.2063E-01
  4.6649E+02 -4.6341E-02  1.2023E-01
  4.6688E+02 -4.7440E-02  1.1982E-01
  4.6728E+02 -4.8529E-02  1.1940E-01
  4.6768E+02 -4.9609E-02  1.1897E-01
  4.6807E+02 -5.0679E-02  1.1852E-01
  4.6847E+02 -5.1740E-02  1.1806E-01
  4.6886E+02 -5.2791E-02  1.1758E-01
  4.6926E+02 -5.3832E-02  1.1709E-01
  4.6966E+02 -5.4863E-02  1.1659E-01
  4.7005E+02 -5.5884E-02  1.1608E-01
  4.7045E+02 -5.6894E-02  1.1555E-01
  4.7084E+02 -5.7894E-02  1.1502E-01
  4.7124E+02 -5.8884E-02  1.1447E-01
  4.7164E+02 -5.9864E-02  1.1391E-01
  4.7203E+02 -6.0833E-02  1.1333E-01
  4.7243E+02 -6.1791E-02  1.1275E-01
  4.7282E+02 -6.2739E-02  1.1215E-01
  4.7322E+02 -6.3676E-02  1.1155E-01
  4.7362E+02 -6.4603E-02  1.1093E-01
  4.7401E+02 -6.5519E-02  1.1030E-01
  4.7441E+02 -6.6425E-02  1.0966E-01
  4.7480E+02 -6.7319E-02  1.0901E-01
  4.7520E+02 -6.8204E-02  1.0835E-01
  4.7560E+02 -6.9078E-02  1.0768E-01
  4.7599E+02 -6.9941E-02  1.0700E-01
  4.7639E+02 -7.0793E-02  1.0631E-01
  4.7678E+02 -7.1636E-02  1.0561E-01
  4.7718E+02 -7.2467E-02  1.0490E-01
  4.7758E+02 -7.3289E-02  1.0418E-01
  4.7797E+02 -7.4099E-02  1.0345E-01
  4.7837E+02 -7.4900E-02  1.0271E-01
  4.7876E+02 -7.5690E-02  1.0196E-01
  4.7916E+02 -7.6469E-02  1.0120E-01
  4.7956E+02 -7.7238E-02  1.0043E-01
  4.7995E+02 -7.7997E-02  9.9653E-02
  4.8035E+02 -7.8745E-02  9.8867E-02
  4.8074E+02 -7.9483E-02  9.8073E-02
  4.8114E+02 -8.0210E-02  9.7270E-02
  4.8154E+02 -8.0927E-02  9.6458E-02
  4.8193E+02 -8.1633E-02  9.5637E-02
  4.8233E+02 -8.2328E-02  9.4808E-02
  4.8272E+02 -8.3013E-02  9.3971E-02
  4.8312E+02 -8.3688E-02  9.3126E-02
  4.8352E+02 -8.4351E-02  9.2272E-02
  4.8391E+02 -8.5004E-02  9.1411E-02
  4.8431E+02 -8.5646E-02  9.0541E-02
  4.8470E+02 -8.6277E-02  8.9664E-02
  4.8510E+02 -8.6896E-02  8.8779E-02
  4.8550E+02 -8.7505E-02  8.7887E-02
  4.8589E+02 -8.8102E-02  8.6987E-02
  4.8629E+02 -8.8688E-02  8.6080E-02
  4.8668E+02 -8.9263E-02  8.5166E-02
  4.8708E+02 -8.9826E-02  8.4245E-02
  4.8748E+02 -9.0377E-02  8.3316E-02
  4.8787E+02 -9.0916E-02  8.2382E-02
  4.8827E+02 -9.1443E-02  8.1440E-02
  4.8866E+02 -9.1958E-02  8.0492E-02
  4.8906E+02 -9.2461E-02  7.9538E-02
  4.8946E+02 -9.2951E-02  7.8578E-02
  4.8985E+02 -9.3429E-02  7.7611E-02
  4.9025E+02 -9.3895E-02  7.6639E-02
  4.9064E+02 -9.4347E-02  7.5661E-02
  4.9104E+02 -9.4786E-02  7.4678E-02
  4.9144E+02 -9.5213E-02  7.3689E-02
  4.9183E+02 -9.5626E-02  7.2695E-02
  4.9223E+02 -9.6026E-02  7.1696E-02
  4.9262E+02 -9.6412E-02  7.0693E-02
  4.9302E+02 -9.6785E-02  6.9685E-02
  4.9342E+02 -9.7144E-02  6.8672E-02
  4.9381E+02 -9.7489E-02  6.7655E-02
  4.9421E+02 -9.7820E-02  6.6634E-02
  4.9460E+02 -9.8137E-02  6.5610E-02
  4.9500E+02 -9.8440E-02  6.4581E-02
  4.9540E+02 -9.8729E-02  6.3550E-02
  4.9579E+02 -9.9004E-02  6.2515E-02
  4.9619E+02 -9.9264E-02  6.1477E-02
  4.9658E+02 -9.9510E-02  6.0436E-02
  4.9698E+02 -9.9741E-02  5.9392E-02
  4.9738E+02 -9.9957E-02  5.8346E-02
  4.9777E+02 -1.0016E-01  5.7298E-02
  4.9817E+02 -1.0035E-01  5.6248E-02
  4.9856E+02 -1.0052E-01  5.5196E-02
  4.9896E+02 -1.0068E-01  5.4143E-02
