# CREATED BY GENE DIAGNOSTICS TOOL on Thu May 24 12:15:17 2018
# diag: GAMDIAG, run(s): 0003, time window: 0-499(1783 steps), species: ions
# normalization: L_ref=1.4419m
#
# xind= 0, x/a= -NaN, q= 1.9861888
# Fit:    -NaN,Infinity,Infinity
# Analytic: -NaN,Infinity,Infinity
#  t          Re[phi]     Im[phi]   
  0.0000E+00  9.9989E-01  0.0000E+00
  2.8000E-01  9.9715E-01 -1.4264E-03
  5.6000E-01  9.8941E-01 -2.8374E-03
  8.4000E-01  9.7687E-01 -4.2195E-03
  1.1200E+00  9.5974E-01 -5.5596E-03
  1.4000E+00  9.3822E-01 -6.8451E-03
  1.6800E+00  9.1255E-01 -8.0641E-03
  1.9600E+00  8.8297E-01 -9.2056E-03
  2.2400E+00  8.4979E-01 -1.0259E-02
  2.5200E+00  8.1332E-01 -1.1217E-02
  2.8000E+00  7.7390E-01 -1.2070E-02
  3.0800E+00  7.3189E-01 -1.2811E-02
  3.3600E+00  6.8767E-01 -1.3437E-02
  3.6400E+00  6.4164E-01 -1.3942E-02
  3.9200E+00  5.9417E-01 -1.4324E-02
  4.2000E+00  5.4567E-01 -1.4582E-02
  4.4800E+00  4.9654E-01 -1.4716E-02
  4.7600E+00  4.4717E-01 -1.4726E-02
  5.0400E+00  3.9796E-01 -1.4617E-02
  5.3200E+00  3.4927E-01 -1.4391E-02
  5.6000E+00  3.0148E-01 -1.4054E-02
  5.8800E+00  2.5494E-01 -1.3612E-02
  6.1600E+00  2.0998E-01 -1.3071E-02
  6.4400E+00  1.6693E-01 -1.2442E-02
  6.7200E+00  1.2606E-01 -1.1731E-02
  7.0000E+00  8.7659E-02 -1.0950E-02
  7.2800E+00  5.1959E-02 -1.0108E-02
  7.5600E+00  1.9176E-02 -9.2158E-03
  7.8400E+00 -1.0502E-02 -8.2857E-03
  8.1200E+00 -3.6924E-02 -7.3289E-03
  8.4000E+00 -5.9968E-02 -6.3570E-03
  8.6800E+00 -7.9543E-02 -5.3818E-03
  8.9600E+00 -9.5591E-02 -4.4148E-03
  9.2400E+00 -1.0809E-01 -3.4675E-03
  9.5200E+00 -1.1704E-01 -2.5507E-03
  9.8000E+00 -1.2248E-01 -1.6752E-03
  1.0080E+01 -1.2449E-01 -8.5077E-04
  1.0360E+01 -1.2314E-01 -8.6842E-05
  1.0640E+01 -1.1857E-01  6.0811E-04
  1.0920E+01 -1.1091E-01  1.2264E-03
  1.1200E+01 -1.0035E-01  1.7612E-03
  1.1480E+01 -8.7061E-02  2.2067E-03
  1.1760E+01 -7.1263E-02  2.5580E-03
  1.2040E+01 -5.3179E-02  2.8116E-03
  1.2320E+01 -3.3046E-02  2.9647E-03
  1.2600E+01 -1.1113E-02  3.0158E-03
  1.2880E+01  1.2359E-02  2.9645E-03
  1.3160E+01  3.7105E-02  2.8113E-03
  1.3440E+01  6.2850E-02  2.5579E-03
  1.3720E+01  8.9320E-02  2.2071E-03
  1.4000E+01  1.1624E-01  1.7626E-03
  1.4280E+01  1.4335E-01  1.2294E-03
  1.4560E+01  1.7037E-01  6.1288E-04
  1.4840E+01  1.9706E-01 -8.0423E-05
  1.5120E+01  2.2316E-01 -8.4336E-04
  1.5400E+01  2.4842E-01 -1.6681E-03
  1.5680E+01  2.7263E-01 -2.5462E-03
  1.5960E+01  2.9555E-01 -3.4687E-03
  1.6240E+01  3.1699E-01 -4.4260E-03
  1.6520E+01  3.3677E-01 -5.4087E-03
  1.6800E+01  3.5472E-01 -6.4066E-03
  1.7080E+01  3.7072E-01 -7.4099E-03
  1.7360E+01  3.8462E-01 -8.4084E-03
  1.7640E+01  3.9634E-01 -9.3924E-03
  1.7920E+01  4.0579E-01 -1.0352E-02
  1.8200E+01  4.1291E-01 -1.1278E-02
  1.8480E+01  4.1767E-01 -1.2161E-02
  1.8760E+01  4.2006E-01 -1.2992E-02
  1.9040E+01  4.2008E-01 -1.3765E-02
  1.9320E+01  4.1775E-01 -1.4470E-02
  1.9600E+01  4.1312E-01 -1.5102E-02
  1.9880E+01  4.0624E-01 -1.5654E-02
  2.0160E+01  3.9721E-01 -1.6122E-02
  2.0440E+01  3.8613E-01 -1.6500E-02
  2.0720E+01  3.7313E-01 -1.6787E-02
  2.1000E+01  3.5835E-01 -1.6978E-02
  2.1280E+01  3.4197E-01 -1.7073E-02
  2.1560E+01  3.2413E-01 -1.7071E-02
  2.1840E+01  3.0500E-01 -1.6973E-02
  2.2120E+01  2.8477E-01 -1.6779E-02
  2.2400E+01  2.6361E-01 -1.6493E-02
  2.2680E+01  2.4170E-01 -1.6116E-02
  2.2960E+01  2.1925E-01 -1.5654E-02
  2.3240E+01  1.9644E-01 -1.5111E-02
  2.3520E+01  1.7349E-01 -1.4492E-02
  2.3800E+01  1.5059E-01 -1.3804E-02
  2.4080E+01  1.2795E-01 -1.3053E-02
  2.4360E+01  1.0574E-01 -1.2248E-02
  2.4640E+01  8.4142E-02 -1.1395E-02
  2.4920E+01  6.3332E-02 -1.0504E-02
  2.5200E+01  4.3470E-02 -9.5833E-03
  2.5480E+01  2.4701E-02 -8.6412E-03
  2.5760E+01  7.1541E-03 -7.6871E-03
  2.6040E+01 -9.0511E-03 -6.7301E-03
  2.6320E+01 -2.3800E-02 -5.7792E-03
  2.6600E+01 -3.6984E-02 -4.8434E-03
  2.6880E+01 -4.8514E-02 -3.9314E-03
  2.7160E+01 -5.8321E-02 -3.0518E-03
  2.7440E+01 -6.6362E-02 -2.2128E-03
  2.7720E+01 -7.2614E-02 -1.4220E-03
  2.8000E+01 -7.7068E-02 -6.8658E-04
  2.8280E+01 -7.9722E-02 -1.3154E-05
  2.8560E+01 -8.0591E-02  5.9236E-04
  2.8840E+01 -7.9708E-02  1.1247E-03
  2.9120E+01 -7.7125E-02  1.5793E-03
  2.9400E+01 -7.2916E-02  1.9526E-03
  2.9680E+01 -6.7164E-02  2.2416E-03
  2.9960E+01 -5.9960E-02  2.4442E-03
  3.0240E+01 -5.1399E-02  2.5593E-03
  3.0520E+01 -4.1586E-02  2.5864E-03
  3.0800E+01 -3.0633E-02  2.5260E-03
  3.1080E+01 -1.8665E-02  2.3795E-03
  3.1360E+01 -5.8141E-03  2.1488E-03
  3.1640E+01  7.7771E-03  1.8368E-03
  3.1920E+01  2.1961E-02  1.4471E-03
  3.2200E+01  3.6588E-02  9.8419E-04
  3.2480E+01  5.1509E-02  4.5305E-04
  3.2760E+01  6.6578E-02 -1.4068E-04
  3.3040E+01  8.1651E-02 -7.9078E-04
  3.3320E+01  9.6583E-02 -1.4906E-03
  3.3600E+01  1.1124E-01 -2.2330E-03
  3.3880E+01  1.2547E-01 -3.0104E-03
  3.4160E+01  1.3917E-01 -3.8152E-03
  3.4440E+01  1.5221E-01 -4.6394E-03
  3.4720E+01  1.6447E-01 -5.4750E-03
  3.5000E+01  1.7586E-01 -6.3137E-03
  3.5280E+01  1.8628E-01 -7.1475E-03
  3.5560E+01  1.9565E-01 -7.9685E-03
  3.5840E+01  2.0390E-01 -8.7688E-03
  3.6120E+01  2.1097E-01 -9.5409E-03
  3.6400E+01  2.1682E-01 -1.0278E-02
  3.6680E+01  2.2141E-01 -1.0972E-02
  3.6960E+01  2.2473E-01 -1.1618E-02
  3.7240E+01  2.2677E-01 -1.2210E-02
  3.7520E+01  2.2752E-01 -1.2742E-02
  3.7800E+01  2.2700E-01 -1.3210E-02
  3.8080E+01  2.2523E-01 -1.3609E-02
  3.8360E+01  2.2226E-01 -1.3937E-02
  3.8640E+01  2.1814E-01 -1.4191E-02
  3.8920E+01  2.1291E-01 -1.4369E-02
  3.9200E+01  2.0665E-01 -1.4469E-02
  3.9480E+01  1.9944E-01 -1.4492E-02
  3.9760E+01  1.9134E-01 -1.4438E-02
  4.0040E+01  1.8246E-01 -1.4308E-02
  4.0320E+01  1.7288E-01 -1.4104E-02
  4.0600E+01  1.6271E-01 -1.3827E-02
  4.0880E+01  1.5207E-01 -1.3482E-02
  4.1160E+01  1.4106E-01 -1.3073E-02
  4.1440E+01  1.2980E-01 -1.2603E-02
  4.1720E+01  1.1839E-01 -1.2078E-02
  4.2000E+01  1.0695E-01 -1.1502E-02
  4.2280E+01  9.5578E-02 -1.0883E-02
  4.2560E+01  8.4369E-02 -1.0226E-02
  4.2840E+01  7.3422E-02 -9.5374E-03
  4.3120E+01  6.2832E-02 -8.8245E-03
  4.3400E+01  5.2686E-02 -8.0940E-03
  4.3680E+01  4.3068E-02 -7.3530E-03
  4.3960E+01  3.4058E-02 -6.6085E-03
  4.4240E+01  2.5727E-02 -5.8676E-03
  4.4520E+01  1.8139E-02 -5.1373E-03
  4.4800E+01  1.1351E-02 -4.4242E-03
  4.5080E+01  5.4064E-03 -3.7350E-03
  4.5360E+01  3.4280E-04 -3.0760E-03
  4.5640E+01 -3.8102E-03 -2.4531E-03
  4.5920E+01 -7.0281E-03 -1.8718E-03
  4.6200E+01 -9.2919E-03 -1.3372E-03
  4.6480E+01 -1.0590E-02 -8.5394E-04
  4.6760E+01 -1.0919E-02 -4.2620E-04
  4.7040E+01 -1.0287E-02 -5.7563E-05
  4.7320E+01 -8.7112E-03  2.4894E-04
  4.7600E+01 -6.2189E-03  4.9088E-04
  4.7880E+01 -2.8462E-03  6.6646E-04
  4.8160E+01  1.3620E-03  7.7449E-04
  4.8440E+01  6.3521E-03  8.1445E-04
  4.8720E+01  1.2063E-02  7.8646E-04
  4.9000E+01  1.8430E-02  6.9128E-04
  4.9280E+01  2.5383E-02  5.3029E-04
  4.9560E+01  3.2849E-02  3.0548E-04
  4.9840E+01  4.0749E-02  1.9417E-05
  5.0120E+01  4.9001E-02 -3.2477E-04
  5.0400E+01  5.7521E-02 -7.2343E-04
  5.0680E+01  6.6227E-02 -1.1724E-03
  5.0960E+01  7.5036E-02 -1.6672E-03
  5.1240E+01  8.3865E-02 -2.2028E-03
  5.1520E+01  9.2635E-02 -2.7740E-03
  5.1800E+01  1.0127E-01 -3.3751E-03
  5.2080E+01  1.0969E-01 -4.0005E-03
  5.2360E+01  1.1784E-01 -4.6441E-03
  5.2640E+01  1.2566E-01 -5.3000E-03
  5.2920E+01  1.3308E-01 -5.9621E-03
  5.3200E+01  1.4005E-01 -6.6243E-03
  5.3480E+01  1.4652E-01 -7.2806E-03
  5.3760E+01  1.5244E-01 -7.9253E-03
  5.4040E+01  1.5777E-01 -8.5526E-03
  5.4320E+01  1.6248E-01 -9.1570E-03
  5.4600E+01  1.6655E-01 -9.7335E-03
  5.4880E+01  1.6995E-01 -1.0277E-02
  5.5160E+01  1.7267E-01 -1.0783E-02
  5.5440E+01  1.7469E-01 -1.1248E-02
  5.5720E+01  1.7602E-01 -1.1668E-02
  5.6000E+01  1.7665E-01 -1.2040E-02
  5.6280E+01  1.7661E-01 -1.2361E-02
  5.6560E+01  1.7592E-01 -1.2628E-02
  5.6840E+01  1.7458E-01 -1.2841E-02
  5.7120E+01  1.7263E-01 -1.2998E-02
  5.7400E+01  1.7010E-01 -1.3098E-02
  5.7680E+01  1.6702E-01 -1.3142E-02
  5.7960E+01  1.6344E-01 -1.3130E-02
  5.8240E+01  1.5939E-01 -1.3063E-02
  5.8520E+01  1.5493E-01 -1.2942E-02
  5.8800E+01  1.5011E-01 -1.2769E-02
  5.9080E+01  1.4498E-01 -1.2547E-02
  5.9360E+01  1.3959E-01 -1.2278E-02
  5.9640E+01  1.3401E-01 -1.1966E-02
  5.9920E+01  1.2828E-01 -1.1615E-02
  6.0200E+01  1.2248E-01 -1.1228E-02
  6.0480E+01  1.1665E-01 -1.0809E-02
  6.0760E+01  1.1087E-01 -1.0364E-02
  6.1040E+01  1.0518E-01 -9.8966E-03
  6.1320E+01  9.9637E-02 -9.4117E-03
  6.1600E+01  9.4299E-02 -8.9145E-03
  6.1880E+01  8.9207E-02 -8.4099E-03
  6.2160E+01  8.4405E-02 -7.9030E-03
  6.2440E+01  7.9934E-02 -7.3988E-03
  6.2720E+01  7.5831E-02 -6.9022E-03
  6.3000E+01  7.2133E-02 -6.4180E-03
  6.3280E+01  6.8868E-02 -5.9509E-03
  6.3560E+01  6.6061E-02 -5.5051E-03
  6.3840E+01  6.3733E-02 -5.0851E-03
  6.4120E+01  6.1899E-02 -4.6945E-03
  6.4400E+01  6.0570E-02 -4.3370E-03
  6.4680E+01  5.9753E-02 -4.0158E-03
  6.4960E+01  5.9445E-02 -3.7337E-03
  6.5240E+01  5.9641E-02 -3.4933E-03
  6.5520E+01  6.0332E-02 -3.2965E-03
  6.5800E+01  6.1504E-02 -3.1450E-03
  6.6080E+01  6.3137E-02 -3.0398E-03
  6.6360E+01  6.5211E-02 -2.9817E-03
  6.6640E+01  6.7701E-02 -2.9711E-03
  6.6920E+01  7.0578E-02 -3.0076E-03
  6.7200E+01  7.3812E-02 -3.0907E-03
  6.7480E+01  7.7367E-02 -3.2193E-03
  6.7760E+01  8.1206E-02 -3.3920E-03
  6.8040E+01  8.5290E-02 -3.6070E-03
  6.8320E+01  8.9578E-02 -3.8620E-03
  6.8600E+01  9.4029E-02 -4.1544E-03
  6.8880E+01  9.8603E-02 -4.4815E-03
  6.9160E+01  1.0326E-01 -4.8399E-03
  6.9440E+01  1.0795E-01 -5.2264E-03
  6.9720E+01  1.1264E-01 -5.6372E-03
  7.0000E+01  1.1728E-01 -6.0686E-03
  7.0280E+01  1.2184E-01 -6.5166E-03
  7.0560E+01  1.2628E-01 -6.9771E-03
  7.0840E+01  1.3055E-01 -7.4460E-03
  7.1120E+01  1.3463E-01 -7.9191E-03
  7.1400E+01  1.3848E-01 -8.3923E-03
  7.1680E+01  1.4207E-01 -8.8614E-03
  7.1960E+01  1.4539E-01 -9.3225E-03
  7.2240E+01  1.4840E-01 -9.7717E-03
  7.2520E+01  1.5108E-01 -1.0205E-02
  7.2800E+01  1.5342E-01 -1.0619E-02
  7.3080E+01  1.5540E-01 -1.1011E-02
  7.3360E+01  1.5702E-01 -1.1377E-02
  7.3640E+01  1.5826E-01 -1.1715E-02
  7.3920E+01  1.5913E-01 -1.2022E-02
  7.4200E+01  1.5962E-01 -1.2296E-02
  7.4480E+01  1.5973E-01 -1.2535E-02
  7.4760E+01  1.5948E-01 -1.2738E-02
  7.5040E+01  1.5887E-01 -1.2902E-02
  7.5320E+01  1.5791E-01 -1.3029E-02
  7.5600E+01  1.5663E-01 -1.3117E-02
  7.5880E+01  1.5503E-01 -1.3166E-02
  7.6160E+01  1.5314E-01 -1.3176E-02
  7.6440E+01  1.5097E-01 -1.3148E-02
  7.6720E+01  1.4857E-01 -1.3083E-02
  7.7000E+01  1.4595E-01 -1.2983E-02
  7.7280E+01  1.4313E-01 -1.2848E-02
  7.7560E+01  1.4016E-01 -1.2681E-02
  7.7840E+01  1.3704E-01 -1.2484E-02
  7.8120E+01  1.3383E-01 -1.2260E-02
  7.8400E+01  1.3054E-01 -1.2011E-02
  7.8680E+01  1.2722E-01 -1.1739E-02
  7.8960E+01  1.2388E-01 -1.1448E-02
  7.9240E+01  1.2057E-01 -1.1141E-02
  7.9520E+01  1.1730E-01 -1.0822E-02
  7.9800E+01  1.1411E-01 -1.0493E-02
  8.0080E+01  1.1102E-01 -1.0158E-02
  8.0360E+01  1.0806E-01 -9.8198E-03
  8.0640E+01  1.0526E-01 -9.4825E-03
  8.0920E+01  1.0263E-01 -9.1490E-03
  8.1200E+01  1.0019E-01 -8.8227E-03
  8.1480E+01  9.7977E-02 -8.5065E-03
  8.1760E+01  9.5992E-02 -8.2036E-03
  8.2040E+01  9.4254E-02 -7.9166E-03
  8.2320E+01  9.2773E-02 -7.6483E-03
  8.2600E+01  9.1556E-02 -7.4011E-03
  8.2880E+01  9.0609E-02 -7.1771E-03
  8.3160E+01  8.9933E-02 -6.9784E-03
  8.3440E+01  8.9527E-02 -6.8065E-03
  8.3720E+01  8.9390E-02 -6.6630E-03
  8.4000E+01  8.9517E-02 -6.5490E-03
  8.4280E+01  8.9898E-02 -6.4652E-03
  8.4560E+01  9.0525E-02 -6.4123E-03
  8.4840E+01  9.1383E-02 -6.3906E-03
  8.5120E+01  9.2456E-02 -6.3999E-03
  8.5400E+01  9.3729E-02 -6.4399E-03
  8.5680E+01  9.5183E-02 -6.5100E-03
  8.5960E+01  9.6799E-02 -6.6093E-03
  8.6240E+01  9.8556E-02 -6.7366E-03
  8.6520E+01  1.0043E-01 -6.8906E-03
  8.6800E+01  1.0241E-01 -7.0696E-03
  8.7080E+01  1.0445E-01 -7.2717E-03
  8.7360E+01  1.0655E-01 -7.4949E-03
  8.7640E+01  1.0866E-01 -7.7369E-03
  8.7920E+01  1.1078E-01 -7.9953E-03
  8.8200E+01  1.1288E-01 -8.2677E-03
  8.8480E+01  1.1492E-01 -8.5514E-03
  8.8760E+01  1.1689E-01 -8.8437E-03
  8.9040E+01  1.1877E-01 -9.1419E-03
  8.9320E+01  1.2054E-01 -9.4431E-03
  8.9600E+01  1.2217E-01 -9.7446E-03
  8.9880E+01  1.2366E-01 -1.0044E-02
  9.0160E+01  1.2498E-01 -1.0338E-02
  9.0440E+01  1.2613E-01 -1.0624E-02
  9.0720E+01  1.2710E-01 -1.0900E-02
  9.1000E+01  1.2788E-01 -1.1163E-02
  9.1280E+01  1.2846E-01 -1.1412E-02
  9.1560E+01  1.2885E-01 -1.1644E-02
  9.1840E+01  1.2903E-01 -1.1857E-02
  9.2120E+01  1.2902E-01 -1.2049E-02
  9.2400E+01  1.2881E-01 -1.2220E-02
  9.2680E+01  1.2841E-01 -1.2368E-02
  9.2960E+01  1.2783E-01 -1.2492E-02
  9.3240E+01  1.2707E-01 -1.2591E-02
  9.3520E+01  1.2614E-01 -1.2665E-02
  9.3800E+01  1.2505E-01 -1.2713E-02
  9.4080E+01  1.2381E-01 -1.2736E-02
  9.4360E+01  1.2243E-01 -1.2734E-02
  9.4640E+01  1.2093E-01 -1.2707E-02
  9.4920E+01  1.1932E-01 -1.2655E-02
  9.5200E+01  1.1762E-01 -1.2580E-02
  9.5480E+01  1.1583E-01 -1.2484E-02
  9.5760E+01  1.1397E-01 -1.2366E-02
  9.6040E+01  1.1205E-01 -1.2228E-02
  9.6320E+01  1.1010E-01 -1.2073E-02
  9.6600E+01  1.0812E-01 -1.1902E-02
  9.6880E+01  1.0613E-01 -1.1716E-02
  9.7160E+01  1.0415E-01 -1.1518E-02
  9.7440E+01  1.0219E-01 -1.1310E-02
  9.7720E+01  1.0025E-01 -1.1093E-02
  9.8000E+01  9.8362E-02 -1.0871E-02
  9.8280E+01  9.6529E-02 -1.0644E-02
  9.8560E+01  9.4763E-02 -1.0416E-02
  9.8840E+01  9.3075E-02 -1.0188E-02
  9.9120E+01  9.1473E-02 -9.9627E-03
  9.9400E+01  8.9965E-02 -9.7418E-03
  9.9680E+01  8.8556E-02 -9.5273E-03
  9.9960E+01  8.7252E-02 -9.3211E-03
  1.0024E+02  8.6056E-02 -9.1249E-03
  1.0052E+02  8.4972E-02 -8.9404E-03
  1.0080E+02  8.4002E-02 -8.7690E-03
  1.0108E+02  8.3147E-02 -8.6120E-03
  1.0136E+02  8.2408E-02 -8.4707E-03
  1.0164E+02  8.1783E-02 -8.3459E-03
  1.0192E+02  8.1270E-02 -8.2386E-03
  1.0220E+02  8.0868E-02 -8.1494E-03
  1.0248E+02  8.0571E-02 -8.0787E-03
  1.0276E+02  8.0376E-02 -8.0269E-03
  1.0304E+02  8.0278E-02 -7.9939E-03
  1.0332E+02  8.0272E-02 -7.9799E-03
  1.0360E+02  8.0351E-02 -7.9844E-03
  1.0388E+02  8.0511E-02 -8.0072E-03
  1.0416E+02  8.0746E-02 -8.0476E-03
  1.0444E+02  8.1047E-02 -8.1049E-03
  1.0472E+02  8.1409E-02 -8.1782E-03
  1.0500E+02  8.1823E-02 -8.2666E-03
  1.0528E+02  8.2280E-02 -8.3689E-03
  1.0556E+02  8.2772E-02 -8.4839E-03
  1.0584E+02  8.3292E-02 -8.6103E-03
  1.0612E+02  8.3832E-02 -8.7467E-03
  1.0640E+02  8.4383E-02 -8.8915E-03
  1.0668E+02  8.4939E-02 -9.0434E-03
  1.0696E+02  8.5490E-02 -9.2007E-03
  1.0724E+02  8.6031E-02 -9.3618E-03
  1.0752E+02  8.6552E-02 -9.5252E-03
  1.0780E+02  8.7046E-02 -9.6893E-03
  1.0808E+02  8.7507E-02 -9.8525E-03
  1.0836E+02  8.7928E-02 -1.0013E-02
  1.0864E+02  8.8303E-02 -1.0170E-02
  1.0892E+02  8.8626E-02 -1.0322E-02
  1.0920E+02  8.8891E-02 -1.0467E-02
  1.0948E+02  8.9096E-02 -1.0604E-02
  1.0976E+02  8.9236E-02 -1.0732E-02
  1.1004E+02  8.9307E-02 -1.0849E-02
  1.1032E+02  8.9309E-02 -1.0956E-02
  1.1060E+02  8.9239E-02 -1.1051E-02
  1.1088E+02  8.9095E-02 -1.1133E-02
  1.1116E+02  8.8877E-02 -1.1201E-02
  1.1144E+02  8.8586E-02 -1.1256E-02
  1.1172E+02  8.8222E-02 -1.1297E-02
  1.1200E+02  8.7787E-02 -1.1323E-02
  1.1228E+02  8.7284E-02 -1.1335E-02
  1.1256E+02  8.6715E-02 -1.1333E-02
  1.1284E+02  8.6082E-02 -1.1317E-02
  1.1312E+02  8.5390E-02 -1.1287E-02
  1.1340E+02  8.4642E-02 -1.1243E-02
  1.1368E+02  8.3843E-02 -1.1187E-02
  1.1396E+02  8.2998E-02 -1.1118E-02
  1.1424E+02  8.2113E-02 -1.1038E-02
  1.1452E+02  8.1193E-02 -1.0947E-02
  1.1480E+02  8.0245E-02 -1.0847E-02
  1.1508E+02  7.9274E-02 -1.0738E-02
  1.1536E+02  7.8286E-02 -1.0621E-02
  1.1564E+02  7.7288E-02 -1.0498E-02
  1.1592E+02  7.6286E-02 -1.0370E-02
  1.1620E+02  7.5286E-02 -1.0237E-02
  1.1648E+02  7.4294E-02 -1.0101E-02
  1.1676E+02  7.3317E-02 -9.9636E-03
  1.1704E+02  7.2359E-02 -9.8254E-03
  1.1732E+02  7.1427E-02 -9.6878E-03
  1.1760E+02  7.0525E-02 -9.5519E-03
  1.1788E+02  6.9660E-02 -9.4188E-03
  1.1816E+02  6.8835E-02 -9.2898E-03
  1.1844E+02  6.8055E-02 -9.1656E-03
  1.1872E+02  6.7323E-02 -9.0475E-03
  1.1900E+02  6.6644E-02 -8.9361E-03
  1.1928E+02  6.6019E-02 -8.8324E-03
  1.1956E+02  6.5451E-02 -8.7372E-03
  1.1984E+02  6.4942E-02 -8.6509E-03
  1.2012E+02  6.4493E-02 -8.5743E-03
  1.2040E+02  6.4107E-02 -8.5079E-03
  1.2068E+02  6.3782E-02 -8.4518E-03
  1.2096E+02  6.3520E-02 -8.4065E-03
  1.2124E+02  6.3319E-02 -8.3722E-03
  1.2152E+02  6.3179E-02 -8.3488E-03
  1.2180E+02  6.3097E-02 -8.3364E-03
  1.2208E+02  6.3072E-02 -8.3348E-03
  1.2236E+02  6.3102E-02 -8.3439E-03
  1.2264E+02  6.3183E-02 -8.3633E-03
  1.2292E+02  6.3313E-02 -8.3926E-03
  1.2320E+02  6.3488E-02 -8.4314E-03
  1.2348E+02  6.3705E-02 -8.4791E-03
  1.2376E+02  6.3958E-02 -8.5351E-03
  1.2404E+02  6.4244E-02 -8.5988E-03
  1.2432E+02  6.4559E-02 -8.6693E-03
  1.2460E+02  6.4897E-02 -8.7459E-03
  1.2488E+02  6.5255E-02 -8.8278E-03
  1.2516E+02  6.5627E-02 -8.9141E-03
  1.2544E+02  6.6008E-02 -9.0040E-03
  1.2572E+02  6.6394E-02 -9.0965E-03
  1.2600E+02  6.6779E-02 -9.1908E-03
  1.2628E+02  6.7160E-02 -9.2858E-03
  1.2656E+02  6.7532E-02 -9.3808E-03
  1.2684E+02  6.7891E-02 -9.4749E-03
  1.2712E+02  6.8233E-02 -9.5672E-03
  1.2740E+02  6.8556E-02 -9.6568E-03
  1.2768E+02  6.8855E-02 -9.7431E-03
  1.2796E+02  6.9127E-02 -9.8252E-03
  1.2824E+02  6.9369E-02 -9.9025E-03
  1.2852E+02  6.9579E-02 -9.9743E-03
  1.2880E+02  6.9754E-02 -1.0040E-02
  1.2908E+02  6.9893E-02 -1.0099E-02
  1.2936E+02  6.9994E-02 -1.0152E-02
  1.2964E+02  7.0057E-02 -1.0197E-02
  1.2992E+02  7.0080E-02 -1.0234E-02
  1.3020E+02  7.0065E-02 -1.0263E-02
  1.3048E+02  7.0012E-02 -1.0285E-02
  1.3076E+02  6.9921E-02 -1.0298E-02
  1.3104E+02  6.9793E-02 -1.0304E-02
  1.3132E+02  6.9629E-02 -1.0301E-02
  1.3160E+02  6.9431E-02 -1.0290E-02
  1.3188E+02  6.9202E-02 -1.0272E-02
  1.3216E+02  6.8943E-02 -1.0247E-02
  1.3244E+02  6.8657E-02 -1.0214E-02
  1.3272E+02  6.8345E-02 -1.0175E-02
  1.3300E+02  6.8012E-02 -1.0130E-02
  1.3328E+02  6.7659E-02 -1.0080E-02
  1.3356E+02  6.7290E-02 -1.0024E-02
  1.3384E+02  6.6907E-02 -9.9638E-03
  1.3412E+02  6.6515E-02 -9.8997E-03
  1.3440E+02  6.6115E-02 -9.8325E-03
  1.3468E+02  6.5711E-02 -9.7627E-03
  1.3496E+02  6.5305E-02 -9.6910E-03
  1.3524E+02  6.4902E-02 -9.6181E-03
  1.3552E+02  6.4504E-02 -9.5448E-03
  1.3580E+02  6.4114E-02 -9.4715E-03
  1.3608E+02  6.3736E-02 -9.3991E-03
  1.3636E+02  6.3371E-02 -9.3282E-03
  1.3664E+02  6.3024E-02 -9.2593E-03
  1.3692E+02  6.2696E-02 -9.1931E-03
  1.3720E+02  6.2390E-02 -9.1302E-03
  1.3748E+02  6.2109E-02 -9.0710E-03
  1.3776E+02  6.1853E-02 -9.0160E-03
  1.3804E+02  6.1624E-02 -8.9657E-03
  1.3832E+02  6.1423E-02 -8.9205E-03
  1.3860E+02  6.1252E-02 -8.8807E-03
  1.3888E+02  6.1111E-02 -8.8466E-03
  1.3916E+02  6.1001E-02 -8.8184E-03
  1.3944E+02  6.0920E-02 -8.7962E-03
  1.3972E+02  6.0870E-02 -8.7803E-03
  1.4000E+02  6.0850E-02 -8.7706E-03
  1.4028E+02  6.0858E-02 -8.7672E-03
  1.4056E+02  6.0894E-02 -8.7700E-03
  1.4084E+02  6.0958E-02 -8.7789E-03
  1.4112E+02  6.1047E-02 -8.7937E-03
  1.4140E+02  6.1161E-02 -8.8143E-03
  1.4168E+02  6.1297E-02 -8.8403E-03
  1.4196E+02  6.1455E-02 -8.8715E-03
  1.4224E+02  6.1632E-02 -8.9075E-03
  1.4252E+02  6.1826E-02 -8.9481E-03
  1.4280E+02  6.2036E-02 -8.9926E-03
  1.4308E+02  6.2259E-02 -9.0408E-03
  1.4336E+02  6.2493E-02 -9.0921E-03
  1.4364E+02  6.2736E-02 -9.1461E-03
  1.4392E+02  6.2986E-02 -9.2023E-03
  1.4420E+02  6.3241E-02 -9.2602E-03
  1.4448E+02  6.3497E-02 -9.3193E-03
  1.4476E+02  6.3754E-02 -9.3790E-03
  1.4504E+02  6.4007E-02 -9.4388E-03
  1.4532E+02  6.4256E-02 -9.4983E-03
  1.4560E+02  6.4497E-02 -9.5570E-03
  1.4588E+02  6.4729E-02 -9.6143E-03
  1.4616E+02  6.4949E-02 -9.6699E-03
  1.4644E+02  6.5156E-02 -9.7233E-03
  1.4672E+02  6.5348E-02 -9.7741E-03
  1.4700E+02  6.5524E-02 -9.8219E-03
  1.4728E+02  6.5681E-02 -9.8664E-03
  1.4756E+02  6.5819E-02 -9.9073E-03
  1.4784E+02  6.5937E-02 -9.9443E-03
  1.4812E+02  6.6034E-02 -9.9772E-03
  1.4840E+02  6.6109E-02 -1.0006E-02
  1.4868E+02  6.6161E-02 -1.0030E-02
  1.4896E+02  6.6191E-02 -1.0050E-02
  1.4924E+02  6.6199E-02 -1.0064E-02
  1.4952E+02  6.6184E-02 -1.0075E-02
  1.4980E+02  6.6147E-02 -1.0080E-02
  1.5008E+02  6.6089E-02 -1.0082E-02
  1.5036E+02  6.6011E-02 -1.0078E-02
  1.5064E+02  6.5913E-02 -1.0071E-02
  1.5092E+02  6.5796E-02 -1.0059E-02
  1.5120E+02  6.5661E-02 -1.0043E-02
  1.5148E+02  6.5509E-02 -1.0024E-02
  1.5176E+02  6.5342E-02 -1.0001E-02
  1.5204E+02  6.5160E-02 -9.9745E-03
  1.5232E+02  6.4965E-02 -9.9456E-03
  1.5260E+02  6.4759E-02 -9.9141E-03
  1.5288E+02  6.4543E-02 -9.8805E-03
  1.5316E+02  6.4319E-02 -9.8451E-03
  1.5344E+02  6.4088E-02 -9.8082E-03
  1.5372E+02  6.3852E-02 -9.7702E-03
  1.5400E+02  6.3612E-02 -9.7316E-03
  1.5428E+02  6.3371E-02 -9.6926E-03
  1.5456E+02  6.3129E-02 -9.6537E-03
  1.5484E+02  6.2888E-02 -9.6152E-03
  1.5512E+02  6.2650E-02 -9.5775E-03
  1.5540E+02  6.2416E-02 -9.5408E-03
  1.5568E+02  6.2188E-02 -9.5056E-03
  1.5596E+02  6.1966E-02 -9.4721E-03
  1.5624E+02  6.1752E-02 -9.4407E-03
  1.5652E+02  6.1547E-02 -9.4114E-03
  1.5680E+02  6.1352E-02 -9.3847E-03
  1.5708E+02  6.1169E-02 -9.3607E-03
  1.5736E+02  6.0997E-02 -9.3396E-03
  1.5764E+02  6.0837E-02 -9.3215E-03
  1.5792E+02  6.0691E-02 -9.3065E-03
  1.5820E+02  6.0558E-02 -9.2948E-03
  1.5848E+02  6.0439E-02 -9.2864E-03
  1.5876E+02  6.0333E-02 -9.2813E-03
  1.5904E+02  6.0242E-02 -9.2795E-03
  1.5932E+02  6.0164E-02 -9.2810E-03
  1.5960E+02  6.0100E-02 -9.2857E-03
  1.5988E+02  6.0049E-02 -9.2936E-03
  1.6016E+02  6.0011E-02 -9.3045E-03
  1.6044E+02  5.9986E-02 -9.3183E-03
  1.6072E+02  5.9972E-02 -9.3348E-03
  1.6100E+02  5.9969E-02 -9.3538E-03
  1.6128E+02  5.9976E-02 -9.3752E-03
  1.6156E+02  5.9993E-02 -9.3986E-03
  1.6184E+02  6.0019E-02 -9.4239E-03
  1.6212E+02  6.0052E-02 -9.4509E-03
  1.6240E+02  6.0092E-02 -9.4792E-03
  1.6268E+02  6.0137E-02 -9.5086E-03
  1.6296E+02  6.0187E-02 -9.5388E-03
  1.6324E+02  6.0240E-02 -9.5695E-03
  1.6352E+02  6.0296E-02 -9.6006E-03
  1.6380E+02  6.0353E-02 -9.6316E-03
  1.6408E+02  6.0411E-02 -9.6623E-03
  1.6436E+02  6.0467E-02 -9.6925E-03
  1.6464E+02  6.0521E-02 -9.7220E-03
  1.6492E+02  6.0572E-02 -9.7503E-03
  1.6520E+02  6.0619E-02 -9.7775E-03
  1.6548E+02  6.0660E-02 -9.8031E-03
  1.6576E+02  6.0694E-02 -9.8271E-03
  1.6604E+02  6.0722E-02 -9.8492E-03
  1.6632E+02  6.0741E-02 -9.8692E-03
  1.6660E+02  6.0751E-02 -9.8871E-03
  1.6688E+02  6.0751E-02 -9.9027E-03
  1.6716E+02  6.0740E-02 -9.9159E-03
  1.6744E+02  6.0719E-02 -9.9265E-03
  1.6772E+02  6.0685E-02 -9.9347E-03
  1.6800E+02  6.0640E-02 -9.9402E-03
  1.6828E+02  6.0581E-02 -9.9432E-03
  1.6856E+02  6.0510E-02 -9.9435E-03
  1.6884E+02  6.0425E-02 -9.9413E-03
  1.6912E+02  6.0327E-02 -9.9365E-03
  1.6940E+02  6.0215E-02 -9.9293E-03
  1.6968E+02  6.0090E-02 -9.9197E-03
  1.6996E+02  5.9952E-02 -9.9078E-03
  1.7024E+02  5.9801E-02 -9.8938E-03
  1.7052E+02  5.9637E-02 -9.8777E-03
  1.7080E+02  5.9461E-02 -9.8597E-03
  1.7108E+02  5.9273E-02 -9.8400E-03
  1.7136E+02  5.9074E-02 -9.8188E-03
  1.7164E+02  5.8865E-02 -9.7961E-03
  1.7192E+02  5.8645E-02 -9.7723E-03
  1.7220E+02  5.8417E-02 -9.7475E-03
  1.7248E+02  5.8180E-02 -9.7218E-03
  1.7276E+02  5.7936E-02 -9.6956E-03
  1.7304E+02  5.7685E-02 -9.6689E-03
  1.7332E+02  5.7429E-02 -9.6420E-03
  1.7360E+02  5.7168E-02 -9.6151E-03
  1.7388E+02  5.6904E-02 -9.5884E-03
  1.7416E+02  5.6637E-02 -9.5620E-03
  1.7444E+02  5.6367E-02 -9.5361E-03
  1.7472E+02  5.6097E-02 -9.5109E-03
  1.7500E+02  5.5827E-02 -9.4866E-03
  1.7528E+02  5.5558E-02 -9.4632E-03
  1.7556E+02  5.5291E-02 -9.4410E-03
  1.7584E+02  5.5026E-02 -9.4200E-03
  1.7612E+02  5.4765E-02 -9.4004E-03
  1.7640E+02  5.4508E-02 -9.3822E-03
  1.7668E+02  5.4256E-02 -9.3655E-03
  1.7696E+02  5.4010E-02 -9.3504E-03
  1.7724E+02  5.3771E-02 -9.3370E-03
  1.7752E+02  5.3538E-02 -9.3252E-03
  1.7780E+02  5.3314E-02 -9.3151E-03
  1.7808E+02  5.3097E-02 -9.3067E-03
  1.7836E+02  5.2889E-02 -9.3000E-03
  1.7864E+02  5.2690E-02 -9.2949E-03
  1.7892E+02  5.2500E-02 -9.2914E-03
  1.7920E+02  5.2320E-02 -9.2895E-03
  1.7948E+02  5.2150E-02 -9.2891E-03
  1.7976E+02  5.1989E-02 -9.2901E-03
  1.8004E+02  5.1839E-02 -9.2924E-03
  1.8032E+02  5.1698E-02 -9.2959E-03
  1.8060E+02  5.1568E-02 -9.3006E-03
  1.8088E+02  5.1448E-02 -9.3063E-03
  1.8116E+02  5.1338E-02 -9.3128E-03
  1.8144E+02  5.1237E-02 -9.3202E-03
  1.8172E+02  5.1147E-02 -9.3282E-03
  1.8200E+02  5.1065E-02 -9.3367E-03
  1.8228E+02  5.0993E-02 -9.3456E-03
  1.8256E+02  5.0930E-02 -9.3547E-03
  1.8284E+02  5.0875E-02 -9.3640E-03
  1.8312E+02  5.0827E-02 -9.3733E-03
  1.8340E+02  5.0787E-02 -9.3824E-03
  1.8368E+02  5.0753E-02 -9.3913E-03
  1.8396E+02  5.0725E-02 -9.3998E-03
  1.8424E+02  5.0701E-02 -9.4079E-03
  1.8452E+02  5.0682E-02 -9.4153E-03
  1.8480E+02  5.0667E-02 -9.4221E-03
  1.8508E+02  5.0653E-02 -9.4280E-03
  1.8536E+02  5.0642E-02 -9.4331E-03
  1.8564E+02  5.0630E-02 -9.4373E-03
  1.8592E+02  5.0619E-02 -9.4404E-03
  1.8620E+02  5.0606E-02 -9.4425E-03
  1.8648E+02  5.0591E-02 -9.4434E-03
  1.8676E+02  5.0574E-02 -9.4432E-03
  1.8704E+02  5.0552E-02 -9.4418E-03
  1.8732E+02  5.0526E-02 -9.4392E-03
  1.8760E+02  5.0495E-02 -9.4353E-03
  1.8788E+02  5.0457E-02 -9.4302E-03
  1.8816E+02  5.0413E-02 -9.4239E-03
  1.8844E+02  5.0361E-02 -9.4164E-03
  1.8872E+02  5.0302E-02 -9.4077E-03
  1.8900E+02  5.0233E-02 -9.3978E-03
  1.8928E+02  5.0156E-02 -9.3869E-03
  1.8956E+02  5.0069E-02 -9.3749E-03
  1.8984E+02  4.9973E-02 -9.3619E-03
  1.9012E+02  4.9867E-02 -9.3479E-03
  1.9040E+02  4.9750E-02 -9.3331E-03
  1.9068E+02  4.9624E-02 -9.3174E-03
  1.9096E+02  4.9487E-02 -9.3010E-03
  1.9124E+02  4.9340E-02 -9.2840E-03
  1.9152E+02  4.9184E-02 -9.2664E-03
  1.9180E+02  4.9018E-02 -9.2483E-03
  1.9208E+02  4.8843E-02 -9.2299E-03
  1.9236E+02  4.8659E-02 -9.2111E-03
  1.9264E+02  4.8467E-02 -9.1921E-03
  1.9292E+02  4.8268E-02 -9.1730E-03
  1.9320E+02  4.8063E-02 -9.1538E-03
  1.9348E+02  4.7851E-02 -9.1347E-03
  1.9376E+02  4.7635E-02 -9.1157E-03
  1.9404E+02  4.7414E-02 -9.0970E-03
  1.9432E+02  4.7190E-02 -9.0785E-03
  1.9460E+02  4.6964E-02 -9.0605E-03
  1.9488E+02  4.6737E-02 -9.0429E-03
  1.9516E+02  4.6510E-02 -9.0258E-03
  1.9544E+02  4.6283E-02 -9.0093E-03
  1.9572E+02  4.6058E-02 -8.9934E-03
  1.9600E+02  4.5835E-02 -8.9783E-03
  1.9628E+02  4.5617E-02 -8.9639E-03
  1.9656E+02  4.5403E-02 -8.9503E-03
  1.9684E+02  4.5194E-02 -8.9375E-03
  1.9712E+02  4.4992E-02 -8.9256E-03
  1.9740E+02  4.4796E-02 -8.9145E-03
  1.9768E+02  4.4608E-02 -8.9044E-03
  1.9796E+02  4.4429E-02 -8.8952E-03
  1.9824E+02  4.4258E-02 -8.8869E-03
  1.9852E+02  4.4097E-02 -8.8795E-03
  1.9880E+02  4.3945E-02 -8.8729E-03
  1.9908E+02  4.3804E-02 -8.8673E-03
  1.9936E+02  4.3673E-02 -8.8626E-03
  1.9964E+02  4.3552E-02 -8.8586E-03
  1.9992E+02  4.3442E-02 -8.8555E-03
  2.0020E+02  4.3343E-02 -8.8531E-03
  2.0048E+02  4.3254E-02 -8.8514E-03
  2.0076E+02  4.3175E-02 -8.8504E-03
  2.0104E+02  4.3106E-02 -8.8501E-03
  2.0132E+02  4.3047E-02 -8.8502E-03
  2.0160E+02  4.2997E-02 -8.8509E-03
  2.0188E+02  4.2956E-02 -8.8520E-03
  2.0216E+02  4.2923E-02 -8.8535E-03
  2.0244E+02  4.2897E-02 -8.8552E-03
  2.0272E+02  4.2878E-02 -8.8572E-03
  2.0300E+02  4.2866E-02 -8.8594E-03
  2.0328E+02  4.2859E-02 -8.8616E-03
  2.0356E+02  4.2857E-02 -8.8639E-03
  2.0384E+02  4.2858E-02 -8.8661E-03
  2.0412E+02  4.2863E-02 -8.8682E-03
  2.0440E+02  4.2870E-02 -8.8701E-03
  2.0468E+02  4.2878E-02 -8.8718E-03
  2.0496E+02  4.2886E-02 -8.8731E-03
  2.0524E+02  4.2894E-02 -8.8741E-03
  2.0552E+02  4.2901E-02 -8.8747E-03
  2.0580E+02  4.2906E-02 -8.8748E-03
  2.0608E+02  4.2909E-02 -8.8744E-03
  2.0636E+02  4.2907E-02 -8.8734E-03
  2.0664E+02  4.2902E-02 -8.8719E-03
  2.0692E+02  4.2892E-02 -8.8697E-03
  2.0720E+02  4.2877E-02 -8.8668E-03
  2.0748E+02  4.2856E-02 -8.8633E-03
  2.0776E+02  4.2829E-02 -8.8590E-03
  2.0804E+02  4.2795E-02 -8.8541E-03
  2.0832E+02  4.2754E-02 -8.8484E-03
  2.0860E+02  4.2706E-02 -8.8421E-03
  2.0888E+02  4.2651E-02 -8.8350E-03
  2.0916E+02  4.2588E-02 -8.8273E-03
  2.0944E+02  4.2518E-02 -8.8189E-03
  2.0972E+02  4.2441E-02 -8.8098E-03
  2.1000E+02  4.2356E-02 -8.8001E-03
  2.1028E+02  4.2264E-02 -8.7899E-03
  2.1056E+02  4.2165E-02 -8.7790E-03
  2.1084E+02  4.2060E-02 -8.7677E-03
  2.1112E+02  4.1948E-02 -8.7559E-03
  2.1140E+02  4.1831E-02 -8.7438E-03
  2.1168E+02  4.1708E-02 -8.7312E-03
  2.1196E+02  4.1581E-02 -8.7184E-03
  2.1224E+02  4.1450E-02 -8.7053E-03
  2.1252E+02  4.1315E-02 -8.6920E-03
  2.1280E+02  4.1177E-02 -8.6786E-03
  2.1308E+02  4.1036E-02 -8.6651E-03
  2.1336E+02  4.0894E-02 -8.6516E-03
  2.1364E+02  4.0751E-02 -8.6382E-03
  2.1392E+02  4.0608E-02 -8.6249E-03
  2.1420E+02  4.0465E-02 -8.6118E-03
  2.1448E+02  4.0324E-02 -8.5989E-03
  2.1476E+02  4.0184E-02 -8.5864E-03
  2.1504E+02  4.0046E-02 -8.5741E-03
  2.1532E+02  3.9912E-02 -8.5623E-03
  2.1560E+02  3.9781E-02 -8.5509E-03
  2.1588E+02  3.9655E-02 -8.5400E-03
  2.1616E+02  3.9533E-02 -8.5297E-03
  2.1644E+02  3.9417E-02 -8.5199E-03
  2.1672E+02  3.9306E-02 -8.5107E-03
  2.1700E+02  3.9202E-02 -8.5022E-03
  2.1728E+02  3.9104E-02 -8.4943E-03
  2.1756E+02  3.9013E-02 -8.4871E-03
  2.1784E+02  3.8929E-02 -8.4805E-03
  2.1812E+02  3.8852E-02 -8.4747E-03
  2.1840E+02  3.8783E-02 -8.4695E-03
  2.1868E+02  3.8721E-02 -8.4650E-03
  2.1896E+02  3.8667E-02 -8.4612E-03
  2.1924E+02  3.8620E-02 -8.4581E-03
  2.1952E+02  3.8580E-02 -8.4556E-03
  2.1980E+02  3.8547E-02 -8.4537E-03
  2.2008E+02  3.8521E-02 -8.4524E-03
  2.2036E+02  3.8501E-02 -8.4517E-03
  2.2064E+02  3.8488E-02 -8.4515E-03
  2.2092E+02  3.8481E-02 -8.4518E-03
  2.2120E+02  3.8479E-02 -8.4525E-03
  2.2148E+02  3.8482E-02 -8.4536E-03
  2.2176E+02  3.8489E-02 -8.4551E-03
  2.2204E+02  3.8501E-02 -8.4569E-03
  2.2232E+02  3.8516E-02 -8.4589E-03
  2.2260E+02  3.8533E-02 -8.4610E-03
  2.2288E+02  3.8553E-02 -8.4633E-03
  2.2316E+02  3.8575E-02 -8.4657E-03
  2.2344E+02  3.8597E-02 -8.4681E-03
  2.2372E+02  3.8620E-02 -8.4705E-03
  2.2400E+02  3.8643E-02 -8.4727E-03
  2.2428E+02  3.8666E-02 -8.4748E-03
  2.2456E+02  3.8687E-02 -8.4767E-03
  2.2484E+02  3.8706E-02 -8.4783E-03
  2.2512E+02  3.8722E-02 -8.4797E-03
  2.2540E+02  3.8736E-02 -8.4806E-03
  2.2568E+02  3.8747E-02 -8.4812E-03
  2.2596E+02  3.8754E-02 -8.4814E-03
  2.2624E+02  3.8756E-02 -8.4811E-03
  2.2652E+02  3.8754E-02 -8.4803E-03
  2.2680E+02  3.8748E-02 -8.4790E-03
  2.2708E+02  3.8736E-02 -8.4772E-03
  2.2736E+02  3.8720E-02 -8.4748E-03
  2.2764E+02  3.8698E-02 -8.4718E-03
  2.2792E+02  3.8670E-02 -8.4683E-03
  2.2820E+02  3.8637E-02 -8.4642E-03
  2.2848E+02  3.8599E-02 -8.4595E-03
  2.2876E+02  3.8555E-02 -8.4542E-03
  2.2904E+02  3.8506E-02 -8.4484E-03
  2.2932E+02  3.8452E-02 -8.4420E-03
  2.2960E+02  3.8393E-02 -8.4352E-03
  2.2988E+02  3.8329E-02 -8.4278E-03
  2.3016E+02  3.8261E-02 -8.4200E-03
  2.3044E+02  3.8189E-02 -8.4118E-03
  2.3072E+02  3.8113E-02 -8.4031E-03
  2.3100E+02  3.8033E-02 -8.3941E-03
  2.3128E+02  3.7951E-02 -8.3849E-03
  2.3156E+02  3.7866E-02 -8.3753E-03
  2.3184E+02  3.7778E-02 -8.3655E-03
  2.3212E+02  3.7690E-02 -8.3556E-03
  2.3240E+02  3.7600E-02 -8.3456E-03
  2.3268E+02  3.7509E-02 -8.3355E-03
  2.3296E+02  3.7419E-02 -8.3253E-03
  2.3324E+02  3.7329E-02 -8.3152E-03
  2.3352E+02  3.7239E-02 -8.3052E-03
  2.3380E+02  3.7151E-02 -8.2954E-03
  2.3408E+02  3.7065E-02 -8.2857E-03
  2.3436E+02  3.6980E-02 -8.2762E-03
  2.3464E+02  3.6899E-02 -8.2670E-03
  2.3492E+02  3.6820E-02 -8.2582E-03
  2.3520E+02  3.6745E-02 -8.2496E-03
  2.3548E+02  3.6673E-02 -8.2415E-03
  2.3576E+02  3.6605E-02 -8.2338E-03
  2.3604E+02  3.6541E-02 -8.2266E-03
  2.3632E+02  3.6481E-02 -8.2198E-03
  2.3660E+02  3.6426E-02 -8.2135E-03
  2.3688E+02  3.6376E-02 -8.2077E-03
  2.3716E+02  3.6330E-02 -8.2025E-03
  2.3744E+02  3.6289E-02 -8.1977E-03
  2.3772E+02  3.6252E-02 -8.1936E-03
  2.3800E+02  3.6220E-02 -8.1899E-03
  2.3828E+02  3.6192E-02 -8.1867E-03
  2.3856E+02  3.6169E-02 -8.1841E-03
  2.3884E+02  3.6150E-02 -8.1819E-03
  2.3912E+02  3.6136E-02 -8.1803E-03
  2.3940E+02  3.6124E-02 -8.1791E-03
  2.3968E+02  3.6117E-02 -8.1783E-03
  2.3996E+02  3.6113E-02 -8.1779E-03
  2.4024E+02  3.6111E-02 -8.1778E-03
  2.4052E+02  3.6112E-02 -8.1781E-03
  2.4080E+02  3.6115E-02 -8.1786E-03
  2.4108E+02  3.6121E-02 -8.1794E-03
  2.4136E+02  3.6127E-02 -8.1804E-03
  2.4164E+02  3.6135E-02 -8.1816E-03
  2.4192E+02  3.6143E-02 -8.1828E-03
  2.4220E+02  3.6151E-02 -8.1841E-03
  2.4248E+02  3.6159E-02 -8.1855E-03
  2.4276E+02  3.6166E-02 -8.1867E-03
  2.4304E+02  3.6173E-02 -8.1880E-03
  2.4332E+02  3.6178E-02 -8.1890E-03
  2.4360E+02  3.6181E-02 -8.1899E-03
  2.4388E+02  3.6182E-02 -8.1906E-03
  2.4416E+02  3.6181E-02 -8.1910E-03
  2.4444E+02  3.6177E-02 -8.1912E-03
  2.4472E+02  3.6170E-02 -8.1910E-03
  2.4500E+02  3.6160E-02 -8.1904E-03
  2.4528E+02  3.6146E-02 -8.1895E-03
  2.4556E+02  3.6129E-02 -8.1881E-03
  2.4584E+02  3.6108E-02 -8.1863E-03
  2.4612E+02  3.6083E-02 -8.1841E-03
  2.4640E+02  3.6054E-02 -8.1813E-03
  2.4668E+02  3.6021E-02 -8.1781E-03
  2.4696E+02  3.5984E-02 -8.1744E-03
  2.4724E+02  3.5943E-02 -8.1702E-03
  2.4752E+02  3.5898E-02 -8.1655E-03
  2.4780E+02  3.5849E-02 -8.1603E-03
  2.4808E+02  3.5797E-02 -8.1546E-03
  2.4836E+02  3.5741E-02 -8.1485E-03
  2.4864E+02  3.5681E-02 -8.1419E-03
  2.4892E+02  3.5619E-02 -8.1349E-03
  2.4920E+02  3.5553E-02 -8.1275E-03
  2.4948E+02  3.5485E-02 -8.1198E-03
  2.4976E+02  3.5414E-02 -8.1117E-03
  2.5004E+02  3.5341E-02 -8.1033E-03
  2.5032E+02  3.5267E-02 -8.0946E-03
  2.5060E+02  3.5190E-02 -8.0857E-03
  2.5088E+02  3.5113E-02 -8.0765E-03
  2.5116E+02  3.5034E-02 -8.0673E-03
  2.5144E+02  3.4955E-02 -8.0579E-03
  2.5172E+02  3.4876E-02 -8.0484E-03
  2.5200E+02  3.4797E-02 -8.0389E-03
  2.5228E+02  3.4718E-02 -8.0294E-03
  2.5256E+02  3.4640E-02 -8.0200E-03
  2.5284E+02  3.4563E-02 -8.0106E-03
  2.5312E+02  3.4487E-02 -8.0014E-03
  2.5340E+02  3.4413E-02 -7.9923E-03
  2.5368E+02  3.4340E-02 -7.9834E-03
  2.5396E+02  3.4270E-02 -7.9748E-03
  2.5424E+02  3.4201E-02 -7.9665E-03
  2.5452E+02  3.4135E-02 -7.9584E-03
  2.5480E+02  3.4072E-02 -7.9506E-03
  2.5508E+02  3.4011E-02 -7.9432E-03
  2.5536E+02  3.3953E-02 -7.9362E-03
  2.5564E+02  3.3898E-02 -7.9295E-03
  2.5592E+02  3.3845E-02 -7.9232E-03
  2.5620E+02  3.3796E-02 -7.9173E-03
  2.5648E+02  3.3749E-02 -7.9118E-03
  2.5676E+02  3.3705E-02 -7.9066E-03
  2.5704E+02  3.3664E-02 -7.9019E-03
  2.5732E+02  3.3626E-02 -7.8976E-03
  2.5760E+02  3.3590E-02 -7.8936E-03
  2.5788E+02  3.3556E-02 -7.8901E-03
  2.5816E+02  3.3525E-02 -7.8868E-03
  2.5844E+02  3.3495E-02 -7.8839E-03
  2.5872E+02  3.3468E-02 -7.8813E-03
  2.5900E+02  3.3442E-02 -7.8790E-03
  2.5928E+02  3.3417E-02 -7.8769E-03
  2.5956E+02  3.3394E-02 -7.8751E-03
  2.5984E+02  3.3372E-02 -7.8734E-03
  2.6012E+02  3.3350E-02 -7.8719E-03
  2.6040E+02  3.3329E-02 -7.8705E-03
  2.6068E+02  3.3308E-02 -7.8693E-03
  2.6096E+02  3.3287E-02 -7.8680E-03
  2.6124E+02  3.3265E-02 -7.8668E-03
  2.6152E+02  3.3244E-02 -7.8656E-03
  2.6180E+02  3.3221E-02 -7.8643E-03
  2.6208E+02  3.3197E-02 -7.8629E-03
  2.6236E+02  3.3172E-02 -7.8614E-03
  2.6264E+02  3.3146E-02 -7.8597E-03
  2.6292E+02  3.3118E-02 -7.8579E-03
  2.6320E+02  3.3088E-02 -7.8558E-03
  2.6348E+02  3.3057E-02 -7.8535E-03
  2.6376E+02  3.3023E-02 -7.8509E-03
  2.6404E+02  3.2987E-02 -7.8480E-03
  2.6432E+02  3.2949E-02 -7.8448E-03
  2.6460E+02  3.2909E-02 -7.8413E-03
  2.6488E+02  3.2866E-02 -7.8374E-03
  2.6516E+02  3.2820E-02 -7.8332E-03
  2.6544E+02  3.2773E-02 -7.8286E-03
  2.6572E+02  3.2723E-02 -7.8236E-03
  2.6600E+02  3.2670E-02 -7.8183E-03
  2.6628E+02  3.2615E-02 -7.8126E-03
  2.6656E+02  3.2558E-02 -7.8065E-03
  2.6684E+02  3.2498E-02 -7.8001E-03
  2.6712E+02  3.2437E-02 -7.7933E-03
  2.6740E+02  3.2374E-02 -7.7862E-03
  2.6768E+02  3.2308E-02 -7.7788E-03
  2.6796E+02  3.2242E-02 -7.7710E-03
  2.6824E+02  3.2173E-02 -7.7630E-03
  2.6852E+02  3.2104E-02 -7.7548E-03
  2.6880E+02  3.2033E-02 -7.7463E-03
  2.6908E+02  3.1961E-02 -7.7376E-03
  2.6936E+02  3.1889E-02 -7.7287E-03
  2.6964E+02  3.1816E-02 -7.7197E-03
  2.6992E+02  3.1743E-02 -7.7106E-03
  2.7020E+02  3.1669E-02 -7.7014E-03
  2.7048E+02  3.1596E-02 -7.6922E-03
  2.7076E+02  3.1523E-02 -7.6829E-03
  2.7104E+02  3.1451E-02 -7.6737E-03
  2.7132E+02  3.1379E-02 -7.6644E-03
  2.7160E+02  3.1308E-02 -7.6553E-03
  2.7188E+02  3.1238E-02 -7.6463E-03
  2.7216E+02  3.1170E-02 -7.6374E-03
  2.7244E+02  3.1103E-02 -7.6286E-03
  2.7272E+02  3.1037E-02 -7.6201E-03
  2.7300E+02  3.0973E-02 -7.6117E-03
  2.7328E+02  3.0911E-02 -7.6036E-03
  2.7356E+02  3.0850E-02 -7.5957E-03
  2.7384E+02  3.0792E-02 -7.5881E-03
  2.7412E+02  3.0735E-02 -7.5808E-03
  2.7440E+02  3.0681E-02 -7.5737E-03
  2.7468E+02  3.0628E-02 -7.5669E-03
  2.7496E+02  3.0578E-02 -7.5605E-03
  2.7524E+02  3.0529E-02 -7.5543E-03
  2.7552E+02  3.0482E-02 -7.5485E-03
  2.7580E+02  3.0438E-02 -7.5429E-03
  2.7608E+02  3.0395E-02 -7.5377E-03
  2.7636E+02  3.0354E-02 -7.5328E-03
  2.7664E+02  3.0315E-02 -7.5281E-03
  2.7692E+02  3.0277E-02 -7.5237E-03
  2.7720E+02  3.0241E-02 -7.5195E-03
  2.7748E+02  3.0206E-02 -7.5156E-03
  2.7776E+02  3.0173E-02 -7.5120E-03
  2.7804E+02  3.0140E-02 -7.5085E-03
  2.7832E+02  3.0108E-02 -7.5052E-03
  2.7860E+02  3.0078E-02 -7.5020E-03
  2.7888E+02  3.0047E-02 -7.4990E-03
  2.7916E+02  3.0018E-02 -7.4961E-03
  2.7944E+02  2.9988E-02 -7.4932E-03
  2.7972E+02  2.9959E-02 -7.4904E-03
  2.8000E+02  2.9930E-02 -7.4877E-03
  2.8028E+02  2.9900E-02 -7.4849E-03
  2.8056E+02  2.9871E-02 -7.4822E-03
  2.8084E+02  2.9841E-02 -7.4793E-03
  2.8112E+02  2.9810E-02 -7.4764E-03
  2.8140E+02  2.9779E-02 -7.4734E-03
  2.8168E+02  2.9746E-02 -7.4703E-03
  2.8196E+02  2.9713E-02 -7.4670E-03
  2.8224E+02  2.9679E-02 -7.4636E-03
  2.8252E+02  2.9644E-02 -7.4600E-03
  2.8280E+02  2.9608E-02 -7.4562E-03
  2.8308E+02  2.9571E-02 -7.4522E-03
  2.8336E+02  2.9532E-02 -7.4480E-03
  2.8364E+02  2.9493E-02 -7.4435E-03
  2.8392E+02  2.9452E-02 -7.4388E-03
  2.8420E+02  2.9410E-02 -7.4339E-03
  2.8448E+02  2.9366E-02 -7.4287E-03
  2.8476E+02  2.9322E-02 -7.4233E-03
  2.8504E+02  2.9276E-02 -7.4177E-03
  2.8532E+02  2.9230E-02 -7.4117E-03
  2.8560E+02  2.9182E-02 -7.4056E-03
  2.8588E+02  2.9133E-02 -7.3992E-03
  2.8616E+02  2.9084E-02 -7.3927E-03
  2.8644E+02  2.9033E-02 -7.3859E-03
  2.8672E+02  2.8983E-02 -7.3789E-03
  2.8700E+02  2.8931E-02 -7.3718E-03
  2.8728E+02  2.8879E-02 -7.3645E-03
  2.8756E+02  2.8827E-02 -7.3571E-03
  2.8784E+02  2.8774E-02 -7.3495E-03
  2.8812E+02  2.8722E-02 -7.3419E-03
  2.8840E+02  2.8669E-02 -7.3341E-03
  2.8868E+02  2.8617E-02 -7.3264E-03
  2.8896E+02  2.8565E-02 -7.3186E-03
  2.8924E+02  2.8513E-02 -7.3107E-03
  2.8952E+02  2.8462E-02 -7.3029E-03
  2.8980E+02  2.8411E-02 -7.2952E-03
  2.9008E+02  2.8361E-02 -7.2874E-03
  2.9036E+02  2.8312E-02 -7.2798E-03
  2.9064E+02  2.8263E-02 -7.2723E-03
  2.9092E+02  2.8216E-02 -7.2648E-03
  2.9120E+02  2.8169E-02 -7.2575E-03
  2.9148E+02  2.8124E-02 -7.2504E-03
  2.9176E+02  2.8080E-02 -7.2434E-03
  2.9204E+02  2.8037E-02 -7.2366E-03
  2.9232E+02  2.7995E-02 -7.2300E-03
  2.9260E+02  2.7955E-02 -7.2236E-03
  2.9288E+02  2.7916E-02 -7.2174E-03
  2.9316E+02  2.7878E-02 -7.2115E-03
  2.9344E+02  2.7842E-02 -7.2057E-03
  2.9372E+02  2.7807E-02 -7.2002E-03
  2.9400E+02  2.7773E-02 -7.1949E-03
  2.9428E+02  2.7740E-02 -7.1898E-03
  2.9456E+02  2.7709E-02 -7.1849E-03
  2.9484E+02  2.7679E-02 -7.1803E-03
  2.9512E+02  2.7649E-02 -7.1759E-03
  2.9540E+02  2.7621E-02 -7.1717E-03
  2.9568E+02  2.7595E-02 -7.1677E-03
  2.9596E+02  2.7569E-02 -7.1638E-03
  2.9624E+02  2.7543E-02 -7.1601E-03
  2.9652E+02  2.7519E-02 -7.1566E-03
  2.9680E+02  2.7495E-02 -7.1533E-03
  2.9708E+02  2.7472E-02 -7.1500E-03
  2.9736E+02  2.7450E-02 -7.1469E-03
  2.9764E+02  2.7428E-02 -7.1439E-03
  2.9792E+02  2.7406E-02 -7.1409E-03
  2.9820E+02  2.7385E-02 -7.1380E-03
  2.9848E+02  2.7363E-02 -7.1352E-03
  2.9876E+02  2.7342E-02 -7.1323E-03
  2.9904E+02  2.7321E-02 -7.1295E-03
  2.9932E+02  2.7300E-02 -7.1267E-03
  2.9960E+02  2.7279E-02 -7.1238E-03
  2.9988E+02  2.7257E-02 -7.1209E-03
  3.0016E+02  2.7235E-02 -7.1179E-03
  3.0044E+02  2.7213E-02 -7.1149E-03
  3.0072E+02  2.7190E-02 -7.1118E-03
  3.0100E+02  2.7167E-02 -7.1085E-03
  3.0128E+02  2.7144E-02 -7.1052E-03
  3.0156E+02  2.7119E-02 -7.1017E-03
  3.0184E+02  2.7095E-02 -7.0981E-03
  3.0212E+02  2.7069E-02 -7.0943E-03
  3.0240E+02  2.7043E-02 -7.0904E-03
  3.0268E+02  2.7017E-02 -7.0863E-03
  3.0296E+02  2.6989E-02 -7.0821E-03
  3.0324E+02  2.6961E-02 -7.0778E-03
  3.0352E+02  2.6933E-02 -7.0733E-03
  3.0380E+02  2.6904E-02 -7.0686E-03
  3.0408E+02  2.6874E-02 -7.0637E-03
  3.0436E+02  2.6844E-02 -7.0588E-03
  3.0464E+02  2.6813E-02 -7.0537E-03
  3.0492E+02  2.6781E-02 -7.0484E-03
  3.0520E+02  2.6749E-02 -7.0430E-03
  3.0548E+02  2.6717E-02 -7.0375E-03
  3.0576E+02  2.6685E-02 -7.0319E-03
  3.0604E+02  2.6652E-02 -7.0262E-03
  3.0632E+02  2.6618E-02 -7.0205E-03
  3.0660E+02  2.6585E-02 -7.0146E-03
  3.0688E+02  2.6552E-02 -7.0087E-03
  3.0716E+02  2.6518E-02 -7.0028E-03
  3.0744E+02  2.6485E-02 -6.9968E-03
  3.0772E+02  2.6451E-02 -6.9908E-03
  3.0800E+02  2.6418E-02 -6.9848E-03
  3.0828E+02  2.6385E-02 -6.9788E-03
  3.0856E+02  2.6352E-02 -6.9729E-03
  3.0884E+02  2.6320E-02 -6.9670E-03
  3.0912E+02  2.6288E-02 -6.9611E-03
  3.0940E+02  2.6256E-02 -6.9553E-03
  3.0968E+02  2.6225E-02 -6.9496E-03
  3.0996E+02  2.6194E-02 -6.9440E-03
  3.1024E+02  2.6164E-02 -6.9385E-03
  3.1052E+02  2.6135E-02 -6.9331E-03
  3.1080E+02  2.6106E-02 -6.9278E-03
  3.1108E+02  2.6078E-02 -6.9226E-03
  3.1136E+02  2.6050E-02 -6.9176E-03
  3.1164E+02  2.6023E-02 -6.9127E-03
  3.1192E+02  2.5997E-02 -6.9080E-03
  3.1220E+02  2.5971E-02 -6.9034E-03
  3.1248E+02  2.5946E-02 -6.8989E-03
  3.1276E+02  2.5922E-02 -6.8946E-03
  3.1304E+02  2.5899E-02 -6.8904E-03
  3.1332E+02  2.5876E-02 -6.8864E-03
  3.1360E+02  2.5854E-02 -6.8825E-03
  3.1388E+02  2.5832E-02 -6.8788E-03
  3.1416E+02  2.5811E-02 -6.8752E-03
  3.1444E+02  2.5790E-02 -6.8716E-03
  3.1472E+02  2.5770E-02 -6.8683E-03
  3.1500E+02  2.5751E-02 -6.8650E-03
  3.1528E+02  2.5731E-02 -6.8618E-03
  3.1556E+02  2.5712E-02 -6.8587E-03
  3.1584E+02  2.5694E-02 -6.8557E-03
  3.1612E+02  2.5675E-02 -6.8527E-03
  3.1640E+02  2.5657E-02 -6.8498E-03
  3.1668E+02  2.5639E-02 -6.8470E-03
  3.1696E+02  2.5621E-02 -6.8441E-03
  3.1724E+02  2.5603E-02 -6.8413E-03
  3.1752E+02  2.5584E-02 -6.8385E-03
  3.1780E+02  2.5566E-02 -6.8357E-03
  3.1808E+02  2.5548E-02 -6.8329E-03
  3.1836E+02  2.5529E-02 -6.8301E-03
  3.1864E+02  2.5511E-02 -6.8272E-03
  3.1892E+02  2.5492E-02 -6.8242E-03
  3.1920E+02  2.5472E-02 -6.8212E-03
  3.1948E+02  2.5452E-02 -6.8182E-03
  3.1976E+02  2.5432E-02 -6.8151E-03
  3.2004E+02  2.5412E-02 -6.8119E-03
  3.2032E+02  2.5391E-02 -6.8085E-03
  3.2060E+02  2.5369E-02 -6.8052E-03
  3.2088E+02  2.5347E-02 -6.8017E-03
  3.2116E+02  2.5325E-02 -6.7981E-03
  3.2144E+02  2.5302E-02 -6.7944E-03
  3.2172E+02  2.5279E-02 -6.7905E-03
  3.2200E+02  2.5255E-02 -6.7866E-03
  3.2228E+02  2.5230E-02 -6.7826E-03
  3.2256E+02  2.5206E-02 -6.7785E-03
  3.2284E+02  2.5180E-02 -6.7742E-03
  3.2312E+02  2.5154E-02 -6.7699E-03
  3.2340E+02  2.5128E-02 -6.7654E-03
  3.2368E+02  2.5102E-02 -6.7609E-03
  3.2396E+02  2.5075E-02 -6.7563E-03
  3.2424E+02  2.5047E-02 -6.7516E-03
  3.2452E+02  2.5020E-02 -6.7468E-03
  3.2480E+02  2.4992E-02 -6.7420E-03
  3.2508E+02  2.4963E-02 -6.7371E-03
  3.2536E+02  2.4935E-02 -6.7321E-03
  3.2564E+02  2.4906E-02 -6.7271E-03
  3.2592E+02  2.4878E-02 -6.7221E-03
  3.2620E+02  2.4849E-02 -6.7170E-03
  3.2648E+02  2.4820E-02 -6.7119E-03
  3.2676E+02  2.4791E-02 -6.7068E-03
  3.2704E+02  2.4762E-02 -6.7018E-03
  3.2732E+02  2.4733E-02 -6.6967E-03
  3.2760E+02  2.4705E-02 -6.6916E-03
  3.2788E+02  2.4676E-02 -6.6866E-03
  3.2816E+02  2.4648E-02 -6.6816E-03
  3.2844E+02  2.4620E-02 -6.6767E-03
  3.2872E+02  2.4592E-02 -6.6718E-03
  3.2900E+02  2.4564E-02 -6.6670E-03
  3.2928E+02  2.4537E-02 -6.6622E-03
  3.2956E+02  2.4510E-02 -6.6575E-03
  3.2984E+02  2.4483E-02 -6.6529E-03
  3.3012E+02  2.4456E-02 -6.6483E-03
  3.3040E+02  2.4430E-02 -6.6439E-03
  3.3068E+02  2.4404E-02 -6.6395E-03
  3.3096E+02  2.4379E-02 -6.6352E-03
  3.3124E+02  2.4354E-02 -6.6310E-03
  3.3152E+02  2.4329E-02 -6.6269E-03
  3.3180E+02  2.4304E-02 -6.6228E-03
  3.3208E+02  2.4280E-02 -6.6189E-03
  3.3236E+02  2.4257E-02 -6.6150E-03
  3.3264E+02  2.4233E-02 -6.6112E-03
  3.3292E+02  2.4210E-02 -6.6075E-03
  3.3320E+02  2.4187E-02 -6.6038E-03
  3.3348E+02  2.4164E-02 -6.6002E-03
  3.3376E+02  2.4142E-02 -6.5967E-03
  3.3404E+02  2.4119E-02 -6.5933E-03
  3.3432E+02  2.4097E-02 -6.5898E-03
  3.3460E+02  2.4075E-02 -6.5865E-03
  3.3488E+02  2.4053E-02 -6.5831E-03
  3.3516E+02  2.4031E-02 -6.5798E-03
  3.3544E+02  2.4009E-02 -6.5765E-03
  3.3572E+02  2.3987E-02 -6.5732E-03
  3.3600E+02  2.3966E-02 -6.5700E-03
  3.3628E+02  2.3944E-02 -6.5667E-03
  3.3656E+02  2.3922E-02 -6.5634E-03
  3.3684E+02  2.3900E-02 -6.5601E-03
  3.3712E+02  2.3878E-02 -6.5568E-03
  3.3740E+02  2.3855E-02 -6.5534E-03
  3.3768E+02  2.3833E-02 -6.5500E-03
  3.3796E+02  2.3810E-02 -6.5466E-03
  3.3824E+02  2.3787E-02 -6.5431E-03
  3.3852E+02  2.3764E-02 -6.5396E-03
  3.3880E+02  2.3741E-02 -6.5360E-03
  3.3908E+02  2.3717E-02 -6.5324E-03
  3.3936E+02  2.3693E-02 -6.5287E-03
  3.3964E+02  2.3669E-02 -6.5249E-03
  3.3992E+02  2.3644E-02 -6.5210E-03
  3.4020E+02  2.3620E-02 -6.5171E-03
  3.4048E+02  2.3595E-02 -6.5131E-03
  3.4076E+02  2.3569E-02 -6.5091E-03
  3.4104E+02  2.3544E-02 -6.5050E-03
  3.4132E+02  2.3518E-02 -6.5008E-03
  3.4160E+02  2.3492E-02 -6.4965E-03
  3.4188E+02  2.3465E-02 -6.4922E-03
  3.4216E+02  2.3439E-02 -6.4878E-03
  3.4244E+02  2.3412E-02 -6.4833E-03
  3.4272E+02  2.3385E-02 -6.4788E-03
  3.4300E+02  2.3358E-02 -6.4742E-03
  3.4328E+02  2.3330E-02 -6.4696E-03
  3.4356E+02  2.3303E-02 -6.4649E-03
  3.4384E+02  2.3275E-02 -6.4602E-03
  3.4412E+02  2.3248E-02 -6.4555E-03
  3.4440E+02  2.3220E-02 -6.4507E-03
  3.4468E+02  2.3192E-02 -6.4459E-03
  3.4496E+02  2.3165E-02 -6.4411E-03
  3.4524E+02  2.3137E-02 -6.4363E-03
  3.4552E+02  2.3109E-02 -6.4315E-03
  3.4580E+02  2.3082E-02 -6.4267E-03
  3.4608E+02  2.3054E-02 -6.4219E-03
  3.4636E+02  2.3027E-02 -6.4171E-03
  3.4664E+02  2.3000E-02 -6.4124E-03
  3.4692E+02  2.2972E-02 -6.4076E-03
  3.4720E+02  2.2945E-02 -6.4029E-03
  3.4748E+02  2.2919E-02 -6.3982E-03
  3.4776E+02  2.2892E-02 -6.3936E-03
  3.4804E+02  2.2866E-02 -6.3890E-03
  3.4832E+02  2.2840E-02 -6.3844E-03
  3.4860E+02  2.2814E-02 -6.3799E-03
  3.4888E+02  2.2788E-02 -6.3754E-03
  3.4916E+02  2.2763E-02 -6.3710E-03
  3.4944E+02  2.2738E-02 -6.3667E-03
  3.4972E+02  2.2713E-02 -6.3624E-03
  3.5000E+02  2.2688E-02 -6.3581E-03
  3.5028E+02  2.2664E-02 -6.3539E-03
  3.5056E+02  2.2640E-02 -6.3498E-03
  3.5084E+02  2.2616E-02 -6.3458E-03
  3.5112E+02  2.2593E-02 -6.3417E-03
  3.5140E+02  2.2570E-02 -6.3378E-03
  3.5168E+02  2.2547E-02 -6.3339E-03
  3.5196E+02  2.2524E-02 -6.3300E-03
  3.5224E+02  2.2501E-02 -6.3262E-03
  3.5252E+02  2.2479E-02 -6.3224E-03
  3.5280E+02  2.2457E-02 -6.3186E-03
  3.5308E+02  2.2435E-02 -6.3149E-03
  3.5336E+02  2.2413E-02 -6.3113E-03
  3.5364E+02  2.2391E-02 -6.3076E-03
  3.5392E+02  2.2369E-02 -6.3040E-03
  3.5420E+02  2.2348E-02 -6.3004E-03
  3.5448E+02  2.2326E-02 -6.2968E-03
  3.5476E+02  2.2305E-02 -6.2932E-03
  3.5504E+02  2.2284E-02 -6.2896E-03
  3.5532E+02  2.2263E-02 -6.2860E-03
  3.5560E+02  2.2241E-02 -6.2824E-03
  3.5588E+02  2.2220E-02 -6.2788E-03
  3.5616E+02  2.2199E-02 -6.2752E-03
  3.5644E+02  2.2178E-02 -6.2716E-03
  3.5672E+02  2.2156E-02 -6.2679E-03
  3.5700E+02  2.2135E-02 -6.2642E-03
  3.5728E+02  2.2114E-02 -6.2605E-03
  3.5756E+02  2.2092E-02 -6.2568E-03
  3.5784E+02  2.2071E-02 -6.2530E-03
  3.5812E+02  2.2049E-02 -6.2492E-03
  3.5840E+02  2.2028E-02 -6.2454E-03
  3.5868E+02  2.2006E-02 -6.2415E-03
  3.5896E+02  2.1984E-02 -6.2376E-03
  3.5924E+02  2.1962E-02 -6.2337E-03
  3.5952E+02  2.1940E-02 -6.2297E-03
  3.5980E+02  2.1918E-02 -6.2257E-03
  3.6008E+02  2.1896E-02 -6.2216E-03
  3.6036E+02  2.1874E-02 -6.2175E-03
  3.6064E+02  2.1851E-02 -6.2134E-03
  3.6092E+02  2.1829E-02 -6.2092E-03
  3.6120E+02  2.1807E-02 -6.2050E-03
  3.6148E+02  2.1784E-02 -6.2008E-03
  3.6176E+02  2.1762E-02 -6.1965E-03
  3.6204E+02  2.1739E-02 -6.1922E-03
  3.6232E+02  2.1716E-02 -6.1879E-03
  3.6260E+02  2.1694E-02 -6.1836E-03
  3.6288E+02  2.1671E-02 -6.1793E-03
  3.6316E+02  2.1649E-02 -6.1750E-03
  3.6344E+02  2.1626E-02 -6.1706E-03
  3.6372E+02  2.1604E-02 -6.1662E-03
  3.6400E+02  2.1581E-02 -6.1619E-03
  3.6428E+02  2.1559E-02 -6.1575E-03
  3.6456E+02  2.1537E-02 -6.1532E-03
  3.6484E+02  2.1515E-02 -6.1489E-03
  3.6512E+02  2.1493E-02 -6.1445E-03
  3.6540E+02  2.1471E-02 -6.1402E-03
  3.6568E+02  2.1449E-02 -6.1360E-03
  3.6596E+02  2.1427E-02 -6.1317E-03
  3.6624E+02  2.1406E-02 -6.1275E-03
  3.6652E+02  2.1384E-02 -6.1233E-03
  3.6680E+02  2.1363E-02 -6.1191E-03
  3.6708E+02  2.1342E-02 -6.1150E-03
  3.6736E+02  2.1321E-02 -6.1109E-03
  3.6764E+02  2.1300E-02 -6.1068E-03
  3.6792E+02  2.1280E-02 -6.1028E-03
  3.6820E+02  2.1259E-02 -6.0988E-03
  3.6848E+02  2.1239E-02 -6.0948E-03
  3.6876E+02  2.1219E-02 -6.0909E-03
  3.6904E+02  2.1200E-02 -6.0871E-03
  3.6932E+02  2.1180E-02 -6.0832E-03
  3.6960E+02  2.1160E-02 -6.0794E-03
  3.6988E+02  2.1141E-02 -6.0757E-03
  3.7016E+02  2.1122E-02 -6.0720E-03
  3.7044E+02  2.1103E-02 -6.0683E-03
  3.7072E+02  2.1084E-02 -6.0647E-03
  3.7100E+02  2.1066E-02 -6.0611E-03
  3.7128E+02  2.1047E-02 -6.0575E-03
  3.7156E+02  2.1029E-02 -6.0539E-03
  3.7184E+02  2.1011E-02 -6.0504E-03
  3.7212E+02  2.0992E-02 -6.0469E-03
  3.7240E+02  2.0974E-02 -6.0435E-03
  3.7268E+02  2.0956E-02 -6.0400E-03
  3.7296E+02  2.0938E-02 -6.0366E-03
  3.7324E+02  2.0921E-02 -6.0331E-03
  3.7352E+02  2.0903E-02 -6.0297E-03
  3.7380E+02  2.0885E-02 -6.0263E-03
  3.7408E+02  2.0868E-02 -6.0229E-03
  3.7436E+02  2.0850E-02 -6.0195E-03
  3.7464E+02  2.0832E-02 -6.0161E-03
  3.7492E+02  2.0815E-02 -6.0127E-03
  3.7520E+02  2.0797E-02 -6.0093E-03
  3.7548E+02  2.0780E-02 -6.0059E-03
  3.7576E+02  2.0762E-02 -6.0025E-03
  3.7604E+02  2.0745E-02 -5.9991E-03
  3.7632E+02  2.0727E-02 -5.9956E-03
  3.7660E+02  2.0709E-02 -5.9922E-03
  3.7688E+02  2.0692E-02 -5.9887E-03
  3.7716E+02  2.0674E-02 -5.9852E-03
  3.7744E+02  2.0656E-02 -5.9817E-03
  3.7772E+02  2.0638E-02 -5.9781E-03
  3.7800E+02  2.0621E-02 -5.9746E-03
  3.7828E+02  2.0603E-02 -5.9710E-03
  3.7856E+02  2.0585E-02 -5.9674E-03
  3.7884E+02  2.0567E-02 -5.9638E-03
  3.7912E+02  2.0549E-02 -5.9602E-03
  3.7940E+02  2.0530E-02 -5.9565E-03
  3.7968E+02  2.0512E-02 -5.9529E-03
  3.7996E+02  2.0494E-02 -5.9492E-03
  3.8024E+02  2.0476E-02 -5.9455E-03
  3.8052E+02  2.0457E-02 -5.9418E-03
  3.8080E+02  2.0439E-02 -5.9381E-03
  3.8108E+02  2.0421E-02 -5.9344E-03
  3.8136E+02  2.0402E-02 -5.9306E-03
  3.8164E+02  2.0384E-02 -5.9269E-03
  3.8192E+02  2.0365E-02 -5.9231E-03
  3.8220E+02  2.0347E-02 -5.9194E-03
  3.8248E+02  2.0328E-02 -5.9156E-03
  3.8276E+02  2.0310E-02 -5.9119E-03
  3.8304E+02  2.0292E-02 -5.9081E-03
  3.8332E+02  2.0273E-02 -5.9044E-03
  3.8360E+02  2.0255E-02 -5.9006E-03
  3.8388E+02  2.0236E-02 -5.8969E-03
  3.8416E+02  2.0218E-02 -5.8932E-03
  3.8444E+02  2.0199E-02 -5.8895E-03
  3.8472E+02  2.0181E-02 -5.8858E-03
  3.8500E+02  2.0163E-02 -5.8821E-03
  3.8528E+02  2.0145E-02 -5.8784E-03
  3.8556E+02  2.0126E-02 -5.8748E-03
  3.8584E+02  2.0108E-02 -5.8712E-03
  3.8612E+02  2.0090E-02 -5.8676E-03
  3.8640E+02  2.0072E-02 -5.8640E-03
  3.8668E+02  2.0054E-02 -5.8605E-03
  3.8696E+02  2.0036E-02 -5.8569E-03
  3.8724E+02  2.0019E-02 -5.8534E-03
  3.8752E+02  2.0001E-02 -5.8499E-03
  3.8780E+02  1.9983E-02 -5.8465E-03
  3.8808E+02  1.9966E-02 -5.8431E-03
  3.8836E+02  1.9948E-02 -5.8397E-03
  3.8864E+02  1.9931E-02 -5.8363E-03
  3.8892E+02  1.9913E-02 -5.8329E-03
  3.8920E+02  1.9896E-02 -5.8296E-03
  3.8948E+02  1.9879E-02 -5.8263E-03
  3.8976E+02  1.9862E-02 -5.8230E-03
  3.9004E+02  1.9845E-02 -5.8197E-03
  3.9032E+02  1.9828E-02 -5.8164E-03
  3.9060E+02  1.9811E-02 -5.8132E-03
  3.9088E+02  1.9794E-02 -5.8100E-03
  3.9116E+02  1.9777E-02 -5.8067E-03
  3.9144E+02  1.9760E-02 -5.8035E-03
  3.9172E+02  1.9743E-02 -5.8004E-03
  3.9200E+02  1.9726E-02 -5.7972E-03
  3.9228E+02  1.9710E-02 -5.7940E-03
  3.9256E+02  1.9693E-02 -5.7908E-03
  3.9284E+02  1.9676E-02 -5.7877E-03
  3.9312E+02  1.9659E-02 -5.7845E-03
  3.9340E+02  1.9643E-02 -5.7813E-03
  3.9368E+02  1.9626E-02 -5.7782E-03
  3.9396E+02  1.9609E-02 -5.7750E-03
  3.9424E+02  1.9593E-02 -5.7718E-03
  3.9452E+02  1.9576E-02 -5.7687E-03
  3.9480E+02  1.9559E-02 -5.7655E-03
  3.9508E+02  1.9542E-02 -5.7623E-03
  3.9536E+02  1.9526E-02 -5.7591E-03
  3.9564E+02  1.9509E-02 -5.7559E-03
  3.9592E+02  1.9492E-02 -5.7527E-03
  3.9620E+02  1.9475E-02 -5.7494E-03
  3.9648E+02  1.9458E-02 -5.7462E-03
  3.9676E+02  1.9441E-02 -5.7429E-03
  3.9704E+02  1.9424E-02 -5.7397E-03
  3.9732E+02  1.9407E-02 -5.7364E-03
  3.9760E+02  1.9390E-02 -5.7331E-03
  3.9788E+02  1.9373E-02 -5.7298E-03
  3.9816E+02  1.9356E-02 -5.7265E-03
  3.9844E+02  1.9339E-02 -5.7232E-03
  3.9872E+02  1.9321E-02 -5.7198E-03
  3.9900E+02  1.9304E-02 -5.7165E-03
  3.9928E+02  1.9287E-02 -5.7131E-03
  3.9956E+02  1.9269E-02 -5.7098E-03
  3.9984E+02  1.9252E-02 -5.7064E-03
  4.0012E+02  1.9235E-02 -5.7030E-03
  4.0040E+02  1.9217E-02 -5.6996E-03
  4.0068E+02  1.9200E-02 -5.6962E-03
  4.0096E+02  1.9182E-02 -5.6928E-03
  4.0124E+02  1.9165E-02 -5.6894E-03
  4.0152E+02  1.9148E-02 -5.6860E-03
  4.0180E+02  1.9130E-02 -5.6826E-03
  4.0208E+02  1.9113E-02 -5.6792E-03
  4.0236E+02  1.9095E-02 -5.6758E-03
  4.0264E+02  1.9078E-02 -5.6724E-03
  4.0292E+02  1.9061E-02 -5.6690E-03
  4.0320E+02  1.9043E-02 -5.6657E-03
  4.0348E+02  1.9026E-02 -5.6623E-03
  4.0376E+02  1.9008E-02 -5.6589E-03
  4.0404E+02  1.8991E-02 -5.6556E-03
  4.0432E+02  1.8974E-02 -5.6522E-03
  4.0460E+02  1.8957E-02 -5.6489E-03
  4.0488E+02  1.8940E-02 -5.6455E-03
  4.0516E+02  1.8923E-02 -5.6422E-03
  4.0544E+02  1.8906E-02 -5.6389E-03
  4.0572E+02  1.8889E-02 -5.6356E-03
  4.0600E+02  1.8872E-02 -5.6324E-03
  4.0628E+02  1.8855E-02 -5.6291E-03
  4.0656E+02  1.8838E-02 -5.6258E-03
  4.0684E+02  1.8821E-02 -5.6226E-03
  4.0712E+02  1.8805E-02 -5.6194E-03
  4.0740E+02  1.8788E-02 -5.6162E-03
  4.0768E+02  1.8772E-02 -5.6130E-03
  4.0796E+02  1.8755E-02 -5.6098E-03
  4.0824E+02  1.8739E-02 -5.6066E-03
  4.0852E+02  1.8722E-02 -5.6035E-03
  4.0880E+02  1.8706E-02 -5.6003E-03
  4.0908E+02  1.8690E-02 -5.5972E-03
  4.0936E+02  1.8674E-02 -5.5941E-03
  4.0964E+02  1.8658E-02 -5.5910E-03
  4.0992E+02  1.8642E-02 -5.5878E-03
  4.1020E+02  1.8626E-02 -5.5848E-03
  4.1048E+02  1.8610E-02 -5.5817E-03
  4.1076E+02  1.8594E-02 -5.5786E-03
  4.1104E+02  1.8579E-02 -5.5755E-03
  4.1132E+02  1.8563E-02 -5.5724E-03
  4.1160E+02  1.8547E-02 -5.5694E-03
  4.1188E+02  1.8532E-02 -5.5663E-03
  4.1216E+02  1.8516E-02 -5.5632E-03
  4.1244E+02  1.8501E-02 -5.5602E-03
  4.1272E+02  1.8485E-02 -5.5571E-03
  4.1300E+02  1.8470E-02 -5.5540E-03
  4.1328E+02  1.8454E-02 -5.5510E-03
  4.1356E+02  1.8439E-02 -5.5479E-03
  4.1384E+02  1.8424E-02 -5.5448E-03
  4.1412E+02  1.8408E-02 -5.5418E-03
  4.1440E+02  1.8393E-02 -5.5387E-03
  4.1468E+02  1.8378E-02 -5.5356E-03
  4.1496E+02  1.8363E-02 -5.5325E-03
  4.1524E+02  1.8347E-02 -5.5294E-03
  4.1552E+02  1.8332E-02 -5.5263E-03
  4.1580E+02  1.8317E-02 -5.5232E-03
  4.1608E+02  1.8302E-02 -5.5201E-03
  4.1636E+02  1.8287E-02 -5.5170E-03
  4.1664E+02  1.8272E-02 -5.5138E-03
  4.1692E+02  1.8257E-02 -5.5107E-03
  4.1720E+02  1.8242E-02 -5.5076E-03
  4.1748E+02  1.8227E-02 -5.5044E-03
  4.1776E+02  1.8212E-02 -5.5013E-03
  4.1804E+02  1.8197E-02 -5.4981E-03
  4.1832E+02  1.8182E-02 -5.4950E-03
  4.1860E+02  1.8167E-02 -5.4918E-03
  4.1888E+02  1.8152E-02 -5.4886E-03
  4.1916E+02  1.8137E-02 -5.4855E-03
  4.1944E+02  1.8122E-02 -5.4823E-03
  4.1972E+02  1.8107E-02 -5.4791E-03
  4.2000E+02  1.8092E-02 -5.4760E-03
  4.2028E+02  1.8077E-02 -5.4728E-03
  4.2056E+02  1.8063E-02 -5.4696E-03
  4.2084E+02  1.8048E-02 -5.4665E-03
  4.2112E+02  1.8033E-02 -5.4633E-03
  4.2140E+02  1.8019E-02 -5.4601E-03
  4.2168E+02  1.8004E-02 -5.4570E-03
  4.2196E+02  1.7989E-02 -5.4538E-03
  4.2224E+02  1.7975E-02 -5.4507E-03
  4.2252E+02  1.7960E-02 -5.4475E-03
  4.2280E+02  1.7946E-02 -5.4444E-03
  4.2308E+02  1.7932E-02 -5.4412E-03
  4.2336E+02  1.7917E-02 -5.4381E-03
  4.2364E+02  1.7903E-02 -5.4350E-03
  4.2392E+02  1.7889E-02 -5.4319E-03
  4.2420E+02  1.7875E-02 -5.4288E-03
  4.2448E+02  1.7861E-02 -5.4257E-03
  4.2476E+02  1.7847E-02 -5.4226E-03
  4.2504E+02  1.7833E-02 -5.4195E-03
  4.2532E+02  1.7819E-02 -5.4165E-03
  4.2560E+02  1.7805E-02 -5.4134E-03
  4.2588E+02  1.7791E-02 -5.4104E-03
  4.2616E+02  1.7778E-02 -5.4074E-03
  4.2644E+02  1.7764E-02 -5.4043E-03
  4.2672E+02  1.7751E-02 -5.4013E-03
  4.2700E+02  1.7737E-02 -5.3983E-03
  4.2728E+02  1.7724E-02 -5.3954E-03
  4.2756E+02  1.7710E-02 -5.3924E-03
  4.2784E+02  1.7697E-02 -5.3894E-03
  4.2812E+02  1.7684E-02 -5.3864E-03
  4.2840E+02  1.7671E-02 -5.3835E-03
  4.2868E+02  1.7658E-02 -5.3806E-03
  4.2896E+02  1.7645E-02 -5.3776E-03
  4.2924E+02  1.7632E-02 -5.3747E-03
  4.2952E+02  1.7619E-02 -5.3718E-03
  4.2980E+02  1.7606E-02 -5.3689E-03
  4.3008E+02  1.7593E-02 -5.3659E-03
  4.3036E+02  1.7581E-02 -5.3630E-03
  4.3064E+02  1.7568E-02 -5.3601E-03
  4.3092E+02  1.7555E-02 -5.3573E-03
  4.3120E+02  1.7543E-02 -5.3544E-03
  4.3148E+02  1.7530E-02 -5.3515E-03
  4.3176E+02  1.7517E-02 -5.3486E-03
  4.3204E+02  1.7505E-02 -5.3457E-03
  4.3232E+02  1.7492E-02 -5.3428E-03
  4.3260E+02  1.7480E-02 -5.3399E-03
  4.3288E+02  1.7468E-02 -5.3371E-03
  4.3316E+02  1.7455E-02 -5.3342E-03
  4.3344E+02  1.7443E-02 -5.3313E-03
  4.3372E+02  1.7430E-02 -5.3284E-03
  4.3400E+02  1.7418E-02 -5.3256E-03
  4.3428E+02  1.7406E-02 -5.3227E-03
  4.3456E+02  1.7393E-02 -5.3198E-03
  4.3484E+02  1.7381E-02 -5.3169E-03
  4.3512E+02  1.7369E-02 -5.3140E-03
  4.3540E+02  1.7356E-02 -5.3111E-03
  4.3568E+02  1.7344E-02 -5.3082E-03
  4.3596E+02  1.7332E-02 -5.3054E-03
  4.3624E+02  1.7319E-02 -5.3025E-03
  4.3652E+02  1.7307E-02 -5.2996E-03
  4.3680E+02  1.7295E-02 -5.2967E-03
  4.3708E+02  1.7282E-02 -5.2938E-03
  4.3736E+02  1.7270E-02 -5.2909E-03
  4.3764E+02  1.7258E-02 -5.2880E-03
  4.3792E+02  1.7245E-02 -5.2851E-03
  4.3820E+02  1.7233E-02 -5.2822E-03
  4.3848E+02  1.7221E-02 -5.2793E-03
  4.3876E+02  1.7208E-02 -5.2764E-03
  4.3904E+02  1.7196E-02 -5.2735E-03
  4.3932E+02  1.7184E-02 -5.2706E-03
  4.3960E+02  1.7171E-02 -5.2677E-03
  4.3988E+02  1.7159E-02 -5.2648E-03
  4.4016E+02  1.7147E-02 -5.2619E-03
  4.4044E+02  1.7134E-02 -5.2590E-03
  4.4072E+02  1.7122E-02 -5.2561E-03
  4.4100E+02  1.7110E-02 -5.2533E-03
  4.4128E+02  1.7097E-02 -5.2504E-03
  4.4156E+02  1.7085E-02 -5.2475E-03
  4.4184E+02  1.7073E-02 -5.2446E-03
  4.4212E+02  1.7061E-02 -5.2418E-03
  4.4240E+02  1.7048E-02 -5.2389E-03
  4.4268E+02  1.7036E-02 -5.2361E-03
  4.4296E+02  1.7024E-02 -5.2332E-03
  4.4324E+02  1.7011E-02 -5.2304E-03
  4.4352E+02  1.6999E-02 -5.2276E-03
  4.4380E+02  1.6987E-02 -5.2247E-03
  4.4408E+02  1.6975E-02 -5.2219E-03
  4.4436E+02  1.6963E-02 -5.2191E-03
  4.4464E+02  1.6950E-02 -5.2163E-03
  4.4492E+02  1.6938E-02 -5.2135E-03
  4.4520E+02  1.6926E-02 -5.2107E-03
  4.4548E+02  1.6914E-02 -5.2079E-03
  4.4576E+02  1.6902E-02 -5.2052E-03
  4.4604E+02  1.6889E-02 -5.2024E-03
  4.4632E+02  1.6877E-02 -5.1996E-03
  4.4660E+02  1.6865E-02 -5.1969E-03
  4.4688E+02  1.6853E-02 -5.1941E-03
  4.4716E+02  1.6841E-02 -5.1914E-03
  4.4744E+02  1.6829E-02 -5.1887E-03
  4.4772E+02  1.6817E-02 -5.1859E-03
  4.4800E+02  1.6805E-02 -5.1832E-03
  4.4828E+02  1.6793E-02 -5.1805E-03
  4.4856E+02  1.6780E-02 -5.1778E-03
  4.4884E+02  1.6768E-02 -5.1751E-03
  4.4912E+02  1.6756E-02 -5.1724E-03
  4.4940E+02  1.6744E-02 -5.1697E-03
  4.4968E+02  1.6732E-02 -5.1670E-03
  4.4996E+02  1.6720E-02 -5.1643E-03
  4.5024E+02  1.6708E-02 -5.1616E-03
  4.5052E+02  1.6696E-02 -5.1589E-03
  4.5080E+02  1.6683E-02 -5.1562E-03
  4.5108E+02  1.6671E-02 -5.1535E-03
  4.5136E+02  1.6659E-02 -5.1508E-03
  4.5164E+02  1.6647E-02 -5.1481E-03
  4.5192E+02  1.6635E-02 -5.1455E-03
  4.5220E+02  1.6622E-02 -5.1428E-03
  4.5248E+02  1.6610E-02 -5.1401E-03
  4.5276E+02  1.6598E-02 -5.1374E-03
  4.5304E+02  1.6586E-02 -5.1347E-03
  4.5332E+02  1.6573E-02 -5.1320E-03
  4.5360E+02  1.6561E-02 -5.1293E-03
  4.5388E+02  1.6549E-02 -5.1267E-03
  4.5416E+02  1.6536E-02 -5.1240E-03
  4.5444E+02  1.6524E-02 -5.1213E-03
  4.5472E+02  1.6511E-02 -5.1186E-03
  4.5500E+02  1.6499E-02 -5.1159E-03
  4.5528E+02  1.6486E-02 -5.1132E-03
  4.5556E+02  1.6474E-02 -5.1105E-03
  4.5584E+02  1.6461E-02 -5.1078E-03
  4.5612E+02  1.6449E-02 -5.1051E-03
  4.5640E+02  1.6436E-02 -5.1024E-03
  4.5668E+02  1.6423E-02 -5.0997E-03
  4.5696E+02  1.6411E-02 -5.0970E-03
  4.5724E+02  1.6398E-02 -5.0943E-03
  4.5752E+02  1.6385E-02 -5.0916E-03
  4.5780E+02  1.6373E-02 -5.0889E-03
  4.5808E+02  1.6360E-02 -5.0862E-03
  4.5836E+02  1.6347E-02 -5.0835E-03
  4.5864E+02  1.6334E-02 -5.0808E-03
  4.5892E+02  1.6322E-02 -5.0781E-03
  4.5920E+02  1.6309E-02 -5.0754E-03
  4.5948E+02  1.6296E-02 -5.0727E-03
  4.5976E+02  1.6283E-02 -5.0700E-03
  4.6004E+02  1.6270E-02 -5.0673E-03
  4.6032E+02  1.6257E-02 -5.0646E-03
  4.6060E+02  1.6245E-02 -5.0619E-03
  4.6088E+02  1.6232E-02 -5.0592E-03
  4.6116E+02  1.6219E-02 -5.0565E-03
  4.6144E+02  1.6206E-02 -5.0538E-03
  4.6172E+02  1.6193E-02 -5.0511E-03
  4.6200E+02  1.6180E-02 -5.0485E-03
  4.6228E+02  1.6167E-02 -5.0458E-03
  4.6256E+02  1.6155E-02 -5.0431E-03
  4.6284E+02  1.6142E-02 -5.0405E-03
  4.6312E+02  1.6129E-02 -5.0378E-03
  4.6340E+02  1.6116E-02 -5.0351E-03
  4.6368E+02  1.6103E-02 -5.0325E-03
  4.6396E+02  1.6090E-02 -5.0298E-03
  4.6424E+02  1.6077E-02 -5.0272E-03
  4.6452E+02  1.6065E-02 -5.0245E-03
  4.6480E+02  1.6052E-02 -5.0219E-03
  4.6508E+02  1.6039E-02 -5.0193E-03
  4.6536E+02  1.6026E-02 -5.0166E-03
  4.6564E+02  1.6014E-02 -5.0140E-03
  4.6592E+02  1.6001E-02 -5.0114E-03
  4.6620E+02  1.5988E-02 -5.0088E-03
  4.6648E+02  1.5975E-02 -5.0062E-03
  4.6676E+02  1.5963E-02 -5.0036E-03
  4.6704E+02  1.5950E-02 -5.0010E-03
  4.6732E+02  1.5937E-02 -4.9984E-03
  4.6760E+02  1.5925E-02 -4.9958E-03
  4.6788E+02  1.5912E-02 -4.9932E-03
  4.6816E+02  1.5899E-02 -4.9906E-03
  4.6844E+02  1.5887E-02 -4.9880E-03
  4.6872E+02  1.5874E-02 -4.9854E-03
  4.6900E+02  1.5862E-02 -4.9828E-03
  4.6928E+02  1.5849E-02 -4.9802E-03
  4.6956E+02  1.5836E-02 -4.9777E-03
  4.6984E+02  1.5824E-02 -4.9751E-03
  4.7012E+02  1.5811E-02 -4.9725E-03
  4.7040E+02  1.5799E-02 -4.9699E-03
  4.7068E+02  1.5786E-02 -4.9674E-03
  4.7096E+02  1.5774E-02 -4.9648E-03
  4.7124E+02  1.5761E-02 -4.9622E-03
  4.7152E+02  1.5749E-02 -4.9596E-03
  4.7180E+02  1.5737E-02 -4.9571E-03
  4.7208E+02  1.5724E-02 -4.9545E-03
  4.7236E+02  1.5712E-02 -4.9519E-03
  4.7264E+02  1.5699E-02 -4.9493E-03
  4.7292E+02  1.5687E-02 -4.9468E-03
  4.7320E+02  1.5675E-02 -4.9442E-03
  4.7348E+02  1.5662E-02 -4.9416E-03
  4.7376E+02  1.5650E-02 -4.9391E-03
  4.7404E+02  1.5638E-02 -4.9365E-03
  4.7432E+02  1.5626E-02 -4.9339E-03
  4.7460E+02  1.5613E-02 -4.9313E-03
  4.7488E+02  1.5601E-02 -4.9288E-03
  4.7516E+02  1.5589E-02 -4.9262E-03
  4.7544E+02  1.5577E-02 -4.9236E-03
  4.7572E+02  1.5565E-02 -4.9210E-03
  4.7600E+02  1.5553E-02 -4.9185E-03
  4.7628E+02  1.5540E-02 -4.9159E-03
  4.7656E+02  1.5528E-02 -4.9133E-03
  4.7684E+02  1.5516E-02 -4.9108E-03
  4.7712E+02  1.5504E-02 -4.9082E-03
  4.7740E+02  1.5492E-02 -4.9056E-03
  4.7768E+02  1.5480E-02 -4.9031E-03
  4.7796E+02  1.5469E-02 -4.9005E-03
  4.7824E+02  1.5457E-02 -4.8979E-03
  4.7852E+02  1.5445E-02 -4.8954E-03
  4.7880E+02  1.5433E-02 -4.8928E-03
  4.7908E+02  1.5421E-02 -4.8903E-03
  4.7936E+02  1.5410E-02 -4.8877E-03
  4.7964E+02  1.5398E-02 -4.8852E-03
  4.7992E+02  1.5386E-02 -4.8826E-03
  4.8020E+02  1.5375E-02 -4.8801E-03
  4.8048E+02  1.5363E-02 -4.8776E-03
  4.8076E+02  1.5352E-02 -4.8750E-03
  4.8104E+02  1.5340E-02 -4.8725E-03
  4.8132E+02  1.5329E-02 -4.8700E-03
  4.8160E+02  1.5318E-02 -4.8675E-03
  4.8188E+02  1.5306E-02 -4.8649E-03
  4.8216E+02  1.5295E-02 -4.8624E-03
  4.8244E+02  1.5284E-02 -4.8599E-03
  4.8272E+02  1.5273E-02 -4.8574E-03
  4.8300E+02  1.5262E-02 -4.8549E-03
  4.8328E+02  1.5251E-02 -4.8524E-03
  4.8356E+02  1.5240E-02 -4.8500E-03
  4.8384E+02  1.5229E-02 -4.8475E-03
  4.8412E+02  1.5218E-02 -4.8450E-03
  4.8440E+02  1.5207E-02 -4.8425E-03
  4.8468E+02  1.5196E-02 -4.8401E-03
  4.8496E+02  1.5186E-02 -4.8376E-03
  4.8524E+02  1.5175E-02 -4.8351E-03
  4.8552E+02  1.5165E-02 -4.8327E-03
  4.8580E+02  1.5154E-02 -4.8302E-03
  4.8608E+02  1.5144E-02 -4.8278E-03
  4.8636E+02  1.5133E-02 -4.8254E-03
  4.8664E+02  1.5123E-02 -4.8229E-03
  4.8692E+02  1.5112E-02 -4.8205E-03
  4.8720E+02  1.5102E-02 -4.8181E-03
  4.8748E+02  1.5092E-02 -4.8157E-03
  4.8776E+02  1.5082E-02 -4.8132E-03
  4.8804E+02  1.5072E-02 -4.8108E-03
  4.8832E+02  1.5062E-02 -4.8084E-03
  4.8860E+02  1.5052E-02 -4.8060E-03
  4.8888E+02  1.5042E-02 -4.8036E-03
  4.8916E+02  1.5032E-02 -4.8012E-03
  4.8944E+02  1.5022E-02 -4.7988E-03
  4.8972E+02  1.5012E-02 -4.7964E-03
  4.9000E+02  1.5002E-02 -4.7940E-03
  4.9028E+02  1.4992E-02 -4.7917E-03
  4.9056E+02  1.4983E-02 -4.7893E-03
  4.9084E+02  1.4973E-02 -4.7869E-03
  4.9112E+02  1.4963E-02 -4.7845E-03
  4.9140E+02  1.4954E-02 -4.7821E-03
  4.9168E+02  1.4944E-02 -4.7798E-03
  4.9196E+02  1.4935E-02 -4.7774E-03
  4.9224E+02  1.4925E-02 -4.7750E-03
  4.9252E+02  1.4916E-02 -4.7727E-03
  4.9280E+02  1.4907E-02 -4.7703E-03
  4.9308E+02  1.4897E-02 -4.7679E-03
  4.9336E+02  1.4888E-02 -4.7656E-03
  4.9364E+02  1.4879E-02 -4.7632E-03
  4.9392E+02  1.4869E-02 -4.7609E-03
  4.9420E+02  1.4860E-02 -4.7585E-03
  4.9448E+02  1.4851E-02 -4.7562E-03
  4.9476E+02  1.4842E-02 -4.7538E-03
  4.9504E+02  1.4833E-02 -4.7515E-03
  4.9532E+02  1.4824E-02 -4.7491E-03
  4.9560E+02  1.4815E-02 -4.7468E-03
  4.9588E+02  1.4806E-02 -4.7444E-03
  4.9616E+02  1.4797E-02 -4.7421E-03
  4.9644E+02  1.4788E-02 -4.7398E-03
  4.9672E+02  1.4779E-02 -4.7375E-03
  4.9700E+02  1.4770E-02 -4.7351E-03
  4.9728E+02  1.4762E-02 -4.7328E-03
  4.9756E+02  1.4753E-02 -4.7305E-03
  4.9784E+02  1.4744E-02 -4.7282E-03
  4.9812E+02  1.4735E-02 -4.7259E-03
  4.9840E+02  1.4727E-02 -4.7236E-03
  4.9868E+02  1.4718E-02 -4.7213E-03
  4.9896E+02  1.4709E-02 -4.7190E-03
