# CREATED BY GENE DIAGNOSTICS TOOL on Thu May 24 10:52:47 2018
# diag: GAMDIAG, run(s): 0002, time window: 0-499(1600 steps), species: ions
# normalization: L_ref=1.4419m
#
# xind= 0, x/a= -NaN, q= 2.1477141
# Fit:    -NaN,Infinity,Infinity
# Analytic: -NaN,Infinity,Infinity
#  t          Re[phi]     Im[phi]   
  0.0000E+00  9.9989E-01  0.0000E+00
  3.1200E-01  9.9671E-01 -4.3896E-03
  6.2400E-01  9.8792E-01 -8.7262E-03
  9.3600E-01  9.7374E-01 -1.2961E-02
  1.2480E+00  9.5440E-01 -1.7049E-02
  1.5600E+00  9.3014E-01 -2.0947E-02
  1.8720E+00  9.0124E-01 -2.4615E-02
  2.1840E+00  8.6802E-01 -2.8015E-02
  2.4960E+00  8.3081E-01 -3.1114E-02
  2.8080E+00  7.9001E-01 -3.3881E-02
  3.1200E+00  7.4602E-01 -3.6292E-02
  3.4320E+00  6.9926E-01 -3.8325E-02
  3.7440E+00  6.5019E-01 -3.9964E-02
  4.0560E+00  5.9926E-01 -4.1198E-02
  4.3680E+00  5.4694E-01 -4.2019E-02
  4.6800E+00  4.9371E-01 -4.2426E-02
  4.9920E+00  4.4004E-01 -4.2423E-02
  5.3040E+00  3.8641E-01 -4.2017E-02
  5.6160E+00  3.3328E-01 -4.1221E-02
  5.9280E+00  2.8109E-01 -4.0053E-02
  6.2400E+00  2.3027E-01 -3.8534E-02
  6.5520E+00  1.8123E-01 -3.6688E-02
  6.8640E+00  1.3435E-01 -3.4546E-02
  7.1760E+00  8.9985E-02 -3.2139E-02
  7.4880E+00  4.8454E-02 -2.9501E-02
  7.8000E+00  1.0045E-02 -2.6669E-02
  8.1120E+00 -2.4984E-02 -2.3683E-02
  8.4240E+00 -5.6417E-02 -2.0582E-02
  8.7360E+00 -8.4074E-02 -1.7408E-02
  9.0480E+00 -1.0782E-01 -1.4203E-02
  9.3600E+00 -1.2754E-01 -1.1008E-02
  9.6720E+00 -1.4319E-01 -7.8635E-03
  9.9840E+00 -1.5475E-01 -4.8100E-03
  1.0296E+01 -1.6222E-01 -1.8858E-03
  1.0608E+01 -1.6568E-01  8.7287E-04
  1.0920E+01 -1.6520E-01  3.4316E-03
  1.1232E+01 -1.6091E-01  5.7589E-03
  1.1544E+01 -1.5298E-01  7.8261E-03
  1.1856E+01 -1.4159E-01  9.6083E-03
  1.2168E+01 -1.2697E-01  1.1084E-02
  1.2480E+01 -1.0936E-01  1.2235E-02
  1.2792E+01 -8.9025E-02  1.3048E-02
  1.3104E+01 -6.6246E-02  1.3512E-02
  1.3416E+01 -4.1309E-02  1.3623E-02
  1.3728E+01 -1.4532E-02  1.3377E-02
  1.4040E+01  1.3746E-02  1.2779E-02
  1.4352E+01  4.3182E-02  1.1834E-02
  1.4664E+01  7.3444E-02  1.0553E-02
  1.4976E+01  1.0421E-01  8.9508E-03
  1.5288E+01  1.3514E-01  7.0448E-03
  1.5600E+01  1.6593E-01  4.8563E-03
  1.5912E+01  1.9623E-01  2.4098E-03
  1.6224E+01  2.2574E-01 -2.6724E-04
  1.6536E+01  2.5415E-01 -3.1449E-03
  1.6848E+01  2.8119E-01 -6.1911E-03
  1.7160E+01  3.0660E-01 -9.3719E-03
  1.7472E+01  3.3016E-01 -1.2652E-02
  1.7784E+01  3.5164E-01 -1.5996E-02
  1.8096E+01  3.7085E-01 -1.9366E-02
  1.8408E+01  3.8763E-01 -2.2727E-02
  1.8720E+01  4.0185E-01 -2.6040E-02
  1.9032E+01  4.1338E-01 -2.9271E-02
  1.9344E+01  4.2213E-01 -3.2383E-02
  1.9656E+01  4.2806E-01 -3.5344E-02
  1.9968E+01  4.3112E-01 -3.8120E-02
  2.0280E+01  4.3134E-01 -4.0683E-02
  2.0592E+01  4.2875E-01 -4.3004E-02
  2.0904E+01  4.2340E-01 -4.5059E-02
  2.1216E+01  4.1539E-01 -4.6827E-02
  2.1528E+01  4.0483E-01 -4.8288E-02
  2.1840E+01  3.9184E-01 -4.9427E-02
  2.2152E+01  3.7657E-01 -5.0234E-02
  2.2464E+01  3.5917E-01 -5.0699E-02
  2.2776E+01  3.3985E-01 -5.0818E-02
  2.3088E+01  3.1881E-01 -5.0589E-02
  2.3400E+01  2.9627E-01 -5.0017E-02
  2.3712E+01  2.7246E-01 -4.9108E-02
  2.4024E+01  2.4761E-01 -4.7870E-02
  2.4336E+01  2.2199E-01 -4.6319E-02
  2.4648E+01  1.9583E-01 -4.4471E-02
  2.4960E+01  1.6937E-01 -4.2346E-02
  2.5272E+01  1.4287E-01 -3.9966E-02
  2.5584E+01  1.1659E-01 -3.7358E-02
  2.5896E+01  9.0761E-02 -3.4547E-02
  2.6208E+01  6.5618E-02 -3.1566E-02
  2.6520E+01  4.1372E-02 -2.8444E-02
  2.6832E+01  1.8226E-02 -2.5215E-02
  2.7144E+01 -3.6302E-03 -2.1911E-02
  2.7456E+01 -2.4016E-02 -1.8569E-02
  2.7768E+01 -4.2773E-02 -1.5221E-02
  2.8080E+01 -5.9767E-02 -1.1903E-02
  2.8392E+01 -7.4877E-02 -8.6478E-03
  2.8704E+01 -8.7997E-02 -5.4890E-03
  2.9016E+01 -9.9036E-02 -2.4584E-03
  2.9328E+01 -1.0792E-01  4.1356E-04
  2.9640E+01 -1.1461E-01  3.0980E-03
  2.9952E+01 -1.1909E-01  5.5683E-03
  3.0264E+01 -1.2136E-01  7.7999E-03
  3.0576E+01 -1.2145E-01  9.7712E-03
  3.0888E+01 -1.1942E-01  1.1463E-02
  3.1200E+01 -1.1533E-01  1.2860E-02
  3.1512E+01 -1.0927E-01  1.3950E-02
  3.1824E+01 -1.0137E-01  1.4723E-02
  3.2136E+01 -9.1730E-02  1.5172E-02
  3.2448E+01 -8.0508E-02  1.5297E-02
  3.2760E+01 -6.7850E-02  1.5098E-02
  3.3072E+01 -5.3915E-02  1.4578E-02
  3.3384E+01 -3.8873E-02  1.3747E-02
  3.3696E+01 -2.2897E-02  1.2615E-02
  3.4008E+01 -6.1670E-03  1.1195E-02
  3.4320E+01  1.1129E-02  9.5052E-03
  3.4632E+01  2.8800E-02  7.5645E-03
  3.4944E+01  4.6655E-02  5.3950E-03
  3.5256E+01  6.4504E-02  3.0212E-03
  3.5568E+01  8.2163E-02  4.6939E-04
  3.5880E+01  9.9451E-02 -2.2324E-03
  3.6192E+01  1.1620E-01 -5.0546E-03
  3.6504E+01  1.3224E-01 -7.9669E-03
  3.6816E+01  1.4742E-01 -1.0938E-02
  3.7128E+01  1.6159E-01 -1.3936E-02
  3.7440E+01  1.7463E-01 -1.6930E-02
  3.7752E+01  1.8641E-01 -1.9887E-02
  3.8064E+01  1.9684E-01 -2.2777E-02
  3.8376E+01  2.0584E-01 -2.5570E-02
  3.8688E+01  2.1332E-01 -2.8237E-02
  3.9000E+01  2.1923E-01 -3.0751E-02
  3.9312E+01  2.2353E-01 -3.3085E-02
  3.9624E+01  2.2621E-01 -3.5217E-02
  3.9936E+01  2.2726E-01 -3.7124E-02
  4.0248E+01  2.2671E-01 -3.8788E-02
  4.0560E+01  2.2458E-01 -4.0193E-02
  4.0872E+01  2.2092E-01 -4.1325E-02
  4.1184E+01  2.1579E-01 -4.2175E-02
  4.1496E+01  2.0926E-01 -4.2733E-02
  4.1808E+01  2.0141E-01 -4.2997E-02
  4.2120E+01  1.9235E-01 -4.2964E-02
  4.2432E+01  1.8218E-01 -4.2637E-02
  4.2744E+01  1.7101E-01 -4.2020E-02
  4.3056E+01  1.5898E-01 -4.1121E-02
  4.3368E+01  1.4622E-01 -3.9951E-02
  4.3680E+01  1.3287E-01 -3.8522E-02
  4.3992E+01  1.1907E-01 -3.6851E-02
  4.4304E+01  1.0495E-01 -3.4956E-02
  4.4616E+01  9.0668E-02 -3.2858E-02
  4.4928E+01  7.6359E-02 -3.0579E-02
  4.5240E+01  6.2169E-02 -2.8143E-02
  4.5552E+01  4.8236E-02 -2.5576E-02
  4.5864E+01  3.4694E-02 -2.2904E-02
  4.6176E+01  2.1669E-02 -2.0156E-02
  4.6488E+01  9.2811E-03 -1.7359E-02
  4.6800E+01 -2.3579E-03 -1.4542E-02
  4.7112E+01 -1.3146E-02 -1.1734E-02
  4.7424E+01 -2.2989E-02 -8.9627E-03
  4.7736E+01 -3.1807E-02 -6.2563E-03
  4.8048E+01 -3.9531E-02 -3.6415E-03
  4.8360E+01 -4.6104E-02 -1.1440E-03
  4.8672E+01 -5.1481E-02  1.2118E-03
  4.8984E+01 -5.5632E-02  3.4031E-03
  4.9296E+01 -5.8536E-02  5.4092E-03
  4.9608E+01 -6.0187E-02  7.2113E-03
  4.9920E+01 -6.0589E-02  8.7927E-03
  5.0232E+01 -5.9759E-02  1.0139E-02
  5.0544E+01 -5.7722E-02  1.1239E-02
  5.0856E+01 -5.4519E-02  1.2083E-02
  5.1168E+01 -5.0202E-02  1.2664E-02
  5.1480E+01 -4.4831E-02  1.2980E-02
  5.1792E+01 -3.8478E-02  1.3028E-02
  5.2104E+01 -3.1219E-02  1.2811E-02
  5.2416E+01 -2.3140E-02  1.2333E-02
  5.2728E+01 -1.4336E-02  1.1600E-02
  5.3040E+01 -4.9076E-03  1.0622E-02
  5.3352E+01  5.0397E-03  9.4122E-03
  5.3664E+01  1.5400E-02  7.9831E-03
  5.3976E+01  2.6065E-02  6.3516E-03
  5.4288E+01  3.6926E-02  4.5358E-03
  5.4600E+01  4.7870E-02  2.5555E-03
  5.4912E+01  5.8785E-02  4.3215E-04
  5.5224E+01  6.9564E-02 -1.8115E-03
  5.5536E+01  8.0100E-02 -4.1519E-03
  5.5848E+01  9.0295E-02 -6.5645E-03
  5.6160E+01  1.0006E-01 -9.0243E-03
  5.6472E+01  1.0929E-01 -1.1506E-02
  5.6784E+01  1.1793E-01 -1.3985E-02
  5.7096E+01  1.2590E-01 -1.6435E-02
  5.7408E+01  1.3313E-01 -1.8833E-02
  5.7720E+01  1.3958E-01 -2.1154E-02
  5.8032E+01  1.4520E-01 -2.3377E-02
  5.8344E+01  1.4995E-01 -2.5480E-02
  5.8656E+01  1.5380E-01 -2.7443E-02
  5.8968E+01  1.5674E-01 -2.9247E-02
  5.9280E+01  1.5874E-01 -3.0877E-02
  5.9592E+01  1.5982E-01 -3.2318E-02
  5.9904E+01  1.5997E-01 -3.3557E-02
  6.0216E+01  1.5923E-01 -3.4584E-02
  6.0528E+01  1.5761E-01 -3.5390E-02
  6.0840E+01  1.5515E-01 -3.5971E-02
  6.1152E+01  1.5190E-01 -3.6323E-02
  6.1464E+01  1.4791E-01 -3.6444E-02
  6.1776E+01  1.4323E-01 -3.6337E-02
  6.2088E+01  1.3793E-01 -3.6004E-02
  6.2400E+01  1.3207E-01 -3.5452E-02
  6.2712E+01  1.2573E-01 -3.4689E-02
  6.3024E+01  1.1898E-01 -3.3726E-02
  6.3336E+01  1.1190E-01 -3.2573E-02
  6.3648E+01  1.0457E-01 -3.1246E-02
  6.3960E+01  9.7068E-02 -2.9760E-02
  6.4272E+01  8.9474E-02 -2.8132E-02
  6.4584E+01  8.1868E-02 -2.6380E-02
  6.4896E+01  7.4329E-02 -2.4524E-02
  6.5208E+01  6.6933E-02 -2.2584E-02
  6.5520E+01  5.9756E-02 -2.0580E-02
  6.5832E+01  5.2868E-02 -1.8535E-02
  6.6144E+01  4.6341E-02 -1.6469E-02
  6.6456E+01  4.0238E-02 -1.4405E-02
  6.6768E+01  3.4621E-02 -1.2364E-02
  6.7080E+01  2.9541E-02 -1.0366E-02
  6.7392E+01  2.5042E-02 -8.4324E-03
  6.7704E+01  2.1165E-02 -6.5826E-03
  6.8016E+01  1.7941E-02 -4.8349E-03
  6.8328E+01  1.5396E-02 -3.2067E-03
  6.8640E+01  1.3550E-02 -1.7139E-03
  6.8952E+01  1.2412E-02 -3.7087E-04
  6.9264E+01  1.1985E-02  8.0954E-04
  6.9576E+01  1.2266E-02  1.8164E-03
  6.9888E+01  1.3242E-02  2.6404E-03
  7.0200E+01  1.4895E-02  3.2745E-03
  7.0512E+01  1.7200E-02  3.7134E-03
  7.0824E+01  2.0125E-02  3.9539E-03
  7.1136E+01  2.3634E-02  3.9949E-03
  7.1448E+01  2.7686E-02  3.8371E-03
  7.1760E+01  3.2234E-02  3.4835E-03
  7.2072E+01  3.7226E-02  2.9389E-03
  7.2384E+01  4.2607E-02  2.2099E-03
  7.2696E+01  4.8320E-02  1.3050E-03
  7.3008E+01  5.4304E-02  2.3452E-04
  7.3320E+01  6.0498E-02 -9.8994E-04
  7.3632E+01  6.6839E-02 -2.3552E-03
  7.3944E+01  7.3264E-02 -3.8466E-03
  7.4256E+01  7.9709E-02 -5.4488E-03
  7.4568E+01  8.6112E-02 -7.1451E-03
  7.4880E+01  9.2414E-02 -8.9182E-03
  7.5192E+01  9.8558E-02 -1.0750E-02
  7.5504E+01  1.0449E-01 -1.2623E-02
  7.5816E+01  1.1016E-01 -1.4517E-02
  7.6128E+01  1.1551E-01 -1.6416E-02
  7.6440E+01  1.2051E-01 -1.8299E-02
  7.6752E+01  1.2512E-01 -2.0150E-02
  7.7064E+01  1.2929E-01 -2.1950E-02
  7.7376E+01  1.3300E-01 -2.3683E-02
  7.7688E+01  1.3623E-01 -2.5334E-02
  7.8000E+01  1.3895E-01 -2.6886E-02
  7.8312E+01  1.4115E-01 -2.8327E-02
  7.8624E+01  1.4282E-01 -2.9644E-02
  7.8936E+01  1.4396E-01 -3.0826E-02
  7.9248E+01  1.4457E-01 -3.1863E-02
  7.9560E+01  1.4465E-01 -3.2748E-02
  7.9872E+01  1.4422E-01 -3.3474E-02
  8.0184E+01  1.4330E-01 -3.4036E-02
  8.0496E+01  1.4190E-01 -3.4432E-02
  8.0808E+01  1.4006E-01 -3.4659E-02
  8.1120E+01  1.3780E-01 -3.4719E-02
  8.1432E+01  1.3515E-01 -3.4614E-02
  8.1744E+01  1.3216E-01 -3.4348E-02
  8.2056E+01  1.2885E-01 -3.3925E-02
  8.2368E+01  1.2528E-01 -3.3352E-02
  8.2680E+01  1.2148E-01 -3.2639E-02
  8.2992E+01  1.1750E-01 -3.1794E-02
  8.3304E+01  1.1338E-01 -3.0829E-02
  8.3616E+01  1.0916E-01 -2.9754E-02
  8.3928E+01  1.0490E-01 -2.8584E-02
  8.4240E+01  1.0062E-01 -2.7331E-02
  8.4552E+01  9.6391E-02 -2.6011E-02
  8.4864E+01  9.2240E-02 -2.4636E-02
  8.5176E+01  8.8213E-02 -2.3224E-02
  8.5488E+01  8.4351E-02 -2.1789E-02
  8.5800E+01  8.0692E-02 -2.0347E-02
  8.6112E+01  7.7270E-02 -1.8912E-02
  8.6424E+01  7.4116E-02 -1.7501E-02
  8.6736E+01  7.1258E-02 -1.6127E-02
  8.7048E+01  6.8719E-02 -1.4806E-02
  8.7360E+01  6.6518E-02 -1.3549E-02
  8.7672E+01  6.4674E-02 -1.2370E-02
  8.7984E+01  6.3199E-02 -1.1280E-02
  8.8296E+01  6.2103E-02 -1.0290E-02
  8.8608E+01  6.1391E-02 -9.4099E-03
  8.8920E+01  6.1065E-02 -8.6471E-03
  8.9232E+01  6.1123E-02 -8.0090E-03
  8.9544E+01  6.1560E-02 -7.5012E-03
  8.9856E+01  6.2365E-02 -7.1280E-03
  9.0168E+01  6.3526E-02 -6.8922E-03
  9.0480E+01  6.5024E-02 -6.7952E-03
  9.0792E+01  6.6838E-02 -6.8372E-03
  9.1104E+01  6.8944E-02 -7.0166E-03
  9.1416E+01  7.1317E-02 -7.3309E-03
  9.1728E+01  7.3928E-02 -7.7759E-03
  9.2040E+01  7.6746E-02 -8.3462E-03
  9.2352E+01  7.9738E-02 -9.0353E-03
  9.2664E+01  8.2872E-02 -9.8355E-03
  9.2976E+01  8.6113E-02 -1.0738E-02
  9.3288E+01  8.9426E-02 -1.1733E-02
  9.3600E+01  9.2775E-02 -1.2811E-02
  9.3912E+01  9.6124E-02 -1.3959E-02
  9.4224E+01  9.9439E-02 -1.5167E-02
  9.4536E+01  1.0268E-01 -1.6422E-02
  9.4848E+01  1.0583E-01 -1.7711E-02
  9.5160E+01  1.0884E-01 -1.9021E-02
  9.5472E+01  1.1169E-01 -2.0340E-02
  9.5784E+01  1.1434E-01 -2.1655E-02
  9.6096E+01  1.1678E-01 -2.2952E-02
  9.6408E+01  1.1898E-01 -2.4220E-02
  9.6720E+01  1.2092E-01 -2.5447E-02
  9.7032E+01  1.2258E-01 -2.6621E-02
  9.7344E+01  1.2395E-01 -2.7732E-02
  9.7656E+01  1.2502E-01 -2.8769E-02
  9.7968E+01  1.2577E-01 -2.9723E-02
  9.8280E+01  1.2622E-01 -3.0586E-02
  9.8592E+01  1.2635E-01 -3.1351E-02
  9.8904E+01  1.2617E-01 -3.2012E-02
  9.9216E+01  1.2568E-01 -3.2563E-02
  9.9528E+01  1.2490E-01 -3.3001E-02
  9.9840E+01  1.2383E-01 -3.3323E-02
  1.0015E+02  1.2249E-01 -3.3528E-02
  1.0046E+02  1.2091E-01 -3.3614E-02
  1.0078E+02  1.1909E-01 -3.3584E-02
  1.0109E+02  1.1706E-01 -3.3440E-02
  1.0140E+02  1.1485E-01 -3.3183E-02
  1.0171E+02  1.1247E-01 -3.2820E-02
  1.0202E+02  1.0996E-01 -3.2354E-02
  1.0234E+02  1.0734E-01 -3.1793E-02
  1.0265E+02  1.0464E-01 -3.1143E-02
  1.0296E+02  1.0188E-01 -3.0413E-02
  1.0327E+02  9.9091E-02 -2.9611E-02
  1.0358E+02  9.6299E-02 -2.8747E-02
  1.0390E+02  9.3530E-02 -2.7830E-02
  1.0421E+02  9.0808E-02 -2.6870E-02
  1.0452E+02  8.8159E-02 -2.5878E-02
  1.0483E+02  8.5604E-02 -2.4864E-02
  1.0514E+02  8.3164E-02 -2.3840E-02
  1.0546E+02  8.0860E-02 -2.2816E-02
  1.0577E+02  7.8709E-02 -2.1802E-02
  1.0608E+02  7.6725E-02 -2.0809E-02
  1.0639E+02  7.4921E-02 -1.9847E-02
  1.0670E+02  7.3309E-02 -1.8924E-02
  1.0702E+02  7.1895E-02 -1.8051E-02
  1.0733E+02  7.0687E-02 -1.7235E-02
  1.0764E+02  6.9687E-02 -1.6484E-02
  1.0795E+02  6.8899E-02 -1.5804E-02
  1.0826E+02  6.8321E-02 -1.5202E-02
  1.0858E+02  6.7949E-02 -1.4683E-02
  1.0889E+02  6.7781E-02 -1.4251E-02
  1.0920E+02  6.7807E-02 -1.3908E-02
  1.0951E+02  6.8019E-02 -1.3658E-02
  1.0982E+02  6.8407E-02 -1.3502E-02
  1.1014E+02  6.8959E-02 -1.3439E-02
  1.1045E+02  6.9661E-02 -1.3469E-02
  1.1076E+02  7.0498E-02 -1.3591E-02
  1.1107E+02  7.1456E-02 -1.3802E-02
  1.1138E+02  7.2516E-02 -1.4098E-02
  1.1170E+02  7.3663E-02 -1.4475E-02
  1.1201E+02  7.4878E-02 -1.4929E-02
  1.1232E+02  7.6145E-02 -1.5453E-02
  1.1263E+02  7.7444E-02 -1.6041E-02
  1.1294E+02  7.8759E-02 -1.6687E-02
  1.1326E+02  8.0072E-02 -1.7382E-02
  1.1357E+02  8.1366E-02 -1.8119E-02
  1.1388E+02  8.2626E-02 -1.8889E-02
  1.1419E+02  8.3836E-02 -1.9685E-02
  1.1450E+02  8.4981E-02 -2.0498E-02
  1.1482E+02  8.6048E-02 -2.1320E-02
  1.1513E+02  8.7024E-02 -2.2141E-02
  1.1544E+02  8.7897E-02 -2.2953E-02
  1.1575E+02  8.8659E-02 -2.3749E-02
  1.1606E+02  8.9300E-02 -2.4520E-02
  1.1638E+02  8.9812E-02 -2.5259E-02
  1.1669E+02  9.0191E-02 -2.5958E-02
  1.1700E+02  9.0431E-02 -2.6612E-02
  1.1731E+02  9.0530E-02 -2.7213E-02
  1.1762E+02  9.0487E-02 -2.7757E-02
  1.1794E+02  9.0301E-02 -2.8239E-02
  1.1825E+02  8.9973E-02 -2.8654E-02
  1.1856E+02  8.9507E-02 -2.9000E-02
  1.1887E+02  8.8904E-02 -2.9273E-02
  1.1918E+02  8.8172E-02 -2.9471E-02
  1.1950E+02  8.7315E-02 -2.9595E-02
  1.1981E+02  8.6343E-02 -2.9643E-02
  1.2012E+02  8.5262E-02 -2.9615E-02
  1.2043E+02  8.4083E-02 -2.9514E-02
  1.2074E+02  8.2816E-02 -2.9340E-02
  1.2106E+02  8.1470E-02 -2.9096E-02
  1.2137E+02  8.0058E-02 -2.8787E-02
  1.2168E+02  7.8591E-02 -2.8414E-02
  1.2199E+02  7.7081E-02 -2.7984E-02
  1.2230E+02  7.5541E-02 -2.7500E-02
  1.2262E+02  7.3983E-02 -2.6969E-02
  1.2293E+02  7.2419E-02 -2.6396E-02
  1.2324E+02  7.0861E-02 -2.5787E-02
  1.2355E+02  6.9319E-02 -2.5148E-02
  1.2386E+02  6.7805E-02 -2.4487E-02
  1.2418E+02  6.6331E-02 -2.3809E-02
  1.2449E+02  6.4906E-02 -2.3122E-02
  1.2480E+02  6.3540E-02 -2.2432E-02
  1.2511E+02  6.2242E-02 -2.1746E-02
  1.2542E+02  6.1020E-02 -2.1071E-02
  1.2574E+02  5.9881E-02 -2.0412E-02
  1.2605E+02  5.8831E-02 -1.9777E-02
  1.2636E+02  5.7874E-02 -1.9170E-02
  1.2667E+02  5.7016E-02 -1.8597E-02
  1.2698E+02  5.6259E-02 -1.8063E-02
  1.2730E+02  5.5606E-02 -1.7572E-02
  1.2761E+02  5.5057E-02 -1.7129E-02
  1.2792E+02  5.4612E-02 -1.6737E-02
  1.2823E+02  5.4270E-02 -1.6398E-02
  1.2854E+02  5.4031E-02 -1.6115E-02
  1.2886E+02  5.3890E-02 -1.5890E-02
  1.2917E+02  5.3843E-02 -1.5723E-02
  1.2948E+02  5.3887E-02 -1.5616E-02
  1.2979E+02  5.4016E-02 -1.5568E-02
  1.3010E+02  5.4224E-02 -1.5578E-02
  1.3042E+02  5.4504E-02 -1.5646E-02
  1.3073E+02  5.4849E-02 -1.5769E-02
  1.3104E+02  5.5252E-02 -1.5944E-02
  1.3135E+02  5.5705E-02 -1.6170E-02
  1.3166E+02  5.6200E-02 -1.6443E-02
  1.3198E+02  5.6728E-02 -1.6758E-02
  1.3229E+02  5.7282E-02 -1.7113E-02
  1.3260E+02  5.7852E-02 -1.7503E-02
  1.3291E+02  5.8430E-02 -1.7922E-02
  1.3322E+02  5.9009E-02 -1.8366E-02
  1.3354E+02  5.9579E-02 -1.8831E-02
  1.3385E+02  6.0134E-02 -1.9310E-02
  1.3416E+02  6.0666E-02 -1.9799E-02
  1.3447E+02  6.1168E-02 -2.0291E-02
  1.3478E+02  6.1633E-02 -2.0783E-02
  1.3510E+02  6.2055E-02 -2.1269E-02
  1.3541E+02  6.2429E-02 -2.1744E-02
  1.3572E+02  6.2749E-02 -2.2203E-02
  1.3603E+02  6.3012E-02 -2.2642E-02
  1.3634E+02  6.3214E-02 -2.3055E-02
  1.3666E+02  6.3353E-02 -2.3441E-02
  1.3697E+02  6.3425E-02 -2.3793E-02
  1.3728E+02  6.3431E-02 -2.4111E-02
  1.3759E+02  6.3369E-02 -2.4390E-02
  1.3790E+02  6.3239E-02 -2.4628E-02
  1.3822E+02  6.3042E-02 -2.4823E-02
  1.3853E+02  6.2780E-02 -2.4974E-02
  1.3884E+02  6.2456E-02 -2.5080E-02
  1.3915E+02  6.2071E-02 -2.5140E-02
  1.3946E+02  6.1629E-02 -2.5155E-02
  1.3978E+02  6.1134E-02 -2.5123E-02
  1.4009E+02  6.0590E-02 -2.5048E-02
  1.4040E+02  6.0002E-02 -2.4928E-02
  1.4071E+02  5.9375E-02 -2.4767E-02
  1.4102E+02  5.8715E-02 -2.4567E-02
  1.4134E+02  5.8028E-02 -2.4329E-02
  1.4165E+02  5.7319E-02 -2.4057E-02
  1.4196E+02  5.6595E-02 -2.3753E-02
  1.4227E+02  5.5863E-02 -2.3422E-02
  1.4258E+02  5.5127E-02 -2.3066E-02
  1.4290E+02  5.4396E-02 -2.2690E-02
  1.4321E+02  5.3673E-02 -2.2296E-02
  1.4352E+02  5.2966E-02 -2.1891E-02
  1.4383E+02  5.2280E-02 -2.1476E-02
  1.4414E+02  5.1619E-02 -2.1058E-02
  1.4446E+02  5.0990E-02 -2.0639E-02
  1.4477E+02  5.0397E-02 -2.0224E-02
  1.4508E+02  4.9843E-02 -1.9816E-02
  1.4539E+02  4.9333E-02 -1.9421E-02
  1.4570E+02  4.8869E-02 -1.9040E-02
  1.4602E+02  4.8453E-02 -1.8678E-02
  1.4633E+02  4.8089E-02 -1.8338E-02
  1.4664E+02  4.7777E-02 -1.8023E-02
  1.4695E+02  4.7519E-02 -1.7735E-02
  1.4726E+02  4.7314E-02 -1.7477E-02
  1.4758E+02  4.7163E-02 -1.7251E-02
  1.4789E+02  4.7065E-02 -1.7059E-02
  1.4820E+02  4.7020E-02 -1.6901E-02
  1.4851E+02  4.7025E-02 -1.6779E-02
  1.4882E+02  4.7079E-02 -1.6693E-02
  1.4914E+02  4.7179E-02 -1.6644E-02
  1.4945E+02  4.7323E-02 -1.6631E-02
  1.4976E+02  4.7508E-02 -1.6654E-02
  1.5007E+02  4.7731E-02 -1.6712E-02
  1.5038E+02  4.7987E-02 -1.6804E-02
  1.5070E+02  4.8273E-02 -1.6928E-02
  1.5101E+02  4.8586E-02 -1.7083E-02
  1.5132E+02  4.8920E-02 -1.7266E-02
  1.5163E+02  4.9271E-02 -1.7476E-02
  1.5194E+02  4.9635E-02 -1.7709E-02
  1.5226E+02  5.0008E-02 -1.7963E-02
  1.5257E+02  5.0385E-02 -1.8235E-02
  1.5288E+02  5.0762E-02 -1.8522E-02
  1.5319E+02  5.1134E-02 -1.8821E-02
  1.5350E+02  5.1498E-02 -1.9128E-02
  1.5382E+02  5.1849E-02 -1.9441E-02
  1.5413E+02  5.2185E-02 -1.9757E-02
  1.5444E+02  5.2502E-02 -2.0071E-02
  1.5475E+02  5.2797E-02 -2.0382E-02
  1.5506E+02  5.3067E-02 -2.0686E-02
  1.5538E+02  5.3311E-02 -2.0980E-02
  1.5569E+02  5.3526E-02 -2.1261E-02
  1.5600E+02  5.3710E-02 -2.1527E-02
  1.5631E+02  5.3862E-02 -2.1776E-02
  1.5662E+02  5.3981E-02 -2.2005E-02
  1.5694E+02  5.4067E-02 -2.2213E-02
  1.5725E+02  5.4119E-02 -2.2397E-02
  1.5756E+02  5.4137E-02 -2.2557E-02
  1.5787E+02  5.4123E-02 -2.2690E-02
  1.5818E+02  5.4076E-02 -2.2798E-02
  1.5850E+02  5.3998E-02 -2.2878E-02
  1.5881E+02  5.3890E-02 -2.2931E-02
  1.5912E+02  5.3754E-02 -2.2956E-02
  1.5943E+02  5.3592E-02 -2.2954E-02
  1.5974E+02  5.3405E-02 -2.2925E-02
  1.6006E+02  5.3197E-02 -2.2871E-02
  1.6037E+02  5.2969E-02 -2.2792E-02
  1.6068E+02  5.2725E-02 -2.2689E-02
  1.6099E+02  5.2467E-02 -2.2564E-02
  1.6130E+02  5.2198E-02 -2.2419E-02
  1.6162E+02  5.1921E-02 -2.2256E-02
  1.6193E+02  5.1639E-02 -2.2076E-02
  1.6224E+02  5.1355E-02 -2.1882E-02
  1.6255E+02  5.1071E-02 -2.1676E-02
  1.6286E+02  5.0791E-02 -2.1460E-02
  1.6318E+02  5.0517E-02 -2.1237E-02
  1.6349E+02  5.0251E-02 -2.1009E-02
  1.6380E+02  4.9997E-02 -2.0779E-02
  1.6411E+02  4.9756E-02 -2.0549E-02
  1.6442E+02  4.9531E-02 -2.0322E-02
  1.6474E+02  4.9323E-02 -2.0099E-02
  1.6505E+02  4.9135E-02 -1.9883E-02
  1.6536E+02  4.8967E-02 -1.9677E-02
  1.6567E+02  4.8821E-02 -1.9481E-02
  1.6598E+02  4.8698E-02 -1.9299E-02
  1.6630E+02  4.8598E-02 -1.9132E-02
  1.6661E+02  4.8521E-02 -1.8981E-02
  1.6692E+02  4.8469E-02 -1.8848E-02
  1.6723E+02  4.8441E-02 -1.8733E-02
  1.6754E+02  4.8436E-02 -1.8638E-02
  1.6786E+02  4.8454E-02 -1.8564E-02
  1.6817E+02  4.8494E-02 -1.8511E-02
  1.6848E+02  4.8555E-02 -1.8479E-02
  1.6879E+02  4.8636E-02 -1.8468E-02
  1.6910E+02  4.8736E-02 -1.8479E-02
  1.6942E+02  4.8852E-02 -1.8511E-02
  1.6973E+02  4.8984E-02 -1.8562E-02
  1.7004E+02  4.9130E-02 -1.8634E-02
  1.7035E+02  4.9288E-02 -1.8724E-02
  1.7066E+02  4.9456E-02 -1.8832E-02
  1.7098E+02  4.9633E-02 -1.8956E-02
  1.7129E+02  4.9815E-02 -1.9095E-02
  1.7160E+02  5.0002E-02 -1.9248E-02
  1.7191E+02  5.0190E-02 -1.9413E-02
  1.7222E+02  5.0379E-02 -1.9587E-02
  1.7254E+02  5.0566E-02 -1.9770E-02
  1.7285E+02  5.0749E-02 -1.9960E-02
  1.7316E+02  5.0927E-02 -2.0154E-02
  1.7347E+02  5.1097E-02 -2.0351E-02
  1.7378E+02  5.1259E-02 -2.0548E-02
  1.7410E+02  5.1411E-02 -2.0745E-02
  1.7441E+02  5.1551E-02 -2.0939E-02
  1.7472E+02  5.1678E-02 -2.1129E-02
  1.7503E+02  5.1792E-02 -2.1312E-02
  1.7534E+02  5.1891E-02 -2.1488E-02
  1.7566E+02  5.1975E-02 -2.1654E-02
  1.7597E+02  5.2043E-02 -2.1810E-02
  1.7628E+02  5.2095E-02 -2.1953E-02
  1.7659E+02  5.2132E-02 -2.2084E-02
  1.7690E+02  5.2152E-02 -2.2201E-02
  1.7722E+02  5.2157E-02 -2.2303E-02
  1.7753E+02  5.2146E-02 -2.2390E-02
  1.7784E+02  5.2121E-02 -2.2462E-02
  1.7815E+02  5.2081E-02 -2.2517E-02
  1.7846E+02  5.2027E-02 -2.2556E-02
  1.7878E+02  5.1961E-02 -2.2579E-02
  1.7909E+02  5.1883E-02 -2.2585E-02
  1.7940E+02  5.1794E-02 -2.2576E-02
  1.7971E+02  5.1696E-02 -2.2552E-02
  1.8002E+02  5.1589E-02 -2.2514E-02
  1.8034E+02  5.1474E-02 -2.2462E-02
  1.8065E+02  5.1353E-02 -2.2397E-02
  1.8096E+02  5.1228E-02 -2.2320E-02
  1.8127E+02  5.1098E-02 -2.2232E-02
  1.8158E+02  5.0967E-02 -2.2134E-02
  1.8190E+02  5.0833E-02 -2.2029E-02
  1.8221E+02  5.0700E-02 -2.1916E-02
  1.8252E+02  5.0567E-02 -2.1798E-02
  1.8283E+02  5.0437E-02 -2.1675E-02
  1.8314E+02  5.0309E-02 -2.1549E-02
  1.8346E+02  5.0185E-02 -2.1423E-02
  1.8377E+02  5.0066E-02 -2.1295E-02
  1.8408E+02  4.9951E-02 -2.1170E-02
  1.8439E+02  4.9843E-02 -2.1047E-02
  1.8470E+02  4.9741E-02 -2.0927E-02
  1.8502E+02  4.9645E-02 -2.0813E-02
  1.8533E+02  4.9557E-02 -2.0705E-02
  1.8564E+02  4.9476E-02 -2.0604E-02
  1.8595E+02  4.9402E-02 -2.0512E-02
  1.8626E+02  4.9335E-02 -2.0428E-02
  1.8658E+02  4.9276E-02 -2.0354E-02
  1.8689E+02  4.9224E-02 -2.0291E-02
  1.8720E+02  4.9178E-02 -2.0238E-02
  1.8751E+02  4.9139E-02 -2.0197E-02
  1.8782E+02  4.9106E-02 -2.0168E-02
  1.8814E+02  4.9078E-02 -2.0150E-02
  1.8845E+02  4.9055E-02 -2.0143E-02
  1.8876E+02  4.9037E-02 -2.0149E-02
  1.8907E+02  4.9022E-02 -2.0165E-02
  1.8938E+02  4.9011E-02 -2.0193E-02
  1.8970E+02  4.9001E-02 -2.0231E-02
  1.9001E+02  4.8994E-02 -2.0279E-02
  1.9032E+02  4.8987E-02 -2.0337E-02
  1.9063E+02  4.8980E-02 -2.0403E-02
  1.9094E+02  4.8973E-02 -2.0478E-02
  1.9126E+02  4.8964E-02 -2.0559E-02
  1.9157E+02  4.8953E-02 -2.0646E-02
  1.9188E+02  4.8939E-02 -2.0739E-02
  1.9219E+02  4.8922E-02 -2.0835E-02
  1.9250E+02  4.8901E-02 -2.0935E-02
  1.9282E+02  4.8876E-02 -2.1037E-02
  1.9313E+02  4.8845E-02 -2.1139E-02
  1.9344E+02  4.8810E-02 -2.1242E-02
  1.9375E+02  4.8768E-02 -2.1344E-02
  1.9406E+02  4.8721E-02 -2.1443E-02
  1.9438E+02  4.8667E-02 -2.1540E-02
  1.9469E+02  4.8608E-02 -2.1632E-02
  1.9500E+02  4.8542E-02 -2.1720E-02
  1.9531E+02  4.8470E-02 -2.1802E-02
  1.9562E+02  4.8391E-02 -2.1878E-02
  1.9594E+02  4.8307E-02 -2.1947E-02
  1.9625E+02  4.8216E-02 -2.2009E-02
  1.9656E+02  4.8121E-02 -2.2062E-02
  1.9687E+02  4.8020E-02 -2.2107E-02
  1.9718E+02  4.7915E-02 -2.2144E-02
  1.9750E+02  4.7806E-02 -2.2171E-02
  1.9781E+02  4.7693E-02 -2.2190E-02
  1.9812E+02  4.7577E-02 -2.2199E-02
  1.9843E+02  4.7459E-02 -2.2199E-02
  1.9874E+02  4.7339E-02 -2.2191E-02
  1.9906E+02  4.7218E-02 -2.2173E-02
  1.9937E+02  4.7097E-02 -2.2148E-02
  1.9968E+02  4.6976E-02 -2.2114E-02
  1.9999E+02  4.6855E-02 -2.2073E-02
  2.0030E+02  4.6736E-02 -2.2025E-02
  2.0062E+02  4.6618E-02 -2.1971E-02
  2.0093E+02  4.6502E-02 -2.1911E-02
  2.0124E+02  4.6389E-02 -2.1846E-02
  2.0155E+02  4.6279E-02 -2.1777E-02
  2.0186E+02  4.6173E-02 -2.1704E-02
  2.0218E+02  4.6069E-02 -2.1628E-02
  2.0249E+02  4.5970E-02 -2.1550E-02
  2.0280E+02  4.5874E-02 -2.1471E-02
  2.0311E+02  4.5781E-02 -2.1391E-02
  2.0342E+02  4.5693E-02 -2.1312E-02
  2.0374E+02  4.5608E-02 -2.1234E-02
  2.0405E+02  4.5527E-02 -2.1157E-02
  2.0436E+02  4.5449E-02 -2.1083E-02
  2.0467E+02  4.5374E-02 -2.1011E-02
  2.0498E+02  4.5302E-02 -2.0943E-02
  2.0530E+02  4.5232E-02 -2.0880E-02
  2.0561E+02  4.5164E-02 -2.0821E-02
  2.0592E+02  4.5098E-02 -2.0767E-02
  2.0623E+02  4.5033E-02 -2.0718E-02
  2.0654E+02  4.4969E-02 -2.0675E-02
  2.0686E+02  4.4905E-02 -2.0638E-02
  2.0717E+02  4.4841E-02 -2.0606E-02
  2.0748E+02  4.4776E-02 -2.0581E-02
  2.0779E+02  4.4709E-02 -2.0563E-02
  2.0810E+02  4.4641E-02 -2.0550E-02
  2.0842E+02  4.4571E-02 -2.0543E-02
  2.0873E+02  4.4498E-02 -2.0542E-02
  2.0904E+02  4.4421E-02 -2.0547E-02
  2.0935E+02  4.4342E-02 -2.0557E-02
  2.0966E+02  4.4259E-02 -2.0572E-02
  2.0998E+02  4.4171E-02 -2.0591E-02
  2.1029E+02  4.4080E-02 -2.0615E-02
  2.1060E+02  4.3984E-02 -2.0643E-02
  2.1091E+02  4.3884E-02 -2.0673E-02
  2.1122E+02  4.3779E-02 -2.0707E-02
  2.1154E+02  4.3669E-02 -2.0742E-02
  2.1185E+02  4.3555E-02 -2.0780E-02
  2.1216E+02  4.3436E-02 -2.0818E-02
  2.1247E+02  4.3313E-02 -2.0857E-02
  2.1278E+02  4.3185E-02 -2.0896E-02
  2.1310E+02  4.3054E-02 -2.0934E-02
  2.1341E+02  4.2919E-02 -2.0971E-02
  2.1372E+02  4.2781E-02 -2.1007E-02
  2.1403E+02  4.2641E-02 -2.1041E-02
  2.1434E+02  4.2497E-02 -2.1072E-02
  2.1466E+02  4.2352E-02 -2.1100E-02
  2.1497E+02  4.2204E-02 -2.1125E-02
  2.1528E+02  4.2056E-02 -2.1147E-02
  2.1559E+02  4.1907E-02 -2.1164E-02
  2.1590E+02  4.1758E-02 -2.1178E-02
  2.1622E+02  4.1609E-02 -2.1187E-02
  2.1653E+02  4.1461E-02 -2.1192E-02
  2.1684E+02  4.1314E-02 -2.1192E-02
  2.1715E+02  4.1169E-02 -2.1187E-02
  2.1746E+02  4.1026E-02 -2.1178E-02
  2.1778E+02  4.0886E-02 -2.1165E-02
  2.1809E+02  4.0748E-02 -2.1147E-02
  2.1840E+02  4.0614E-02 -2.1125E-02
  2.1871E+02  4.0484E-02 -2.1098E-02
  2.1902E+02  4.0357E-02 -2.1068E-02
  2.1934E+02  4.0234E-02 -2.1034E-02
  2.1965E+02  4.0116E-02 -2.0996E-02
  2.1996E+02  4.0002E-02 -2.0956E-02
  2.2027E+02  3.9892E-02 -2.0913E-02
  2.2058E+02  3.9787E-02 -2.0867E-02
  2.2090E+02  3.9687E-02 -2.0819E-02
  2.2121E+02  3.9591E-02 -2.0770E-02
  2.2152E+02  3.9499E-02 -2.0719E-02
  2.2183E+02  3.9411E-02 -2.0668E-02
  2.2214E+02  3.9328E-02 -2.0616E-02
  2.2246E+02  3.9248E-02 -2.0564E-02
  2.2277E+02  3.9171E-02 -2.0513E-02
  2.2308E+02  3.9098E-02 -2.0462E-02
  2.2339E+02  3.9028E-02 -2.0412E-02
  2.2370E+02  3.8960E-02 -2.0364E-02
  2.2402E+02  3.8894E-02 -2.0317E-02
  2.2433E+02  3.8830E-02 -2.0272E-02
  2.2464E+02  3.8767E-02 -2.0230E-02
  2.2495E+02  3.8705E-02 -2.0190E-02
  2.2526E+02  3.8643E-02 -2.0152E-02
  2.2558E+02  3.8582E-02 -2.0118E-02
  2.2589E+02  3.8520E-02 -2.0086E-02
  2.2620E+02  3.8457E-02 -2.0057E-02
  2.2651E+02  3.8393E-02 -2.0032E-02
  2.2682E+02  3.8328E-02 -2.0009E-02
  2.2714E+02  3.8261E-02 -1.9990E-02
  2.2745E+02  3.8192E-02 -1.9974E-02
  2.2776E+02  3.8120E-02 -1.9961E-02
  2.2807E+02  3.8046E-02 -1.9950E-02
  2.2838E+02  3.7969E-02 -1.9943E-02
  2.2870E+02  3.7888E-02 -1.9938E-02
  2.2901E+02  3.7805E-02 -1.9936E-02
  2.2932E+02  3.7718E-02 -1.9935E-02
  2.2963E+02  3.7628E-02 -1.9937E-02
  2.2994E+02  3.7534E-02 -1.9941E-02
  2.3026E+02  3.7437E-02 -1.9946E-02
  2.3057E+02  3.7337E-02 -1.9952E-02
  2.3088E+02  3.7234E-02 -1.9960E-02
  2.3119E+02  3.7127E-02 -1.9968E-02
  2.3150E+02  3.7018E-02 -1.9977E-02
  2.3182E+02  3.6907E-02 -1.9986E-02
  2.3213E+02  3.6792E-02 -1.9994E-02
  2.3244E+02  3.6676E-02 -2.0003E-02
  2.3275E+02  3.6558E-02 -2.0011E-02
  2.3306E+02  3.6439E-02 -2.0018E-02
  2.3338E+02  3.6319E-02 -2.0024E-02
  2.3369E+02  3.6197E-02 -2.0029E-02
  2.3400E+02  3.6076E-02 -2.0032E-02
  2.3431E+02  3.5955E-02 -2.0034E-02
  2.3462E+02  3.5834E-02 -2.0034E-02
  2.3494E+02  3.5713E-02 -2.0033E-02
  2.3525E+02  3.5594E-02 -2.0029E-02
  2.3556E+02  3.5477E-02 -2.0024E-02
  2.3587E+02  3.5362E-02 -2.0016E-02
  2.3618E+02  3.5249E-02 -2.0006E-02
  2.3650E+02  3.5138E-02 -1.9995E-02
  2.3681E+02  3.5031E-02 -1.9981E-02
  2.3712E+02  3.4926E-02 -1.9965E-02
  2.3743E+02  3.4826E-02 -1.9947E-02
  2.3774E+02  3.4729E-02 -1.9928E-02
  2.3806E+02  3.4636E-02 -1.9906E-02
  2.3837E+02  3.4547E-02 -1.9883E-02
  2.3868E+02  3.4462E-02 -1.9859E-02
  2.3899E+02  3.4382E-02 -1.9833E-02
  2.3930E+02  3.4306E-02 -1.9806E-02
  2.3962E+02  3.4234E-02 -1.9778E-02
  2.3993E+02  3.4167E-02 -1.9750E-02
  2.4024E+02  3.4104E-02 -1.9720E-02
  2.4055E+02  3.4045E-02 -1.9691E-02
  2.4086E+02  3.3990E-02 -1.9661E-02
  2.4118E+02  3.3938E-02 -1.9631E-02
  2.4149E+02  3.3891E-02 -1.9601E-02
  2.4180E+02  3.3846E-02 -1.9572E-02
  2.4211E+02  3.3805E-02 -1.9543E-02
  2.4242E+02  3.3767E-02 -1.9515E-02
  2.4274E+02  3.3731E-02 -1.9487E-02
  2.4305E+02  3.3698E-02 -1.9461E-02
  2.4336E+02  3.3666E-02 -1.9435E-02
  2.4367E+02  3.3636E-02 -1.9411E-02
  2.4398E+02  3.3607E-02 -1.9389E-02
  2.4430E+02  3.3578E-02 -1.9367E-02
  2.4461E+02  3.3550E-02 -1.9348E-02
  2.4492E+02  3.3523E-02 -1.9329E-02
  2.4523E+02  3.3495E-02 -1.9313E-02
  2.4554E+02  3.3466E-02 -1.9298E-02
  2.4586E+02  3.3436E-02 -1.9284E-02
  2.4617E+02  3.3406E-02 -1.9272E-02
  2.4648E+02  3.3373E-02 -1.9262E-02
  2.4679E+02  3.3339E-02 -1.9253E-02
  2.4710E+02  3.3303E-02 -1.9246E-02
  2.4742E+02  3.3265E-02 -1.9240E-02
  2.4773E+02  3.3224E-02 -1.9235E-02
  2.4804E+02  3.3181E-02 -1.9231E-02
  2.4835E+02  3.3135E-02 -1.9229E-02
  2.4866E+02  3.3086E-02 -1.9227E-02
  2.4898E+02  3.3035E-02 -1.9226E-02
  2.4929E+02  3.2981E-02 -1.9226E-02
  2.4960E+02  3.2924E-02 -1.9226E-02
  2.4991E+02  3.2864E-02 -1.9227E-02
  2.5022E+02  3.2802E-02 -1.9228E-02
  2.5054E+02  3.2737E-02 -1.9230E-02
  2.5085E+02  3.2670E-02 -1.9231E-02
  2.5116E+02  3.2601E-02 -1.9232E-02
  2.5147E+02  3.2530E-02 -1.9233E-02
  2.5178E+02  3.2457E-02 -1.9233E-02
  2.5210E+02  3.2383E-02 -1.9233E-02
  2.5241E+02  3.2308E-02 -1.9233E-02
  2.5272E+02  3.2231E-02 -1.9231E-02
  2.5303E+02  3.2154E-02 -1.9230E-02
  2.5334E+02  3.2077E-02 -1.9227E-02
  2.5366E+02  3.1999E-02 -1.9223E-02
  2.5397E+02  3.1922E-02 -1.9219E-02
  2.5428E+02  3.1846E-02 -1.9213E-02
  2.5459E+02  3.1770E-02 -1.9207E-02
  2.5490E+02  3.1696E-02 -1.9199E-02
  2.5522E+02  3.1623E-02 -1.9191E-02
  2.5553E+02  3.1552E-02 -1.9181E-02
  2.5584E+02  3.1482E-02 -1.9171E-02
  2.5615E+02  3.1416E-02 -1.9160E-02
  2.5646E+02  3.1351E-02 -1.9148E-02
  2.5678E+02  3.1289E-02 -1.9135E-02
  2.5709E+02  3.1230E-02 -1.9122E-02
  2.5740E+02  3.1174E-02 -1.9107E-02
  2.5771E+02  3.1122E-02 -1.9093E-02
  2.5802E+02  3.1072E-02 -1.9078E-02
  2.5834E+02  3.1025E-02 -1.9062E-02
  2.5865E+02  3.0982E-02 -1.9047E-02
  2.5896E+02  3.0942E-02 -1.9031E-02
  2.5927E+02  3.0905E-02 -1.9015E-02
  2.5958E+02  3.0871E-02 -1.8999E-02
  2.5990E+02  3.0841E-02 -1.8983E-02
  2.6021E+02  3.0813E-02 -1.8967E-02
  2.6052E+02  3.0788E-02 -1.8952E-02
  2.6083E+02  3.0765E-02 -1.8937E-02
  2.6114E+02  3.0746E-02 -1.8923E-02
  2.6146E+02  3.0728E-02 -1.8909E-02
  2.6177E+02  3.0712E-02 -1.8896E-02
  2.6208E+02  3.0698E-02 -1.8883E-02
  2.6239E+02  3.0685E-02 -1.8872E-02
  2.6270E+02  3.0674E-02 -1.8861E-02
  2.6302E+02  3.0663E-02 -1.8850E-02
  2.6333E+02  3.0654E-02 -1.8841E-02
  2.6364E+02  3.0644E-02 -1.8832E-02
  2.6395E+02  3.0635E-02 -1.8824E-02
  2.6426E+02  3.0625E-02 -1.8818E-02
  2.6458E+02  3.0615E-02 -1.8811E-02
  2.6489E+02  3.0605E-02 -1.8806E-02
  2.6520E+02  3.0593E-02 -1.8802E-02
  2.6551E+02  3.0580E-02 -1.8798E-02
  2.6582E+02  3.0566E-02 -1.8795E-02
  2.6614E+02  3.0550E-02 -1.8792E-02
  2.6645E+02  3.0533E-02 -1.8790E-02
  2.6676E+02  3.0513E-02 -1.8788E-02
  2.6707E+02  3.0492E-02 -1.8787E-02
  2.6738E+02  3.0468E-02 -1.8786E-02
  2.6770E+02  3.0442E-02 -1.8786E-02
  2.6801E+02  3.0414E-02 -1.8786E-02
  2.6832E+02  3.0383E-02 -1.8785E-02
  2.6863E+02  3.0350E-02 -1.8785E-02
  2.6894E+02  3.0315E-02 -1.8785E-02
  2.6926E+02  3.0277E-02 -1.8785E-02
  2.6957E+02  3.0237E-02 -1.8784E-02
  2.6988E+02  3.0195E-02 -1.8783E-02
  2.7019E+02  3.0151E-02 -1.8782E-02
  2.7050E+02  3.0105E-02 -1.8780E-02
  2.7082E+02  3.0057E-02 -1.8778E-02
  2.7113E+02  3.0007E-02 -1.8776E-02
  2.7144E+02  2.9957E-02 -1.8773E-02
  2.7175E+02  2.9904E-02 -1.8769E-02
  2.7206E+02  2.9851E-02 -1.8765E-02
  2.7238E+02  2.9797E-02 -1.8760E-02
  2.7269E+02  2.9743E-02 -1.8754E-02
  2.7300E+02  2.9688E-02 -1.8748E-02
  2.7331E+02  2.9632E-02 -1.8742E-02
  2.7362E+02  2.9577E-02 -1.8734E-02
  2.7394E+02  2.9523E-02 -1.8726E-02
  2.7425E+02  2.9468E-02 -1.8717E-02
  2.7456E+02  2.9415E-02 -1.8708E-02
  2.7487E+02  2.9362E-02 -1.8699E-02
  2.7518E+02  2.9311E-02 -1.8688E-02
  2.7550E+02  2.9261E-02 -1.8678E-02
  2.7581E+02  2.9212E-02 -1.8667E-02
  2.7612E+02  2.9165E-02 -1.8656E-02
  2.7643E+02  2.9120E-02 -1.8644E-02
  2.7674E+02  2.9076E-02 -1.8632E-02
  2.7706E+02  2.9035E-02 -1.8620E-02
  2.7737E+02  2.8995E-02 -1.8608E-02
  2.7768E+02  2.8957E-02 -1.8597E-02
  2.7799E+02  2.8922E-02 -1.8585E-02
  2.7830E+02  2.8889E-02 -1.8573E-02
  2.7862E+02  2.8857E-02 -1.8561E-02
  2.7893E+02  2.8828E-02 -1.8550E-02
  2.7924E+02  2.8801E-02 -1.8539E-02
  2.7955E+02  2.8775E-02 -1.8528E-02
  2.7986E+02  2.8752E-02 -1.8518E-02
  2.8018E+02  2.8730E-02 -1.8508E-02
  2.8049E+02  2.8709E-02 -1.8498E-02
  2.8080E+02  2.8690E-02 -1.8489E-02
  2.8111E+02  2.8672E-02 -1.8481E-02
  2.8142E+02  2.8655E-02 -1.8473E-02
  2.8174E+02  2.8640E-02 -1.8465E-02
  2.8205E+02  2.8624E-02 -1.8458E-02
  2.8236E+02  2.8610E-02 -1.8452E-02
  2.8267E+02  2.8596E-02 -1.8446E-02
  2.8298E+02  2.8581E-02 -1.8440E-02
  2.8330E+02  2.8567E-02 -1.8435E-02
  2.8361E+02  2.8553E-02 -1.8431E-02
  2.8392E+02  2.8538E-02 -1.8427E-02
  2.8423E+02  2.8522E-02 -1.8423E-02
  2.8454E+02  2.8506E-02 -1.8419E-02
  2.8486E+02  2.8489E-02 -1.8416E-02
  2.8517E+02  2.8471E-02 -1.8413E-02
  2.8548E+02  2.8451E-02 -1.8410E-02
  2.8579E+02  2.8430E-02 -1.8408E-02
  2.8610E+02  2.8408E-02 -1.8405E-02
  2.8642E+02  2.8384E-02 -1.8403E-02
  2.8673E+02  2.8359E-02 -1.8400E-02
  2.8704E+02  2.8331E-02 -1.8397E-02
  2.8735E+02  2.8302E-02 -1.8395E-02
  2.8766E+02  2.8272E-02 -1.8392E-02
  2.8798E+02  2.8239E-02 -1.8388E-02
  2.8829E+02  2.8205E-02 -1.8385E-02
  2.8860E+02  2.8169E-02 -1.8381E-02
  2.8891E+02  2.8131E-02 -1.8376E-02
  2.8922E+02  2.8091E-02 -1.8371E-02
  2.8954E+02  2.8050E-02 -1.8366E-02
  2.8985E+02  2.8008E-02 -1.8360E-02
  2.9016E+02  2.7964E-02 -1.8354E-02
  2.9047E+02  2.7919E-02 -1.8347E-02
  2.9078E+02  2.7872E-02 -1.8340E-02
  2.9110E+02  2.7825E-02 -1.8332E-02
  2.9141E+02  2.7776E-02 -1.8323E-02
  2.9172E+02  2.7727E-02 -1.8314E-02
  2.9203E+02  2.7677E-02 -1.8305E-02
  2.9234E+02  2.7627E-02 -1.8295E-02
  2.9266E+02  2.7576E-02 -1.8284E-02
  2.9297E+02  2.7525E-02 -1.8273E-02
  2.9328E+02  2.7475E-02 -1.8262E-02
  2.9359E+02  2.7424E-02 -1.8250E-02
  2.9390E+02  2.7374E-02 -1.8237E-02
  2.9422E+02  2.7324E-02 -1.8225E-02
  2.9453E+02  2.7274E-02 -1.8212E-02
  2.9484E+02  2.7226E-02 -1.8199E-02
  2.9515E+02  2.7178E-02 -1.8185E-02
  2.9546E+02  2.7131E-02 -1.8172E-02
  2.9578E+02  2.7085E-02 -1.8158E-02
  2.9609E+02  2.7040E-02 -1.8145E-02
  2.9640E+02  2.6996E-02 -1.8131E-02
  2.9671E+02  2.6954E-02 -1.8118E-02
  2.9702E+02  2.6912E-02 -1.8105E-02
  2.9734E+02  2.6872E-02 -1.8091E-02
  2.9765E+02  2.6834E-02 -1.8078E-02
  2.9796E+02  2.6796E-02 -1.8066E-02
  2.9827E+02  2.6760E-02 -1.8053E-02
  2.9858E+02  2.6725E-02 -1.8041E-02
  2.9890E+02  2.6692E-02 -1.8029E-02
  2.9921E+02  2.6659E-02 -1.8018E-02
  2.9952E+02  2.6628E-02 -1.8007E-02
  2.9983E+02  2.6598E-02 -1.7996E-02
  3.0014E+02  2.6568E-02 -1.7986E-02
  3.0046E+02  2.6540E-02 -1.7976E-02
  3.0077E+02  2.6512E-02 -1.7966E-02
  3.0108E+02  2.6485E-02 -1.7957E-02
  3.0139E+02  2.6458E-02 -1.7949E-02
  3.0170E+02  2.6432E-02 -1.7940E-02
  3.0202E+02  2.6406E-02 -1.7933E-02
  3.0233E+02  2.6380E-02 -1.7925E-02
  3.0264E+02  2.6354E-02 -1.7918E-02
  3.0295E+02  2.6329E-02 -1.7911E-02
  3.0326E+02  2.6302E-02 -1.7904E-02
  3.0358E+02  2.6276E-02 -1.7898E-02
  3.0389E+02  2.6249E-02 -1.7891E-02
  3.0420E+02  2.6222E-02 -1.7885E-02
  3.0451E+02  2.6194E-02 -1.7879E-02
  3.0482E+02  2.6165E-02 -1.7873E-02
  3.0514E+02  2.6135E-02 -1.7867E-02
  3.0545E+02  2.6104E-02 -1.7861E-02
  3.0576E+02  2.6073E-02 -1.7855E-02
  3.0607E+02  2.6040E-02 -1.7848E-02
  3.0638E+02  2.6006E-02 -1.7842E-02
  3.0670E+02  2.5971E-02 -1.7835E-02
  3.0701E+02  2.5935E-02 -1.7828E-02
  3.0732E+02  2.5898E-02 -1.7821E-02
  3.0763E+02  2.5860E-02 -1.7813E-02
  3.0794E+02  2.5820E-02 -1.7805E-02
  3.0826E+02  2.5779E-02 -1.7797E-02
  3.0857E+02  2.5737E-02 -1.7788E-02
  3.0888E+02  2.5694E-02 -1.7779E-02
  3.0919E+02  2.5650E-02 -1.7769E-02
  3.0950E+02  2.5605E-02 -1.7759E-02
  3.0982E+02  2.5560E-02 -1.7749E-02
  3.1013E+02  2.5513E-02 -1.7738E-02
  3.1044E+02  2.5466E-02 -1.7726E-02
  3.1075E+02  2.5418E-02 -1.7714E-02
  3.1106E+02  2.5369E-02 -1.7702E-02
  3.1138E+02  2.5320E-02 -1.7689E-02
  3.1169E+02  2.5271E-02 -1.7676E-02
  3.1200E+02  2.5221E-02 -1.7663E-02
  3.1231E+02  2.5172E-02 -1.7649E-02
  3.1262E+02  2.5122E-02 -1.7635E-02
  3.1294E+02  2.5072E-02 -1.7620E-02
  3.1325E+02  2.5023E-02 -1.7606E-02
  3.1356E+02  2.4974E-02 -1.7591E-02
  3.1387E+02  2.4925E-02 -1.7576E-02
  3.1418E+02  2.4877E-02 -1.7561E-02
  3.1450E+02  2.4829E-02 -1.7546E-02
  3.1481E+02  2.4782E-02 -1.7530E-02
  3.1512E+02  2.4735E-02 -1.7515E-02
  3.1543E+02  2.4689E-02 -1.7500E-02
  3.1574E+02  2.4644E-02 -1.7485E-02
  3.1606E+02  2.4600E-02 -1.7470E-02
  3.1637E+02  2.4557E-02 -1.7455E-02
  3.1668E+02  2.4514E-02 -1.7440E-02
  3.1699E+02  2.4472E-02 -1.7426E-02
  3.1730E+02  2.4432E-02 -1.7412E-02
  3.1762E+02  2.4392E-02 -1.7398E-02
  3.1793E+02  2.4353E-02 -1.7385E-02
  3.1824E+02  2.4314E-02 -1.7371E-02
  3.1855E+02  2.4277E-02 -1.7359E-02
  3.1886E+02  2.4240E-02 -1.7346E-02
  3.1918E+02  2.4205E-02 -1.7334E-02
  3.1949E+02  2.4169E-02 -1.7322E-02
  3.1980E+02  2.4135E-02 -1.7311E-02
  3.2011E+02  2.4101E-02 -1.7300E-02
  3.2042E+02  2.4068E-02 -1.7289E-02
  3.2074E+02  2.4035E-02 -1.7278E-02
  3.2105E+02  2.4002E-02 -1.7268E-02
  3.2136E+02  2.3970E-02 -1.7259E-02
  3.2167E+02  2.3938E-02 -1.7249E-02
  3.2198E+02  2.3906E-02 -1.7240E-02
  3.2230E+02  2.3874E-02 -1.7231E-02
  3.2261E+02  2.3842E-02 -1.7222E-02
  3.2292E+02  2.3810E-02 -1.7214E-02
  3.2323E+02  2.3778E-02 -1.7205E-02
  3.2354E+02  2.3745E-02 -1.7197E-02
  3.2386E+02  2.3713E-02 -1.7189E-02
  3.2417E+02  2.3680E-02 -1.7180E-02
  3.2448E+02  2.3647E-02 -1.7172E-02
  3.2479E+02  2.3613E-02 -1.7164E-02
  3.2510E+02  2.3579E-02 -1.7155E-02
  3.2542E+02  2.3544E-02 -1.7147E-02
  3.2573E+02  2.3509E-02 -1.7138E-02
  3.2604E+02  2.3473E-02 -1.7130E-02
  3.2635E+02  2.3436E-02 -1.7121E-02
  3.2666E+02  2.3399E-02 -1.7112E-02
  3.2698E+02  2.3362E-02 -1.7102E-02
  3.2729E+02  2.3323E-02 -1.7092E-02
  3.2760E+02  2.3285E-02 -1.7083E-02
  3.2791E+02  2.3245E-02 -1.7072E-02
  3.2822E+02  2.3205E-02 -1.7062E-02
  3.2854E+02  2.3165E-02 -1.7051E-02
  3.2885E+02  2.3124E-02 -1.7040E-02
  3.2916E+02  2.3083E-02 -1.7028E-02
  3.2947E+02  2.3041E-02 -1.7016E-02
  3.2978E+02  2.2999E-02 -1.7004E-02
  3.3010E+02  2.2956E-02 -1.6992E-02
  3.3041E+02  2.2914E-02 -1.6979E-02
  3.3072E+02  2.2871E-02 -1.6966E-02
  3.3103E+02  2.2828E-02 -1.6953E-02
  3.3134E+02  2.2785E-02 -1.6939E-02
  3.3166E+02  2.2742E-02 -1.6925E-02
  3.3197E+02  2.2699E-02 -1.6912E-02
  3.3228E+02  2.2656E-02 -1.6897E-02
  3.3259E+02  2.2614E-02 -1.6883E-02
  3.3290E+02  2.2571E-02 -1.6869E-02
  3.3322E+02  2.2529E-02 -1.6854E-02
  3.3353E+02  2.2487E-02 -1.6840E-02
  3.3384E+02  2.2446E-02 -1.6825E-02
  3.3415E+02  2.2405E-02 -1.6811E-02
  3.3446E+02  2.2364E-02 -1.6796E-02
  3.3478E+02  2.2324E-02 -1.6782E-02
  3.3509E+02  2.2285E-02 -1.6768E-02
  3.3540E+02  2.2246E-02 -1.6754E-02
  3.3571E+02  2.2208E-02 -1.6740E-02
  3.3602E+02  2.2170E-02 -1.6726E-02
  3.3634E+02  2.2133E-02 -1.6712E-02
  3.3665E+02  2.2096E-02 -1.6699E-02
  3.3696E+02  2.2061E-02 -1.6686E-02
  3.3727E+02  2.2026E-02 -1.6673E-02
  3.3758E+02  2.1991E-02 -1.6661E-02
  3.3790E+02  2.1957E-02 -1.6648E-02
  3.3821E+02  2.1924E-02 -1.6636E-02
  3.3852E+02  2.1891E-02 -1.6625E-02
  3.3883E+02  2.1859E-02 -1.6613E-02
  3.3914E+02  2.1827E-02 -1.6602E-02
  3.3946E+02  2.1796E-02 -1.6592E-02
  3.3977E+02  2.1765E-02 -1.6581E-02
  3.4008E+02  2.1735E-02 -1.6571E-02
  3.4039E+02  2.1705E-02 -1.6561E-02
  3.4070E+02  2.1675E-02 -1.6552E-02
  3.4102E+02  2.1646E-02 -1.6542E-02
  3.4133E+02  2.1617E-02 -1.6533E-02
  3.4164E+02  2.1588E-02 -1.6524E-02
  3.4195E+02  2.1559E-02 -1.6515E-02
  3.4226E+02  2.1530E-02 -1.6507E-02
  3.4258E+02  2.1502E-02 -1.6498E-02
  3.4289E+02  2.1473E-02 -1.6490E-02
  3.4320E+02  2.1444E-02 -1.6481E-02
  3.4351E+02  2.1416E-02 -1.6473E-02
  3.4382E+02  2.1387E-02 -1.6465E-02
  3.4414E+02  2.1358E-02 -1.6457E-02
  3.4445E+02  2.1329E-02 -1.6448E-02
  3.4476E+02  2.1300E-02 -1.6440E-02
  3.4507E+02  2.1271E-02 -1.6432E-02
  3.4538E+02  2.1241E-02 -1.6423E-02
  3.4570E+02  2.1211E-02 -1.6415E-02
  3.4601E+02  2.1181E-02 -1.6406E-02
  3.4632E+02  2.1151E-02 -1.6397E-02
  3.4663E+02  2.1120E-02 -1.6388E-02
  3.4694E+02  2.1089E-02 -1.6379E-02
  3.4726E+02  2.1058E-02 -1.6369E-02
  3.4757E+02  2.1027E-02 -1.6360E-02
  3.4788E+02  2.0995E-02 -1.6350E-02
  3.4819E+02  2.0964E-02 -1.6340E-02
  3.4850E+02  2.0932E-02 -1.6330E-02
  3.4882E+02  2.0900E-02 -1.6319E-02
  3.4913E+02  2.0867E-02 -1.6309E-02
  3.4944E+02  2.0835E-02 -1.6298E-02
  3.4975E+02  2.0803E-02 -1.6287E-02
  3.5006E+02  2.0770E-02 -1.6275E-02
  3.5038E+02  2.0738E-02 -1.6264E-02
  3.5069E+02  2.0705E-02 -1.6252E-02
  3.5100E+02  2.0672E-02 -1.6241E-02
  3.5131E+02  2.0640E-02 -1.6229E-02
  3.5162E+02  2.0608E-02 -1.6217E-02
  3.5194E+02  2.0575E-02 -1.6205E-02
  3.5225E+02  2.0543E-02 -1.6193E-02
  3.5256E+02  2.0511E-02 -1.6180E-02
  3.5287E+02  2.0480E-02 -1.6168E-02
  3.5318E+02  2.0448E-02 -1.6156E-02
  3.5350E+02  2.0417E-02 -1.6144E-02
  3.5381E+02  2.0387E-02 -1.6131E-02
  3.5412E+02  2.0356E-02 -1.6119E-02
  3.5443E+02  2.0326E-02 -1.6107E-02
  3.5474E+02  2.0296E-02 -1.6095E-02
  3.5506E+02  2.0267E-02 -1.6084E-02
  3.5537E+02  2.0238E-02 -1.6072E-02
  3.5568E+02  2.0209E-02 -1.6060E-02
  3.5599E+02  2.0181E-02 -1.6049E-02
  3.5630E+02  2.0154E-02 -1.6038E-02
  3.5662E+02  2.0126E-02 -1.6027E-02
  3.5693E+02  2.0099E-02 -1.6016E-02
  3.5724E+02  2.0073E-02 -1.6005E-02
  3.5755E+02  2.0047E-02 -1.5995E-02
  3.5786E+02  2.0021E-02 -1.5985E-02
  3.5818E+02  1.9995E-02 -1.5975E-02
  3.5849E+02  1.9970E-02 -1.5965E-02
  3.5880E+02  1.9946E-02 -1.5956E-02
  3.5911E+02  1.9921E-02 -1.5947E-02
  3.5942E+02  1.9897E-02 -1.5938E-02
  3.5974E+02  1.9873E-02 -1.5929E-02
  3.6005E+02  1.9850E-02 -1.5920E-02
  3.6036E+02  1.9827E-02 -1.5912E-02
  3.6067E+02  1.9803E-02 -1.5904E-02
  3.6098E+02  1.9780E-02 -1.5895E-02
  3.6130E+02  1.9757E-02 -1.5888E-02
  3.6161E+02  1.9735E-02 -1.5880E-02
  3.6192E+02  1.9712E-02 -1.5872E-02
  3.6223E+02  1.9689E-02 -1.5864E-02
  3.6254E+02  1.9667E-02 -1.5857E-02
  3.6286E+02  1.9644E-02 -1.5849E-02
  3.6317E+02  1.9622E-02 -1.5842E-02
  3.6348E+02  1.9599E-02 -1.5834E-02
  3.6379E+02  1.9576E-02 -1.5827E-02
  3.6410E+02  1.9554E-02 -1.5819E-02
  3.6442E+02  1.9531E-02 -1.5811E-02
  3.6473E+02  1.9508E-02 -1.5804E-02
  3.6504E+02  1.9485E-02 -1.5796E-02
  3.6535E+02  1.9462E-02 -1.5788E-02
  3.6566E+02  1.9438E-02 -1.5780E-02
  3.6598E+02  1.9415E-02 -1.5772E-02
  3.6629E+02  1.9391E-02 -1.5764E-02
  3.6660E+02  1.9367E-02 -1.5756E-02
  3.6691E+02  1.9343E-02 -1.5748E-02
  3.6722E+02  1.9319E-02 -1.5739E-02
  3.6754E+02  1.9295E-02 -1.5730E-02
  3.6785E+02  1.9271E-02 -1.5721E-02
  3.6816E+02  1.9247E-02 -1.5712E-02
  3.6847E+02  1.9222E-02 -1.5703E-02
  3.6878E+02  1.9198E-02 -1.5694E-02
  3.6910E+02  1.9173E-02 -1.5684E-02
  3.6941E+02  1.9148E-02 -1.5675E-02
  3.6972E+02  1.9123E-02 -1.5665E-02
  3.7003E+02  1.9099E-02 -1.5655E-02
  3.7034E+02  1.9074E-02 -1.5645E-02
  3.7066E+02  1.9049E-02 -1.5635E-02
  3.7097E+02  1.9024E-02 -1.5625E-02
  3.7128E+02  1.8999E-02 -1.5615E-02
  3.7159E+02  1.8975E-02 -1.5604E-02
  3.7190E+02  1.8950E-02 -1.5594E-02
  3.7222E+02  1.8925E-02 -1.5584E-02
  3.7253E+02  1.8901E-02 -1.5573E-02
  3.7284E+02  1.8877E-02 -1.5563E-02
  3.7315E+02  1.8853E-02 -1.5552E-02
  3.7346E+02  1.8829E-02 -1.5542E-02
  3.7378E+02  1.8805E-02 -1.5532E-02
  3.7409E+02  1.8781E-02 -1.5521E-02
  3.7440E+02  1.8757E-02 -1.5511E-02
  3.7471E+02  1.8734E-02 -1.5501E-02
  3.7502E+02  1.8711E-02 -1.5491E-02
  3.7534E+02  1.8688E-02 -1.5481E-02
  3.7565E+02  1.8665E-02 -1.5471E-02
  3.7596E+02  1.8643E-02 -1.5461E-02
  3.7627E+02  1.8621E-02 -1.5452E-02
  3.7658E+02  1.8598E-02 -1.5442E-02
  3.7690E+02  1.8576E-02 -1.5433E-02
  3.7721E+02  1.8555E-02 -1.5424E-02
  3.7752E+02  1.8533E-02 -1.5414E-02
  3.7783E+02  1.8512E-02 -1.5406E-02
  3.7814E+02  1.8491E-02 -1.5397E-02
  3.7846E+02  1.8470E-02 -1.5388E-02
  3.7877E+02  1.8449E-02 -1.5380E-02
  3.7908E+02  1.8428E-02 -1.5371E-02
  3.7939E+02  1.8407E-02 -1.5363E-02
  3.7970E+02  1.8387E-02 -1.5355E-02
  3.8002E+02  1.8366E-02 -1.5347E-02
  3.8033E+02  1.8346E-02 -1.5339E-02
  3.8064E+02  1.8325E-02 -1.5331E-02
  3.8095E+02  1.8305E-02 -1.5323E-02
  3.8126E+02  1.8285E-02 -1.5315E-02
  3.8158E+02  1.8265E-02 -1.5308E-02
  3.8189E+02  1.8244E-02 -1.5300E-02
  3.8220E+02  1.8224E-02 -1.5292E-02
  3.8251E+02  1.8204E-02 -1.5285E-02
  3.8282E+02  1.8183E-02 -1.5277E-02
  3.8314E+02  1.8163E-02 -1.5270E-02
  3.8345E+02  1.8143E-02 -1.5262E-02
  3.8376E+02  1.8122E-02 -1.5254E-02
  3.8407E+02  1.8101E-02 -1.5247E-02
  3.8438E+02  1.8081E-02 -1.5239E-02
  3.8470E+02  1.8060E-02 -1.5231E-02
  3.8501E+02  1.8039E-02 -1.5223E-02
  3.8532E+02  1.8018E-02 -1.5216E-02
  3.8563E+02  1.7997E-02 -1.5207E-02
  3.8594E+02  1.7976E-02 -1.5199E-02
  3.8626E+02  1.7954E-02 -1.5191E-02
  3.8657E+02  1.7933E-02 -1.5183E-02
  3.8688E+02  1.7912E-02 -1.5174E-02
  3.8719E+02  1.7890E-02 -1.5166E-02
  3.8750E+02  1.7868E-02 -1.5157E-02
  3.8782E+02  1.7846E-02 -1.5148E-02
  3.8813E+02  1.7824E-02 -1.5139E-02
  3.8844E+02  1.7802E-02 -1.5130E-02
  3.8875E+02  1.7780E-02 -1.5121E-02
  3.8906E+02  1.7758E-02 -1.5112E-02
  3.8938E+02  1.7736E-02 -1.5103E-02
  3.8969E+02  1.7714E-02 -1.5093E-02
  3.9000E+02  1.7692E-02 -1.5084E-02
  3.9031E+02  1.7669E-02 -1.5074E-02
  3.9062E+02  1.7647E-02 -1.5065E-02
  3.9094E+02  1.7625E-02 -1.5055E-02
  3.9125E+02  1.7603E-02 -1.5045E-02
  3.9156E+02  1.7580E-02 -1.5036E-02
  3.9187E+02  1.7558E-02 -1.5026E-02
  3.9218E+02  1.7536E-02 -1.5016E-02
  3.9250E+02  1.7514E-02 -1.5006E-02
  3.9281E+02  1.7491E-02 -1.4996E-02
  3.9312E+02  1.7469E-02 -1.4986E-02
  3.9343E+02  1.7447E-02 -1.4976E-02
  3.9374E+02  1.7425E-02 -1.4967E-02
  3.9406E+02  1.7404E-02 -1.4957E-02
  3.9437E+02  1.7382E-02 -1.4947E-02
  3.9468E+02  1.7360E-02 -1.4937E-02
  3.9499E+02  1.7338E-02 -1.4928E-02
  3.9530E+02  1.7317E-02 -1.4918E-02
  3.9562E+02  1.7295E-02 -1.4909E-02
  3.9593E+02  1.7274E-02 -1.4899E-02
  3.9624E+02  1.7253E-02 -1.4890E-02
  3.9655E+02  1.7232E-02 -1.4881E-02
  3.9686E+02  1.7210E-02 -1.4871E-02
  3.9718E+02  1.7189E-02 -1.4862E-02
  3.9749E+02  1.7168E-02 -1.4853E-02
  3.9780E+02  1.7148E-02 -1.4844E-02
  3.9811E+02  1.7127E-02 -1.4835E-02
  3.9842E+02  1.7106E-02 -1.4827E-02
  3.9874E+02  1.7085E-02 -1.4818E-02
  3.9905E+02  1.7065E-02 -1.4809E-02
  3.9936E+02  1.7044E-02 -1.4801E-02
  3.9967E+02  1.7023E-02 -1.4792E-02
  3.9998E+02  1.7003E-02 -1.4784E-02
  4.0030E+02  1.6982E-02 -1.4775E-02
  4.0061E+02  1.6962E-02 -1.4767E-02
  4.0092E+02  1.6941E-02 -1.4758E-02
  4.0123E+02  1.6921E-02 -1.4750E-02
  4.0154E+02  1.6900E-02 -1.4742E-02
  4.0186E+02  1.6879E-02 -1.4734E-02
  4.0217E+02  1.6859E-02 -1.4725E-02
  4.0248E+02  1.6838E-02 -1.4717E-02
  4.0279E+02  1.6817E-02 -1.4709E-02
  4.0310E+02  1.6797E-02 -1.4700E-02
  4.0342E+02  1.6776E-02 -1.4692E-02
  4.0373E+02  1.6755E-02 -1.4684E-02
  4.0404E+02  1.6734E-02 -1.4675E-02
  4.0435E+02  1.6714E-02 -1.4667E-02
  4.0466E+02  1.6693E-02 -1.4658E-02
  4.0498E+02  1.6672E-02 -1.4650E-02
  4.0529E+02  1.6651E-02 -1.4641E-02
  4.0560E+02  1.6629E-02 -1.4633E-02
  4.0591E+02  1.6608E-02 -1.4624E-02
  4.0622E+02  1.6587E-02 -1.4615E-02
  4.0654E+02  1.6566E-02 -1.4606E-02
  4.0685E+02  1.6545E-02 -1.4597E-02
  4.0716E+02  1.6523E-02 -1.4588E-02
  4.0747E+02  1.6502E-02 -1.4579E-02
  4.0778E+02  1.6480E-02 -1.4570E-02
  4.0810E+02  1.6459E-02 -1.4561E-02
  4.0841E+02  1.6437E-02 -1.4551E-02
  4.0872E+02  1.6416E-02 -1.4542E-02
  4.0903E+02  1.6394E-02 -1.4532E-02
  4.0934E+02  1.6373E-02 -1.4523E-02
  4.0966E+02  1.6351E-02 -1.4513E-02
  4.0997E+02  1.6330E-02 -1.4504E-02
  4.1028E+02  1.6308E-02 -1.4494E-02
  4.1059E+02  1.6287E-02 -1.4484E-02
  4.1090E+02  1.6265E-02 -1.4475E-02
  4.1122E+02  1.6244E-02 -1.4465E-02
  4.1153E+02  1.6222E-02 -1.4455E-02
  4.1184E+02  1.6201E-02 -1.4445E-02
  4.1215E+02  1.6180E-02 -1.4436E-02
  4.1246E+02  1.6158E-02 -1.4426E-02
  4.1278E+02  1.6137E-02 -1.4416E-02
  4.1309E+02  1.6116E-02 -1.4406E-02
  4.1340E+02  1.6095E-02 -1.4397E-02
  4.1371E+02  1.6074E-02 -1.4387E-02
  4.1402E+02  1.6052E-02 -1.4377E-02
  4.1434E+02  1.6031E-02 -1.4367E-02
  4.1465E+02  1.6011E-02 -1.4358E-02
  4.1496E+02  1.5990E-02 -1.4348E-02
  4.1527E+02  1.5969E-02 -1.4339E-02
  4.1558E+02  1.5948E-02 -1.4329E-02
  4.1590E+02  1.5927E-02 -1.4320E-02
  4.1621E+02  1.5907E-02 -1.4310E-02
  4.1652E+02  1.5886E-02 -1.4301E-02
  4.1683E+02  1.5866E-02 -1.4292E-02
  4.1714E+02  1.5845E-02 -1.4282E-02
  4.1746E+02  1.5825E-02 -1.4273E-02
  4.1777E+02  1.5805E-02 -1.4264E-02
  4.1808E+02  1.5784E-02 -1.4255E-02
  4.1839E+02  1.5764E-02 -1.4246E-02
  4.1870E+02  1.5744E-02 -1.4237E-02
  4.1902E+02  1.5724E-02 -1.4228E-02
  4.1933E+02  1.5704E-02 -1.4219E-02
  4.1964E+02  1.5684E-02 -1.4210E-02
  4.1995E+02  1.5663E-02 -1.4202E-02
  4.2026E+02  1.5643E-02 -1.4193E-02
  4.2058E+02  1.5623E-02 -1.4184E-02
  4.2089E+02  1.5604E-02 -1.4175E-02
  4.2120E+02  1.5584E-02 -1.4167E-02
  4.2151E+02  1.5564E-02 -1.4158E-02
  4.2182E+02  1.5544E-02 -1.4149E-02
  4.2214E+02  1.5524E-02 -1.4141E-02
  4.2245E+02  1.5504E-02 -1.4132E-02
  4.2276E+02  1.5484E-02 -1.4123E-02
  4.2307E+02  1.5464E-02 -1.4114E-02
  4.2338E+02  1.5445E-02 -1.4106E-02
  4.2370E+02  1.5425E-02 -1.4097E-02
  4.2401E+02  1.5405E-02 -1.4088E-02
  4.2432E+02  1.5385E-02 -1.4080E-02
  4.2463E+02  1.5365E-02 -1.4071E-02
  4.2494E+02  1.5345E-02 -1.4062E-02
  4.2526E+02  1.5326E-02 -1.4053E-02
  4.2557E+02  1.5306E-02 -1.4044E-02
  4.2588E+02  1.5286E-02 -1.4035E-02
  4.2619E+02  1.5266E-02 -1.4026E-02
  4.2650E+02  1.5247E-02 -1.4017E-02
  4.2682E+02  1.5227E-02 -1.4008E-02
  4.2713E+02  1.5207E-02 -1.3999E-02
  4.2744E+02  1.5187E-02 -1.3990E-02
  4.2775E+02  1.5168E-02 -1.3981E-02
  4.2806E+02  1.5148E-02 -1.3972E-02
  4.2838E+02  1.5129E-02 -1.3962E-02
  4.2869E+02  1.5109E-02 -1.3953E-02
  4.2900E+02  1.5089E-02 -1.3944E-02
  4.2931E+02  1.5070E-02 -1.3935E-02
  4.2962E+02  1.5050E-02 -1.3925E-02
  4.2994E+02  1.5031E-02 -1.3916E-02
  4.3025E+02  1.5012E-02 -1.3907E-02
  4.3056E+02  1.4992E-02 -1.3897E-02
  4.3087E+02  1.4973E-02 -1.3888E-02
  4.3118E+02  1.4954E-02 -1.3879E-02
  4.3150E+02  1.4935E-02 -1.3869E-02
  4.3181E+02  1.4916E-02 -1.3860E-02
  4.3212E+02  1.4897E-02 -1.3851E-02
  4.3243E+02  1.4878E-02 -1.3841E-02
  4.3274E+02  1.4859E-02 -1.3832E-02
  4.3306E+02  1.4840E-02 -1.3823E-02
  4.3337E+02  1.4821E-02 -1.3813E-02
  4.3368E+02  1.4802E-02 -1.3804E-02
  4.3399E+02  1.4784E-02 -1.3795E-02
  4.3430E+02  1.4765E-02 -1.3786E-02
  4.3462E+02  1.4746E-02 -1.3777E-02
  4.3493E+02  1.4728E-02 -1.3767E-02
  4.3524E+02  1.4709E-02 -1.3758E-02
  4.3555E+02  1.4691E-02 -1.3749E-02
  4.3586E+02  1.4673E-02 -1.3740E-02
  4.3618E+02  1.4655E-02 -1.3731E-02
  4.3649E+02  1.4636E-02 -1.3722E-02
  4.3680E+02  1.4618E-02 -1.3714E-02
  4.3711E+02  1.4600E-02 -1.3705E-02
  4.3742E+02  1.4582E-02 -1.3696E-02
  4.3774E+02  1.4564E-02 -1.3687E-02
  4.3805E+02  1.4547E-02 -1.3679E-02
  4.3836E+02  1.4529E-02 -1.3670E-02
  4.3867E+02  1.4511E-02 -1.3661E-02
  4.3898E+02  1.4493E-02 -1.3653E-02
  4.3930E+02  1.4476E-02 -1.3644E-02
  4.3961E+02  1.4458E-02 -1.3636E-02
  4.3992E+02  1.4440E-02 -1.3627E-02
  4.4023E+02  1.4423E-02 -1.3619E-02
  4.4054E+02  1.4405E-02 -1.3610E-02
  4.4086E+02  1.4388E-02 -1.3602E-02
  4.4117E+02  1.4371E-02 -1.3593E-02
  4.4148E+02  1.4353E-02 -1.3585E-02
  4.4179E+02  1.4336E-02 -1.3576E-02
  4.4210E+02  1.4319E-02 -1.3568E-02
  4.4242E+02  1.4301E-02 -1.3560E-02
  4.4273E+02  1.4284E-02 -1.3551E-02
  4.4304E+02  1.4267E-02 -1.3543E-02
  4.4335E+02  1.4250E-02 -1.3534E-02
  4.4366E+02  1.4233E-02 -1.3526E-02
  4.4398E+02  1.4216E-02 -1.3518E-02
  4.4429E+02  1.4199E-02 -1.3509E-02
  4.4460E+02  1.4182E-02 -1.3501E-02
  4.4491E+02  1.4165E-02 -1.3492E-02
  4.4522E+02  1.4148E-02 -1.3484E-02
  4.4554E+02  1.4131E-02 -1.3476E-02
  4.4585E+02  1.4114E-02 -1.3467E-02
  4.4616E+02  1.4097E-02 -1.3459E-02
  4.4647E+02  1.4080E-02 -1.3450E-02
  4.4678E+02  1.4064E-02 -1.3442E-02
  4.4710E+02  1.4047E-02 -1.3433E-02
  4.4741E+02  1.4030E-02 -1.3425E-02
  4.4772E+02  1.4014E-02 -1.3416E-02
  4.4803E+02  1.3997E-02 -1.3408E-02
  4.4834E+02  1.3981E-02 -1.3399E-02
  4.4866E+02  1.3964E-02 -1.3391E-02
  4.4897E+02  1.3948E-02 -1.3382E-02
  4.4928E+02  1.3931E-02 -1.3373E-02
  4.4959E+02  1.3915E-02 -1.3365E-02
  4.4990E+02  1.3899E-02 -1.3356E-02
  4.5022E+02  1.3882E-02 -1.3348E-02
  4.5053E+02  1.3866E-02 -1.3339E-02
  4.5084E+02  1.3850E-02 -1.3331E-02
  4.5115E+02  1.3834E-02 -1.3322E-02
  4.5146E+02  1.3818E-02 -1.3314E-02
  4.5178E+02  1.3802E-02 -1.3305E-02
  4.5209E+02  1.3786E-02 -1.3297E-02
  4.5240E+02  1.3770E-02 -1.3288E-02
  4.5271E+02  1.3754E-02 -1.3280E-02
  4.5302E+02  1.3738E-02 -1.3271E-02
  4.5334E+02  1.3722E-02 -1.3263E-02
  4.5365E+02  1.3707E-02 -1.3254E-02
  4.5396E+02  1.3691E-02 -1.3246E-02
  4.5427E+02  1.3675E-02 -1.3238E-02
  4.5458E+02  1.3660E-02 -1.3229E-02
  4.5490E+02  1.3644E-02 -1.3221E-02
  4.5521E+02  1.3629E-02 -1.3213E-02
  4.5552E+02  1.3613E-02 -1.3204E-02
  4.5583E+02  1.3598E-02 -1.3196E-02
  4.5614E+02  1.3583E-02 -1.3188E-02
  4.5646E+02  1.3567E-02 -1.3180E-02
  4.5677E+02  1.3552E-02 -1.3172E-02
  4.5708E+02  1.3537E-02 -1.3164E-02
  4.5739E+02  1.3522E-02 -1.3156E-02
  4.5770E+02  1.3506E-02 -1.3148E-02
  4.5802E+02  1.3491E-02 -1.3139E-02
  4.5833E+02  1.3476E-02 -1.3131E-02
  4.5864E+02  1.3461E-02 -1.3124E-02
  4.5895E+02  1.3446E-02 -1.3116E-02
  4.5926E+02  1.3431E-02 -1.3108E-02
  4.5958E+02  1.3416E-02 -1.3100E-02
  4.5989E+02  1.3401E-02 -1.3092E-02
  4.6020E+02  1.3386E-02 -1.3084E-02
  4.6051E+02  1.3372E-02 -1.3076E-02
  4.6082E+02  1.3357E-02 -1.3068E-02
  4.6114E+02  1.3342E-02 -1.3060E-02
  4.6145E+02  1.3327E-02 -1.3053E-02
  4.6176E+02  1.3312E-02 -1.3045E-02
  4.6207E+02  1.3298E-02 -1.3037E-02
  4.6238E+02  1.3283E-02 -1.3029E-02
  4.6270E+02  1.3268E-02 -1.3021E-02
  4.6301E+02  1.3254E-02 -1.3014E-02
  4.6332E+02  1.3239E-02 -1.3006E-02
  4.6363E+02  1.3224E-02 -1.2998E-02
  4.6394E+02  1.3210E-02 -1.2990E-02
  4.6426E+02  1.3195E-02 -1.2982E-02
  4.6457E+02  1.3181E-02 -1.2975E-02
  4.6488E+02  1.3166E-02 -1.2967E-02
  4.6519E+02  1.3152E-02 -1.2959E-02
  4.6550E+02  1.3137E-02 -1.2951E-02
  4.6582E+02  1.3123E-02 -1.2943E-02
  4.6613E+02  1.3108E-02 -1.2936E-02
  4.6644E+02  1.3094E-02 -1.2928E-02
  4.6675E+02  1.3080E-02 -1.2920E-02
  4.6706E+02  1.3065E-02 -1.2912E-02
  4.6738E+02  1.3051E-02 -1.2904E-02
  4.6769E+02  1.3037E-02 -1.2896E-02
  4.6800E+02  1.3022E-02 -1.2888E-02
  4.6831E+02  1.3008E-02 -1.2881E-02
  4.6862E+02  1.2994E-02 -1.2873E-02
  4.6894E+02  1.2980E-02 -1.2865E-02
  4.6925E+02  1.2965E-02 -1.2857E-02
  4.6956E+02  1.2951E-02 -1.2849E-02
  4.6987E+02  1.2937E-02 -1.2841E-02
  4.7018E+02  1.2923E-02 -1.2834E-02
  4.7050E+02  1.2909E-02 -1.2826E-02
  4.7081E+02  1.2895E-02 -1.2818E-02
  4.7112E+02  1.2881E-02 -1.2810E-02
  4.7143E+02  1.2867E-02 -1.2802E-02
  4.7174E+02  1.2853E-02 -1.2794E-02
  4.7206E+02  1.2839E-02 -1.2787E-02
  4.7237E+02  1.2825E-02 -1.2779E-02
  4.7268E+02  1.2811E-02 -1.2771E-02
  4.7299E+02  1.2798E-02 -1.2763E-02
  4.7330E+02  1.2784E-02 -1.2755E-02
  4.7362E+02  1.2770E-02 -1.2748E-02
  4.7393E+02  1.2756E-02 -1.2740E-02
  4.7424E+02  1.2742E-02 -1.2732E-02
  4.7455E+02  1.2729E-02 -1.2725E-02
  4.7486E+02  1.2715E-02 -1.2717E-02
  4.7518E+02  1.2701E-02 -1.2709E-02
  4.7549E+02  1.2687E-02 -1.2702E-02
  4.7580E+02  1.2674E-02 -1.2694E-02
  4.7611E+02  1.2660E-02 -1.2686E-02
  4.7642E+02  1.2646E-02 -1.2679E-02
  4.7674E+02  1.2633E-02 -1.2671E-02
  4.7705E+02  1.2619E-02 -1.2664E-02
  4.7736E+02  1.2606E-02 -1.2656E-02
  4.7767E+02  1.2592E-02 -1.2649E-02
  4.7798E+02  1.2578E-02 -1.2641E-02
  4.7830E+02  1.2565E-02 -1.2633E-02
  4.7861E+02  1.2551E-02 -1.2626E-02
  4.7892E+02  1.2538E-02 -1.2618E-02
  4.7923E+02  1.2524E-02 -1.2611E-02
  4.7954E+02  1.2511E-02 -1.2604E-02
  4.7986E+02  1.2497E-02 -1.2596E-02
  4.8017E+02  1.2484E-02 -1.2589E-02
  4.8048E+02  1.2470E-02 -1.2581E-02
  4.8079E+02  1.2457E-02 -1.2574E-02
  4.8110E+02  1.2443E-02 -1.2566E-02
  4.8142E+02  1.2430E-02 -1.2559E-02
  4.8173E+02  1.2417E-02 -1.2551E-02
  4.8204E+02  1.2403E-02 -1.2544E-02
  4.8235E+02  1.2390E-02 -1.2537E-02
  4.8266E+02  1.2376E-02 -1.2529E-02
  4.8298E+02  1.2363E-02 -1.2522E-02
  4.8329E+02  1.2350E-02 -1.2514E-02
  4.8360E+02  1.2336E-02 -1.2507E-02
  4.8391E+02  1.2323E-02 -1.2499E-02
  4.8422E+02  1.2309E-02 -1.2492E-02
  4.8454E+02  1.2296E-02 -1.2484E-02
  4.8485E+02  1.2283E-02 -1.2477E-02
  4.8516E+02  1.2270E-02 -1.2470E-02
  4.8547E+02  1.2256E-02 -1.2462E-02
  4.8578E+02  1.2243E-02 -1.2455E-02
  4.8610E+02  1.2230E-02 -1.2447E-02
  4.8641E+02  1.2217E-02 -1.2440E-02
  4.8672E+02  1.2203E-02 -1.2432E-02
  4.8703E+02  1.2190E-02 -1.2425E-02
  4.8734E+02  1.2177E-02 -1.2417E-02
  4.8766E+02  1.2164E-02 -1.2410E-02
  4.8797E+02  1.2151E-02 -1.2402E-02
  4.8828E+02  1.2137E-02 -1.2395E-02
  4.8859E+02  1.2124E-02 -1.2387E-02
  4.8890E+02  1.2111E-02 -1.2380E-02
  4.8922E+02  1.2098E-02 -1.2372E-02
  4.8953E+02  1.2085E-02 -1.2365E-02
  4.8984E+02  1.2072E-02 -1.2357E-02
  4.9015E+02  1.2059E-02 -1.2350E-02
  4.9046E+02  1.2046E-02 -1.2343E-02
  4.9078E+02  1.2033E-02 -1.2335E-02
  4.9109E+02  1.2020E-02 -1.2328E-02
  4.9140E+02  1.2007E-02 -1.2320E-02
  4.9171E+02  1.1994E-02 -1.2313E-02
  4.9202E+02  1.1981E-02 -1.2305E-02
  4.9234E+02  1.1968E-02 -1.2298E-02
  4.9265E+02  1.1955E-02 -1.2290E-02
  4.9296E+02  1.1942E-02 -1.2283E-02
  4.9327E+02  1.1929E-02 -1.2276E-02
  4.9358E+02  1.1916E-02 -1.2268E-02
  4.9390E+02  1.1904E-02 -1.2261E-02
  4.9421E+02  1.1891E-02 -1.2253E-02
  4.9452E+02  1.1878E-02 -1.2246E-02
  4.9483E+02  1.1865E-02 -1.2239E-02
  4.9514E+02  1.1852E-02 -1.2231E-02
  4.9546E+02  1.1839E-02 -1.2224E-02
  4.9577E+02  1.1827E-02 -1.2216E-02
  4.9608E+02  1.1814E-02 -1.2209E-02
  4.9639E+02  1.1801E-02 -1.2202E-02
  4.9670E+02  1.1788E-02 -1.2194E-02
  4.9702E+02  1.1776E-02 -1.2187E-02
  4.9733E+02  1.1763E-02 -1.2180E-02
  4.9764E+02  1.1750E-02 -1.2173E-02
  4.9795E+02  1.1738E-02 -1.2165E-02
  4.9826E+02  1.1725E-02 -1.2158E-02
  4.9858E+02  1.1712E-02 -1.2151E-02
  4.9889E+02  1.1700E-02 -1.2143E-02
