# CREATED BY GENE DIAGNOSTICS TOOL on Fri May 25 11:16:51 2018
# diag: GAMDIAG, run(s): 0027, time window: 0-499(1451 steps), species: ions
# normalization: L_ref=5.508m
#
# xind= 0, x/a= -NaN, q= 1.1092415
# Fit:    -NaN,Infinity,Infinity
# Analytic: -NaN,Infinity,Infinity
#  t          Re[phi]     Im[phi]   
  0.0000E+00  9.9992E-01  0.0000E+00
  3.4400E-01  1.0001E+00  6.9240E-04
  6.8800E-01  9.9786E-01  1.3709E-03
  1.0320E+00  9.8908E-01  2.0095E-03
  1.3760E+00  9.7183E-01  2.6179E-03
  1.7200E+00  9.4672E-01  3.2151E-03
  2.0640E+00  9.1567E-01  3.8203E-03
  2.4080E+00  8.8099E-01  4.4565E-03
  2.7520E+00  8.4479E-01  5.1371E-03
  3.0960E+00  8.0880E-01  5.8569E-03
  3.4400E+00  7.7415E-01  6.5966E-03
  3.7840E+00  7.4153E-01  7.3328E-03
  4.1280E+00  7.1122E-01  8.0456E-03
  4.4720E+00  6.8329E-01  8.7228E-03
  4.8160E+00  6.5765E-01  9.3605E-03
  5.1600E+00  6.3415E-01  9.9610E-03
  5.5040E+00  6.1259E-01  1.0530E-02
  5.8480E+00  5.9276E-01  1.1075E-02
  6.1920E+00  5.7445E-01  1.1601E-02
  6.5360E+00  5.5744E-01  1.2113E-02
  6.8800E+00  5.4156E-01  1.2613E-02
  7.2240E+00  5.2664E-01  1.3097E-02
  7.5680E+00  5.1252E-01  1.3567E-02
  7.9120E+00  4.9905E-01  1.4019E-02
  8.2560E+00  4.8621E-01  1.4446E-02
  8.6000E+00  4.7402E-01  1.4848E-02
  8.9440E+00  4.6248E-01  1.5192E-02
  9.2880E+00  4.5144E-01  1.5509E-02
  9.6320E+00  4.4065E-01  1.5914E-02
  9.9760E+00  4.3012E-01  1.6366E-02
  1.0320E+01  4.2014E-01  1.6657E-02
  1.0664E+01  4.1095E-01  1.6754E-02
  1.1008E+01  4.0286E-01  1.6882E-02
  1.1352E+01  3.9581E-01  1.7166E-02
  1.1696E+01  3.8891E-01  1.7442E-02
  1.2040E+01  3.8152E-01  1.7517E-02
  1.2384E+01  3.7449E-01  1.7443E-02
  1.2728E+01  3.6914E-01  1.7382E-02
  1.3072E+01  3.6512E-01  1.7349E-02
  1.3416E+01  3.6068E-01  1.7211E-02
  1.3760E+01  3.5505E-01  1.6915E-02
  1.4104E+01  3.4952E-01  1.6557E-02
  1.4448E+01  3.4593E-01  1.6237E-02
  1.4792E+01  3.4476E-01  1.5942E-02
  1.5136E+01  3.4518E-01  1.5599E-02
  1.5480E+01  3.4629E-01  1.5204E-02
  1.5824E+01  3.4768E-01  1.4843E-02
  1.6168E+01  3.4898E-01  1.4586E-02
  1.6512E+01  3.4938E-01  1.4423E-02
  1.6856E+01  3.4813E-01  1.4288E-02
  1.7200E+01  3.4532E-01  1.4151E-02
  1.7544E+01  3.4216E-01  1.4053E-02
  1.7888E+01  3.4038E-01  1.4037E-02
  1.8232E+01  3.4130E-01  1.4119E-02
  1.8576E+01  3.4514E-01  1.4296E-02
  1.8920E+01  3.5095E-01  1.4522E-02
  1.9264E+01  3.5722E-01  1.4750E-02
  1.9608E+01  3.6268E-01  1.4961E-02
  1.9952E+01  3.6645E-01  1.5104E-02
  2.0296E+01  3.6785E-01  1.5117E-02
  2.0640E+01  3.6708E-01  1.5030E-02
  2.0984E+01  3.6519E-01  1.4916E-02
  2.1328E+01  3.6324E-01  1.4794E-02
  2.1672E+01  3.6183E-01  1.4683E-02
  2.2016E+01  3.6165E-01  1.4670E-02
  2.2360E+01  3.6332E-01  1.4822E-02
  2.2704E+01  3.6664E-01  1.5090E-02
  2.3048E+01  3.7050E-01  1.5347E-02
  2.3392E+01  3.7399E-01  1.5510E-02
  2.3736E+01  3.7712E-01  1.5584E-02
  2.4080E+01  3.8038E-01  1.5592E-02
  2.4424E+01  3.8377E-01  1.5521E-02
  2.4768E+01  3.8690E-01  1.5384E-02
  2.5112E+01  3.8966E-01  1.5257E-02
  2.5456E+01  3.9249E-01  1.5238E-02
  2.5800E+01  3.9576E-01  1.5360E-02
  2.6144E+01  3.9922E-01  1.5576E-02
  2.6488E+01  4.0221E-01  1.5801E-02
  2.6832E+01  4.0429E-01  1.5992E-02
  2.7176E+01  4.0552E-01  1.6163E-02
  2.7520E+01  4.0629E-01  1.6344E-02
  2.7864E+01  4.0695E-01  1.6548E-02
  2.8208E+01  4.0780E-01  1.6798E-02
  2.8552E+01  4.0893E-01  1.7110E-02
  2.8896E+01  4.1016E-01  1.7448E-02
  2.9240E+01  4.1112E-01  1.7744E-02
  2.9584E+01  4.1162E-01  1.7969E-02
  2.9928E+01  4.1171E-01  1.8144E-02
  3.0272E+01  4.1173E-01  1.8314E-02
  3.0616E+01  4.1213E-01  1.8526E-02
  3.0960E+01  4.1316E-01  1.8786E-02
  3.1304E+01  4.1465E-01  1.9048E-02
  3.1648E+01  4.1616E-01  1.9247E-02
  3.1992E+01  4.1738E-01  1.9358E-02
  3.2336E+01  4.1824E-01  1.9401E-02
  3.2680E+01  4.1888E-01  1.9428E-02
  3.3024E+01  4.1948E-01  1.9505E-02
  3.3368E+01  4.2019E-01  1.9666E-02
  3.3712E+01  4.2101E-01  1.9872E-02
  3.4056E+01  4.2179E-01  2.0041E-02
  3.4400E+01  4.2238E-01  2.0125E-02
  3.4744E+01  4.2271E-01  2.0132E-02
  3.5088E+01  4.2272E-01  2.0085E-02
  3.5432E+01  4.2236E-01  1.9997E-02
  3.5776E+01  4.2177E-01  1.9891E-02
  3.6120E+01  4.2126E-01  1.9829E-02
  3.6464E+01  4.2116E-01  1.9886E-02
  3.6808E+01  4.2149E-01  2.0082E-02
  3.7152E+01  4.2187E-01  2.0342E-02
  3.7496E+01  4.2180E-01  2.0568E-02
  3.7840E+01  4.2101E-01  2.0712E-02
  3.8184E+01  4.1958E-01  2.0797E-02
  3.8528E+01  4.1787E-01  2.0878E-02
  3.8872E+01  4.1645E-01  2.1015E-02
  3.9216E+01  4.1585E-01  2.1249E-02
  3.9560E+01  4.1629E-01  2.1572E-02
  3.9904E+01  4.1760E-01  2.1930E-02
  4.0248E+01  4.1938E-01  2.2261E-02
  4.0592E+01  4.2114E-01  2.2532E-02
  4.0936E+01  4.2246E-01  2.2732E-02
  4.1280E+01  4.2309E-01  2.2863E-02
  4.1624E+01  4.2307E-01  2.2940E-02
  4.1968E+01  4.2266E-01  2.3002E-02
  4.2312E+01  4.2229E-01  2.3084E-02
  4.2656E+01  4.2229E-01  2.3211E-02
  4.3000E+01  4.2282E-01  2.3399E-02
  4.3344E+01  4.2381E-01  2.3662E-02
  4.3688E+01  4.2499E-01  2.3984E-02
  4.4032E+01  4.2593E-01  2.4328E-02
  4.4376E+01  4.2626E-01  2.4650E-02
  4.4720E+01  4.2573E-01  2.4914E-02
  4.5064E+01  4.2424E-01  2.5089E-02
  4.5408E+01  4.2188E-01  2.5162E-02
  4.5752E+01  4.1898E-01  2.5155E-02
  4.6096E+01  4.1589E-01  2.5112E-02
  4.6440E+01  4.1290E-01  2.5058E-02
  4.6784E+01  4.1012E-01  2.5000E-02
  4.7128E+01  4.0761E-01  2.4953E-02
  4.7472E+01  4.0543E-01  2.4957E-02
  4.7816E+01  4.0360E-01  2.5059E-02
  4.8160E+01  4.0203E-01  2.5275E-02
  4.8504E+01  4.0058E-01  2.5577E-02
  4.8848E+01  3.9915E-01  2.5927E-02
  4.9192E+01  3.9773E-01  2.6299E-02
  4.9536E+01  3.9642E-01  2.6684E-02
  4.9880E+01  3.9531E-01  2.7086E-02
  5.0224E+01  3.9447E-01  2.7501E-02
  5.0568E+01  3.9391E-01  2.7918E-02
  5.0912E+01  3.9360E-01  2.8318E-02
  5.1256E+01  3.9356E-01  2.8700E-02
  5.1600E+01  3.9383E-01  2.9078E-02
  5.1944E+01  3.9448E-01  2.9467E-02
  5.2288E+01  3.9553E-01  2.9862E-02
  5.2632E+01  3.9685E-01  3.0233E-02
  5.2976E+01  3.9823E-01  3.0532E-02
  5.3320E+01  3.9949E-01  3.0722E-02
  5.3664E+01  4.0057E-01  3.0814E-02
  5.4008E+01  4.0153E-01  3.0865E-02
  5.4352E+01  4.0257E-01  3.0952E-02
  5.4696E+01  4.0384E-01  3.1125E-02
  5.5040E+01  4.0540E-01  3.1399E-02
  5.5384E+01  4.0719E-01  3.1760E-02
  5.5728E+01  4.0911E-01  3.2187E-02
  5.6072E+01  4.1103E-01  3.2662E-02
  5.6416E+01  4.1283E-01  3.3171E-02
  5.6760E+01  4.1443E-01  3.3707E-02
  5.7104E+01  4.1577E-01  3.4259E-02
  5.7448E+01  4.1677E-01  3.4798E-02
  5.7792E+01  4.1735E-01  3.5282E-02
  5.8136E+01  4.1749E-01  3.5685E-02
  5.8480E+01  4.1730E-01  3.6007E-02
  5.8824E+01  4.1696E-01  3.6267E-02
  5.9168E+01  4.1662E-01  3.6475E-02
  5.9512E+01  4.1635E-01  3.6635E-02
  5.9856E+01  4.1614E-01  3.6751E-02
  6.0200E+01  4.1597E-01  3.6832E-02
  6.0544E+01  4.1578E-01  3.6886E-02
  6.0888E+01  4.1553E-01  3.6912E-02
  6.1232E+01  4.1523E-01  3.6921E-02
  6.1576E+01  4.1495E-01  3.6932E-02
  6.1920E+01  4.1477E-01  3.6973E-02
  6.2264E+01  4.1475E-01  3.7063E-02
  6.2608E+01  4.1489E-01  3.7206E-02
  6.2952E+01  4.1512E-01  3.7387E-02
  6.3296E+01  4.1538E-01  3.7578E-02
  6.3640E+01  4.1559E-01  3.7757E-02
  6.3984E+01  4.1579E-01  3.7931E-02
  6.4328E+01  4.1601E-01  3.8124E-02
  6.4672E+01  4.1625E-01  3.8346E-02
  6.5016E+01  4.1643E-01  3.8574E-02
  6.5360E+01  4.1644E-01  3.8779E-02
  6.5704E+01  4.1627E-01  3.8943E-02
  6.6048E+01  4.1595E-01  3.9072E-02
  6.6392E+01  4.1558E-01  3.9189E-02
  6.6736E+01  4.1527E-01  3.9324E-02
  6.7080E+01  4.1505E-01  3.9494E-02
  6.7424E+01  4.1491E-01  3.9691E-02
  6.7768E+01  4.1479E-01  3.9893E-02
  6.8112E+01  4.1464E-01  4.0092E-02
  6.8456E+01  4.1447E-01  4.0296E-02
  6.8800E+01  4.1429E-01  4.0507E-02
  6.9144E+01  4.1410E-01  4.0709E-02
  6.9488E+01  4.1384E-01  4.0881E-02
  6.9832E+01  4.1351E-01  4.1024E-02
  7.0176E+01  4.1317E-01  4.1162E-02
  7.0520E+01  4.1286E-01  4.1312E-02
  7.0864E+01  4.1258E-01  4.1471E-02
  7.1208E+01  4.1226E-01  4.1616E-02
  7.1552E+01  4.1184E-01  4.1728E-02
  7.1896E+01  4.1127E-01  4.1799E-02
  7.2240E+01  4.1059E-01  4.1841E-02
  7.2584E+01  4.0989E-01  4.1881E-02
  7.2928E+01  4.0929E-01  4.1958E-02
  7.3272E+01  4.0890E-01  4.2103E-02
  7.3616E+01  4.0875E-01  4.2323E-02
  7.3960E+01  4.0878E-01  4.2599E-02
  7.4304E+01  4.0886E-01  4.2895E-02
  7.4648E+01  4.0886E-01  4.3178E-02
  7.4992E+01  4.0870E-01  4.3429E-02
  7.5336E+01  4.0837E-01  4.3653E-02
  7.5680E+01  4.0792E-01  4.3863E-02
  7.6024E+01  4.0740E-01  4.4075E-02
  7.6368E+01  4.0685E-01  4.4296E-02
  7.6712E+01  4.0624E-01  4.4521E-02
  7.7056E+01  4.0552E-01  4.4732E-02
  7.7400E+01  4.0463E-01  4.4909E-02
  7.7744E+01  4.0355E-01  4.5045E-02
  7.8088E+01  4.0234E-01  4.5156E-02
  7.8432E+01  4.0108E-01  4.5266E-02
  7.8776E+01  3.9984E-01  4.5388E-02
  7.9120E+01  3.9864E-01  4.5517E-02
  7.9464E+01  3.9747E-01  4.5640E-02
  7.9808E+01  3.9629E-01  4.5744E-02
  8.0152E+01  3.9507E-01  4.5820E-02
  8.0496E+01  3.9379E-01  4.5865E-02
  8.0840E+01  3.9250E-01  4.5891E-02
  8.1184E+01  3.9127E-01  4.5922E-02
  8.1528E+01  3.9018E-01  4.5985E-02
  8.1872E+01  3.8927E-01  4.6092E-02
  8.2216E+01  3.8853E-01  4.6241E-02
  8.2560E+01  3.8795E-01  4.6421E-02
  8.2904E+01  3.8748E-01  4.6625E-02
  8.3248E+01  3.8710E-01  4.6843E-02
  8.3592E+01  3.8678E-01  4.7067E-02
  8.3936E+01  3.8648E-01  4.7288E-02
  8.4280E+01  3.8617E-01  4.7502E-02
  8.4624E+01  3.8583E-01  4.7707E-02
  8.4968E+01  3.8546E-01  4.7901E-02
  8.5312E+01  3.8507E-01  4.8087E-02
  8.5656E+01  3.8467E-01  4.8270E-02
  8.6000E+01  3.8433E-01  4.8460E-02
  8.6344E+01  3.8408E-01  4.8673E-02
  8.6688E+01  3.8392E-01  4.8915E-02
  8.7032E+01  3.8384E-01  4.9181E-02
  8.7376E+01  3.8380E-01  4.9455E-02
  8.7720E+01  3.8374E-01  4.9721E-02
  8.8064E+01  3.8365E-01  4.9974E-02
  8.8408E+01  3.8354E-01  5.0216E-02
  8.8752E+01  3.8341E-01  5.0449E-02
  8.9096E+01  3.8328E-01  5.0673E-02
  8.9440E+01  3.8315E-01  5.0886E-02
  8.9784E+01  3.8300E-01  5.1088E-02
  9.0128E+01  3.8282E-01  5.1280E-02
  9.0472E+01  3.8261E-01  5.1467E-02
  9.0816E+01  3.8235E-01  5.1654E-02
  9.1160E+01  3.8205E-01  5.1845E-02
  9.1504E+01  3.8169E-01  5.2037E-02
  9.1848E+01  3.8128E-01  5.2220E-02
  9.2192E+01  3.8077E-01  5.2383E-02
  9.2536E+01  3.8016E-01  5.2516E-02
  9.2880E+01  3.7945E-01  5.2617E-02
  9.3224E+01  3.7867E-01  5.2692E-02
  9.3568E+01  3.7784E-01  5.2757E-02
  9.3912E+01  3.7700E-01  5.2823E-02
  9.4256E+01  3.7616E-01  5.2894E-02
  9.4600E+01  3.7531E-01  5.2966E-02
  9.4944E+01  3.7446E-01  5.3035E-02
  9.5288E+01  3.7360E-01  5.3101E-02
  9.5632E+01  3.7275E-01  5.3173E-02
  9.5976E+01  3.7192E-01  5.3259E-02
  9.6320E+01  3.7114E-01  5.3368E-02
  9.6664E+01  3.7043E-01  5.3500E-02
  9.7008E+01  3.6975E-01  5.3649E-02
  9.7352E+01  3.6911E-01  5.3802E-02
  9.7696E+01  3.6849E-01  5.3952E-02
  9.8040E+01  3.6791E-01  5.4102E-02
  9.8384E+01  3.6738E-01  5.4264E-02
  9.8728E+01  3.6694E-01  5.4444E-02
  9.9072E+01  3.6657E-01  5.4640E-02
  9.9416E+01  3.6626E-01  5.4841E-02
  9.9760E+01  3.6596E-01  5.5037E-02
  1.0010E+02  3.6566E-01  5.5224E-02
  1.0045E+02  3.6533E-01  5.5402E-02
  1.0079E+02  3.6497E-01  5.5574E-02
  1.0114E+02  3.6456E-01  5.5734E-02
  1.0148E+02  3.6408E-01  5.5871E-02
  1.0182E+02  3.6350E-01  5.5979E-02
  1.0217E+02  3.6283E-01  5.6060E-02
  1.0251E+02  3.6209E-01  5.6123E-02
  1.0286E+02  3.6129E-01  5.6179E-02
  1.0320E+02  3.6046E-01  5.6235E-02
  1.0354E+02  3.5963E-01  5.6292E-02
  1.0389E+02  3.5881E-01  5.6351E-02
  1.0423E+02  3.5800E-01  5.6410E-02
  1.0458E+02  3.5723E-01  5.6478E-02
  1.0492E+02  3.5651E-01  5.6564E-02
  1.0526E+02  3.5584E-01  5.6671E-02
  1.0561E+02  3.5522E-01  5.6791E-02
  1.0595E+02  3.5462E-01  5.6909E-02
  1.0630E+02  3.5403E-01  5.7015E-02
  1.0664E+02  3.5345E-01  5.7108E-02
  1.0698E+02  3.5288E-01  5.7197E-02
  1.0733E+02  3.5236E-01  5.7292E-02
  1.0767E+02  3.5188E-01  5.7400E-02
  1.0802E+02  3.5146E-01  5.7521E-02
  1.0836E+02  3.5109E-01  5.7655E-02
  1.0870E+02  3.5075E-01  5.7797E-02
  1.0905E+02  3.5043E-01  5.7944E-02
  1.0939E+02  3.5013E-01  5.8094E-02
  1.0974E+02  3.4985E-01  5.8249E-02
  1.1008E+02  3.4960E-01  5.8408E-02
  1.1042E+02  3.4937E-01  5.8568E-02
  1.1077E+02  3.4917E-01  5.8728E-02
  1.1111E+02  3.4899E-01  5.8889E-02
  1.1146E+02  3.4883E-01  5.9054E-02
  1.1180E+02  3.4869E-01  5.9224E-02
  1.1214E+02  3.4857E-01  5.9397E-02
  1.1249E+02  3.4845E-01  5.9574E-02
  1.1283E+02  3.4836E-01  5.9756E-02
  1.1318E+02  3.4830E-01  5.9950E-02
  1.1352E+02  3.4827E-01  6.0158E-02
  1.1386E+02  3.4826E-01  6.0380E-02
  1.1421E+02  3.4826E-01  6.0608E-02
  1.1455E+02  3.4826E-01  6.0841E-02
  1.1490E+02  3.4826E-01  6.1078E-02
  1.1524E+02  3.4827E-01  6.1323E-02
  1.1558E+02  3.4829E-01  6.1576E-02
  1.1593E+02  3.4831E-01  6.1830E-02
  1.1627E+02  3.4831E-01  6.2078E-02
  1.1662E+02  3.4829E-01  6.2313E-02
  1.1696E+02  3.4822E-01  6.2532E-02
  1.1730E+02  3.4812E-01  6.2733E-02
  1.1765E+02  3.4797E-01  6.2918E-02
  1.1799E+02  3.4780E-01  6.3088E-02
  1.1834E+02  3.4760E-01  6.3242E-02
  1.1868E+02  3.4739E-01  6.3381E-02
  1.1902E+02  3.4716E-01  6.3506E-02
  1.1937E+02  3.4691E-01  6.3618E-02
  1.1971E+02  3.4665E-01  6.3719E-02
  1.2006E+02  3.4639E-01  6.3815E-02
  1.2040E+02  3.4612E-01  6.3911E-02
  1.2074E+02  3.4588E-01  6.4016E-02
  1.2109E+02  3.4567E-01  6.4133E-02
  1.2143E+02  3.4551E-01  6.4267E-02
  1.2178E+02  3.4539E-01  6.4417E-02
  1.2212E+02  3.4532E-01  6.4582E-02
  1.2246E+02  3.4528E-01  6.4759E-02
  1.2281E+02  3.4526E-01  6.4944E-02
  1.2315E+02  3.4525E-01  6.5134E-02
  1.2350E+02  3.4524E-01  6.5326E-02
  1.2384E+02  3.4523E-01  6.5518E-02
  1.2418E+02  3.4521E-01  6.5709E-02
  1.2453E+02  3.4519E-01  6.5902E-02
  1.2487E+02  3.4518E-01  6.6097E-02
  1.2522E+02  3.4517E-01  6.6297E-02
  1.2556E+02  3.4518E-01  6.6500E-02
  1.2590E+02  3.4519E-01  6.6706E-02
  1.2625E+02  3.4521E-01  6.6913E-02
  1.2659E+02  3.4524E-01  6.7121E-02
  1.2694E+02  3.4526E-01  6.7325E-02
  1.2728E+02  3.4527E-01  6.7526E-02
  1.2762E+02  3.4526E-01  6.7724E-02
  1.2797E+02  3.4525E-01  6.7921E-02
  1.2831E+02  3.4521E-01  6.8117E-02
  1.2866E+02  3.4516E-01  6.8312E-02
  1.2900E+02  3.4509E-01  6.8502E-02
  1.2934E+02  3.4499E-01  6.8684E-02
  1.2969E+02  3.4487E-01  6.8861E-02
  1.3003E+02  3.4474E-01  6.9037E-02
  1.3038E+02  3.4461E-01  6.9218E-02
  1.3072E+02  3.4448E-01  6.9409E-02
  1.3106E+02  3.4436E-01  6.9610E-02
  1.3141E+02  3.4425E-01  6.9818E-02
  1.3175E+02  3.4415E-01  7.0027E-02
  1.3210E+02  3.4406E-01  7.0235E-02
  1.3244E+02  3.4397E-01  7.0441E-02
  1.3278E+02  3.4389E-01  7.0646E-02
  1.3313E+02  3.4383E-01  7.0853E-02
  1.3347E+02  3.4377E-01  7.1060E-02
  1.3382E+02  3.4372E-01  7.1265E-02
  1.3416E+02  3.4368E-01  7.1466E-02
  1.3450E+02  3.4363E-01  7.1664E-02
  1.3485E+02  3.4359E-01  7.1861E-02
  1.3519E+02  3.4355E-01  7.2061E-02
  1.3554E+02  3.4352E-01  7.2264E-02
  1.3588E+02  3.4349E-01  7.2466E-02
  1.3622E+02  3.4346E-01  7.2664E-02
  1.3657E+02  3.4343E-01  7.2856E-02
  1.3691E+02  3.4339E-01  7.3042E-02
  1.3726E+02  3.4335E-01  7.3228E-02
  1.3760E+02  3.4331E-01  7.3416E-02
  1.3794E+02  3.4327E-01  7.3605E-02
  1.3829E+02  3.4324E-01  7.3796E-02
  1.3863E+02  3.4320E-01  7.3985E-02
  1.3898E+02  3.4316E-01  7.4172E-02
  1.3932E+02  3.4312E-01  7.4356E-02
  1.3966E+02  3.4308E-01  7.4535E-02
  1.4001E+02  3.4304E-01  7.4709E-02
  1.4035E+02  3.4298E-01  7.4878E-02
  1.4070E+02  3.4293E-01  7.5043E-02
  1.4104E+02  3.4288E-01  7.5208E-02
  1.4138E+02  3.4282E-01  7.5373E-02
  1.4173E+02  3.4277E-01  7.5541E-02
  1.4207E+02  3.4273E-01  7.5710E-02
  1.4242E+02  3.4268E-01  7.5881E-02
  1.4276E+02  3.4263E-01  7.6052E-02
  1.4310E+02  3.4257E-01  7.6224E-02
  1.4345E+02  3.4251E-01  7.6398E-02
  1.4379E+02  3.4244E-01  7.6573E-02
  1.4414E+02  3.4237E-01  7.6748E-02
  1.4448E+02  3.4229E-01  7.6925E-02
  1.4482E+02  3.4221E-01  7.7101E-02
  1.4517E+02  3.4213E-01  7.7277E-02
  1.4551E+02  3.4204E-01  7.7454E-02
  1.4586E+02  3.4196E-01  7.7631E-02
  1.4620E+02  3.4186E-01  7.7807E-02
  1.4654E+02  3.4177E-01  7.7981E-02
  1.4689E+02  3.4167E-01  7.8152E-02
  1.4723E+02  3.4156E-01  7.8319E-02
  1.4758E+02  3.4145E-01  7.8480E-02
  1.4792E+02  3.4132E-01  7.8636E-02
  1.4826E+02  3.4118E-01  7.8786E-02
  1.4861E+02  3.4103E-01  7.8930E-02
  1.4895E+02  3.4087E-01  7.9070E-02
  1.4930E+02  3.4071E-01  7.9207E-02
  1.4964E+02  3.4053E-01  7.9341E-02
  1.4998E+02  3.4036E-01  7.9473E-02
  1.5033E+02  3.4018E-01  7.9605E-02
  1.5067E+02  3.4000E-01  7.9736E-02
  1.5102E+02  3.3983E-01  7.9867E-02
  1.5136E+02  3.3966E-01  7.9998E-02
  1.5170E+02  3.3950E-01  8.0130E-02
  1.5205E+02  3.3934E-01  8.0262E-02
  1.5239E+02  3.3919E-01  8.0395E-02
  1.5274E+02  3.3906E-01  8.0528E-02
  1.5308E+02  3.3893E-01  8.0661E-02
  1.5342E+02  3.3881E-01  8.0796E-02
  1.5377E+02  3.3870E-01  8.0932E-02
  1.5411E+02  3.3859E-01  8.1071E-02
  1.5446E+02  3.3849E-01  8.1212E-02
  1.5480E+02  3.3839E-01  8.1353E-02
  1.5514E+02  3.3829E-01  8.1493E-02
  1.5549E+02  3.3818E-01  8.1630E-02
  1.5583E+02  3.3807E-01  8.1764E-02
  1.5618E+02  3.3794E-01  8.1893E-02
  1.5652E+02  3.3779E-01  8.2017E-02
  1.5686E+02  3.3764E-01  8.2137E-02
  1.5721E+02  3.3747E-01  8.2255E-02
  1.5755E+02  3.3729E-01  8.2372E-02
  1.5790E+02  3.3710E-01  8.2490E-02
  1.5824E+02  3.3690E-01  8.2610E-02
  1.5858E+02  3.3670E-01  8.2731E-02
  1.5893E+02  3.3649E-01  8.2852E-02
  1.5927E+02  3.3626E-01  8.2971E-02
  1.5962E+02  3.3604E-01  8.3089E-02
  1.5996E+02  3.3580E-01  8.3207E-02
  1.6030E+02  3.3556E-01  8.3326E-02
  1.6065E+02  3.3531E-01  8.3446E-02
  1.6099E+02  3.3506E-01  8.3568E-02
  1.6134E+02  3.3481E-01  8.3690E-02
  1.6168E+02  3.3455E-01  8.3814E-02
  1.6202E+02  3.3430E-01  8.3939E-02
  1.6237E+02  3.3404E-01  8.4064E-02
  1.6271E+02  3.3378E-01  8.4189E-02
  1.6306E+02  3.3352E-01  8.4312E-02
  1.6340E+02  3.3325E-01  8.4431E-02
  1.6374E+02  3.3297E-01  8.4549E-02
  1.6409E+02  3.3270E-01  8.4668E-02
  1.6443E+02  3.3242E-01  8.4788E-02
  1.6478E+02  3.3215E-01  8.4912E-02
  1.6512E+02  3.3188E-01  8.5038E-02
  1.6546E+02  3.3162E-01  8.5165E-02
  1.6581E+02  3.3135E-01  8.5294E-02
  1.6615E+02  3.3109E-01  8.5424E-02
  1.6650E+02  3.3084E-01  8.5556E-02
  1.6684E+02  3.3059E-01  8.5689E-02
  1.6718E+02  3.3035E-01  8.5825E-02
  1.6753E+02  3.3012E-01  8.5962E-02
  1.6787E+02  3.2988E-01  8.6101E-02
  1.6822E+02  3.2965E-01  8.6239E-02
  1.6856E+02  3.2943E-01  8.6377E-02
  1.6890E+02  3.2920E-01  8.6513E-02
  1.6925E+02  3.2897E-01  8.6649E-02
  1.6959E+02  3.2874E-01  8.6783E-02
  1.6994E+02  3.2851E-01  8.6917E-02
  1.7028E+02  3.2828E-01  8.7050E-02
  1.7062E+02  3.2806E-01  8.7182E-02
  1.7097E+02  3.2783E-01  8.7314E-02
  1.7131E+02  3.2760E-01  8.7446E-02
  1.7166E+02  3.2737E-01  8.7578E-02
  1.7200E+02  3.2715E-01  8.7710E-02
  1.7234E+02  3.2692E-01  8.7844E-02
  1.7269E+02  3.2669E-01  8.7978E-02
  1.7303E+02  3.2647E-01  8.8113E-02
  1.7338E+02  3.2624E-01  8.8247E-02
  1.7372E+02  3.2601E-01  8.8381E-02
  1.7406E+02  3.2577E-01  8.8514E-02
  1.7441E+02  3.2554E-01  8.8646E-02
  1.7475E+02  3.2530E-01  8.8776E-02
  1.7510E+02  3.2505E-01  8.8905E-02
  1.7544E+02  3.2480E-01  8.9033E-02
  1.7578E+02  3.2455E-01  8.9159E-02
  1.7613E+02  3.2430E-01  8.9283E-02
  1.7647E+02  3.2405E-01  8.9405E-02
  1.7682E+02  3.2379E-01  8.9526E-02
  1.7716E+02  3.2353E-01  8.9644E-02
  1.7750E+02  3.2327E-01  8.9761E-02
  1.7785E+02  3.2300E-01  8.9877E-02
  1.7819E+02  3.2275E-01  8.9992E-02
  1.7854E+02  3.2249E-01  9.0106E-02
  1.7888E+02  3.2223E-01  9.0219E-02
  1.7922E+02  3.2198E-01  9.0331E-02
  1.7957E+02  3.2174E-01  9.0444E-02
  1.7991E+02  3.2149E-01  9.0557E-02
  1.8026E+02  3.2125E-01  9.0672E-02
  1.8060E+02  3.2102E-01  9.0788E-02
  1.8094E+02  3.2079E-01  9.0905E-02
  1.8129E+02  3.2056E-01  9.1022E-02
  1.8163E+02  3.2033E-01  9.1139E-02
  1.8198E+02  3.2011E-01  9.1255E-02
  1.8232E+02  3.1989E-01  9.1369E-02
  1.8266E+02  3.1967E-01  9.1482E-02
  1.8301E+02  3.1945E-01  9.1593E-02
  1.8335E+02  3.1923E-01  9.1705E-02
  1.8370E+02  3.1902E-01  9.1818E-02
  1.8404E+02  3.1881E-01  9.1932E-02
  1.8438E+02  3.1860E-01  9.2048E-02
  1.8473E+02  3.1839E-01  9.2163E-02
  1.8507E+02  3.1818E-01  9.2277E-02
  1.8542E+02  3.1797E-01  9.2390E-02
  1.8576E+02  3.1777E-01  9.2502E-02
  1.8610E+02  3.1756E-01  9.2614E-02
  1.8645E+02  3.1735E-01  9.2726E-02
  1.8679E+02  3.1714E-01  9.2836E-02
  1.8714E+02  3.1693E-01  9.2945E-02
  1.8748E+02  3.1672E-01  9.3052E-02
  1.8782E+02  3.1651E-01  9.3158E-02
  1.8817E+02  3.1630E-01  9.3263E-02
  1.8851E+02  3.1608E-01  9.3367E-02
  1.8886E+02  3.1586E-01  9.3470E-02
  1.8920E+02  3.1564E-01  9.3574E-02
  1.8954E+02  3.1542E-01  9.3677E-02
  1.8989E+02  3.1520E-01  9.3781E-02
  1.9023E+02  3.1498E-01  9.3885E-02
  1.9058E+02  3.1475E-01  9.3991E-02
  1.9092E+02  3.1453E-01  9.4097E-02
  1.9126E+02  3.1431E-01  9.4203E-02
  1.9161E+02  3.1408E-01  9.4310E-02
  1.9195E+02  3.1386E-01  9.4418E-02
  1.9230E+02  3.1363E-01  9.4526E-02
  1.9264E+02  3.1341E-01  9.4637E-02
  1.9298E+02  3.1318E-01  9.4748E-02
  1.9333E+02  3.1295E-01  9.4860E-02
  1.9367E+02  3.1272E-01  9.4972E-02
  1.9402E+02  3.1249E-01  9.5085E-02
  1.9436E+02  3.1226E-01  9.5198E-02
  1.9470E+02  3.1202E-01  9.5311E-02
  1.9505E+02  3.1179E-01  9.5424E-02
  1.9539E+02  3.1155E-01  9.5536E-02
  1.9574E+02  3.1131E-01  9.5647E-02
  1.9608E+02  3.1107E-01  9.5757E-02
  1.9642E+02  3.1083E-01  9.5867E-02
  1.9677E+02  3.1058E-01  9.5977E-02
  1.9711E+02  3.1034E-01  9.6087E-02
  1.9746E+02  3.1009E-01  9.6198E-02
  1.9780E+02  3.0985E-01  9.6309E-02
  1.9814E+02  3.0961E-01  9.6421E-02
  1.9849E+02  3.0937E-01  9.6534E-02
  1.9883E+02  3.0913E-01  9.6649E-02
  1.9918E+02  3.0889E-01  9.6764E-02
  1.9952E+02  3.0866E-01  9.6880E-02
  1.9986E+02  3.0843E-01  9.6997E-02
  2.0021E+02  3.0820E-01  9.7114E-02
  2.0055E+02  3.0797E-01  9.7231E-02
  2.0090E+02  3.0774E-01  9.7349E-02
  2.0124E+02  3.0751E-01  9.7466E-02
  2.0158E+02  3.0729E-01  9.7583E-02
  2.0193E+02  3.0707E-01  9.7700E-02
  2.0227E+02  3.0684E-01  9.7816E-02
  2.0262E+02  3.0662E-01  9.7931E-02
  2.0296E+02  3.0640E-01  9.8046E-02
  2.0330E+02  3.0618E-01  9.8161E-02
  2.0365E+02  3.0596E-01  9.8275E-02
  2.0399E+02  3.0574E-01  9.8389E-02
  2.0434E+02  3.0552E-01  9.8503E-02
  2.0468E+02  3.0531E-01  9.8616E-02
  2.0502E+02  3.0509E-01  9.8729E-02
  2.0537E+02  3.0488E-01  9.8842E-02
  2.0571E+02  3.0467E-01  9.8955E-02
  2.0606E+02  3.0446E-01  9.9067E-02
  2.0640E+02  3.0426E-01  9.9180E-02
  2.0674E+02  3.0405E-01  9.9294E-02
  2.0709E+02  3.0385E-01  9.9407E-02
  2.0743E+02  3.0365E-01  9.9521E-02
  2.0778E+02  3.0345E-01  9.9634E-02
  2.0812E+02  3.0325E-01  9.9747E-02
  2.0846E+02  3.0305E-01  9.9858E-02
  2.0881E+02  3.0285E-01  9.9969E-02
  2.0915E+02  3.0266E-01  1.0008E-01
  2.0950E+02  3.0246E-01  1.0019E-01
  2.0984E+02  3.0226E-01  1.0030E-01
  2.1018E+02  3.0207E-01  1.0041E-01
  2.1053E+02  3.0187E-01  1.0052E-01
  2.1087E+02  3.0168E-01  1.0063E-01
  2.1122E+02  3.0149E-01  1.0074E-01
  2.1156E+02  3.0130E-01  1.0085E-01
  2.1190E+02  3.0111E-01  1.0096E-01
  2.1225E+02  3.0092E-01  1.0108E-01
  2.1259E+02  3.0073E-01  1.0119E-01
  2.1294E+02  3.0055E-01  1.0130E-01
  2.1328E+02  3.0036E-01  1.0141E-01
  2.1362E+02  3.0018E-01  1.0152E-01
  2.1397E+02  2.9999E-01  1.0164E-01
  2.1431E+02  2.9981E-01  1.0175E-01
  2.1466E+02  2.9963E-01  1.0186E-01
  2.1500E+02  2.9945E-01  1.0197E-01
  2.1534E+02  2.9927E-01  1.0208E-01
  2.1569E+02  2.9909E-01  1.0220E-01
  2.1603E+02  2.9892E-01  1.0231E-01
  2.1638E+02  2.9874E-01  1.0242E-01
  2.1672E+02  2.9857E-01  1.0253E-01
  2.1706E+02  2.9840E-01  1.0264E-01
  2.1741E+02  2.9823E-01  1.0276E-01
  2.1775E+02  2.9806E-01  1.0287E-01
  2.1810E+02  2.9789E-01  1.0298E-01
  2.1844E+02  2.9772E-01  1.0310E-01
  2.1878E+02  2.9755E-01  1.0321E-01
  2.1913E+02  2.9739E-01  1.0332E-01
  2.1947E+02  2.9722E-01  1.0344E-01
  2.1982E+02  2.9706E-01  1.0355E-01
  2.2016E+02  2.9690E-01  1.0366E-01
  2.2050E+02  2.9674E-01  1.0378E-01
  2.2085E+02  2.9657E-01  1.0389E-01
  2.2119E+02  2.9641E-01  1.0401E-01
  2.2154E+02  2.9625E-01  1.0412E-01
  2.2188E+02  2.9609E-01  1.0423E-01
  2.2222E+02  2.9593E-01  1.0435E-01
  2.2257E+02  2.9577E-01  1.0446E-01
  2.2291E+02  2.9560E-01  1.0457E-01
  2.2326E+02  2.9544E-01  1.0469E-01
  2.2360E+02  2.9528E-01  1.0480E-01
  2.2394E+02  2.9512E-01  1.0491E-01
  2.2429E+02  2.9495E-01  1.0503E-01
  2.2463E+02  2.9479E-01  1.0514E-01
  2.2498E+02  2.9463E-01  1.0525E-01
  2.2532E+02  2.9446E-01  1.0537E-01
  2.2566E+02  2.9430E-01  1.0548E-01
  2.2601E+02  2.9414E-01  1.0560E-01
  2.2635E+02  2.9398E-01  1.0571E-01
  2.2670E+02  2.9382E-01  1.0583E-01
  2.2704E+02  2.9365E-01  1.0595E-01
  2.2738E+02  2.9349E-01  1.0606E-01
  2.2773E+02  2.9334E-01  1.0618E-01
  2.2807E+02  2.9318E-01  1.0630E-01
  2.2842E+02  2.9302E-01  1.0641E-01
  2.2876E+02  2.9286E-01  1.0653E-01
  2.2910E+02  2.9270E-01  1.0665E-01
  2.2945E+02  2.9254E-01  1.0676E-01
  2.2979E+02  2.9239E-01  1.0688E-01
  2.3014E+02  2.9223E-01  1.0700E-01
  2.3048E+02  2.9208E-01  1.0711E-01
  2.3082E+02  2.9192E-01  1.0723E-01
  2.3117E+02  2.9177E-01  1.0735E-01
  2.3151E+02  2.9161E-01  1.0746E-01
  2.3186E+02  2.9146E-01  1.0758E-01
  2.3220E+02  2.9131E-01  1.0770E-01
  2.3254E+02  2.9116E-01  1.0782E-01
  2.3289E+02  2.9101E-01  1.0793E-01
  2.3323E+02  2.9087E-01  1.0805E-01
  2.3358E+02  2.9072E-01  1.0817E-01
  2.3392E+02  2.9058E-01  1.0829E-01
  2.3426E+02  2.9043E-01  1.0841E-01
  2.3461E+02  2.9029E-01  1.0853E-01
  2.3495E+02  2.9015E-01  1.0865E-01
  2.3530E+02  2.9001E-01  1.0876E-01
  2.3564E+02  2.8986E-01  1.0888E-01
  2.3598E+02  2.8972E-01  1.0899E-01
  2.3633E+02  2.8958E-01  1.0911E-01
  2.3667E+02  2.8944E-01  1.0922E-01
  2.3702E+02  2.8930E-01  1.0934E-01
  2.3736E+02  2.8916E-01  1.0945E-01
  2.3770E+02  2.8902E-01  1.0956E-01
  2.3805E+02  2.8888E-01  1.0968E-01
  2.3839E+02  2.8875E-01  1.0979E-01
  2.3874E+02  2.8861E-01  1.0990E-01
  2.3908E+02  2.8847E-01  1.1001E-01
  2.3942E+02  2.8833E-01  1.1013E-01
  2.3977E+02  2.8819E-01  1.1024E-01
  2.4011E+02  2.8805E-01  1.1035E-01
  2.4046E+02  2.8792E-01  1.1046E-01
  2.4080E+02  2.8778E-01  1.1057E-01
  2.4114E+02  2.8764E-01  1.1069E-01
  2.4149E+02  2.8750E-01  1.1080E-01
  2.4183E+02  2.8737E-01  1.1091E-01
  2.4218E+02  2.8723E-01  1.1102E-01
  2.4252E+02  2.8709E-01  1.1113E-01
  2.4286E+02  2.8695E-01  1.1124E-01
  2.4321E+02  2.8681E-01  1.1135E-01
  2.4355E+02  2.8667E-01  1.1146E-01
  2.4390E+02  2.8653E-01  1.1156E-01
  2.4424E+02  2.8639E-01  1.1167E-01
  2.4458E+02  2.8625E-01  1.1178E-01
  2.4493E+02  2.8611E-01  1.1189E-01
  2.4527E+02  2.8597E-01  1.1200E-01
  2.4562E+02  2.8583E-01  1.1210E-01
  2.4596E+02  2.8569E-01  1.1221E-01
  2.4630E+02  2.8555E-01  1.1232E-01
  2.4665E+02  2.8541E-01  1.1243E-01
  2.4699E+02  2.8527E-01  1.1253E-01
  2.4734E+02  2.8513E-01  1.1264E-01
  2.4768E+02  2.8499E-01  1.1275E-01
  2.4802E+02  2.8485E-01  1.1285E-01
  2.4837E+02  2.8471E-01  1.1296E-01
  2.4871E+02  2.8457E-01  1.1306E-01
  2.4906E+02  2.8443E-01  1.1317E-01
  2.4940E+02  2.8429E-01  1.1328E-01
  2.4974E+02  2.8415E-01  1.1338E-01
  2.5009E+02  2.8401E-01  1.1349E-01
  2.5043E+02  2.8387E-01  1.1359E-01
  2.5078E+02  2.8373E-01  1.1370E-01
  2.5112E+02  2.8359E-01  1.1380E-01
  2.5146E+02  2.8345E-01  1.1391E-01
  2.5181E+02  2.8331E-01  1.1401E-01
  2.5215E+02  2.8317E-01  1.1412E-01
  2.5250E+02  2.8303E-01  1.1423E-01
  2.5284E+02  2.8289E-01  1.1433E-01
  2.5318E+02  2.8275E-01  1.1444E-01
  2.5353E+02  2.8261E-01  1.1454E-01
  2.5387E+02  2.8248E-01  1.1464E-01
  2.5422E+02  2.8234E-01  1.1475E-01
  2.5456E+02  2.8220E-01  1.1485E-01
  2.5490E+02  2.8206E-01  1.1496E-01
  2.5525E+02  2.8192E-01  1.1506E-01
  2.5559E+02  2.8178E-01  1.1517E-01
  2.5594E+02  2.8163E-01  1.1527E-01
  2.5628E+02  2.8149E-01  1.1537E-01
  2.5662E+02  2.8135E-01  1.1548E-01
  2.5697E+02  2.8121E-01  1.1558E-01
  2.5731E+02  2.8106E-01  1.1568E-01
  2.5766E+02  2.8092E-01  1.1579E-01
  2.5800E+02  2.8078E-01  1.1589E-01
  2.5834E+02  2.8063E-01  1.1599E-01
  2.5869E+02  2.8049E-01  1.1609E-01
  2.5903E+02  2.8034E-01  1.1620E-01
  2.5938E+02  2.8019E-01  1.1630E-01
  2.5972E+02  2.8004E-01  1.1640E-01
  2.6006E+02  2.7990E-01  1.1650E-01
  2.6041E+02  2.7975E-01  1.1660E-01
  2.6075E+02  2.7960E-01  1.1670E-01
  2.6110E+02  2.7945E-01  1.1680E-01
  2.6144E+02  2.7929E-01  1.1690E-01
  2.6178E+02  2.7914E-01  1.1700E-01
  2.6213E+02  2.7899E-01  1.1710E-01
  2.6247E+02  2.7884E-01  1.1720E-01
  2.6282E+02  2.7868E-01  1.1730E-01
  2.6316E+02  2.7853E-01  1.1740E-01
  2.6350E+02  2.7837E-01  1.1750E-01
  2.6385E+02  2.7822E-01  1.1760E-01
  2.6419E+02  2.7806E-01  1.1770E-01
  2.6454E+02  2.7790E-01  1.1780E-01
  2.6488E+02  2.7774E-01  1.1789E-01
  2.6522E+02  2.7759E-01  1.1799E-01
  2.6557E+02  2.7743E-01  1.1809E-01
  2.6591E+02  2.7727E-01  1.1819E-01
  2.6626E+02  2.7711E-01  1.1828E-01
  2.6660E+02  2.7695E-01  1.1838E-01
  2.6694E+02  2.7679E-01  1.1848E-01
  2.6729E+02  2.7663E-01  1.1857E-01
  2.6763E+02  2.7647E-01  1.1867E-01
  2.6798E+02  2.7631E-01  1.1876E-01
  2.6832E+02  2.7615E-01  1.1886E-01
  2.6866E+02  2.7599E-01  1.1896E-01
  2.6901E+02  2.7582E-01  1.1905E-01
  2.6935E+02  2.7566E-01  1.1915E-01
  2.6970E+02  2.7550E-01  1.1924E-01
  2.7004E+02  2.7534E-01  1.1933E-01
  2.7038E+02  2.7518E-01  1.1943E-01
  2.7073E+02  2.7501E-01  1.1952E-01
  2.7107E+02  2.7485E-01  1.1962E-01
  2.7142E+02  2.7469E-01  1.1971E-01
  2.7176E+02  2.7452E-01  1.1980E-01
  2.7210E+02  2.7436E-01  1.1990E-01
  2.7245E+02  2.7419E-01  1.1999E-01
  2.7279E+02  2.7403E-01  1.2008E-01
  2.7314E+02  2.7387E-01  1.2017E-01
  2.7348E+02  2.7370E-01  1.2026E-01
  2.7382E+02  2.7354E-01  1.2036E-01
  2.7417E+02  2.7337E-01  1.2045E-01
  2.7451E+02  2.7321E-01  1.2054E-01
  2.7486E+02  2.7304E-01  1.2063E-01
  2.7520E+02  2.7288E-01  1.2072E-01
  2.7554E+02  2.7271E-01  1.2081E-01
  2.7589E+02  2.7254E-01  1.2090E-01
  2.7623E+02  2.7238E-01  1.2099E-01
  2.7658E+02  2.7221E-01  1.2108E-01
  2.7692E+02  2.7205E-01  1.2117E-01
  2.7726E+02  2.7188E-01  1.2126E-01
  2.7761E+02  2.7171E-01  1.2135E-01
  2.7795E+02  2.7155E-01  1.2144E-01
  2.7830E+02  2.7138E-01  1.2153E-01
  2.7864E+02  2.7122E-01  1.2162E-01
  2.7898E+02  2.7105E-01  1.2171E-01
  2.7933E+02  2.7089E-01  1.2180E-01
  2.7967E+02  2.7072E-01  1.2189E-01
  2.8002E+02  2.7056E-01  1.2198E-01
  2.8036E+02  2.7039E-01  1.2207E-01
  2.8070E+02  2.7023E-01  1.2215E-01
  2.8105E+02  2.7007E-01  1.2224E-01
  2.8139E+02  2.6991E-01  1.2233E-01
  2.8174E+02  2.6974E-01  1.2242E-01
  2.8208E+02  2.6958E-01  1.2251E-01
  2.8242E+02  2.6942E-01  1.2259E-01
  2.8277E+02  2.6926E-01  1.2268E-01
  2.8311E+02  2.6910E-01  1.2277E-01
  2.8346E+02  2.6894E-01  1.2286E-01
  2.8380E+02  2.6878E-01  1.2294E-01
  2.8414E+02  2.6862E-01  1.2303E-01
  2.8449E+02  2.6846E-01  1.2312E-01
  2.8483E+02  2.6830E-01  1.2321E-01
  2.8518E+02  2.6815E-01  1.2329E-01
  2.8552E+02  2.6799E-01  1.2338E-01
  2.8586E+02  2.6783E-01  1.2347E-01
  2.8621E+02  2.6768E-01  1.2355E-01
  2.8655E+02  2.6752E-01  1.2364E-01
  2.8690E+02  2.6736E-01  1.2373E-01
  2.8724E+02  2.6721E-01  1.2381E-01
  2.8758E+02  2.6705E-01  1.2390E-01
  2.8793E+02  2.6690E-01  1.2399E-01
  2.8827E+02  2.6674E-01  1.2407E-01
  2.8862E+02  2.6659E-01  1.2416E-01
  2.8896E+02  2.6643E-01  1.2424E-01
  2.8930E+02  2.6628E-01  1.2433E-01
  2.8965E+02  2.6612E-01  1.2441E-01
  2.8999E+02  2.6597E-01  1.2450E-01
  2.9034E+02  2.6581E-01  1.2458E-01
  2.9068E+02  2.6566E-01  1.2467E-01
  2.9102E+02  2.6550E-01  1.2476E-01
  2.9137E+02  2.6535E-01  1.2484E-01
  2.9171E+02  2.6519E-01  1.2493E-01
  2.9206E+02  2.6504E-01  1.2501E-01
  2.9240E+02  2.6488E-01  1.2510E-01
  2.9274E+02  2.6473E-01  1.2518E-01
  2.9309E+02  2.6458E-01  1.2526E-01
  2.9343E+02  2.6442E-01  1.2535E-01
  2.9378E+02  2.6427E-01  1.2543E-01
  2.9412E+02  2.6411E-01  1.2552E-01
  2.9446E+02  2.6396E-01  1.2560E-01
  2.9481E+02  2.6380E-01  1.2569E-01
  2.9515E+02  2.6365E-01  1.2577E-01
  2.9550E+02  2.6349E-01  1.2585E-01
  2.9584E+02  2.6334E-01  1.2594E-01
  2.9618E+02  2.6318E-01  1.2602E-01
  2.9653E+02  2.6303E-01  1.2610E-01
  2.9687E+02  2.6287E-01  1.2619E-01
  2.9722E+02  2.6271E-01  1.2627E-01
  2.9756E+02  2.6256E-01  1.2635E-01
  2.9790E+02  2.6240E-01  1.2643E-01
  2.9825E+02  2.6225E-01  1.2652E-01
  2.9859E+02  2.6209E-01  1.2660E-01
  2.9894E+02  2.6194E-01  1.2668E-01
  2.9928E+02  2.6178E-01  1.2676E-01
  2.9962E+02  2.6162E-01  1.2685E-01
  2.9997E+02  2.6147E-01  1.2693E-01
  3.0031E+02  2.6131E-01  1.2701E-01
  3.0066E+02  2.6116E-01  1.2709E-01
  3.0100E+02  2.6100E-01  1.2718E-01
  3.0134E+02  2.6084E-01  1.2726E-01
  3.0169E+02  2.6069E-01  1.2734E-01
  3.0203E+02  2.6053E-01  1.2742E-01
  3.0238E+02  2.6037E-01  1.2750E-01
  3.0272E+02  2.6022E-01  1.2758E-01
  3.0306E+02  2.6006E-01  1.2767E-01
  3.0341E+02  2.5990E-01  1.2775E-01
  3.0375E+02  2.5975E-01  1.2783E-01
  3.0410E+02  2.5959E-01  1.2791E-01
  3.0444E+02  2.5943E-01  1.2799E-01
  3.0478E+02  2.5928E-01  1.2807E-01
  3.0513E+02  2.5912E-01  1.2815E-01
  3.0547E+02  2.5896E-01  1.2823E-01
  3.0582E+02  2.5881E-01  1.2831E-01
  3.0616E+02  2.5865E-01  1.2839E-01
  3.0650E+02  2.5849E-01  1.2847E-01
  3.0685E+02  2.5833E-01  1.2855E-01
  3.0719E+02  2.5818E-01  1.2863E-01
  3.0754E+02  2.5802E-01  1.2871E-01
  3.0788E+02  2.5786E-01  1.2879E-01
  3.0822E+02  2.5770E-01  1.2887E-01
  3.0857E+02  2.5755E-01  1.2895E-01
  3.0891E+02  2.5739E-01  1.2903E-01
  3.0926E+02  2.5723E-01  1.2911E-01
  3.0960E+02  2.5707E-01  1.2919E-01
  3.0994E+02  2.5692E-01  1.2927E-01
  3.1029E+02  2.5676E-01  1.2935E-01
  3.1063E+02  2.5660E-01  1.2943E-01
  3.1098E+02  2.5644E-01  1.2951E-01
  3.1132E+02  2.5629E-01  1.2959E-01
  3.1166E+02  2.5613E-01  1.2967E-01
  3.1201E+02  2.5597E-01  1.2975E-01
  3.1235E+02  2.5582E-01  1.2983E-01
  3.1270E+02  2.5566E-01  1.2991E-01
  3.1304E+02  2.5550E-01  1.2999E-01
  3.1338E+02  2.5535E-01  1.3007E-01
  3.1373E+02  2.5519E-01  1.3015E-01
  3.1407E+02  2.5503E-01  1.3022E-01
  3.1442E+02  2.5488E-01  1.3030E-01
  3.1476E+02  2.5472E-01  1.3038E-01
  3.1510E+02  2.5456E-01  1.3046E-01
  3.1545E+02  2.5441E-01  1.3054E-01
  3.1579E+02  2.5425E-01  1.3062E-01
  3.1614E+02  2.5410E-01  1.3070E-01
  3.1648E+02  2.5394E-01  1.3077E-01
  3.1682E+02  2.5379E-01  1.3085E-01
  3.1717E+02  2.5363E-01  1.3093E-01
  3.1751E+02  2.5348E-01  1.3101E-01
  3.1786E+02  2.5333E-01  1.3108E-01
  3.1820E+02  2.5317E-01  1.3116E-01
  3.1854E+02  2.5302E-01  1.3124E-01
  3.1889E+02  2.5287E-01  1.3132E-01
  3.1923E+02  2.5271E-01  1.3139E-01
  3.1958E+02  2.5256E-01  1.3147E-01
  3.1992E+02  2.5241E-01  1.3155E-01
  3.2026E+02  2.5226E-01  1.3163E-01
  3.2061E+02  2.5210E-01  1.3170E-01
  3.2095E+02  2.5195E-01  1.3178E-01
  3.2130E+02  2.5180E-01  1.3186E-01
  3.2164E+02  2.5165E-01  1.3193E-01
  3.2198E+02  2.5150E-01  1.3201E-01
  3.2233E+02  2.5135E-01  1.3209E-01
  3.2267E+02  2.5120E-01  1.3216E-01
  3.2302E+02  2.5105E-01  1.3224E-01
  3.2336E+02  2.5090E-01  1.3232E-01
  3.2370E+02  2.5075E-01  1.3239E-01
  3.2405E+02  2.5060E-01  1.3247E-01
  3.2439E+02  2.5045E-01  1.3255E-01
  3.2474E+02  2.5030E-01  1.3262E-01
  3.2508E+02  2.5015E-01  1.3270E-01
  3.2542E+02  2.5000E-01  1.3277E-01
  3.2577E+02  2.4985E-01  1.3285E-01
  3.2611E+02  2.4970E-01  1.3293E-01
  3.2646E+02  2.4955E-01  1.3300E-01
  3.2680E+02  2.4940E-01  1.3308E-01
  3.2714E+02  2.4925E-01  1.3315E-01
  3.2749E+02  2.4910E-01  1.3323E-01
  3.2783E+02  2.4895E-01  1.3330E-01
  3.2818E+02  2.4881E-01  1.3338E-01
  3.2852E+02  2.4866E-01  1.3345E-01
  3.2886E+02  2.4851E-01  1.3353E-01
  3.2921E+02  2.4836E-01  1.3361E-01
  3.2955E+02  2.4821E-01  1.3368E-01
  3.2990E+02  2.4806E-01  1.3376E-01
  3.3024E+02  2.4791E-01  1.3383E-01
  3.3058E+02  2.4777E-01  1.3391E-01
  3.3093E+02  2.4762E-01  1.3398E-01
  3.3127E+02  2.4747E-01  1.3406E-01
  3.3162E+02  2.4732E-01  1.3413E-01
  3.3196E+02  2.4718E-01  1.3421E-01
  3.3230E+02  2.4703E-01  1.3428E-01
  3.3265E+02  2.4688E-01  1.3435E-01
  3.3299E+02  2.4673E-01  1.3443E-01
  3.3334E+02  2.4659E-01  1.3450E-01
  3.3368E+02  2.4644E-01  1.3458E-01
  3.3402E+02  2.4629E-01  1.3465E-01
  3.3437E+02  2.4614E-01  1.3473E-01
  3.3471E+02  2.4600E-01  1.3480E-01
  3.3506E+02  2.4585E-01  1.3488E-01
  3.3540E+02  2.4570E-01  1.3495E-01
  3.3574E+02  2.4556E-01  1.3502E-01
  3.3609E+02  2.4541E-01  1.3510E-01
  3.3643E+02  2.4526E-01  1.3517E-01
  3.3678E+02  2.4512E-01  1.3524E-01
  3.3712E+02  2.4497E-01  1.3532E-01
  3.3746E+02  2.4482E-01  1.3539E-01
  3.3781E+02  2.4467E-01  1.3547E-01
  3.3815E+02  2.4453E-01  1.3554E-01
  3.3850E+02  2.4438E-01  1.3561E-01
  3.3884E+02  2.4423E-01  1.3569E-01
  3.3918E+02  2.4409E-01  1.3576E-01
  3.3953E+02  2.4394E-01  1.3583E-01
  3.3987E+02  2.4379E-01  1.3591E-01
  3.4022E+02  2.4365E-01  1.3598E-01
  3.4056E+02  2.4350E-01  1.3605E-01
  3.4090E+02  2.4335E-01  1.3612E-01
  3.4125E+02  2.4320E-01  1.3620E-01
  3.4159E+02  2.4306E-01  1.3627E-01
  3.4194E+02  2.4291E-01  1.3634E-01
  3.4228E+02  2.4276E-01  1.3641E-01
  3.4262E+02  2.4261E-01  1.3649E-01
  3.4297E+02  2.4246E-01  1.3656E-01
  3.4331E+02  2.4231E-01  1.3663E-01
  3.4366E+02  2.4217E-01  1.3670E-01
  3.4400E+02  2.4202E-01  1.3677E-01
  3.4434E+02  2.4187E-01  1.3684E-01
  3.4469E+02  2.4172E-01  1.3692E-01
  3.4503E+02  2.4157E-01  1.3699E-01
  3.4538E+02  2.4142E-01  1.3706E-01
  3.4572E+02  2.4127E-01  1.3713E-01
  3.4606E+02  2.4112E-01  1.3720E-01
  3.4641E+02  2.4097E-01  1.3727E-01
  3.4675E+02  2.4082E-01  1.3734E-01
  3.4710E+02  2.4067E-01  1.3741E-01
  3.4744E+02  2.4052E-01  1.3748E-01
  3.4778E+02  2.4037E-01  1.3755E-01
  3.4813E+02  2.4022E-01  1.3762E-01
  3.4847E+02  2.4007E-01  1.3769E-01
  3.4882E+02  2.3992E-01  1.3776E-01
  3.4916E+02  2.3977E-01  1.3783E-01
  3.4950E+02  2.3962E-01  1.3790E-01
  3.4985E+02  2.3947E-01  1.3797E-01
  3.5019E+02  2.3932E-01  1.3804E-01
  3.5054E+02  2.3917E-01  1.3811E-01
  3.5088E+02  2.3902E-01  1.3818E-01
  3.5122E+02  2.3887E-01  1.3825E-01
  3.5157E+02  2.3872E-01  1.3832E-01
  3.5191E+02  2.3857E-01  1.3839E-01
  3.5226E+02  2.3842E-01  1.3846E-01
  3.5260E+02  2.3827E-01  1.3853E-01
  3.5294E+02  2.3812E-01  1.3859E-01
  3.5329E+02  2.3797E-01  1.3866E-01
  3.5363E+02  2.3782E-01  1.3873E-01
  3.5398E+02  2.3767E-01  1.3880E-01
  3.5432E+02  2.3752E-01  1.3887E-01
  3.5466E+02  2.3737E-01  1.3893E-01
  3.5501E+02  2.3721E-01  1.3900E-01
  3.5535E+02  2.3706E-01  1.3907E-01
  3.5570E+02  2.3691E-01  1.3914E-01
  3.5604E+02  2.3676E-01  1.3920E-01
  3.5638E+02  2.3661E-01  1.3927E-01
  3.5673E+02  2.3646E-01  1.3934E-01
  3.5707E+02  2.3631E-01  1.3941E-01
  3.5742E+02  2.3616E-01  1.3947E-01
  3.5776E+02  2.3601E-01  1.3954E-01
  3.5810E+02  2.3585E-01  1.3961E-01
  3.5845E+02  2.3570E-01  1.3967E-01
  3.5879E+02  2.3555E-01  1.3974E-01
  3.5914E+02  2.3540E-01  1.3981E-01
  3.5948E+02  2.3525E-01  1.3987E-01
  3.5982E+02  2.3510E-01  1.3994E-01
  3.6017E+02  2.3495E-01  1.4000E-01
  3.6051E+02  2.3479E-01  1.4007E-01
  3.6086E+02  2.3464E-01  1.4014E-01
  3.6120E+02  2.3449E-01  1.4020E-01
  3.6154E+02  2.3434E-01  1.4027E-01
  3.6189E+02  2.3419E-01  1.4033E-01
  3.6223E+02  2.3404E-01  1.4040E-01
  3.6258E+02  2.3388E-01  1.4046E-01
  3.6292E+02  2.3373E-01  1.4053E-01
  3.6326E+02  2.3358E-01  1.4059E-01
  3.6361E+02  2.3343E-01  1.4066E-01
  3.6395E+02  2.3328E-01  1.4072E-01
  3.6430E+02  2.3313E-01  1.4079E-01
  3.6464E+02  2.3297E-01  1.4085E-01
  3.6498E+02  2.3282E-01  1.4092E-01
  3.6533E+02  2.3267E-01  1.4098E-01
  3.6567E+02  2.3252E-01  1.4104E-01
  3.6602E+02  2.3237E-01  1.4111E-01
  3.6636E+02  2.3222E-01  1.4117E-01
  3.6670E+02  2.3207E-01  1.4124E-01
  3.6705E+02  2.3191E-01  1.4130E-01
  3.6739E+02  2.3176E-01  1.4136E-01
  3.6774E+02  2.3161E-01  1.4143E-01
  3.6808E+02  2.3146E-01  1.4149E-01
  3.6842E+02  2.3131E-01  1.4155E-01
  3.6877E+02  2.3116E-01  1.4162E-01
  3.6911E+02  2.3100E-01  1.4168E-01
  3.6946E+02  2.3085E-01  1.4174E-01
  3.6980E+02  2.3070E-01  1.4181E-01
  3.7014E+02  2.3055E-01  1.4187E-01
  3.7049E+02  2.3040E-01  1.4193E-01
  3.7083E+02  2.3025E-01  1.4199E-01
  3.7118E+02  2.3010E-01  1.4205E-01
  3.7152E+02  2.2994E-01  1.4212E-01
  3.7186E+02  2.2979E-01  1.4218E-01
  3.7221E+02  2.2964E-01  1.4224E-01
  3.7255E+02  2.2949E-01  1.4230E-01
  3.7290E+02  2.2934E-01  1.4236E-01
  3.7324E+02  2.2919E-01  1.4243E-01
  3.7358E+02  2.2904E-01  1.4249E-01
  3.7393E+02  2.2888E-01  1.4255E-01
  3.7427E+02  2.2873E-01  1.4261E-01
  3.7462E+02  2.2858E-01  1.4267E-01
  3.7496E+02  2.2843E-01  1.4273E-01
  3.7530E+02  2.2828E-01  1.4279E-01
  3.7565E+02  2.2813E-01  1.4285E-01
  3.7599E+02  2.2798E-01  1.4291E-01
  3.7634E+02  2.2783E-01  1.4297E-01
  3.7668E+02  2.2767E-01  1.4303E-01
  3.7702E+02  2.2752E-01  1.4309E-01
  3.7737E+02  2.2737E-01  1.4315E-01
  3.7771E+02  2.2722E-01  1.4321E-01
  3.7806E+02  2.2707E-01  1.4327E-01
  3.7840E+02  2.2692E-01  1.4333E-01
  3.7874E+02  2.2677E-01  1.4339E-01
  3.7909E+02  2.2662E-01  1.4345E-01
  3.7943E+02  2.2646E-01  1.4351E-01
  3.7978E+02  2.2631E-01  1.4357E-01
  3.8012E+02  2.2616E-01  1.4363E-01
  3.8046E+02  2.2601E-01  1.4369E-01
  3.8081E+02  2.2586E-01  1.4375E-01
  3.8115E+02  2.2571E-01  1.4381E-01
  3.8150E+02  2.2556E-01  1.4387E-01
  3.8184E+02  2.2541E-01  1.4392E-01
  3.8218E+02  2.2526E-01  1.4398E-01
  3.8253E+02  2.2510E-01  1.4404E-01
  3.8287E+02  2.2495E-01  1.4410E-01
  3.8322E+02  2.2480E-01  1.4416E-01
  3.8356E+02  2.2465E-01  1.4422E-01
  3.8390E+02  2.2450E-01  1.4427E-01
  3.8425E+02  2.2435E-01  1.4433E-01
  3.8459E+02  2.2420E-01  1.4439E-01
  3.8494E+02  2.2405E-01  1.4445E-01
  3.8528E+02  2.2390E-01  1.4450E-01
  3.8562E+02  2.2375E-01  1.4456E-01
  3.8597E+02  2.2360E-01  1.4462E-01
  3.8631E+02  2.2345E-01  1.4467E-01
  3.8666E+02  2.2329E-01  1.4473E-01
  3.8700E+02  2.2314E-01  1.4479E-01
  3.8734E+02  2.2299E-01  1.4484E-01
  3.8769E+02  2.2284E-01  1.4490E-01
  3.8803E+02  2.2269E-01  1.4496E-01
  3.8838E+02  2.2254E-01  1.4501E-01
  3.8872E+02  2.2239E-01  1.4507E-01
  3.8906E+02  2.2224E-01  1.4513E-01
  3.8941E+02  2.2209E-01  1.4518E-01
  3.8975E+02  2.2194E-01  1.4524E-01
  3.9010E+02  2.2179E-01  1.4529E-01
  3.9044E+02  2.2164E-01  1.4535E-01
  3.9078E+02  2.2149E-01  1.4540E-01
  3.9113E+02  2.2134E-01  1.4546E-01
  3.9147E+02  2.2119E-01  1.4551E-01
  3.9182E+02  2.2104E-01  1.4557E-01
  3.9216E+02  2.2089E-01  1.4562E-01
  3.9250E+02  2.2074E-01  1.4568E-01
  3.9285E+02  2.2059E-01  1.4573E-01
  3.9319E+02  2.2044E-01  1.4579E-01
  3.9354E+02  2.2029E-01  1.4584E-01
  3.9388E+02  2.2014E-01  1.4590E-01
  3.9422E+02  2.1999E-01  1.4595E-01
  3.9457E+02  2.1984E-01  1.4601E-01
  3.9491E+02  2.1969E-01  1.4606E-01
  3.9526E+02  2.1954E-01  1.4611E-01
  3.9560E+02  2.1939E-01  1.4617E-01
  3.9594E+02  2.1924E-01  1.4622E-01
  3.9629E+02  2.1909E-01  1.4627E-01
  3.9663E+02  2.1894E-01  1.4633E-01
  3.9698E+02  2.1879E-01  1.4638E-01
  3.9732E+02  2.1864E-01  1.4644E-01
  3.9766E+02  2.1849E-01  1.4649E-01
  3.9801E+02  2.1834E-01  1.4654E-01
  3.9835E+02  2.1819E-01  1.4659E-01
  3.9870E+02  2.1804E-01  1.4665E-01
  3.9904E+02  2.1789E-01  1.4670E-01
  3.9938E+02  2.1774E-01  1.4675E-01
  3.9973E+02  2.1759E-01  1.4681E-01
  4.0007E+02  2.1744E-01  1.4686E-01
  4.0042E+02  2.1729E-01  1.4691E-01
  4.0076E+02  2.1714E-01  1.4696E-01
  4.0110E+02  2.1699E-01  1.4701E-01
  4.0145E+02  2.1684E-01  1.4707E-01
  4.0179E+02  2.1669E-01  1.4712E-01
  4.0214E+02  2.1654E-01  1.4717E-01
  4.0248E+02  2.1639E-01  1.4722E-01
  4.0282E+02  2.1624E-01  1.4727E-01
  4.0317E+02  2.1610E-01  1.4733E-01
  4.0351E+02  2.1595E-01  1.4738E-01
  4.0386E+02  2.1580E-01  1.4743E-01
  4.0420E+02  2.1565E-01  1.4748E-01
  4.0454E+02  2.1550E-01  1.4753E-01
  4.0489E+02  2.1535E-01  1.4758E-01
  4.0523E+02  2.1520E-01  1.4763E-01
  4.0558E+02  2.1505E-01  1.4768E-01
  4.0592E+02  2.1491E-01  1.4773E-01
  4.0626E+02  2.1476E-01  1.4779E-01
  4.0661E+02  2.1461E-01  1.4784E-01
  4.0695E+02  2.1446E-01  1.4789E-01
  4.0730E+02  2.1431E-01  1.4794E-01
  4.0764E+02  2.1416E-01  1.4799E-01
  4.0798E+02  2.1401E-01  1.4804E-01
  4.0833E+02  2.1387E-01  1.4809E-01
  4.0867E+02  2.1372E-01  1.4814E-01
  4.0902E+02  2.1357E-01  1.4819E-01
  4.0936E+02  2.1342E-01  1.4824E-01
  4.0970E+02  2.1327E-01  1.4829E-01
  4.1005E+02  2.1313E-01  1.4834E-01
  4.1039E+02  2.1298E-01  1.4839E-01
  4.1074E+02  2.1283E-01  1.4844E-01
  4.1108E+02  2.1268E-01  1.4849E-01
  4.1142E+02  2.1253E-01  1.4854E-01
  4.1177E+02  2.1239E-01  1.4859E-01
  4.1211E+02  2.1224E-01  1.4863E-01
  4.1246E+02  2.1209E-01  1.4868E-01
  4.1280E+02  2.1194E-01  1.4873E-01
  4.1314E+02  2.1180E-01  1.4878E-01
  4.1349E+02  2.1165E-01  1.4883E-01
  4.1383E+02  2.1150E-01  1.4888E-01
  4.1418E+02  2.1135E-01  1.4893E-01
  4.1452E+02  2.1120E-01  1.4898E-01
  4.1486E+02  2.1106E-01  1.4903E-01
  4.1521E+02  2.1091E-01  1.4907E-01
  4.1555E+02  2.1076E-01  1.4912E-01
  4.1590E+02  2.1062E-01  1.4917E-01
  4.1624E+02  2.1047E-01  1.4922E-01
  4.1658E+02  2.1032E-01  1.4927E-01
  4.1693E+02  2.1017E-01  1.4931E-01
  4.1727E+02  2.1003E-01  1.4936E-01
  4.1762E+02  2.0988E-01  1.4941E-01
  4.1796E+02  2.0973E-01  1.4946E-01
  4.1830E+02  2.0958E-01  1.4951E-01
  4.1865E+02  2.0944E-01  1.4955E-01
  4.1899E+02  2.0929E-01  1.4960E-01
  4.1934E+02  2.0914E-01  1.4965E-01
  4.1968E+02  2.0900E-01  1.4970E-01
  4.2002E+02  2.0885E-01  1.4974E-01
  4.2037E+02  2.0870E-01  1.4979E-01
  4.2071E+02  2.0855E-01  1.4984E-01
  4.2106E+02  2.0841E-01  1.4988E-01
  4.2140E+02  2.0826E-01  1.4993E-01
  4.2174E+02  2.0811E-01  1.4998E-01
  4.2209E+02  2.0797E-01  1.5002E-01
  4.2243E+02  2.0782E-01  1.5007E-01
  4.2278E+02  2.0767E-01  1.5012E-01
  4.2312E+02  2.0752E-01  1.5016E-01
  4.2346E+02  2.0738E-01  1.5021E-01
  4.2381E+02  2.0723E-01  1.5025E-01
  4.2415E+02  2.0708E-01  1.5030E-01
  4.2450E+02  2.0694E-01  1.5035E-01
  4.2484E+02  2.0679E-01  1.5039E-01
  4.2518E+02  2.0664E-01  1.5044E-01
  4.2553E+02  2.0650E-01  1.5048E-01
  4.2587E+02  2.0635E-01  1.5053E-01
  4.2622E+02  2.0620E-01  1.5057E-01
  4.2656E+02  2.0606E-01  1.5062E-01
  4.2690E+02  2.0591E-01  1.5066E-01
  4.2725E+02  2.0576E-01  1.5071E-01
  4.2759E+02  2.0561E-01  1.5075E-01
  4.2794E+02  2.0547E-01  1.5080E-01
  4.2828E+02  2.0532E-01  1.5084E-01
  4.2862E+02  2.0517E-01  1.5089E-01
  4.2897E+02  2.0503E-01  1.5093E-01
  4.2931E+02  2.0488E-01  1.5098E-01
  4.2966E+02  2.0473E-01  1.5102E-01
  4.3000E+02  2.0459E-01  1.5106E-01
  4.3034E+02  2.0444E-01  1.5111E-01
  4.3069E+02  2.0429E-01  1.5115E-01
  4.3103E+02  2.0414E-01  1.5120E-01
  4.3138E+02  2.0400E-01  1.5124E-01
  4.3172E+02  2.0385E-01  1.5128E-01
  4.3206E+02  2.0370E-01  1.5133E-01
  4.3241E+02  2.0356E-01  1.5137E-01
  4.3275E+02  2.0341E-01  1.5141E-01
  4.3310E+02  2.0326E-01  1.5146E-01
  4.3344E+02  2.0312E-01  1.5150E-01
  4.3378E+02  2.0297E-01  1.5154E-01
  4.3413E+02  2.0282E-01  1.5159E-01
  4.3447E+02  2.0268E-01  1.5163E-01
  4.3482E+02  2.0253E-01  1.5167E-01
  4.3516E+02  2.0238E-01  1.5172E-01
  4.3550E+02  2.0224E-01  1.5176E-01
  4.3585E+02  2.0209E-01  1.5180E-01
  4.3619E+02  2.0194E-01  1.5184E-01
  4.3654E+02  2.0180E-01  1.5189E-01
  4.3688E+02  2.0165E-01  1.5193E-01
  4.3722E+02  2.0150E-01  1.5197E-01
  4.3757E+02  2.0136E-01  1.5201E-01
  4.3791E+02  2.0121E-01  1.5205E-01
  4.3826E+02  2.0106E-01  1.5210E-01
  4.3860E+02  2.0092E-01  1.5214E-01
  4.3894E+02  2.0077E-01  1.5218E-01
  4.3929E+02  2.0062E-01  1.5222E-01
  4.3963E+02  2.0048E-01  1.5226E-01
  4.3998E+02  2.0033E-01  1.5230E-01
  4.4032E+02  2.0018E-01  1.5235E-01
  4.4066E+02  2.0004E-01  1.5239E-01
  4.4101E+02  1.9989E-01  1.5243E-01
  4.4135E+02  1.9974E-01  1.5247E-01
  4.4170E+02  1.9960E-01  1.5251E-01
  4.4204E+02  1.9945E-01  1.5255E-01
  4.4238E+02  1.9930E-01  1.5259E-01
  4.4273E+02  1.9916E-01  1.5263E-01
  4.4307E+02  1.9901E-01  1.5267E-01
  4.4342E+02  1.9886E-01  1.5271E-01
  4.4376E+02  1.9872E-01  1.5275E-01
  4.4410E+02  1.9857E-01  1.5279E-01
  4.4445E+02  1.9842E-01  1.5283E-01
  4.4479E+02  1.9828E-01  1.5287E-01
  4.4514E+02  1.9813E-01  1.5291E-01
  4.4548E+02  1.9798E-01  1.5295E-01
  4.4582E+02  1.9784E-01  1.5299E-01
  4.4617E+02  1.9769E-01  1.5303E-01
  4.4651E+02  1.9754E-01  1.5307E-01
  4.4686E+02  1.9740E-01  1.5311E-01
  4.4720E+02  1.9725E-01  1.5315E-01
  4.4754E+02  1.9710E-01  1.5319E-01
  4.4789E+02  1.9696E-01  1.5323E-01
  4.4823E+02  1.9681E-01  1.5327E-01
  4.4858E+02  1.9666E-01  1.5330E-01
  4.4892E+02  1.9652E-01  1.5334E-01
  4.4926E+02  1.9637E-01  1.5338E-01
  4.4961E+02  1.9623E-01  1.5342E-01
  4.4995E+02  1.9608E-01  1.5346E-01
  4.5030E+02  1.9593E-01  1.5350E-01
  4.5064E+02  1.9579E-01  1.5354E-01
  4.5098E+02  1.9564E-01  1.5357E-01
  4.5133E+02  1.9549E-01  1.5361E-01
  4.5167E+02  1.9535E-01  1.5365E-01
  4.5202E+02  1.9520E-01  1.5369E-01
  4.5236E+02  1.9505E-01  1.5373E-01
  4.5270E+02  1.9491E-01  1.5376E-01
  4.5305E+02  1.9476E-01  1.5380E-01
  4.5339E+02  1.9462E-01  1.5384E-01
  4.5374E+02  1.9447E-01  1.5387E-01
  4.5408E+02  1.9432E-01  1.5391E-01
  4.5442E+02  1.9418E-01  1.5395E-01
  4.5477E+02  1.9403E-01  1.5399E-01
  4.5511E+02  1.9389E-01  1.5402E-01
  4.5546E+02  1.9374E-01  1.5406E-01
  4.5580E+02  1.9359E-01  1.5410E-01
  4.5614E+02  1.9345E-01  1.5413E-01
  4.5649E+02  1.9330E-01  1.5417E-01
  4.5683E+02  1.9316E-01  1.5421E-01
  4.5718E+02  1.9301E-01  1.5424E-01
  4.5752E+02  1.9286E-01  1.5428E-01
  4.5786E+02  1.9272E-01  1.5431E-01
  4.5821E+02  1.9257E-01  1.5435E-01
  4.5855E+02  1.9243E-01  1.5439E-01
  4.5890E+02  1.9228E-01  1.5442E-01
  4.5924E+02  1.9214E-01  1.5446E-01
  4.5958E+02  1.9199E-01  1.5449E-01
  4.5993E+02  1.9184E-01  1.5453E-01
  4.6027E+02  1.9170E-01  1.5456E-01
  4.6062E+02  1.9155E-01  1.5460E-01
  4.6096E+02  1.9141E-01  1.5463E-01
  4.6130E+02  1.9126E-01  1.5467E-01
  4.6165E+02  1.9112E-01  1.5470E-01
  4.6199E+02  1.9097E-01  1.5474E-01
  4.6234E+02  1.9083E-01  1.5477E-01
  4.6268E+02  1.9068E-01  1.5481E-01
  4.6302E+02  1.9053E-01  1.5484E-01
  4.6337E+02  1.9039E-01  1.5488E-01
  4.6371E+02  1.9024E-01  1.5491E-01
  4.6406E+02  1.9010E-01  1.5495E-01
  4.6440E+02  1.8995E-01  1.5498E-01
  4.6474E+02  1.8981E-01  1.5502E-01
  4.6509E+02  1.8966E-01  1.5505E-01
  4.6543E+02  1.8952E-01  1.5508E-01
  4.6578E+02  1.8937E-01  1.5512E-01
  4.6612E+02  1.8923E-01  1.5515E-01
  4.6646E+02  1.8908E-01  1.5518E-01
  4.6681E+02  1.8894E-01  1.5522E-01
  4.6715E+02  1.8879E-01  1.5525E-01
  4.6750E+02  1.8865E-01  1.5528E-01
  4.6784E+02  1.8850E-01  1.5532E-01
  4.6818E+02  1.8836E-01  1.5535E-01
  4.6853E+02  1.8821E-01  1.5538E-01
  4.6887E+02  1.8807E-01  1.5542E-01
  4.6922E+02  1.8792E-01  1.5545E-01
  4.6956E+02  1.8778E-01  1.5548E-01
  4.6990E+02  1.8763E-01  1.5552E-01
  4.7025E+02  1.8749E-01  1.5555E-01
  4.7059E+02  1.8734E-01  1.5558E-01
  4.7094E+02  1.8720E-01  1.5561E-01
  4.7128E+02  1.8705E-01  1.5565E-01
  4.7162E+02  1.8691E-01  1.5568E-01
  4.7197E+02  1.8677E-01  1.5571E-01
  4.7231E+02  1.8662E-01  1.5574E-01
  4.7266E+02  1.8648E-01  1.5577E-01
  4.7300E+02  1.8633E-01  1.5581E-01
  4.7334E+02  1.8619E-01  1.5584E-01
  4.7369E+02  1.8604E-01  1.5587E-01
  4.7403E+02  1.8590E-01  1.5590E-01
  4.7438E+02  1.8575E-01  1.5593E-01
  4.7472E+02  1.8561E-01  1.5596E-01
  4.7506E+02  1.8546E-01  1.5599E-01
  4.7541E+02  1.8532E-01  1.5603E-01
  4.7575E+02  1.8518E-01  1.5606E-01
  4.7610E+02  1.8503E-01  1.5609E-01
  4.7644E+02  1.8489E-01  1.5612E-01
  4.7678E+02  1.8474E-01  1.5615E-01
  4.7713E+02  1.8460E-01  1.5618E-01
  4.7747E+02  1.8446E-01  1.5621E-01
  4.7782E+02  1.8431E-01  1.5624E-01
  4.7816E+02  1.8417E-01  1.5627E-01
  4.7850E+02  1.8402E-01  1.5630E-01
  4.7885E+02  1.8388E-01  1.5633E-01
  4.7919E+02  1.8374E-01  1.5636E-01
  4.7954E+02  1.8359E-01  1.5639E-01
  4.7988E+02  1.8345E-01  1.5642E-01
  4.8022E+02  1.8330E-01  1.5645E-01
  4.8057E+02  1.8316E-01  1.5648E-01
  4.8091E+02  1.8302E-01  1.5651E-01
  4.8126E+02  1.8287E-01  1.5654E-01
  4.8160E+02  1.8273E-01  1.5657E-01
  4.8194E+02  1.8259E-01  1.5660E-01
  4.8229E+02  1.8244E-01  1.5663E-01
  4.8263E+02  1.8230E-01  1.5666E-01
  4.8298E+02  1.8215E-01  1.5669E-01
  4.8332E+02  1.8201E-01  1.5672E-01
  4.8366E+02  1.8187E-01  1.5674E-01
  4.8401E+02  1.8172E-01  1.5677E-01
  4.8435E+02  1.8158E-01  1.5680E-01
  4.8470E+02  1.8144E-01  1.5683E-01
  4.8504E+02  1.8129E-01  1.5686E-01
  4.8538E+02  1.8115E-01  1.5689E-01
  4.8573E+02  1.8101E-01  1.5692E-01
  4.8607E+02  1.8087E-01  1.5694E-01
  4.8642E+02  1.8072E-01  1.5697E-01
  4.8676E+02  1.8058E-01  1.5700E-01
  4.8710E+02  1.8044E-01  1.5703E-01
  4.8745E+02  1.8029E-01  1.5706E-01
  4.8779E+02  1.8015E-01  1.5708E-01
  4.8814E+02  1.8001E-01  1.5711E-01
  4.8848E+02  1.7986E-01  1.5714E-01
  4.8882E+02  1.7972E-01  1.5717E-01
  4.8917E+02  1.7958E-01  1.5719E-01
  4.8951E+02  1.7944E-01  1.5722E-01
  4.8986E+02  1.7929E-01  1.5725E-01
  4.9020E+02  1.7915E-01  1.5728E-01
  4.9054E+02  1.7901E-01  1.5730E-01
  4.9089E+02  1.7887E-01  1.5733E-01
  4.9123E+02  1.7872E-01  1.5736E-01
  4.9158E+02  1.7858E-01  1.5738E-01
  4.9192E+02  1.7844E-01  1.5741E-01
  4.9226E+02  1.7830E-01  1.5744E-01
  4.9261E+02  1.7815E-01  1.5746E-01
  4.9295E+02  1.7801E-01  1.5749E-01
  4.9330E+02  1.7787E-01  1.5752E-01
  4.9364E+02  1.7773E-01  1.5754E-01
  4.9398E+02  1.7759E-01  1.5757E-01
  4.9433E+02  1.7744E-01  1.5759E-01
  4.9467E+02  1.7730E-01  1.5762E-01
  4.9502E+02  1.7716E-01  1.5765E-01
  4.9536E+02  1.7702E-01  1.5767E-01
  4.9570E+02  1.7688E-01  1.5770E-01
  4.9605E+02  1.7674E-01  1.5772E-01
  4.9639E+02  1.7659E-01  1.5775E-01
  4.9674E+02  1.7645E-01  1.5777E-01
  4.9708E+02  1.7631E-01  1.5780E-01
  4.9742E+02  1.7617E-01  1.5782E-01
  4.9777E+02  1.7603E-01  1.5785E-01
  4.9811E+02  1.7589E-01  1.5787E-01
  4.9846E+02  1.7574E-01  1.5790E-01
  4.9880E+02  1.7560E-01  1.5792E-01
