# CREATED BY GENE DIAGNOSTICS TOOL on Fri Mar  1 16:16:56 2019
# diag: nrgphas, run(s): act, time window: 0-753.41303(1 steps), species: ions
# original data path: /ptmp/cmor/IFERC/W7Xhms05/ITGa_NL/omt2_P/
# normalization: L_ref=1.65m
#
 -1.1676E-21
  1.0499E-01
  2.0939E-01
  3.1258E-01
  4.1328E-01
  5.0677E-01
  5.9685E-01
  6.8285E-01
  7.6106E-01
  8.3414E-01
  9.0295E-01
  9.6774E-01
  1.0289E+00
  1.0868E+00
  1.1417E+00
  1.1925E+00
  1.2421E+00
  1.2911E+00
  1.3400E+00
  1.3877E+00
  1.4354E+00
  1.4843E+00
  1.5348E+00
  1.5869E+00
  1.6387E+00
  1.6926E+00
  1.7489E+00
  1.8078E+00
  1.8668E+00
  1.9277E+00
  1.9912E+00
  2.0574E+00
  2.1239E+00
  2.1918E+00
  2.2621E+00
  2.3350E+00
  2.4081E+00
  2.4819E+00
  2.5579E+00
  2.6362E+00
  2.7150E+00
  2.7933E+00
  2.8736E+00
  2.9559E+00
  3.0380E+00
  3.1197E+00
  3.2033E+00
  3.2886E+00
  3.3713E+00
  3.4556E+00
  3.5415E+00
  3.6292E+00
  3.7143E+00
  3.8006E+00
  3.8884E+00
  3.9777E+00
  4.0653E+00
  4.1530E+00
  4.2420E+00
  4.3324E+00
  4.4210E+00
  4.5094E+00
  4.5990E+00
  4.6899E+00
  4.7820E+00
  4.8706E+00
  4.9603E+00
  5.0511E+00
  5.1387E+00
  5.2268E+00
  5.3159E+00
  5.4013E+00
  5.4875E+00
  5.5745E+00
  5.6582E+00
  5.7421E+00
  5.8263E+00
  5.9070E+00
  5.9844E+00
  6.0596E+00
  6.1328E+00
  6.2032E+00
  6.2727E+00
  6.3402E+00
  6.4062E+00
  6.4721E+00
  6.5380E+00
  6.6038E+00
  6.6695E+00
  6.7350E+00
  6.7990E+00
  6.8602E+00
  6.9207E+00
  6.9804E+00
  7.0394E+00
  7.0976E+00
  7.1534E+00
  7.2072E+00
  7.2587E+00
  7.3085E+00
  7.3576E+00
  7.4061E+00
  7.4538E+00
  7.5008E+00
  7.5470E+00
  7.5917E+00
  7.6336E+00
  7.6743E+00
  7.7138E+00
  7.7523E+00
  7.7896E+00
  7.8252E+00
  7.8591E+00
  7.8914E+00
  7.9218E+00
  7.9504E+00
  7.9772E+00
  8.0015E+00
  8.0233E+00
  8.0435E+00
  8.0611E+00
  8.0764E+00
  8.0899E+00
  8.1009E+00
  8.1099E+00
  8.1171E+00
  8.1230E+00
  8.1280E+00
  8.1315E+00
  8.1334E+00
  8.1337E+00
  8.1322E+00
  8.1292E+00
  8.1246E+00
  8.1186E+00
  8.1114E+00
  8.1030E+00
  8.0938E+00
  8.0835E+00
  8.0718E+00
  8.0582E+00
  8.0426E+00
  8.0251E+00
  8.0058E+00
  7.9851E+00
  7.9635E+00
  7.9416E+00
  7.9193E+00
  7.8958E+00
  7.8708E+00
  7.8443E+00
  7.8164E+00
  7.7873E+00
  7.7576E+00
  7.7283E+00
  7.6993E+00
  7.6708E+00
  7.6431E+00
  7.6153E+00
  7.5880E+00
  7.5616E+00
  7.5364E+00
  7.5115E+00
  7.4863E+00
  7.4602E+00
  7.4329E+00
  7.4053E+00
  7.3777E+00
  7.3485E+00
  7.3188E+00
  7.2901E+00
  7.2625E+00
  7.2349E+00
  7.2064E+00
  7.1774E+00
  7.1478E+00
  7.1189E+00
  7.0904E+00
  7.0622E+00
  7.0340E+00
  7.0054E+00
  6.9760E+00
  6.9454E+00
  6.9136E+00
  6.8804E+00
  6.8471E+00
  6.8153E+00
  6.7848E+00
  6.7539E+00
  6.7233E+00
  6.6937E+00
  6.6651E+00
  6.6366E+00
  6.6087E+00
  6.5814E+00
  6.5543E+00
  6.5264E+00
  6.4982E+00
  6.4708E+00
  6.4445E+00
  6.4189E+00
  6.3937E+00
  6.3685E+00
  6.3432E+00
  6.3183E+00
  6.2937E+00
  6.2693E+00
  6.2452E+00
  6.2208E+00
  6.1955E+00
  6.1691E+00
  6.1432E+00
  6.1174E+00
  6.0927E+00
  6.0690E+00
  6.0446E+00
  6.0198E+00
  5.9953E+00
  5.9716E+00
  5.9485E+00
  5.9252E+00
  5.9016E+00
  5.8786E+00
  5.8560E+00
  5.8328E+00
  5.8088E+00
  5.7844E+00
  5.7601E+00
  5.7361E+00
  5.7126E+00
  5.6899E+00
  5.6680E+00
  5.6469E+00
  5.6259E+00
  5.6039E+00
  5.5812E+00
  5.5585E+00
  5.5361E+00
  5.5140E+00
  5.4920E+00
  5.4696E+00
  5.4468E+00
  5.4238E+00
  5.4006E+00
  5.3763E+00
  5.3520E+00
  5.3280E+00
  5.3040E+00
  5.2797E+00
  5.2552E+00
  5.2306E+00
  5.2058E+00
  5.1811E+00
  5.1562E+00
  5.1302E+00
  5.1038E+00
  5.0772E+00
  5.0507E+00
  5.0241E+00
  4.9976E+00
  4.9713E+00
  4.9454E+00
  4.9203E+00
  4.8962E+00
  4.8722E+00
  4.8486E+00
  4.8259E+00
  4.8039E+00
  4.7823E+00
  4.7610E+00
  4.7404E+00
  4.7200E+00
  4.6995E+00
  4.6789E+00
  4.6575E+00
  4.6357E+00
  4.6140E+00
  4.5924E+00
  4.5711E+00
  4.5500E+00
  4.5291E+00
  4.5083E+00
  4.4880E+00
  4.4681E+00
  4.4479E+00
  4.4274E+00
  4.4069E+00
  4.3864E+00
  4.3659E+00
  4.3450E+00
  4.3241E+00
  4.3034E+00
  4.2832E+00
  4.2636E+00
  4.2440E+00
  4.2249E+00
  4.2066E+00
  4.1888E+00
  4.1714E+00
  4.1542E+00
  4.1374E+00
  4.1213E+00
  4.1059E+00
  4.0911E+00
  4.0761E+00
  4.0611E+00
  4.0462E+00
  4.0315E+00
  4.0170E+00
  4.0029E+00
  3.9892E+00
  3.9758E+00
  3.9626E+00
  3.9496E+00
  3.9361E+00
  3.9226E+00
  3.9093E+00
  3.8960E+00
  3.8828E+00
  3.8697E+00
  3.8569E+00
  3.8444E+00
  3.8322E+00
  3.8200E+00
  3.8081E+00
  3.7965E+00
  3.7851E+00
  3.7738E+00
  3.7623E+00
  3.7508E+00
  3.7393E+00
  3.7276E+00
  3.7160E+00
  3.7043E+00
  3.6924E+00
  3.6796E+00
  3.6666E+00
  3.6533E+00
  3.6400E+00
  3.6266E+00
  3.6130E+00
  3.5993E+00
  3.5855E+00
  3.5714E+00
  3.5574E+00
  3.5433E+00
  3.5292E+00
  3.5151E+00
  3.5010E+00
  3.4869E+00
  3.4727E+00
  3.4587E+00
  3.4448E+00
  3.4313E+00
  3.4181E+00
  3.4050E+00
  3.3921E+00
  3.3792E+00
  3.3664E+00
  3.3538E+00
  3.3413E+00
  3.3289E+00
  3.3164E+00
  3.3040E+00
  3.2917E+00
  3.2791E+00
  3.2664E+00
  3.2537E+00
  3.2410E+00
  3.2287E+00
  3.2169E+00
  3.2054E+00
  3.1940E+00
  3.1828E+00
  3.1717E+00
  3.1603E+00
  3.1487E+00
  3.1371E+00
  3.1257E+00
  3.1145E+00
  3.1033E+00
  3.0922E+00
  3.0814E+00
  3.0709E+00
  3.0606E+00
  3.0506E+00
  3.0407E+00
  3.0308E+00
  3.0210E+00
  3.0112E+00
  3.0011E+00
  2.9912E+00
  2.9814E+00
  2.9718E+00
  2.9625E+00
  2.9537E+00
  2.9452E+00
  2.9371E+00
  2.9293E+00
  2.9216E+00
  2.9140E+00
  2.9064E+00
  2.8987E+00
  2.8908E+00
  2.8829E+00
  2.8751E+00
  2.8673E+00
  2.8597E+00
  2.8524E+00
  2.8453E+00
  2.8383E+00
  2.8315E+00
  2.8248E+00
  2.8181E+00
  2.8117E+00
  2.8055E+00
  2.7993E+00
  2.7932E+00
  2.7871E+00
  2.7810E+00
  2.7748E+00
  2.7685E+00
  2.7620E+00
  2.7555E+00
  2.7490E+00
  2.7427E+00
  2.7366E+00
  2.7308E+00
  2.7255E+00
  2.7206E+00
  2.7160E+00
  2.7115E+00
  2.7071E+00
  2.7028E+00
  2.6984E+00
  2.6939E+00
  2.6893E+00
  2.6845E+00
  2.6796E+00
  2.6746E+00
  2.6697E+00
  2.6649E+00
  2.6602E+00
  2.6557E+00
  2.6515E+00
  2.6473E+00
  2.6433E+00
  2.6394E+00
  2.6359E+00
  2.6327E+00
  2.6297E+00
  2.6269E+00
  2.6245E+00
  2.6226E+00
  2.6209E+00
  2.6195E+00
  2.6183E+00
  2.6171E+00
  2.6160E+00
  2.6150E+00
  2.6143E+00
  2.6137E+00
  2.6133E+00
  2.6129E+00
  2.6125E+00
  2.6122E+00
  2.6120E+00
  2.6121E+00
  2.6124E+00
  2.6130E+00
  2.6141E+00
  2.6154E+00
  2.6168E+00
  2.6182E+00
  2.6195E+00
  2.6209E+00
  2.6225E+00
  2.6240E+00
  2.6254E+00
  2.6264E+00
  2.6271E+00
  2.6275E+00
  2.6277E+00
  2.6278E+00
  2.6278E+00
  2.6278E+00
  2.6279E+00
  2.6280E+00
  2.6282E+00
  2.6283E+00
  2.6285E+00
  2.6287E+00
  2.6291E+00
  2.6296E+00
  2.6302E+00
  2.6309E+00
  2.6318E+00
  2.6328E+00
  2.6339E+00
  2.6352E+00
  2.6366E+00
  2.6380E+00
  2.6393E+00
  2.6406E+00
  2.6419E+00
  2.6434E+00
  2.6450E+00
  2.6469E+00
  2.6492E+00
  2.6520E+00
  2.6552E+00
  2.6590E+00
  2.6631E+00
  2.6675E+00
  2.6722E+00
  2.6769E+00
  2.6819E+00
  2.6870E+00
  2.6924E+00
  2.6980E+00
  2.7039E+00
  2.7101E+00
  2.7168E+00
  2.7237E+00
  2.7309E+00
  2.7383E+00
  2.7458E+00
  2.7534E+00
  2.7614E+00
  2.7698E+00
  2.7786E+00
  2.7877E+00
  2.7971E+00
  2.8071E+00
  2.8173E+00
  2.8277E+00
  2.8381E+00
  2.8487E+00
  2.8595E+00
  2.8704E+00
  2.8814E+00
  2.8925E+00
  2.9039E+00
  2.9157E+00
  2.9279E+00
  2.9405E+00
  2.9533E+00
  2.9660E+00
  2.9784E+00
  2.9909E+00
  3.0029E+00
  3.0151E+00
  3.0275E+00
  3.0399E+00
  3.0520E+00
  3.0637E+00
  3.0750E+00
  3.0858E+00
  3.0962E+00
  3.1064E+00
  3.1168E+00
  3.1274E+00
  3.1381E+00
  3.1484E+00
  3.1579E+00
  3.1669E+00
  3.1753E+00
  3.1831E+00
  3.1906E+00
  3.1982E+00
  3.2061E+00
  3.2140E+00
  3.2219E+00
  3.2295E+00
  3.2363E+00
  3.2423E+00
  3.2477E+00
  3.2527E+00
  3.2569E+00
  3.2602E+00
  3.2626E+00
  3.2639E+00
  3.2645E+00
  3.2642E+00
  3.2629E+00
  3.2607E+00
  3.2574E+00
  3.2531E+00
  3.2480E+00
  3.2428E+00
  3.2372E+00
  3.2309E+00
  3.2240E+00
  3.2165E+00
  3.2085E+00
  3.2002E+00
  3.1914E+00
  3.1822E+00
  3.1727E+00
  3.1629E+00
  3.1525E+00
  3.1415E+00
  3.1300E+00
  3.1182E+00
  3.1064E+00
  3.0946E+00
  3.0830E+00
  3.0713E+00
  3.0593E+00
  3.0470E+00
  3.0346E+00
  3.0222E+00
  3.0095E+00
  2.9966E+00
  2.9837E+00
  2.9706E+00
  2.9576E+00
  2.9448E+00
  2.9322E+00
  2.9192E+00
  2.9058E+00
  2.8924E+00
  2.8794E+00
  2.8670E+00
  2.8549E+00
  2.8435E+00
  2.8327E+00
  2.8224E+00
  2.8124E+00
  2.8029E+00
  2.7937E+00
  2.7848E+00
  2.7763E+00
  2.7682E+00
  2.7605E+00
  2.7531E+00
  2.7462E+00
  2.7396E+00
  2.7334E+00
  2.7274E+00
  2.7215E+00
  2.7154E+00
  2.7089E+00
  2.7020E+00
  2.6950E+00
  2.6879E+00
  2.6811E+00
  2.6745E+00
  2.6681E+00
  2.6618E+00
  2.6555E+00
  2.6494E+00
  2.6435E+00
  2.6379E+00
  2.6324E+00
  2.6270E+00
  2.6217E+00
  2.6165E+00
  2.6114E+00
  2.6060E+00
  2.6005E+00
  2.5950E+00
  2.5894E+00
  2.5840E+00
  2.5787E+00
  2.5733E+00
  2.5678E+00
  2.5621E+00
  2.5559E+00
  2.5494E+00
  2.5424E+00
  2.5351E+00
  2.5274E+00
  2.5194E+00
  2.5111E+00
  2.5027E+00
  2.4946E+00
  2.4869E+00
  2.4792E+00
  2.4717E+00
  2.4642E+00
  2.4567E+00
  2.4490E+00
  2.4414E+00
  2.4338E+00
  2.4265E+00
  2.4193E+00
  2.4122E+00
  2.4052E+00
  2.3985E+00
  2.3921E+00
  2.3861E+00
  2.3802E+00
  2.3740E+00
  2.3678E+00
  2.3618E+00
  2.3558E+00
  2.3499E+00
  2.3441E+00
  2.3384E+00
  2.3327E+00
  2.3271E+00
  2.3217E+00
  2.3163E+00
  2.3110E+00
  2.3059E+00
  2.3011E+00
  2.2965E+00
  2.2920E+00
  2.2877E+00
  2.2836E+00
  2.2796E+00
  2.2759E+00
  2.2723E+00
  2.2688E+00
  2.2653E+00
  2.2617E+00
  2.2582E+00
  2.2545E+00
  2.2508E+00
  2.2471E+00
  2.2436E+00
  2.2403E+00
  2.2371E+00
  2.2341E+00
  2.2312E+00
  2.2283E+00
  2.2253E+00
  2.2223E+00
  2.2194E+00
  2.2166E+00
  2.2137E+00
  2.2108E+00
  2.2076E+00
  2.2041E+00
  2.2004E+00
  2.1966E+00
  2.1930E+00
  2.1894E+00
  2.1861E+00
  2.1832E+00
  2.1806E+00
  2.1781E+00
  2.1756E+00
  2.1731E+00
  2.1706E+00
  2.1679E+00
  2.1653E+00
  2.1624E+00
  2.1596E+00
  2.1570E+00
  2.1547E+00
  2.1526E+00
  2.1508E+00
  2.1491E+00
  2.1476E+00
  2.1462E+00
  2.1447E+00
  2.1429E+00
  2.1408E+00
  2.1383E+00
  2.1355E+00
  2.1325E+00
  2.1293E+00
  2.1260E+00
  2.1226E+00
  2.1192E+00
  2.1157E+00
  2.1123E+00
  2.1090E+00
  2.1060E+00
  2.1029E+00
  2.0997E+00
  2.0965E+00
  2.0932E+00
  2.0899E+00
  2.0865E+00
  2.0829E+00
  2.0791E+00
  2.0755E+00
  2.0721E+00
  2.0690E+00
  2.0662E+00
  2.0638E+00
  2.0616E+00
  2.0596E+00
  2.0579E+00
  2.0561E+00
  2.0543E+00
  2.0524E+00
  2.0505E+00
  2.0485E+00
  2.0465E+00
  2.0444E+00
  2.0424E+00
  2.0405E+00
  2.0385E+00
  2.0365E+00
  2.0344E+00
  2.0322E+00
  2.0301E+00
  2.0278E+00
  2.0256E+00
  2.0232E+00
  2.0209E+00
  2.0185E+00
  2.0160E+00
  2.0132E+00
  2.0103E+00
  2.0072E+00
  2.0040E+00
  2.0005E+00
  1.9970E+00
  1.9934E+00
  1.9898E+00
  1.9859E+00
  1.9820E+00
  1.9783E+00
  1.9752E+00
  1.9725E+00
  1.9698E+00
  1.9673E+00
  1.9648E+00
  1.9623E+00
  1.9598E+00
  1.9574E+00
  1.9550E+00
  1.9527E+00
  1.9505E+00
  1.9483E+00
  1.9462E+00
  1.9442E+00
  1.9423E+00
  1.9405E+00
  1.9389E+00
  1.9374E+00
  1.9359E+00
  1.9345E+00
  1.9332E+00
  1.9319E+00
  1.9307E+00
  1.9297E+00
  1.9289E+00
  1.9284E+00
  1.9281E+00
  1.9280E+00
  1.9280E+00
  1.9282E+00
  1.9286E+00
  1.9292E+00
  1.9300E+00
  1.9308E+00
  1.9317E+00
  1.9326E+00
  1.9336E+00
  1.9346E+00
  1.9358E+00
  1.9369E+00
  1.9381E+00
  1.9394E+00
  1.9407E+00
  1.9421E+00
  1.9433E+00
  1.9444E+00
  1.9454E+00
  1.9463E+00
  1.9471E+00
  1.9479E+00
  1.9484E+00
  1.9488E+00
  1.9489E+00
  1.9487E+00
  1.9484E+00
  1.9482E+00
  1.9479E+00
  1.9475E+00
  1.9471E+00
  1.9466E+00
  1.9460E+00
  1.9453E+00
  1.9448E+00
  1.9443E+00
  1.9441E+00
  1.9440E+00
  1.9440E+00
  1.9442E+00
  1.9446E+00
  1.9451E+00
  1.9458E+00
  1.9467E+00
  1.9477E+00
  1.9488E+00
  1.9500E+00
  1.9514E+00
  1.9529E+00
  1.9544E+00
  1.9558E+00
  1.9572E+00
  1.9584E+00
  1.9596E+00
  1.9607E+00
  1.9618E+00
  1.9629E+00
  1.9640E+00
  1.9651E+00
  1.9663E+00
  1.9675E+00
  1.9688E+00
  1.9701E+00
  1.9715E+00
  1.9731E+00
  1.9748E+00
  1.9766E+00
  1.9788E+00
  1.9814E+00
  1.9844E+00
  1.9878E+00
  1.9914E+00
  1.9952E+00
  1.9993E+00
  2.0036E+00
  2.0082E+00
  2.0130E+00
  2.0182E+00
  2.0236E+00
  2.0294E+00
  2.0353E+00
  2.0412E+00
  2.0472E+00
  2.0532E+00
  2.0593E+00
  2.0655E+00
  2.0718E+00
  2.0782E+00
  2.0847E+00
  2.0911E+00
  2.0977E+00
  2.1043E+00
  2.1111E+00
  2.1179E+00
  2.1245E+00
  2.1310E+00
  2.1373E+00
  2.1434E+00
  2.1495E+00
  2.1554E+00
  2.1613E+00
  2.1673E+00
  2.1733E+00
  2.1793E+00
  2.1851E+00
  2.1907E+00
  2.1960E+00
  2.2010E+00
  2.2056E+00
  2.2100E+00
  2.2142E+00
  2.2184E+00
  2.2226E+00
  2.2267E+00
  2.2307E+00
  2.2347E+00
  2.2387E+00
  2.2426E+00
  2.2465E+00
  2.2502E+00
  2.2539E+00
  2.2577E+00
  2.2614E+00
  2.2650E+00
  2.2687E+00
  2.2725E+00
  2.2764E+00
  2.2804E+00
  2.2845E+00
  2.2887E+00
  2.2930E+00
  2.2972E+00
  2.3015E+00
  2.3058E+00
  2.3102E+00
  2.3145E+00
  2.3189E+00
  2.3231E+00
  2.3270E+00
  2.3306E+00
  2.3339E+00
  2.3370E+00
  2.3400E+00
  2.3431E+00
  2.3462E+00
  2.3493E+00
  2.3524E+00
  2.3553E+00
  2.3581E+00
  2.3607E+00
  2.3632E+00
  2.3656E+00
  2.3679E+00
  2.3699E+00
  2.3719E+00
  2.3738E+00
  2.3757E+00
  2.3776E+00
  2.3796E+00
  2.3816E+00
  2.3837E+00
  2.3861E+00
  2.3888E+00
  2.3915E+00
  2.3945E+00
  2.3977E+00
  2.4008E+00
  2.4040E+00
  2.4072E+00
  2.4106E+00
  2.4142E+00
  2.4180E+00
  2.4222E+00
  2.4265E+00
  2.4311E+00
  2.4357E+00
  2.4404E+00
  2.4451E+00
  2.4497E+00
  2.4543E+00
  2.4588E+00
  2.4631E+00
  2.4670E+00
  2.4704E+00
  2.4733E+00
  2.4755E+00
  2.4773E+00
  2.4788E+00
  2.4800E+00
  2.4810E+00
  2.4820E+00
  2.4830E+00
  2.4840E+00
  2.4849E+00
  2.4857E+00
  2.4861E+00
  2.4863E+00
  2.4860E+00
  2.4854E+00
  2.4843E+00
  2.4829E+00
  2.4811E+00
  2.4792E+00
  2.4770E+00
  2.4745E+00
  2.4717E+00
  2.4687E+00
  2.4657E+00
  2.4627E+00
  2.4598E+00
  2.4569E+00
  2.4542E+00
  2.4516E+00
  2.4492E+00
  2.4470E+00
  2.4450E+00
  2.4432E+00
  2.4415E+00
  2.4399E+00
  2.4386E+00
  2.4373E+00
  2.4363E+00
  2.4353E+00
  2.4344E+00
  2.4335E+00
  2.4329E+00
  2.4327E+00
  2.4328E+00
  2.4330E+00
  2.4334E+00
  2.4339E+00
  2.4348E+00
  2.4358E+00
  2.4368E+00
  2.4378E+00
  2.4388E+00
  2.4399E+00
  2.4411E+00
  2.4422E+00
  2.4434E+00
  2.4445E+00
  2.4457E+00
  2.4470E+00
  2.4485E+00
  2.4502E+00
  2.4521E+00
  2.4542E+00
  2.4565E+00
  2.4590E+00
  2.4617E+00
  2.4646E+00
  2.4676E+00
  2.4706E+00
  2.4736E+00
  2.4766E+00
  2.4796E+00
  2.4825E+00
  2.4852E+00
  2.4878E+00
  2.4903E+00
  2.4927E+00
  2.4951E+00
  2.4975E+00
  2.5000E+00
  2.5026E+00
  2.5053E+00
  2.5081E+00
  2.5109E+00
  2.5136E+00
  2.5163E+00
  2.5191E+00
  2.5219E+00
  2.5250E+00
  2.5283E+00
  2.5320E+00
  2.5362E+00
  2.5409E+00
  2.5461E+00
  2.5517E+00
  2.5577E+00
  2.5638E+00
  2.5701E+00
  2.5762E+00
  2.5820E+00
  2.5876E+00
  2.5930E+00
  2.5980E+00
  2.6027E+00
  2.6070E+00
  2.6107E+00
  2.6140E+00
  2.6166E+00
  2.6187E+00
  2.6203E+00
  2.6216E+00
  2.6226E+00
  2.6233E+00
  2.6236E+00
  2.6237E+00
  2.6235E+00
  2.6232E+00
  2.6228E+00
  2.6222E+00
  2.6214E+00
  2.6205E+00
  2.6194E+00
  2.6181E+00
  2.6165E+00
  2.6146E+00
  2.6126E+00
  2.6105E+00
  2.6084E+00
  2.6066E+00
  2.6048E+00
  2.6029E+00
  2.6009E+00
  2.5988E+00
  2.5964E+00
  2.5939E+00
  2.5912E+00
  2.5884E+00
  2.5855E+00
  2.5826E+00
  2.5800E+00
  2.5775E+00
  2.5751E+00
  2.5727E+00
  2.5703E+00
  2.5678E+00
  2.5652E+00
  2.5627E+00
  2.5603E+00
  2.5578E+00
  2.5552E+00
  2.5525E+00
  2.5497E+00
  2.5466E+00
  2.5431E+00
  2.5391E+00
  2.5349E+00
  2.5307E+00
  2.5264E+00
  2.5222E+00
  2.5183E+00
  2.5148E+00
  2.5119E+00
  2.5095E+00
  2.5076E+00
  2.5061E+00
  2.5047E+00
  2.5035E+00
  2.5024E+00
  2.5014E+00
  2.5004E+00
  2.4996E+00
  2.4990E+00
  2.4985E+00
  2.4983E+00
  2.4986E+00
  2.4994E+00
  2.5005E+00
  2.5021E+00
  2.5039E+00
  2.5059E+00
  2.5081E+00
  2.5104E+00
  2.5128E+00
  2.5154E+00
  2.5181E+00
  2.5212E+00
  2.5247E+00
  2.5283E+00
  2.5322E+00
  2.5361E+00
  2.5400E+00
  2.5436E+00
  2.5471E+00
  2.5504E+00
  2.5533E+00
  2.5560E+00
  2.5584E+00
  2.5607E+00
  2.5629E+00
  2.5650E+00
  2.5669E+00
  2.5685E+00
  2.5698E+00
  2.5709E+00
  2.5717E+00
  2.5723E+00
  2.5727E+00
  2.5729E+00
  2.5730E+00
  2.5732E+00
  2.5735E+00
  2.5742E+00
  2.5753E+00
  2.5769E+00
  2.5790E+00
  2.5815E+00
  2.5843E+00
  2.5875E+00
  2.5909E+00
  2.5943E+00
  2.5977E+00
  2.6011E+00
  2.6043E+00
  2.6073E+00
  2.6099E+00
  2.6123E+00
  2.6142E+00
  2.6158E+00
  2.6171E+00
  2.6182E+00
  2.6191E+00
  2.6198E+00
  2.6203E+00
  2.6205E+00
  2.6206E+00
  2.6206E+00
  2.6205E+00
  2.6205E+00
  2.6204E+00
  2.6204E+00
  2.6202E+00
  2.6201E+00
  2.6199E+00
  2.6200E+00
  2.6204E+00
  2.6207E+00
  2.6210E+00
  2.6211E+00
  2.6212E+00
  2.6212E+00
  2.6212E+00
  2.6211E+00
  2.6207E+00
  2.6202E+00
  2.6193E+00
  2.6183E+00
  2.6172E+00
  2.6160E+00
  2.6146E+00
  2.6130E+00
  2.6112E+00
  2.6093E+00
  2.6070E+00
  2.6045E+00
  2.6017E+00
  2.5989E+00
  2.5961E+00
  2.5934E+00
  2.5909E+00
  2.5887E+00
  2.5865E+00
  2.5846E+00
  2.5827E+00
  2.5808E+00
  2.5788E+00
  2.5767E+00
  2.5745E+00
  2.5721E+00
  2.5696E+00
  2.5670E+00
  2.5643E+00
  2.5615E+00
  2.5585E+00
  2.5553E+00
  2.5516E+00
  2.5476E+00
  2.5434E+00
  2.5390E+00
  2.5345E+00
  2.5302E+00
  2.5260E+00
  2.5222E+00
  2.5186E+00
  2.5154E+00
  2.5126E+00
  2.5100E+00
  2.5077E+00
  2.5054E+00
  2.5034E+00
  2.5016E+00
  2.5000E+00
  2.4986E+00
  2.4973E+00
  2.4963E+00
  2.4954E+00
  2.4946E+00
  2.4938E+00
  2.4931E+00
  2.4923E+00
  2.4916E+00
  2.4910E+00
  2.4904E+00
  2.4900E+00
  2.4898E+00
  2.4899E+00
  2.4904E+00
  2.4911E+00
  2.4921E+00
  2.4934E+00
  2.4951E+00
  2.4971E+00
  2.4995E+00
  2.5021E+00
  2.5049E+00
  2.5078E+00
  2.5108E+00
  2.5140E+00
  2.5174E+00
  2.5209E+00
  2.5247E+00
  2.5286E+00
  2.5325E+00
  2.5367E+00
  2.5410E+00
  2.5457E+00
  2.5509E+00
  2.5564E+00
  2.5621E+00
  2.5680E+00
  2.5738E+00
  2.5794E+00
  2.5850E+00
  2.5904E+00
  2.5957E+00
  2.6009E+00
  2.6062E+00
  2.6114E+00
  2.6164E+00
  2.6211E+00
  2.6253E+00
  2.6295E+00
  2.6334E+00
  2.6372E+00
  2.6409E+00
  2.6445E+00
  2.6484E+00
  2.6525E+00
  2.6568E+00
  2.6611E+00
  2.6656E+00
  2.6705E+00
  2.6756E+00
  2.6808E+00
  2.6860E+00
  2.6910E+00
  2.6957E+00
  2.7002E+00
  2.7046E+00
  2.7088E+00
  2.7129E+00
  2.7168E+00
  2.7204E+00
  2.7237E+00
  2.7267E+00
  2.7295E+00
  2.7321E+00
  2.7345E+00
  2.7367E+00
  2.7387E+00
  2.7406E+00
  2.7423E+00
  2.7437E+00
  2.7452E+00
  2.7467E+00
  2.7483E+00
  2.7501E+00
  2.7518E+00
  2.7535E+00
  2.7552E+00
  2.7569E+00
  2.7589E+00
  2.7613E+00
  2.7641E+00
  2.7672E+00
  2.7705E+00
  2.7740E+00
  2.7774E+00
  2.7805E+00
  2.7832E+00
  2.7854E+00
  2.7870E+00
  2.7880E+00
  2.7885E+00
  2.7886E+00
  2.7886E+00
  2.7883E+00
  2.7880E+00
  2.7876E+00
  2.7869E+00
  2.7859E+00
  2.7846E+00
  2.7829E+00
  2.7809E+00
  2.7788E+00
  2.7765E+00
  2.7742E+00
  2.7719E+00
  2.7696E+00
  2.7673E+00
  2.7648E+00
  2.7620E+00
  2.7589E+00
  2.7557E+00
  2.7525E+00
  2.7492E+00
  2.7461E+00
  2.7432E+00
  2.7408E+00
  2.7387E+00
  2.7370E+00
  2.7353E+00
  2.7336E+00
  2.7319E+00
  2.7300E+00
  2.7280E+00
  2.7259E+00
  2.7236E+00
  2.7213E+00
  2.7191E+00
  2.7168E+00
  2.7146E+00
  2.7125E+00
  2.7105E+00
  2.7085E+00
  2.7067E+00
  2.7050E+00
  2.7034E+00
  2.7022E+00
  2.7014E+00
  2.7010E+00
  2.7009E+00
  2.7011E+00
  2.7015E+00
  2.7020E+00
  2.7027E+00
  2.7034E+00
  2.7043E+00
  2.7052E+00
  2.7061E+00
  2.7070E+00
  2.7079E+00
  2.7089E+00
  2.7098E+00
  2.7108E+00
  2.7119E+00
  2.7133E+00
  2.7150E+00
  2.7169E+00
  2.7189E+00
  2.7211E+00
  2.7234E+00
  2.7259E+00
  2.7285E+00
  2.7312E+00
  2.7342E+00
  2.7373E+00
  2.7406E+00
  2.7438E+00
  2.7472E+00
  2.7508E+00
  2.7546E+00
  2.7585E+00
  2.7623E+00
  2.7662E+00
  2.7702E+00
  2.7742E+00
  2.7783E+00
  2.7824E+00
  2.7866E+00
  2.7907E+00
  2.7947E+00
  2.7985E+00
  2.8024E+00
  2.8063E+00
  2.8104E+00
  2.8146E+00
  2.8191E+00
  2.8238E+00
  2.8287E+00
  2.8338E+00
  2.8390E+00
  2.8442E+00
  2.8492E+00
  2.8540E+00
  2.8587E+00
  2.8634E+00
  2.8683E+00
  2.8731E+00
  2.8778E+00
  2.8824E+00
  2.8869E+00
  2.8910E+00
  2.8947E+00
  2.8980E+00
  2.9009E+00
  2.9037E+00
  2.9066E+00
  2.9094E+00
  2.9121E+00
  2.9146E+00
  2.9168E+00
  2.9186E+00
  2.9201E+00
  2.9214E+00
  2.9227E+00
  2.9237E+00
  2.9246E+00
  2.9254E+00
  2.9263E+00
  2.9275E+00
  2.9290E+00
  2.9307E+00
  2.9328E+00
  2.9353E+00
  2.9383E+00
  2.9417E+00
  2.9457E+00
  2.9500E+00
  2.9546E+00
  2.9593E+00
  2.9639E+00
  2.9684E+00
  2.9728E+00
  2.9773E+00
  2.9819E+00
  2.9866E+00
  2.9912E+00
  2.9957E+00
  3.0002E+00
  3.0048E+00
  3.0097E+00
  3.0153E+00
  3.0215E+00
  3.0282E+00
  3.0355E+00
  3.0435E+00
  3.0521E+00
  3.0613E+00
  3.0707E+00
  3.0802E+00
  3.0899E+00
  3.0998E+00
  3.1099E+00
  3.1201E+00
  3.1303E+00
  3.1406E+00
  3.1510E+00
  3.1614E+00
  3.1719E+00
  3.1823E+00
  3.1926E+00
  3.2027E+00
  3.2126E+00
  3.2223E+00
  3.2319E+00
  3.2412E+00
  3.2500E+00
  3.2581E+00
  3.2656E+00
  3.2724E+00
  3.2787E+00
  3.2845E+00
  3.2899E+00
  3.2949E+00
  3.2995E+00
  3.3037E+00
  3.3076E+00
  3.3109E+00
  3.3138E+00
  3.3164E+00
  3.3185E+00
  3.3203E+00
  3.3217E+00
  3.3229E+00
  3.3239E+00
  3.3244E+00
  3.3247E+00
  3.3247E+00
  3.3245E+00
  3.3241E+00
  3.3234E+00
  3.3222E+00
  3.3207E+00
  3.3191E+00
  3.3174E+00
  3.3155E+00
  3.3134E+00
  3.3111E+00
  3.3089E+00
  3.3069E+00
  3.3051E+00
  3.3034E+00
  3.3017E+00
  3.2999E+00
  3.2982E+00
  3.2966E+00
  3.2949E+00
  3.2931E+00
  3.2911E+00
  3.2891E+00
  3.2869E+00
  3.2844E+00
  3.2816E+00
  3.2783E+00
  3.2744E+00
  3.2701E+00
  3.2653E+00
  3.2601E+00
  3.2542E+00
  3.2478E+00
  3.2410E+00
  3.2339E+00
  3.2263E+00
  3.2182E+00
  3.2098E+00
  3.2011E+00
  3.1921E+00
  3.1831E+00
  3.1740E+00
  3.1649E+00
  3.1560E+00
  3.1471E+00
  3.1383E+00
  3.1295E+00
  3.1206E+00
  3.1116E+00
  3.1028E+00
  3.0941E+00
  3.0858E+00
  3.0777E+00
  3.0697E+00
  3.0614E+00
  3.0529E+00
  3.0441E+00
  3.0351E+00
  3.0260E+00
  3.0171E+00
  3.0085E+00
  3.0002E+00
  2.9924E+00
  2.9850E+00
  2.9781E+00
  2.9716E+00
  2.9655E+00
  2.9599E+00
  2.9547E+00
  2.9503E+00
  2.9466E+00
  2.9433E+00
  2.9402E+00
  2.9372E+00
  2.9342E+00
  2.9313E+00
  2.9286E+00
  2.9259E+00
  2.9234E+00
  2.9210E+00
  2.9186E+00
  2.9163E+00
  2.9141E+00
  2.9123E+00
  2.9109E+00
  2.9099E+00
  2.9093E+00
  2.9089E+00
  2.9087E+00
  2.9086E+00
  2.9086E+00
  2.9087E+00
  2.9090E+00
  2.9095E+00
  2.9103E+00
  2.9114E+00
  2.9130E+00
  2.9148E+00
  2.9169E+00
  2.9189E+00
  2.9209E+00
  2.9227E+00
  2.9245E+00
  2.9263E+00
  2.9284E+00
  2.9309E+00
  2.9337E+00
  2.9370E+00
  2.9406E+00
  2.9444E+00
  2.9483E+00
  2.9524E+00
  2.9566E+00
  2.9608E+00
  2.9649E+00
  2.9688E+00
  2.9726E+00
  2.9764E+00
  2.9799E+00
  2.9832E+00
  2.9862E+00
  2.9887E+00
  2.9909E+00
  2.9929E+00
  2.9947E+00
  2.9965E+00
  2.9980E+00
  2.9993E+00
  3.0001E+00
  3.0004E+00
  3.0000E+00
  2.9990E+00
  2.9972E+00
  2.9947E+00
  2.9918E+00
  2.9887E+00
  2.9856E+00
  2.9826E+00
  2.9799E+00
  2.9774E+00
  2.9748E+00
  2.9720E+00
  2.9692E+00
  2.9663E+00
  2.9633E+00
  2.9603E+00
  2.9572E+00
  2.9542E+00
  2.9512E+00
  2.9482E+00
  2.9451E+00
  2.9417E+00
  2.9383E+00
  2.9349E+00
  2.9314E+00
  2.9278E+00
  2.9239E+00
  2.9196E+00
  2.9150E+00
  2.9101E+00
  2.9051E+00
  2.9002E+00
  2.8954E+00
  2.8905E+00
  2.8854E+00
  2.8804E+00
  2.8754E+00
  2.8705E+00
  2.8656E+00
  2.8605E+00
  2.8555E+00
  2.8504E+00
  2.8452E+00
  2.8400E+00
  2.8347E+00
  2.8296E+00
  2.8245E+00
  2.8192E+00
  2.8137E+00
  2.8079E+00
  2.8016E+00
  2.7949E+00
  2.7876E+00
  2.7802E+00
  2.7727E+00
  2.7654E+00
  2.7583E+00
  2.7517E+00
  2.7454E+00
  2.7395E+00
  2.7338E+00
  2.7285E+00
  2.7235E+00
  2.7188E+00
  2.7144E+00
  2.7102E+00
  2.7063E+00
  2.7026E+00
  2.6992E+00
  2.6960E+00
  2.6931E+00
  2.6906E+00
  2.6885E+00
  2.6868E+00
  2.6853E+00
  2.6839E+00
  2.6828E+00
  2.6818E+00
  2.6809E+00
  2.6800E+00
  2.6789E+00
  2.6778E+00
  2.6766E+00
  2.6751E+00
  2.6734E+00
  2.6718E+00
  2.6702E+00
  2.6689E+00
  2.6679E+00
  2.6673E+00
  2.6671E+00
  2.6673E+00
  2.6678E+00
  2.6686E+00
  2.6693E+00
  2.6699E+00
  2.6703E+00
  2.6703E+00
  2.6701E+00
  2.6698E+00
  2.6693E+00
  2.6686E+00
  2.6675E+00
  2.6665E+00
  2.6656E+00
  2.6651E+00
  2.6650E+00
  2.6652E+00
  2.6659E+00
  2.6672E+00
  2.6689E+00
  2.6711E+00
  2.6734E+00
  2.6759E+00
  2.6785E+00
  2.6809E+00
  2.6834E+00
  2.6856E+00
  2.6878E+00
  2.6897E+00
  2.6915E+00
  2.6929E+00
  2.6938E+00
  2.6945E+00
  2.6950E+00
  2.6955E+00
  2.6960E+00
  2.6963E+00
  2.6966E+00
  2.6968E+00
  2.6971E+00
  2.6974E+00
  2.6976E+00
  2.6978E+00
  2.6978E+00
  2.6976E+00
  2.6971E+00
  2.6965E+00
  2.6959E+00
  2.6952E+00
  2.6946E+00
  2.6941E+00
  2.6938E+00
  2.6937E+00
  2.6938E+00
  2.6941E+00
  2.6946E+00
  2.6955E+00
  2.6967E+00
  2.6983E+00
  2.7001E+00
  2.7021E+00
  2.7042E+00
  2.7066E+00
  2.7094E+00
  2.7126E+00
  2.7160E+00
  2.7198E+00
  2.7237E+00
  2.7275E+00
  2.7312E+00
  2.7349E+00
  2.7389E+00
  2.7431E+00
  2.7477E+00
  2.7526E+00
  2.7575E+00
  2.7625E+00
  2.7677E+00
  2.7729E+00
  2.7784E+00
  2.7842E+00
  2.7903E+00
  2.7966E+00
  2.8031E+00
  2.8096E+00
  2.8162E+00
  2.8227E+00
  2.8293E+00
  2.8358E+00
  2.8423E+00
  2.8491E+00
  2.8559E+00
  2.8626E+00
  2.8696E+00
  2.8768E+00
  2.8844E+00
  2.8922E+00
  2.9001E+00
  2.9081E+00
  2.9160E+00
  2.9238E+00
  2.9313E+00
  2.9386E+00
  2.9455E+00
  2.9522E+00
  2.9587E+00
  2.9651E+00
  2.9714E+00
  2.9775E+00
  2.9834E+00
  2.9889E+00
  2.9941E+00
  2.9989E+00
  3.0036E+00
  3.0080E+00
  3.0122E+00
  3.0164E+00
  3.0205E+00
  3.0246E+00
  3.0286E+00
  3.0327E+00
  3.0368E+00
  3.0411E+00
  3.0455E+00
  3.0501E+00
  3.0549E+00
  3.0599E+00
  3.0652E+00
  3.0709E+00
  3.0768E+00
  3.0832E+00
  3.0897E+00
  3.0964E+00
  3.1034E+00
  3.1106E+00
  3.1179E+00
  3.1252E+00
  3.1326E+00
  3.1400E+00
  3.1475E+00
  3.1553E+00
  3.1632E+00
  3.1708E+00
  3.1781E+00
  3.1853E+00
  3.1923E+00
  3.1990E+00
  3.2055E+00
  3.2118E+00
  3.2181E+00
  3.2245E+00
  3.2311E+00
  3.2380E+00
  3.2451E+00
  3.2527E+00
  3.2602E+00
  3.2675E+00
  3.2748E+00
  3.2822E+00
  3.2897E+00
  3.2972E+00
  3.3046E+00
  3.3120E+00
  3.3196E+00
  3.3273E+00
  3.3351E+00
  3.3429E+00
  3.3507E+00
  3.3587E+00
  3.3665E+00
  3.3739E+00
  3.3811E+00
  3.3878E+00
  3.3943E+00
  3.4007E+00
  3.4069E+00
  3.4128E+00
  3.4183E+00
  3.4234E+00
  3.4280E+00
  3.4323E+00
  3.4362E+00
  3.4397E+00
  3.4428E+00
  3.4455E+00
  3.4475E+00
  3.4489E+00
  3.4497E+00
  3.4500E+00
  3.4500E+00
  3.4498E+00
  3.4495E+00
  3.4493E+00
  3.4491E+00
  3.4490E+00
  3.4488E+00
  3.4484E+00
  3.4479E+00
  3.4472E+00
  3.4464E+00
  3.4455E+00
  3.4445E+00
  3.4433E+00
  3.4421E+00
  3.4410E+00
  3.4400E+00
  3.4391E+00
  3.4384E+00
  3.4379E+00
  3.4376E+00
  3.4373E+00
  3.4367E+00
  3.4358E+00
  3.4345E+00
  3.4329E+00
  3.4313E+00
  3.4299E+00
  3.4288E+00
  3.4281E+00
  3.4281E+00
  3.4287E+00
  3.4296E+00
  3.4306E+00
  3.4317E+00
  3.4328E+00
  3.4340E+00
  3.4351E+00
  3.4361E+00
  3.4368E+00
  3.4372E+00
  3.4372E+00
  3.4368E+00
  3.4362E+00
  3.4354E+00
  3.4345E+00
  3.4335E+00
  3.4323E+00
  3.4309E+00
  3.4292E+00
  3.4270E+00
  3.4245E+00
  3.4218E+00
  3.4187E+00
  3.4154E+00
  3.4119E+00
  3.4086E+00
  3.4054E+00
  3.4025E+00
  3.3998E+00
  3.3973E+00
  3.3950E+00
  3.3930E+00
  3.3913E+00
  3.3900E+00
  3.3890E+00
  3.3884E+00
  3.3881E+00
  3.3881E+00
  3.3885E+00
  3.3891E+00
  3.3900E+00
  3.3910E+00
  3.3921E+00
  3.3936E+00
  3.3955E+00
  3.3977E+00
  3.4002E+00
  3.4026E+00
  3.4048E+00
  3.4066E+00
  3.4080E+00
  3.4090E+00
  3.4098E+00
  3.4104E+00
  3.4110E+00
  3.4115E+00
  3.4119E+00
  3.4122E+00
  3.4122E+00
  3.4121E+00
  3.4119E+00
  3.4113E+00
  3.4105E+00
  3.4094E+00
  3.4079E+00
  3.4062E+00
  3.4044E+00
  3.4025E+00
  3.4004E+00
  3.3979E+00
  3.3951E+00
  3.3920E+00
  3.3889E+00
  3.3858E+00
  3.3826E+00
  3.3793E+00
  3.3759E+00
  3.3722E+00
  3.3681E+00
  3.3634E+00
  3.3580E+00
  3.3519E+00
  3.3452E+00
  3.3382E+00
  3.3307E+00
  3.3229E+00
  3.3146E+00
  3.3060E+00
  3.2972E+00
  3.2884E+00
  3.2795E+00
  3.2704E+00
  3.2614E+00
  3.2523E+00
  3.2433E+00
  3.2344E+00
  3.2253E+00
  3.2160E+00
  3.2065E+00
  3.1966E+00
  3.1864E+00
  3.1761E+00
  3.1659E+00
  3.1563E+00
  3.1472E+00
  3.1388E+00
  3.1309E+00
  3.1235E+00
  3.1168E+00
  3.1106E+00
  3.1049E+00
  3.0996E+00
  3.0948E+00
  3.0904E+00
  3.0864E+00
  3.0827E+00
  3.0793E+00
  3.0762E+00
  3.0734E+00
  3.0710E+00
  3.0689E+00
  3.0671E+00
  3.0653E+00
  3.0635E+00
  3.0615E+00
  3.0596E+00
  3.0577E+00
  3.0557E+00
  3.0536E+00
  3.0512E+00
  3.0486E+00
  3.0458E+00
  3.0430E+00
  3.0401E+00
  3.0370E+00
  3.0339E+00
  3.0308E+00
  3.0275E+00
  3.0239E+00
  3.0201E+00
  3.0162E+00
  3.0125E+00
  3.0088E+00
  3.0055E+00
  3.0024E+00
  2.9995E+00
  2.9965E+00
  2.9934E+00
  2.9901E+00
  2.9865E+00
  2.9828E+00
  2.9790E+00
  2.9754E+00
  2.9722E+00
  2.9693E+00
  2.9667E+00
  2.9642E+00
  2.9619E+00
  2.9595E+00
  2.9568E+00
  2.9538E+00
  2.9508E+00
  2.9478E+00
  2.9450E+00
  2.9425E+00
  2.9404E+00
  2.9387E+00
  2.9373E+00
  2.9361E+00
  2.9351E+00
  2.9340E+00
  2.9331E+00
  2.9322E+00
  2.9314E+00
  2.9304E+00
  2.9295E+00
  2.9285E+00
  2.9273E+00
  2.9260E+00
  2.9246E+00
  2.9229E+00
  2.9211E+00
  2.9192E+00
  2.9171E+00
  2.9151E+00
  2.9132E+00
  2.9112E+00
  2.9091E+00
  2.9068E+00
  2.9044E+00
  2.9021E+00
  2.9000E+00
  2.8981E+00
  2.8962E+00
  2.8942E+00
  2.8920E+00
  2.8896E+00
  2.8870E+00
  2.8844E+00
  2.8818E+00
  2.8792E+00
  2.8768E+00
  2.8744E+00
  2.8722E+00
  2.8698E+00
  2.8673E+00
  2.8647E+00
  2.8620E+00
  2.8592E+00
  2.8561E+00
  2.8530E+00
  2.8499E+00
  2.8468E+00
  2.8438E+00
  2.8411E+00
  2.8388E+00
  2.8369E+00
  2.8355E+00
  2.8344E+00
  2.8338E+00
  2.8335E+00
  2.8334E+00
  2.8337E+00
  2.8345E+00
  2.8358E+00
  2.8377E+00
  2.8403E+00
  2.8434E+00
  2.8469E+00
  2.8508E+00
  2.8549E+00
  2.8595E+00
  2.8643E+00
  2.8695E+00
  2.8748E+00
  2.8801E+00
  2.8853E+00
  2.8905E+00
  2.8955E+00
  2.9003E+00
  2.9051E+00
  2.9100E+00
  2.9149E+00
  2.9200E+00
  2.9252E+00
  2.9305E+00
  2.9359E+00
  2.9414E+00
  2.9469E+00
  2.9526E+00
  2.9583E+00
  2.9641E+00
  2.9699E+00
  2.9756E+00
  2.9813E+00
  2.9869E+00
  2.9922E+00
  2.9973E+00
  3.0023E+00
  3.0075E+00
  3.0127E+00
  3.0180E+00
  3.0232E+00
  3.0282E+00
  3.0329E+00
  3.0374E+00
  3.0416E+00
  3.0459E+00
  3.0502E+00
  3.0546E+00
  3.0589E+00
  3.0632E+00
  3.0673E+00
  3.0712E+00
  3.0746E+00
  3.0777E+00
  3.0805E+00
  3.0831E+00
  3.0857E+00
  3.0884E+00
  3.0911E+00
  3.0942E+00
  3.0976E+00
  3.1014E+00
  3.1056E+00
  3.1102E+00
  3.1149E+00
  3.1197E+00
  3.1247E+00
  3.1297E+00
  3.1344E+00
  3.1388E+00
  3.1428E+00
  3.1464E+00
  3.1496E+00
  3.1526E+00
  3.1554E+00
  3.1579E+00
  3.1600E+00
  3.1617E+00
  3.1630E+00
  3.1642E+00
  3.1655E+00
  3.1668E+00
  3.1683E+00
  3.1699E+00
  3.1715E+00
  3.1732E+00
  3.1748E+00
  3.1762E+00
  3.1777E+00
  3.1793E+00
  3.1813E+00
  3.1836E+00
  3.1863E+00
  3.1894E+00
  3.1929E+00
  3.1967E+00
  3.2007E+00
  3.2051E+00
  3.2098E+00
  3.2149E+00
  3.2203E+00
  3.2262E+00
  3.2325E+00
  3.2391E+00
  3.2461E+00
  3.2534E+00
  3.2610E+00
  3.2690E+00
  3.2773E+00
  3.2858E+00
  3.2946E+00
  3.3039E+00
  3.3139E+00
  3.3240E+00
  3.3341E+00
  3.3441E+00
  3.3543E+00
  3.3645E+00
  3.3751E+00
  3.3858E+00
  3.3968E+00
  3.4078E+00
  3.4190E+00
  3.4301E+00
  3.4412E+00
  3.4524E+00
  3.4637E+00
  3.4750E+00
  3.4863E+00
  3.4976E+00
  3.5093E+00
  3.5209E+00
  3.5323E+00
  3.5435E+00
  3.5546E+00
  3.5655E+00
  3.5760E+00
  3.5860E+00
  3.5955E+00
  3.6044E+00
  3.6129E+00
  3.6208E+00
  3.6281E+00
  3.6347E+00
  3.6404E+00
  3.6453E+00
  3.6492E+00
  3.6523E+00
  3.6545E+00
  3.6561E+00
  3.6572E+00
  3.6579E+00
  3.6583E+00
  3.6583E+00
  3.6577E+00
  3.6567E+00
  3.6552E+00
  3.6532E+00
  3.6507E+00
  3.6478E+00
  3.6448E+00
  3.6419E+00
  3.6394E+00
  3.6374E+00
  3.6359E+00
  3.6347E+00
  3.6336E+00
  3.6327E+00
  3.6318E+00
  3.6312E+00
  3.6309E+00
  3.6308E+00
  3.6310E+00
  3.6315E+00
  3.6322E+00
  3.6330E+00
  3.6337E+00
  3.6340E+00
  3.6339E+00
  3.6331E+00
  3.6315E+00
  3.6293E+00
  3.6266E+00
  3.6236E+00
  3.6204E+00
  3.6172E+00
  3.6139E+00
  3.6104E+00
  3.6067E+00
  3.6028E+00
  3.5988E+00
  3.5945E+00
  3.5900E+00
  3.5851E+00
  3.5800E+00
  3.5744E+00
  3.5686E+00
  3.5627E+00
  3.5565E+00
  3.5502E+00
  3.5434E+00
  3.5363E+00
  3.5289E+00
  3.5215E+00
  3.5146E+00
  3.5083E+00
  3.5024E+00
  3.4968E+00
  3.4914E+00
  3.4861E+00
  3.4810E+00
  3.4758E+00
  3.4704E+00
  3.4647E+00
  3.4586E+00
  3.4520E+00
  3.4453E+00
  3.4388E+00
  3.4323E+00
  3.4259E+00
  3.4196E+00
  3.4136E+00
  3.4077E+00
  3.4020E+00
  3.3966E+00
  3.3911E+00
  3.3855E+00
  3.3796E+00
  3.3733E+00
  3.3666E+00
  3.3594E+00
  3.3520E+00
  3.3444E+00
  3.3367E+00
  3.3286E+00
  3.3205E+00
  3.3121E+00
  3.3031E+00
  3.2936E+00
  3.2835E+00
  3.2732E+00
  3.2625E+00
  3.2518E+00
  3.2410E+00
  3.2301E+00
  3.2193E+00
  3.2083E+00
  3.1972E+00
  3.1861E+00
  3.1751E+00
  3.1642E+00
  3.1533E+00
  3.1425E+00
  3.1317E+00
  3.1213E+00
  3.1112E+00
  3.1014E+00
  3.0920E+00
  3.0830E+00
  3.0743E+00
  3.0657E+00
  3.0571E+00
  3.0483E+00
  3.0395E+00
  3.0306E+00
  3.0219E+00
  3.0136E+00
  3.0058E+00
  2.9985E+00
  2.9917E+00
  2.9851E+00
  2.9788E+00
  2.9725E+00
  2.9664E+00
  2.9606E+00
  2.9550E+00
  2.9498E+00
  2.9452E+00
  2.9410E+00
  2.9373E+00
  2.9340E+00
  2.9309E+00
  2.9281E+00
  2.9252E+00
  2.9221E+00
  2.9189E+00
  2.9156E+00
  2.9123E+00
  2.9088E+00
  2.9054E+00
  2.9021E+00
  2.8987E+00
  2.8952E+00
  2.8915E+00
  2.8877E+00
  2.8838E+00
  2.8800E+00
  2.8761E+00
  2.8722E+00
  2.8684E+00
  2.8647E+00
  2.8611E+00
  2.8574E+00
  2.8538E+00
  2.8504E+00
  2.8471E+00
  2.8443E+00
  2.8419E+00
  2.8399E+00
  2.8380E+00
  2.8364E+00
  2.8351E+00
  2.8342E+00
  2.8339E+00
  2.8340E+00
  2.8343E+00
  2.8346E+00
  2.8348E+00
  2.8349E+00
  2.8349E+00
  2.8348E+00
  2.8348E+00
  2.8350E+00
  2.8355E+00
  2.8360E+00
  2.8364E+00
  2.8366E+00
  2.8369E+00
  2.8371E+00
  2.8373E+00
  2.8375E+00
  2.8378E+00
  2.8381E+00
  2.8385E+00
  2.8389E+00
  2.8391E+00
  2.8392E+00
  2.8390E+00
  2.8387E+00
  2.8384E+00
  2.8383E+00
  2.8385E+00
  2.8390E+00
  2.8394E+00
  2.8398E+00
  2.8400E+00
  2.8401E+00
  2.8400E+00
  2.8398E+00
  2.8397E+00
  2.8400E+00
  2.8409E+00
  2.8423E+00
  2.8440E+00
  2.8460E+00
  2.8480E+00
  2.8499E+00
  2.8517E+00
  2.8534E+00
  2.8552E+00
  2.8570E+00
  2.8590E+00
  2.8611E+00
  2.8630E+00
  2.8647E+00
  2.8662E+00
  2.8675E+00
  2.8688E+00
  2.8701E+00
  2.8715E+00
  2.8730E+00
  2.8748E+00
  2.8769E+00
  2.8792E+00
  2.8817E+00
  2.8842E+00
  2.8866E+00
  2.8890E+00
  2.8913E+00
  2.8935E+00
  2.8957E+00
  2.8978E+00
  2.8998E+00
  2.9016E+00
  2.9033E+00
  2.9048E+00
  2.9061E+00
  2.9073E+00
  2.9081E+00
  2.9084E+00
  2.9083E+00
  2.9079E+00
  2.9072E+00
  2.9062E+00
  2.9047E+00
  2.9030E+00
  2.9010E+00
  2.8987E+00
  2.8962E+00
  2.8934E+00
  2.8907E+00
  2.8880E+00
  2.8853E+00
  2.8827E+00
  2.8801E+00
  2.8776E+00
  2.8751E+00
  2.8727E+00
  2.8704E+00
  2.8684E+00
  2.8666E+00
  2.8649E+00
  2.8632E+00
  2.8615E+00
  2.8595E+00
  2.8574E+00
  2.8551E+00
  2.8528E+00
  2.8507E+00
  2.8487E+00
  2.8467E+00
  2.8446E+00
  2.8424E+00
  2.8399E+00
  2.8372E+00
  2.8343E+00
  2.8315E+00
  2.8289E+00
  2.8266E+00
  2.8247E+00
  2.8231E+00
  2.8217E+00
  2.8206E+00
  2.8197E+00
  2.8191E+00
  2.8186E+00
  2.8185E+00
  2.8186E+00
  2.8191E+00
  2.8199E+00
  2.8208E+00
  2.8220E+00
  2.8232E+00
  2.8246E+00
  2.8264E+00
  2.8285E+00
  2.8310E+00
  2.8338E+00
  2.8367E+00
  2.8399E+00
  2.8431E+00
  2.8462E+00
  2.8492E+00
  2.8520E+00
  2.8547E+00
  2.8576E+00
  2.8606E+00
  2.8638E+00
  2.8672E+00
  2.8710E+00
  2.8751E+00
  2.8796E+00
  2.8841E+00
  2.8886E+00
  2.8930E+00
  2.8974E+00
  2.9020E+00
  2.9069E+00
  2.9120E+00
  2.9173E+00
  2.9228E+00
  2.9283E+00
  2.9337E+00
  2.9391E+00
  2.9445E+00
  2.9498E+00
  2.9551E+00
  2.9602E+00
  2.9654E+00
  2.9704E+00
  2.9754E+00
  2.9801E+00
  2.9845E+00
  2.9883E+00
  2.9916E+00
  2.9943E+00
  2.9967E+00
  2.9985E+00
  3.0001E+00
  3.0014E+00
  3.0027E+00
  3.0039E+00
  3.0049E+00
  3.0058E+00
  3.0064E+00
  3.0068E+00
  3.0070E+00
  3.0069E+00
  3.0065E+00
  3.0058E+00
  3.0051E+00
  3.0041E+00
  3.0029E+00
  3.0016E+00
  3.0000E+00
  2.9981E+00
  2.9963E+00
  2.9947E+00
  2.9934E+00
  2.9924E+00
  2.9917E+00
  2.9909E+00
  2.9901E+00
  2.9894E+00
  2.9886E+00
  2.9876E+00
  2.9864E+00
  2.9851E+00
  2.9836E+00
  2.9820E+00
  2.9803E+00
  2.9781E+00
  2.9752E+00
  2.9718E+00
  2.9677E+00
  2.9631E+00
  2.9580E+00
  2.9527E+00
  2.9474E+00
  2.9422E+00
  2.9373E+00
  2.9323E+00
  2.9273E+00
  2.9221E+00
  2.9166E+00
  2.9109E+00
  2.9049E+00
  2.8987E+00
  2.8924E+00
  2.8859E+00
  2.8795E+00
  2.8732E+00
  2.8672E+00
  2.8612E+00
  2.8554E+00
  2.8498E+00
  2.8444E+00
  2.8391E+00
  2.8337E+00
  2.8285E+00
  2.8232E+00
  2.8178E+00
  2.8125E+00
  2.8071E+00
  2.8018E+00
  2.7966E+00
  2.7915E+00
  2.7865E+00
  2.7814E+00
  2.7763E+00
  2.7712E+00
  2.7664E+00
  2.7620E+00
  2.7581E+00
  2.7546E+00
  2.7514E+00
  2.7484E+00
  2.7455E+00
  2.7427E+00
  2.7399E+00
  2.7369E+00
  2.7340E+00
  2.7313E+00
  2.7286E+00
  2.7260E+00
  2.7233E+00
  2.7206E+00
  2.7178E+00
  2.7150E+00
  2.7122E+00
  2.7094E+00
  2.7066E+00
  2.7035E+00
  2.7002E+00
  2.6967E+00
  2.6928E+00
  2.6888E+00
  2.6847E+00
  2.6805E+00
  2.6763E+00
  2.6721E+00
  2.6678E+00
  2.6634E+00
  2.6588E+00
  2.6539E+00
  2.6487E+00
  2.6431E+00
  2.6372E+00
  2.6312E+00
  2.6252E+00
  2.6194E+00
  2.6136E+00
  2.6079E+00
  2.6022E+00
  2.5965E+00
  2.5910E+00
  2.5856E+00
  2.5805E+00
  2.5756E+00
  2.5710E+00
  2.5668E+00
  2.5632E+00
  2.5601E+00
  2.5576E+00
  2.5557E+00
  2.5543E+00
  2.5533E+00
  2.5527E+00
  2.5524E+00
  2.5524E+00
  2.5528E+00
  2.5536E+00
  2.5549E+00
  2.5567E+00
  2.5590E+00
  2.5620E+00
  2.5654E+00
  2.5693E+00
  2.5735E+00
  2.5779E+00
  2.5826E+00
  2.5872E+00
  2.5918E+00
  2.5964E+00
  2.6013E+00
  2.6064E+00
  2.6116E+00
  2.6170E+00
  2.6225E+00
  2.6280E+00
  2.6336E+00
  2.6391E+00
  2.6444E+00
  2.6497E+00
  2.6549E+00
  2.6599E+00
  2.6649E+00
  2.6698E+00
  2.6746E+00
  2.6794E+00
  2.6840E+00
  2.6886E+00
  2.6929E+00
  2.6974E+00
  2.7017E+00
  2.7057E+00
  2.7096E+00
  2.7133E+00
  2.7168E+00
  2.7202E+00
  2.7235E+00
  2.7267E+00
  2.7298E+00
  2.7328E+00
  2.7355E+00
  2.7380E+00
  2.7403E+00
  2.7423E+00
  2.7439E+00
  2.7451E+00
  2.7459E+00
  2.7463E+00
  2.7465E+00
  2.7465E+00
  2.7464E+00
  2.7463E+00
  2.7462E+00
  2.7461E+00
  2.7460E+00
  2.7459E+00
  2.7458E+00
  2.7456E+00
  2.7457E+00
  2.7459E+00
  2.7463E+00
  2.7469E+00
  2.7475E+00
  2.7481E+00
  2.7488E+00
  2.7496E+00
  2.7506E+00
  2.7520E+00
  2.7537E+00
  2.7556E+00
  2.7577E+00
  2.7599E+00
  2.7623E+00
  2.7647E+00
  2.7673E+00
  2.7699E+00
  2.7726E+00
  2.7754E+00
  2.7783E+00
  2.7810E+00
  2.7834E+00
  2.7856E+00
  2.7875E+00
  2.7893E+00
  2.7912E+00
  2.7934E+00
  2.7955E+00
  2.7976E+00
  2.7996E+00
  2.8014E+00
  2.8032E+00
  2.8048E+00
  2.8062E+00
  2.8076E+00
  2.8087E+00
  2.8095E+00
  2.8100E+00
  2.8102E+00
  2.8103E+00
  2.8103E+00
  2.8101E+00
  2.8099E+00
  2.8098E+00
  2.8098E+00
  2.8099E+00
  2.8101E+00
  2.8105E+00
  2.8110E+00
  2.8118E+00
  2.8128E+00
  2.8141E+00
  2.8156E+00
  2.8173E+00
  2.8191E+00
  2.8211E+00
  2.8231E+00
  2.8251E+00
  2.8268E+00
  2.8282E+00
  2.8292E+00
  2.8300E+00
  2.8306E+00
  2.8313E+00
  2.8321E+00
  2.8329E+00
  2.8336E+00
  2.8343E+00
  2.8350E+00
  2.8356E+00
  2.8363E+00
  2.8370E+00
  2.8381E+00
  2.8394E+00
  2.8409E+00
  2.8428E+00
  2.8448E+00
  2.8470E+00
  2.8493E+00
  2.8517E+00
  2.8539E+00
  2.8561E+00
  2.8583E+00
  2.8604E+00
  2.8625E+00
  2.8646E+00
  2.8668E+00
  2.8692E+00
  2.8717E+00
  2.8745E+00
  2.8774E+00
  2.8805E+00
  2.8838E+00
  2.8875E+00
  2.8916E+00
  2.8960E+00
  2.9006E+00
  2.9056E+00
  2.9107E+00
  2.9160E+00
  2.9213E+00
  2.9266E+00
  2.9320E+00
  2.9374E+00
  2.9428E+00
  2.9481E+00
  2.9531E+00
  2.9580E+00
  2.9628E+00
  2.9674E+00
  2.9720E+00
  2.9768E+00
  2.9817E+00
  2.9868E+00
  2.9919E+00
  2.9971E+00
  3.0024E+00
  3.0077E+00
  3.0130E+00
  3.0183E+00
  3.0236E+00
  3.0289E+00
  3.0342E+00
  3.0394E+00
  3.0447E+00
  3.0499E+00
  3.0551E+00
  3.0603E+00
  3.0659E+00
  3.0716E+00
  3.0772E+00
  3.0826E+00
  3.0876E+00
  3.0925E+00
  3.0970E+00
  3.1013E+00
  3.1052E+00
  3.1087E+00
  3.1120E+00
  3.1149E+00
  3.1173E+00
  3.1194E+00
  3.1208E+00
  3.1215E+00
  3.1216E+00
  3.1212E+00
  3.1200E+00
  3.1181E+00
  3.1155E+00
  3.1121E+00
  3.1081E+00
  3.1035E+00
  3.0986E+00
  3.0935E+00
  3.0885E+00
  3.0837E+00
  3.0791E+00
  3.0749E+00
  3.0710E+00
  3.0675E+00
  3.0641E+00
  3.0608E+00
  3.0575E+00
  3.0541E+00
  3.0505E+00
  3.0468E+00
  3.0429E+00
  3.0390E+00
  3.0349E+00
  3.0309E+00
  3.0268E+00
  3.0228E+00
  3.0189E+00
  3.0152E+00
  3.0117E+00
  3.0084E+00
  3.0052E+00
  3.0019E+00
  2.9986E+00
  2.9951E+00
  2.9916E+00
  2.9879E+00
  2.9842E+00
  2.9804E+00
  2.9766E+00
  2.9729E+00
  2.9692E+00
  2.9656E+00
  2.9621E+00
  2.9588E+00
  2.9556E+00
  2.9526E+00
  2.9496E+00
  2.9466E+00
  2.9436E+00
  2.9403E+00
  2.9369E+00
  2.9332E+00
  2.9291E+00
  2.9243E+00
  2.9191E+00
  2.9135E+00
  2.9076E+00
  2.9015E+00
  2.8954E+00
  2.8894E+00
  2.8835E+00
  2.8777E+00
  2.8721E+00
  2.8668E+00
  2.8617E+00
  2.8565E+00
  2.8513E+00
  2.8461E+00
  2.8408E+00
  2.8354E+00
  2.8297E+00
  2.8239E+00
  2.8181E+00
  2.8125E+00
  2.8072E+00
  2.8022E+00
  2.7976E+00
  2.7932E+00
  2.7890E+00
  2.7848E+00
  2.7807E+00
  2.7763E+00
  2.7719E+00
  2.7675E+00
  2.7632E+00
  2.7592E+00
  2.7552E+00
  2.7513E+00
  2.7475E+00
  2.7440E+00
  2.7408E+00
  2.7378E+00
  2.7352E+00
  2.7328E+00
  2.7305E+00
  2.7283E+00
  2.7265E+00
  2.7248E+00
  2.7234E+00
  2.7222E+00
  2.7213E+00
  2.7208E+00
  2.7205E+00
  2.7204E+00
  2.7205E+00
  2.7208E+00
  2.7213E+00
  2.7223E+00
  2.7237E+00
  2.7256E+00
  2.7280E+00
  2.7310E+00
  2.7344E+00
  2.7381E+00
  2.7422E+00
  2.7466E+00
  2.7511E+00
  2.7558E+00
  2.7609E+00
  2.7662E+00
  2.7717E+00
  2.7772E+00
  2.7827E+00
  2.7881E+00
  2.7933E+00
  2.7983E+00
  2.8029E+00
  2.8072E+00
  2.8110E+00
  2.8145E+00
  2.8177E+00
  2.8205E+00
  2.8231E+00
  2.8253E+00
  2.8271E+00
  2.8288E+00
  2.8302E+00
  2.8315E+00
  2.8327E+00
  2.8338E+00
  2.8349E+00
  2.8358E+00
  2.8365E+00
  2.8370E+00
  2.8374E+00
  2.8378E+00
  2.8381E+00
  2.8383E+00
  2.8385E+00
  2.8385E+00
  2.8384E+00
  2.8382E+00
  2.8380E+00
  2.8374E+00
  2.8365E+00
  2.8354E+00
  2.8340E+00
  2.8324E+00
  2.8306E+00
  2.8287E+00
  2.8268E+00
  2.8246E+00
  2.8223E+00
  2.8197E+00
  2.8169E+00
  2.8142E+00
  2.8113E+00
  2.8084E+00
  2.8053E+00
  2.8023E+00
  2.7995E+00
  2.7969E+00
  2.7947E+00
  2.7929E+00
  2.7912E+00
  2.7897E+00
  2.7884E+00
  2.7873E+00
  2.7863E+00
  2.7855E+00
  2.7849E+00
  2.7844E+00
  2.7840E+00
  2.7840E+00
  2.7841E+00
  2.7843E+00
  2.7844E+00
  2.7844E+00
  2.7842E+00
  2.7841E+00
  2.7840E+00
  2.7838E+00
  2.7835E+00
  2.7831E+00
  2.7825E+00
  2.7818E+00
  2.7811E+00
  2.7803E+00
  2.7796E+00
  2.7790E+00
  2.7784E+00
  2.7781E+00
  2.7780E+00
  2.7781E+00
  2.7785E+00
  2.7791E+00
  2.7799E+00
  2.7812E+00
  2.7828E+00
  2.7848E+00
  2.7871E+00
  2.7898E+00
  2.7928E+00
  2.7962E+00
  2.7999E+00
  2.8038E+00
  2.8079E+00
  2.8121E+00
  2.8165E+00
  2.8210E+00
  2.8257E+00
  2.8303E+00
  2.8348E+00
  2.8397E+00
  2.8446E+00
  2.8496E+00
  2.8547E+00
  2.8598E+00
  2.8648E+00
  2.8696E+00
  2.8742E+00
  2.8785E+00
  2.8827E+00
  2.8871E+00
  2.8914E+00
  2.8954E+00
  2.8994E+00
  2.9032E+00
  2.9070E+00
  2.9108E+00
  2.9146E+00
  2.9184E+00
  2.9220E+00
  2.9255E+00
  2.9289E+00
  2.9320E+00
  2.9349E+00
  2.9373E+00
  2.9393E+00
  2.9410E+00
  2.9425E+00
  2.9440E+00
  2.9453E+00
  2.9465E+00
  2.9475E+00
  2.9482E+00
  2.9485E+00
  2.9485E+00
  2.9481E+00
  2.9472E+00
  2.9458E+00
  2.9439E+00
  2.9416E+00
  2.9392E+00
  2.9366E+00
  2.9340E+00
  2.9314E+00
  2.9286E+00
  2.9256E+00
  2.9223E+00
  2.9187E+00
  2.9150E+00
  2.9110E+00
  2.9069E+00
  2.9028E+00
  2.8987E+00
  2.8948E+00
  2.8912E+00
  2.8880E+00
  2.8849E+00
  2.8822E+00
  2.8796E+00
  2.8771E+00
  2.8746E+00
  2.8722E+00
  2.8697E+00
  2.8671E+00
  2.8646E+00
  2.8623E+00
  2.8603E+00
  2.8586E+00
  2.8570E+00
  2.8556E+00
  2.8543E+00
  2.8532E+00
  2.8523E+00
  2.8517E+00
  2.8516E+00
  2.8520E+00
  2.8530E+00
  2.8546E+00
  2.8569E+00
  2.8596E+00
  2.8626E+00
  2.8659E+00
  2.8697E+00
  2.8740E+00
  2.8787E+00
  2.8839E+00
  2.8893E+00
  2.8949E+00
  2.9006E+00
  2.9063E+00
  2.9122E+00
  2.9179E+00
  2.9235E+00
  2.9290E+00
  2.9344E+00
  2.9397E+00
  2.9449E+00
  2.9497E+00
  2.9543E+00
  2.9585E+00
  2.9626E+00
  2.9667E+00
  2.9709E+00
  2.9751E+00
  2.9792E+00
  2.9831E+00
  2.9862E+00
  2.9892E+00
  2.9919E+00
  2.9945E+00
  2.9969E+00
  2.9992E+00
  3.0013E+00
  3.0034E+00
  3.0054E+00
  3.0076E+00
  3.0099E+00
  3.0126E+00
  3.0157E+00
  3.0187E+00
  3.0217E+00
  3.0244E+00
  3.0268E+00
  3.0288E+00
  3.0306E+00
  3.0322E+00
  3.0338E+00
  3.0355E+00
  3.0373E+00
  3.0390E+00
  3.0406E+00
  3.0423E+00
  3.0441E+00
  3.0462E+00
  3.0485E+00
  3.0511E+00
  3.0539E+00
  3.0567E+00
  3.0593E+00
  3.0618E+00
  3.0643E+00
  3.0666E+00
  3.0689E+00
  3.0713E+00
  3.0738E+00
  3.0764E+00
  3.0789E+00
  3.0811E+00
  3.0830E+00
  3.0846E+00
  3.0859E+00
  3.0870E+00
  3.0877E+00
  3.0881E+00
  3.0881E+00
  3.0877E+00
  3.0869E+00
  3.0859E+00
  3.0849E+00
  3.0840E+00
  3.0833E+00
  3.0827E+00
  3.0820E+00
  3.0813E+00
  3.0805E+00
  3.0795E+00
  3.0785E+00
  3.0774E+00
  3.0764E+00
  3.0756E+00
  3.0752E+00
  3.0752E+00
  3.0756E+00
  3.0764E+00
  3.0777E+00
  3.0792E+00
  3.0810E+00
  3.0828E+00
  3.0849E+00
  3.0870E+00
  3.0892E+00
  3.0916E+00
  3.0942E+00
  3.0968E+00
  3.0997E+00
  3.1030E+00
  3.1067E+00
  3.1109E+00
  3.1153E+00
  3.1198E+00
  3.1246E+00
  3.1298E+00
  3.1353E+00
  3.1413E+00
  3.1477E+00
  3.1548E+00
  3.1624E+00
  3.1703E+00
  3.1784E+00
  3.1863E+00
  3.1941E+00
  3.2015E+00
  3.2087E+00
  3.2156E+00
  3.2222E+00
  3.2285E+00
  3.2345E+00
  3.2400E+00
  3.2449E+00
  3.2489E+00
  3.2522E+00
  3.2547E+00
  3.2564E+00
  3.2574E+00
  3.2577E+00
  3.2576E+00
  3.2571E+00
  3.2563E+00
  3.2551E+00
  3.2535E+00
  3.2515E+00
  3.2493E+00
  3.2468E+00
  3.2436E+00
  3.2398E+00
  3.2354E+00
  3.2306E+00
  3.2254E+00
  3.2199E+00
  3.2143E+00
  3.2084E+00
  3.2023E+00
  3.1963E+00
  3.1903E+00
  3.1845E+00
  3.1788E+00
  3.1732E+00
  3.1675E+00
  3.1618E+00
  3.1561E+00
  3.1505E+00
  3.1450E+00
  3.1395E+00
  3.1338E+00
  3.1279E+00
  3.1217E+00
  3.1149E+00
  3.1076E+00
  3.0998E+00
  3.0917E+00
  3.0837E+00
  3.0759E+00
  3.0678E+00
  3.0595E+00
  3.0510E+00
  3.0424E+00
  3.0337E+00
  3.0251E+00
  3.0166E+00
  3.0082E+00
  3.0001E+00
  2.9922E+00
  2.9846E+00
  2.9772E+00
  2.9700E+00
  2.9630E+00
  2.9563E+00
  2.9502E+00
  2.9445E+00
  2.9392E+00
  2.9342E+00
  2.9291E+00
  2.9237E+00
  2.9178E+00
  2.9116E+00
  2.9052E+00
  2.8988E+00
  2.8922E+00
  2.8855E+00
  2.8785E+00
  2.8710E+00
  2.8630E+00
  2.8547E+00
  2.8459E+00
  2.8368E+00
  2.8275E+00
  2.8180E+00
  2.8084E+00
  2.7988E+00
  2.7895E+00
  2.7803E+00
  2.7713E+00
  2.7625E+00
  2.7538E+00
  2.7449E+00
  2.7362E+00
  2.7277E+00
  2.7195E+00
  2.7113E+00
  2.7032E+00
  2.6952E+00
  2.6872E+00
  2.6792E+00
  2.6713E+00
  2.6637E+00
  2.6565E+00
  2.6498E+00
  2.6436E+00
  2.6381E+00
  2.6330E+00
  2.6283E+00
  2.6241E+00
  2.6204E+00
  2.6171E+00
  2.6142E+00
  2.6116E+00
  2.6093E+00
  2.6072E+00
  2.6053E+00
  2.6036E+00
  2.6022E+00
  2.6010E+00
  2.6003E+00
  2.6000E+00
  2.6000E+00
  2.6003E+00
  2.6008E+00
  2.6014E+00
  2.6023E+00
  2.6030E+00
  2.6038E+00
  2.6047E+00
  2.6056E+00
  2.6066E+00
  2.6075E+00
  2.6084E+00
  2.6090E+00
  2.6094E+00
  2.6094E+00
  2.6092E+00
  2.6091E+00
  2.6090E+00
  2.6091E+00
  2.6095E+00
  2.6100E+00
  2.6105E+00
  2.6111E+00
  2.6118E+00
  2.6126E+00
  2.6135E+00
  2.6143E+00
  2.6151E+00
  2.6159E+00
  2.6168E+00
  2.6176E+00
  2.6184E+00
  2.6190E+00
  2.6196E+00
  2.6203E+00
  2.6212E+00
  2.6221E+00
  2.6228E+00
  2.6234E+00
  2.6238E+00
  2.6241E+00
  2.6243E+00
  2.6247E+00
  2.6251E+00
  2.6254E+00
  2.6255E+00
  2.6254E+00
  2.6251E+00
  2.6248E+00
  2.6242E+00
  2.6235E+00
  2.6225E+00
  2.6214E+00
  2.6201E+00
  2.6188E+00
  2.6174E+00
  2.6158E+00
  2.6138E+00
  2.6116E+00
  2.6092E+00
  2.6066E+00
  2.6039E+00
  2.6009E+00
  2.5975E+00
  2.5939E+00
  2.5901E+00
  2.5864E+00
  2.5830E+00
  2.5798E+00
  2.5769E+00
  2.5744E+00
  2.5724E+00
  2.5708E+00
  2.5697E+00
  2.5690E+00
  2.5688E+00
  2.5690E+00
  2.5694E+00
  2.5701E+00
  2.5709E+00
  2.5721E+00
  2.5739E+00
  2.5761E+00
  2.5790E+00
  2.5824E+00
  2.5862E+00
  2.5904E+00
  2.5949E+00
  2.5995E+00
  2.6044E+00
  2.6096E+00
  2.6152E+00
  2.6212E+00
  2.6273E+00
  2.6334E+00
  2.6395E+00
  2.6456E+00
  2.6517E+00
  2.6577E+00
  2.6637E+00
  2.6696E+00
  2.6756E+00
  2.6817E+00
  2.6880E+00
  2.6941E+00
  2.7000E+00
  2.7055E+00
  2.7107E+00
  2.7157E+00
  2.7202E+00
  2.7243E+00
  2.7283E+00
  2.7322E+00
  2.7360E+00
  2.6344E-01
  2.6196E-01
  2.5971E-01
  2.5571E-01
  2.4966E-01
  2.4176E-01
  2.3190E-01
  2.2053E-01
  2.0880E-01
  1.9694E-01
  1.8543E-01
  1.7481E-01
  1.6525E-01
  1.5735E-01
  1.5134E-01
  1.4703E-01
  1.4440E-01
  1.4337E-01
  1.4408E-01
  1.4608E-01
  1.4909E-01
  1.5341E-01
  1.5876E-01
  1.6505E-01
  1.7173E-01
  1.7904E-01
  1.8717E-01
  1.9566E-01
  2.0409E-01
  2.1282E-01
  2.2189E-01
  2.3124E-01
  2.4021E-01
  2.4888E-01
  2.5789E-01
  2.6709E-01
  2.7573E-01
  2.8406E-01
  2.9259E-01
  3.0106E-01
  3.0905E-01
  3.1691E-01
  3.2490E-01
  3.3280E-01
  3.4030E-01
  3.4790E-01
  3.5547E-01
  3.6295E-01
  3.7020E-01
  3.7729E-01
  3.8483E-01
  3.9224E-01
  3.9939E-01
  4.0675E-01
  4.1376E-01
  4.2084E-01
  4.2794E-01
  4.3473E-01
  4.4137E-01
  4.4843E-01
  4.5503E-01
  4.6119E-01
  4.6767E-01
  4.7415E-01
  4.8055E-01
  4.8668E-01
  4.9269E-01
  4.9838E-01
  5.0372E-01
  5.0936E-01
  5.1496E-01
  5.1999E-01
  5.2483E-01
  5.2945E-01
  5.3360E-01
  5.3798E-01
  5.4150E-01
  5.4429E-01
  5.4691E-01
  5.4817E-01
  5.4943E-01
  5.4987E-01
  5.4975E-01
  5.4971E-01
  5.4887E-01
  5.4846E-01
  5.4803E-01
  5.4721E-01
  5.4596E-01
  5.4294E-01
  5.3847E-01
  5.3319E-01
  5.2661E-01
  5.2004E-01
  5.1347E-01
  5.0581E-01
  4.9926E-01
  4.9355E-01
  4.8729E-01
  4.8085E-01
  4.7453E-01
  4.6772E-01
  4.6043E-01
  4.5313E-01
  4.4527E-01
  4.3515E-01
  4.2300E-01
  4.1071E-01
  3.9944E-01
  3.8819E-01
  3.7333E-01
  3.5592E-01
  3.3902E-01
  3.2109E-01
  3.0215E-01
  2.8372E-01
  2.6493E-01
  2.4554E-01
  2.2707E-01
  2.0773E-01
  1.8580E-01
  1.6450E-01
  1.4309E-01
  1.2005E-01
  9.7240E-02
  7.8632E-02
  6.5430E-02
  5.1022E-02
  3.2413E-02
  1.3206E-02
 -7.2021E-03
 -2.8248E-02
 -4.8069E-02
 -6.7043E-02
 -8.3492E-02
 -9.8667E-02
 -1.1132E-01
 -1.2333E-01
 -1.3914E-01
 -1.6001E-01
 -1.8469E-01
 -2.0935E-01
 -2.3275E-01
 -2.5299E-01
 -2.6754E-01
 -2.7512E-01
 -2.7955E-01
 -2.8967E-01
 -3.0675E-01
 -3.2573E-01
 -3.4407E-01
 -3.6051E-01
 -3.7189E-01
 -3.7316E-01
 -3.6873E-01
 -3.6761E-01
 -3.6929E-01
 -3.7082E-01
 -3.6816E-01
 -3.5879E-01
 -3.4477E-01
 -3.3475E-01
 -3.3474E-01
 -3.4277E-01
 -3.5680E-01
 -3.6777E-01
 -3.7999E-01
 -4.0010E-01
 -4.1488E-01
 -4.1137E-01
 -3.9657E-01
 -3.8883E-01
 -3.9516E-01
 -4.0503E-01
 -4.1277E-01
 -4.1208E-01
 -4.0432E-01
 -3.9938E-01
 -3.9729E-01
 -4.0010E-01
 -4.0854E-01
 -4.2264E-01
 -4.3953E-01
 -4.5786E-01
 -4.6841E-01
 -4.6211E-01
 -4.5437E-01
 -4.5658E-01
 -4.5732E-01
 -4.4765E-01
 -4.3278E-01
 -4.2461E-01
 -4.1940E-01
 -4.1047E-01
 -4.0452E-01
 -4.0900E-01
 -4.1716E-01
 -4.1344E-01
 -3.9933E-01
 -3.8593E-01
 -3.7775E-01
 -3.7478E-01
 -3.7553E-01
 -3.7329E-01
 -3.6808E-01
 -3.6436E-01
 -3.6066E-01
 -3.6065E-01
 -3.6769E-01
 -3.7323E-01
 -3.7038E-01
 -3.6614E-01
 -3.7020E-01
 -3.7733E-01
 -3.8548E-01
 -3.9428E-01
 -3.9510E-01
 -3.8627E-01
 -3.7506E-01
 -3.7184E-01
 -3.7585E-01
 -3.7346E-01
 -3.6543E-01
 -3.6079E-01
 -3.6279E-01
 -3.6940E-01
 -3.7169E-01
 -3.6863E-01
 -3.6253E-01
 -3.5262E-01
 -3.4040E-01
 -3.2818E-01
 -3.2133E-01
 -3.2248E-01
 -3.2721E-01
 -3.3001E-01
 -3.2783E-01
 -3.2346E-01
 -3.2056E-01
 -3.2274E-01
 -3.2855E-01
 -3.3291E-01
 -3.3582E-01
 -3.3926E-01
 -3.3891E-01
 -3.3437E-01
 -3.3229E-01
 -3.3437E-01
 -3.3783E-01
 -3.3990E-01
 -3.4198E-01
 -3.4267E-01
 -3.4337E-01
 -3.4625E-01
 -3.4795E-01
 -3.4944E-01
 -3.5009E-01
 -3.5009E-01
 -3.5010E-01
 -3.4812E-01
 -3.4415E-01
 -3.3624E-01
 -3.2438E-01
 -3.1189E-01
 -3.0110E-01
 -2.9072E-01
 -2.8068E-01
 -2.7377E-01
 -2.6937E-01
 -2.6310E-01
 -2.5745E-01
 -2.5681E-01
 -2.5807E-01
 -2.5917E-01
 -2.6019E-01
 -2.6013E-01
 -2.5894E-01
 -2.5654E-01
 -2.5356E-01
 -2.5117E-01
 -2.4937E-01
 -2.4578E-01
 -2.4040E-01
 -2.3576E-01
 -2.3347E-01
 -2.3351E-01
 -2.3351E-01
 -2.3351E-01
 -2.3579E-01
 -2.3806E-01
 -2.3692E-01
 -2.3294E-01
 -2.2668E-01
 -2.1955E-01
 -2.1148E-01
 -2.0286E-01
 -1.9582E-01
 -1.9093E-01
 -1.8767E-01
 -1.8443E-01
 -1.7845E-01
 -1.7087E-01
 -1.6381E-01
 -1.5891E-01
 -1.5611E-01
 -1.5446E-01
 -1.5291E-01
 -1.5084E-01
 -1.4775E-01
 -1.4361E-01
 -1.3999E-01
 -1.3741E-01
 -1.3535E-01
 -1.3453E-01
 -1.3380E-01
 -1.3185E-01
 -1.3087E-01
 -1.3037E-01
 -1.2939E-01
 -1.2742E-01
 -1.2448E-01
 -1.2152E-01
 -1.2004E-01
 -1.1857E-01
 -1.1562E-01
 -1.1316E-01
 -1.1168E-01
 -1.1217E-01
 -1.1316E-01
 -1.1316E-01
 -1.1414E-01
 -1.1463E-01
 -1.1463E-01
 -1.1553E-01
 -1.1790E-01
 -1.2088E-01
 -1.2323E-01
 -1.2463E-01
 -1.2511E-01
 -1.2651E-01
 -1.2791E-01
 -1.2886E-01
 -1.3072E-01
 -1.3167E-01
 -1.3166E-01
 -1.3214E-01
 -1.3213E-01
 -1.3213E-01
 -1.3214E-01
 -1.3260E-01
 -1.3214E-01
 -1.3072E-01
 -1.2839E-01
 -1.2510E-01
 -1.2323E-01
 -1.2182E-01
 -1.2089E-01
 -1.2042E-01
 -1.1901E-01
 -1.1761E-01
 -1.1667E-01
 -1.1667E-01
 -1.1667E-01
 -1.1574E-01
 -1.1495E-01
 -1.1400E-01
 -1.1334E-01
 -1.1335E-01
 -1.1156E-01
 -1.0754E-01
 -1.0397E-01
 -1.0219E-01
 -1.0085E-01
 -9.9514E-02
 -9.8925E-02
 -9.8689E-02
 -9.8598E-02
 -9.7751E-02
 -9.6050E-02
 -9.5198E-02
 -9.4773E-02
 -9.3074E-02
 -9.0524E-02
 -8.8398E-02
 -8.6274E-02
 -8.4575E-02
 -8.4148E-02
 -8.3724E-02
 -8.3299E-02
 -8.4573E-02
 -8.4999E-02
 -8.3724E-02
 -8.2449E-02
 -8.0325E-02
 -7.6923E-02
 -7.3524E-02
 -7.0550E-02
 -6.7574E-02
 -6.5874E-02
 -6.5026E-02
 -6.4599E-02
 -6.4543E-02
 -6.4219E-02
 -6.3951E-02
 -6.3547E-02
 -6.3143E-02
 -6.2332E-02
 -6.0308E-02
 -5.8285E-02
 -5.7071E-02
 -5.5856E-02
 -5.4247E-02
 -5.2562E-02
 -5.0498E-02
 -4.8571E-02
 -4.7801E-02
 -4.7414E-02
 -4.7028E-02
 -4.7029E-02
 -4.7414E-02
 -4.8184E-02
 -4.9342E-02
 -5.0114E-02
 -5.0113E-02
 -4.9341E-02
 -4.7801E-02
 -4.5874E-02
 -4.2788E-02
 -3.9319E-02
 -3.6130E-02
 -3.3742E-02
 -3.2676E-02
 -3.1940E-02
 -3.1939E-02
 -3.2675E-02
 -3.3408E-02
 -3.4511E-02
 -3.5612E-02
 -3.6345E-02
 -3.6346E-02
 -3.5609E-02
 -3.4877E-02
 -3.3167E-02
 -3.0577E-02
 -2.9370E-02
 -2.8670E-02
 -2.7622E-02
 -2.5874E-02
 -2.3427E-02
 -2.1678E-02
 -2.0280E-02
 -1.8182E-02
 -1.5035E-02
 -1.2588E-02
 -1.0839E-02
 -9.0904E-03
 -8.3914E-03
 -8.0414E-03
 -7.3414E-03
 -5.9433E-03
 -4.5462E-03
 -3.4962E-03
 -2.7962E-03
 -2.7981E-03
 -2.4471E-03
 -1.7490E-03
 -3.5000E-04
  1.3990E-03
  3.1471E-03
  5.9443E-03
  8.3923E-03
  9.4414E-03
  9.7904E-03
  9.4395E-03
  9.4404E-03
  1.0489E-02
  1.0839E-02
  1.0353E-02
  8.7929E-03
  6.2742E-03
  4.0588E-03
  2.2154E-03
  1.1072E-03
  3.6907E-04
  0.0000E+00
  3.6812E-04
  7.3814E-04
  1.1082E-03
  1.1063E-03
  1.1072E-03
  1.4772E-03
  2.2144E-03
  3.3216E-03
  4.0588E-03
  4.7970E-03
  5.9061E-03
  7.0133E-03
  7.7505E-03
  8.8577E-03
  9.9659E-03
  1.0334E-02
  9.9649E-03
  9.5949E-03
  9.5959E-03
  1.0136E-02
  1.0972E-02
  1.2302E-02
  1.4762E-02
  1.7926E-02
  2.1091E-02
  2.4605E-02
  2.7769E-02
  2.9877E-02
  3.1986E-02
  3.3040E-02
  3.3493E-02
  3.4054E-02
  3.5148E-02
  3.6823E-02
  3.8498E-02
  4.0506E-02
  4.3183E-02
  4.5527E-02
  4.7201E-02
  4.8874E-02
  4.9879E-02
  5.0550E-02
  5.2222E-02
  5.4900E-02
  5.7579E-02
  5.9921E-02
  6.1930E-02
  6.4111E-02
  6.5180E-02
  6.5676E-02
  6.6314E-02
  6.6952E-02
  6.8227E-02
  6.9183E-02
  6.9821E-02
  7.0458E-02
  7.1733E-02
  7.3965E-02
  7.6517E-02
  7.9067E-02
  8.0979E-02
  8.1298E-02
  8.0023E-02
  7.9386E-02
  8.0121E-02
  8.1742E-02
  8.3629E-02
  8.4309E-02
  8.3286E-02
  8.0906E-02
  7.8190E-02
  7.5129E-02
  7.2069E-02
  7.0029E-02
  7.0029E-02
  7.1389E-02
  7.2410E-02
  7.1948E-02
  6.9648E-02
  6.6404E-02
  6.2455E-02
  5.8149E-02
  5.4916E-02
  5.4200E-02
  5.5635E-02
  5.6710E-02
  5.6713E-02
  5.5637E-02
  5.1687E-02
  4.5942E-02
  4.0919E-02
  3.7331E-02
  3.3021E-02
  2.6920E-02
  2.0459E-02
  1.3384E-02
  7.0820E-03
  1.1330E-03
 -6.0453E-03
 -1.3226E-02
 -2.0783E-02
 -2.8720E-02
 -3.5522E-02
 -3.9801E-02
 -4.2831E-02
 -4.7432E-02
 -5.2612E-02
 -5.7395E-02
 -6.2635E-02
 -6.7560E-02
 -7.1754E-02
 -7.5536E-02
 -7.8470E-02
 -8.0986E-02
 -8.4764E-02
 -8.9798E-02
 -9.4413E-02
 -9.7772E-02
 -9.9036E-02
 -9.9032E-02
 -9.8191E-02
 -9.7772E-02
 -9.9449E-02
 -1.0197E-01
 -1.0365E-01
 -1.0407E-01
 -1.0533E-01
 -1.0742E-01
 -1.0826E-01
 -1.0701E-01
 -1.0481E-01
 -1.0311E-01
 -1.0151E-01
 -1.0231E-01
 -1.0551E-01
 -1.0711E-01
 -1.0550E-01
 -1.0151E-01
 -9.7913E-02
 -9.3918E-02
 -8.8718E-02
 -8.4322E-02
 -8.1126E-02
 -7.7931E-02
 -7.4732E-02
 -7.2336E-02
 -6.9539E-02
 -6.6339E-02
 -6.3143E-02
 -6.0346E-02
 -5.7150E-02
 -5.3950E-02
 -5.1153E-02
 -4.8756E-02
 -4.6573E-02
 -4.5779E-02
 -4.7956E-02
 -5.1004E-02
 -5.2903E-02
 -5.3664E-02
 -5.2907E-02
 -5.1001E-02
 -4.9478E-02
 -4.8340E-02
 -4.7957E-02
 -4.7194E-02
 -4.5673E-02
 -4.3769E-02
 -4.2247E-02
 -4.1488E-02
 -4.0724E-02
 -3.9964E-02
 -3.8830E-02
 -3.8598E-02
 -3.9511E-02
 -3.9873E-02
 -4.0236E-02
 -3.9874E-02
 -3.8785E-02
 -3.8786E-02
 -3.9512E-02
 -4.0597E-02
 -4.3136E-02
 -4.6036E-02
 -4.8937E-02
 -5.1836E-02
 -5.4371E-02
 -5.6911E-02
 -5.9086E-02
 -6.0533E-02
 -6.1395E-02
 -6.1016E-02
 -6.0189E-02
 -5.9405E-02
 -5.8624E-02
 -5.8625E-02
 -5.9406E-02
 -5.9798E-02
 -5.9404E-02
 -5.8233E-02
 -5.6668E-02
 -5.5890E-02
 -5.5106E-02
 -5.3543E-02
 -5.1197E-02
 -4.8463E-02
 -4.6511E-02
 -4.6245E-02
 -4.6266E-02
 -4.5411E-02
 -4.4666E-02
 -4.4293E-02
 -4.3549E-02
 -4.2805E-02
 -4.2433E-02
 -4.2062E-02
 -4.0943E-02
 -3.9353E-02
 -3.8022E-02
 -3.6866E-02
 -3.5095E-02
 -3.3323E-02
 -3.2259E-02
 -3.1194E-02
 -2.9778E-02
 -2.8714E-02
 -2.7297E-02
 -2.5878E-02
 -2.5167E-02
 -2.4815E-02
 -2.5169E-02
 -2.4874E-02
 -2.4591E-02
 -2.4983E-02
 -2.4984E-02
 -2.4307E-02
 -2.2959E-02
 -2.1944E-02
 -2.0932E-02
 -1.9918E-02
 -1.9581E-02
 -1.9671E-02
 -1.9530E-02
 -1.8971E-02
 -1.8328E-02
 -1.8327E-02
 -1.8650E-02
 -1.9614E-02
 -2.1542E-02
 -2.3150E-02
 -2.4115E-02
 -2.3794E-02
 -2.2871E-02
 -2.1413E-02
 -1.8987E-02
 -1.6843E-02
 -1.5617E-02
 -1.5310E-02
 -1.5312E-02
 -1.5312E-02
 -1.5924E-02
 -1.6230E-02
 -1.6618E-02
 -1.6835E-02
 -1.5749E-02
 -1.4291E-02
 -1.2833E-02
 -1.1374E-02
 -1.0208E-02
 -9.3327E-03
 -8.4581E-03
 -8.4572E-03
 -9.4872E-03
 -1.0945E-02
 -1.2777E-02
 -1.4721E-02
 -1.6110E-02
 -1.7220E-02
 -1.8054E-02
 -1.8610E-02
 -1.8887E-02
 -1.9165E-02
 -1.9165E-02
 -1.8610E-02
 -1.7498E-02
 -1.6943E-02
 -1.7499E-02
 -1.7603E-02
 -1.7443E-02
 -1.7458E-02
 -1.7724E-02
 -1.8517E-02
 -1.9575E-02
 -1.9576E-02
 -1.8517E-02
 -1.7194E-02
 -1.5607E-02
 -1.3755E-02
 -1.2168E-02
 -1.1110E-02
 -9.7876E-03
 -9.2592E-03
 -9.5224E-03
 -9.7871E-03
 -1.0053E-02
 -1.0317E-02
 -1.0581E-02
 -1.0581E-02
 -1.0329E-02
 -9.8257E-03
 -9.8257E-03
 -1.0077E-02
 -1.0330E-02
 -1.0833E-02
 -1.0832E-02
 -1.1085E-02
 -1.1338E-02
 -1.1588E-02
 -1.1841E-02
 -1.1840E-02
 -1.2345E-02
 -1.3353E-02
 -1.4360E-02
 -1.5116E-02
 -1.5831E-02
 -1.6411E-02
 -1.6796E-02
 -1.7035E-02
 -1.7275E-02
 -1.7995E-02
 -1.8862E-02
 -1.8857E-02
 -1.8230E-02
 -1.6916E-02
 -1.6054E-02
 -1.5460E-02
 -1.4865E-02
 -1.4866E-02
 -1.4864E-02
 -1.4568E-02
 -1.4270E-02
 -1.3974E-02
 -1.3379E-02
 -1.2835E-02
 -1.2237E-02
 -1.1609E-02
 -1.1043E-02
 -1.0477E-02
 -9.6273E-03
 -8.7781E-03
 -8.4944E-03
 -8.2107E-03
 -7.6447E-03
 -7.2227E-03
 -6.7778E-03
 -5.9323E-03
 -4.8532E-03
 -3.5062E-03
 -2.1572E-03
 -1.0786E-03
 -2.6941E-04
  5.3930E-04
  1.6179E-03
  2.6250E-03
  3.6082E-03
  4.1089E-03
  4.3664E-03
  4.6229E-03
  4.8795E-03
  5.1365E-03
  5.6500E-03
  5.9071E-03
  5.9071E-03
  6.4201E-03
  6.6786E-03
  6.9342E-03
  6.6772E-03
  5.9066E-03
  5.3935E-03
  4.8800E-03
  4.3659E-03
  4.1094E-03
  3.3388E-03
  2.2697E-03
  1.2226E-03
 -2.4462E-04
 -1.2226E-03
 -1.2226E-03
 -1.2231E-03
 -1.7123E-03
 -1.9569E-03
 -2.2016E-03
 -2.6903E-03
 -3.1796E-03
 -2.9354E-03
 -2.4457E-03
 -1.7118E-03
 -7.3385E-04
 -2.4557E-04
  4.5633E-04
  1.3976E-03
  2.0967E-03
  2.7947E-03
  3.7270E-03
  4.4265E-03
  4.8914E-03
  5.3573E-03
  6.0573E-03
  6.7554E-03
  6.9880E-03
  6.7558E-03
  6.5222E-03
  6.0568E-03
  5.5909E-03
  5.3573E-03
  5.1246E-03
  5.1250E-03
  5.1241E-03
  5.1246E-03
  5.3587E-03
  5.4846E-03
  5.5714E-03
  5.7683E-03
  5.9896E-03
  6.6557E-03
  7.3209E-03
  7.7648E-03
  8.8744E-03
  1.0649E-02
  1.2423E-02
  1.4198E-02
  1.5530E-02
  1.6418E-02
  1.7527E-02
  1.8635E-02
  1.9744E-02
  2.0854E-02
  2.2186E-02
  2.3517E-02
  2.4848E-02
  2.5957E-02
  2.6178E-02
  2.6401E-02
  2.6623E-02
  2.6845E-02
  2.7288E-02
  2.7731E-02
  2.8175E-02
  2.8620E-02
  2.8619E-02
  2.8841E-02
  2.9285E-02
  2.9727E-02
  3.0171E-02
  2.9729E-02
  2.9063E-02
  2.8397E-02
  2.7510E-02
  2.7065E-02
  2.6622E-02
  2.6179E-02
  2.6401E-02
  2.6623E-02
  2.6623E-02
  2.6178E-02
  2.5290E-02
  2.4182E-02
  2.2851E-02
  2.1298E-02
  1.9967E-02
  1.9079E-02
  1.8498E-02
  1.8059E-02
  1.7537E-02
  1.7115E-02
  1.6902E-02
  1.6902E-02
  1.6693E-02
  1.6480E-02
  1.6058E-02
  1.5636E-02
  1.5846E-02
  1.5846E-02
  1.5425E-02
  1.5423E-02
  1.5846E-02
  1.6270E-02
  1.6691E-02
  1.7113E-02
  1.7537E-02
  1.7960E-02
  1.7959E-02
  1.7959E-02
  1.8172E-02
  1.8382E-02
  1.8382E-02
  1.8383E-02
  1.8171E-02
  1.7113E-02
  1.5847E-02
  1.4579E-02
  1.3522E-02
  1.2889E-02
  1.2888E-02
  1.3100E-02
  1.3100E-02
  1.3100E-02
  1.2677E-02
  1.2043E-02
  1.1409E-02
  1.0776E-02
  1.0355E-02
  9.9297E-03
  9.0847E-03
  8.4519E-03
  8.2412E-03
  8.0280E-03
  8.0285E-03
  8.2407E-03
  8.4510E-03
  8.6622E-03
  9.5091E-03
  1.1089E-02
  1.2506E-02
  1.3705E-02
  1.4907E-02
  1.5147E-02
  1.5147E-02
  1.5388E-02
  1.5868E-02
  1.6830E-02
  1.7792E-02
  1.9234E-02
  2.0437E-02
  2.1398E-02
  2.2119E-02
  2.2360E-02
  2.2601E-02
  2.2360E-02
  2.2119E-02
  2.1774E-02
  2.0576E-02
  1.8775E-02
  1.6716E-02
  1.4425E-02
  1.1678E-02
  9.1586E-03
  7.5569E-03
  6.1831E-03
  5.0368E-03
  4.5805E-03
  4.5786E-03
  4.5800E-03
  4.3507E-03
  3.8915E-03
  2.7485E-03
  1.3738E-03
 -2.2793E-04
 -2.0614E-03
 -3.7761E-03
 -5.4722E-03
 -6.9780E-03
 -8.0690E-03
 -8.9412E-03
 -1.0249E-02
 -1.1558E-02
 -1.2649E-02
 -1.3084E-02
 -1.3290E-02
 -1.3401E-02
 -1.3316E-02
 -1.2856E-02
 -1.2168E-02
 -1.1479E-02
 -1.0562E-02
 -9.6421E-03
 -8.7237E-03
 -8.0361E-03
 -7.5765E-03
 -6.6586E-03
 -5.9686E-03
 -5.2810E-03
 -4.5905E-03
 -4.3159E-03
 -3.9840E-03
 -3.2802E-03
 -1.7505E-03
 -2.1696E-04
  6.9189E-04
  1.3809E-03
  2.0719E-03
  3.2229E-03
  4.3740E-03
  4.6048E-03
  4.7164E-03
  4.8375E-03
  5.0926E-03
  5.5776E-03
  5.5780E-03
  5.5780E-03
  5.5780E-03
  5.5776E-03
  6.0630E-03
  6.7902E-03
  7.7610E-03
  8.7304E-03
  9.7008E-03
  1.0671E-02
  1.1641E-02
  1.2611E-02
  1.3580E-02
  1.4309E-02
  1.4551E-02
  1.4550E-02
  1.4551E-02
  1.4551E-02
  1.4309E-02
  1.3581E-02
  1.2853E-02
  1.2198E-02
  1.1432E-02
  1.1086E-02
  1.1086E-02
  1.1318E-02
  1.1779E-02
  1.2241E-02
  1.2703E-02
  1.2934E-02
  1.2703E-02
  1.2293E-02
  1.2212E-02
  1.2318E-02
  1.2979E-02
  1.4078E-02
  1.5398E-02
  1.7378E-02
  1.9577E-02
  2.1777E-02
  2.3757E-02
  2.5517E-02
  2.6616E-02
  2.7276E-02
  2.7277E-02
  2.6176E-02
  2.5077E-02
  2.4196E-02
  2.2878E-02
  2.1337E-02
  1.9797E-02
  1.7598E-02
  1.5397E-02
  1.3031E-02
  1.0630E-02
  8.5816E-03
  6.7959E-03
  5.5285E-03
  4.1542E-03
  2.4428E-03
  9.7656E-04
 -2.4414E-04
 -1.2217E-03
 -1.7099E-03
 -2.4433E-03
 -3.4204E-03
 -4.1528E-03
 -4.8862E-03
 -5.8637E-03
 -7.0848E-03
 -8.5502E-03
 -9.5272E-03
 -1.0016E-02
 -1.0261E-02
 -9.5282E-03
 -8.7304E-03
 -8.7509E-03
 -9.0747E-03
 -9.5396E-03
 -1.0470E-02
 -1.1401E-02
 -1.2099E-02
 -1.2797E-02
 -1.3263E-02
 -1.3494E-02
 -1.2797E-02
 -1.1866E-02
 -1.1401E-02
 -1.1168E-02
 -1.1167E-02
 -1.1401E-02
 -1.1867E-02
 -1.1867E-02
 -1.1401E-02
 -1.1401E-02
 -1.1866E-02
 -1.2332E-02
 -1.2797E-02
 -1.3728E-02
 -1.5031E-02
 -1.6688E-02
 -1.8172E-02
 -1.8613E-02
 -1.8835E-02
 -1.8836E-02
 -1.7949E-02
 -1.6397E-02
 -1.4182E-02
 -1.1745E-02
 -9.5282E-03
 -7.5340E-03
 -6.4268E-03
 -5.7611E-03
 -5.0964E-03
 -4.6539E-03
 -4.4312E-03
 -3.9883E-03
 -3.1023E-03
 -2.4376E-03
 -1.5502E-03
  2.2125E-04
  2.4366E-03
  4.2105E-03
  5.9829E-03
  7.5340E-03
  8.4209E-03
  9.3064E-03
  9.9711E-03
  1.0415E-02
  1.1079E-02
  1.1744E-02
  1.2853E-02
  1.4625E-02
  1.5733E-02
  1.6620E-02
  1.7285E-02
  1.7283E-02
  1.6619E-02
  1.5734E-02
  1.5068E-02
  1.3738E-02
  1.2410E-02
  1.1301E-02
  1.0414E-02
  9.9726E-03
  9.5282E-03
  8.8630E-03
  7.7548E-03
  6.4268E-03
  5.3177E-03
  4.2100E-03
  3.1033E-03
  2.2159E-03
  1.3294E-03
  6.6519E-04
  6.6423E-04
  1.1067E-03
  2.2163E-03
  3.9887E-03
  5.9829E-03
  8.1983E-03
  1.0194E-02
  1.1744E-02
  1.3295E-02
  1.4626E-02
  1.5068E-02
  1.5068E-02
  1.5069E-02
  1.4624E-02
  1.3739E-02
  1.2410E-02
  1.1079E-02
  9.5286E-03
  7.7548E-03
  6.4268E-03
  5.3186E-03
  4.4312E-03
  3.5462E-03
  2.6588E-03
  1.5502E-03
  6.6471E-04
  2.2125E-04
 -2.2173E-04
 -2.2125E-04
 -2.2221E-04
 -2.2221E-04
 -4.4394E-04
 -6.6423E-04
 -6.9571E-04
 -2.3508E-04
  1.1697E-03
  1.6508E-03
  1.4586E-03
  9.8562E-04
  4.9305E-04
  2.4652E-04
  0.0000E+00
 -2.4652E-04
 -1.2331E-03
 -2.2178E-03
 -3.4494E-03
 -4.6811E-03
 -5.1737E-03
 -5.5923E-03
 -6.1641E-03
 -7.0395E-03
 -7.9775E-03
 -8.6818E-03
 -9.8548E-03
 -1.1262E-02
 -1.2436E-02
 -1.3140E-02
 -1.3140E-02
 -1.2906E-02
 -1.2202E-02
 -1.1029E-02
 -1.0324E-02
 -9.6202E-03
 -8.9164E-03
 -8.9164E-03
 -8.9912E-03
 -9.2268E-03
 -9.6087E-03
 -1.0280E-02
 -1.1011E-02
 -1.1780E-02
 -1.2487E-02
 -1.2957E-02
 -1.3665E-02
 -1.4608E-02
 -1.6257E-02
 -1.8141E-02
 -1.9318E-02
 -2.0262E-02
 -2.0969E-02
 -2.0733E-02
 -2.0026E-02
 -1.8848E-02
 -1.7434E-02
 -1.6022E-02
 -1.4136E-02
 -1.2722E-02
 -1.1545E-02
 -1.0838E-02
 -1.0130E-02
 -8.9531E-03
 -8.0109E-03
 -7.0682E-03
 -6.3615E-03
 -5.4197E-03
 -4.4003E-03
 -3.8352E-03
 -3.5901E-03
 -3.3669E-03
 -3.3650E-03
 -3.3660E-03
 -2.9173E-03
 -2.6922E-03
 -2.2440E-03
 -1.3461E-03
 -2.2507E-04
  1.3466E-03
  2.6932E-03
  3.8137E-03
  5.1618E-03
  6.7310E-03
  8.3027E-03
  9.8724E-03
  1.1219E-02
  1.2117E-02
  1.2790E-02
  1.3172E-02
  1.3500E-02
  1.4104E-02
  1.4745E-02
  1.5599E-02
  1.6456E-02
  1.6668E-02
  1.7309E-02
  1.8164E-02
  1.9234E-02
  2.1156E-02
  2.2865E-02
  2.3934E-02
  2.4790E-02
  2.5003E-02
  2.4361E-02
  2.3934E-02
  2.3506E-02
  2.2867E-02
  2.2438E-02
  2.2438E-02
  2.2438E-02
  2.1799E-02
  2.0729E-02
  1.9019E-02
  1.7573E-02
  1.6528E-02
  1.5672E-02
  1.5264E-02
  1.4857E-02
  1.5265E-02
  1.6282E-02
  1.7190E-02
  1.8080E-02
  1.8887E-02
  2.0175E-02
  2.1463E-02
  2.2106E-02
  2.2321E-02
  2.1893E-02
  2.0819E-02
  1.9746E-02
  1.9103E-02
  1.8458E-02
  1.7814E-02
  1.7170E-02
  1.6098E-02
  1.4809E-02
  1.3522E-02
  1.2448E-02
  1.1590E-02
  1.0923E-02
  1.0328E-02
  9.5139E-03
  8.8339E-03
  8.1549E-03
  7.0219E-03
  6.5680E-03
  6.7959E-03
  7.0224E-03
  7.7009E-03
  7.9284E-03
  7.7019E-03
  7.7009E-03
  7.7009E-03
  8.3575E-03
  9.6707E-03
  1.1218E-02
  1.2728E-02
  1.3806E-02
  1.4669E-02
  1.4885E-02
  1.4022E-02
  1.2512E-02
  1.0571E-02
  8.1973E-03
  5.6090E-03
  3.2363E-03
  1.2937E-03
  2.1553E-04
 -6.4707E-04
 -1.2937E-03
 -1.5106E-03
 -2.3732E-03
 -3.6669E-03
 -4.9615E-03
 -6.4716E-03
 -7.9823E-03
 -8.8453E-03
 -9.4919E-03
 -9.9235E-03
 -9.9235E-03
 -9.9235E-03
 -9.9239E-03
 -1.0355E-02
 -1.1433E-02
 -1.2729E-02
 -1.3591E-02
 -1.3806E-02
 -1.4022E-02
 -1.3807E-02
 -1.2944E-02
 -1.1434E-02
 -9.7079E-03
 -8.1973E-03
 -7.3347E-03
 -7.3347E-03
 -7.3352E-03
 -7.7662E-03
 -8.4133E-03
 -8.8449E-03
 -9.4924E-03
 -9.9239E-03
 -9.7075E-03
 -9.7075E-03
 -9.7075E-03
 -9.2764E-03
 -8.8449E-03
 -8.6298E-03
 -8.1973E-03
 -7.5502E-03
 -7.1192E-03
 -6.0406E-03
 -4.3144E-03
 -2.5887E-03
 -1.0781E-03
  2.1601E-04
  1.2937E-03
  1.9422E-03
  2.5883E-03
  3.0198E-03
  3.4513E-03
  3.8843E-03
  3.8829E-03
  3.8829E-03
  3.8824E-03
  4.0994E-03
  4.0984E-03
  4.0984E-03
  4.5309E-03
  5.3930E-03
  6.6872E-03
  7.7662E-03
  8.4143E-03
  9.0604E-03
  9.7079E-03
  1.0500E-02
  1.1440E-02
  1.2036E-02
  1.2945E-02
  1.3853E-02
  1.4534E-02
  1.4761E-02
  1.4988E-02
  1.5897E-02
  1.6805E-02
  1.7487E-02
  1.7968E-02
  1.8449E-02
  1.8929E-02
  1.9168E-02
  1.9408E-02
  1.9647E-02
  1.9887E-02
  1.9887E-02
  1.9407E-02
  1.8690E-02
  1.8452E-02
  1.8689E-02
  1.9168E-02
  1.9689E-02
  2.0129E-02
  2.0994E-02
  2.1907E-02
  2.2821E-02
  2.3503E-02
  2.3731E-02
  2.3275E-02
  2.2363E-02
  2.1679E-02
  2.1243E-02
  2.1159E-02
  2.1082E-02
  2.0647E-02
  2.0211E-02
  1.9776E-02
  1.8690E-02
  1.6952E-02
  1.5214E-02
  1.3474E-02
  1.2388E-02
  1.2388E-02
  1.2387E-02
  1.1953E-02
  1.1302E-02
  1.0214E-02
  8.6932E-03
  7.1716E-03
  6.0849E-03
  5.6515E-03
  4.9982E-03
  4.1294E-03
  3.6941E-03
  3.6945E-03
  4.5638E-03
  5.8689E-03
  6.9542E-03
  8.2588E-03
  9.9969E-03
  1.1952E-02
  1.3910E-02
  1.6082E-02
  1.8038E-02
  1.9342E-02
  2.0211E-02
  2.0211E-02
  1.9778E-02
  1.9342E-02
  1.9341E-02
  1.9776E-02
  2.0211E-02
  2.0213E-02
  1.9777E-02
  1.9559E-02
  1.9777E-02
  2.0646E-02
  2.2819E-02
  2.5647E-02
  2.8036E-02
  3.0425E-02
  3.3250E-02
  3.6076E-02
  3.8684E-02
  4.1109E-02
  4.2901E-02
  4.4052E-02
  4.4970E-02
  4.5887E-02
  4.6576E-02
  4.6803E-02
  4.7029E-02
  4.7493E-02
  4.7723E-02
  4.7952E-02
  4.7952E-02
  4.7491E-02
  4.6799E-02
  4.5887E-02
  4.4970E-02
  4.4281E-02
  4.3363E-02
  4.1528E-02
  3.8774E-02
  3.5788E-02
  3.2809E-02
  3.0056E-02
  2.7761E-02
  2.5697E-02
  2.3862E-02
  2.2022E-02
  2.0191E-02
  1.8584E-02
  1.6519E-02
  1.4225E-02
  1.2619E-02
  1.0785E-02
  8.9459E-03
  7.3419E-03
  5.9652E-03
  5.0473E-03
  3.4413E-03
  1.8373E-03
  6.8665E-04
 -4.5872E-04
 -1.3766E-03
 -2.5239E-03
 -4.3592E-03
 -6.1951E-03
 -7.1111E-03
 -7.5722E-03
 -8.2593E-03
 -9.1772E-03
 -1.0095E-02
 -1.0324E-02
 -9.6364E-03
 -8.7166E-03
 -8.0309E-03
 -7.8006E-03
 -8.0304E-03
 -8.0309E-03
 -7.5712E-03
 -7.5688E-03
 -8.0318E-03
 -8.7180E-03
 -9.1777E-03
 -9.6364E-03
 -1.0783E-02
 -1.2160E-02
 -1.3993E-02
 -1.6520E-02
 -1.8814E-02
 -2.0878E-02
 -2.2944E-02
 -2.5467E-02
 -2.8216E-02
 -3.0972E-02
 -3.3413E-02
 -3.5512E-02
 -3.7929E-02
 -3.9864E-02
 -4.1313E-02
 -4.2759E-02
 -4.3485E-02
 -4.3729E-02
 -4.3971E-02
 -4.3485E-02
 -4.3002E-02
 -4.2760E-02
 -4.2522E-02
 -4.2763E-02
 -4.3243E-02
 -4.3002E-02
 -4.2276E-02
 -4.1072E-02
 -3.9623E-02
 -3.8894E-02
 -3.9378E-02
 -4.0586E-02
 -4.1796E-02
 -4.3005E-02
 -4.3726E-02
 -4.3484E-02
 -4.2276E-02
 -4.0830E-02
 -3.8898E-02
 -3.6721E-02
 -3.4545E-02
 -3.2373E-02
 -3.0441E-02
 -2.8265E-02
 -2.6091E-02
 -2.3508E-02
 -2.0666E-02
 -1.8581E-02
 -1.7189E-02
 -1.6383E-02
 -1.6115E-02
 -1.5846E-02
 -1.5039E-02
 -1.4503E-02
 -1.3967E-02
 -1.3159E-02
 -1.2891E-02
 -1.2623E-02
 -1.2086E-02
 -1.0743E-02
 -8.5945E-03
 -6.3763E-03
 -4.1356E-03
 -2.5578E-03
 -1.5349E-03
 -7.6723E-04
 -2.5558E-04
  2.5558E-04
  1.0223E-03
  2.0461E-03
  3.3255E-03
  4.8609E-03
  6.9065E-03
  8.6966E-03
  9.9754E-03
  1.0488E-02
  1.0232E-02
  9.7189E-03
  9.2087E-03
  9.2087E-03
  9.9754E-03
  1.1767E-02
  1.3556E-02
  1.5341E-02
  1.6960E-02
  1.8026E-02
  1.8759E-02
  1.9487E-02
  2.0221E-02
  2.0462E-02
  2.0218E-02
  1.9491E-02
  1.8756E-02
  1.8515E-02
  1.7782E-02
  1.6565E-02
  1.5349E-02
  1.3396E-02
  1.1451E-02
  1.0231E-02
  9.2583E-03
  8.7695E-03
  8.0376E-03
  6.8226E-03
  5.1141E-03
  2.6813E-03
 -2.4319E-04
 -3.3646E-03
 -6.5441E-03
 -9.9764E-03
 -1.2528E-02
 -1.3921E-02
 -1.4386E-02
 -1.4152E-02
 -1.3320E-02
 -1.2705E-02
 -1.3196E-02
 -1.4215E-02
 -1.4742E-02
 -1.5007E-02
 -1.5531E-02
 -1.5795E-02
 -1.6059E-02
 -1.6057E-02
 -1.5795E-02
 -1.5797E-02
 -1.5896E-02
 -1.6519E-02
 -1.7049E-02
 -1.7048E-02
 -1.7299E-02
 -1.7801E-02
 -1.8804E-02
 -2.0558E-02
 -2.2313E-02
 -2.3819E-02
 -2.4823E-02
 -2.4821E-02
 -2.4319E-02
 -2.4021E-02
 -2.4161E-02
 -2.4116E-02
 -2.3878E-02
 -2.3640E-02
 -2.3399E-02
 -2.3878E-02
 -2.4118E-02
 -2.4116E-02
 -2.4594E-02
 -2.4536E-02
 -2.4166E-02
 -2.3649E-02
 -2.3195E-02
 -2.3652E-02
 -2.4559E-02
 -2.5696E-02
 -2.7516E-02
 -2.9564E-02
 -3.1836E-02
 -3.3427E-02
 -3.3884E-02
 -3.3659E-02
 -3.2745E-02
 -3.1155E-02
 -2.9337E-02
 -2.7742E-02
 -2.6378E-02
 -2.5015E-02
 -2.3424E-02
 -2.2058E-02
 -2.0694E-02
 -1.9558E-02
 -1.8419E-02
 -1.7282E-02
 -1.6146E-02
 -1.5010E-02
 -1.3871E-02
 -1.2280E-02
 -1.0460E-02
 -8.6422E-03
 -7.2765E-03
 -6.5937E-03
 -5.6868E-03
 -4.7760E-03
 -4.3206E-03
 -4.0927E-03
 -4.5490E-03
 -5.0030E-03
 -5.2299E-03
 -6.1402E-03
 -7.2765E-03
 -7.5049E-03
 -7.2756E-03
 -6.5961E-03
 -5.2299E-03
 -3.6383E-03
 -1.8191E-03
 -9.5367E-07
  1.5917E-03
  2.9573E-03
  3.4108E-03
  2.9559E-03
  2.2740E-03
  9.1028E-04
 -4.5538E-04
 -1.1373E-03
 -1.8187E-03
 -2.7208E-03
 -3.9487E-03
 -4.5481E-03
 -4.1151E-03
 -3.0322E-03
 -1.2994E-03
  2.1648E-04
  1.9488E-03
  4.3316E-03
  6.4974E-03
  8.4462E-03
  9.7461E-03
  1.0396E-02
  1.1045E-02
  1.0829E-02
  1.0612E-02
  1.0179E-02
  9.5301E-03
  8.8801E-03
  8.0132E-03
  6.9304E-03
  4.9810E-03
  3.4657E-03
  2.5992E-03
  2.1653E-03
  2.1658E-03
  1.7328E-03
  1.3237E-03
  1.1272E-03
  1.1411E-03
  1.3695E-03
  1.1411E-03
  9.1219E-04
  4.5633E-04
 -4.5633E-04
 -1.5974E-03
 -2.5096E-03
 -2.7380E-03
 -2.9659E-03
 -2.9659E-03
 -2.5101E-03
 -1.8258E-03
 -9.1267E-04
  0.0000E+00
  9.1267E-04
  1.8258E-03
  3.1948E-03
  4.7913E-03
  6.3887E-03
  7.7572E-03
  8.6713E-03
  9.3551E-03
  1.0268E-02
  1.1866E-02
  1.3690E-02
  1.5060E-02
  1.6428E-02
  1.7570E-02
  1.8001E-02
  1.7999E-02
  1.7811E-02
  1.8533E-02
  1.9737E-02
  2.1181E-02
  2.2866E-02
  2.3588E-02
  2.3829E-02
  2.4551E-02
  2.5033E-02
  2.5754E-02
  2.6595E-02
  2.7341E-02
  2.8425E-02
  2.9341E-02
  2.9801E-02
  3.0029E-02
  3.0027E-02
  3.0029E-02
  3.0028E-02
  2.9801E-02
  2.9818E-02
  2.9761E-02
  2.9471E-02
  2.9911E-02
  3.1002E-02
  3.2310E-02
  3.3619E-02
  3.4277E-02
  3.4713E-02
  3.4710E-02
  3.4275E-02
  3.3403E-02
  3.2312E-02
  3.1000E-02
  2.9691E-02
  2.8819E-02
  2.8162E-02
  2.7725E-02
  2.7071E-02
  2.6199E-02
  2.4887E-02
  2.3359E-02
  2.1832E-02
  2.0741E-02
  1.9866E-02
  1.8776E-02
  1.8340E-02
  1.8119E-02
  1.7901E-02
  1.7684E-02
  1.7684E-02
  1.7901E-02
  1.8338E-02
  1.8995E-02
  1.9650E-02
  2.0521E-02
  2.1395E-02
  2.2488E-02
  2.4014E-02
  2.5323E-02
  2.6854E-02
  2.8546E-02
  2.9994E-02
  3.1528E-02
  3.2678E-02
  3.3369E-02
  3.3601E-02
  3.3829E-02
  3.4059E-02
  3.4289E-02
  3.5209E-02
  3.6132E-02
  3.6377E-02
  3.5974E-02
  3.5326E-02
  3.4591E-02
  3.3376E-02
  3.2155E-02
  3.1185E-02
  3.0697E-02
  3.0936E-02
  3.1672E-02
  3.2889E-02
  3.4104E-02
  3.4923E-02
  3.5428E-02
  3.5730E-02
  3.5861E-02
  3.6107E-02
  3.6597E-02
  3.6842E-02
  3.6596E-02
  3.6352E-02
  3.6846E-02
  3.7580E-02
  3.8071E-02
  3.8317E-02
  3.7943E-02
  3.7497E-02
  3.6962E-02
  3.5559E-02
  3.4153E-02
  3.2515E-02
  3.0878E-02
  3.0177E-02
  2.9474E-02
  2.8305E-02
  2.6667E-02
  2.4796E-02
  2.2691E-02
  2.0819E-02
  1.9181E-02
  1.7310E-02
  1.5439E-02
  1.3568E-02
  1.0995E-02
  7.8478E-03
  4.9200E-03
  2.4509E-03
  6.6805E-04
 -4.4584E-04
 -1.1153E-03
 -1.1125E-03
 -8.9121E-04
 -6.6853E-04
 -6.6853E-04
 -1.3366E-03
 -2.0070E-03
 -2.6717E-03
 -3.3422E-03
 -3.7880E-03
 -4.2329E-03
 -4.9009E-03
 -5.3468E-03
 -5.1851E-03
 -4.8571E-03
 -4.4565E-03
 -3.7527E-03
 -2.8143E-03
 -1.8768E-03
 -1.4076E-03
 -2.1124E-03
 -3.5181E-03
 -5.1613E-03
 -6.8026E-03
 -7.5054E-03
 -7.0362E-03
 -5.8641E-03
 -4.1733E-03
 -1.5750E-03
  1.3409E-03
  3.3498E-03
  4.2448E-03
  4.6911E-03
  4.9148E-03
  5.1384E-03
  5.1389E-03
  4.6902E-03
  3.7975E-03
  2.4576E-03
  8.9359E-04
 -8.9359E-04
 -2.2330E-03
 -3.1281E-03
 -3.7975E-03
 -4.2443E-03
 -4.9143E-03
 -5.8084E-03
 -6.9242E-03
 -8.7132E-03
 -1.0500E-02
 -1.1617E-02
 -1.2957E-02
 -1.4297E-02
 -1.5189E-02
 -1.5190E-02
 -1.4521E-02
 -1.3628E-02
 -1.2698E-02
 -1.2109E-02
 -1.1306E-02
 -1.0128E-02
 -8.7147E-03
 -7.0658E-03
 -5.4178E-03
 -3.7689E-03
 -2.1195E-03
 -7.0667E-04
  9.4223E-04
  2.3556E-03
  3.5334E-03
  4.4751E-03
  4.9462E-03
  6.1240E-03
  8.0080E-03
  9.6574E-03
  1.1071E-02
  1.1542E-02
  1.0835E-02
  9.4213E-03
  7.5369E-03
  5.6524E-03
  4.2410E-03
  3.2978E-03
  2.8267E-03
  2.5911E-03
  2.1200E-03
  1.6479E-03
  7.0572E-04
 -2.3460E-04
 -7.0572E-04
 -1.8845E-03
 -3.2978E-03
 -4.4756E-03
 -6.1235E-03
 -7.5388E-03
 -8.2445E-03
 -8.7156E-03
 -9.4213E-03
 -1.0834E-02
 -1.2483E-02
 -1.3899E-02
 -1.4605E-02
 -1.4603E-02
 -1.4839E-02
 -1.5310E-02
 -1.5781E-02
 -1.6725E-02
 -1.8373E-02
 -2.0728E-02
 -2.3789E-02
 -2.7086E-02
 -3.0149E-02
 -3.2271E-02
 -3.4156E-02
 -3.6037E-02
 -3.7921E-02
 -3.9806E-02
 -4.0984E-02
 -4.1458E-02
 -4.1693E-02
 -4.2397E-02
 -4.2632E-02
 -4.2632E-02
 -4.2633E-02
 -4.2164E-02
 -4.1678E-02
 -4.1571E-02
 -4.2174E-02
 -4.3517E-02
 -4.5091E-02
 -4.5988E-02
 -4.5984E-02
 -4.4417E-02
 -4.1950E-02
 -3.9258E-02
 -3.6566E-02
 -3.4320E-02
 -3.1630E-02
 -2.8939E-02
 -2.6694E-02
 -2.4676E-02
 -2.2657E-02
 -2.0637E-02
 -1.9021E-02
 -1.7898E-02
 -1.6779E-02
 -1.5361E-02
 -1.3943E-02
 -1.2286E-02
 -1.0635E-02
 -9.2163E-03
 -8.5077E-03
 -8.5077E-03
 -8.9798E-03
 -9.2163E-03
 -8.9808E-03
 -9.2144E-03
 -9.6898E-03
 -1.0635E-02
 -1.1662E-02
 -1.2294E-02
 -1.2603E-02
 -1.2828E-02
 -1.3503E-02
 -1.3956E-02
 -1.3953E-02
 -1.4404E-02
 -1.5529E-02
 -1.6654E-02
 -1.7332E-02
 -1.7104E-02
 -1.6654E-02
 -1.5753E-02
 -1.4406E-02
 -1.3503E-02
 -1.3278E-02
 -1.3728E-02
 -1.4403E-02
 -1.5532E-02
 -1.6429E-02
 -1.6879E-02
 -1.6654E-02
 -1.5306E-02
 -1.3729E-02
 -1.2378E-02
 -1.1477E-02
 -1.0802E-02
 -1.0579E-02
 -1.1478E-02
 -1.2828E-02
 -1.3503E-02
 -1.3506E-02
 -1.3053E-02
 -1.1927E-02
 -1.0353E-02
 -8.5516E-03
 -6.9785E-03
 -5.8513E-03
 -4.9510E-03
 -4.7264E-03
 -4.4999E-03
 -4.0531E-03
 -3.8261E-03
 -4.0512E-03
 -4.2748E-03
 -4.2777E-03
 -4.9515E-03
 -5.6257E-03
 -6.0768E-03
 -6.9757E-03
 -7.8788E-03
 -8.3270E-03
 -9.0022E-03
 -9.2263E-03
 -8.7790E-03
 -8.7776E-03
 -9.2268E-03
 -9.9025E-03
 -1.0577E-02
 -1.0457E-02
 -9.5572E-03
 -8.5740E-03
 -8.1458E-03
 -8.3590E-03
 -9.0022E-03
 -9.8596E-03
 -1.0717E-02
 -1.1147E-02
 -1.1147E-02
 -1.1146E-02
 -1.0717E-02
 -1.0289E-02
 -9.8605E-03
 -9.8591E-03
 -1.0502E-02
 -1.0932E-02
 -1.1361E-02
 -1.1789E-02
 -1.2646E-02
 -1.3289E-02
 -1.3290E-02
 -1.3289E-02
 -1.3074E-02
 -1.2218E-02
 -1.0718E-02
 -9.0032E-03
 -7.0729E-03
 -5.3587E-03
 -3.6435E-03
 -1.9293E-03
 -8.5783E-04
  4.2868E-04
  2.3580E-03
  4.6654E-03
  7.2212E-03
  1.0170E-02
  1.2883E-02
  1.4917E-02
  1.6726E-02
  1.8081E-02
  1.9663E-02
  2.1244E-02
  2.2601E-02
  2.4294E-02
  2.5464E-02
  2.6030E-02
  2.6190E-02
  2.5689E-02
  2.4681E-02
  2.4176E-02
  2.4427E-02
  2.4681E-02
  2.5185E-02
  2.5939E-02
  2.6442E-02
  2.6946E-02
  2.7452E-02
  2.7703E-02
  2.8205E-02
  2.8709E-02
  2.8963E-02
  2.9214E-02
  2.8752E-02
  2.7820E-02
  2.7103E-02
  2.6143E-02
  2.4944E-02
  2.4225E-02
  2.4464E-02
  2.4944E-02
  2.5184E-02
  2.5184E-02
  2.4465E-02
  2.3265E-02
  2.2066E-02
  2.0866E-02
  2.0387E-02
  2.0627E-02
  2.0864E-02
  2.0867E-02
  2.0627E-02
  2.0147E-02
  1.9187E-02
  1.7509E-02
  1.5590E-02
  1.4151E-02
  1.2952E-02
  1.2473E-02
  1.2712E-02
  1.2951E-02
  1.3911E-02
  1.5590E-02
  1.7268E-02
  1.9186E-02
  2.1107E-02
  2.2305E-02
  2.2785E-02
  2.3505E-02
  2.3985E-02
  2.3265E-02
  2.1826E-02
  2.0147E-02
  1.8229E-02
  1.6310E-02
  1.4871E-02
  1.3911E-02
  1.2712E-02
  1.1033E-02
  9.1143E-03
  7.1940E-03
  5.9962E-03
  5.9958E-03
  6.2356E-03
  6.7158E-03
  7.4353E-03
  7.8001E-03
  8.2645E-03
  8.3456E-03
  7.5884E-03
  7.3357E-03
  7.8421E-03
  9.1047E-03
  1.0877E-02
  1.2646E-02
  1.4671E-02
  1.6693E-02
  1.8466E-02
  1.9729E-02
  2.1247E-02
  2.3016E-02
  2.4789E-02
  2.6557E-02
  2.8279E-02
  2.9801E-02
  3.1076E-02
  3.2759E-02
  3.4449E-02
  3.5891E-02
  3.7580E-02
  3.9268E-02
  4.0467E-02
  4.1676E-02
  4.3157E-02
  4.4891E-02
  4.6112E-02
  4.6345E-02
  4.6112E-02
  4.6344E-02
  4.6800E-02
  4.7722E-02
  4.8868E-02
  4.9783E-02
  5.0474E-02
  5.0929E-02
  5.1163E-02
  5.0930E-02
  5.1164E-02
  5.1621E-02
  5.1847E-02
  5.1850E-02
  5.1720E-02
  5.1366E-02
  5.0910E-02
  5.0254E-02
  4.9380E-02
  4.8725E-02
  4.8069E-02
  4.6758E-02
  4.4792E-02
  4.2607E-02
  4.0204E-02
  3.8018E-02
  3.5834E-02
  3.3211E-02
  3.0372E-02
  2.6875E-02
  2.3426E-02
  1.9953E-02
  1.6132E-02
  1.2217E-02
  8.7576E-03
  6.2227E-03
  4.1485E-03
  2.5358E-03
  9.2125E-04
 -1.3828E-03
 -3.6879E-03
 -5.7611E-03
 -8.0671E-03
 -1.0373E-02
 -1.2444E-02
 -1.3597E-02
 -1.3597E-02
 -1.2447E-02
 -1.0372E-02
 -8.0662E-03
 -6.2218E-03
 -5.3015E-03
 -4.6101E-03
 -4.1485E-03
 -3.4571E-03
 -2.0752E-03
 -9.2220E-04
  2.3079E-04
  1.6127E-03
  2.8448E-03
  3.6278E-03
  3.6449E-03
  2.4300E-03
  4.8542E-04
 -2.1868E-03
 -5.8308E-03
 -9.2316E-03
 -1.1906E-02
 -1.3850E-02
 -1.5065E-02
 -1.5551E-02
 -1.5560E-02
 -1.5880E-02
 -1.6662E-02
 -1.7690E-02
 -1.8918E-02
 -2.0298E-02
 -2.1523E-02
 -2.2990E-02
 -2.4457E-02
 -2.6168E-02
 -2.7879E-02
 -2.8615E-02
 -2.9593E-02
 -3.0572E-02
 -3.2036E-02
 -3.3993E-02
 -3.5463E-02
 -3.6196E-02
 -3.5143E-02
 -3.3267E-02
 -3.1444E-02
 -2.9642E-02
 -2.8353E-02
 -2.7577E-02
 -2.6804E-02
 -2.6548E-02
 -2.7322E-02
 -2.8608E-02
 -3.0413E-02
 -3.2735E-02
 -3.4464E-02
 -3.5127E-02
 -3.5345E-02
 -3.5074E-02
 -3.4531E-02
 -3.3442E-02
 -3.2351E-02
 -3.1537E-02
 -3.0180E-02
 -2.9635E-02
 -3.0180E-02
 -3.1267E-02
 -3.3170E-02
 -3.5345E-02
 -3.7792E-02
 -3.9696E-02
 -4.0784E-02
 -4.1390E-02
 -4.1696E-02
 -4.1948E-02
 -4.2724E-02
 -4.5058E-02
 -4.7902E-02
 -5.0751E-02
 -5.2827E-02
 -5.4377E-02
 -5.5410E-02
 -5.5672E-02
 -5.6189E-02
 -5.6192E-02
 -5.6448E-02
 -5.7223E-02
 -5.7485E-02
 -5.7223E-02
 -5.6710E-02
 -5.6449E-02
 -5.6189E-02
 -5.5931E-02
 -5.4893E-02
 -5.3085E-02
 -5.1529E-02
 -4.9714E-02
 -4.7645E-02
 -4.5830E-02
 -4.4798E-02
 -4.4537E-02
 -4.5054E-02
 -4.5573E-02
 -4.5830E-02
 -4.5576E-02
 -4.4019E-02
 -4.1687E-02
 -3.9102E-02
 -3.6511E-02
 -3.4697E-02
 -3.3403E-02
 -3.2625E-02
 -3.2111E-02
 -3.0815E-02
 -2.8855E-02
 -2.6634E-02
 -2.4168E-02
 -2.1701E-02
 -1.9481E-02
 -1.7262E-02
 -1.5783E-02
 -1.4549E-02
 -1.4057E-02
 -1.4797E-02
 -1.5537E-02
 -1.6029E-02
 -1.6275E-02
 -1.6770E-02
 -1.7017E-02
 -1.6522E-02
 -1.6522E-02
 -1.7015E-02
 -1.7757E-02
 -1.8496E-02
 -1.8988E-02
 -1.8988E-02
 -1.8990E-02
 -1.9237E-02
 -1.8988E-02
 -1.8495E-02
 -1.8003E-02
 -1.8003E-02
 -1.8001E-02
 -1.7143E-02
 -1.6019E-02
 -1.4327E-02
 -1.2213E-02
 -1.0334E-02
 -9.1596E-03
 -8.2202E-03
 -6.8111E-03
 -5.1670E-03
 -2.8186E-03
 -4.8113E-04
  8.9455E-04
  1.3413E-03
  1.1182E-03
  6.7186E-04
  2.2221E-04
 -2.2316E-04
 -2.2316E-04
  4.4870E-04
  1.5640E-03
  2.2364E-03
  2.0132E-03
  1.3437E-03
  1.1172E-03
  1.1187E-03
  8.9502E-04
  8.9645E-04
  1.1172E-03
  1.3418E-03
  1.5659E-03
  1.7915E-03
  1.3404E-03
  6.7091E-04
 -2.2316E-04
 -1.1172E-03
 -1.3437E-03
 -8.9502E-04
  2.2411E-04
  1.5674E-03
  2.0118E-03
  1.7891E-03
  1.3418E-03
  6.7282E-04
 -1.4305E-06
 -6.7139E-04
 -6.7091E-04
  4.4870E-04
  2.6822E-03
  5.1446E-03
  6.9342E-03
  8.2779E-03
  8.9459E-03
  8.7233E-03
  8.2760E-03
  7.8301E-03
  7.8273E-03
  8.0523E-03
  8.4996E-03
  9.3551E-03
  9.3522E-03
  8.4920E-03
  7.5483E-03
  6.6047E-03
  6.1316E-03
  6.1326E-03
  6.3686E-03
  6.8402E-03
  7.7839E-03
  9.1991E-03
  1.0379E-02
  1.1322E-02
  1.1794E-02
  1.1558E-02
  1.1321E-02
  1.1085E-02
  1.0615E-02
  1.0378E-02
  1.0142E-02
  9.6712E-03
  8.9631E-03
  8.2555E-03
  7.5483E-03
  6.6037E-03
  5.7716E-03
  4.4923E-03
  2.4710E-03
  4.5013E-04
 -1.1234E-03
 -2.4705E-03
 -3.8190E-03
 -5.6162E-03
 -7.1888E-03
 -8.3108E-03
 -9.6598E-03
 -1.0784E-02
 -1.1905E-02
 -1.2355E-02
 -1.2132E-02
 -1.2130E-02
 -1.1906E-02
 -1.1683E-02
 -1.1456E-02
 -1.1231E-02
 -1.1007E-02
 -1.0559E-02
 -9.6583E-03
 -8.5359E-03
 -7.8640E-03
 -7.6375E-03
 -7.6380E-03
 -8.3127E-03
 -9.2101E-03
 -9.8834E-03
 -1.0334E-02
 -9.8853E-03
 -9.2092E-03
 -8.9855E-03
 -9.2115E-03
 -9.6583E-03
 -1.0558E-02
 -1.1683E-02
 -1.2579E-02
 -1.2804E-02
 -1.2132E-02
 -1.1006E-02
 -9.4342E-03
 -7.8621E-03
 -6.7406E-03
 -5.6157E-03
 -4.4923E-03
 -3.3712E-03
 -2.4710E-03
 -1.3461E-03
 -4.7684E-07
  1.3475E-03
  2.9202E-03
  3.8204E-03
  4.7169E-03
  5.3906E-03
  5.8417E-03
  7.1878E-03
  8.7605E-03
  1.0335E-02
  1.1906E-02
  1.2803E-02
  1.3705E-02
  1.4377E-02
  1.4151E-02
  1.3702E-02
  1.3031E-02
  1.2356E-02
  1.2579E-02
  1.3255E-02
  1.3928E-02
  1.4825E-02
  1.6176E-02
  1.7747E-02
  1.9318E-02
  2.0216E-02
  2.0219E-02
  1.9993E-02
  1.9766E-02
  2.0220E-02
  2.1341E-02
  2.2462E-02
  2.3365E-02
  2.4262E-02
  2.4708E-02
  2.4488E-02
  2.4262E-02
  2.4259E-02
  2.4035E-02
  2.3814E-02
  2.3364E-02
  2.3136E-02
  2.2915E-02
  2.2465E-02
  2.1788E-02
  2.0444E-02
  1.8422E-02
  1.5948E-02
  1.3477E-02
  1.1458E-02
  9.4352E-03
  7.6370E-03
  6.5155E-03
  5.8413E-03
  5.6157E-03
  4.9424E-03
  4.2677E-03
  3.3693E-03
  2.2459E-03
  1.3480E-03
  2.2459E-04
 -1.1230E-03
 -2.4710E-03
 -3.1462E-03
 -3.8185E-03
 -4.9419E-03
 -5.6176E-03
 -6.5141E-03
 -7.8621E-03
 -8.3127E-03
 -7.6370E-03
 -6.5141E-03
 -5.1665E-03
 -3.8209E-03
 -3.3693E-03
 -3.5934E-03
 -3.3712E-03
 -3.3689E-03
 -4.0431E-03
 -4.9434E-03
 -5.6157E-03
 -6.2895E-03
 -6.9637E-03
 -7.4143E-03
 -8.7605E-03
 -1.1457E-02
 -1.4153E-02
 -1.6847E-02
 -1.9545E-02
 -2.1792E-02
 -2.3361E-02
 -2.3812E-02
 -2.3827E-02
 -2.3505E-02
 -2.3417E-02
 -2.3649E-02
 -2.4125E-02
 -2.5309E-02
 -2.6490E-02
 -2.7674E-02
 -2.8856E-02
 -2.9566E-02
 -3.0271E-02
 -3.0511E-02
 -3.0347E-02
 -3.0147E-02
 -2.9888E-02
 -2.9385E-02
 -2.8391E-02
 -2.7399E-02
 -2.6651E-02
 -2.6645E-02
 -2.6399E-02
 -2.6152E-02
 -2.6651E-02
 -2.6651E-02
 -2.6645E-02
 -2.6152E-02
 -2.5030E-02
 -2.4432E-02
 -2.3955E-02
 -2.3959E-02
 -2.4195E-02
 -2.4192E-02
 -2.3484E-02
 -2.1822E-02
 -1.9686E-02
 -1.7554E-02
 -1.5893E-02
 -1.4705E-02
 -1.3996E-02
 -1.3520E-02
 -1.3282E-02
 -1.3756E-02
 -1.3997E-02
 -1.3283E-02
 -1.2807E-02
 -1.2573E-02
 -1.2571E-02
 -1.2808E-02
 -1.3047E-02
 -1.3283E-02
 -1.3282E-02
 -1.3284E-02
 -1.3283E-02
 -1.3773E-02
 -1.4590E-02
 -1.5359E-02
 -1.6718E-02
 -1.7847E-02
 -1.8296E-02
 -1.8751E-02
 -1.8973E-02
 -1.8978E-02
 -1.9202E-02
 -1.9651E-02
 -2.0333E-02
 -2.1461E-02
 -2.2814E-02
 -2.4397E-02
 -2.5976E-02
 -2.6885E-02
 -2.7109E-02
 -2.6654E-02
 -2.6207E-02
 -2.5979E-02
 -2.5751E-02
 -2.5753E-02
 -2.5299E-02
 -2.5017E-02
 -2.4733E-02
 -2.3821E-02
 -2.2629E-02
 -2.0962E-02
 -1.8583E-02
 -1.5962E-02
 -1.3340E-02
 -1.0481E-02
 -7.8611E-03
 -5.7173E-03
 -3.8114E-03
 -2.1434E-03
 -7.1430E-04
  9.5224E-04
  2.8586E-03
  5.0025E-03
  7.3590E-03
  9.4643E-03
  1.2024E-02
  1.4522E-02
  1.6562E-02
  1.8376E-02
  1.9510E-02
  2.0645E-02
  2.1964E-02
  2.2791E-02
  2.3024E-02
  2.3774E-02
  2.5025E-02
  2.5775E-02
  2.6527E-02
  2.7277E-02
  2.7524E-02
  2.7778E-02
  2.7778E-02
  2.7027E-02
  2.5909E-02
  2.5024E-02
  2.4312E-02
  2.3835E-02
  2.3593E-02
  2.3117E-02
  2.2881E-02
  2.2401E-02
  2.1926E-02
  2.1213E-02
  2.0464E-02
  1.9975E-02
  1.8840E-02
  1.7930E-02
  1.7249E-02
  1.6343E-02
  1.5663E-02
  1.5208E-02
  1.4754E-02
  1.4300E-02
  1.3846E-02
  1.2937E-02
  1.1801E-02
  1.0895E-02
  9.7609E-03
  8.1716E-03
  6.3553E-03
  4.5395E-03
  2.7242E-03
  1.3623E-03
  4.5347E-04
 -2.2697E-04
 -4.5395E-04
 -4.5395E-04
 -4.5443E-04
 -4.5013E-04
 -4.3869E-04
 -4.3154E-04
 -6.4945E-04
 -2.1601E-04
  6.4850E-04
  1.2970E-03
  2.1629E-03
  2.5935E-03
  2.5945E-03
  2.8100E-03
  3.2434E-03
  3.8905E-03
  5.1880E-03
  6.7024E-03
  7.7815E-03
  8.6474E-03
  9.2945E-03
  9.9440E-03
  1.0377E-02
  1.0808E-02
  1.1242E-02
  1.1457E-02
  1.1890E-02
  1.2321E-02
  1.2105E-02
  1.1025E-02
  9.9435E-03
  8.8634E-03
  7.9975E-03
  7.9980E-03
  8.8639E-03
  9.2950E-03
  9.0804E-03
  8.8620E-03
  8.2150E-03
  7.7815E-03
  7.3495E-03
  6.4864E-03
  6.0520E-03
  5.4054E-03
  4.1070E-03
  2.8090E-03
  1.5140E-03
  6.5613E-04
  2.3079E-04
 -4.6635E-04
 -9.3031E-04
 -6.9857E-04
 -2.3317E-04
  2.3222E-04
  6.9904E-04
  1.3962E-03
  2.0938E-03
  3.0260E-03
  4.1890E-03
  5.2390E-03
  6.2442E-03
  7.0925E-03
  7.7581E-03
  8.4200E-03
  8.8663E-03
  8.8658E-03
  8.1983E-03
  6.8712E-03
  5.3201E-03
  3.9878E-03
  3.1028E-03
  2.8825E-03
  3.3226E-03
  3.5462E-03
  3.3259E-03
  3.1009E-03
  3.1033E-03
  2.8811E-03
  2.8820E-03
  3.1013E-03
  3.9897E-03
  5.3201E-03
  6.2037E-03
  7.5355E-03
  8.6446E-03
  9.3064E-03
  9.9740E-03
  1.0417E-02
  1.0193E-02
  9.7528E-03
  9.7523E-03
  9.5277E-03
  9.3093E-03
  9.3093E-03
  9.5286E-03
  1.0196E-02
  1.0860E-02
  1.1747E-02
  1.2631E-02
  1.3299E-02
  1.4184E-02
  1.5512E-02
  1.7288E-02
  1.8838E-02
  1.9944E-02
  2.1278E-02
  2.2385E-02
  2.3046E-02
  2.3494E-02
  2.3492E-02
  2.3712E-02
  2.3938E-02
  2.3938E-02
  2.3835E-02
  2.3541E-02
  2.3128E-02
  2.2719E-02
  2.2587E-02
  2.2629E-02
  2.3121E-02
  2.3863E-02
  2.4601E-02
  2.5093E-02
  2.5335E-02
  2.5827E-02
  2.6076E-02
  2.6077E-02
  2.6077E-02
  2.6073E-02
  2.6073E-02
  2.6076E-02
  2.5831E-02
  2.5830E-02
  2.5826E-02
  2.5581E-02
  2.5519E-02
  2.5842E-02
  2.6474E-02
  2.6471E-02
  2.5769E-02
  2.4367E-02
  2.3194E-02
  2.2020E-02
  2.0618E-02
  1.9212E-02
  1.7299E-02
  1.5539E-02
  1.3834E-02
  1.1826E-02
  1.0040E-02
  7.8096E-03
  4.6849E-03
  1.7843E-03
 -6.6853E-04
 -3.5706E-03
 -6.9170E-03
 -1.0041E-02
 -1.3387E-02
 -1.6512E-02
 -1.9188E-02
 -2.1194E-02
 -2.2313E-02
 -2.2535E-02
 -2.1866E-02
 -2.0974E-02
 -1.9726E-02
 -1.8623E-02
 -1.7385E-02
 -1.6210E-02
 -1.5740E-02
 -1.5506E-02
 -1.5740E-02
 -1.6445E-02
 -1.7150E-02
 -1.7854E-02
 -1.8324E-02
 -1.8795E-02
 -1.9029E-02
 -1.9030E-02
 -1.9030E-02
 -1.8559E-02
 -1.7855E-02
 -1.6915E-02
 -1.5975E-02
 -1.5270E-02
 -1.5271E-02
 -1.5505E-02
 -1.5975E-02
 -1.6445E-02
 -1.6915E-02
 -1.7385E-02
 -1.7620E-02
 -1.7855E-02
 -1.7620E-02
 -1.7385E-02
 -1.7150E-02
 -1.6680E-02
 -1.5975E-02
 -1.5271E-02
 -1.4565E-02
 -1.4096E-02
 -1.4096E-02
 -1.4096E-02
 -1.4801E-02
 -1.5740E-02
 -1.6680E-02
 -1.8324E-02
 -2.0908E-02
 -2.3493E-02
 -2.5372E-02
 -2.7017E-02
 -2.8192E-02
 -2.8661E-02
 -2.8426E-02
 -2.7956E-02
 -2.7487E-02
 -2.6782E-02
 -2.5607E-02
 -2.4433E-02
 -2.4199E-02
 -2.4433E-02
 -2.4432E-02
 -2.4667E-02
 -2.5137E-02
 -2.6077E-02
 -2.7017E-02
 -2.7252E-02
 -2.6782E-02
 -2.5607E-02
 -2.4198E-02
 -2.2553E-02
 -2.1144E-02
 -2.0204E-02
 -1.9734E-02
 -1.9499E-02
 -1.9969E-02
 -2.0674E-02
 -2.0674E-02
 -2.0438E-02
 -1.9499E-02
 -1.8795E-02
 -1.8559E-02
 -1.8089E-02
 -1.7150E-02
 -1.5740E-02
 -1.4566E-02
 -1.3156E-02
 -1.1746E-02
 -1.0795E-02
 -1.0067E-02
 -8.9502E-03
 -7.8311E-03
 -6.9356E-03
 -5.8179E-03
 -4.6988E-03
 -3.1323E-03
 -1.7900E-03
 -8.9455E-04
  0.0000E+00
  8.9455E-04
  1.7896E-03
  3.3565E-03
  5.3706E-03
  7.3824E-03
  9.6207E-03
  1.2083E-02
  1.4319E-02
  1.5886E-02
  1.7451E-02
  1.9017E-02
  1.9915E-02
  2.0584E-02
  2.1926E-02
  2.3272E-02
  2.4163E-02
  2.4611E-02
  2.4614E-02
  2.4387E-02
  2.3715E-02
  2.2824E-02
  2.1479E-02
  1.9912E-02
  1.8125E-02
  1.6333E-02
  1.4989E-02
  1.3425E-02
  1.2082E-02
  1.0739E-02
  8.9502E-03
  7.8311E-03
  6.9351E-03
  6.0410E-03
  5.5933E-03
  5.1465E-03
  4.9219E-03
  4.4742E-03
  3.5801E-03
  2.6846E-03
  2.0137E-03
  1.7905E-03
  1.5664E-03
  1.1182E-03
  8.9550E-04
  4.4775E-04
 -2.2411E-04
 -6.7139E-04
 -9.1982E-04
 -1.8868E-03
 -3.5377E-03
 -4.7174E-03
 -5.8951E-03
 -7.0739E-03
 -8.0194E-03
 -8.7252E-03
 -8.9607E-03
 -9.6684E-03
 -1.0614E-02
 -1.1555E-02
 -1.2733E-02
 -1.2972E-02
 -1.3206E-02
 -1.3677E-02
 -1.4149E-02
 -1.4387E-02
 -1.3679E-02
 -1.2462E-02
 -1.0780E-02
 -8.9841E-03
 -7.8602E-03
 -7.1878E-03
 -6.2895E-03
 -5.3897E-03
 -4.7174E-03
 -4.0421E-03
 -3.1991E-03
 -2.5921E-03
 -2.1644E-03
 -9.7895E-04
  2.4939E-04
  7.4720E-04
  7.5054E-04
  2.5606E-04
 -5.2500E-04
 -7.8630E-04
 -5.2500E-04
 -7.8821E-04
 -1.3108E-03
 -1.8373E-03
 -2.6226E-03
 -3.4103E-03
 -3.6726E-03
 -3.9358E-03
 -3.9349E-03
 -3.4113E-03
 -3.1028E-03
 -2.2850E-03
 -1.0004E-03
  1.9073E-06
  1.2479E-03
  2.4981E-03
  3.4995E-03
  5.2457E-03
  7.2474E-03
  8.9941E-03
  1.0746E-02
  1.2492E-02
  1.4240E-02
  1.5613E-02
  1.6935E-02
  1.8085E-02
  1.9038E-02
  1.9750E-02
  2.0466E-02
  2.1179E-02
  2.1894E-02
  2.2130E-02
  2.1655E-02
  2.1857E-02
  2.2263E-02
  2.2437E-02
  2.2888E-02
  2.3118E-02
  2.2890E-02
  2.2208E-02
  2.1305E-02
  2.0171E-02
  1.9265E-02
  1.9061E-02
  1.8823E-02
  1.7917E-02
  1.7267E-02
  1.6834E-02
  1.6404E-02
  1.6403E-02
  1.6405E-02
  1.6404E-02
  1.5971E-02
  1.5326E-02
  1.4893E-02
  1.4029E-02
  1.2951E-02
  1.1438E-02
  9.4981E-03
  7.9865E-03
  6.9065E-03
  6.4759E-03
  6.0439E-03
  5.3954E-03
  4.7488E-03
  3.6697E-03
  2.1572E-03
  6.4850E-04
 -8.6403E-04
 -2.8057E-03
 -4.9634E-03
 -7.1235E-03
 -9.0661E-03
 -1.0144E-02
 -1.0793E-02
 -1.1225E-02
 -1.1222E-02
 -1.1656E-02
 -1.2517E-02
 -1.3598E-02
 -1.4894E-02
 -1.5756E-02
 -1.6620E-02
 -1.7866E-02
 -1.8537E-02
 -1.8633E-02
 -1.8183E-02
 -1.7045E-02
 -1.5452E-02
 -1.4316E-02
 -1.3183E-02
 -1.2045E-02
 -1.1589E-02
 -1.1362E-02
 -1.1135E-02
 -1.1137E-02
 -1.1590E-02
 -1.1589E-02
 -1.0908E-02
 -9.7709E-03
 -8.4095E-03
 -7.4992E-03
 -6.8164E-03
 -6.1355E-03
 -5.4541E-03
 -4.5462E-03
 -3.4084E-03
 -1.5903E-03
  6.8140E-04
  3.1810E-03
  5.9085E-03
  8.8639E-03
  1.1363E-02
  1.2781E-02
  1.3788E-02
  1.5367E-02
  1.7531E-02
  1.9479E-02
  2.1426E-02
  2.2942E-02
  2.3808E-02
  2.4457E-02
  2.4673E-02
  2.5106E-02
  2.5106E-02
  2.4457E-02
  2.4024E-02
  2.3591E-02
  2.3159E-02
  2.2726E-02
  2.1644E-02
  2.0344E-02
  1.9044E-02
  1.7961E-02
  1.7748E-02
  1.7964E-02
  1.8180E-02
  1.7964E-02
  1.7426E-02
  1.6594E-02
  1.5991E-02
  1.5033E-02
  1.3978E-02
  1.3188E-02
  1.2397E-02
  1.1607E-02
  1.1078E-02
  1.0813E-02
  1.1077E-02
  1.1869E-02
  1.3112E-02
  1.4825E-02
  1.5324E-02
  1.5072E-02
  1.4319E-02
  1.2812E-02
  1.1053E-02
  9.5453E-03
  8.5397E-03
  8.0385E-03
  8.2469E-03
  8.5330E-03
  8.3737E-03
  7.8950E-03
  7.8955E-03
  8.3737E-03
  9.3298E-03
  1.0525E-02
  1.1724E-02
  1.2919E-02
  1.3398E-02
  1.2918E-02
  1.2199E-02
  1.1963E-02
  1.1484E-02
  1.1005E-02
  1.1245E-02
  1.1723E-02
  1.1988E-02
  1.1710E-02
  1.0710E-02
  9.3417E-03
  7.9741E-03
  6.6080E-03
  5.4679E-03
  4.1013E-03
  2.5067E-03
  9.1171E-04
 -9.1171E-04
 -2.7347E-03
 -4.1013E-03
 -4.5571E-03
 -4.3287E-03
 -3.6454E-03
 -2.9616E-03
 -2.9621E-03
 -3.1900E-03
 -3.4180E-03
 -4.1008E-03
 -4.5562E-03
 -4.7851E-03
 -4.7846E-03
 -4.1008E-03
 -2.7342E-03
 -9.1076E-04
  9.1124E-04
  2.7337E-03
  4.7851E-03
  6.3796E-03
  7.5192E-03
  8.2030E-03
  8.8849E-03
  9.5692E-03
  9.7985E-03
  1.0480E-02
  1.1392E-02
  1.1848E-02
  1.2532E-02
  1.4128E-02
  1.5948E-02
  1.8000E-02
  1.9594E-02
  2.0278E-02
  2.1192E-02
  2.2784E-02
  2.4379E-02
  2.6201E-02
  2.8253E-02
  3.0763E-02
  3.3492E-02
  3.5316E-02
  3.6455E-02
  3.6455E-02
  3.5776E-02
  3.4632E-02
  3.3265E-02
  3.2126E-02
  3.0758E-02
  2.9396E-02
  2.8024E-02
  2.6202E-02
  2.3696E-02
  2.0277E-02
  1.6634E-02
  1.3215E-02
  9.5692E-03
  6.1526E-03
  2.9612E-03
  4.5586E-04
 -1.3666E-03
 -2.9621E-03
 -4.5576E-03
 -6.3796E-03
 -8.2026E-03
 -9.5692E-03
 -1.0709E-02
 -1.2989E-02
 -1.5948E-02
 -1.8683E-02
 -2.0960E-02
 -2.2785E-02
 -2.4383E-02
 -2.5290E-02
 -2.6202E-02
 -2.7340E-02
 -2.7568E-02
 -2.7345E-02
 -2.6886E-02
 -2.6201E-02
 -2.5746E-02
 -2.5746E-02
 -2.5978E-02
 -2.5974E-02
 -2.5746E-02
 -2.5290E-02
 -2.5063E-02
 -2.5521E-02
 -2.6429E-02
 -2.7569E-02
 -2.9619E-02
 -3.2125E-02
 -3.4409E-02
 -3.6226E-02
 -3.7276E-02
 -3.7559E-02
 -3.8208E-02
 -3.9411E-02
 -4.0378E-02
 -4.1098E-02
 -4.1573E-02
 -4.1573E-02
 -4.1092E-02
 -4.0611E-02
 -3.9656E-02
 -3.8454E-02
 -3.7247E-02
 -3.6045E-02
 -3.5085E-02
 -3.4123E-02
 -3.2928E-02
 -3.0763E-02
 -2.8356E-02
 -2.6434E-02
 -2.4751E-02
 -2.4271E-02
 -2.5236E-02
 -2.7158E-02
 -2.9077E-02
 -3.0278E-02
 -3.0760E-02
 -3.1240E-02
 -3.1966E-02
 -3.2926E-02
 -3.4844E-02
 -3.7248E-02
 -3.9169E-02
 -4.1099E-02
 -4.3020E-02
 -4.4216E-02
 -4.5177E-02
 -4.5898E-02
 -4.6139E-02
 -4.5424E-02
 -4.4463E-02
 -4.3736E-02
 -4.2774E-02
 -4.2054E-02
 -4.1386E-02
 -4.0383E-02
 -3.9363E-02
 -3.8220E-02
 -3.7538E-02
 -3.7309E-02
 -3.6845E-02
 -3.6618E-02
 -3.6623E-02
 -3.6394E-02
 -3.5472E-02
 -3.3871E-02
 -3.1816E-02
 -2.9522E-02
 -2.6777E-02
 -2.4262E-02
 -2.2431E-02
 -2.0368E-02
 -1.8080E-02
 -1.6023E-02
 -1.4191E-02
 -1.2587E-02
 -1.1215E-02
 -1.0071E-02
 -9.1553E-03
 -8.2383E-03
 -7.0949E-03
 -5.9509E-03
 -4.3483E-03
 -2.2893E-03
 -6.8712E-04
  6.8712E-04
  1.8315E-03
  2.5167E-03
  3.4328E-03
  3.6621E-03
  3.4337E-03
  3.8905E-03
  4.1203E-03
  4.3488E-03
  4.3473E-03
  4.1199E-03
  3.4332E-03
  2.2893E-03
  9.1505E-04
 -4.5776E-04
 -6.8665E-04
 -4.5681E-04
  0.0000E+00
  1.1444E-03
  2.0599E-03
  2.2898E-03
  2.5172E-03
  2.9750E-03
  3.4337E-03
  3.8905E-03
  3.8910E-03
  3.6621E-03
  3.6626E-03
  3.8900E-03
  3.8910E-03
  3.6621E-03
  3.2053E-03
  2.7456E-03
  2.9755E-03
  3.6621E-03
  4.1189E-03
  3.6621E-03
  2.9750E-03
  2.2888E-03
  1.6012E-03
  1.1444E-03
  1.3733E-03
  1.8311E-03
  1.6012E-03
  9.1600E-04
  0.0000E+00
 -9.1505E-04
 -1.3742E-03
 -2.0595E-03
 -2.9745E-03
 -3.8915E-03
 -4.8065E-03
 -5.4932E-03
 -5.9500E-03
 -6.1803E-03
 -6.7201E-03
 -7.8745E-03
 -9.1548E-03
 -1.0027E-02
 -1.0899E-02
 -1.1551E-02
 -1.2424E-02
 -1.3951E-02
 -1.5259E-02
 -1.6131E-02
 -1.6346E-02
 -1.5476E-02
 -1.4388E-02
 -1.3297E-02
 -1.1769E-02
 -9.8085E-03
 -7.8473E-03
 -5.8856E-03
 -3.9229E-03
 -1.9617E-03
  0.0000E+00
  1.3084E-03
  2.3980E-03
  3.1829E-03
  4.1523E-03
  6.2280E-03
  8.3046E-03
  1.0588E-02
  1.3079E-02
  1.4947E-02
  1.6605E-02
  1.8060E-02
  1.8892E-02
  1.9722E-02
  2.0968E-02
  2.2421E-02
  2.4078E-02
  2.5117E-02
  2.5327E-02
  2.5327E-02
  2.5328E-02
  2.5328E-02
  2.5120E-02
  2.4909E-02
  2.4702E-02
  2.4704E-02
  2.5120E-02
  2.5743E-02
  2.5743E-02
  2.4912E-02
  2.3664E-02
  2.2211E-02
  2.1175E-02
  1.9722E-02
  1.8308E-02
  1.7733E-02
  1.7297E-02
  1.6859E-02
  1.6418E-02
