# CREATED BY GENE DIAGNOSTICS TOOL on Mon Nov 26 17:33:13 2018
# diag: gamdiag, run(s): 0001, time window: 0-499.7925(1146 steps), species: ions
# normalization: L_ref=1.65m
#
# xind= 0, x/a= -NaN, q= 1.5842061
# Fit:    -NaN,Infinity,Infinity
# Analytic: -NaN,Infinity,Infinity
#  t          Re[phi]     Im[phi]   
  0.0000E+00  9.9994E-01  0.0000E+00
  4.3650E-01  9.2513E-01  2.1136E-02
  8.7300E-01  8.0142E-01  3.7604E-02
  1.3095E+00  7.2945E-01  4.9987E-02
  1.7460E+00  6.7794E-01  6.0364E-02
  2.1825E+00  6.0633E-01  6.8588E-02
  2.6190E+00  5.2576E-01  7.4005E-02
  3.0555E+00  4.5486E-01  7.6831E-02
  3.4920E+00  3.9431E-01  7.7678E-02
  3.9285E+00  3.3795E-01  7.6923E-02
  4.3650E+00  2.8323E-01  7.4721E-02
  4.8015E+00  2.3030E-01  7.1197E-02
  5.2380E+00  1.7925E-01  6.6488E-02
  5.6745E+00  1.3014E-01  6.0724E-02
  6.1110E+00  8.3706E-02  5.4044E-02
  6.5475E+00  4.1157E-02  4.6627E-02
  6.9840E+00  3.7957E-03  3.8689E-02
  7.4205E+00 -2.7559E-02  3.0505E-02
  7.8570E+00 -5.2405E-02  2.2328E-02
  8.2935E+00 -7.0465E-02  1.4426E-02
  8.7300E+00 -8.1601E-02  7.0542E-03
  9.1665E+00 -8.5761E-02  4.5619E-04
  9.6030E+00 -8.3523E-02 -5.1692E-03
  1.0040E+01 -7.5730E-02 -9.6748E-03
  1.0476E+01 -6.2816E-02 -1.2939E-02
  1.0913E+01 -4.5487E-02 -1.4883E-02
  1.1349E+01 -2.4134E-02 -1.5482E-02
  1.1786E+01  3.5865E-03 -1.4643E-02
  1.2222E+01  3.3220E-02 -1.2294E-02
  1.2659E+01  5.6268E-02 -8.8098E-03
  1.3095E+01  7.9444E-02 -4.6053E-03
  1.3532E+01  1.1274E-01  6.4168E-04
  1.3968E+01  1.4725E-01  7.3022E-03
  1.4405E+01  1.7000E-01  1.4736E-02
  1.4841E+01  1.8583E-01  2.2045E-02
  1.5278E+01  2.0688E-01  2.9259E-02
  1.5714E+01  2.3273E-01  3.6884E-02
  1.6151E+01  2.5363E-01  4.4852E-02
  1.6587E+01  2.6521E-01  5.2568E-02
  1.7024E+01  2.7091E-01  5.9574E-02
  1.7460E+01  2.7439E-01  6.5780E-02
  1.7897E+01  2.7556E-01  7.1200E-02
  1.8333E+01  2.7287E-01  7.5731E-02
  1.8770E+01  2.6573E-01  7.9214E-02
  1.9206E+01  2.5475E-01  8.1532E-02
  1.9643E+01  2.4058E-01  8.2654E-02
  2.0079E+01  2.2337E-01  8.2551E-02
  2.0516E+01  2.0425E-01  8.1266E-02
  2.0952E+01  1.8249E-01  7.8836E-02
  2.1389E+01  1.5922E-01  7.5283E-02
  2.1825E+01  1.3615E-01  7.0780E-02
  2.2262E+01  1.1035E-01  6.5360E-02
  2.2698E+01  8.5536E-02  5.9127E-02
  2.3134E+01  6.4142E-02  5.2432E-02
  2.3571E+01  3.9082E-02  4.5291E-02
  2.4007E+01  1.5260E-02  3.7737E-02
  2.4444E+01  3.1380E-04  3.0255E-02
  2.4880E+01 -1.6724E-02  2.2985E-02
  2.5317E+01 -3.9635E-02  1.5706E-02
  2.5753E+01 -5.2561E-02  8.7334E-03
  2.6190E+01 -5.3661E-02  2.6519E-03
  2.6626E+01 -6.0715E-02 -2.5970E-03
  2.7063E+01 -7.5858E-02 -7.4187E-03
  2.7499E+01 -8.1661E-02 -1.1610E-02
  2.7936E+01 -7.3520E-02 -1.4573E-02
  2.8372E+01 -6.6162E-02 -1.6270E-02
  2.8809E+01 -6.6698E-02 -1.7172E-02
  2.9245E+01 -6.5018E-02 -1.7391E-02
  2.9682E+01 -5.3116E-02 -1.6539E-02
  3.0118E+01 -3.7049E-02 -1.4429E-02
  3.0555E+01 -2.5426E-02 -1.1399E-02
  3.0991E+01 -1.7657E-02 -7.8415E-03
  3.1428E+01 -8.4221E-03 -3.8429E-03
  3.1864E+01  4.5979E-03  6.8346E-04
  3.2301E+01  1.8766E-02  5.6978E-03
  3.2737E+01  3.1284E-02  1.1005E-02
  3.3174E+01  4.1668E-02  1.6391E-02
  3.3610E+01  5.0448E-02  2.1678E-02
  3.4047E+01  5.9281E-02  2.6797E-02
  3.4483E+01  6.6963E-02  3.1654E-02
  3.4920E+01  7.1735E-02  3.6057E-02
  3.5356E+01  7.5126E-02  3.9891E-02
  3.5793E+01  7.7262E-02  4.3079E-02
  3.6229E+01  7.7899E-02  4.5576E-02
  3.6666E+01  7.6984E-02  4.7356E-02
  3.7102E+01  7.2239E-02  4.8263E-02
  3.7539E+01  6.5205E-02  4.8205E-02
  3.7975E+01  6.0758E-02  4.7363E-02
  3.8412E+01  5.6985E-02  4.5890E-02
  3.8848E+01  4.8282E-02  4.3672E-02
  3.9285E+01  3.5361E-02  4.0586E-02
  3.9721E+01  2.3172E-02  3.6728E-02
  4.0158E+01  1.4052E-02  3.2361E-02
  4.0594E+01  6.2169E-03  2.7677E-02
  4.1031E+01 -2.8857E-03  2.2678E-02
  4.1467E+01 -1.3467E-02  1.7371E-02
  4.1904E+01 -2.3832E-02  1.1918E-02
  4.2340E+01 -3.2553E-02  6.5315E-03
  4.2777E+01 -3.9986E-02  1.2842E-03
  4.3213E+01 -4.6315E-02 -3.8012E-03
  4.3650E+01 -5.0530E-02 -8.5210E-03
  4.4086E+01 -5.3863E-02 -1.2678E-02
  4.4523E+01 -5.8438E-02 -1.6321E-02
  4.4959E+01 -6.3001E-02 -1.9530E-02
  4.5396E+01 -6.5454E-02 -2.2257E-02
  4.5832E+01 -6.4354E-02 -2.4339E-02
  4.6269E+01 -5.9289E-02 -2.5564E-02
  4.6705E+01 -5.3570E-02 -2.5927E-02
  4.7142E+01 -4.9374E-02 -2.5603E-02
  4.7578E+01 -4.4523E-02 -2.4623E-02
  4.8015E+01 -3.9076E-02 -2.2983E-02
  4.8451E+01 -3.5422E-02 -2.0850E-02
  4.8888E+01 -3.1964E-02 -1.8340E-02
  4.9324E+01 -2.6793E-02 -1.5449E-02
  4.9761E+01 -2.1902E-02 -1.2291E-02
  5.0197E+01 -1.7246E-02 -8.9967E-03
  5.0634E+01 -9.7106E-03 -5.5079E-03
  5.1070E+01 -6.8264E-04 -1.8275E-03
  5.1507E+01  6.1901E-03  1.8505E-03
  5.1943E+01  1.2572E-02  5.4649E-03
  5.2380E+01  2.0778E-02  9.0769E-03
  5.2816E+01  2.7823E-02  1.2571E-02
  5.3253E+01  2.9957E-02  1.5677E-02
  5.3689E+01  2.8737E-02  1.8236E-02
  5.4126E+01  2.7864E-02  2.0261E-02
  5.4562E+01  2.7040E-02  2.1735E-02
  5.4999E+01  2.4142E-02  2.2568E-02
  5.5435E+01  1.9793E-02  2.2702E-02
  5.5872E+01  1.7267E-02  2.2240E-02
  5.6308E+01  1.7656E-02  2.1381E-02
  5.6745E+01  1.7484E-02  2.0154E-02
  5.7181E+01  1.4835E-02  1.8482E-02
  5.7618E+01  1.1877E-02  1.6435E-02
  5.8054E+01  9.5142E-03  1.4140E-02
  5.8491E+01  6.2632E-03  1.1629E-02
  5.8927E+01  1.0275E-03  8.8426E-03
  5.9364E+01 -5.6170E-03  5.7527E-03
  5.9800E+01 -1.1550E-02  2.4918E-03
  6.0237E+01 -1.6045E-02 -7.7661E-04
  6.0673E+01 -2.0420E-02 -4.0106E-03
  6.1110E+01 -2.4822E-02 -7.1792E-03
  6.1546E+01 -2.8451E-02 -1.0206E-02
  6.1983E+01 -3.1170E-02 -1.3015E-02
  6.2419E+01 -3.2300E-02 -1.5499E-02
  6.2856E+01 -3.0849E-02 -1.7510E-02
  6.3292E+01 -2.8287E-02 -1.8991E-02
  6.3729E+01 -2.6832E-02 -2.0014E-02
  6.4165E+01 -2.5322E-02 -2.0588E-02
  6.4602E+01 -2.1954E-02 -2.0624E-02
  6.5038E+01 -1.8111E-02 -2.0131E-02
  6.5475E+01 -1.5678E-02 -1.9232E-02
  6.5911E+01 -1.4036E-02 -1.7998E-02
  6.6348E+01 -1.1866E-02 -1.6435E-02
  6.6784E+01 -8.9990E-03 -1.4560E-02
  6.7221E+01 -5.9760E-03 -1.2424E-02
  6.7657E+01 -3.4723E-03 -1.0116E-02
  6.8094E+01 -1.4468E-03 -7.7078E-03
  6.8530E+01  7.0014E-04 -5.2178E-03
  6.8967E+01  3.0211E-03 -2.6957E-03
  6.9403E+01  5.3766E-03 -2.1149E-04
  6.9840E+01  7.3180E-03  2.1702E-03
  7.0276E+01  8.2951E-03  4.3796E-03
  7.0713E+01  8.9465E-03  6.3927E-03
  7.1149E+01  9.6955E-03  8.1821E-03
  7.1586E+01  9.8694E-03  9.6662E-03
  7.2022E+01  9.6553E-03  1.0820E-02
  7.2459E+01  9.6700E-03  1.1693E-02
  7.2895E+01  9.0032E-03  1.2254E-02
  7.3332E+01  7.0313E-03  1.2414E-02
  7.3768E+01  5.1641E-03  1.2197E-02
  7.4205E+01  4.2379E-03  1.1702E-02
  7.4641E+01  3.1957E-03  1.0956E-02
  7.5078E+01  1.3335E-03  9.9311E-03
  7.5514E+01 -7.8870E-04  8.6402E-03
  7.5951E+01 -2.6432E-03  7.1375E-03
  7.6387E+01 -4.2275E-03  5.4765E-03
  7.6824E+01 -5.1652E-03  3.7360E-03
  7.7260E+01 -5.4824E-03  1.9952E-03
  7.7697E+01 -6.5149E-03  2.3187E-04
  7.8133E+01 -8.4228E-03 -1.5741E-03
  7.8570E+01 -9.6080E-03 -3.3228E-03
  7.9006E+01 -9.6117E-03 -4.9163E-03
  7.9443E+01 -9.6319E-03 -6.3543E-03
  7.9879E+01 -1.0483E-02 -7.6659E-03
  8.0316E+01 -1.1520E-02 -8.8235E-03
  8.0752E+01 -1.1881E-02 -9.7655E-03
  8.1189E+01 -1.2044E-02 -1.0488E-02
  8.1625E+01 -1.2692E-02 -1.1025E-02
  8.2062E+01 -1.3268E-02 -1.1360E-02
  8.2498E+01 -1.3195E-02 -1.1464E-02
  8.2935E+01 -1.2910E-02 -1.1344E-02
  8.3371E+01 -1.2984E-02 -1.1036E-02
  8.3808E+01 -1.3216E-02 -1.0565E-02
  8.4244E+01 -1.2951E-02 -9.9267E-03
  8.4681E+01 -1.1993E-02 -9.1053E-03
  8.5117E+01 -1.1043E-02 -8.1362E-03
  8.5554E+01 -1.0672E-02 -7.0980E-03
  8.5990E+01 -1.0060E-02 -5.9992E-03
  8.6427E+01 -8.5669E-03 -4.8015E-03
  8.6863E+01 -7.1085E-03 -3.5505E-03
  8.7300E+01 -6.1861E-03 -2.3167E-03
  8.7736E+01 -5.2229E-03 -1.1100E-03
  8.8173E+01 -4.1625E-03  6.2040E-05
  8.8609E+01 -3.4637E-03  1.1613E-03
  8.9046E+01 -3.1030E-03  2.1540E-03
  8.9482E+01 -2.9228E-03  3.0093E-03
  8.9919E+01 -3.0659E-03  3.6881E-03
  9.0355E+01 -3.3232E-03  4.1862E-03
  9.0792E+01 -3.2177E-03  4.5335E-03
  9.1228E+01 -2.8902E-03  4.7410E-03
  9.1665E+01 -3.0377E-03  4.7823E-03
  9.2101E+01 -3.9803E-03  4.6231E-03
  9.2538E+01 -5.2318E-03  4.2723E-03
  9.2974E+01 -6.2614E-03  3.7770E-03
  9.3411E+01 -7.2985E-03  3.1470E-03
  9.3847E+01 -8.5876E-03  2.3639E-03
  9.4284E+01 -9.7214E-03  1.4586E-03
  9.4720E+01 -1.0566E-02  4.7573E-04
  9.5157E+01 -1.1297E-02 -5.6371E-04
  9.5593E+01 -1.1684E-02 -1.6208E-03
  9.6030E+01 -1.1812E-02 -2.6592E-03
  9.6466E+01 -1.2283E-02 -3.6796E-03
  9.6903E+01 -1.3036E-02 -4.6684E-03
  9.7339E+01 -1.3579E-02 -5.5896E-03
  9.7776E+01 -1.3980E-02 -6.4341E-03
  9.8212E+01 -1.4432E-02 -7.2043E-03
  9.8649E+01 -1.4679E-02 -7.8773E-03
  9.9085E+01 -1.4450E-02 -8.4190E-03
  9.9522E+01 -1.3824E-02 -8.8196E-03
  9.9958E+01 -1.2854E-02 -9.0728E-03
  1.0039E+02 -1.1517E-02 -9.1518E-03
  1.0083E+02 -1.0185E-02 -9.0558E-03
  1.0127E+02 -9.2225E-03 -8.8144E-03
  1.0170E+02 -8.5675E-03 -8.4468E-03
  1.0214E+02 -8.2585E-03 -7.9789E-03
  1.0258E+02 -8.3952E-03 -7.4456E-03
  1.0301E+02 -8.7800E-03 -6.8688E-03
  1.0345E+02 -9.1723E-03 -6.2675E-03
  1.0389E+02 -9.4070E-03 -5.6576E-03
  1.0432E+02 -9.3847E-03 -5.0463E-03
  1.0476E+02 -8.9878E-03 -4.4290E-03
  1.0520E+02 -8.0105E-03 -3.7837E-03
  1.0563E+02 -6.6205E-03 -3.1077E-03
  1.0607E+02 -5.3982E-03 -2.4375E-03
  1.0651E+02 -4.5377E-03 -1.8007E-03
  1.0694E+02 -3.7570E-03 -1.1888E-03
  1.0738E+02 -3.1879E-03 -6.1395E-04
  1.0782E+02 -3.3386E-03 -1.3260E-04
  1.0825E+02 -4.2463E-03  2.1492E-04
  1.0869E+02 -5.5397E-03  4.2055E-04
  1.0912E+02 -6.9230E-03  4.8571E-04
  1.0956E+02 -8.3362E-03  4.0960E-04
  1.1000E+02 -9.8024E-03  1.8860E-04
  1.1043E+02 -1.1073E-02 -1.6105E-04
  1.1087E+02 -1.1785E-02 -5.9765E-04
  1.1131E+02 -1.2004E-02 -1.0895E-03
  1.1174E+02 -1.2085E-02 -1.6311E-03
  1.1218E+02 -1.1990E-02 -2.2053E-03
  1.1262E+02 -1.1384E-02 -2.7685E-03
  1.1305E+02 -1.0380E-02 -3.2933E-03
  1.1349E+02 -9.4222E-03 -3.7847E-03
  1.1393E+02 -8.5760E-03 -4.2383E-03
  1.1436E+02 -7.6707E-03 -4.6351E-03
  1.1480E+02 -6.7773E-03 -4.9684E-03
  1.1524E+02 -6.0125E-03 -5.2373E-03
  1.1567E+02 -5.3734E-03 -5.4406E-03
  1.1611E+02 -4.8827E-03 -5.5816E-03
  1.1655E+02 -4.6029E-03 -5.6667E-03
  1.1698E+02 -4.4926E-03 -5.6993E-03
  1.1742E+02 -4.3987E-03 -5.6773E-03
  1.1785E+02 -4.3127E-03 -5.6045E-03
  1.1829E+02 -4.3606E-03 -5.4956E-03
  1.1873E+02 -4.4383E-03 -5.3526E-03
  1.1916E+02 -4.3229E-03 -5.1616E-03
  1.1960E+02 -4.1027E-03 -4.9249E-03
  1.2004E+02 -3.9528E-03 -4.6614E-03
  1.2047E+02 -3.7512E-03 -4.3728E-03
  1.2091E+02 -3.3954E-03 -4.0507E-03
  1.2135E+02 -3.0355E-03 -3.7003E-03
  1.2178E+02 -2.7771E-03 -3.3353E-03
  1.2222E+02 -2.6000E-03 -2.9683E-03
  1.2266E+02 -2.5208E-03 -2.6102E-03
  1.2309E+02 -2.5387E-03 -2.2675E-03
  1.2353E+02 -2.5845E-03 -1.9421E-03
  1.2397E+02 -2.6854E-03 -1.6446E-03
  1.2440E+02 -2.9312E-03 -1.3908E-03
  1.2484E+02 -3.2784E-03 -1.1849E-03
  1.2528E+02 -3.6676E-03 -1.0259E-03
  1.2571E+02 -4.1061E-03 -9.1949E-04
  1.2615E+02 -4.5152E-03 -8.6544E-04
  1.2658E+02 -4.8326E-03 -8.5705E-04
  1.2702E+02 -5.1254E-03 -8.9206E-04
  1.2746E+02 -5.4087E-03 -9.6808E-04
  1.2789E+02 -5.6030E-03 -1.0784E-03
  1.2833E+02 -5.6770E-03 -1.2150E-03
  1.2877E+02 -5.6700E-03 -1.3710E-03
  1.2920E+02 -5.6282E-03 -1.5421E-03
  1.2964E+02 -5.5223E-03 -1.7216E-03
  1.3008E+02 -5.2530E-03 -1.8969E-03
  1.3051E+02 -4.8275E-03 -2.0599E-03
  1.3095E+02 -4.3348E-03 -2.2076E-03
  1.3139E+02 -3.7573E-03 -2.3295E-03
  1.3182E+02 -3.0748E-03 -2.4163E-03
  1.3226E+02 -2.3740E-03 -2.4688E-03
  1.3270E+02 -1.7318E-03 -2.4886E-03
  1.3313E+02 -1.1592E-03 -2.4749E-03
  1.3357E+02 -6.2457E-04 -2.4262E-03
  1.3401E+02 -1.2287E-04 -2.3454E-03
  1.3444E+02  2.9025E-04 -2.2414E-03
  1.3488E+02  6.2805E-04 -2.1177E-03
  1.3531E+02  9.7661E-04 -1.9690E-03
  1.3575E+02  1.3255E-03 -1.7943E-03
  1.3619E+02  1.5359E-03 -1.6058E-03
  1.3662E+02  1.5287E-03 -1.4186E-03
  1.3706E+02  1.4370E-03 -1.2314E-03
  1.3750E+02  1.3784E-03 -1.0382E-03
  1.3793E+02  1.2602E-03 -8.5050E-04
  1.3837E+02  1.0290E-03 -6.8121E-04
  1.3881E+02  8.1017E-04 -5.2837E-04
  1.3924E+02  6.9648E-04 -3.8586E-04
  1.3968E+02  6.0045E-04 -2.5664E-04
  1.4012E+02  4.0621E-04 -1.4847E-04
  1.4055E+02  1.3983E-04 -6.1317E-05
  1.4099E+02 -1.4963E-04  8.0231E-06
  1.4143E+02 -5.1385E-04  5.5292E-05
  1.4186E+02 -9.7332E-04  7.4778E-05
  1.4230E+02 -1.4273E-03  6.9912E-05
  1.4274E+02 -1.8172E-03  4.4464E-05
  1.4317E+02 -2.1628E-03 -3.1833E-06
  1.4361E+02 -2.4087E-03 -6.7047E-05
  1.4404E+02 -2.5047E-03 -1.3655E-04
  1.4448E+02 -2.5413E-03 -2.1090E-04
  1.4492E+02 -2.5913E-03 -2.9067E-04
  1.4535E+02 -2.6062E-03 -3.6744E-04
  1.4579E+02 -2.5791E-03 -4.3626E-04
  1.4623E+02 -2.5677E-03 -5.0112E-04
  1.4666E+02 -2.5261E-03 -5.6092E-04
  1.4710E+02 -2.3452E-03 -6.0701E-04
  1.4754E+02 -2.0088E-03 -6.3414E-04
  1.4797E+02 -1.5361E-03 -6.3859E-04
  1.4841E+02 -9.2527E-04 -6.1458E-04
  1.4885E+02 -2.2607E-04 -5.6050E-04
  1.4928E+02  5.0208E-04 -4.7481E-04
  1.4972E+02  1.2148E-03 -3.5451E-04
  1.5016E+02  1.8007E-03 -2.0801E-04
  1.5059E+02  2.1753E-03 -5.0654E-05
  1.5103E+02  2.4007E-03  1.1201E-04
  1.5147E+02  2.5617E-03  2.7925E-04
  1.5190E+02  2.6811E-03  4.4563E-04
  1.5234E+02  2.7950E-03  6.0660E-04
  1.5277E+02  2.9532E-03  7.6152E-04
  1.5321E+02  3.1803E-03  9.1282E-04
  1.5365E+02  3.4628E-03  1.0636E-03
  1.5408E+02  3.7376E-03  1.2118E-03
  1.5452E+02  3.9364E-03  1.3533E-03
  1.5496E+02  3.9910E-03  1.4837E-03
  1.5539E+02  3.8148E-03  1.5925E-03
  1.5583E+02  3.3942E-03  1.6697E-03
  1.5627E+02  2.8111E-03  1.7115E-03
  1.5670E+02  2.1458E-03  1.7154E-03
  1.5714E+02  1.4605E-03  1.6794E-03
  1.5758E+02  8.3822E-04  1.6070E-03
  1.5801E+02  3.7569E-04  1.5076E-03
  1.5845E+02  1.3599E-04  1.3929E-03
  1.5889E+02  1.2577E-04  1.2735E-03
  1.5932E+02  3.0717E-04  1.1605E-03
  1.5976E+02  6.0742E-04  1.0622E-03
  1.6020E+02  9.4697E-04  9.8253E-04
  1.6063E+02  1.2481E-03  9.2137E-04
  1.6107E+02  1.4314E-03  8.7400E-04
  1.6150E+02  1.4594E-03  8.3506E-04
  1.6194E+02  1.3538E-03  8.0146E-04
  1.6238E+02  1.1437E-03  7.6929E-04
  1.6281E+02  8.5749E-04  7.3372E-04
  1.6325E+02  5.7391E-04  6.9599E-04
  1.6369E+02  3.9755E-04  6.6450E-04
  1.6412E+02  3.6461E-04  6.4563E-04
  1.6456E+02  4.4146E-04  6.3998E-04
  1.6500E+02  6.2110E-04  6.5023E-04
  1.6543E+02  9.4034E-04  6.8515E-04
  1.6587E+02  1.3782E-03  7.5003E-04
  1.6631E+02  1.8376E-03  8.4043E-04
  1.6674E+02  2.2699E-03  9.5164E-04
  1.6718E+02  2.7049E-03  1.0847E-03
  1.6762E+02  3.1376E-03  1.2380E-03
  1.6805E+02  3.5146E-03  1.4042E-03
  1.6849E+02  3.8246E-03  1.5770E-03
  1.6893E+02  4.0948E-03  1.7538E-03
  1.6936E+02  4.3234E-03  1.9298E-03
  1.6980E+02  4.5024E-03  2.0994E-03
  1.7023E+02  4.6663E-03  2.2617E-03
  1.7067E+02  4.8334E-03  2.4163E-03
  1.7111E+02  4.9792E-03  2.5589E-03
  1.7154E+02  5.1055E-03  2.6879E-03
  1.7198E+02  5.2215E-03  2.8035E-03
  1.7242E+02  5.2983E-03  2.9024E-03
  1.7285E+02  5.3152E-03  2.9815E-03
  1.7329E+02  5.2779E-03  3.0400E-03
  1.7373E+02  5.1864E-03  3.0765E-03
  1.7416E+02  5.0467E-03  3.0904E-03
  1.7460E+02  4.8735E-03  3.0825E-03
  1.7504E+02  4.6722E-03  3.0527E-03
  1.7547E+02  4.4549E-03  3.0023E-03
  1.7591E+02  4.2415E-03  2.9346E-03
  1.7635E+02  4.0345E-03  2.8522E-03
  1.7678E+02  3.8262E-03  2.7567E-03
  1.7722E+02  3.6236E-03  2.6503E-03
  1.7766E+02  3.4533E-03  2.5381E-03
  1.7809E+02  3.3355E-03  2.4259E-03
  1.7853E+02  3.2645E-03  2.3173E-03
  1.7896E+02  3.2380E-03  2.2146E-03
  1.7940E+02  3.2708E-03  2.1233E-03
  1.7984E+02  3.3609E-03  2.0484E-03
  1.8027E+02  3.4791E-03  1.9916E-03
  1.8071E+02  3.5996E-03  1.9530E-03
  1.8115E+02  3.7123E-03  1.9328E-03
  1.8158E+02  3.8132E-03  1.9315E-03
  1.8202E+02  3.9024E-03  1.9487E-03
  1.8246E+02  3.9886E-03  1.9838E-03
  1.8289E+02  4.0809E-03  2.0356E-03
  1.8333E+02  4.1812E-03  2.1028E-03
  1.8377E+02  4.2875E-03  2.1840E-03
  1.8420E+02  4.3981E-03  2.2775E-03
  1.8464E+02  4.5120E-03  2.3820E-03
  1.8508E+02  4.6282E-03  2.4958E-03
  1.8551E+02  4.7426E-03  2.6167E-03
  1.8595E+02  4.8529E-03  2.7423E-03
  1.8639E+02  4.9718E-03  2.8713E-03
  1.8682E+02  5.1156E-03  3.0029E-03
  1.8726E+02  5.2833E-03  3.1350E-03
  1.8769E+02  5.4669E-03  3.2651E-03
  1.8813E+02  5.6621E-03  3.3921E-03
  1.8857E+02  5.8567E-03  3.5145E-03
  1.8900E+02  6.0301E-03  3.6298E-03
  1.8944E+02  6.1638E-03  3.7352E-03
  1.8988E+02  6.2552E-03  3.8288E-03
  1.9031E+02  6.3179E-03  3.9103E-03
  1.9075E+02  6.3546E-03  3.9782E-03
  1.9119E+02  6.3576E-03  4.0294E-03
  1.9162E+02  6.3453E-03  4.0634E-03
  1.9206E+02  6.3462E-03  4.0830E-03
  1.9250E+02  6.3533E-03  4.0885E-03
  1.9293E+02  6.3383E-03  4.0786E-03
  1.9337E+02  6.3003E-03  4.0542E-03
  1.9381E+02  6.2508E-03  4.0186E-03
  1.9424E+02  6.1755E-03  3.9725E-03
  1.9468E+02  6.0593E-03  3.9152E-03
  1.9512E+02  5.9182E-03  3.8482E-03
  1.9555E+02  5.7782E-03  3.7741E-03
  1.9599E+02  5.6574E-03  3.6956E-03
  1.9642E+02  5.5682E-03  3.6159E-03
  1.9686E+02  5.5142E-03  3.5378E-03
  1.9730E+02  5.4934E-03  3.4639E-03
  1.9773E+02  5.5017E-03  3.3970E-03
  1.9817E+02  5.5260E-03  3.3394E-03
  1.9861E+02  5.5478E-03  3.2918E-03
  1.9904E+02  5.5572E-03  3.2548E-03
  1.9948E+02  5.5556E-03  3.2289E-03
  1.9992E+02  5.5524E-03  3.2148E-03
  2.0035E+02  5.5631E-03  3.2135E-03
  2.0079E+02  5.6033E-03  3.2260E-03
  2.0123E+02  5.6806E-03  3.2532E-03
  2.0166E+02  5.7934E-03  3.2949E-03
  2.0210E+02  5.9342E-03  3.3510E-03
  2.0254E+02  6.0894E-03  3.4208E-03
  2.0297E+02  6.2361E-03  3.5026E-03
  2.0341E+02  6.3520E-03  3.5931E-03
  2.0385E+02  6.4274E-03  3.6896E-03
  2.0428E+02  6.4632E-03  3.7894E-03
  2.0472E+02  6.4647E-03  3.8894E-03
  2.0515E+02  6.4432E-03  3.9864E-03
  2.0559E+02  6.4208E-03  4.0785E-03
  2.0603E+02  6.4241E-03  4.1652E-03
  2.0646E+02  6.4682E-03  4.2469E-03
  2.0690E+02  6.5562E-03  4.3235E-03
  2.0734E+02  6.6833E-03  4.3957E-03
  2.0777E+02  6.8328E-03  4.4635E-03
  2.0821E+02  6.9776E-03  4.5263E-03
  2.0865E+02  7.0890E-03  4.5825E-03
  2.0908E+02  7.1398E-03  4.6288E-03
  2.0952E+02  7.1133E-03  4.6617E-03
  2.0996E+02  7.0145E-03  4.6790E-03
  2.1039E+02  6.8616E-03  4.6796E-03
  2.1083E+02  6.6787E-03  4.6627E-03
  2.1127E+02  6.4997E-03  4.6296E-03
  2.1170E+02  6.3587E-03  4.5836E-03
  2.1214E+02  6.2765E-03  4.5284E-03
  2.1258E+02  6.2621E-03  4.4681E-03
  2.1301E+02  6.3130E-03  4.4069E-03
  2.1345E+02  6.4134E-03  4.3480E-03
  2.1388E+02  6.5368E-03  4.2934E-03
  2.1432E+02  6.6565E-03  4.2443E-03
  2.1476E+02  6.7522E-03  4.2011E-03
  2.1519E+02  6.8087E-03  4.1636E-03
  2.1563E+02  6.8130E-03  4.1304E-03
  2.1607E+02  6.7608E-03  4.0996E-03
  2.1650E+02  6.6626E-03  4.0704E-03
  2.1694E+02  6.5375E-03  4.0427E-03
  2.1738E+02  6.4004E-03  4.0160E-03
  2.1781E+02  6.2689E-03  3.9906E-03
  2.1825E+02  6.1698E-03  3.9689E-03
  2.1869E+02  6.1236E-03  3.9537E-03
  2.1912E+02  6.1335E-03  3.9470E-03
  2.1956E+02  6.1966E-03  3.9504E-03
  2.2000E+02  6.3091E-03  3.9658E-03
  2.2043E+02  6.4580E-03  3.9941E-03
  2.2087E+02  6.6209E-03  4.0344E-03
  2.2131E+02  6.7762E-03  4.0850E-03
  2.2174E+02  6.9102E-03  4.1438E-03
  2.2218E+02  7.0165E-03  4.2085E-03
  2.2261E+02  7.0922E-03  4.2770E-03
  2.2305E+02  7.1351E-03  4.3467E-03
  2.2349E+02  7.1466E-03  4.4148E-03
  2.2392E+02  7.1333E-03  4.4795E-03
  2.2436E+02  7.1019E-03  4.5392E-03
  2.2480E+02  7.0536E-03  4.5924E-03
  2.2523E+02  6.9879E-03  4.6371E-03
  2.2567E+02  6.9103E-03  4.6724E-03
  2.2611E+02  6.8309E-03  4.6983E-03
  2.2654E+02  6.7570E-03  4.7151E-03
  2.2698E+02  6.6944E-03  4.7231E-03
  2.2742E+02  6.6476E-03  4.7230E-03
  2.2785E+02  6.6171E-03  4.7155E-03
  2.2829E+02  6.6014E-03  4.7011E-03
  2.2873E+02  6.5988E-03  4.6808E-03
  2.2916E+02  6.6055E-03  4.6554E-03
  2.2960E+02  6.6156E-03  4.6257E-03
  2.3004E+02  6.6268E-03  4.5922E-03
  2.3047E+02  6.6420E-03  4.5565E-03
  2.3091E+02  6.6640E-03  4.5199E-03
  2.3134E+02  6.6914E-03  4.4833E-03
  2.3178E+02  6.7234E-03  4.4474E-03
  2.3222E+02  6.7594E-03  4.4133E-03
  2.3265E+02  6.7951E-03  4.3816E-03
  2.3309E+02  6.8249E-03  4.3525E-03
  2.3353E+02  6.8463E-03  4.3264E-03
  2.3396E+02  6.8579E-03  4.3036E-03
  2.3440E+02  6.8602E-03  4.2844E-03
  2.3484E+02  6.8568E-03  4.2690E-03
  2.3527E+02  6.8516E-03  4.2576E-03
  2.3571E+02  6.8472E-03  4.2502E-03
  2.3615E+02  6.8465E-03  4.2467E-03
  2.3658E+02  6.8513E-03  4.2475E-03
  2.3702E+02  6.8592E-03  4.2525E-03
  2.3746E+02  6.8654E-03  4.2612E-03
  2.3789E+02  6.8657E-03  4.2732E-03
  2.3833E+02  6.8583E-03  4.2880E-03
  2.3877E+02  6.8425E-03  4.3051E-03
  2.3920E+02  6.8189E-03  4.3238E-03
  2.3964E+02  6.7912E-03  4.3433E-03
  2.4007E+02  6.7651E-03  4.3633E-03
  2.4051E+02  6.7442E-03  4.3837E-03
  2.4095E+02  6.7295E-03  4.4037E-03
  2.4138E+02  6.7207E-03  4.4231E-03
  2.4182E+02  6.7150E-03  4.4414E-03
  2.4226E+02  6.7055E-03  4.4577E-03
  2.4269E+02  6.6889E-03  4.4710E-03
  2.4313E+02  6.6672E-03  4.4814E-03
  2.4357E+02  6.6431E-03  4.4887E-03
  2.4400E+02  6.6200E-03  4.4926E-03
  2.4444E+02  6.6052E-03  4.4936E-03
  2.4488E+02  6.6068E-03  4.4927E-03
  2.4531E+02  6.6278E-03  4.4904E-03
  2.4575E+02  6.6656E-03  4.4871E-03
  2.4619E+02  6.7149E-03  4.4831E-03
  2.4662E+02  6.7688E-03  4.4785E-03
  2.4706E+02  6.8192E-03  4.4733E-03
  2.4750E+02  6.8582E-03  4.4671E-03
  2.4793E+02  6.8810E-03  4.4598E-03
  2.4837E+02  6.8874E-03  4.4511E-03
  2.4880E+02  6.8802E-03  4.4409E-03
  2.4924E+02  6.8635E-03  4.4292E-03
  2.4968E+02  6.8412E-03  4.4160E-03
  2.5011E+02  6.8171E-03  4.4012E-03
  2.5055E+02  6.7945E-03  4.3851E-03
  2.5099E+02  6.7746E-03  4.3683E-03
  2.5142E+02  6.7545E-03  4.3508E-03
  2.5186E+02  6.7307E-03  4.3330E-03
  2.5230E+02  6.7015E-03  4.3149E-03
  2.5273E+02  6.6665E-03  4.2970E-03
  2.5317E+02  6.6263E-03  4.2793E-03
  2.5361E+02  6.5835E-03  4.2621E-03
  2.5404E+02  6.5442E-03  4.2455E-03
  2.5448E+02  6.5150E-03  4.2303E-03
  2.5492E+02  6.5013E-03  4.2171E-03
  2.5535E+02  6.5061E-03  4.2066E-03
  2.5579E+02  6.5274E-03  4.1994E-03
  2.5623E+02  6.5585E-03  4.1958E-03
  2.5666E+02  6.5913E-03  4.1955E-03
  2.5710E+02  6.6180E-03  4.1982E-03
  2.5753E+02  6.6302E-03  4.2030E-03
  2.5797E+02  6.6239E-03  4.2089E-03
  2.5841E+02  6.6014E-03  4.2150E-03
  2.5884E+02  6.5705E-03  4.2208E-03
  2.5928E+02  6.5410E-03  4.2263E-03
  2.5972E+02  6.5232E-03  4.2318E-03
  2.6015E+02  6.5247E-03  4.2378E-03
  2.6059E+02  6.5482E-03  4.2448E-03
  2.6103E+02  6.5904E-03  4.2532E-03
  2.6146E+02  6.6433E-03  4.2628E-03
  2.6190E+02  6.6953E-03  4.2732E-03
  2.6234E+02  6.7342E-03  4.2836E-03
  2.6277E+02  6.7504E-03  4.2928E-03
  2.6321E+02  6.7388E-03  4.2997E-03
  2.6365E+02  6.6990E-03  4.3034E-03
  2.6408E+02  6.6353E-03  4.3029E-03
  2.6452E+02  6.5565E-03  4.2976E-03
  2.6496E+02  6.4746E-03  4.2877E-03
  2.6539E+02  6.4012E-03  4.2736E-03
  2.6583E+02  6.3464E-03  4.2562E-03
  2.6627E+02  6.3175E-03  4.2367E-03
  2.6670E+02  6.3181E-03  4.2166E-03
  2.6714E+02  6.3460E-03  4.1972E-03
  2.6757E+02  6.3940E-03  4.1798E-03
  2.6801E+02  6.4520E-03  4.1649E-03
  2.6845E+02  6.5068E-03  4.1523E-03
  2.6888E+02  6.5462E-03  4.1416E-03
  2.6932E+02  6.5615E-03  4.1317E-03
  2.6976E+02  6.5493E-03  4.1218E-03
  2.7019E+02  6.5108E-03  4.1108E-03
  2.7063E+02  6.4522E-03  4.0983E-03
  2.7107E+02  6.3839E-03  4.0841E-03
  2.7150E+02  6.3170E-03  4.0688E-03
  2.7194E+02  6.2605E-03  4.0528E-03
  2.7238E+02  6.2198E-03  4.0369E-03
  2.7281E+02  6.1973E-03  4.0218E-03
  2.7325E+02  6.1921E-03  4.0083E-03
  2.7369E+02  6.2007E-03  3.9969E-03
  2.7412E+02  6.2178E-03  3.9877E-03
  2.7456E+02  6.2390E-03  3.9810E-03
  2.7500E+02  6.2611E-03  3.9767E-03
  2.7543E+02  6.2818E-03  3.9746E-03
  2.7587E+02  6.2999E-03  3.9745E-03
  2.7630E+02  6.3148E-03  3.9760E-03
  2.7674E+02  6.3265E-03  3.9787E-03
  2.7718E+02  6.3355E-03  3.9822E-03
  2.7761E+02  6.3419E-03  3.9863E-03
  2.7805E+02  6.3457E-03  3.9907E-03
  2.7849E+02  6.3470E-03  3.9950E-03
  2.7892E+02  6.3465E-03  3.9992E-03
  2.7936E+02  6.3443E-03  4.0030E-03
  2.7980E+02  6.3401E-03  4.0061E-03
  2.8023E+02  6.3338E-03  4.0085E-03
  2.8067E+02  6.3247E-03  4.0097E-03
  2.8111E+02  6.3120E-03  4.0097E-03
  2.8154E+02  6.2951E-03  4.0080E-03
  2.8198E+02  6.2736E-03  4.0046E-03
  2.8242E+02  6.2473E-03  3.9992E-03
  2.8285E+02  6.2176E-03  3.9917E-03
  2.8329E+02  6.1871E-03  3.9822E-03
  2.8373E+02  6.1584E-03  3.9711E-03
  2.8416E+02  6.1336E-03  3.9587E-03
  2.8460E+02  6.1143E-03  3.9453E-03
  2.8503E+02  6.1009E-03  3.9315E-03
  2.8547E+02  6.0921E-03  3.9174E-03
  2.8591E+02  6.0851E-03  3.9033E-03
  2.8634E+02  6.0769E-03  3.8890E-03
  2.8678E+02  6.0653E-03  3.8746E-03
  2.8722E+02  6.0494E-03  3.8601E-03
  2.8765E+02  6.0303E-03  3.8454E-03
  2.8809E+02  6.0104E-03  3.8307E-03
  2.8853E+02  5.9928E-03  3.8165E-03
  2.8896E+02  5.9805E-03  3.8030E-03
  2.8940E+02  5.9753E-03  3.7906E-03
  2.8984E+02  5.9774E-03  3.7796E-03
  2.9027E+02  5.9850E-03  3.7701E-03
  2.9071E+02  5.9954E-03  3.7622E-03
  2.9115E+02  6.0059E-03  3.7557E-03
  2.9158E+02  6.0143E-03  3.7505E-03
  2.9202E+02  6.0195E-03  3.7467E-03
  2.9246E+02  6.0217E-03  3.7439E-03
  2.9289E+02  6.0218E-03  3.7423E-03
  2.9333E+02  6.0212E-03  3.7418E-03
  2.9376E+02  6.0209E-03  3.7420E-03
  2.9420E+02  6.0209E-03  3.7430E-03
  2.9464E+02  6.0206E-03  3.7444E-03
  2.9507E+02  6.0185E-03  3.7458E-03
  2.9551E+02  6.0133E-03  3.7469E-03
  2.9595E+02  6.0042E-03  3.7475E-03
  2.9638E+02  5.9908E-03  3.7472E-03
  2.9682E+02  5.9740E-03  3.7459E-03
  2.9726E+02  5.9555E-03  3.7437E-03
  2.9769E+02  5.9376E-03  3.7407E-03
  2.9813E+02  5.9226E-03  3.7368E-03
  2.9857E+02  5.9117E-03  3.7323E-03
  2.9900E+02  5.9054E-03  3.7273E-03
  2.9944E+02  5.9030E-03  3.7219E-03
  2.9988E+02  5.9027E-03  3.7161E-03
  3.0031E+02  5.9015E-03  3.7100E-03
  3.0075E+02  5.8966E-03  3.7033E-03
  3.0119E+02  5.8859E-03  3.6960E-03
  3.0162E+02  5.8684E-03  3.6877E-03
  3.0206E+02  5.8450E-03  3.6785E-03
  3.0249E+02  5.8176E-03  3.6682E-03
  3.0293E+02  5.7892E-03  3.6569E-03
  3.0337E+02  5.7631E-03  3.6450E-03
  3.0380E+02  5.7418E-03  3.6327E-03
  3.0424E+02  5.7260E-03  3.6204E-03
  3.0468E+02  5.7147E-03  3.6084E-03
  3.0511E+02  5.7056E-03  3.5967E-03
  3.0555E+02  5.6959E-03  3.5853E-03
  3.0599E+02  5.6834E-03  3.5742E-03
  3.0642E+02  5.6673E-03  3.5633E-03
  3.0686E+02  5.6488E-03  3.5526E-03
  3.0730E+02  5.6305E-03  3.5422E-03
  3.0773E+02  5.6163E-03  3.5325E-03
  3.0817E+02  5.6096E-03  3.5239E-03
  3.0861E+02  5.6124E-03  3.5168E-03
  3.0904E+02  5.6247E-03  3.5114E-03
  3.0948E+02  5.6445E-03  3.5079E-03
  3.0992E+02  5.6680E-03  3.5062E-03
  3.1035E+02  5.6909E-03  3.5060E-03
  3.1079E+02  5.7091E-03  3.5070E-03
  3.1122E+02  5.7201E-03  3.5088E-03
  3.1166E+02  5.7231E-03  3.5109E-03
  3.1210E+02  5.7190E-03  3.5131E-03
  3.1253E+02  5.7102E-03  3.5151E-03
  3.1297E+02  5.6995E-03  3.5167E-03
  3.1341E+02  5.6902E-03  3.5180E-03
  3.1384E+02  5.6845E-03  3.5190E-03
  3.1428E+02  5.6835E-03  3.5196E-03
  3.1472E+02  5.6866E-03  3.5201E-03
  3.1515E+02  5.6916E-03  3.5204E-03
  3.1559E+02  5.6954E-03  3.5203E-03
  3.1603E+02  5.6942E-03  3.5196E-03
  3.1646E+02  5.6841E-03  3.5180E-03
  3.1690E+02  5.6626E-03  3.5149E-03
  3.1734E+02  5.6288E-03  3.5099E-03
  3.1777E+02  5.5844E-03  3.5027E-03
  3.1821E+02  5.5329E-03  3.4931E-03
  3.1865E+02  5.4797E-03  3.4813E-03
  3.1908E+02  5.4309E-03  3.4677E-03
  3.1952E+02  5.3918E-03  3.4529E-03
  3.1995E+02  5.3668E-03  3.4376E-03
  3.2039E+02  5.3576E-03  3.4228E-03
  3.2083E+02  5.3638E-03  3.4090E-03
  3.2126E+02  5.3821E-03  3.3968E-03
  3.2170E+02  5.4080E-03  3.3866E-03
  3.2214E+02  5.4362E-03  3.3784E-03
  3.2257E+02  5.4619E-03  3.3721E-03
  3.2301E+02  5.4811E-03  3.3674E-03
  3.2345E+02  5.4916E-03  3.3640E-03
  3.2388E+02  5.4929E-03  3.3614E-03
  3.2432E+02  5.4862E-03  3.3593E-03
  3.2476E+02  5.4733E-03  3.3576E-03
  3.2519E+02  5.4566E-03  3.3561E-03
  3.2563E+02  5.4381E-03  3.3546E-03
  3.2607E+02  5.4198E-03  3.3532E-03
  3.2650E+02  5.4030E-03  3.3517E-03
  3.2694E+02  5.3886E-03  3.3502E-03
  3.2738E+02  5.3772E-03  3.3487E-03
  3.2781E+02  5.3694E-03  3.3474E-03
  3.2825E+02  5.3655E-03  3.3462E-03
  3.2868E+02  5.3654E-03  3.3454E-03
  3.2912E+02  5.3687E-03  3.3449E-03
  3.2956E+02  5.3741E-03  3.3448E-03
  3.2999E+02  5.3802E-03  3.3450E-03
  3.3043E+02  5.3851E-03  3.3453E-03
  3.3087E+02  5.3870E-03  3.3456E-03
  3.3130E+02  5.3845E-03  3.3455E-03
  3.3174E+02  5.3772E-03  3.3448E-03
  3.3218E+02  5.3652E-03  3.3433E-03
  3.3261E+02  5.3495E-03  3.3410E-03
  3.3305E+02  5.3314E-03  3.3377E-03
  3.3349E+02  5.3123E-03  3.3335E-03
  3.3392E+02  5.2934E-03  3.3284E-03
  3.3436E+02  5.2754E-03  3.3226E-03
  3.3480E+02  5.2590E-03  3.3160E-03
  3.3523E+02  5.2444E-03  3.3088E-03
  3.3567E+02  5.2318E-03  3.3012E-03
  3.3611E+02  5.2215E-03  3.2933E-03
  3.3654E+02  5.2137E-03  3.2854E-03
  3.3698E+02  5.2086E-03  3.2777E-03
  3.3741E+02  5.2056E-03  3.2704E-03
  3.3785E+02  5.2041E-03  3.2636E-03
  3.3829E+02  5.2029E-03  3.2575E-03
  3.3872E+02  5.2005E-03  3.2519E-03
  3.3916E+02  5.1956E-03  3.2467E-03
  3.3960E+02  5.1872E-03  3.2418E-03
  3.4003E+02  5.1752E-03  3.2369E-03
  3.4047E+02  5.1604E-03  3.2321E-03
  3.4091E+02  5.1443E-03  3.2274E-03
  3.4134E+02  5.1285E-03  3.2228E-03
  3.4178E+02  5.1148E-03  3.2185E-03
  3.4222E+02  5.1047E-03  3.2146E-03
  3.4265E+02  5.0988E-03  3.2113E-03
  3.4309E+02  5.0968E-03  3.2086E-03
  3.4353E+02  5.0979E-03  3.2067E-03
  3.4396E+02  5.1007E-03  3.2054E-03
  3.4440E+02  5.1036E-03  3.2047E-03
  3.4484E+02  5.1054E-03  3.2044E-03
  3.4527E+02  5.1050E-03  3.2045E-03
  3.4571E+02  5.1023E-03  3.2047E-03
  3.4614E+02  5.0974E-03  3.2050E-03
  3.4658E+02  5.0910E-03  3.2053E-03
  3.4702E+02  5.0840E-03  3.2054E-03
  3.4745E+02  5.0772E-03  3.2054E-03
  3.4789E+02  5.0710E-03  3.2052E-03
  3.4833E+02  5.0651E-03  3.2048E-03
  3.4876E+02  5.0592E-03  3.2042E-03
  3.4920E+02  5.0523E-03  3.2032E-03
  3.4964E+02  5.0435E-03  3.2017E-03
  3.5007E+02  5.0325E-03  3.1996E-03
  3.5051E+02  5.0193E-03  3.1968E-03
  3.5095E+02  5.0047E-03  3.1933E-03
  3.5138E+02  4.9900E-03  3.1891E-03
  3.5182E+02  4.9763E-03  3.1845E-03
  3.5226E+02  4.9647E-03  3.1795E-03
  3.5269E+02  4.9554E-03  3.1743E-03
  3.5313E+02  4.9480E-03  3.1690E-03
  3.5357E+02  4.9417E-03  3.1637E-03
  3.5400E+02  4.9351E-03  3.1583E-03
  3.5444E+02  4.9274E-03  3.1529E-03
  3.5487E+02  4.9182E-03  3.1473E-03
  3.5531E+02  4.9077E-03  3.1417E-03
  3.5575E+02  4.8968E-03  3.1361E-03
  3.5618E+02  4.8869E-03  3.1306E-03
  3.5662E+02  4.8790E-03  3.1255E-03
  3.5706E+02  4.8739E-03  3.1208E-03
  3.5749E+02  4.8715E-03  3.1168E-03
  3.5793E+02  4.8711E-03  3.1134E-03
  3.5837E+02  4.8715E-03  3.1106E-03
  3.5880E+02  4.8713E-03  3.1084E-03
  3.5924E+02  4.8694E-03  3.1067E-03
  3.5968E+02  4.8650E-03  3.1052E-03
  3.6011E+02  4.8580E-03  3.1040E-03
  3.6055E+02  4.8489E-03  3.1028E-03
  3.6099E+02  4.8388E-03  3.1018E-03
  3.6142E+02  4.8288E-03  3.1008E-03
  3.6186E+02  4.8200E-03  3.1001E-03
  3.6230E+02  4.8130E-03  3.0995E-03
  3.6273E+02  4.8079E-03  3.0991E-03
  3.6317E+02  4.8043E-03  3.0990E-03
  3.6360E+02  4.8012E-03  3.0990E-03
  3.6404E+02  4.7974E-03  3.0990E-03
  3.6448E+02  4.7918E-03  3.0988E-03
  3.6491E+02  4.7836E-03  3.0984E-03
  3.6535E+02  4.7726E-03  3.0975E-03
  3.6579E+02  4.7591E-03  3.0962E-03
  3.6622E+02  4.7442E-03  3.0942E-03
  3.6666E+02  4.7293E-03  3.0918E-03
  3.6710E+02  4.7161E-03  3.0890E-03
  3.6753E+02  4.7060E-03  3.0859E-03
  3.6797E+02  4.6999E-03  3.0827E-03
  3.6841E+02  4.6981E-03  3.0797E-03
  3.6884E+02  4.6999E-03  3.0769E-03
  3.6928E+02  4.7037E-03  3.0744E-03
  3.6972E+02  4.7078E-03  3.0722E-03
  3.7015E+02  4.7100E-03  3.0701E-03
  3.7059E+02  4.7086E-03  3.0681E-03
  3.7103E+02  4.7024E-03  3.0658E-03
  3.7146E+02  4.6916E-03  3.0632E-03
  3.7190E+02  4.6768E-03  3.0601E-03
  3.7233E+02  4.6598E-03  3.0566E-03
  3.7277E+02  4.6426E-03  3.0526E-03
  3.7321E+02  4.6274E-03  3.0485E-03
  3.7364E+02  4.6157E-03  3.0443E-03
  3.7408E+02  4.6084E-03  3.0404E-03
  3.7452E+02  4.6055E-03  3.0369E-03
  3.7495E+02  4.6061E-03  3.0340E-03
  3.7539E+02  4.6088E-03  3.0316E-03
  3.7583E+02  4.6122E-03  3.0298E-03
  3.7626E+02  4.6146E-03  3.0285E-03
  3.7670E+02  4.6150E-03  3.0276E-03
  3.7714E+02  4.6125E-03  3.0269E-03
  3.7757E+02  4.6068E-03  3.0264E-03
  3.7801E+02  4.5979E-03  3.0259E-03
  3.7845E+02  4.5863E-03  3.0253E-03
  3.7888E+02  4.5725E-03  3.0245E-03
  3.7932E+02  4.5572E-03  3.0235E-03
  3.7976E+02  4.5414E-03  3.0222E-03
  3.8019E+02  4.5261E-03  3.0205E-03
  3.8063E+02  4.5121E-03  3.0187E-03
  3.8106E+02  4.5005E-03  3.0167E-03
  3.8150E+02  4.4916E-03  3.0147E-03
  3.8194E+02  4.4855E-03  3.0128E-03
  3.8237E+02  4.4820E-03  3.0111E-03
  3.8281E+02  4.4802E-03  3.0096E-03
  3.8325E+02  4.4793E-03  3.0082E-03
  3.8368E+02  4.4781E-03  3.0071E-03
  3.8412E+02  4.4761E-03  3.0060E-03
  3.8456E+02  4.4728E-03  3.0050E-03
  3.8499E+02  4.4682E-03  3.0039E-03
  3.8543E+02  4.4627E-03  3.0027E-03
  3.8587E+02  4.4568E-03  3.0015E-03
  3.8630E+02  4.4510E-03  3.0002E-03
  3.8674E+02  4.4458E-03  2.9989E-03
  3.8718E+02  4.4414E-03  2.9976E-03
  3.8761E+02  4.4378E-03  2.9963E-03
  3.8805E+02  4.4348E-03  2.9950E-03
  3.8849E+02  4.4319E-03  2.9937E-03
  3.8892E+02  4.4289E-03  2.9924E-03
  3.8936E+02  4.4253E-03  2.9911E-03
  3.8979E+02  4.4209E-03  2.9898E-03
  3.9023E+02  4.4155E-03  2.9885E-03
  3.9067E+02  4.4092E-03  2.9871E-03
  3.9110E+02  4.4020E-03  2.9856E-03
  3.9154E+02  4.3941E-03  2.9840E-03
  3.9198E+02  4.3855E-03  2.9824E-03
  3.9241E+02  4.3765E-03  2.9806E-03
  3.9285E+02  4.3671E-03  2.9787E-03
  3.9329E+02  4.3575E-03  2.9766E-03
  3.9372E+02  4.3477E-03  2.9745E-03
  3.9416E+02  4.3381E-03  2.9722E-03
  3.9460E+02  4.3288E-03  2.9698E-03
  3.9503E+02  4.3202E-03  2.9675E-03
  3.9547E+02  4.3125E-03  2.9652E-03
  3.9591E+02  4.3058E-03  2.9630E-03
  3.9634E+02  4.3000E-03  2.9610E-03
  3.9678E+02  4.2949E-03  2.9592E-03
  3.9722E+02  4.2899E-03  2.9576E-03
  3.9765E+02  4.2846E-03  2.9562E-03
  3.9809E+02  4.2787E-03  2.9549E-03
  3.9852E+02  4.2720E-03  2.9536E-03
  3.9896E+02  4.2649E-03  2.9524E-03
  3.9940E+02  4.2577E-03  2.9511E-03
  3.9983E+02  4.2513E-03  2.9500E-03
  4.0027E+02  4.2462E-03  2.9490E-03
  4.0071E+02  4.2429E-03  2.9482E-03
  4.0114E+02  4.2415E-03  2.9478E-03
  4.0158E+02  4.2414E-03  2.9476E-03
  4.0202E+02  4.2421E-03  2.9477E-03
  4.0245E+02  4.2427E-03  2.9479E-03
  4.0289E+02  4.2423E-03  2.9484E-03
  4.0333E+02  4.2403E-03  2.9488E-03
  4.0376E+02  4.2366E-03  2.9491E-03
  4.0420E+02  4.2313E-03  2.9493E-03
  4.0464E+02  4.2249E-03  2.9492E-03
  4.0507E+02  4.2182E-03  2.9490E-03
  4.0551E+02  4.2117E-03  2.9485E-03
  4.0595E+02  4.2058E-03  2.9480E-03
  4.0638E+02  4.2007E-03  2.9473E-03
  4.0682E+02  4.1962E-03  2.9465E-03
  4.0725E+02  4.1919E-03  2.9456E-03
  4.0769E+02  4.1874E-03  2.9447E-03
  4.0813E+02  4.1822E-03  2.9436E-03
  4.0856E+02  4.1762E-03  2.9423E-03
  4.0900E+02  4.1694E-03  2.9408E-03
  4.0944E+02  4.1620E-03  2.9392E-03
  4.0987E+02  4.1545E-03  2.9375E-03
  4.1031E+02  4.1470E-03  2.9357E-03
  4.1075E+02  4.1400E-03  2.9339E-03
  4.1118E+02  4.1335E-03  2.9320E-03
  4.1162E+02  4.1275E-03  2.9302E-03
  4.1206E+02  4.1216E-03  2.9285E-03
  4.1249E+02  4.1156E-03  2.9267E-03
  4.1293E+02  4.1093E-03  2.9250E-03
  4.1337E+02  4.1025E-03  2.9233E-03
  4.1380E+02  4.0953E-03  2.9216E-03
  4.1424E+02  4.0879E-03  2.9199E-03
  4.1468E+02  4.0807E-03  2.9183E-03
  4.1511E+02  4.0742E-03  2.9168E-03
  4.1555E+02  4.0689E-03  2.9154E-03
  4.1598E+02  4.0651E-03  2.9144E-03
  4.1642E+02  4.0629E-03  2.9136E-03
  4.1686E+02  4.0621E-03  2.9131E-03
  4.1729E+02  4.0624E-03  2.9130E-03
  4.1773E+02  4.0631E-03  2.9131E-03
  4.1817E+02  4.0634E-03  2.9136E-03
  4.1860E+02  4.0628E-03  2.9142E-03
  4.1904E+02  4.0607E-03  2.9148E-03
  4.1948E+02  4.0569E-03  2.9155E-03
  4.1991E+02  4.0517E-03  2.9161E-03
  4.2035E+02  4.0455E-03  2.9165E-03
  4.2079E+02  4.0390E-03  2.9168E-03
  4.2122E+02  4.0331E-03  2.9170E-03
  4.2166E+02  4.0283E-03  2.9171E-03
  4.2210E+02  4.0247E-03  2.9173E-03
  4.2253E+02  4.0224E-03  2.9175E-03
  4.2297E+02  4.0207E-03  2.9177E-03
  4.2341E+02  4.0189E-03  2.9179E-03
  4.2384E+02  4.0163E-03  2.9180E-03
  4.2428E+02  4.0121E-03  2.9180E-03
  4.2471E+02  4.0061E-03  2.9177E-03
  4.2515E+02  3.9981E-03  2.9170E-03
  4.2559E+02  3.9886E-03  2.9160E-03
  4.2602E+02  3.9782E-03  2.9147E-03
  4.2646E+02  3.9678E-03  2.9130E-03
  4.2690E+02  3.9580E-03  2.9111E-03
  4.2733E+02  3.9496E-03  2.9091E-03
  4.2777E+02  3.9428E-03  2.9071E-03
  4.2821E+02  3.9378E-03  2.9051E-03
  4.2864E+02  3.9346E-03  2.9032E-03
  4.2908E+02  3.9327E-03  2.9016E-03
  4.2952E+02  3.9319E-03  2.9001E-03
  4.2995E+02  3.9314E-03  2.8989E-03
  4.3039E+02  3.9307E-03  2.8980E-03
  4.3083E+02  3.9294E-03  2.8973E-03
  4.3126E+02  3.9271E-03  2.8967E-03
  4.3170E+02  3.9234E-03  2.8962E-03
  4.3214E+02  3.9183E-03  2.8958E-03
  4.3257E+02  3.9119E-03  2.8953E-03
  4.3301E+02  3.9047E-03  2.8949E-03
  4.3344E+02  3.8969E-03  2.8944E-03
  4.3388E+02  3.8892E-03  2.8939E-03
  4.3432E+02  3.8819E-03  2.8934E-03
  4.3475E+02  3.8754E-03  2.8929E-03
  4.3519E+02  3.8701E-03  2.8924E-03
  4.3563E+02  3.8658E-03  2.8921E-03
  4.3606E+02  3.8626E-03  2.8918E-03
  4.3650E+02  3.8602E-03  2.8917E-03
  4.3694E+02  3.8582E-03  2.8917E-03
  4.3737E+02  3.8564E-03  2.8918E-03
  4.3781E+02  3.8545E-03  2.8920E-03
  4.3825E+02  3.8523E-03  2.8922E-03
  4.3868E+02  3.8497E-03  2.8925E-03
  4.3912E+02  3.8467E-03  2.8927E-03
  4.3956E+02  3.8434E-03  2.8929E-03
  4.3999E+02  3.8399E-03  2.8931E-03
  4.4043E+02  3.8363E-03  2.8932E-03
  4.4087E+02  3.8324E-03  2.8933E-03
  4.4130E+02  3.8282E-03  2.8932E-03
  4.4174E+02  3.8235E-03  2.8931E-03
  4.4217E+02  3.8184E-03  2.8928E-03
  4.4261E+02  3.8128E-03  2.8923E-03
  4.4305E+02  3.8067E-03  2.8916E-03
  4.4348E+02  3.8004E-03  2.8908E-03
  4.4392E+02  3.7942E-03  2.8898E-03
  4.4436E+02  3.7882E-03  2.8888E-03
  4.4479E+02  3.7828E-03  2.8876E-03
  4.4523E+02  3.7780E-03  2.8864E-03
  4.4567E+02  3.7737E-03  2.8852E-03
  4.4610E+02  3.7697E-03  2.8840E-03
  4.4654E+02  3.7660E-03  2.8829E-03
  4.4698E+02  3.7621E-03  2.8817E-03
  4.4741E+02  3.7580E-03  2.8806E-03
  4.4785E+02  3.7536E-03  2.8795E-03
  4.4829E+02  3.7490E-03  2.8784E-03
  4.4872E+02  3.7444E-03  2.8774E-03
  4.4916E+02  3.7398E-03  2.8765E-03
  4.4960E+02  3.7355E-03  2.8756E-03
  4.5003E+02  3.7314E-03  2.8748E-03
  4.5047E+02  3.7276E-03  2.8741E-03
  4.5090E+02  3.7241E-03  2.8736E-03
  4.5134E+02  3.7207E-03  2.8731E-03
  4.5178E+02  3.7174E-03  2.8727E-03
  4.5221E+02  3.7141E-03  2.8724E-03
  4.5265E+02  3.7110E-03  2.8722E-03
  4.5309E+02  3.7081E-03  2.8721E-03
  4.5352E+02  3.7055E-03  2.8720E-03
  4.5396E+02  3.7033E-03  2.8721E-03
  4.5440E+02  3.7013E-03  2.8723E-03
  4.5483E+02  3.6996E-03  2.8726E-03
  4.5527E+02  3.6978E-03  2.8729E-03
  4.5571E+02  3.6957E-03  2.8734E-03
  4.5614E+02  3.6930E-03  2.8738E-03
  4.5658E+02  3.6896E-03  2.8741E-03
  4.5702E+02  3.6855E-03  2.8744E-03
  4.5745E+02  3.6807E-03  2.8745E-03
  4.5789E+02  3.6756E-03  2.8745E-03
  4.5833E+02  3.6705E-03  2.8743E-03
  4.5876E+02  3.6657E-03  2.8740E-03
  4.5920E+02  3.6613E-03  2.8737E-03
  4.5963E+02  3.6575E-03  2.8732E-03
  4.6007E+02  3.6542E-03  2.8728E-03
  4.6051E+02  3.6512E-03  2.8723E-03
  4.6094E+02  3.6483E-03  2.8717E-03
  4.6138E+02  3.6453E-03  2.8712E-03
  4.6182E+02  3.6419E-03  2.8705E-03
  4.6225E+02  3.6381E-03  2.8699E-03
  4.6269E+02  3.6338E-03  2.8691E-03
  4.6313E+02  3.6293E-03  2.8683E-03
  4.6356E+02  3.6247E-03  2.8674E-03
  4.6400E+02  3.6202E-03  2.8665E-03
  4.6444E+02  3.6160E-03  2.8656E-03
  4.6487E+02  3.6122E-03  2.8647E-03
  4.6531E+02  3.6089E-03  2.8639E-03
  4.6575E+02  3.6059E-03  2.8631E-03
  4.6618E+02  3.6032E-03  2.8624E-03
  4.6662E+02  3.6004E-03  2.8618E-03
  4.6706E+02  3.5975E-03  2.8613E-03
  4.6749E+02  3.5941E-03  2.8608E-03
  4.6793E+02  3.5904E-03  2.8603E-03
  4.6836E+02  3.5864E-03  2.8598E-03
  4.6880E+02  3.5822E-03  2.8594E-03
  4.6924E+02  3.5783E-03  2.8590E-03
  4.6967E+02  3.5747E-03  2.8587E-03
  4.7011E+02  3.5717E-03  2.8584E-03
  4.7055E+02  3.5693E-03  2.8583E-03
  4.7098E+02  3.5674E-03  2.8583E-03
  4.7142E+02  3.5657E-03  2.8584E-03
  4.7186E+02  3.5639E-03  2.8586E-03
  4.7229E+02  3.5616E-03  2.8588E-03
  4.7273E+02  3.5587E-03  2.8590E-03
  4.7317E+02  3.5551E-03  2.8592E-03
  4.7360E+02  3.5510E-03  2.8592E-03
  4.7404E+02  3.5464E-03  2.8592E-03
  4.7448E+02  3.5418E-03  2.8591E-03
  4.7491E+02  3.5374E-03  2.8589E-03
  4.7535E+02  3.5335E-03  2.8587E-03
  4.7579E+02  3.5301E-03  2.8585E-03
  4.7622E+02  3.5273E-03  2.8583E-03
  4.7666E+02  3.5247E-03  2.8581E-03
  4.7709E+02  3.5223E-03  2.8579E-03
  4.7753E+02  3.5196E-03  2.8577E-03
  4.7797E+02  3.5164E-03  2.8574E-03
  4.7840E+02  3.5126E-03  2.8571E-03
  4.7884E+02  3.5080E-03  2.8566E-03
  4.7928E+02  3.5028E-03  2.8560E-03
  4.7971E+02  3.4972E-03  2.8552E-03
  4.8015E+02  3.4914E-03  2.8543E-03
  4.8059E+02  3.4858E-03  2.8533E-03
  4.8102E+02  3.4806E-03  2.8522E-03
  4.8146E+02  3.4761E-03  2.8512E-03
  4.8190E+02  3.4724E-03  2.8502E-03
  4.8233E+02  3.4695E-03  2.8492E-03
  4.8277E+02  3.4675E-03  2.8484E-03
  4.8321E+02  3.4660E-03  2.8477E-03
  4.8364E+02  3.4650E-03  2.8471E-03
  4.8408E+02  3.4640E-03  2.8467E-03
  4.8452E+02  3.4628E-03  2.8463E-03
  4.8495E+02  3.4612E-03  2.8461E-03
  4.8539E+02  3.4590E-03  2.8459E-03
  4.8582E+02  3.4559E-03  2.8458E-03
  4.8626E+02  3.4522E-03  2.8456E-03
  4.8670E+02  3.4477E-03  2.8454E-03
  4.8713E+02  3.4428E-03  2.8452E-03
  4.8757E+02  3.4377E-03  2.8449E-03
  4.8801E+02  3.4326E-03  2.8445E-03
  4.8844E+02  3.4277E-03  2.8441E-03
  4.8888E+02  3.4233E-03  2.8437E-03
  4.8932E+02  3.4194E-03  2.8433E-03
  4.8975E+02  3.4159E-03  2.8429E-03
  4.9019E+02  3.4129E-03  2.8425E-03
  4.9063E+02  3.4102E-03  2.8421E-03
  4.9106E+02  3.4076E-03  2.8417E-03
  4.9150E+02  3.4050E-03  2.8414E-03
  4.9194E+02  3.4024E-03  2.8410E-03
  4.9237E+02  3.3997E-03  2.8407E-03
  4.9281E+02  3.3969E-03  2.8403E-03
  4.9325E+02  3.3940E-03  2.8400E-03
  4.9368E+02  3.3911E-03  2.8396E-03
  4.9412E+02  3.3881E-03  2.8392E-03
  4.9455E+02  3.3851E-03  2.8389E-03
  4.9499E+02  3.3820E-03  2.8384E-03
  4.9543E+02  3.3788E-03  2.8380E-03
  4.9586E+02  3.3756E-03  2.8375E-03
  4.9630E+02  3.3722E-03  2.8370E-03
  4.9674E+02  3.3689E-03  2.8364E-03
  4.9717E+02  3.3657E-03  2.8359E-03
  4.9761E+02  3.3627E-03  2.8353E-03
  4.9805E+02  3.3600E-03  2.8347E-03
  4.9848E+02  3.3574E-03  2.8341E-03
  4.9892E+02  3.3551E-03  2.8335E-03
  4.9936E+02  3.3529E-03  2.8330E-03
  4.9979E+02  3.3507E-03  2.8325E-03
