# CREATED BY GENE DIAGNOSTICS TOOL on Mon Jun 25 17:30:22 2018
# diag: GAMDIAG, run(s): 0011, time window: 0-500(1331 steps), species: ions
# original data path: /r/c/cmor/w7xhms05_HR_low_kx/
# normalization: L_ref=5.4832m
#
# xind= 0, x/a= 0.70710677, q= 1.1018624
# Fit:    0.0031452427,1.3432552,-0.007135752
# Analytic (Gao, Zhou/Yu): 0.32199362,-9.2422853e-55,1.8948718
#  t          Re[phi]     Im[phi]   
  0.0000E+00  2.4544E+03  0.0000E+00
  3.7600E-01  2.4321E+03  1.9110E+02
  7.5200E-01  2.3805E+03  3.7756E+02
  1.1280E+00  2.3066E+03  5.5652E+02
  1.5040E+00  2.2138E+03  7.2584E+02
  1.8800E+00  2.1046E+03  8.8385E+02
  2.2560E+00  1.9819E+03  1.0292E+03
  2.6320E+00  1.8488E+03  1.1611E+03
  3.0080E+00  1.7080E+03  1.2788E+03
  3.3840E+00  1.5624E+03  1.3823E+03
  3.7600E+00  1.4141E+03  1.4717E+03
  4.1360E+00  1.2647E+03  1.5473E+03
  4.5120E+00  1.1153E+03  1.6094E+03
  4.8880E+00  9.6682E+02  1.6588E+03
  5.2640E+00  8.1979E+02  1.6958E+03
  5.6400E+00  6.7459E+02  1.7209E+03
  6.0160E+00  5.3146E+02  1.7347E+03
  6.3920E+00  3.9058E+02  1.7376E+03
  6.7680E+00  2.5218E+02  1.7299E+03
  7.1440E+00  1.1666E+02  1.7120E+03
  7.5200E+00 -1.5467E+01  1.6842E+03
  7.8960E+00 -1.4358E+02  1.6470E+03
  8.2720E+00 -2.6708E+02  1.6007E+03
  8.6480E+00 -3.8538E+02  1.5458E+03
  9.0240E+00 -4.9766E+02  1.4829E+03
  9.4000E+00 -6.0308E+02  1.4125E+03
  9.7760E+00 -7.0097E+02  1.3353E+03
  1.0152E+01 -7.9077E+02  1.2521E+03
  1.0528E+01 -8.7194E+02  1.1636E+03
  1.0904E+01 -9.4404E+02  1.0706E+03
  1.1280E+01 -1.0067E+03  9.7407E+02
  1.1656E+01 -1.0596E+03  8.7480E+02
  1.2032E+01 -1.1027E+03  7.7373E+02
  1.2408E+01 -1.1359E+03  6.7174E+02
  1.2784E+01 -1.1595E+03  5.6970E+02
  1.3160E+01 -1.1738E+03  4.6841E+02
  1.3536E+01 -1.1789E+03  3.6868E+02
  1.3912E+01 -1.1751E+03  2.7124E+02
  1.4288E+01 -1.1628E+03  1.7681E+02
  1.4664E+01 -1.1424E+03  8.6060E+01
  1.5040E+01 -1.1147E+03 -4.2506E-01
  1.5416E+01 -1.0801E+03 -8.2121E+01
  1.5792E+01 -1.0394E+03 -1.5857E+02
  1.6168E+01 -9.9302E+02 -2.2937E+02
  1.6544E+01 -9.4159E+02 -2.9418E+02
  1.6920E+01 -8.8581E+02 -3.5271E+02
  1.7296E+01 -8.2641E+02 -4.0476E+02
  1.7672E+01 -7.6403E+02 -4.5018E+02
  1.8048E+01 -6.9933E+02 -4.8890E+02
  1.8424E+01 -6.3296E+02 -5.2089E+02
  1.8800E+01 -5.6553E+02 -5.4616E+02
  1.9176E+01 -4.9770E+02 -5.6480E+02
  1.9552E+01 -4.3011E+02 -5.7697E+02
  1.9928E+01 -3.6336E+02 -5.8284E+02
  2.0304E+01 -2.9796E+02 -5.8267E+02
  2.0680E+01 -2.3444E+02 -5.7674E+02
  2.1056E+01 -1.7328E+02 -5.6537E+02
  2.1432E+01 -1.1493E+02 -5.4892E+02
  2.1808E+01 -5.9794E+01 -5.2778E+02
  2.2184E+01 -8.2397E+00 -5.0237E+02
  2.2560E+01  3.9429E+01 -4.7313E+02
  2.2936E+01  8.2941E+01 -4.4052E+02
  2.3312E+01  1.2203E+02 -4.0502E+02
  2.3688E+01  1.5644E+02 -3.6711E+02
  2.4064E+01  1.8604E+02 -3.2730E+02
  2.4440E+01  2.1080E+02 -2.8609E+02
  2.4816E+01  2.3077E+02 -2.4399E+02
  2.5192E+01  2.4600E+02 -2.0145E+02
  2.5568E+01  2.5653E+02 -1.5894E+02
  2.5944E+01  2.6241E+02 -1.1690E+02
  2.6320E+01  2.6376E+02 -7.5771E+01
  2.6696E+01  2.6076E+02 -3.5960E+01
  2.7072E+01  2.5363E+02  2.1485E+00
  2.7448E+01  2.4259E+02  3.8195E+01
  2.7824E+01  2.2791E+02  7.1848E+01
  2.8200E+01  2.0990E+02  1.0281E+02
  2.8576E+01  1.8891E+02  1.3081E+02
  2.8952E+01  1.6532E+02  1.5565E+02
  2.9328E+01  1.3950E+02  1.7713E+02
  2.9704E+01  1.1180E+02  1.9512E+02
  3.0080E+01  8.2566E+01  2.0951E+02
  3.0456E+01  5.2161E+01  2.2022E+02
  3.0832E+01  2.0981E+01  2.2723E+02
  3.1208E+01 -1.0554E+01  2.3054E+02
  3.1584E+01 -4.2041E+01  2.3020E+02
  3.1960E+01 -7.3118E+01  2.2629E+02
  3.2336E+01 -1.0345E+02  2.1893E+02
  3.2712E+01 -1.3271E+02  2.0826E+02
  3.3088E+01 -1.6061E+02  1.9445E+02
  3.3464E+01 -1.8690E+02  1.7771E+02
  3.3840E+01 -2.1134E+02  1.5824E+02
  3.4216E+01 -2.3371E+02  1.3628E+02
  3.4592E+01 -2.5379E+02  1.1207E+02
  3.4968E+01 -2.7135E+02  8.5874E+01
  3.5344E+01 -2.8615E+02  5.7992E+01
  3.5720E+01 -2.9801E+02  2.8731E+01
  3.6096E+01 -3.0680E+02 -1.5870E+00
  3.6472E+01 -3.1248E+02 -3.2634E+01
  3.6848E+01 -3.1503E+02 -6.4085E+01
  3.7224E+01 -3.1443E+02 -9.5619E+01
  3.7600E+01 -3.1073E+02 -1.2692E+02
  3.7976E+01 -3.0399E+02 -1.5769E+02
  3.8352E+01 -2.9437E+02 -1.8763E+02
  3.8728E+01 -2.8201E+02 -2.1647E+02
  3.9104E+01 -2.6706E+02 -2.4398E+02
  3.9480E+01 -2.4967E+02 -2.6991E+02
  3.9856E+01 -2.3001E+02 -2.9406E+02
  4.0232E+01 -2.0825E+02 -3.1622E+02
  4.0608E+01 -1.8458E+02 -3.3622E+02
  4.0984E+01 -1.5921E+02 -3.5390E+02
  4.1360E+01 -1.3234E+02 -3.6913E+02
  4.1736E+01 -1.0420E+02 -3.8180E+02
  4.2112E+01 -7.5013E+01 -3.9181E+02
  4.2488E+01 -4.4990E+01 -3.9909E+02
  4.2864E+01 -1.4350E+01 -4.0358E+02
  4.3240E+01  1.6691E+01 -4.0525E+02
  4.3616E+01  4.7915E+01 -4.0407E+02
  4.3992E+01  7.9084E+01 -4.0005E+02
  4.4368E+01  1.0993E+02 -3.9322E+02
  4.4744E+01  1.4014E+02 -3.8363E+02
  4.5120E+01  1.6941E+02 -3.7137E+02
  4.5496E+01  1.9740E+02 -3.5656E+02
  4.5872E+01  2.2377E+02 -3.3936E+02
  4.6248E+01  2.4821E+02 -3.1997E+02
  4.6624E+01  2.7045E+02 -2.9863E+02
  4.7000E+01  2.9026E+02 -2.7559E+02
  4.7376E+01  3.0750E+02 -2.5112E+02
  4.7752E+01  3.2210E+02 -2.2551E+02
  4.8128E+01  3.3409E+02 -1.9902E+02
  4.8504E+01  3.4359E+02 -1.7193E+02
  4.8880E+01  3.5073E+02 -1.4445E+02
  4.9256E+01  3.5567E+02 -1.1678E+02
  4.9632E+01  3.5856E+02 -8.9117E+01
  5.0008E+01  3.5951E+02 -6.1597E+01
  5.0384E+01  3.5863E+02 -3.4363E+01
  5.0760E+01  3.5597E+02 -7.5415E+00
  5.1136E+01  3.5154E+02  1.8740E+01
  5.1512E+01  3.4535E+02  4.4354E+01
  5.1888E+01  3.3739E+02  6.9166E+01
  5.2264E+01  3.2766E+02  9.3037E+01
  5.2640E+01  3.1617E+02  1.1582E+02
  5.3016E+01  3.0294E+02  1.3737E+02
  5.3392E+01  2.8803E+02  1.5754E+02
  5.3768E+01  2.7157E+02  1.7618E+02
  5.4144E+01  2.5370E+02  1.9316E+02
  5.4520E+01  2.3464E+02  2.0838E+02
  5.4896E+01  2.1461E+02  2.2174E+02
  5.5272E+01  1.9384E+02  2.3321E+02
  5.5648E+01  1.7256E+02  2.4274E+02
  5.6024E+01  1.5098E+02  2.5032E+02
  5.6400E+01  1.2928E+02  2.5598E+02
  5.6776E+01  1.0762E+02  2.5973E+02
  5.7152E+01  8.6133E+01  2.6163E+02
  5.7528E+01  6.4909E+01  2.6171E+02
  5.7904E+01  4.4031E+01  2.6003E+02
  5.8280E+01  2.3572E+01  2.5664E+02
  5.8656E+01  3.6067E+00  2.5159E+02
  5.9032E+01 -1.5778E+01  2.4493E+02
  5.9408E+01 -3.4478E+01  2.3673E+02
  5.9784E+01 -5.2372E+01  2.2705E+02
  6.0160E+01 -6.9314E+01  2.1597E+02
  6.0536E+01 -8.5140E+01  2.0360E+02
  6.0912E+01 -9.9670E+01  1.9005E+02
  6.1288E+01 -1.1273E+02  1.7546E+02
  6.1664E+01 -1.2415E+02  1.6000E+02
  6.2040E+01 -1.3379E+02  1.4383E+02
  6.2416E+01 -1.4153E+02  1.2717E+02
  6.2792E+01 -1.4732E+02  1.1020E+02
  6.3168E+01 -1.5113E+02  9.3152E+01
  6.3544E+01 -1.5297E+02  7.6220E+01
  6.3920E+01 -1.5293E+02  5.9608E+01
  6.4296E+01 -1.5110E+02  4.3499E+01
  6.4672E+01 -1.4765E+02  2.8059E+01
  6.5048E+01 -1.4272E+02  1.3433E+01
  6.5424E+01 -1.3651E+02 -2.5773E-01
  6.5800E+01 -1.2921E+02 -1.2919E+01
  6.6176E+01 -1.2103E+02 -2.4481E+01
  6.6552E+01 -1.1215E+02 -3.4898E+01
  6.6928E+01 -1.0276E+02 -4.4147E+01
  6.7304E+01 -9.3016E+01 -5.2225E+01
  6.7680E+01 -8.3064E+01 -5.9142E+01
  6.8056E+01 -7.3029E+01 -6.4923E+01
  6.8432E+01 -6.3009E+01 -6.9601E+01
  6.8808E+01 -5.3070E+01 -7.3217E+01
  6.9184E+01 -4.3259E+01 -7.5808E+01
  6.9560E+01 -3.3611E+01 -7.7413E+01
  6.9936E+01 -2.4164E+01 -7.8070E+01
  7.0312E+01 -1.4962E+01 -7.7818E+01
  7.0688E+01 -6.0581E+00 -7.6694E+01
  7.1064E+01  2.4967E+00 -7.4743E+01
  7.1440E+01  1.0653E+01 -7.2010E+01
  7.1816E+01  1.8362E+01 -6.8542E+01
  7.2192E+01  2.5577E+01 -6.4392E+01
  7.2568E+01  3.2246E+01 -5.9616E+01
  7.2944E+01  3.8312E+01 -5.4275E+01
  7.3320E+01  4.3721E+01 -4.8434E+01
  7.3696E+01  4.8421E+01 -4.2166E+01
  7.4072E+01  5.2370E+01 -3.5549E+01
  7.4448E+01  5.5532E+01 -2.8663E+01
  7.4824E+01  5.7882E+01 -2.1593E+01
  7.5200E+01  5.9408E+01 -1.4424E+01
  7.5576E+01  6.0109E+01 -7.2425E+00
  7.5952E+01  5.9993E+01 -1.3172E-01
  7.6328E+01  5.9077E+01  6.8259E+00
  7.6704E+01  5.7386E+01  1.3551E+01
  7.7080E+01  5.4948E+01  1.9969E+01
  7.7456E+01  5.1799E+01  2.6007E+01
  7.7832E+01  4.7983E+01  3.1598E+01
  7.8208E+01  4.3554E+01  3.6681E+01
  7.8584E+01  3.8575E+01  4.1200E+01
  7.8960E+01  3.3123E+01  4.5108E+01
  7.9336E+01  2.7280E+01  4.8367E+01
  7.9712E+01  2.1137E+01  5.0950E+01
  8.0088E+01  1.4782E+01  5.2838E+01
  8.0464E+01  8.3065E+00  5.4023E+01
  8.0840E+01  1.7956E+00  5.4508E+01
  8.1216E+01 -4.6717E+00  5.4301E+01
  8.1592E+01 -1.1023E+01  5.3421E+01
  8.1968E+01 -1.7191E+01  5.1890E+01
  8.2344E+01 -2.3113E+01  4.9740E+01
  8.2720E+01 -2.8735E+01  4.7004E+01
  8.3096E+01 -3.4011E+01  4.3723E+01
  8.3472E+01 -3.8903E+01  3.9937E+01
  8.3848E+01 -4.3378E+01  3.5691E+01
  8.4224E+01 -4.7404E+01  3.1030E+01
  8.4600E+01 -5.0949E+01  2.6003E+01
  8.4976E+01 -5.3984E+01  2.0661E+01
  8.5352E+01 -5.6477E+01  1.5056E+01
  8.5728E+01 -5.8404E+01  9.2435E+00
  8.6104E+01 -5.9743E+01  3.2824E+00
  8.6480E+01 -6.0480E+01 -2.7683E+00
  8.6856E+01 -6.0615E+01 -8.8488E+00
  8.7232E+01 -6.0155E+01 -1.4901E+01
  8.7608E+01 -5.9117E+01 -2.0867E+01
  8.7984E+01 -5.7526E+01 -2.6695E+01
  8.8360E+01 -5.5413E+01 -3.2334E+01
  8.8736E+01 -5.2816E+01 -3.7739E+01
  8.9112E+01 -4.9775E+01 -4.2871E+01
  8.9488E+01 -4.6330E+01 -4.7695E+01
  8.9864E+01 -4.2513E+01 -5.2178E+01
  9.0240E+01 -3.8354E+01 -5.6295E+01
  9.0616E+01 -3.3876E+01 -6.0016E+01
  9.0992E+01 -2.9102E+01 -6.3319E+01
  9.1368E+01 -2.4063E+01 -6.6180E+01
  9.1744E+01 -1.8798E+01 -6.8579E+01
  9.2120E+01 -1.3352E+01 -7.0500E+01
  9.2496E+01 -7.7790E+00 -7.1932E+01
  9.2872E+01 -2.1333E+00 -7.2869E+01
  9.3248E+01  3.5269E+00 -7.3313E+01
  9.3624E+01  9.1429E+00 -7.3270E+01
  9.4000E+01  1.4657E+01 -7.2755E+01
  9.4376E+01  2.0018E+01 -7.1784E+01
  9.4752E+01  2.5181E+01 -7.0384E+01
  9.5128E+01  3.0115E+01 -6.8579E+01
  9.5504E+01  3.4801E+01 -6.6398E+01
  9.5880E+01  3.9231E+01 -6.3869E+01
  9.6256E+01  4.3403E+01 -6.1018E+01
  9.6632E+01  4.7316E+01 -5.7869E+01
  9.7008E+01  5.0969E+01 -5.4445E+01
  9.7384E+01  5.4355E+01 -5.0767E+01
  9.7760E+01  5.7463E+01 -4.6857E+01
  9.8136E+01  6.0273E+01 -4.2737E+01
  9.8512E+01  6.2765E+01 -3.8433E+01
  9.8888E+01  6.4912E+01 -3.3972E+01
  9.9264E+01  6.6687E+01 -2.9386E+01
  9.9640E+01  6.8062E+01 -2.4708E+01
  1.0002E+02  6.9013E+01 -1.9977E+01
  1.0039E+02  6.9517E+01 -1.5235E+01
  1.0077E+02  6.9561E+01 -1.0526E+01
  1.0114E+02  6.9143E+01 -5.8956E+00
  1.0152E+02  6.8275E+01 -1.3879E+00
  1.0190E+02  6.6979E+01  2.9545E+00
  1.0227E+02  6.5291E+01  7.0937E+00
  1.0265E+02  6.3254E+01  1.0997E+01
  1.0302E+02  6.0919E+01  1.4638E+01
  1.0340E+02  5.8338E+01  1.7996E+01
  1.0378E+02  5.5558E+01  2.1059E+01
  1.0415E+02  5.2620E+01  2.3818E+01
  1.0453E+02  4.9561E+01  2.6269E+01
  1.0490E+02  4.6411E+01  2.8411E+01
  1.0528E+02  4.3197E+01  3.0245E+01
  1.0566E+02  3.9941E+01  3.1776E+01
  1.0603E+02  3.6665E+01  3.3007E+01
  1.0641E+02  3.3389E+01  3.3946E+01
  1.0678E+02  3.0131E+01  3.4599E+01
  1.0716E+02  2.6912E+01  3.4975E+01
  1.0754E+02  2.3752E+01  3.5084E+01
  1.0791E+02  2.0667E+01  3.4936E+01
  1.0829E+02  1.7677E+01  3.4544E+01
  1.0866E+02  1.4796E+01  3.3921E+01
  1.0904E+02  1.2039E+01  3.3082E+01
  1.0942E+02  9.4185E+00  3.2042E+01
  1.0979E+02  6.9459E+00  3.0816E+01
  1.1017E+02  4.6311E+00  2.9421E+01
  1.1054E+02  2.4832E+00  2.7874E+01
  1.1092E+02  5.1157E-01  2.6191E+01
  1.1130E+02 -1.2752E+00  2.4389E+01
  1.1167E+02 -2.8691E+00  2.2488E+01
  1.1205E+02 -4.2625E+00  2.0506E+01
  1.1242E+02 -5.4483E+00  1.8462E+01
  1.1280E+02 -6.4204E+00  1.6376E+01
  1.1318E+02 -7.1743E+00  1.4268E+01
  1.1355E+02 -7.7075E+00  1.2160E+01
  1.1393E+02 -8.0198E+00  1.0073E+01
  1.1430E+02 -8.1147E+00  8.0272E+00
  1.1468E+02 -7.9994E+00  6.0436E+00
  1.1506E+02 -7.6859E+00  4.1411E+00
  1.1543E+02 -7.1905E+00  2.3373E+00
  1.1581E+02 -6.5333E+00  6.4708E-01
  1.1618E+02 -5.7370E+00 -9.1717E-01
  1.1656E+02 -4.8258E+00 -2.3462E+00
  1.1694E+02 -3.8247E+00 -3.6338E+00
  1.1731E+02 -2.7583E+00 -4.7768E+00
  1.1769E+02 -1.6497E+00 -5.7749E+00
  1.1806E+02 -5.1852E-01 -6.6302E+00
  1.1844E+02  6.1971E-01 -7.3464E+00
  1.1882E+02  1.7546E+00 -7.9286E+00
  1.1919E+02  2.8810E+00 -8.3819E+00
  1.1957E+02  3.9976E+00 -8.7110E+00
  1.1994E+02  5.1060E+00 -8.9197E+00
  1.2032E+02  6.2078E+00 -9.0107E+00
  1.2070E+02  7.3038E+00 -8.9856E+00
  1.2107E+02  8.3917E+00 -8.8457E+00
  1.2145E+02  9.4666E+00 -8.5919E+00
  1.2182E+02  1.0520E+01 -8.2256E+00
  1.2220E+02  1.1543E+01 -7.7491E+00
  1.2258E+02  1.2522E+01 -7.1657E+00
  1.2295E+02  1.3444E+01 -6.4806E+00
  1.2333E+02  1.4292E+01 -5.7004E+00
  1.2370E+02  1.5049E+01 -4.8342E+00
  1.2408E+02  1.5696E+01 -3.8933E+00
  1.2446E+02  1.6216E+01 -2.8914E+00
  1.2483E+02  1.6596E+01 -1.8441E+00
  1.2521E+02  1.6825E+01 -7.6875E-01
  1.2558E+02  1.6896E+01  3.1650E-01
  1.2596E+02  1.6807E+01  1.3929E+00
  1.2634E+02  1.6559E+01  2.4419E+00
  1.2671E+02  1.6159E+01  3.4459E+00
  1.2709E+02  1.5617E+01  4.3884E+00
  1.2746E+02  1.4947E+01  5.2549E+00
  1.2784E+02  1.4166E+01  6.0330E+00
  1.2822E+02  1.3292E+01  6.7130E+00
  1.2859E+02  1.2346E+01  7.2875E+00
  1.2897E+02  1.1347E+01  7.7519E+00
  1.2934E+02  1.0316E+01  8.1043E+00
  1.2972E+02  9.2703E+00  8.3447E+00
  1.3010E+02  8.2276E+00  8.4753E+00
  1.3047E+02  7.2015E+00  8.5000E+00
  1.3085E+02  6.2036E+00  8.4237E+00
  1.3122E+02  5.2426E+00  8.2523E+00
  1.3160E+02  4.3252E+00  7.9921E+00
  1.3198E+02  3.4566E+00  7.6494E+00
  1.3235E+02  2.6415E+00  7.2308E+00
  1.3273E+02  1.8838E+00  6.7429E+00
  1.3310E+02  1.1871E+00  6.1925E+00
  1.3348E+02  5.5364E-01  5.5860E+00
  1.3386E+02 -1.5899E-02  4.9300E+00
  1.3423E+02 -5.2242E-01  4.2307E+00
  1.3461E+02 -9.6790E-01  3.4937E+00
  1.3498E+02 -1.3546E+00  2.7241E+00
  1.3536E+02 -1.6845E+00  1.9266E+00
  1.3574E+02 -1.9588E+00  1.1054E+00
  1.3611E+02 -2.1778E+00  2.6464E-01
  1.3649E+02 -2.3405E+00 -5.9158E-01
  1.3686E+02 -2.4443E+00 -1.4589E+00
  1.3724E+02 -2.4852E+00 -2.3323E+00
  1.3762E+02 -2.4586E+00 -3.2063E+00
  1.3799E+02 -2.3601E+00 -4.0745E+00
  1.3837E+02 -2.1865E+00 -4.9302E+00
  1.3874E+02 -1.9362E+00 -5.7658E+00
  1.3912E+02 -1.6095E+00 -6.5740E+00
  1.3950E+02 -1.2084E+00 -7.3473E+00
  1.3987E+02 -7.3717E-01 -8.0786E+00
  1.4025E+02 -2.0159E-01 -8.7617E+00
  1.4062E+02  3.9090E-01 -9.3911E+00
  1.4100E+02  1.0319E+00 -9.9622E+00
  1.4138E+02  1.7126E+00 -1.0472E+01
  1.4175E+02  2.4245E+00 -1.0918E+01
  1.4213E+02  3.1597E+00 -1.1299E+01
  1.4250E+02  3.9116E+00 -1.1614E+01
  1.4288E+02  4.6752E+00 -1.1863E+01
  1.4326E+02  5.4465E+00 -1.2047E+01
  1.4363E+02  6.2222E+00 -1.2166E+01
  1.4401E+02  6.9997E+00 -1.2220E+01
  1.4438E+02  7.7758E+00 -1.2210E+01
  1.4476E+02  8.5469E+00 -1.2137E+01
  1.4514E+02  9.3079E+00 -1.2001E+01
  1.4551E+02  1.0053E+01 -1.1805E+01
  1.4589E+02  1.0775E+01 -1.1549E+01
  1.4626E+02  1.1466E+01 -1.1237E+01
  1.4664E+02  1.2120E+01 -1.0872E+01
  1.4702E+02  1.2728E+01 -1.0460E+01
  1.4739E+02  1.3283E+01 -1.0006E+01
  1.4777E+02  1.3781E+01 -9.5152E+00
  1.4814E+02  1.4215E+01 -8.9951E+00
  1.4852E+02  1.4583E+01 -8.4525E+00
  1.4890E+02  1.4885E+01 -7.8947E+00
  1.4927E+02  1.5121E+01 -7.3285E+00
  1.4965E+02  1.5297E+01 -6.7601E+00
  1.5002E+02  1.5418E+01 -6.1949E+00
  1.5040E+02  1.5491E+01 -5.6372E+00
  1.5078E+02  1.5521E+01 -5.0905E+00
  1.5115E+02  1.5515E+01 -4.5572E+00
  1.5153E+02  1.5476E+01 -4.0394E+00
  1.5190E+02  1.5407E+01 -3.5383E+00
  1.5228E+02  1.5311E+01 -3.0554E+00
  1.5266E+02  1.5188E+01 -2.5916E+00
  1.5303E+02  1.5039E+01 -2.1482E+00
  1.5341E+02  1.4864E+01 -1.7267E+00
  1.5378E+02  1.4662E+01 -1.3287E+00
  1.5416E+02  1.4433E+01 -9.5606E-01
  1.5454E+02  1.4177E+01 -6.1078E-01
  1.5491E+02  1.3895E+01 -2.9504E-01
  1.5529E+02  1.3588E+01 -1.0924E-02
  1.5566E+02  1.3259E+01  2.3957E-01
  1.5604E+02  1.2911E+01  4.5474E-01
  1.5642E+02  1.2549E+01  6.3327E-01
  1.5679E+02  1.2176E+01  7.7435E-01
  1.5717E+02  1.1798E+01  8.7775E-01
  1.5754E+02  1.1420E+01  9.4380E-01
  1.5792E+02  1.1047E+01  9.7341E-01
  1.5830E+02  1.0683E+01  9.6809E-01
  1.5867E+02  1.0335E+01  9.2986E-01
  1.5905E+02  1.0005E+01  8.6123E-01
  1.5942E+02  9.6966E+00  7.6511E-01
  1.5980E+02  9.4136E+00  6.4471E-01
  1.6018E+02  9.1572E+00  5.0336E-01
  1.6055E+02  8.9283E+00  3.4447E-01
  1.6093E+02  8.7272E+00  1.7137E-01
  1.6130E+02  8.5537E+00 -1.2674E-02
  1.6168E+02  8.4072E+00 -2.0459E-01
  1.6206E+02  8.2862E+00 -4.0151E-01
  1.6243E+02  8.1893E+00 -6.0083E-01
  1.6281E+02  8.1145E+00 -8.0028E-01
  1.6318E+02  8.0597E+00 -9.9791E-01
  1.6356E+02  8.0232E+00 -1.1921E+00
  1.6394E+02  8.0033E+00 -1.3814E+00
  1.6431E+02  7.9989E+00 -1.5648E+00
  1.6469E+02  8.0089E+00 -1.7410E+00
  1.6506E+02  8.0325E+00 -1.9091E+00
  1.6544E+02  8.0687E+00 -2.0683E+00
  1.6582E+02  8.1170E+00 -2.2176E+00
  1.6619E+02  8.1766E+00 -2.3564E+00
  1.6657E+02  8.2470E+00 -2.4838E+00
  1.6694E+02  8.3271E+00 -2.5991E+00
  1.6732E+02  8.4158E+00 -2.7017E+00
  1.6770E+02  8.5111E+00 -2.7911E+00
  1.6807E+02  8.6106E+00 -2.8673E+00
  1.6845E+02  8.7116E+00 -2.9303E+00
  1.6882E+02  8.8112E+00 -2.9806E+00
  1.6920E+02  8.9069E+00 -3.0191E+00
  1.6958E+02  8.9966E+00 -3.0469E+00
  1.6995E+02  9.0786E+00 -3.0654E+00
  1.7033E+02  9.1525E+00 -3.0760E+00
  1.7070E+02  9.2183E+00 -3.0802E+00
  1.7108E+02  9.2769E+00 -3.0791E+00
  1.7146E+02  9.3294E+00 -3.0738E+00
  1.7183E+02  9.3768E+00 -3.0651E+00
  1.7221E+02  9.4204E+00 -3.0537E+00
  1.7258E+02  9.4612E+00 -3.0400E+00
  1.7296E+02  9.5000E+00 -3.0241E+00
  1.7334E+02  9.5378E+00 -3.0062E+00
  1.7371E+02  9.5752E+00 -2.9861E+00
  1.7409E+02  9.6129E+00 -2.9636E+00
  1.7446E+02  9.6510E+00 -2.9386E+00
  1.7484E+02  9.6895E+00 -2.9107E+00
  1.7522E+02  9.7281E+00 -2.8796E+00
  1.7559E+02  9.7660E+00 -2.8453E+00
  1.7597E+02  9.8026E+00 -2.8077E+00
  1.7634E+02  9.8369E+00 -2.7669E+00
  1.7672E+02  9.8681E+00 -2.7231E+00
  1.7710E+02  9.8955E+00 -2.6765E+00
  1.7747E+02  9.9184E+00 -2.6277E+00
  1.7785E+02  9.9365E+00 -2.5771E+00
  1.7822E+02  9.9497E+00 -2.5250E+00
  1.7860E+02  9.9585E+00 -2.4721E+00
  1.7898E+02  9.9634E+00 -2.4184E+00
  1.7935E+02  9.9658E+00 -2.3643E+00
  1.7973E+02  9.9669E+00 -2.3096E+00
  1.8010E+02  9.9682E+00 -2.2541E+00
  1.8048E+02  9.9710E+00 -2.1972E+00
  1.8086E+02  9.9762E+00 -2.1382E+00
  1.8123E+02  9.9838E+00 -2.0764E+00
  1.8161E+02  9.9933E+00 -2.0111E+00
  1.8198E+02  1.0003E+01 -1.9418E+00
  1.8236E+02  1.0012E+01 -1.8682E+00
  1.8274E+02  1.0017E+01 -1.7904E+00
  1.8311E+02  1.0016E+01 -1.7088E+00
  1.8349E+02  1.0006E+01 -1.6242E+00
  1.8386E+02  9.9856E+00 -1.5378E+00
  1.8424E+02  9.9524E+00 -1.4511E+00
  1.8462E+02  9.9056E+00 -1.3658E+00
  1.8499E+02  9.8449E+00 -1.2835E+00
  1.8537E+02  9.7707E+00 -1.2060E+00
  1.8574E+02  9.6842E+00 -1.1349E+00
  1.8612E+02  9.5868E+00 -1.0715E+00
  1.8650E+02  9.4802E+00 -1.0170E+00
  1.8687E+02  9.3663E+00 -9.7229E-01
  1.8725E+02  9.2466E+00 -9.3799E-01
  1.8762E+02  9.1228E+00 -9.1454E-01
  1.8800E+02  8.9964E+00 -9.0222E-01
  1.8838E+02  8.8686E+00 -9.0115E-01
  1.8875E+02  8.7407E+00 -9.1132E-01
  1.8913E+02  8.6136E+00 -9.3264E-01
  1.8950E+02  8.4883E+00 -9.6494E-01
  1.8988E+02  8.3657E+00 -1.0080E+00
  1.9026E+02  8.2466E+00 -1.0615E+00
  1.9063E+02  8.1320E+00 -1.1252E+00
  1.9101E+02  8.0226E+00 -1.1986E+00
  1.9138E+02  7.9189E+00 -1.2813E+00
  1.9176E+02  7.8214E+00 -1.3730E+00
  1.9214E+02  7.7303E+00 -1.4731E+00
  1.9251E+02  7.6457E+00 -1.5814E+00
  1.9289E+02  7.5677E+00 -1.6973E+00
  1.9326E+02  7.4961E+00 -1.8207E+00
  1.9364E+02  7.4311E+00 -1.9512E+00
  1.9402E+02  7.3727E+00 -2.0885E+00
  1.9439E+02  7.3213E+00 -2.2323E+00
  1.9477E+02  7.2776E+00 -2.3822E+00
  1.9514E+02  7.2424E+00 -2.5377E+00
  1.9552E+02  7.2169E+00 -2.6983E+00
  1.9590E+02  7.2026E+00 -2.8629E+00
  1.9627E+02  7.2012E+00 -3.0305E+00
  1.9665E+02  7.2146E+00 -3.1997E+00
  1.9702E+02  7.2448E+00 -3.3687E+00
  1.9740E+02  7.2936E+00 -3.5356E+00
  1.9778E+02  7.3625E+00 -3.6980E+00
  1.9815E+02  7.4526E+00 -3.8535E+00
  1.9853E+02  7.5644E+00 -3.9995E+00
  1.9890E+02  7.6976E+00 -4.1334E+00
  1.9928E+02  7.8512E+00 -4.2525E+00
  1.9966E+02  8.0237E+00 -4.3545E+00
  2.0003E+02  8.2130E+00 -4.4372E+00
  2.0041E+02  8.4165E+00 -4.4988E+00
  2.0078E+02  8.6314E+00 -4.5377E+00
  2.0116E+02  8.8545E+00 -4.5529E+00
  2.0154E+02  9.0826E+00 -4.5435E+00
  2.0191E+02  9.3125E+00 -4.5092E+00
  2.0229E+02  9.5410E+00 -4.4500E+00
  2.0266E+02  9.7653E+00 -4.3661E+00
  2.0304E+02  9.9826E+00 -4.2582E+00
  2.0342E+02  1.0191E+01 -4.1270E+00
  2.0379E+02  1.0388E+01 -3.9736E+00
  2.0417E+02  1.0572E+01 -3.7991E+00
  2.0454E+02  1.0742E+01 -3.6047E+00
  2.0492E+02  1.0896E+01 -3.3919E+00
  2.0530E+02  1.1034E+01 -3.1620E+00
  2.0567E+02  1.1152E+01 -2.9166E+00
  2.0605E+02  1.1251E+01 -2.6575E+00
  2.0642E+02  1.1327E+01 -2.3866E+00
  2.0680E+02  1.1380E+01 -2.1060E+00
  2.0718E+02  1.1408E+01 -1.8181E+00
  2.0755E+02  1.1410E+01 -1.5253E+00
  2.0793E+02  1.1383E+01 -1.2305E+00
  2.0830E+02  1.1327E+01 -9.3642E-01
  2.0868E+02  1.1242E+01 -6.4623E-01
  2.0906E+02  1.1126E+01 -3.6300E-01
  2.0943E+02  1.0981E+01 -8.9897E-02
  2.0981E+02  1.0806E+01  1.6990E-01
  2.1018E+02  1.0602E+01  4.1326E-01
  2.1056E+02  1.0370E+01  6.3712E-01
  2.1094E+02  1.0112E+01  8.3853E-01
  2.1131E+02  9.8290E+00  1.0147E+00
  2.1169E+02  9.5239E+00  1.1630E+00
  2.1206E+02  9.1989E+00  1.2810E+00
  2.1244E+02  8.8569E+00  1.3667E+00
  2.1282E+02  8.5011E+00  1.4183E+00
  2.1319E+02  8.1347E+00  1.4343E+00
  2.1357E+02  7.7613E+00  1.4138E+00
  2.1394E+02  7.3846E+00  1.3558E+00
  2.1432E+02  7.0082E+00  1.2602E+00
  2.1470E+02  6.6358E+00  1.1270E+00
  2.1507E+02  6.2713E+00  9.5663E-01
  2.1545E+02  5.9181E+00  7.4985E-01
  2.1582E+02  5.5798E+00  5.0785E-01
  2.1620E+02  5.2598E+00  2.3215E-01
  2.1658E+02  4.9615E+00 -7.5412E-02
  2.1695E+02  4.6881E+00 -4.1264E-01
  2.1733E+02  4.4427E+00 -7.7701E-01
  2.1770E+02  4.2283E+00 -1.1657E+00
  2.1808E+02  4.0479E+00 -1.5755E+00
  2.1846E+02  3.9037E+00 -2.0030E+00
  2.1883E+02  3.7982E+00 -2.4446E+00
  2.1921E+02  3.7330E+00 -2.8962E+00
  2.1958E+02  3.7096E+00 -3.3537E+00
  2.1996E+02  3.7290E+00 -3.8130E+00
  2.2034E+02  3.7917E+00 -4.2697E+00
  2.2071E+02  3.8979E+00 -4.7195E+00
  2.2109E+02  4.0470E+00 -5.1579E+00
  2.2146E+02  4.2384E+00 -5.5807E+00
  2.2184E+02  4.4708E+00 -5.9838E+00
  2.2222E+02  4.7425E+00 -6.3630E+00
  2.2259E+02  5.0514E+00 -6.7144E+00
  2.2297E+02  5.3950E+00 -7.0346E+00
  2.2334E+02  5.7706E+00 -7.3200E+00
  2.2372E+02  6.1750E+00 -7.5676E+00
  2.2410E+02  6.6047E+00 -7.7747E+00
  2.2447E+02  7.0559E+00 -7.9389E+00
  2.2485E+02  7.5247E+00 -8.0582E+00
  2.2522E+02  8.0067E+00 -8.1310E+00
  2.2560E+02  8.4977E+00 -8.1561E+00
  2.2598E+02  8.9929E+00 -8.1329E+00
  2.2635E+02  9.4877E+00 -8.0612E+00
  2.2673E+02  9.9774E+00 -7.9411E+00
  2.2710E+02  1.0457E+01 -7.7734E+00
  2.2748E+02  1.0923E+01 -7.5592E+00
  2.2786E+02  1.1369E+01 -7.3002E+00
  2.2823E+02  1.1792E+01 -6.9986E+00
  2.2861E+02  1.2187E+01 -6.6568E+00
  2.2898E+02  1.2550E+01 -6.2778E+00
  2.2936E+02  1.2878E+01 -5.8649E+00
  2.2974E+02  1.3167E+01 -5.4220E+00
  2.3011E+02  1.3413E+01 -4.9531E+00
  2.3049E+02  1.3614E+01 -4.4626E+00
  2.3086E+02  1.3768E+01 -3.9550E+00
  2.3124E+02  1.3874E+01 -3.4351E+00
  2.3162E+02  1.3930E+01 -2.9079E+00
  2.3199E+02  1.3935E+01 -2.3784E+00
  2.3237E+02  1.3890E+01 -1.8514E+00
  2.3274E+02  1.3795E+01 -1.3321E+00
  2.3312E+02  1.3650E+01 -8.2521E-01
  2.3350E+02  1.3458E+01 -3.3553E-01
  2.3387E+02  1.3220E+01  1.3238E-01
  2.3425E+02  1.2938E+01  5.7412E-01
  2.3462E+02  1.2615E+01  9.8554E-01
  2.3500E+02  1.2253E+01  1.3628E+00
  2.3538E+02  1.1855E+01  1.7022E+00
  2.3575E+02  1.1426E+01  2.0005E+00
  2.3613E+02  1.0968E+01  2.2548E+00
  2.3650E+02  1.0486E+01  2.4626E+00
  2.3688E+02  9.9854E+00  2.6218E+00
  2.3726E+02  9.4696E+00  2.7308E+00
  2.3763E+02  8.9441E+00  2.7883E+00
  2.3801E+02  8.4139E+00  2.7939E+00
  2.3838E+02  7.8845E+00  2.7474E+00
  2.3876E+02  7.3612E+00  2.6494E+00
  2.3914E+02  6.8492E+00  2.5007E+00
  2.3951E+02  6.3537E+00  2.3031E+00
  2.3989E+02  5.8795E+00  2.0585E+00
  2.4026E+02  5.4312E+00  1.7695E+00
  2.4064E+02  5.0129E+00  1.4390E+00
  2.4102E+02  4.6286E+00  1.0704E+00
  2.4139E+02  4.2815E+00  6.6732E-01
  2.4177E+02  3.9746E+00  2.3368E-01
  2.4214E+02  3.7107E+00 -2.2627E-01
  2.4252E+02  3.4918E+00 -7.0813E-01
  2.4290E+02  3.3199E+00 -1.2073E+00
  2.4327E+02  3.1962E+00 -1.7190E+00
  2.4365E+02  3.1217E+00 -2.2385E+00
  2.4402E+02  3.0972E+00 -2.7608E+00
  2.4440E+02  3.1228E+00 -3.2809E+00
  2.4478E+02  3.1982E+00 -3.7941E+00
  2.4515E+02  3.3228E+00 -4.2953E+00
  2.4553E+02  3.4954E+00 -4.7797E+00
  2.4590E+02  3.7145E+00 -5.2428E+00
  2.4628E+02  3.9780E+00 -5.6801E+00
  2.4666E+02  4.2832E+00 -6.0872E+00
  2.4703E+02  4.6274E+00 -6.4603E+00
  2.4741E+02  5.0070E+00 -6.7956E+00
  2.4778E+02  5.4184E+00 -7.0901E+00
  2.4816E+02  5.8574E+00 -7.3407E+00
  2.4854E+02  6.3197E+00 -7.5451E+00
  2.4891E+02  6.8007E+00 -7.7013E+00
  2.4929E+02  7.2955E+00 -7.8077E+00
  2.4966E+02  7.7992E+00 -7.8635E+00
  2.5004E+02  8.3067E+00 -7.8681E+00
  2.5042E+02  8.8131E+00 -7.8215E+00
  2.5079E+02  9.3134E+00 -7.7242E+00
  2.5117E+02  9.8026E+00 -7.5773E+00
  2.5154E+02  1.0276E+01 -7.3822E+00
  2.5192E+02  1.0729E+01 -7.1407E+00
  2.5230E+02  1.1158E+01 -6.8553E+00
  2.5267E+02  1.1557E+01 -6.5288E+00
  2.5305E+02  1.1924E+01 -6.1641E+00
  2.5342E+02  1.2255E+01 -5.7649E+00
  2.5380E+02  1.2546E+01 -5.3350E+00
  2.5418E+02  1.2795E+01 -4.8785E+00
  2.5455E+02  1.2999E+01 -4.3996E+00
  2.5493E+02  1.3156E+01 -3.9031E+00
  2.5530E+02  1.3265E+01 -3.3935E+00
  2.5568E+02  1.3324E+01 -2.8758E+00
  2.5606E+02  1.3333E+01 -2.3549E+00
  2.5643E+02  1.3292E+01 -1.8357E+00
  2.5681E+02  1.3200E+01 -1.3232E+00
  2.5718E+02  1.3060E+01 -8.2217E-01
  2.5756E+02  1.2871E+01 -3.3747E-01
  2.5794E+02  1.2636E+01  1.2632E-01
  2.5831E+02  1.2356E+01  5.6480E-01
  2.5869E+02  1.2035E+01  9.7378E-01
  2.5906E+02  1.1674E+01  1.3493E+00
  2.5944E+02  1.1279E+01  1.6879E+00
  2.5982E+02  1.0851E+01  1.9862E+00
  2.6019E+02  1.0395E+01  2.2414E+00
  2.6057E+02  9.9152E+00  2.4510E+00
  2.6094E+02  9.4161E+00  2.6129E+00
  2.6132E+02  8.9021E+00  2.7256E+00
  2.6170E+02  8.3781E+00  2.7879E+00
  2.6207E+02  7.8487E+00  2.7993E+00
  2.6245E+02  7.3190E+00  2.7594E+00
  2.6282E+02  6.7937E+00  2.6686E+00
  2.6320E+02  6.2777E+00  2.5276E+00
  2.6358E+02  5.7758E+00  2.3377E+00
  2.6395E+02  5.2925E+00  2.1007E+00
  2.6433E+02  4.8324E+00  1.8185E+00
  2.6470E+02  4.3997E+00  1.4938E+00
  2.6508E+02  3.9983E+00  1.1296E+00
  2.6546E+02  3.6320E+00  7.2909E-01
  2.6583E+02  3.3040E+00  2.9599E-01
  2.6621E+02  3.0174E+00 -1.6575E-01
  2.6658E+02  2.7747E+00 -6.5192E-01
  2.6696E+02  2.5780E+00 -1.1581E+00
  2.6734E+02  2.4290E+00 -1.6798E+00
  2.6771E+02  2.3288E+00 -2.2121E+00
  2.6809E+02  2.2782E+00 -2.7504E+00
  2.6846E+02  2.2776E+00 -3.2899E+00
  2.6884E+02  2.3267E+00 -3.8257E+00
  2.6922E+02  2.4249E+00 -4.3532E+00
  2.6959E+02  2.5712E+00 -4.8675E+00
  2.6997E+02  2.7641E+00 -5.3644E+00
  2.7034E+02  3.0016E+00 -5.8394E+00
  2.7072E+02  3.2814E+00 -6.2884E+00
  2.7110E+02  3.6010E+00 -6.7077E+00
  2.7147E+02  3.9572E+00 -7.0936E+00
  2.7185E+02  4.3467E+00 -7.4430E+00
  2.7222E+02  4.7661E+00 -7.7528E+00
  2.7260E+02  5.2114E+00 -8.0206E+00
  2.7298E+02  5.6786E+00 -8.2443E+00
  2.7335E+02  6.1636E+00 -8.4220E+00
  2.7373E+02  6.6620E+00 -8.5526E+00
  2.7410E+02  7.1693E+00 -8.6349E+00
  2.7448E+02  7.6813E+00 -8.6687E+00
  2.7486E+02  8.1933E+00 -8.6537E+00
  2.7523E+02  8.7009E+00 -8.5904E+00
  2.7561E+02  9.1999E+00 -8.4796E+00
  2.7598E+02  9.6858E+00 -8.3224E+00
  2.7636E+02  1.0155E+01 -8.1204E+00
  2.7674E+02  1.0603E+01 -7.8757E+00
  2.7711E+02  1.1026E+01 -7.5904E+00
  2.7749E+02  1.1421E+01 -7.2673E+00
  2.7786E+02  1.1784E+01 -6.9093E+00
  2.7824E+02  1.2113E+01 -6.5197E+00
  2.7862E+02  1.2405E+01 -6.1019E+00
  2.7899E+02  1.2658E+01 -5.6596E+00
  2.7937E+02  1.2869E+01 -5.1968E+00
  2.7974E+02  1.3038E+01 -4.7174E+00
  2.8012E+02  1.3163E+01 -4.2256E+00
  2.8050E+02  1.3243E+01 -3.7256E+00
  2.8087E+02  1.3278E+01 -3.2216E+00
  2.8125E+02  1.3268E+01 -2.7179E+00
  2.8162E+02  1.3213E+01 -2.2187E+00
  2.8200E+02  1.3114E+01 -1.7281E+00
  2.8238E+02  1.2973E+01 -1.2503E+00
  2.8275E+02  1.2789E+01 -7.8905E-01
  2.8313E+02  1.2566E+01 -3.4818E-01
  2.8350E+02  1.2305E+01  6.8756E-02
  2.8388E+02  1.2008E+01  4.5844E-01
  2.8426E+02  1.1679E+01  8.1778E-01
  2.8463E+02  1.1321E+01  1.1440E+00
  2.8501E+02  1.0935E+01  1.4346E+00
  2.8538E+02  1.0527E+01  1.6874E+00
  2.8576E+02  1.0099E+01  1.9005E+00
  2.8614E+02  9.6549E+00  2.0725E+00
  2.8651E+02  9.1989E+00  2.2022E+00
  2.8689E+02  8.7347E+00  2.2889E+00
  2.8726E+02  8.2662E+00  2.3322E+00
  2.8764E+02  7.7973E+00  2.3320E+00
  2.8802E+02  7.3319E+00  2.2887E+00
  2.8839E+02  6.8737E+00  2.2031E+00
  2.8877E+02  6.4266E+00  2.0760E+00
  2.8914E+02  5.9941E+00  1.9090E+00
  2.8952E+02  5.5796E+00  1.7036E+00
  2.8990E+02  5.1864E+00  1.4620E+00
  2.9027E+02  4.8177E+00  1.1865E+00
  2.9065E+02  4.4763E+00  8.7952E-01
  2.9102E+02  4.1648E+00  5.4400E-01
  2.9140E+02  3.8856E+00  1.8295E-01
  2.9178E+02  3.6407E+00 -2.0038E-01
  2.9215E+02  3.4320E+00 -6.0258E-01
  2.9253E+02  3.2609E+00 -1.0201E+00
  2.9290E+02  3.1283E+00 -1.4493E+00
  2.9328E+02  3.0351E+00 -1.8865E+00
  2.9366E+02  2.9817E+00 -2.3279E+00
  2.9403E+02  2.9681E+00 -2.7698E+00
  2.9441E+02  2.9938E+00 -3.2085E+00
  2.9478E+02  3.0583E+00 -3.6404E+00
  2.9516E+02  3.1606E+00 -4.0618E+00
  2.9554E+02  3.2993E+00 -4.4694E+00
  2.9591E+02  3.4728E+00 -4.8600E+00
  2.9629E+02  3.6791E+00 -5.2304E+00
  2.9666E+02  3.9162E+00 -5.5779E+00
  2.9704E+02  4.1817E+00 -5.8998E+00
  2.9742E+02  4.4729E+00 -6.1937E+00
  2.9779E+02  4.7871E+00 -6.4576E+00
  2.9817E+02  5.1214E+00 -6.6895E+00
  2.9854E+02  5.4726E+00 -6.8880E+00
  2.9892E+02  5.8376E+00 -7.0518E+00
  2.9930E+02  6.2132E+00 -7.1799E+00
  2.9967E+02  6.5960E+00 -7.2718E+00
  3.0005E+02  6.9827E+00 -7.3271E+00
  3.0042E+02  7.3699E+00 -7.3458E+00
  3.0080E+02  7.7544E+00 -7.3282E+00
  3.0118E+02  8.1328E+00 -7.2750E+00
  3.0155E+02  8.5019E+00 -7.1871E+00
  3.0193E+02  8.8588E+00 -7.0657E+00
  3.0230E+02  9.2005E+00 -6.9124E+00
  3.0268E+02  9.5243E+00 -6.7287E+00
  3.0306E+02  9.8277E+00 -6.5168E+00
  3.0343E+02  1.0108E+01 -6.2787E+00
  3.0381E+02  1.0364E+01 -6.0170E+00
  3.0418E+02  1.0594E+01 -5.7340E+00
  3.0456E+02  1.0795E+01 -5.4325E+00
  3.0494E+02  1.0967E+01 -5.1152E+00
  3.0531E+02  1.1108E+01 -4.7850E+00
  3.0569E+02  1.1219E+01 -4.4449E+00
  3.0606E+02  1.1298E+01 -4.0976E+00
  3.0644E+02  1.1346E+01 -3.7463E+00
  3.0682E+02  1.1362E+01 -3.3938E+00
  3.0719E+02  1.1346E+01 -3.0429E+00
  3.0757E+02  1.1301E+01 -2.6965E+00
  3.0794E+02  1.1225E+01 -2.3574E+00
  3.0832E+02  1.1121E+01 -2.0280E+00
  3.0870E+02  1.0989E+01 -1.7110E+00
  3.0907E+02  1.0832E+01 -1.4087E+00
  3.0945E+02  1.0650E+01 -1.1231E+00
  3.0982E+02  1.0446E+01 -8.5652E-01
  3.1020E+02  1.0221E+01 -6.1061E-01
  3.1058E+02  9.9770E+00 -3.8705E-01
  3.1095E+02  9.7171E+00 -1.8728E-01
  3.1133E+02  9.4432E+00 -1.2503E-02
  3.1170E+02  9.1577E+00  1.3628E-01
  3.1208E+02  8.8630E+00  2.5831E-01
  3.1246E+02  8.5616E+00  3.5304E-01
  3.1283E+02  8.2560E+00  4.2020E-01
  3.1321E+02  7.9486E+00  4.5970E-01
  3.1358E+02  7.6420E+00  4.7171E-01
  3.1396E+02  7.3386E+00  4.5661E-01
  3.1434E+02  7.0406E+00  4.1500E-01
  3.1471E+02  6.7503E+00  3.4769E-01
  3.1509E+02  6.4699E+00  2.5567E-01
  3.1546E+02  6.2014E+00  1.4013E-01
  3.1584E+02  5.9467E+00  2.4149E-03
  3.1622E+02  5.7075E+00 -1.5598E-01
  3.1659E+02  5.4853E+00 -3.3341E-01
  3.1697E+02  5.2816E+00 -5.2813E-01
  3.1734E+02  5.0976E+00 -7.3826E-01
  3.1772E+02  4.9343E+00 -9.6187E-01
  3.1810E+02  4.7925E+00 -1.1969E+00
  3.1847E+02  4.6730E+00 -1.4414E+00
  3.1885E+02  4.5762E+00 -1.6931E+00
  3.1922E+02  4.5023E+00 -1.9500E+00
  3.1960E+02  4.4515E+00 -2.2100E+00
  3.1998E+02  4.4236E+00 -2.4710E+00
  3.2035E+02  4.4184E+00 -2.7309E+00
  3.2073E+02  4.4355E+00 -2.9877E+00
  3.2110E+02  4.4741E+00 -3.2394E+00
  3.2148E+02  4.5335E+00 -3.4843E+00
  3.2186E+02  4.6128E+00 -3.7206E+00
  3.2223E+02  4.7108E+00 -3.9465E+00
  3.2261E+02  4.8265E+00 -4.1606E+00
  3.2298E+02  4.9584E+00 -4.3615E+00
  3.2336E+02  5.1051E+00 -4.5478E+00
  3.2374E+02  5.2651E+00 -4.7186E+00
  3.2411E+02  5.4367E+00 -4.8727E+00
  3.2449E+02  5.6184E+00 -5.0094E+00
  3.2486E+02  5.8083E+00 -5.1281E+00
  3.2524E+02  6.0047E+00 -5.2283E+00
  3.2562E+02  6.2058E+00 -5.3097E+00
  3.2599E+02  6.4099E+00 -5.3720E+00
  3.2637E+02  6.6151E+00 -5.4154E+00
  3.2674E+02  6.8198E+00 -5.4401E+00
  3.2712E+02  7.0223E+00 -5.4463E+00
  3.2750E+02  7.2209E+00 -5.4346E+00
  3.2787E+02  7.4141E+00 -5.4056E+00
  3.2825E+02  7.6005E+00 -5.3600E+00
  3.2862E+02  7.7786E+00 -5.2987E+00
  3.2900E+02  7.9473E+00 -5.2227E+00
  3.2938E+02  8.1053E+00 -5.1331E+00
  3.2975E+02  8.2517E+00 -5.0310E+00
  3.3013E+02  8.3855E+00 -4.9178E+00
  3.3050E+02  8.5060E+00 -4.7947E+00
  3.3088E+02  8.6126E+00 -4.6630E+00
  3.3126E+02  8.7048E+00 -4.5242E+00
  3.3163E+02  8.7822E+00 -4.3796E+00
  3.3201E+02  8.8448E+00 -4.2307E+00
  3.3238E+02  8.8924E+00 -4.0789E+00
  3.3276E+02  8.9251E+00 -3.9255E+00
  3.3314E+02  8.9432E+00 -3.7718E+00
  3.3351E+02  8.9469E+00 -3.6193E+00
  3.3389E+02  8.9368E+00 -3.4690E+00
  3.3426E+02  8.9133E+00 -3.3223E+00
  3.3464E+02  8.8773E+00 -3.1802E+00
  3.3502E+02  8.8293E+00 -3.0437E+00
  3.3539E+02  8.7704E+00 -2.9137E+00
  3.3577E+02  8.7013E+00 -2.7912E+00
  3.3614E+02  8.6230E+00 -2.6767E+00
  3.3652E+02  8.5366E+00 -2.5711E+00
  3.3690E+02  8.4431E+00 -2.4747E+00
  3.3727E+02  8.3436E+00 -2.3880E+00
  3.3765E+02  8.2391E+00 -2.3114E+00
  3.3802E+02  8.1309E+00 -2.2450E+00
  3.3840E+02  8.0198E+00 -2.1890E+00
  3.3878E+02  7.9072E+00 -2.1433E+00
  3.3915E+02  7.7939E+00 -2.1079E+00
  3.3953E+02  7.6810E+00 -2.0825E+00
  3.3990E+02  7.5695E+00 -2.0669E+00
  3.4028E+02  7.4603E+00 -2.0607E+00
  3.4066E+02  7.3543E+00 -2.0634E+00
  3.4103E+02  7.2522E+00 -2.0746E+00
  3.4141E+02  7.1548E+00 -2.0937E+00
  3.4178E+02  7.0626E+00 -2.1201E+00
  3.4216E+02  6.9763E+00 -2.1530E+00
  3.4254E+02  6.8964E+00 -2.1918E+00
  3.4291E+02  6.8231E+00 -2.2358E+00
  3.4329E+02  6.7568E+00 -2.2842E+00
  3.4366E+02  6.6978E+00 -2.3363E+00
  3.4404E+02  6.6462E+00 -2.3912E+00
  3.4442E+02  6.6019E+00 -2.4483E+00
  3.4479E+02  6.5651E+00 -2.5067E+00
  3.4517E+02  6.5355E+00 -2.5659E+00
  3.4554E+02  6.5130E+00 -2.6250E+00
  3.4592E+02  6.4973E+00 -2.6835E+00
  3.4630E+02  6.4882E+00 -2.7407E+00
  3.4667E+02  6.4853E+00 -2.7960E+00
  3.4705E+02  6.4880E+00 -2.8490E+00
  3.4742E+02  6.4960E+00 -2.8991E+00
  3.4780E+02  6.5088E+00 -2.9461E+00
  3.4818E+02  6.5257E+00 -2.9894E+00
  3.4855E+02  6.5462E+00 -3.0289E+00
  3.4893E+02  6.5698E+00 -3.0644E+00
  3.4930E+02  6.5957E+00 -3.0956E+00
  3.4968E+02  6.6235E+00 -3.1226E+00
  3.5006E+02  6.6525E+00 -3.1452E+00
  3.5043E+02  6.6822E+00 -3.1635E+00
  3.5081E+02  6.7119E+00 -3.1777E+00
  3.5118E+02  6.7412E+00 -3.1878E+00
  3.5156E+02  6.7696E+00 -3.1941E+00
  3.5194E+02  6.7965E+00 -3.1968E+00
  3.5231E+02  6.8216E+00 -3.1962E+00
  3.5269E+02  6.8445E+00 -3.1925E+00
  3.5306E+02  6.8648E+00 -3.1863E+00
  3.5344E+02  6.8824E+00 -3.1778E+00
  3.5382E+02  6.8968E+00 -3.1674E+00
  3.5419E+02  6.9081E+00 -3.1555E+00
  3.5457E+02  6.9159E+00 -3.1426E+00
  3.5494E+02  6.9204E+00 -3.1290E+00
  3.5532E+02  6.9214E+00 -3.1153E+00
  3.5570E+02  6.9190E+00 -3.1017E+00
  3.5607E+02  6.9133E+00 -3.0887E+00
  3.5645E+02  6.9044E+00 -3.0766E+00
  3.5682E+02  6.8925E+00 -3.0658E+00
  3.5720E+02  6.8778E+00 -3.0566E+00
  3.5758E+02  6.8605E+00 -3.0494E+00
  3.5795E+02  6.8410E+00 -3.0443E+00
  3.5833E+02  6.8196E+00 -3.0415E+00
  3.5870E+02  6.7965E+00 -3.0413E+00
  3.5908E+02  6.7722E+00 -3.0438E+00
  3.5946E+02  6.7470E+00 -3.0490E+00
  3.5983E+02  6.7213E+00 -3.0571E+00
  3.6021E+02  6.6954E+00 -3.0680E+00
  3.6058E+02  6.6697E+00 -3.0817E+00
  3.6096E+02  6.6445E+00 -3.0982E+00
  3.6134E+02  6.6202E+00 -3.1173E+00
  3.6171E+02  6.5971E+00 -3.1390E+00
  3.6209E+02  6.5755E+00 -3.1630E+00
  3.6246E+02  6.5557E+00 -3.1891E+00
  3.6284E+02  6.5378E+00 -3.2172E+00
  3.6322E+02  6.5221E+00 -3.2470E+00
  3.6359E+02  6.5087E+00 -3.2783E+00
  3.6397E+02  6.4979E+00 -3.3107E+00
  3.6434E+02  6.4896E+00 -3.3441E+00
  3.6472E+02  6.4841E+00 -3.3781E+00
  3.6510E+02  6.4812E+00 -3.4124E+00
  3.6547E+02  6.4811E+00 -3.4468E+00
  3.6585E+02  6.4836E+00 -3.4810E+00
  3.6622E+02  6.4888E+00 -3.5148E+00
  3.6660E+02  6.4966E+00 -3.5478E+00
  3.6698E+02  6.5067E+00 -3.5799E+00
  3.6735E+02  6.5192E+00 -3.6108E+00
  3.6773E+02  6.5339E+00 -3.6403E+00
  3.6810E+02  6.5506E+00 -3.6682E+00
  3.6848E+02  6.5691E+00 -3.6944E+00
  3.6886E+02  6.5893E+00 -3.7187E+00
  3.6923E+02  6.6109E+00 -3.7410E+00
  3.6961E+02  6.6338E+00 -3.7613E+00
  3.6998E+02  6.6577E+00 -3.7793E+00
  3.7036E+02  6.6826E+00 -3.7951E+00
  3.7074E+02  6.7082E+00 -3.8087E+00
  3.7111E+02  6.7343E+00 -3.8199E+00
  3.7149E+02  6.7608E+00 -3.8289E+00
  3.7186E+02  6.7875E+00 -3.8355E+00
  3.7224E+02  6.8143E+00 -3.8398E+00
  3.7262E+02  6.8411E+00 -3.8419E+00
  3.7299E+02  6.8677E+00 -3.8418E+00
  3.7337E+02  6.8941E+00 -3.8394E+00
  3.7374E+02  6.9201E+00 -3.8350E+00
  3.7412E+02  6.9457E+00 -3.8284E+00
  3.7450E+02  6.9708E+00 -3.8198E+00
  3.7487E+02  6.9954E+00 -3.8093E+00
  3.7525E+02  7.0194E+00 -3.7967E+00
  3.7562E+02  7.0427E+00 -3.7823E+00
  3.7600E+02  7.0654E+00 -3.7661E+00
  3.7638E+02  7.0873E+00 -3.7480E+00
  3.7675E+02  7.1085E+00 -3.7282E+00
  3.7713E+02  7.1289E+00 -3.7067E+00
  3.7750E+02  7.1485E+00 -3.6835E+00
  3.7788E+02  7.1672E+00 -3.6586E+00
  3.7826E+02  7.1851E+00 -3.6321E+00
  3.7863E+02  7.2020E+00 -3.6040E+00
  3.7901E+02  7.2179E+00 -3.5743E+00
  3.7938E+02  7.2328E+00 -3.5431E+00
  3.7976E+02  7.2466E+00 -3.5104E+00
  3.8014E+02  7.2593E+00 -3.4762E+00
  3.8051E+02  7.2707E+00 -3.4406E+00
  3.8089E+02  7.2808E+00 -3.4036E+00
  3.8126E+02  7.2895E+00 -3.3652E+00
  3.8164E+02  7.2967E+00 -3.3255E+00
  3.8202E+02  7.3023E+00 -3.2846E+00
  3.8239E+02  7.3062E+00 -3.2425E+00
  3.8277E+02  7.3083E+00 -3.1993E+00
  3.8314E+02  7.3085E+00 -3.1551E+00
  3.8352E+02  7.3067E+00 -3.1100E+00
  3.8390E+02  7.3027E+00 -3.0641E+00
  3.8427E+02  7.2965E+00 -3.0175E+00
  3.8465E+02  7.2879E+00 -2.9704E+00
  3.8502E+02  7.2768E+00 -2.9229E+00
  3.8540E+02  7.2632E+00 -2.8752E+00
  3.8578E+02  7.2468E+00 -2.8275E+00
  3.8615E+02  7.2277E+00 -2.7799E+00
  3.8653E+02  7.2058E+00 -2.7327E+00
  3.8690E+02  7.1810E+00 -2.6862E+00
  3.8728E+02  7.1531E+00 -2.6404E+00
  3.8766E+02  7.1223E+00 -2.5957E+00
  3.8803E+02  7.0885E+00 -2.5523E+00
  3.8841E+02  7.0517E+00 -2.5104E+00
  3.8878E+02  7.0118E+00 -2.4704E+00
  3.8916E+02  6.9690E+00 -2.4324E+00
  3.8954E+02  6.9232E+00 -2.3968E+00
  3.8991E+02  6.8746E+00 -2.3638E+00
  3.9029E+02  6.8232E+00 -2.3338E+00
  3.9066E+02  6.7692E+00 -2.3068E+00
  3.9104E+02  6.7126E+00 -2.2833E+00
  3.9142E+02  6.6537E+00 -2.2634E+00
  3.9179E+02  6.5927E+00 -2.2475E+00
  3.9217E+02  6.5297E+00 -2.2356E+00
  3.9254E+02  6.4650E+00 -2.2281E+00
  3.9292E+02  6.3988E+00 -2.2252E+00
  3.9330E+02  6.3313E+00 -2.2270E+00
  3.9367E+02  6.2630E+00 -2.2336E+00
  3.9405E+02  6.1941E+00 -2.2453E+00
  3.9442E+02  6.1248E+00 -2.2621E+00
  3.9480E+02  6.0557E+00 -2.2841E+00
  3.9518E+02  5.9869E+00 -2.3114E+00
  3.9555E+02  5.9189E+00 -2.3440E+00
  3.9593E+02  5.8521E+00 -2.3818E+00
  3.9630E+02  5.7869E+00 -2.4249E+00
  3.9668E+02  5.7235E+00 -2.4732E+00
  3.9706E+02  5.6625E+00 -2.5265E+00
  3.9743E+02  5.6043E+00 -2.5847E+00
  3.9781E+02  5.5491E+00 -2.6476E+00
  3.9818E+02  5.4975E+00 -2.7151E+00
  3.9856E+02  5.4497E+00 -2.7867E+00
  3.9894E+02  5.4062E+00 -2.8623E+00
  3.9931E+02  5.3673E+00 -2.9415E+00
  3.9969E+02  5.3332E+00 -3.0239E+00
  4.0006E+02  5.3045E+00 -3.1092E+00
  4.0044E+02  5.2812E+00 -3.1969E+00
  4.0082E+02  5.2636E+00 -3.2866E+00
  4.0119E+02  5.2520E+00 -3.3778E+00
  4.0157E+02  5.2465E+00 -3.4699E+00
  4.0194E+02  5.2473E+00 -3.5625E+00
  4.0232E+02  5.2545E+00 -3.6551E+00
  4.0270E+02  5.2680E+00 -3.7470E+00
  4.0307E+02  5.2880E+00 -3.8378E+00
  4.0345E+02  5.3144E+00 -3.9268E+00
  4.0382E+02  5.3470E+00 -4.0136E+00
  4.0420E+02  5.3859E+00 -4.0975E+00
  4.0458E+02  5.4307E+00 -4.1781E+00
  4.0495E+02  5.4812E+00 -4.2549E+00
  4.0533E+02  5.5373E+00 -4.3272E+00
  4.0570E+02  5.5985E+00 -4.3947E+00
  4.0608E+02  5.6646E+00 -4.4570E+00
  4.0646E+02  5.7350E+00 -4.5135E+00
  4.0683E+02  5.8095E+00 -4.5639E+00
  4.0721E+02  5.8875E+00 -4.6078E+00
  4.0758E+02  5.9685E+00 -4.6451E+00
  4.0796E+02  6.0521E+00 -4.6753E+00
  4.0834E+02  6.1377E+00 -4.6983E+00
  4.0871E+02  6.2246E+00 -4.7140E+00
  4.0909E+02  6.3124E+00 -4.7222E+00
  4.0946E+02  6.4005E+00 -4.7229E+00
  4.0984E+02  6.4883E+00 -4.7161E+00
  4.1022E+02  6.5753E+00 -4.7018E+00
  4.1059E+02  6.6607E+00 -4.6801E+00
  4.1097E+02  6.7442E+00 -4.6511E+00
  4.1134E+02  6.8250E+00 -4.6151E+00
  4.1172E+02  6.9028E+00 -4.5723E+00
  4.1210E+02  6.9770E+00 -4.5230E+00
  4.1247E+02  7.0471E+00 -4.4676E+00
  4.1285E+02  7.1127E+00 -4.4063E+00
  4.1322E+02  7.1733E+00 -4.3397E+00
  4.1360E+02  7.2286E+00 -4.2682E+00
  4.1398E+02  7.2783E+00 -4.1922E+00
  4.1435E+02  7.3220E+00 -4.1123E+00
  4.1473E+02  7.3596E+00 -4.0289E+00
  4.1510E+02  7.3907E+00 -3.9427E+00
  4.1548E+02  7.4153E+00 -3.8542E+00
  4.1586E+02  7.4333E+00 -3.7639E+00
  4.1623E+02  7.4444E+00 -3.6725E+00
  4.1661E+02  7.4489E+00 -3.5805E+00
  4.1698E+02  7.4466E+00 -3.4885E+00
  4.1736E+02  7.4376E+00 -3.3971E+00
  4.1774E+02  7.4221E+00 -3.3068E+00
  4.1811E+02  7.4002E+00 -3.2182E+00
  4.1849E+02  7.3721E+00 -3.1317E+00
  4.1886E+02  7.3380E+00 -3.0481E+00
  4.1924E+02  7.2982E+00 -2.9676E+00
  4.1962E+02  7.2530E+00 -2.8908E+00
  4.1999E+02  7.2028E+00 -2.8180E+00
  4.2037E+02  7.1479E+00 -2.7498E+00
  4.2074E+02  7.0886E+00 -2.6864E+00
  4.2112E+02  7.0254E+00 -2.6282E+00
  4.2150E+02  6.9588E+00 -2.5754E+00
  4.2187E+02  6.8891E+00 -2.5284E+00
  4.2225E+02  6.8169E+00 -2.4872E+00
  4.2262E+02  6.7425E+00 -2.4522E+00
  4.2300E+02  6.6666E+00 -2.4234E+00
  4.2338E+02  6.5895E+00 -2.4009E+00
  4.2375E+02  6.5117E+00 -2.3847E+00
  4.2413E+02  6.4338E+00 -2.3748E+00
  4.2450E+02  6.3562E+00 -2.3712E+00
  4.2488E+02  6.2794E+00 -2.3738E+00
  4.2526E+02  6.2039E+00 -2.3825E+00
  4.2563E+02  6.1300E+00 -2.3971E+00
  4.2601E+02  6.0583E+00 -2.4173E+00
  4.2638E+02  5.9891E+00 -2.4431E+00
  4.2676E+02  5.9229E+00 -2.4740E+00
  4.2714E+02  5.8599E+00 -2.5097E+00
  4.2751E+02  5.8006E+00 -2.5500E+00
  4.2789E+02  5.7452E+00 -2.5945E+00
  4.2826E+02  5.6941E+00 -2.6427E+00
  4.2864E+02  5.6474E+00 -2.6943E+00
  4.2902E+02  5.6054E+00 -2.7488E+00
  4.2939E+02  5.5683E+00 -2.8058E+00
  4.2977E+02  5.5362E+00 -2.8648E+00
  4.3014E+02  5.5092E+00 -2.9253E+00
  4.3052E+02  5.4873E+00 -2.9869E+00
  4.3090E+02  5.4706E+00 -3.0491E+00
  4.3127E+02  5.4591E+00 -3.1114E+00
  4.3165E+02  5.4527E+00 -3.1733E+00
  4.3202E+02  5.4514E+00 -3.2344E+00
  4.3240E+02  5.4549E+00 -3.2943E+00
  4.3278E+02  5.4631E+00 -3.3524E+00
  4.3315E+02  5.4757E+00 -3.4085E+00
  4.3353E+02  5.4927E+00 -3.4621E+00
  4.3390E+02  5.5136E+00 -3.5128E+00
  4.3428E+02  5.5382E+00 -3.5603E+00
  4.3466E+02  5.5662E+00 -3.6043E+00
  4.3503E+02  5.5971E+00 -3.6446E+00
  4.3541E+02  5.6307E+00 -3.6808E+00
  4.3578E+02  5.6664E+00 -3.7129E+00
  4.3616E+02  5.7040E+00 -3.7406E+00
  4.3654E+02  5.7430E+00 -3.7638E+00
  4.3691E+02  5.7830E+00 -3.7825E+00
  4.3729E+02  5.8236E+00 -3.7966E+00
  4.3766E+02  5.8643E+00 -3.8062E+00
  4.3804E+02  5.9047E+00 -3.8112E+00
  4.3842E+02  5.9444E+00 -3.8117E+00
  4.3879E+02  5.9831E+00 -3.8078E+00
  4.3917E+02  6.0202E+00 -3.7998E+00
  4.3954E+02  6.0555E+00 -3.7878E+00
  4.3992E+02  6.0887E+00 -3.7721E+00
  4.4030E+02  6.1194E+00 -3.7528E+00
  4.4067E+02  6.1472E+00 -3.7303E+00
  4.4105E+02  6.1721E+00 -3.7048E+00
  4.4142E+02  6.1936E+00 -3.6768E+00
  4.4180E+02  6.2117E+00 -3.6465E+00
  4.4218E+02  6.2262E+00 -3.6144E+00
  4.4255E+02  6.2369E+00 -3.5807E+00
  4.4293E+02  6.2438E+00 -3.5459E+00
  4.4330E+02  6.2468E+00 -3.5104E+00
  4.4368E+02  6.2458E+00 -3.4745E+00
  4.4406E+02  6.2410E+00 -3.4387E+00
  4.4443E+02  6.2323E+00 -3.4033E+00
  4.4481E+02  6.2199E+00 -3.3688E+00
  4.4518E+02  6.2038E+00 -3.3354E+00
  4.4556E+02  6.1843E+00 -3.3036E+00
  4.4594E+02  6.1614E+00 -3.2736E+00
  4.4631E+02  6.1355E+00 -3.2459E+00
  4.4669E+02  6.1068E+00 -3.2206E+00
  4.4706E+02  6.0755E+00 -3.1981E+00
  4.4744E+02  6.0419E+00 -3.1786E+00
  4.4782E+02  6.0063E+00 -3.1623E+00
  4.4819E+02  5.9690E+00 -3.1494E+00
  4.4857E+02  5.9305E+00 -3.1400E+00
  4.4894E+02  5.8909E+00 -3.1343E+00
  4.4932E+02  5.8508E+00 -3.1323E+00
  4.4970E+02  5.8104E+00 -3.1341E+00
  4.5007E+02  5.7700E+00 -3.1397E+00
  4.5045E+02  5.7301E+00 -3.1491E+00
  4.5082E+02  5.6911E+00 -3.1622E+00
  4.5120E+02  5.6531E+00 -3.1790E+00
  4.5158E+02  5.6167E+00 -3.1993E+00
  4.5195E+02  5.5820E+00 -3.2230E+00
  4.5233E+02  5.5495E+00 -3.2499E+00
  4.5270E+02  5.5194E+00 -3.2797E+00
  4.5308E+02  5.4920E+00 -3.3123E+00
  4.5346E+02  5.4675E+00 -3.3474E+00
  4.5383E+02  5.4462E+00 -3.3847E+00
  4.5421E+02  5.4282E+00 -3.4239E+00
  4.5458E+02  5.4137E+00 -3.4646E+00
  4.5496E+02  5.4030E+00 -3.5066E+00
  4.5534E+02  5.3960E+00 -3.5495E+00
  4.5571E+02  5.3929E+00 -3.5929E+00
  4.5609E+02  5.3937E+00 -3.6364E+00
  4.5646E+02  5.3985E+00 -3.6797E+00
  4.5684E+02  5.4072E+00 -3.7224E+00
  4.5722E+02  5.4197E+00 -3.7641E+00
  4.5759E+02  5.4361E+00 -3.8045E+00
  4.5797E+02  5.4561E+00 -3.8433E+00
  4.5834E+02  5.4797E+00 -3.8799E+00
  4.5872E+02  5.5067E+00 -3.9142E+00
  4.5910E+02  5.5368E+00 -3.9458E+00
  4.5947E+02  5.5698E+00 -3.9745E+00
  4.5985E+02  5.6055E+00 -3.9998E+00
  4.6022E+02  5.6436E+00 -4.0217E+00
  4.6060E+02  5.6837E+00 -4.0399E+00
  4.6098E+02  5.7256E+00 -4.0541E+00
  4.6135E+02  5.7689E+00 -4.0643E+00
  4.6173E+02  5.8132E+00 -4.0703E+00
  4.6210E+02  5.8582E+00 -4.0720E+00
  4.6248E+02  5.9035E+00 -4.0693E+00
  4.6286E+02  5.9487E+00 -4.0623E+00
  4.6323E+02  5.9934E+00 -4.0509E+00
  4.6361E+02  6.0373E+00 -4.0352E+00
  4.6398E+02  6.0800E+00 -4.0153E+00
  4.6436E+02  6.1210E+00 -3.9914E+00
  4.6474E+02  6.1601E+00 -3.9634E+00
  4.6511E+02  6.1968E+00 -3.9317E+00
  4.6549E+02  6.2309E+00 -3.8965E+00
  4.6586E+02  6.2621E+00 -3.8580E+00
  4.6624E+02  6.2900E+00 -3.8165E+00
  4.6662E+02  6.3144E+00 -3.7723E+00
  4.6699E+02  6.3351E+00 -3.7258E+00
  4.6737E+02  6.3519E+00 -3.6772E+00
  4.6774E+02  6.3645E+00 -3.6269E+00
  4.6812E+02  6.3729E+00 -3.5753E+00
  4.6850E+02  6.3770E+00 -3.5228E+00
  4.6887E+02  6.3766E+00 -3.4698E+00
  4.6925E+02  6.3718E+00 -3.4167E+00
  4.6962E+02  6.3625E+00 -3.3639E+00
  4.7000E+02  6.3488E+00 -3.3118E+00
  4.7038E+02  6.3307E+00 -3.2607E+00
  4.7075E+02  6.3084E+00 -3.2111E+00
  4.7113E+02  6.2821E+00 -3.1633E+00
  4.7150E+02  6.2518E+00 -3.1178E+00
  4.7188E+02  6.2178E+00 -3.0747E+00
  4.7226E+02  6.1803E+00 -3.0345E+00
  4.7263E+02  6.1395E+00 -2.9974E+00
  4.7301E+02  6.0959E+00 -2.9637E+00
  4.7338E+02  6.0496E+00 -2.9337E+00
  4.7376E+02  6.0010E+00 -2.9075E+00
  4.7414E+02  5.9504E+00 -2.8854E+00
  4.7451E+02  5.8983E+00 -2.8674E+00
  4.7489E+02  5.8449E+00 -2.8537E+00
  4.7526E+02  5.7907E+00 -2.8443E+00
  4.7564E+02  5.7359E+00 -2.8394E+00
  4.7602E+02  5.6811E+00 -2.8389E+00
  4.7639E+02  5.6266E+00 -2.8427E+00
  4.7677E+02  5.5727E+00 -2.8509E+00
  4.7714E+02  5.5199E+00 -2.8633E+00
  4.7752E+02  5.4684E+00 -2.8798E+00
  4.7790E+02  5.4187E+00 -2.9003E+00
  4.7827E+02  5.3710E+00 -2.9245E+00
  4.7865E+02  5.3257E+00 -2.9522E+00
  4.7902E+02  5.2830E+00 -2.9832E+00
  4.7940E+02  5.2432E+00 -3.0172E+00
  4.7978E+02  5.2066E+00 -3.0540E+00
  4.8015E+02  5.1734E+00 -3.0932E+00
  4.8053E+02  5.1436E+00 -3.1345E+00
  4.8090E+02  5.1176E+00 -3.1775E+00
  4.8128E+02  5.0954E+00 -3.2220E+00
  4.8166E+02  5.0771E+00 -3.2675E+00
  4.8203E+02  5.0627E+00 -3.3137E+00
  4.8241E+02  5.0523E+00 -3.3602E+00
  4.8278E+02  5.0459E+00 -3.4067E+00
  4.8316E+02  5.0434E+00 -3.4527E+00
  4.8354E+02  5.0448E+00 -3.4981E+00
  4.8391E+02  5.0499E+00 -3.5423E+00
  4.8429E+02  5.0587E+00 -3.5851E+00
  4.8466E+02  5.0709E+00 -3.6262E+00
  4.8504E+02  5.0864E+00 -3.6652E+00
  4.8542E+02  5.1050E+00 -3.7019E+00
  4.8579E+02  5.1263E+00 -3.7361E+00
  4.8617E+02  5.1503E+00 -3.7674E+00
  4.8654E+02  5.1765E+00 -3.7958E+00
  4.8692E+02  5.2048E+00 -3.8210E+00
  4.8730E+02  5.2347E+00 -3.8429E+00
  4.8767E+02  5.2660E+00 -3.8614E+00
  4.8805E+02  5.2983E+00 -3.8763E+00
  4.8842E+02  5.3314E+00 -3.8877E+00
  4.8880E+02  5.3649E+00 -3.8955E+00
  4.8918E+02  5.3984E+00 -3.8997E+00
  4.8955E+02  5.4317E+00 -3.9004E+00
  4.8993E+02  5.4643E+00 -3.8976E+00
  4.9030E+02  5.4961E+00 -3.8914E+00
  4.9068E+02  5.5267E+00 -3.8820E+00
  4.9106E+02  5.5558E+00 -3.8695E+00
  4.9143E+02  5.5832E+00 -3.8541E+00
  4.9181E+02  5.6085E+00 -3.8360E+00
  4.9218E+02  5.6317E+00 -3.8155E+00
  4.9256E+02  5.6525E+00 -3.7927E+00
  4.9294E+02  5.6706E+00 -3.7679E+00
  4.9331E+02  5.6860E+00 -3.7414E+00
  4.9369E+02  5.6986E+00 -3.7135E+00
  4.9406E+02  5.7082E+00 -3.6845E+00
  4.9444E+02  5.7148E+00 -3.6546E+00
  4.9482E+02  5.7183E+00 -3.6242E+00
  4.9519E+02  5.7187E+00 -3.5936E+00
  4.9557E+02  5.7161E+00 -3.5631E+00
  4.9594E+02  5.7105E+00 -3.5330E+00
  4.9632E+02  5.7020E+00 -3.5035E+00
  4.9670E+02  5.6906E+00 -3.4749E+00
  4.9707E+02  5.6765E+00 -3.4476E+00
  4.9745E+02  5.6599E+00 -3.4217E+00
  4.9782E+02  5.6410E+00 -3.3974E+00
  4.9820E+02  5.6198E+00 -3.3750E+00
  4.9858E+02  5.5966E+00 -3.3547E+00
  4.9895E+02  5.5717E+00 -3.3366E+00
  4.9933E+02  5.5453E+00 -3.3209E+00
  4.9970E+02  5.5176E+00 -3.3077E+00
  5.0000E+02  5.4950E+00 -3.2991E+00
