# CREATED BY GENE DIAGNOSTICS TOOL on Mon Jun 25 17:34:58 2018
# diag: GAMDIAG, run(s): 0050, time window: 0-500(1331 steps), species: ions
# original data path: /r/c/cmor/w7xhms05_HR_low_kx/
# normalization: L_ref=5.4832m
#
# xind= 0, x/a= 0.70710677, q= 1.1018624
# Fit:    0.096221793,2.8956721,-0.052562986
# Analytic (Gao, Zhou/Yu): 0.32199362,-6.1564384e-11,1.8965424
#  t          Re[phi]     Im[phi]   
  0.0000E+00  1.1887E+02  0.0000E+00
  3.7600E-01  1.1853E+02  2.0460E+00
  7.5200E-01  1.1760E+02  4.0721E+00
  1.1280E+00  1.1618E+02  6.0594E+00
  1.5040E+00  1.1436E+02  7.9926E+00
  1.8800E+00  1.1225E+02  9.8607E+00
  2.2560E+00  1.0997E+02  1.1657E+01
  2.6320E+00  1.0759E+02  1.3377E+01
  3.0080E+00  1.0520E+02  1.5020E+01
  3.3840E+00  1.0287E+02  1.6589E+01
  3.7600E+00  1.0064E+02  1.8087E+01
  4.1360E+00  9.8539E+01  1.9519E+01
  4.5120E+00  9.6562E+01  2.0890E+01
  4.8880E+00  9.4702E+01  2.2206E+01
  5.2640E+00  9.2939E+01  2.3471E+01
  5.6400E+00  9.1245E+01  2.4689E+01
  6.0160E+00  8.9591E+01  2.5862E+01
  6.3920E+00  8.7950E+01  2.6993E+01
  6.7680E+00  8.6298E+01  2.8081E+01
  7.1440E+00  8.4620E+01  2.9127E+01
  7.5200E+00  8.2904E+01  3.0129E+01
  7.8960E+00  8.1147E+01  3.1088E+01
  8.2720E+00  7.9351E+01  3.2002E+01
  8.6480E+00  7.7522E+01  3.2869E+01
  9.0240E+00  7.5670E+01  3.3691E+01
  9.4000E+00  7.3808E+01  3.4465E+01
  9.7760E+00  7.1948E+01  3.5194E+01
  1.0152E+01  7.0103E+01  3.5877E+01
  1.0528E+01  6.8286E+01  3.6515E+01
  1.0904E+01  6.6507E+01  3.7110E+01
  1.1280E+01  6.4776E+01  3.7664E+01
  1.1656E+01  6.3102E+01  3.8179E+01
  1.2032E+01  6.1490E+01  3.8658E+01
  1.2408E+01  5.9943E+01  3.9104E+01
  1.2784E+01  5.8466E+01  3.9518E+01
  1.3160E+01  5.7059E+01  3.9903E+01
  1.3536E+01  5.5724E+01  4.0262E+01
  1.3912E+01  5.4461E+01  4.0598E+01
  1.4288E+01  5.3268E+01  4.0913E+01
  1.4664E+01  5.2143E+01  4.1210E+01
  1.5040E+01  5.1086E+01  4.1490E+01
  1.5416E+01  5.0095E+01  4.1757E+01
  1.5792E+01  4.9166E+01  4.2012E+01
  1.6168E+01  4.8300E+01  4.2257E+01
  1.6544E+01  4.7493E+01  4.2494E+01
  1.6920E+01  4.6742E+01  4.2726E+01
  1.7296E+01  4.6045E+01  4.2953E+01
  1.7672E+01  4.5400E+01  4.3177E+01
  1.8048E+01  4.4806E+01  4.3400E+01
  1.8424E+01  4.4260E+01  4.3624E+01
  1.8800E+01  4.3759E+01  4.3849E+01
  1.9176E+01  4.3301E+01  4.4077E+01
  1.9552E+01  4.2883E+01  4.4309E+01
  1.9928E+01  4.2501E+01  4.4546E+01
  2.0304E+01  4.2153E+01  4.4789E+01
  2.0680E+01  4.1835E+01  4.5039E+01
  2.1056E+01  4.1545E+01  4.5296E+01
  2.1432E+01  4.1278E+01  4.5560E+01
  2.1808E+01  4.1033E+01  4.5833E+01
  2.2184E+01  4.0805E+01  4.6115E+01
  2.2560E+01  4.0594E+01  4.6405E+01
  2.2936E+01  4.0394E+01  4.6703E+01
  2.3312E+01  4.0201E+01  4.7011E+01
  2.3688E+01  4.0009E+01  4.7327E+01
  2.4064E+01  3.9814E+01  4.7651E+01
  2.4440E+01  3.9614E+01  4.7983E+01
  2.4816E+01  3.9408E+01  4.8322E+01
  2.5192E+01  3.9196E+01  4.8668E+01
  2.5568E+01  3.8976E+01  4.9019E+01
  2.5944E+01  3.8745E+01  4.9376E+01
  2.6320E+01  3.8499E+01  4.9738E+01
  2.6696E+01  3.8234E+01  5.0103E+01
  2.7072E+01  3.7946E+01  5.0471E+01
  2.7448E+01  3.7633E+01  5.0841E+01
  2.7824E+01  3.7294E+01  5.1212E+01
  2.8200E+01  3.6929E+01  5.1582E+01
  2.8576E+01  3.6537E+01  5.1951E+01
  2.8952E+01  3.6118E+01  5.2318E+01
  2.9328E+01  3.5670E+01  5.2681E+01
  2.9704E+01  3.5192E+01  5.3040E+01
  3.0080E+01  3.4684E+01  5.3393E+01
  3.0456E+01  3.4144E+01  5.3738E+01
  3.0832E+01  3.3573E+01  5.4076E+01
  3.1208E+01  3.2973E+01  5.4406E+01
  3.1584E+01  3.2344E+01  5.4725E+01
  3.1960E+01  3.1687E+01  5.5033E+01
  3.2336E+01  3.1002E+01  5.5330E+01
  3.2712E+01  3.0291E+01  5.5614E+01
  3.3088E+01  2.9552E+01  5.5885E+01
  3.3464E+01  2.8786E+01  5.6142E+01
  3.3840E+01  2.7990E+01  5.6385E+01
  3.4216E+01  2.7166E+01  5.6611E+01
  3.4592E+01  2.6315E+01  5.6821E+01
  3.4968E+01  2.5441E+01  5.7015E+01
  3.5344E+01  2.4548E+01  5.7190E+01
  3.5720E+01  2.3641E+01  5.7348E+01
  3.6096E+01  2.2722E+01  5.7487E+01
  3.6472E+01  2.1791E+01  5.7609E+01
  3.6848E+01  2.0850E+01  5.7712E+01
  3.7224E+01  1.9901E+01  5.7796E+01
  3.7600E+01  1.8944E+01  5.7862E+01
  3.7976E+01  1.7980E+01  5.7910E+01
  3.8352E+01  1.7009E+01  5.7939E+01
  3.8728E+01  1.6030E+01  5.7949E+01
  3.9104E+01  1.5045E+01  5.7941E+01
  3.9480E+01  1.4055E+01  5.7915E+01
  3.9856E+01  1.3061E+01  5.7871E+01
  4.0232E+01  1.2066E+01  5.7809E+01
  4.0608E+01  1.1071E+01  5.7729E+01
  4.0984E+01  1.0080E+01  5.7631E+01
  4.1360E+01  9.0950E+00  5.7517E+01
  4.1736E+01  8.1175E+00  5.7385E+01
  4.2112E+01  7.1503E+00  5.7238E+01
  4.2488E+01  6.1960E+00  5.7075E+01
  4.2864E+01  5.2580E+00  5.6897E+01
  4.3240E+01  4.3398E+00  5.6705E+01
  4.3616E+01  3.4441E+00  5.6500E+01
  4.3992E+01  2.5728E+00  5.6283E+01
  4.4368E+01  1.7257E+00  5.6054E+01
  4.4744E+01  9.0121E-01  5.5815E+01
  4.5120E+01  9.6312E-02  5.5566E+01
  4.5496E+01 -6.9337E-01  5.5308E+01
  4.5872E+01 -1.4731E+00  5.5041E+01
  4.6248E+01 -2.2486E+00  5.4766E+01
  4.6624E+01 -3.0247E+00  5.4482E+01
  4.7000E+01 -3.8051E+00  5.4190E+01
  4.7376E+01 -4.5915E+00  5.3889E+01
  4.7752E+01 -5.3823E+00  5.3578E+01
  4.8128E+01 -6.1731E+00  5.3259E+01
  4.8504E+01 -6.9571E+00  5.2930E+01
  4.8880E+01 -7.7267E+00  5.2593E+01
  4.9256E+01 -8.4747E+00  5.2248E+01
  4.9632E+01 -9.1951E+00  5.1895E+01
  5.0008E+01 -9.8838E+00  5.1536E+01
  5.0384E+01 -1.0539E+01  5.1171E+01
  5.0760E+01 -1.1161E+01  5.0803E+01
  5.1136E+01 -1.1752E+01  5.0430E+01
  5.1512E+01 -1.2315E+01  5.0055E+01
  5.1888E+01 -1.2855E+01  4.9678E+01
  5.2264E+01 -1.3377E+01  4.9299E+01
  5.2640E+01 -1.3887E+01  4.8918E+01
  5.3016E+01 -1.4390E+01  4.8536E+01
  5.3392E+01 -1.4889E+01  4.8153E+01
  5.3768E+01 -1.5387E+01  4.7767E+01
  5.4144E+01 -1.5883E+01  4.7380E+01
  5.4520E+01 -1.6377E+01  4.6990E+01
  5.4896E+01 -1.6866E+01  4.6598E+01
  5.5272E+01 -1.7348E+01  4.6204E+01
  5.5648E+01 -1.7821E+01  4.5808E+01
  5.6024E+01 -1.8284E+01  4.5409E+01
  5.6400E+01 -1.8738E+01  4.5008E+01
  5.6776E+01 -1.9182E+01  4.4606E+01
  5.7152E+01 -1.9620E+01  4.4201E+01
  5.7528E+01 -2.0054E+01  4.3794E+01
  5.7904E+01 -2.0489E+01  4.3384E+01
  5.8280E+01 -2.0927E+01  4.2972E+01
  5.8656E+01 -2.1373E+01  4.2556E+01
  5.9032E+01 -2.1830E+01  4.2137E+01
  5.9408E+01 -2.2298E+01  4.1713E+01
  5.9784E+01 -2.2778E+01  4.1284E+01
  6.0160E+01 -2.3269E+01  4.0849E+01
  6.0536E+01 -2.3767E+01  4.0407E+01
  6.0912E+01 -2.4270E+01  3.9959E+01
  6.1288E+01 -2.4771E+01  3.9504E+01
  6.1664E+01 -2.5266E+01  3.9042E+01
  6.2040E+01 -2.5751E+01  3.8573E+01
  6.2416E+01 -2.6221E+01  3.8097E+01
  6.2792E+01 -2.6674E+01  3.7616E+01
  6.3168E+01 -2.7107E+01  3.7129E+01
  6.3544E+01 -2.7521E+01  3.6637E+01
  6.3920E+01 -2.7915E+01  3.6141E+01
  6.4296E+01 -2.8292E+01  3.5640E+01
  6.4672E+01 -2.8654E+01  3.5136E+01
  6.5048E+01 -2.9004E+01  3.4629E+01
  6.5424E+01 -2.9345E+01  3.4118E+01
  6.5800E+01 -2.9683E+01  3.3605E+01
  6.6176E+01 -3.0019E+01  3.3088E+01
  6.6552E+01 -3.0357E+01  3.2567E+01
  6.6928E+01 -3.0700E+01  3.2043E+01
  6.7304E+01 -3.1049E+01  3.1514E+01
  6.7680E+01 -3.1405E+01  3.0982E+01
  6.8056E+01 -3.1768E+01  3.0444E+01
  6.8432E+01 -3.2138E+01  2.9901E+01
  6.8808E+01 -3.2513E+01  2.9352E+01
  6.9184E+01 -3.2889E+01  2.8798E+01
  6.9560E+01 -3.3263E+01  2.8238E+01
  6.9936E+01 -3.3634E+01  2.7672E+01
  7.0312E+01 -3.3998E+01  2.7101E+01
  7.0688E+01 -3.4355E+01  2.6524E+01
  7.1064E+01 -3.4703E+01  2.5942E+01
  7.1440E+01 -3.5040E+01  2.5355E+01
  7.1816E+01 -3.5365E+01  2.4763E+01
  7.2192E+01 -3.5679E+01  2.4168E+01
  7.2568E+01 -3.5980E+01  2.3568E+01
  7.2944E+01 -3.6268E+01  2.2965E+01
  7.3320E+01 -3.6544E+01  2.2359E+01
  7.3696E+01 -3.6810E+01  2.1749E+01
  7.4072E+01 -3.7064E+01  2.1138E+01
  7.4448E+01 -3.7309E+01  2.0523E+01
  7.4824E+01 -3.7545E+01  1.9907E+01
  7.5200E+01 -3.7772E+01  1.9288E+01
  7.5576E+01 -3.7990E+01  1.8668E+01
  7.5952E+01 -3.8200E+01  1.8045E+01
  7.6328E+01 -3.8402E+01  1.7422E+01
  7.6704E+01 -3.8596E+01  1.6796E+01
  7.7080E+01 -3.8783E+01  1.6170E+01
  7.7456E+01 -3.8963E+01  1.5542E+01
  7.7832E+01 -3.9136E+01  1.4913E+01
  7.8208E+01 -3.9303E+01  1.4283E+01
  7.8584E+01 -3.9464E+01  1.3652E+01
  7.8960E+01 -3.9618E+01  1.3020E+01
  7.9336E+01 -3.9764E+01  1.2388E+01
  7.9712E+01 -3.9902E+01  1.1754E+01
  8.0088E+01 -4.0031E+01  1.1121E+01
  8.0464E+01 -4.0150E+01  1.0487E+01
  8.0840E+01 -4.0259E+01  9.8524E+00
  8.1216E+01 -4.0356E+01  9.2184E+00
  8.1592E+01 -4.0443E+01  8.5848E+00
  8.1968E+01 -4.0518E+01  7.9516E+00
  8.2344E+01 -4.0583E+01  7.3193E+00
  8.2720E+01 -4.0637E+01  6.6878E+00
  8.3096E+01 -4.0680E+01  6.0575E+00
  8.3472E+01 -4.0713E+01  5.4285E+00
  8.3848E+01 -4.0738E+01  4.8009E+00
  8.4224E+01 -4.0754E+01  4.1748E+00
  8.4600E+01 -4.0761E+01  3.5503E+00
  8.4976E+01 -4.0760E+01  2.9276E+00
  8.5352E+01 -4.0750E+01  2.3068E+00
  8.5728E+01 -4.0732E+01  1.6879E+00
  8.6104E+01 -4.0704E+01  1.0712E+00
  8.6480E+01 -4.0667E+01  4.5660E-01
  8.6856E+01 -4.0621E+01 -1.5564E-01
  8.7232E+01 -4.0566E+01 -7.6545E-01
  8.7608E+01 -4.0503E+01 -1.3727E+00
  8.7984E+01 -4.0432E+01 -1.9774E+00
  8.8360E+01 -4.0354E+01 -2.5794E+00
  8.8736E+01 -4.0269E+01 -3.1787E+00
  8.9112E+01 -4.0179E+01 -3.7754E+00
  8.9488E+01 -4.0083E+01 -4.3693E+00
  8.9864E+01 -3.9982E+01 -4.9606E+00
  9.0240E+01 -3.9876E+01 -5.5493E+00
  9.0616E+01 -3.9764E+01 -6.1353E+00
  9.0992E+01 -3.9646E+01 -6.7187E+00
  9.1368E+01 -3.9520E+01 -7.2992E+00
  9.1744E+01 -3.9386E+01 -7.8769E+00
  9.2120E+01 -3.9246E+01 -8.4517E+00
  9.2496E+01 -3.9099E+01 -9.0235E+00
  9.2872E+01 -3.8945E+01 -9.5923E+00
  9.3248E+01 -3.8786E+01 -1.0158E+01
  9.3624E+01 -3.8622E+01 -1.0721E+01
  9.4000E+01 -3.8454E+01 -1.1281E+01
  9.4376E+01 -3.8282E+01 -1.1838E+01
  9.4752E+01 -3.8107E+01 -1.2392E+01
  9.5128E+01 -3.7929E+01 -1.2943E+01
  9.5504E+01 -3.7747E+01 -1.3491E+01
  9.5880E+01 -3.7560E+01 -1.4037E+01
  9.6256E+01 -3.7367E+01 -1.4579E+01
  9.6632E+01 -3.7166E+01 -1.5119E+01
  9.7008E+01 -3.6958E+01 -1.5655E+01
  9.7384E+01 -3.6740E+01 -1.6188E+01
  9.7760E+01 -3.6513E+01 -1.6718E+01
  9.8136E+01 -3.6277E+01 -1.7244E+01
  9.8512E+01 -3.6033E+01 -1.7766E+01
  9.8888E+01 -3.5780E+01 -1.8284E+01
  9.9264E+01 -3.5521E+01 -1.8798E+01
  9.9640E+01 -3.5255E+01 -1.9308E+01
  1.0002E+02 -3.4985E+01 -1.9814E+01
  1.0039E+02 -3.4711E+01 -2.0316E+01
  1.0077E+02 -3.4434E+01 -2.0813E+01
  1.0114E+02 -3.4155E+01 -2.1307E+01
  1.0152E+02 -3.3874E+01 -2.1796E+01
  1.0190E+02 -3.3591E+01 -2.2281E+01
  1.0227E+02 -3.3306E+01 -2.2763E+01
  1.0265E+02 -3.3017E+01 -2.3240E+01
  1.0302E+02 -3.2723E+01 -2.3713E+01
  1.0340E+02 -3.2424E+01 -2.4182E+01
  1.0378E+02 -3.2118E+01 -2.4647E+01
  1.0415E+02 -3.1805E+01 -2.5108E+01
  1.0453E+02 -3.1485E+01 -2.5564E+01
  1.0490E+02 -3.1158E+01 -2.6016E+01
  1.0528E+02 -3.0824E+01 -2.6462E+01
  1.0566E+02 -3.0483E+01 -2.6904E+01
  1.0603E+02 -3.0135E+01 -2.7341E+01
  1.0641E+02 -2.9782E+01 -2.7772E+01
  1.0678E+02 -2.9422E+01 -2.8198E+01
  1.0716E+02 -2.9057E+01 -2.8619E+01
  1.0754E+02 -2.8687E+01 -2.9035E+01
  1.0791E+02 -2.8312E+01 -2.9445E+01
  1.0829E+02 -2.7933E+01 -2.9849E+01
  1.0866E+02 -2.7548E+01 -3.0248E+01
  1.0904E+02 -2.7160E+01 -3.0641E+01
  1.0942E+02 -2.6767E+01 -3.1028E+01
  1.0979E+02 -2.6370E+01 -3.1409E+01
  1.1017E+02 -2.5970E+01 -3.1785E+01
  1.1054E+02 -2.5566E+01 -3.2154E+01
  1.1092E+02 -2.5159E+01 -3.2518E+01
  1.1130E+02 -2.4748E+01 -3.2875E+01
  1.1167E+02 -2.4334E+01 -3.3227E+01
  1.1205E+02 -2.3917E+01 -3.3573E+01
  1.1242E+02 -2.3496E+01 -3.3913E+01
  1.1280E+02 -2.3071E+01 -3.4246E+01
  1.1318E+02 -2.2642E+01 -3.4574E+01
  1.1355E+02 -2.2209E+01 -3.4895E+01
  1.1393E+02 -2.1772E+01 -3.5210E+01
  1.1430E+02 -2.1330E+01 -3.5519E+01
  1.1468E+02 -2.0884E+01 -3.5821E+01
  1.1506E+02 -2.0434E+01 -3.6117E+01
  1.1543E+02 -1.9979E+01 -3.6406E+01
  1.1581E+02 -1.9522E+01 -3.6689E+01
  1.1618E+02 -1.9061E+01 -3.6965E+01
  1.1656E+02 -1.8598E+01 -3.7235E+01
  1.1694E+02 -1.8133E+01 -3.7498E+01
  1.1731E+02 -1.7666E+01 -3.7754E+01
  1.1769E+02 -1.7199E+01 -3.8003E+01
  1.1806E+02 -1.6731E+01 -3.8246E+01
  1.1844E+02 -1.6262E+01 -3.8483E+01
  1.1882E+02 -1.5793E+01 -3.8713E+01
  1.1919E+02 -1.5323E+01 -3.8937E+01
  1.1957E+02 -1.4852E+01 -3.9154E+01
  1.1994E+02 -1.4379E+01 -3.9365E+01
  1.2032E+02 -1.3904E+01 -3.9570E+01
  1.2070E+02 -1.3426E+01 -3.9768E+01
  1.2107E+02 -1.2945E+01 -3.9960E+01
  1.2145E+02 -1.2460E+01 -4.0144E+01
  1.2182E+02 -1.1972E+01 -4.0323E+01
  1.2220E+02 -1.1481E+01 -4.0494E+01
  1.2258E+02 -1.0987E+01 -4.0659E+01
  1.2295E+02 -1.0490E+01 -4.0817E+01
  1.2333E+02 -9.9909E+00 -4.0968E+01
  1.2370E+02 -9.4897E+00 -4.1112E+01
  1.2408E+02 -8.9875E+00 -4.1249E+01
  1.2446E+02 -8.4847E+00 -4.1380E+01
  1.2483E+02 -7.9820E+00 -4.1503E+01
  1.2521E+02 -7.4799E+00 -4.1620E+01
  1.2558E+02 -6.9788E+00 -4.1729E+01
  1.2596E+02 -6.4790E+00 -4.1833E+01
  1.2634E+02 -5.9807E+00 -4.1929E+01
  1.2671E+02 -5.4840E+00 -4.2019E+01
  1.2709E+02 -4.9887E+00 -4.2103E+01
  1.2746E+02 -4.4948E+00 -4.2180E+01
  1.2784E+02 -4.0019E+00 -4.2251E+01
  1.2822E+02 -3.5098E+00 -4.2316E+01
  1.2859E+02 -3.0182E+00 -4.2374E+01
  1.2897E+02 -2.5266E+00 -4.2426E+01
  1.2934E+02 -2.0349E+00 -4.2472E+01
  1.2972E+02 -1.5426E+00 -4.2512E+01
  1.3010E+02 -1.0497E+00 -4.2545E+01
  1.3047E+02 -5.5604E-01 -4.2572E+01
  1.3085E+02 -6.1587E-02 -4.2593E+01
  1.3122E+02  4.3354E-01 -4.2607E+01
  1.3160E+02  9.2919E-01 -4.2615E+01
  1.3198E+02  1.4252E+00 -4.2616E+01
  1.3235E+02  1.9213E+00 -4.2611E+01
  1.3273E+02  2.4174E+00 -4.2599E+01
  1.3310E+02  2.9132E+00 -4.2581E+01
  1.3348E+02  3.4086E+00 -4.2556E+01
  1.3386E+02  3.9034E+00 -4.2525E+01
  1.3423E+02  4.3971E+00 -4.2488E+01
  1.3461E+02  4.8896E+00 -4.2444E+01
  1.3498E+02  5.3803E+00 -4.2393E+01
  1.3536E+02  5.8692E+00 -4.2337E+01
  1.3574E+02  6.3559E+00 -4.2274E+01
  1.3611E+02  6.8402E+00 -4.2204E+01
  1.3649E+02  7.3221E+00 -4.2129E+01
  1.3686E+02  7.8015E+00 -4.2047E+01
  1.3724E+02  8.2786E+00 -4.1960E+01
  1.3762E+02  8.7535E+00 -4.1866E+01
  1.3799E+02  9.2264E+00 -4.1766E+01
  1.3837E+02  9.6974E+00 -4.1660E+01
  1.3874E+02  1.0167E+01 -4.1549E+01
  1.3912E+02  1.0634E+01 -4.1431E+01
  1.3950E+02  1.1100E+01 -4.1307E+01
  1.3987E+02  1.1564E+01 -4.1178E+01
  1.4025E+02  1.2026E+01 -4.1042E+01
  1.4062E+02  1.2486E+01 -4.0900E+01
  1.4100E+02  1.2944E+01 -4.0753E+01
  1.4138E+02  1.3399E+01 -4.0600E+01
  1.4175E+02  1.3852E+01 -4.0441E+01
  1.4213E+02  1.4301E+01 -4.0276E+01
  1.4250E+02  1.4748E+01 -4.0106E+01
  1.4288E+02  1.5192E+01 -3.9930E+01
  1.4326E+02  1.5632E+01 -3.9748E+01
  1.4363E+02  1.6070E+01 -3.9561E+01
  1.4401E+02  1.6505E+01 -3.9368E+01
  1.4438E+02  1.6937E+01 -3.9170E+01
  1.4476E+02  1.7367E+01 -3.8966E+01
  1.4514E+02  1.7793E+01 -3.8757E+01
  1.4551E+02  1.8217E+01 -3.8543E+01
  1.4589E+02  1.8638E+01 -3.8323E+01
  1.4626E+02  1.9055E+01 -3.8098E+01
  1.4664E+02  1.9469E+01 -3.7868E+01
  1.4702E+02  1.9879E+01 -3.7633E+01
  1.4739E+02  2.0285E+01 -3.7392E+01
  1.4777E+02  2.0687E+01 -3.7147E+01
  1.4814E+02  2.1084E+01 -3.6897E+01
  1.4852E+02  2.1477E+01 -3.6641E+01
  1.4890E+02  2.1866E+01 -3.6381E+01
  1.4927E+02  2.2249E+01 -3.6116E+01
  1.4965E+02  2.2628E+01 -3.5847E+01
  1.5002E+02  2.3003E+01 -3.5573E+01
  1.5040E+02  2.3374E+01 -3.5295E+01
  1.5078E+02  2.3741E+01 -3.5012E+01
  1.5115E+02  2.4104E+01 -3.4725E+01
  1.5153E+02  2.4463E+01 -3.4433E+01
  1.5190E+02  2.4818E+01 -3.4137E+01
  1.5228E+02  2.5170E+01 -3.3837E+01
  1.5266E+02  2.5517E+01 -3.3533E+01
  1.5303E+02  2.5860E+01 -3.3224E+01
  1.5341E+02  2.6200E+01 -3.2911E+01
  1.5378E+02  2.6534E+01 -3.2595E+01
  1.5416E+02  2.6864E+01 -3.2274E+01
  1.5454E+02  2.7189E+01 -3.1949E+01
  1.5491E+02  2.7509E+01 -3.1621E+01
  1.5529E+02  2.7824E+01 -3.1289E+01
  1.5566E+02  2.8134E+01 -3.0953E+01
  1.5604E+02  2.8439E+01 -3.0613E+01
  1.5642E+02  2.8739E+01 -3.0270E+01
  1.5679E+02  2.9033E+01 -2.9924E+01
  1.5717E+02  2.9322E+01 -2.9574E+01
  1.5754E+02  2.9606E+01 -2.9221E+01
  1.5792E+02  2.9885E+01 -2.8865E+01
  1.5830E+02  3.0160E+01 -2.8506E+01
  1.5867E+02  3.0429E+01 -2.8143E+01
  1.5905E+02  3.0693E+01 -2.7778E+01
  1.5942E+02  3.0952E+01 -2.7409E+01
  1.5980E+02  3.1207E+01 -2.7038E+01
  1.6018E+02  3.1456E+01 -2.6664E+01
  1.6055E+02  3.1701E+01 -2.6287E+01
  1.6093E+02  3.1941E+01 -2.5908E+01
  1.6130E+02  3.2175E+01 -2.5526E+01
  1.6168E+02  3.2405E+01 -2.5141E+01
  1.6206E+02  3.2629E+01 -2.4754E+01
  1.6243E+02  3.2848E+01 -2.4364E+01
  1.6281E+02  3.3062E+01 -2.3972E+01
  1.6318E+02  3.3271E+01 -2.3578E+01
  1.6356E+02  3.3473E+01 -2.3181E+01
  1.6394E+02  3.3671E+01 -2.2782E+01
  1.6431E+02  3.3862E+01 -2.2382E+01
  1.6469E+02  3.4049E+01 -2.1979E+01
  1.6506E+02  3.4229E+01 -2.1574E+01
  1.6544E+02  3.4404E+01 -2.1168E+01
  1.6582E+02  3.4574E+01 -2.0759E+01
  1.6619E+02  3.4737E+01 -2.0349E+01
  1.6657E+02  3.4896E+01 -1.9938E+01
  1.6694E+02  3.5049E+01 -1.9524E+01
  1.6732E+02  3.5196E+01 -1.9110E+01
  1.6770E+02  3.5338E+01 -1.8693E+01
  1.6807E+02  3.5474E+01 -1.8276E+01
  1.6845E+02  3.5604E+01 -1.7857E+01
  1.6882E+02  3.5729E+01 -1.7437E+01
  1.6920E+02  3.5848E+01 -1.7016E+01
  1.6958E+02  3.5961E+01 -1.6594E+01
  1.6995E+02  3.6068E+01 -1.6171E+01
  1.7033E+02  3.6169E+01 -1.5747E+01
  1.7070E+02  3.6265E+01 -1.5322E+01
  1.7108E+02  3.6354E+01 -1.4897E+01
  1.7146E+02  3.6438E+01 -1.4471E+01
  1.7183E+02  3.6516E+01 -1.4044E+01
  1.7221E+02  3.6588E+01 -1.3617E+01
  1.7258E+02  3.6654E+01 -1.3189E+01
  1.7296E+02  3.6715E+01 -1.2762E+01
  1.7334E+02  3.6771E+01 -1.2333E+01
  1.7371E+02  3.6821E+01 -1.1905E+01
  1.7409E+02  3.6866E+01 -1.1477E+01
  1.7446E+02  3.6905E+01 -1.1048E+01
  1.7484E+02  3.6938E+01 -1.0620E+01
  1.7522E+02  3.6967E+01 -1.0191E+01
  1.7559E+02  3.6990E+01 -9.7627E+00
  1.7597E+02  3.7007E+01 -9.3346E+00
  1.7634E+02  3.7019E+01 -8.9067E+00
  1.7672E+02  3.7026E+01 -8.4792E+00
  1.7710E+02  3.7027E+01 -8.0520E+00
  1.7747E+02  3.7022E+01 -7.6254E+00
  1.7785E+02  3.7012E+01 -7.1993E+00
  1.7822E+02  3.6997E+01 -6.7739E+00
  1.7860E+02  3.6976E+01 -6.3491E+00
  1.7898E+02  3.6950E+01 -5.9251E+00
  1.7935E+02  3.6918E+01 -5.5020E+00
  1.7973E+02  3.6881E+01 -5.0797E+00
  1.8010E+02  3.6839E+01 -4.6584E+00
  1.8048E+02  3.6792E+01 -4.2381E+00
  1.8086E+02  3.6741E+01 -3.8188E+00
  1.8123E+02  3.6684E+01 -3.4007E+00
  1.8161E+02  3.6622E+01 -2.9837E+00
  1.8198E+02  3.6556E+01 -2.5680E+00
  1.8236E+02  3.6484E+01 -2.1535E+00
  1.8274E+02  3.6408E+01 -1.7403E+00
  1.8311E+02  3.6326E+01 -1.3286E+00
  1.8349E+02  3.6239E+01 -9.1824E-01
  1.8386E+02  3.6148E+01 -5.0944E-01
  1.8424E+02  3.6051E+01 -1.0224E-01
  1.8462E+02  3.5948E+01  3.0331E-01
  1.8499E+02  3.5841E+01  7.0713E-01
  1.8537E+02  3.5728E+01  1.1091E+00
  1.8574E+02  3.5610E+01  1.5093E+00
  1.8612E+02  3.5487E+01  1.9075E+00
  1.8650E+02  3.5359E+01  2.3037E+00
  1.8687E+02  3.5226E+01  2.6979E+00
  1.8725E+02  3.5088E+01  3.0899E+00
  1.8762E+02  3.4945E+01  3.4798E+00
  1.8800E+02  3.4798E+01  3.8674E+00
  1.8838E+02  3.4646E+01  4.2528E+00
  1.8875E+02  3.4489E+01  4.6358E+00
  1.8913E+02  3.4327E+01  5.0164E+00
  1.8950E+02  3.4161E+01  5.3945E+00
  1.8988E+02  3.3990E+01  5.7701E+00
  1.9026E+02  3.3815E+01  6.1432E+00
  1.9063E+02  3.3635E+01  6.5136E+00
  1.9101E+02  3.3451E+01  6.8814E+00
  1.9138E+02  3.3262E+01  7.2464E+00
  1.9176E+02  3.3069E+01  7.6086E+00
  1.9214E+02  3.2872E+01  7.9680E+00
  1.9251E+02  3.2670E+01  8.3245E+00
  1.9289E+02  3.2463E+01  8.6780E+00
  1.9326E+02  3.2252E+01  9.0286E+00
  1.9364E+02  3.2037E+01  9.3760E+00
  1.9402E+02  3.1817E+01  9.7203E+00
  1.9439E+02  3.1593E+01  1.0061E+01
  1.9477E+02  3.1365E+01  1.0399E+01
  1.9514E+02  3.1132E+01  1.0734E+01
  1.9552E+02  3.0895E+01  1.1065E+01
  1.9590E+02  3.0654E+01  1.1393E+01
  1.9627E+02  3.0409E+01  1.1717E+01
  1.9665E+02  3.0160E+01  1.2038E+01
  1.9702E+02  2.9907E+01  1.2355E+01
  1.9740E+02  2.9651E+01  1.2669E+01
  1.9778E+02  2.9391E+01  1.2979E+01
  1.9815E+02  2.9128E+01  1.3285E+01
  1.9853E+02  2.8862E+01  1.3588E+01
  1.9890E+02  2.8593E+01  1.3886E+01
  1.9928E+02  2.8320E+01  1.4182E+01
  1.9966E+02  2.8045E+01  1.4473E+01
  2.0003E+02  2.7767E+01  1.4761E+01
  2.0041E+02  2.7486E+01  1.5045E+01
  2.0078E+02  2.7202E+01  1.5325E+01
  2.0116E+02  2.6915E+01  1.5601E+01
  2.0154E+02  2.6625E+01  1.5873E+01
  2.0191E+02  2.6333E+01  1.6142E+01
  2.0229E+02  2.6038E+01  1.6406E+01
  2.0266E+02  2.5740E+01  1.6667E+01
  2.0304E+02  2.5440E+01  1.6924E+01
  2.0342E+02  2.5137E+01  1.7176E+01
  2.0379E+02  2.4831E+01  1.7425E+01
  2.0417E+02  2.4523E+01  1.7669E+01
  2.0454E+02  2.4213E+01  1.7910E+01
  2.0492E+02  2.3900E+01  1.8146E+01
  2.0530E+02  2.3585E+01  1.8379E+01
  2.0567E+02  2.3268E+01  1.8607E+01
  2.0605E+02  2.2949E+01  1.8831E+01
  2.0642E+02  2.2628E+01  1.9051E+01
  2.0680E+02  2.2305E+01  1.9267E+01
  2.0718E+02  2.1980E+01  1.9479E+01
  2.0755E+02  2.1652E+01  1.9686E+01
  2.0793E+02  2.1323E+01  1.9889E+01
  2.0830E+02  2.0992E+01  2.0088E+01
  2.0868E+02  2.0659E+01  2.0283E+01
  2.0906E+02  2.0324E+01  2.0474E+01
  2.0943E+02  1.9986E+01  2.0660E+01
  2.0981E+02  1.9647E+01  2.0842E+01
  2.1018E+02  1.9306E+01  2.1020E+01
  2.1056E+02  1.8964E+01  2.1193E+01
  2.1094E+02  1.8619E+01  2.1362E+01
  2.1131E+02  1.8272E+01  2.1526E+01
  2.1169E+02  1.7924E+01  2.1686E+01
  2.1206E+02  1.7574E+01  2.1842E+01
  2.1244E+02  1.7222E+01  2.1993E+01
  2.1282E+02  1.6868E+01  2.2139E+01
  2.1319E+02  1.6513E+01  2.2281E+01
  2.1357E+02  1.6156E+01  2.2419E+01
  2.1394E+02  1.5797E+01  2.2551E+01
  2.1432E+02  1.5437E+01  2.2680E+01
  2.1470E+02  1.5076E+01  2.2803E+01
  2.1507E+02  1.4713E+01  2.2922E+01
  2.1545E+02  1.4349E+01  2.3036E+01
  2.1582E+02  1.3984E+01  2.3146E+01
  2.1620E+02  1.3617E+01  2.3251E+01
  2.1658E+02  1.3249E+01  2.3351E+01
  2.1695E+02  1.2880E+01  2.3446E+01
  2.1733E+02  1.2510E+01  2.3537E+01
  2.1770E+02  1.2140E+01  2.3623E+01
  2.1808E+02  1.1768E+01  2.3704E+01
  2.1846E+02  1.1396E+01  2.3780E+01
  2.1883E+02  1.1023E+01  2.3852E+01
  2.1921E+02  1.0649E+01  2.3918E+01
  2.1958E+02  1.0276E+01  2.3980E+01
  2.1996E+02  9.9013E+00  2.4038E+01
  2.2034E+02  9.5269E+00  2.4090E+01
  2.2071E+02  9.1523E+00  2.4138E+01
  2.2109E+02  8.7777E+00  2.4181E+01
  2.2146E+02  8.4032E+00  2.4219E+01
  2.2184E+02  8.0288E+00  2.4252E+01
  2.2222E+02  7.6547E+00  2.4281E+01
  2.2259E+02  7.2810E+00  2.4305E+01
  2.2297E+02  6.9076E+00  2.4324E+01
  2.2334E+02  6.5349E+00  2.4339E+01
  2.2372E+02  6.1627E+00  2.4349E+01
  2.2410E+02  5.7913E+00  2.4354E+01
  2.2447E+02  5.4206E+00  2.4355E+01
  2.2485E+02  5.0508E+00  2.4352E+01
  2.2522E+02  4.6820E+00  2.4343E+01
  2.2560E+02  4.3142E+00  2.4331E+01
  2.2598E+02  3.9475E+00  2.4313E+01
  2.2635E+02  3.5820E+00  2.4292E+01
  2.2673E+02  3.2177E+00  2.4266E+01
  2.2710E+02  2.8546E+00  2.4235E+01
  2.2748E+02  2.4929E+00  2.4200E+01
  2.2786E+02  2.1326E+00  2.4161E+01
  2.2823E+02  1.7737E+00  2.4118E+01
  2.2861E+02  1.4162E+00  2.4070E+01
  2.2898E+02  1.0602E+00  2.4018E+01
  2.2936E+02  7.0573E-01  2.3962E+01
  2.2974E+02  3.5280E-01  2.3902E+01
  2.3011E+02  1.4269E-03  2.3838E+01
  2.3049E+02 -3.4836E-01  2.3769E+01
  2.3086E+02 -6.9654E-01  2.3697E+01
  2.3124E+02 -1.0431E+00  2.3620E+01
  2.3162E+02 -1.3880E+00  2.3539E+01
  2.3199E+02 -1.7312E+00  2.3455E+01
  2.3237E+02 -2.0727E+00  2.3366E+01
  2.3274E+02 -2.4125E+00  2.3274E+01
  2.3312E+02 -2.7505E+00  2.3177E+01
  2.3350E+02 -3.0867E+00  2.3077E+01
  2.3387E+02 -3.4211E+00  2.2973E+01
  2.3425E+02 -3.7537E+00  2.2865E+01
  2.3462E+02 -4.0845E+00  2.2753E+01
  2.3500E+02 -4.4134E+00  2.2637E+01
  2.3538E+02 -4.7404E+00  2.2518E+01
  2.3575E+02 -5.0656E+00  2.2395E+01
  2.3613E+02 -5.3888E+00  2.2268E+01
  2.3650E+02 -5.7102E+00  2.2138E+01
  2.3688E+02 -6.0296E+00  2.2003E+01
  2.3726E+02 -6.3470E+00  2.1865E+01
  2.3763E+02 -6.6625E+00  2.1724E+01
  2.3801E+02 -6.9759E+00  2.1579E+01
  2.3838E+02 -7.2872E+00  2.1430E+01
  2.3876E+02 -7.5964E+00  2.1278E+01
  2.3914E+02 -7.9033E+00  2.1122E+01
  2.3951E+02 -8.2081E+00  2.0962E+01
  2.3989E+02 -8.5105E+00  2.0800E+01
  2.4026E+02 -8.8106E+00  2.0633E+01
  2.4064E+02 -9.1083E+00  2.0464E+01
  2.4102E+02 -9.4035E+00  2.0290E+01
  2.4139E+02 -9.6963E+00  2.0114E+01
  2.4177E+02 -9.9865E+00  1.9934E+01
  2.4214E+02 -1.0274E+01  1.9751E+01
  2.4252E+02 -1.0559E+01  1.9564E+01
  2.4290E+02 -1.0842E+01  1.9375E+01
  2.4327E+02 -1.1121E+01  1.9182E+01
  2.4365E+02 -1.1398E+01  1.8986E+01
  2.4402E+02 -1.1673E+01  1.8786E+01
  2.4440E+02 -1.1944E+01  1.8584E+01
  2.4478E+02 -1.2212E+01  1.8379E+01
  2.4515E+02 -1.2478E+01  1.8170E+01
  2.4553E+02 -1.2740E+01  1.7959E+01
  2.4590E+02 -1.2999E+01  1.7745E+01
  2.4628E+02 -1.3255E+01  1.7528E+01
  2.4666E+02 -1.3508E+01  1.7308E+01
  2.4703E+02 -1.3758E+01  1.7085E+01
  2.4741E+02 -1.4004E+01  1.6859E+01
  2.4778E+02 -1.4246E+01  1.6631E+01
  2.4816E+02 -1.4486E+01  1.6401E+01
  2.4854E+02 -1.4721E+01  1.6167E+01
  2.4891E+02 -1.4954E+01  1.5931E+01
  2.4929E+02 -1.5182E+01  1.5693E+01
  2.4966E+02 -1.5407E+01  1.5453E+01
  2.5004E+02 -1.5629E+01  1.5210E+01
  2.5042E+02 -1.5847E+01  1.4964E+01
  2.5079E+02 -1.6061E+01  1.4717E+01
  2.5117E+02 -1.6271E+01  1.4467E+01
  2.5154E+02 -1.6478E+01  1.4216E+01
  2.5192E+02 -1.6680E+01  1.3962E+01
  2.5230E+02 -1.6879E+01  1.3706E+01
  2.5267E+02 -1.7075E+01  1.3448E+01
  2.5305E+02 -1.7266E+01  1.3189E+01
  2.5342E+02 -1.7454E+01  1.2927E+01
  2.5380E+02 -1.7637E+01  1.2664E+01
  2.5418E+02 -1.7817E+01  1.2399E+01
  2.5455E+02 -1.7993E+01  1.2133E+01
  2.5493E+02 -1.8165E+01  1.1864E+01
  2.5530E+02 -1.8333E+01  1.1595E+01
  2.5568E+02 -1.8498E+01  1.1324E+01
  2.5606E+02 -1.8658E+01  1.1051E+01
  2.5643E+02 -1.8815E+01  1.0777E+01
  2.5681E+02 -1.8968E+01  1.0502E+01
  2.5718E+02 -1.9117E+01  1.0225E+01
  2.5756E+02 -1.9262E+01  9.9474E+00
  2.5794E+02 -1.9403E+01  9.6684E+00
  2.5831E+02 -1.9541E+01  9.3883E+00
  2.5869E+02 -1.9675E+01  9.1071E+00
  2.5906E+02 -1.9805E+01  8.8249E+00
  2.5944E+02 -1.9931E+01  8.5417E+00
  2.5982E+02 -2.0054E+01  8.2575E+00
  2.6019E+02 -2.0173E+01  7.9724E+00
  2.6057E+02 -2.0288E+01  7.6865E+00
  2.6094E+02 -2.0399E+01  7.3997E+00
  2.6132E+02 -2.0507E+01  7.1121E+00
  2.6170E+02 -2.0611E+01  6.8239E+00
  2.6207E+02 -2.0711E+01  6.5349E+00
  2.6245E+02 -2.0808E+01  6.2453E+00
  2.6282E+02 -2.0901E+01  5.9550E+00
  2.6320E+02 -2.0991E+01  5.6642E+00
  2.6358E+02 -2.1076E+01  5.3728E+00
  2.6395E+02 -2.1159E+01  5.0810E+00
  2.6433E+02 -2.1237E+01  4.7887E+00
  2.6470E+02 -2.1312E+01  4.4960E+00
  2.6508E+02 -2.1383E+01  4.2028E+00
  2.6546E+02 -2.1450E+01  3.9094E+00
  2.6583E+02 -2.1514E+01  3.6157E+00
  2.6621E+02 -2.1574E+01  3.3217E+00
  2.6658E+02 -2.1631E+01  3.0275E+00
  2.6696E+02 -2.1683E+01  2.7331E+00
  2.6734E+02 -2.1732E+01  2.4386E+00
  2.6771E+02 -2.1778E+01  2.1441E+00
  2.6809E+02 -2.1819E+01  1.8495E+00
  2.6846E+02 -2.1857E+01  1.5549E+00
  2.6884E+02 -2.1891E+01  1.2603E+00
  2.6922E+02 -2.1921E+01  9.6583E-01
  2.6959E+02 -2.1948E+01  6.7151E-01
  2.6997E+02 -2.1971E+01  3.7738E-01
  2.7034E+02 -2.1990E+01  8.3475E-02
  2.7072E+02 -2.2005E+01 -2.1014E-01
  2.7110E+02 -2.2017E+01 -5.0343E-01
  2.7147E+02 -2.2024E+01 -7.9634E-01
  2.7185E+02 -2.2028E+01 -1.0888E+00
  2.7222E+02 -2.2028E+01 -1.3808E+00
  2.7260E+02 -2.2025E+01 -1.6723E+00
  2.7298E+02 -2.2017E+01 -1.9632E+00
  2.7335E+02 -2.2006E+01 -2.2535E+00
  2.7373E+02 -2.1991E+01 -2.5430E+00
  2.7410E+02 -2.1972E+01 -2.8319E+00
  2.7448E+02 -2.1950E+01 -3.1199E+00
  2.7486E+02 -2.1923E+01 -3.4071E+00
  2.7523E+02 -2.1893E+01 -3.6934E+00
  2.7561E+02 -2.1859E+01 -3.9788E+00
  2.7598E+02 -2.1821E+01 -4.2632E+00
  2.7636E+02 -2.1780E+01 -4.5465E+00
  2.7674E+02 -2.1734E+01 -4.8287E+00
  2.7711E+02 -2.1685E+01 -5.1097E+00
  2.7749E+02 -2.1632E+01 -5.3896E+00
  2.7786E+02 -2.1576E+01 -5.6681E+00
  2.7824E+02 -2.1516E+01 -5.9454E+00
  2.7862E+02 -2.1452E+01 -6.2213E+00
  2.7899E+02 -2.1384E+01 -6.4957E+00
  2.7937E+02 -2.1313E+01 -6.7687E+00
  2.7974E+02 -2.1238E+01 -7.0402E+00
  2.8012E+02 -2.1160E+01 -7.3101E+00
  2.8050E+02 -2.1078E+01 -7.5784E+00
  2.8087E+02 -2.0992E+01 -7.8450E+00
  2.8125E+02 -2.0903E+01 -8.1099E+00
  2.8162E+02 -2.0811E+01 -8.3731E+00
  2.8200E+02 -2.0715E+01 -8.6345E+00
  2.8238E+02 -2.0616E+01 -8.8940E+00
  2.8275E+02 -2.0513E+01 -9.1516E+00
  2.8313E+02 -2.0408E+01 -9.4073E+00
  2.8350E+02 -2.0298E+01 -9.6610E+00
  2.8388E+02 -2.0186E+01 -9.9128E+00
  2.8426E+02 -2.0071E+01 -1.0162E+01
  2.8463E+02 -1.9952E+01 -1.0410E+01
  2.8501E+02 -1.9831E+01 -1.0656E+01
  2.8538E+02 -1.9706E+01 -1.0899E+01
  2.8576E+02 -1.9578E+01 -1.1140E+01
  2.8614E+02 -1.9448E+01 -1.1379E+01
  2.8651E+02 -1.9315E+01 -1.1616E+01
  2.8689E+02 -1.9178E+01 -1.1850E+01
  2.8726E+02 -1.9040E+01 -1.2082E+01
  2.8764E+02 -1.8898E+01 -1.2312E+01
  2.8802E+02 -1.8754E+01 -1.2540E+01
  2.8839E+02 -1.8607E+01 -1.2765E+01
  2.8877E+02 -1.8457E+01 -1.2987E+01
  2.8914E+02 -1.8305E+01 -1.3208E+01
  2.8952E+02 -1.8151E+01 -1.3425E+01
  2.8990E+02 -1.7994E+01 -1.3641E+01
  2.9027E+02 -1.7835E+01 -1.3854E+01
  2.9065E+02 -1.7673E+01 -1.4064E+01
  2.9102E+02 -1.7509E+01 -1.4272E+01
  2.9140E+02 -1.7343E+01 -1.4477E+01
  2.9178E+02 -1.7175E+01 -1.4680E+01
  2.9215E+02 -1.7004E+01 -1.4880E+01
  2.9253E+02 -1.6831E+01 -1.5078E+01
  2.9290E+02 -1.6656E+01 -1.5273E+01
  2.9328E+02 -1.6479E+01 -1.5465E+01
  2.9366E+02 -1.6300E+01 -1.5655E+01
  2.9403E+02 -1.6119E+01 -1.5842E+01
  2.9441E+02 -1.5936E+01 -1.6026E+01
  2.9478E+02 -1.5751E+01 -1.6208E+01
  2.9516E+02 -1.5564E+01 -1.6387E+01
  2.9554E+02 -1.5375E+01 -1.6563E+01
  2.9591E+02 -1.5184E+01 -1.6737E+01
  2.9629E+02 -1.4992E+01 -1.6907E+01
  2.9666E+02 -1.4797E+01 -1.7075E+01
  2.9704E+02 -1.4601E+01 -1.7240E+01
  2.9742E+02 -1.4403E+01 -1.7403E+01
  2.9779E+02 -1.4203E+01 -1.7562E+01
  2.9817E+02 -1.4002E+01 -1.7719E+01
  2.9854E+02 -1.3799E+01 -1.7873E+01
  2.9892E+02 -1.3594E+01 -1.8024E+01
  2.9930E+02 -1.3387E+01 -1.8172E+01
  2.9967E+02 -1.3179E+01 -1.8317E+01
  3.0005E+02 -1.2970E+01 -1.8460E+01
  3.0042E+02 -1.2759E+01 -1.8599E+01
  3.0080E+02 -1.2546E+01 -1.8735E+01
  3.0118E+02 -1.2332E+01 -1.8869E+01
  3.0155E+02 -1.2116E+01 -1.8999E+01
  3.0193E+02 -1.1899E+01 -1.9127E+01
  3.0230E+02 -1.1680E+01 -1.9251E+01
  3.0268E+02 -1.1461E+01 -1.9372E+01
  3.0306E+02 -1.1239E+01 -1.9491E+01
  3.0343E+02 -1.1017E+01 -1.9606E+01
  3.0381E+02 -1.0793E+01 -1.9718E+01
  3.0418E+02 -1.0568E+01 -1.9827E+01
  3.0456E+02 -1.0342E+01 -1.9933E+01
  3.0494E+02 -1.0114E+01 -2.0036E+01
  3.0531E+02 -9.8856E+00 -2.0135E+01
  3.0569E+02 -9.6559E+00 -2.0232E+01
  3.0606E+02 -9.4251E+00 -2.0325E+01
  3.0644E+02 -9.1933E+00 -2.0415E+01
  3.0682E+02 -8.9604E+00 -2.0502E+01
  3.0719E+02 -8.7266E+00 -2.0585E+01
  3.0757E+02 -8.4918E+00 -2.0665E+01
  3.0794E+02 -8.2561E+00 -2.0742E+01
  3.0832E+02 -8.0196E+00 -2.0816E+01
  3.0870E+02 -7.7822E+00 -2.0886E+01
  3.0907E+02 -7.5441E+00 -2.0954E+01
  3.0945E+02 -7.3053E+00 -2.1017E+01
  3.0982E+02 -7.0658E+00 -2.1078E+01
  3.1020E+02 -6.8257E+00 -2.1135E+01
  3.1058E+02 -6.5849E+00 -2.1189E+01
  3.1095E+02 -6.3437E+00 -2.1239E+01
  3.1133E+02 -6.1020E+00 -2.1287E+01
  3.1170E+02 -5.8599E+00 -2.1330E+01
  3.1208E+02 -5.6174E+00 -2.1371E+01
  3.1246E+02 -5.3746E+00 -2.1408E+01
  3.1283E+02 -5.1315E+00 -2.1442E+01
  3.1321E+02 -4.8882E+00 -2.1472E+01
  3.1358E+02 -4.6447E+00 -2.1499E+01
  3.1396E+02 -4.4012E+00 -2.1523E+01
  3.1434E+02 -4.1576E+00 -2.1544E+01
  3.1471E+02 -3.9140E+00 -2.1561E+01
  3.1509E+02 -3.6704E+00 -2.1574E+01
  3.1546E+02 -3.4269E+00 -2.1585E+01
  3.1584E+02 -3.1837E+00 -2.1592E+01
  3.1622E+02 -2.9406E+00 -2.1596E+01
  3.1659E+02 -2.6978E+00 -2.1596E+01
  3.1697E+02 -2.4553E+00 -2.1594E+01
  3.1734E+02 -2.2132E+00 -2.1588E+01
  3.1772E+02 -1.9715E+00 -2.1578E+01
  3.1810E+02 -1.7303E+00 -2.1566E+01
  3.1847E+02 -1.4896E+00 -2.1550E+01
  3.1885E+02 -1.2494E+00 -2.1531E+01
  3.1922E+02 -1.0099E+00 -2.1509E+01
  3.1960E+02 -7.7112E-01 -2.1484E+01
  3.1998E+02 -5.3301E-01 -2.1456E+01
  3.2035E+02 -2.9566E-01 -2.1424E+01
  3.2073E+02 -5.9110E-02 -2.1390E+01
  3.2110E+02  1.7659E-01 -2.1352E+01
  3.2148E+02  4.1140E-01 -2.1311E+01
  3.2186E+02  6.4528E-01 -2.1267E+01
  3.2223E+02  8.7819E-01 -2.1220E+01
  3.2261E+02  1.1101E+00 -2.1171E+01
  3.2298E+02  1.3410E+00 -2.1118E+01
  3.2336E+02  1.5707E+00 -2.1062E+01
  3.2374E+02  1.7994E+00 -2.1003E+01
  3.2411E+02  2.0269E+00 -2.0942E+01
  3.2449E+02  2.2533E+00 -2.0877E+01
  3.2486E+02  2.4784E+00 -2.0810E+01
  3.2524E+02  2.7023E+00 -2.0740E+01
  3.2562E+02  2.9249E+00 -2.0667E+01
  3.2599E+02  3.1461E+00 -2.0591E+01
  3.2637E+02  3.3661E+00 -2.0513E+01
  3.2674E+02  3.5847E+00 -2.0432E+01
  3.2712E+02  3.8019E+00 -2.0348E+01
  3.2750E+02  4.0176E+00 -2.0261E+01
  3.2787E+02  4.2320E+00 -2.0172E+01
  3.2825E+02  4.4448E+00 -2.0080E+01
  3.2862E+02  4.6561E+00 -1.9986E+01
  3.2900E+02  4.8660E+00 -1.9888E+01
  3.2938E+02  5.0742E+00 -1.9789E+01
  3.2975E+02  5.2809E+00 -1.9687E+01
  3.3013E+02  5.4861E+00 -1.9582E+01
  3.3050E+02  5.6896E+00 -1.9475E+01
  3.3088E+02  5.8914E+00 -1.9365E+01
  3.3126E+02  6.0916E+00 -1.9253E+01
  3.3163E+02  6.2902E+00 -1.9139E+01
  3.3201E+02  6.4870E+00 -1.9022E+01
  3.3238E+02  6.6822E+00 -1.8903E+01
  3.3276E+02  6.8756E+00 -1.8781E+01
  3.3314E+02  7.0673E+00 -1.8657E+01
  3.3351E+02  7.2572E+00 -1.8531E+01
  3.3389E+02  7.4453E+00 -1.8403E+01
  3.3426E+02  7.6316E+00 -1.8272E+01
  3.3464E+02  7.8162E+00 -1.8139E+01
  3.3502E+02  7.9989E+00 -1.8004E+01
  3.3539E+02  8.1797E+00 -1.7866E+01
  3.3577E+02  8.3587E+00 -1.7727E+01
  3.3614E+02  8.5358E+00 -1.7585E+01
  3.3652E+02  8.7110E+00 -1.7441E+01
  3.3690E+02  8.8843E+00 -1.7296E+01
  3.3727E+02  9.0557E+00 -1.7148E+01
  3.3765E+02  9.2252E+00 -1.6998E+01
  3.3802E+02  9.3926E+00 -1.6845E+01
  3.3840E+02  9.5581E+00 -1.6691E+01
  3.3878E+02  9.7216E+00 -1.6535E+01
  3.3915E+02  9.8831E+00 -1.6377E+01
  3.3953E+02  1.0043E+01 -1.6217E+01
  3.3990E+02  1.0200E+01 -1.6055E+01
  3.4028E+02  1.0355E+01 -1.5892E+01
  3.4066E+02  1.0508E+01 -1.5726E+01
  3.4103E+02  1.0660E+01 -1.5559E+01
  3.4141E+02  1.0809E+01 -1.5389E+01
  3.4178E+02  1.0955E+01 -1.5218E+01
  3.4216E+02  1.1100E+01 -1.5045E+01
  3.4254E+02  1.1242E+01 -1.4871E+01
  3.4291E+02  1.1383E+01 -1.4694E+01
  3.4329E+02  1.1521E+01 -1.4516E+01
  3.4366E+02  1.1656E+01 -1.4337E+01
  3.4404E+02  1.1790E+01 -1.4156E+01
  3.4442E+02  1.1921E+01 -1.3973E+01
  3.4479E+02  1.2049E+01 -1.3788E+01
  3.4517E+02  1.2176E+01 -1.3602E+01
  3.4554E+02  1.2300E+01 -1.3415E+01
  3.4592E+02  1.2421E+01 -1.3226E+01
  3.4630E+02  1.2540E+01 -1.3036E+01
  3.4667E+02  1.2657E+01 -1.2844E+01
  3.4705E+02  1.2771E+01 -1.2651E+01
  3.4742E+02  1.2883E+01 -1.2457E+01
  3.4780E+02  1.2992E+01 -1.2261E+01
  3.4818E+02  1.3098E+01 -1.2064E+01
  3.4855E+02  1.3202E+01 -1.1866E+01
  3.4893E+02  1.3304E+01 -1.1667E+01
  3.4930E+02  1.3402E+01 -1.1466E+01
  3.4968E+02  1.3499E+01 -1.1265E+01
  3.5006E+02  1.3592E+01 -1.1062E+01
  3.5043E+02  1.3683E+01 -1.0858E+01
  3.5081E+02  1.3771E+01 -1.0654E+01
  3.5118E+02  1.3856E+01 -1.0448E+01
  3.5156E+02  1.3939E+01 -1.0242E+01
  3.5194E+02  1.4019E+01 -1.0034E+01
  3.5231E+02  1.4096E+01 -9.8263E+00
  3.5269E+02  1.4171E+01 -9.6174E+00
  3.5306E+02  1.4242E+01 -9.4078E+00
  3.5344E+02  1.4311E+01 -9.1974E+00
  3.5382E+02  1.4377E+01 -8.9864E+00
  3.5419E+02  1.4440E+01 -8.7748E+00
  3.5457E+02  1.4501E+01 -8.5627E+00
  3.5494E+02  1.4559E+01 -8.3499E+00
  3.5532E+02  1.4613E+01 -8.1368E+00
  3.5570E+02  1.4665E+01 -7.9231E+00
  3.5607E+02  1.4715E+01 -7.7091E+00
  3.5645E+02  1.4761E+01 -7.4946E+00
  3.5682E+02  1.4805E+01 -7.2799E+00
  3.5720E+02  1.4846E+01 -7.0648E+00
  3.5758E+02  1.4884E+01 -6.8495E+00
  3.5795E+02  1.4919E+01 -6.6340E+00
  3.5833E+02  1.4951E+01 -6.4184E+00
  3.5870E+02  1.4981E+01 -6.2026E+00
  3.5908E+02  1.5008E+01 -5.9867E+00
  3.5946E+02  1.5032E+01 -5.7707E+00
  3.5983E+02  1.5053E+01 -5.5547E+00
  3.6021E+02  1.5072E+01 -5.3388E+00
  3.6058E+02  1.5087E+01 -5.1229E+00
  3.6096E+02  1.5100E+01 -4.9071E+00
  3.6134E+02  1.5111E+01 -4.6914E+00
  3.6171E+02  1.5118E+01 -4.4758E+00
  3.6209E+02  1.5123E+01 -4.2605E+00
  3.6246E+02  1.5126E+01 -4.0454E+00
  3.6284E+02  1.5125E+01 -3.8306E+00
  3.6322E+02  1.5122E+01 -3.6160E+00
  3.6359E+02  1.5116E+01 -3.4018E+00
  3.6397E+02  1.5108E+01 -3.1880E+00
  3.6434E+02  1.5097E+01 -2.9745E+00
  3.6472E+02  1.5083E+01 -2.7615E+00
  3.6510E+02  1.5067E+01 -2.5489E+00
  3.6547E+02  1.5048E+01 -2.3368E+00
  3.6585E+02  1.5027E+01 -2.1253E+00
  3.6622E+02  1.5003E+01 -1.9142E+00
  3.6660E+02  1.4976E+01 -1.7038E+00
  3.6698E+02  1.4947E+01 -1.4940E+00
  3.6735E+02  1.4916E+01 -1.2848E+00
  3.6773E+02  1.4881E+01 -1.0763E+00
  3.6810E+02  1.4845E+01 -8.6846E-01
  3.6848E+02  1.4806E+01 -6.6137E-01
  3.6886E+02  1.4764E+01 -4.5502E-01
  3.6923E+02  1.4720E+01 -2.4946E-01
  3.6961E+02  1.4674E+01 -4.4699E-02
  3.6998E+02  1.4625E+01  1.5922E-01
  3.7036E+02  1.4574E+01  3.6228E-01
  3.7074E+02  1.4520E+01  5.6445E-01
  3.7111E+02  1.4464E+01  7.6570E-01
  3.7149E+02  1.4406E+01  9.6602E-01
  3.7186E+02  1.4345E+01  1.1654E+00
  3.7224E+02  1.4282E+01  1.3637E+00
  3.7262E+02  1.4217E+01  1.5610E+00
  3.7299E+02  1.4149E+01  1.7573E+00
  3.7337E+02  1.4079E+01  1.9525E+00
  3.7374E+02  1.4007E+01  2.1467E+00
  3.7412E+02  1.3933E+01  2.3397E+00
  3.7450E+02  1.3856E+01  2.5315E+00
  3.7487E+02  1.3778E+01  2.7222E+00
  3.7525E+02  1.3697E+01  2.9117E+00
  3.7562E+02  1.3614E+01  3.1000E+00
  3.7600E+02  1.3529E+01  3.2870E+00
  3.7638E+02  1.3442E+01  3.4728E+00
  3.7675E+02  1.3352E+01  3.6572E+00
  3.7713E+02  1.3261E+01  3.8404E+00
  3.7750E+02  1.3168E+01  4.0222E+00
  3.7788E+02  1.3073E+01  4.2027E+00
  3.7826E+02  1.2975E+01  4.3818E+00
  3.7863E+02  1.2876E+01  4.5595E+00
  3.7901E+02  1.2775E+01  4.7358E+00
  3.7938E+02  1.2672E+01  4.9107E+00
  3.7976E+02  1.2567E+01  5.0840E+00
  3.8014E+02  1.2460E+01  5.2559E+00
  3.8051E+02  1.2352E+01  5.4263E+00
  3.8089E+02  1.2241E+01  5.5952E+00
  3.8126E+02  1.2129E+01  5.7625E+00
  3.8164E+02  1.2015E+01  5.9282E+00
  3.8202E+02  1.1899E+01  6.0923E+00
  3.8239E+02  1.1782E+01  6.2549E+00
  3.8277E+02  1.1662E+01  6.4158E+00
  3.8314E+02  1.1541E+01  6.5750E+00
  3.8352E+02  1.1419E+01  6.7326E+00
  3.8390E+02  1.1295E+01  6.8885E+00
  3.8427E+02  1.1169E+01  7.0427E+00
  3.8465E+02  1.1041E+01  7.1951E+00
  3.8502E+02  1.0912E+01  7.3458E+00
  3.8540E+02  1.0781E+01  7.4948E+00
  3.8578E+02  1.0649E+01  7.6419E+00
  3.8615E+02  1.0515E+01  7.7873E+00
  3.8653E+02  1.0380E+01  7.9308E+00
  3.8690E+02  1.0243E+01  8.0725E+00
  3.8728E+02  1.0105E+01  8.2124E+00
  3.8766E+02  9.9651E+00  8.3504E+00
  3.8803E+02  9.8240E+00  8.4864E+00
  3.8841E+02  9.6814E+00  8.6206E+00
  3.8878E+02  9.5375E+00  8.7529E+00
  3.8916E+02  9.3921E+00  8.8832E+00
  3.8954E+02  9.2455E+00  9.0115E+00
  3.8991E+02  9.0975E+00  9.1379E+00
  3.9029E+02  8.9482E+00  9.2623E+00
  3.9066E+02  8.7976E+00  9.3847E+00
  3.9104E+02  8.6457E+00  9.5050E+00
  3.9142E+02  8.4927E+00  9.6233E+00
  3.9179E+02  8.3384E+00  9.7396E+00
  3.9217E+02  8.1829E+00  9.8538E+00
  3.9254E+02  8.0262E+00  9.9659E+00
  3.9292E+02  7.8684E+00  1.0076E+01
  3.9330E+02  7.7095E+00  1.0184E+01
  3.9367E+02  7.5494E+00  1.0290E+01
  3.9405E+02  7.3883E+00  1.0393E+01
  3.9442E+02  7.2262E+00  1.0495E+01
  3.9480E+02  7.0630E+00  1.0594E+01
  3.9518E+02  6.8988E+00  1.0691E+01
  3.9555E+02  6.7337E+00  1.0786E+01
  3.9593E+02  6.5676E+00  1.0879E+01
  3.9630E+02  6.4006E+00  1.0969E+01
  3.9668E+02  6.2327E+00  1.1058E+01
  3.9706E+02  6.0640E+00  1.1144E+01
  3.9743E+02  5.8944E+00  1.1228E+01
  3.9781E+02  5.7240E+00  1.1309E+01
  3.9818E+02  5.5529E+00  1.1389E+01
  3.9856E+02  5.3810E+00  1.1466E+01
  3.9894E+02  5.2084E+00  1.1541E+01
  3.9931E+02  5.0352E+00  1.1613E+01
  3.9969E+02  4.8613E+00  1.1683E+01
  4.0006E+02  4.6868E+00  1.1751E+01
  4.0044E+02  4.5117E+00  1.1817E+01
  4.0082E+02  4.3361E+00  1.1880E+01
  4.0119E+02  4.1600E+00  1.1941E+01
  4.0157E+02  3.9834E+00  1.2000E+01
  4.0194E+02  3.8064E+00  1.2057E+01
  4.0232E+02  3.6290E+00  1.2111E+01
  4.0270E+02  3.4512E+00  1.2163E+01
  4.0307E+02  3.2731E+00  1.2212E+01
  4.0345E+02  3.0947E+00  1.2259E+01
  4.0382E+02  2.9160E+00  1.2304E+01
  4.0420E+02  2.7371E+00  1.2347E+01
  4.0458E+02  2.5581E+00  1.2387E+01
  4.0495E+02  2.3788E+00  1.2425E+01
  4.0533E+02  2.1995E+00  1.2461E+01
  4.0570E+02  2.0201E+00  1.2494E+01
  4.0608E+02  1.8406E+00  1.2525E+01
  4.0646E+02  1.6611E+00  1.2554E+01
  4.0683E+02  1.4816E+00  1.2580E+01
  4.0721E+02  1.3022E+00  1.2604E+01
  4.0758E+02  1.1228E+00  1.2626E+01
  4.0796E+02  9.4362E-01  1.2646E+01
  4.0834E+02  7.6455E-01  1.2663E+01
  4.0871E+02  5.8566E-01  1.2678E+01
  4.0909E+02  4.0699E-01  1.2691E+01
  4.0946E+02  2.2857E-01  1.2702E+01
  4.0984E+02  5.0422E-02  1.2710E+01
  4.1022E+02 -1.2741E-01  1.2716E+01
  4.1059E+02 -3.0491E-01  1.2720E+01
  4.1097E+02 -4.8203E-01  1.2722E+01
  4.1134E+02 -6.5875E-01  1.2722E+01
  4.1172E+02 -8.3504E-01  1.2719E+01
  4.1210E+02 -1.0109E+00  1.2714E+01
  4.1247E+02 -1.1862E+00  1.2707E+01
  4.1285E+02 -1.3610E+00  1.2698E+01
  4.1322E+02 -1.5353E+00  1.2687E+01
  4.1360E+02 -1.7090E+00  1.2673E+01
  4.1398E+02 -1.8821E+00  1.2658E+01
  4.1435E+02 -2.0546E+00  1.2640E+01
  4.1473E+02 -2.2264E+00  1.2621E+01
  4.1510E+02 -2.3975E+00  1.2599E+01
  4.1548E+02 -2.5680E+00  1.2575E+01
  4.1586E+02 -2.7377E+00  1.2549E+01
  4.1623E+02 -2.9066E+00  1.2521E+01
  4.1661E+02 -3.0747E+00  1.2491E+01
  4.1698E+02 -3.2421E+00  1.2459E+01
  4.1736E+02 -3.4086E+00  1.2425E+01
  4.1774E+02 -3.5743E+00  1.2389E+01
  4.1811E+02 -3.7391E+00  1.2351E+01
  4.1849E+02 -3.9030E+00  1.2312E+01
  4.1886E+02 -4.0660E+00  1.2270E+01
  4.1924E+02 -4.2280E+00  1.2226E+01
  4.1962E+02 -4.3891E+00  1.2180E+01
  4.1999E+02 -4.5492E+00  1.2133E+01
  4.2037E+02 -4.7084E+00  1.2083E+01
  4.2074E+02 -4.8665E+00  1.2032E+01
  4.2112E+02 -5.0236E+00  1.1979E+01
  4.2150E+02 -5.1796E+00  1.1924E+01
  4.2187E+02 -5.3345E+00  1.1867E+01
  4.2225E+02 -5.4884E+00  1.1808E+01
  4.2262E+02 -5.6412E+00  1.1748E+01
  4.2300E+02 -5.7929E+00  1.1686E+01
  4.2338E+02 -5.9434E+00  1.1622E+01
  4.2375E+02 -6.0928E+00  1.1556E+01
  4.2413E+02 -6.2410E+00  1.1489E+01
  4.2450E+02 -6.3881E+00  1.1419E+01
  4.2488E+02 -6.5339E+00  1.1348E+01
  4.2526E+02 -6.6786E+00  1.1276E+01
  4.2563E+02 -6.8220E+00  1.1202E+01
  4.2601E+02 -6.9642E+00  1.1126E+01
  4.2638E+02 -7.1051E+00  1.1048E+01
  4.2676E+02 -7.2448E+00  1.0969E+01
  4.2714E+02 -7.3831E+00  1.0888E+01
  4.2751E+02 -7.5202E+00  1.0806E+01
  4.2789E+02 -7.6560E+00  1.0722E+01
  4.2826E+02 -7.7904E+00  1.0636E+01
  4.2864E+02 -7.9235E+00  1.0549E+01
  4.2902E+02 -8.0552E+00  1.0460E+01
  4.2939E+02 -8.1856E+00  1.0370E+01
  4.2977E+02 -8.3145E+00  1.0279E+01
  4.3014E+02 -8.4421E+00  1.0186E+01
  4.3052E+02 -8.5682E+00  1.0091E+01
  4.3090E+02 -8.6929E+00  9.9952E+00
  4.3127E+02 -8.8161E+00  9.8979E+00
  4.3165E+02 -8.9379E+00  9.7991E+00
  4.3202E+02 -9.0581E+00  9.6990E+00
  4.3240E+02 -9.1769E+00  9.5975E+00
  4.3278E+02 -9.2941E+00  9.4947E+00
  4.3315E+02 -9.4098E+00  9.3905E+00
  4.3353E+02 -9.5239E+00  9.2851E+00
  4.3390E+02 -9.6364E+00  9.1784E+00
  4.3428E+02 -9.7474E+00  9.0704E+00
  4.3466E+02 -9.8568E+00  8.9612E+00
  4.3503E+02 -9.9645E+00  8.8508E+00
  4.3541E+02 -1.0071E+01  8.7392E+00
  4.3578E+02 -1.0175E+01  8.6265E+00
  4.3616E+02 -1.0278E+01  8.5126E+00
  4.3654E+02 -1.0379E+01  8.3976E+00
  4.3691E+02 -1.0478E+01  8.2815E+00
  4.3729E+02 -1.0576E+01  8.1643E+00
  4.3766E+02 -1.0672E+01  8.0460E+00
  4.3804E+02 -1.0766E+01  7.9268E+00
  4.3842E+02 -1.0859E+01  7.8065E+00
  4.3879E+02 -1.0950E+01  7.6853E+00
  4.3917E+02 -1.1039E+01  7.5631E+00
  4.3954E+02 -1.1126E+01  7.4400E+00
  4.3992E+02 -1.1211E+01  7.3160E+00
  4.4030E+02 -1.1295E+01  7.1911E+00
  4.4067E+02 -1.1377E+01  7.0654E+00
  4.4105E+02 -1.1457E+01  6.9388E+00
  4.4142E+02 -1.1535E+01  6.8115E+00
  4.4180E+02 -1.1611E+01  6.6834E+00
  4.4218E+02 -1.1685E+01  6.5545E+00
  4.4255E+02 -1.1758E+01  6.4249E+00
  4.4293E+02 -1.1829E+01  6.2946E+00
  4.4330E+02 -1.1897E+01  6.1636E+00
  4.4368E+02 -1.1964E+01  6.0320E+00
  4.4406E+02 -1.2029E+01  5.8998E+00
  4.4443E+02 -1.2092E+01  5.7670E+00
  4.4481E+02 -1.2154E+01  5.6336E+00
  4.4518E+02 -1.2213E+01  5.4997E+00
  4.4556E+02 -1.2270E+01  5.3653E+00
  4.4594E+02 -1.2326E+01  5.2304E+00
  4.4631E+02 -1.2379E+01  5.0950E+00
  4.4669E+02 -1.2431E+01  4.9592E+00
  4.4706E+02 -1.2481E+01  4.8230E+00
  4.4744E+02 -1.2528E+01  4.6864E+00
  4.4782E+02 -1.2574E+01  4.5495E+00
  4.4819E+02 -1.2618E+01  4.4122E+00
  4.4857E+02 -1.2660E+01  4.2746E+00
  4.4894E+02 -1.2700E+01  4.1367E+00
  4.4932E+02 -1.2738E+01  3.9986E+00
  4.4970E+02 -1.2774E+01  3.8602E+00
  4.5007E+02 -1.2809E+01  3.7217E+00
  4.5045E+02 -1.2841E+01  3.5829E+00
  4.5082E+02 -1.2871E+01  3.4440E+00
  4.5120E+02 -1.2900E+01  3.3049E+00
  4.5158E+02 -1.2926E+01  3.1658E+00
  4.5195E+02 -1.2951E+01  3.0265E+00
  4.5233E+02 -1.2974E+01  2.8872E+00
  4.5270E+02 -1.2995E+01  2.7478E+00
  4.5308E+02 -1.3014E+01  2.6085E+00
  4.5346E+02 -1.3031E+01  2.4691E+00
  4.5383E+02 -1.3046E+01  2.3297E+00
  4.5421E+02 -1.3059E+01  2.1904E+00
  4.5458E+02 -1.3071E+01  2.0512E+00
  4.5496E+02 -1.3080E+01  1.9121E+00
  4.5534E+02 -1.3088E+01  1.7731E+00
  4.5571E+02 -1.3094E+01  1.6342E+00
  4.5609E+02 -1.3098E+01  1.4955E+00
  4.5646E+02 -1.3100E+01  1.3570E+00
  4.5684E+02 -1.3100E+01  1.2187E+00
  4.5722E+02 -1.3099E+01  1.0806E+00
  4.5759E+02 -1.3096E+01  9.4274E-01
  4.5797E+02 -1.3090E+01  8.0517E-01
  4.5834E+02 -1.3083E+01  6.6790E-01
  4.5872E+02 -1.3074E+01  5.3094E-01
  4.5910E+02 -1.3064E+01  3.9432E-01
  4.5947E+02 -1.3051E+01  2.5806E-01
  4.5985E+02 -1.3037E+01  1.2218E-01
  4.6022E+02 -1.3021E+01 -1.3303E-02
  4.6060E+02 -1.3003E+01 -1.4836E-01
  4.6098E+02 -1.2984E+01 -2.8298E-01
  4.6135E+02 -1.2962E+01 -4.1713E-01
  4.6173E+02 -1.2939E+01 -5.5079E-01
  4.6210E+02 -1.2914E+01 -6.8395E-01
  4.6248E+02 -1.2888E+01 -8.1658E-01
  4.6286E+02 -1.2859E+01 -9.4866E-01
  4.6323E+02 -1.2829E+01 -1.0802E+00
  4.6361E+02 -1.2797E+01 -1.2111E+00
  4.6398E+02 -1.2764E+01 -1.3414E+00
  4.6436E+02 -1.2728E+01 -1.4711E+00
  4.6474E+02 -1.2692E+01 -1.6001E+00
  4.6511E+02 -1.2653E+01 -1.7284E+00
  4.6549E+02 -1.2613E+01 -1.8561E+00
  4.6586E+02 -1.2571E+01 -1.9831E+00
  4.6624E+02 -1.2527E+01 -2.1093E+00
  4.6662E+02 -1.2482E+01 -2.2347E+00
  4.6699E+02 -1.2435E+01 -2.3594E+00
  4.6737E+02 -1.2387E+01 -2.4833E+00
  4.6774E+02 -1.2337E+01 -2.6064E+00
  4.6812E+02 -1.2285E+01 -2.7286E+00
  4.6850E+02 -1.2232E+01 -2.8500E+00
  4.6887E+02 -1.2177E+01 -2.9705E+00
  4.6925E+02 -1.2120E+01 -3.0902E+00
  4.6962E+02 -1.2063E+01 -3.2089E+00
  4.7000E+02 -1.2003E+01 -3.3267E+00
  4.7038E+02 -1.1942E+01 -3.4435E+00
  4.7075E+02 -1.1880E+01 -3.5594E+00
  4.7113E+02 -1.1816E+01 -3.6743E+00
  4.7150E+02 -1.1751E+01 -3.7882E+00
  4.7188E+02 -1.1684E+01 -3.9011E+00
  4.7226E+02 -1.1616E+01 -4.0130E+00
  4.7263E+02 -1.1546E+01 -4.1238E+00
  4.7301E+02 -1.1475E+01 -4.2335E+00
  4.7338E+02 -1.1402E+01 -4.3422E+00
  4.7376E+02 -1.1329E+01 -4.4497E+00
  4.7414E+02 -1.1253E+01 -4.5562E+00
  4.7451E+02 -1.1177E+01 -4.6615E+00
  4.7489E+02 -1.1099E+01 -4.7656E+00
  4.7526E+02 -1.1020E+01 -4.8686E+00
  4.7564E+02 -1.0940E+01 -4.9705E+00
  4.7602E+02 -1.0858E+01 -5.0711E+00
  4.7639E+02 -1.0775E+01 -5.1705E+00
  4.7677E+02 -1.0691E+01 -5.2688E+00
  4.7714E+02 -1.0606E+01 -5.3657E+00
  4.7752E+02 -1.0519E+01 -5.4615E+00
  4.7790E+02 -1.0432E+01 -5.5560E+00
  4.7827E+02 -1.0343E+01 -5.6492E+00
  4.7865E+02 -1.0253E+01 -5.7411E+00
  4.7902E+02 -1.0162E+01 -5.8318E+00
  4.7940E+02 -1.0070E+01 -5.9211E+00
  4.7978E+02 -9.9763E+00 -6.0091E+00
  4.8015E+02 -9.8820E+00 -6.0958E+00
  4.8053E+02 -9.7867E+00 -6.1812E+00
  4.8090E+02 -9.6903E+00 -6.2652E+00
  4.8128E+02 -9.5930E+00 -6.3478E+00
  4.8166E+02 -9.4946E+00 -6.4291E+00
  4.8203E+02 -9.3953E+00 -6.5090E+00
  4.8241E+02 -9.2951E+00 -6.5875E+00
  4.8278E+02 -9.1940E+00 -6.6647E+00
  4.8316E+02 -9.0919E+00 -6.7404E+00
  4.8354E+02 -8.9890E+00 -6.8147E+00
  4.8391E+02 -8.8852E+00 -6.8876E+00
  4.8429E+02 -8.7805E+00 -6.9590E+00
  4.8466E+02 -8.6750E+00 -7.0290E+00
  4.8504E+02 -8.5687E+00 -7.0976E+00
  4.8542E+02 -8.4617E+00 -7.1647E+00
  4.8579E+02 -8.3538E+00 -7.2304E+00
  4.8617E+02 -8.2452E+00 -7.2946E+00
  4.8654E+02 -8.1359E+00 -7.3573E+00
  4.8692E+02 -8.0259E+00 -7.4185E+00
  4.8730E+02 -7.9152E+00 -7.4783E+00
  4.8767E+02 -7.8038E+00 -7.5366E+00
  4.8805E+02 -7.6917E+00 -7.5933E+00
  4.8842E+02 -7.5790E+00 -7.6486E+00
  4.8880E+02 -7.4657E+00 -7.7023E+00
  4.8918E+02 -7.3518E+00 -7.7546E+00
  4.8955E+02 -7.2374E+00 -7.8053E+00
  4.8993E+02 -7.1224E+00 -7.8545E+00
  4.9030E+02 -7.0068E+00 -7.9022E+00
  4.9068E+02 -6.8907E+00 -7.9483E+00
  4.9106E+02 -6.7742E+00 -7.9929E+00
  4.9143E+02 -6.6571E+00 -8.0360E+00
  4.9181E+02 -6.5396E+00 -8.0775E+00
  4.9218E+02 -6.4217E+00 -8.1174E+00
  4.9256E+02 -6.3033E+00 -8.1559E+00
  4.9294E+02 -6.1846E+00 -8.1927E+00
  4.9331E+02 -6.0655E+00 -8.2280E+00
  4.9369E+02 -5.9460E+00 -8.2618E+00
  4.9406E+02 -5.8262E+00 -8.2940E+00
  4.9444E+02 -5.7061E+00 -8.3246E+00
  4.9482E+02 -5.5856E+00 -8.3536E+00
  4.9519E+02 -5.4650E+00 -8.3811E+00
  4.9557E+02 -5.3440E+00 -8.4071E+00
  4.9594E+02 -5.2228E+00 -8.4314E+00
  4.9632E+02 -5.1014E+00 -8.4542E+00
  4.9670E+02 -4.9798E+00 -8.4754E+00
  4.9707E+02 -4.8580E+00 -8.4950E+00
  4.9745E+02 -4.7361E+00 -8.5131E+00
  4.9782E+02 -4.6140E+00 -8.5296E+00
  4.9820E+02 -4.4919E+00 -8.5445E+00
  4.9858E+02 -4.3696E+00 -8.5579E+00
  4.9895E+02 -4.2473E+00 -8.5697E+00
  4.9933E+02 -4.1249E+00 -8.5799E+00
  4.9970E+02 -4.0024E+00 -8.5886E+00
  5.0000E+02 -3.9060E+00 -8.5943E+00
