# CREATED BY GENE DIAGNOSTICS TOOL on Mon Jun 25 17:33:50 2018
# diag: GAMDIAG, run(s): 0037, time window: 0-500(1331 steps), species: ions
# original data path: /r/c/cmor/w7xhms05_HR_low_kx/
# normalization: L_ref=5.4832m
#
# xind= 0, x/a= 0.70710677, q= 1.1018624
# Fit:    0.054049875,1.7317245,0.0072233644
# Analytic (Gao, Zhou/Yu): 0.32199362,-3.7812891e-15,1.8957482
#  t          Re[phi]     Im[phi]   
  0.0000E+00  2.1701E+02  0.0000E+00
  3.7600E-01  2.1634E+02  5.0445E+00
  7.5200E-01  2.1452E+02  1.0036E+01
  1.1280E+00  2.1175E+02  1.4928E+01
  1.5040E+00  2.0822E+02  1.9680E+01
  1.8800E+00  2.0413E+02  2.4266E+01
  2.2560E+00  1.9966E+02  2.8668E+01
  2.6320E+00  1.9498E+02  3.2874E+01
  3.0080E+00  1.9025E+02  3.6883E+01
  3.3840E+00  1.8560E+02  4.0699E+01
  3.7600E+00  1.8109E+02  4.4331E+01
  4.1360E+00  1.7678E+02  4.7791E+01
  4.5120E+00  1.7268E+02  5.1090E+01
  4.8880E+00  1.6877E+02  5.4243E+01
  5.2640E+00  1.6501E+02  5.7259E+01
  5.6400E+00  1.6136E+02  6.0147E+01
  6.0160E+00  1.5776E+02  6.2915E+01
  6.3920E+00  1.5417E+02  6.5564E+01
  6.7680E+00  1.5054E+02  6.8098E+01
  7.1440E+00  1.4685E+02  7.0514E+01
  7.5200E+00  1.4308E+02  7.2811E+01
  7.8960E+00  1.3922E+02  7.4987E+01
  8.2720E+00  1.3528E+02  7.7039E+01
  8.6480E+00  1.3127E+02  7.8965E+01
  9.0240E+00  1.2722E+02  8.0764E+01
  9.4000E+00  1.2314E+02  8.2436E+01
  9.7760E+00  1.1907E+02  8.3981E+01
  1.0152E+01  1.1502E+02  8.5401E+01
  1.0528E+01  1.1102E+02  8.6700E+01
  1.0904E+01  1.0709E+02  8.7881E+01
  1.1280E+01  1.0325E+02  8.8950E+01
  1.1656E+01  9.9524E+01  8.9912E+01
  1.2032E+01  9.5916E+01  9.0773E+01
  1.2408E+01  9.2434E+01  9.1541E+01
  1.2784E+01  8.9085E+01  9.2222E+01
  1.3160E+01  8.5874E+01  9.2822E+01
  1.3536E+01  8.2801E+01  9.3350E+01
  1.3912E+01  7.9869E+01  9.3810E+01
  1.4288E+01  7.7076E+01  9.4210E+01
  1.4664E+01  7.4419E+01  9.4557E+01
  1.5040E+01  7.1895E+01  9.4855E+01
  1.5416E+01  6.9501E+01  9.5112E+01
  1.5792E+01  6.7234E+01  9.5332E+01
  1.6168E+01  6.5090E+01  9.5521E+01
  1.6544E+01  6.3066E+01  9.5685E+01
  1.6920E+01  6.1155E+01  9.5827E+01
  1.7296E+01  5.9353E+01  9.5952E+01
  1.7672E+01  5.7657E+01  9.6065E+01
  1.8048E+01  5.6063E+01  9.6170E+01
  1.8424E+01  5.4566E+01  9.6270E+01
  1.8800E+01  5.3163E+01  9.6368E+01
  1.9176E+01  5.1846E+01  9.6469E+01
  1.9552E+01  5.0609E+01  9.6575E+01
  1.9928E+01  4.9447E+01  9.6688E+01
  2.0304E+01  4.8354E+01  9.6812E+01
  2.0680E+01  4.7324E+01  9.6948E+01
  2.1056E+01  4.6350E+01  9.7097E+01
  2.1432E+01  4.5426E+01  9.7261E+01
  2.1808E+01  4.4545E+01  9.7442E+01
  2.2184E+01  4.3703E+01  9.7639E+01
  2.2560E+01  4.2894E+01  9.7853E+01
  2.2936E+01  4.2110E+01  9.8085E+01
  2.3312E+01  4.1341E+01  9.8335E+01
  2.3688E+01  4.0578E+01  9.8601E+01
  2.4064E+01  3.9812E+01  9.8884E+01
  2.4440E+01  3.9039E+01  9.9182E+01
  2.4816E+01  3.8256E+01  9.9493E+01
  2.5192E+01  3.7464E+01  9.9816E+01
  2.5568E+01  3.6658E+01  1.0015E+02
  2.5944E+01  3.5834E+01  1.0049E+02
  2.6320E+01  3.4982E+01  1.0084E+02
  2.6696E+01  3.4096E+01  1.0120E+02
  2.7072E+01  3.3169E+01  1.0155E+02
  2.7448E+01  3.2197E+01  1.0191E+02
  2.7824E+01  3.1178E+01  1.0227E+02
  2.8200E+01  3.0111E+01  1.0261E+02
  2.8576E+01  2.8995E+01  1.0296E+02
  2.8952E+01  2.7830E+01  1.0329E+02
  2.9328E+01  2.6614E+01  1.0360E+02
  2.9704E+01  2.5345E+01  1.0390E+02
  3.0080E+01  2.4021E+01  1.0418E+02
  3.0456E+01  2.2640E+01  1.0444E+02
  3.0832E+01  2.1205E+01  1.0468E+02
  3.1208E+01  1.9718E+01  1.0489E+02
  3.1584E+01  1.8182E+01  1.0506E+02
  3.1960E+01  1.6599E+01  1.0521E+02
  3.2336E+01  1.4969E+01  1.0532E+02
  3.2712E+01  1.3293E+01  1.0540E+02
  3.3088E+01  1.1573E+01  1.0544E+02
  3.3464E+01  9.8071E+00  1.0544E+02
  3.3840E+01  7.9946E+00  1.0540E+02
  3.4216E+01  6.1358E+00  1.0532E+02
  3.4592E+01  4.2351E+00  1.0519E+02
  3.4968E+01  2.3003E+00  1.0502E+02
  3.5344E+01  3.4023E-01  1.0480E+02
  3.5720E+01 -1.6375E+00  1.0453E+02
  3.6096E+01 -3.6281E+00  1.0421E+02
  3.6472E+01 -5.6288E+00  1.0384E+02
  3.6848E+01 -7.6371E+00  1.0343E+02
  3.7224E+01 -9.6499E+00  1.0297E+02
  3.7600E+01 -1.1664E+01  1.0246E+02
  3.7976E+01 -1.3678E+01  1.0190E+02
  3.8352E+01 -1.5692E+01  1.0129E+02
  3.8728E+01 -1.7706E+01  1.0064E+02
  3.9104E+01 -1.9718E+01  9.9937E+01
  3.9480E+01 -2.1724E+01  9.9190E+01
  3.9856E+01 -2.3723E+01  9.8398E+01
  4.0232E+01 -2.5707E+01  9.7561E+01
  4.0608E+01 -2.7674E+01  9.6680E+01
  4.0984E+01 -2.9619E+01  9.5756E+01
  4.1360E+01 -3.1536E+01  9.4791E+01
  4.1736E+01 -3.3422E+01  9.3785E+01
  4.2112E+01 -3.5272E+01  9.2741E+01
  4.2488E+01 -3.7080E+01  9.1661E+01
  4.2864E+01 -3.8841E+01  9.0546E+01
  4.3240E+01 -4.0548E+01  8.9398E+01
  4.3616E+01 -4.2195E+01  8.8221E+01
  4.3992E+01 -4.3780E+01  8.7017E+01
  4.4368E+01 -4.5302E+01  8.5788E+01
  4.4744E+01 -4.6764E+01  8.4538E+01
  4.5120E+01 -4.8173E+01  8.3268E+01
  4.5496E+01 -4.9536E+01  8.1980E+01
  4.5872E+01 -5.0863E+01  8.0675E+01
  4.6248E+01 -5.2163E+01  7.9356E+01
  4.6624E+01 -5.3448E+01  7.8021E+01
  4.7000E+01 -5.4722E+01  7.6670E+01
  4.7376E+01 -5.5990E+01  7.5305E+01
  4.7752E+01 -5.7248E+01  7.3923E+01
  4.8128E+01 -5.8489E+01  7.2526E+01
  4.8504E+01 -5.9700E+01  7.1114E+01
  4.8880E+01 -6.0868E+01  6.9687E+01
  4.9256E+01 -6.1979E+01  6.8248E+01
  4.9632E+01 -6.3023E+01  6.6798E+01
  5.0008E+01 -6.3992E+01  6.5341E+01
  5.0384E+01 -6.4884E+01  6.3879E+01
  5.0760E+01 -6.5699E+01  6.2414E+01
  5.1136E+01 -6.6441E+01  6.0950E+01
  5.1512E+01 -6.7118E+01  5.9488E+01
  5.1888E+01 -6.7737E+01  5.8030E+01
  5.2264E+01 -6.8309E+01  5.6577E+01
  5.2640E+01 -6.8844E+01  5.5131E+01
  5.3016E+01 -6.9352E+01  5.3690E+01
  5.3392E+01 -6.9840E+01  5.2257E+01
  5.3768E+01 -7.0311E+01  5.0829E+01
  5.4144E+01 -7.0767E+01  4.9406E+01
  5.4520E+01 -7.1205E+01  4.7989E+01
  5.4896E+01 -7.1623E+01  4.6577E+01
  5.5272E+01 -7.2015E+01  4.5169E+01
  5.5648E+01 -7.2380E+01  4.3767E+01
  5.6024E+01 -7.2715E+01  4.2370E+01
  5.6400E+01 -7.3020E+01  4.0979E+01
  5.6776E+01 -7.3297E+01  3.9594E+01
  5.7152E+01 -7.3552E+01  3.8214E+01
  5.7528E+01 -7.3789E+01  3.6841E+01
  5.7904E+01 -7.4017E+01  3.5473E+01
  5.8280E+01 -7.4241E+01  3.4110E+01
  5.8656E+01 -7.4469E+01  3.2751E+01
  5.9032E+01 -7.4706E+01  3.1394E+01
  5.9408E+01 -7.4954E+01  3.0037E+01
  5.9784E+01 -7.5214E+01  2.8680E+01
  6.0160E+01 -7.5484E+01  2.7320E+01
  6.0536E+01 -7.5759E+01  2.5957E+01
  6.0912E+01 -7.6030E+01  2.4589E+01
  6.1288E+01 -7.6289E+01  2.3217E+01
  6.1664E+01 -7.6529E+01  2.1840E+01
  6.2040E+01 -7.6739E+01  2.0459E+01
  6.2416E+01 -7.6913E+01  1.9074E+01
  6.2792E+01 -7.7046E+01  1.7687E+01
  6.3168E+01 -7.7134E+01  1.6299E+01
  6.3544E+01 -7.7176E+01  1.4912E+01
  6.3920E+01 -7.7174E+01  1.3527E+01
  6.4296E+01 -7.7130E+01  1.2145E+01
  6.4672E+01 -7.7050E+01  1.0768E+01
  6.5048E+01 -7.6940E+01  9.3950E+00
  6.5424E+01 -7.6806E+01  8.0280E+00
  6.5800E+01 -7.6655E+01  6.6668E+00
  6.6176E+01 -7.6493E+01  5.3113E+00
  6.6552E+01 -7.6327E+01  3.9610E+00
  6.6928E+01 -7.6160E+01  2.6154E+00
  6.7304E+01 -7.5997E+01  1.2738E+00
  6.7680E+01 -7.5839E+01 -6.4667E-02
  6.8056E+01 -7.5686E+01 -1.4009E+00
  6.8432E+01 -7.5538E+01 -2.7356E+00
  6.8808E+01 -7.5390E+01 -4.0693E+00
  6.9184E+01 -7.5238E+01 -5.4025E+00
  6.9560E+01 -7.5075E+01 -6.7352E+00
  6.9936E+01 -7.4897E+01 -8.0671E+00
  7.0312E+01 -7.4701E+01 -9.3980E+00
  7.0688E+01 -7.4483E+01 -1.0727E+01
  7.1064E+01 -7.4242E+01 -1.2054E+01
  7.1440E+01 -7.3975E+01 -1.3378E+01
  7.1816E+01 -7.3679E+01 -1.4697E+01
  7.2192E+01 -7.3355E+01 -1.6012E+01
  7.2568E+01 -7.3001E+01 -1.7321E+01
  7.2944E+01 -7.2619E+01 -1.8623E+01
  7.3320E+01 -7.2209E+01 -1.9918E+01
  7.3696E+01 -7.1772E+01 -2.1204E+01
  7.4072E+01 -7.1310E+01 -2.2480E+01
  7.4448E+01 -7.0826E+01 -2.3747E+01
  7.4824E+01 -7.0319E+01 -2.5004E+01
  7.5200E+01 -6.9791E+01 -2.6249E+01
  7.5576E+01 -6.9243E+01 -2.7483E+01
  7.5952E+01 -6.8676E+01 -2.8706E+01
  7.6328E+01 -6.8090E+01 -2.9916E+01
  7.6704E+01 -6.7487E+01 -3.1114E+01
  7.7080E+01 -6.6866E+01 -3.2299E+01
  7.7456E+01 -6.6230E+01 -3.3470E+01
  7.7832E+01 -6.5579E+01 -3.4629E+01
  7.8208E+01 -6.4914E+01 -3.5774E+01
  7.8584E+01 -6.4235E+01 -3.6905E+01
  7.8960E+01 -6.3542E+01 -3.8021E+01
  7.9336E+01 -6.2833E+01 -3.9124E+01
  7.9712E+01 -6.2108E+01 -4.0212E+01
  8.0088E+01 -6.1365E+01 -4.1286E+01
  8.0464E+01 -6.0603E+01 -4.2344E+01
  8.0840E+01 -5.9821E+01 -4.3386E+01
  8.1216E+01 -5.9020E+01 -4.4412E+01
  8.1592E+01 -5.8198E+01 -4.5421E+01
  8.1968E+01 -5.7357E+01 -4.6413E+01
  8.2344E+01 -5.6497E+01 -4.7388E+01
  8.2720E+01 -5.5618E+01 -4.8344E+01
  8.3096E+01 -5.4721E+01 -4.9283E+01
  8.3472E+01 -5.3809E+01 -5.0202E+01
  8.3848E+01 -5.2881E+01 -5.1103E+01
  8.4224E+01 -5.1941E+01 -5.1985E+01
  8.4600E+01 -5.0987E+01 -5.2847E+01
  8.4976E+01 -5.0022E+01 -5.3690E+01
  8.5352E+01 -4.9044E+01 -5.4513E+01
  8.5728E+01 -4.8053E+01 -5.5317E+01
  8.6104E+01 -4.7050E+01 -5.6101E+01
  8.6480E+01 -4.6035E+01 -5.6865E+01
  8.6856E+01 -4.5007E+01 -5.7609E+01
  8.7232E+01 -4.3968E+01 -5.8332E+01
  8.7608E+01 -4.2918E+01 -5.9036E+01
  8.7984E+01 -4.1859E+01 -5.9718E+01
  8.8360E+01 -4.0793E+01 -6.0381E+01
  8.8736E+01 -3.9722E+01 -6.1023E+01
  8.9112E+01 -3.8646E+01 -6.1645E+01
  8.9488E+01 -3.7567E+01 -6.2247E+01
  8.9864E+01 -3.6485E+01 -6.2829E+01
  9.0240E+01 -3.5401E+01 -6.3392E+01
  9.0616E+01 -3.4313E+01 -6.3935E+01
  9.0992E+01 -3.3220E+01 -6.4459E+01
  9.1368E+01 -3.2121E+01 -6.4964E+01
  9.1744E+01 -3.1017E+01 -6.5450E+01
  9.2120E+01 -2.9909E+01 -6.5916E+01
  9.2496E+01 -2.8795E+01 -6.6363E+01
  9.2872E+01 -2.7679E+01 -6.6790E+01
  9.3248E+01 -2.6562E+01 -6.7199E+01
  9.3624E+01 -2.5444E+01 -6.7589E+01
  9.4000E+01 -2.4329E+01 -6.7961E+01
  9.4376E+01 -2.3216E+01 -6.8314E+01
  9.4752E+01 -2.2106E+01 -6.8649E+01
  9.5128E+01 -2.1001E+01 -6.8966E+01
  9.5504E+01 -1.9898E+01 -6.9266E+01
  9.5880E+01 -1.8796E+01 -6.9549E+01
  9.6256E+01 -1.7693E+01 -6.9815E+01
  9.6632E+01 -1.6587E+01 -7.0064E+01
  9.7008E+01 -1.5477E+01 -7.0295E+01
  9.7384E+01 -1.4361E+01 -7.0509E+01
  9.7760E+01 -1.3239E+01 -7.0705E+01
  9.8136E+01 -1.2112E+01 -7.0883E+01
  9.8512E+01 -1.0980E+01 -7.1043E+01
  9.8888E+01 -9.8450E+00 -7.1185E+01
  9.9264E+01 -8.7084E+00 -7.1308E+01
  9.9640E+01 -7.5727E+00 -7.1413E+01
  1.0002E+02 -6.4400E+00 -7.1500E+01
  1.0039E+02 -5.3126E+00 -7.1569E+01
  1.0077E+02 -4.1925E+00 -7.1620E+01
  1.0114E+02 -3.0809E+00 -7.1654E+01
  1.0152E+02 -1.9784E+00 -7.1671E+01
  1.0190E+02 -8.8472E-01 -7.1671E+01
  1.0227E+02  2.0097E-01 -7.1655E+01
  1.0265E+02  1.2802E+00 -7.1623E+01
  1.0302E+02  2.3548E+00 -7.1575E+01
  1.0340E+02  3.4266E+00 -7.1510E+01
  1.0378E+02  4.4969E+00 -7.1430E+01
  1.0415E+02  5.5667E+00 -7.1334E+01
  1.0453E+02  6.6362E+00 -7.1221E+01
  1.0490E+02  7.7053E+00 -7.1092E+01
  1.0528E+02  8.7736E+00 -7.0947E+01
  1.0566E+02  9.8403E+00 -7.0785E+01
  1.0603E+02  1.0905E+01 -7.0606E+01
  1.0641E+02  1.1966E+01 -7.0411E+01
  1.0678E+02  1.3024E+01 -7.0199E+01
  1.0716E+02  1.4077E+01 -6.9971E+01
  1.0754E+02  1.5125E+01 -6.9726E+01
  1.0791E+02  1.6167E+01 -6.9464E+01
  1.0829E+02  1.7203E+01 -6.9186E+01
  1.0866E+02  1.8233E+01 -6.8892E+01
  1.0904E+02  1.9255E+01 -6.8581E+01
  1.0942E+02  2.0270E+01 -6.8255E+01
  1.0979E+02  2.1276E+01 -6.7912E+01
  1.1017E+02  2.2274E+01 -6.7553E+01
  1.1054E+02  2.3263E+01 -6.7179E+01
  1.1092E+02  2.4243E+01 -6.6790E+01
  1.1130E+02  2.5213E+01 -6.6385E+01
  1.1167E+02  2.6173E+01 -6.5966E+01
  1.1205E+02  2.7124E+01 -6.5532E+01
  1.1242E+02  2.8066E+01 -6.5083E+01
  1.1280E+02  2.8998E+01 -6.4620E+01
  1.1318E+02  2.9922E+01 -6.4142E+01
  1.1355E+02  3.0837E+01 -6.3651E+01
  1.1393E+02  3.1744E+01 -6.3145E+01
  1.1430E+02  3.2642E+01 -6.2626E+01
  1.1468E+02  3.3532E+01 -6.2093E+01
  1.1506E+02  3.4414E+01 -6.1546E+01
  1.1543E+02  3.5286E+01 -6.0985E+01
  1.1581E+02  3.6148E+01 -6.0412E+01
  1.1618E+02  3.7000E+01 -5.9825E+01
  1.1656E+02  3.7839E+01 -5.9224E+01
  1.1694E+02  3.8665E+01 -5.8612E+01
  1.1731E+02  3.9478E+01 -5.7987E+01
  1.1769E+02  4.0275E+01 -5.7349E+01
  1.1806E+02  4.1057E+01 -5.6701E+01
  1.1844E+02  4.1824E+01 -5.6040E+01
  1.1882E+02  4.2574E+01 -5.5370E+01
  1.1919E+02  4.3310E+01 -5.4688E+01
  1.1957E+02  4.4031E+01 -5.3997E+01
  1.1994E+02  4.4740E+01 -5.3295E+01
  1.2032E+02  4.5436E+01 -5.2584E+01
  1.2070E+02  4.6120E+01 -5.1864E+01
  1.2107E+02  4.6794E+01 -5.1134E+01
  1.2145E+02  4.7458E+01 -5.0394E+01
  1.2182E+02  4.8111E+01 -4.9646E+01
  1.2220E+02  4.8754E+01 -4.8888E+01
  1.2258E+02  4.9387E+01 -4.8122E+01
  1.2295E+02  5.0008E+01 -4.7346E+01
  1.2333E+02  5.0618E+01 -4.6562E+01
  1.2370E+02  5.1215E+01 -4.5769E+01
  1.2408E+02  5.1797E+01 -4.4968E+01
  1.2446E+02  5.2365E+01 -4.4159E+01
  1.2483E+02  5.2917E+01 -4.3342E+01
  1.2521E+02  5.3452E+01 -4.2518E+01
  1.2558E+02  5.3969E+01 -4.1687E+01
  1.2596E+02  5.4468E+01 -4.0850E+01
  1.2634E+02  5.4949E+01 -4.0007E+01
  1.2671E+02  5.5412E+01 -3.9158E+01
  1.2709E+02  5.5856E+01 -3.8304E+01
  1.2746E+02  5.6283E+01 -3.7445E+01
  1.2784E+02  5.6693E+01 -3.6582E+01
  1.2822E+02  5.7086E+01 -3.5715E+01
  1.2859E+02  5.7464E+01 -3.4843E+01
  1.2897E+02  5.7826E+01 -3.3969E+01
  1.2934E+02  5.8175E+01 -3.3091E+01
  1.2972E+02  5.8510E+01 -3.2209E+01
  1.3010E+02  5.8832E+01 -3.1325E+01
  1.3047E+02  5.9140E+01 -3.0438E+01
  1.3085E+02  5.9437E+01 -2.9548E+01
  1.3122E+02  5.9720E+01 -2.8655E+01
  1.3160E+02  5.9991E+01 -2.7760E+01
  1.3198E+02  6.0249E+01 -2.6862E+01
  1.3235E+02  6.0493E+01 -2.5962E+01
  1.3273E+02  6.0724E+01 -2.5061E+01
  1.3310E+02  6.0941E+01 -2.4157E+01
  1.3348E+02  6.1145E+01 -2.3251E+01
  1.3386E+02  6.1334E+01 -2.2344E+01
  1.3423E+02  6.1509E+01 -2.1436E+01
  1.3461E+02  6.1669E+01 -2.0527E+01
  1.3498E+02  6.1813E+01 -1.9617E+01
  1.3536E+02  6.1942E+01 -1.8707E+01
  1.3574E+02  6.2054E+01 -1.7796E+01
  1.3611E+02  6.2150E+01 -1.6885E+01
  1.3649E+02  6.2230E+01 -1.5975E+01
  1.3686E+02  6.2294E+01 -1.5066E+01
  1.3724E+02  6.2343E+01 -1.4157E+01
  1.3762E+02  6.2376E+01 -1.3250E+01
  1.3799E+02  6.2394E+01 -1.2344E+01
  1.3837E+02  6.2398E+01 -1.1440E+01
  1.3874E+02  6.2389E+01 -1.0537E+01
  1.3912E+02  6.2365E+01 -9.6367E+00
  1.3950E+02  6.2329E+01 -8.7384E+00
  1.3987E+02  6.2278E+01 -7.8425E+00
  1.4025E+02  6.2215E+01 -6.9490E+00
  1.4062E+02  6.2138E+01 -6.0583E+00
  1.4100E+02  6.2047E+01 -5.1705E+00
  1.4138E+02  6.1943E+01 -4.2857E+00
  1.4175E+02  6.1824E+01 -3.4043E+00
  1.4213E+02  6.1692E+01 -2.5264E+00
  1.4250E+02  6.1545E+01 -1.6523E+00
  1.4288E+02  6.1384E+01 -7.8223E-01
  1.4326E+02  6.1210E+01  8.3626E-02
  1.4363E+02  6.1022E+01  9.4505E-01
  1.4401E+02  6.0822E+01  1.8018E+00
  1.4438E+02  6.0608E+01  2.6538E+00
  1.4476E+02  6.0382E+01  3.5008E+00
  1.4514E+02  6.0144E+01  4.3427E+00
  1.4551E+02  5.9894E+01  5.1792E+00
  1.4589E+02  5.9631E+01  6.0103E+00
  1.4626E+02  5.9356E+01  6.8356E+00
  1.4664E+02  5.9068E+01  7.6551E+00
  1.4702E+02  5.8768E+01  8.4685E+00
  1.4739E+02  5.8454E+01  9.2756E+00
  1.4777E+02  5.8127E+01  1.0076E+01
  1.4814E+02  5.7787E+01  1.0870E+01
  1.4852E+02  5.7434E+01  1.1657E+01
  1.4890E+02  5.7067E+01  1.2436E+01
  1.4927E+02  5.6687E+01  1.3208E+01
  1.4965E+02  5.6295E+01  1.3973E+01
  1.5002E+02  5.5891E+01  1.4729E+01
  1.5040E+02  5.5475E+01  1.5477E+01
  1.5078E+02  5.5049E+01  1.6218E+01
  1.5115E+02  5.4612E+01  1.6949E+01
  1.5153E+02  5.4165E+01  1.7673E+01
  1.5190E+02  5.3708E+01  1.8387E+01
  1.5228E+02  5.3242E+01  1.9093E+01
  1.5266E+02  5.2766E+01  1.9790E+01
  1.5303E+02  5.2281E+01  2.0478E+01
  1.5341E+02  5.1786E+01  2.1158E+01
  1.5378E+02  5.1281E+01  2.1827E+01
  1.5416E+02  5.0766E+01  2.2488E+01
  1.5454E+02  5.0242E+01  2.3139E+01
  1.5491E+02  4.9707E+01  2.3780E+01
  1.5529E+02  4.9163E+01  2.4412E+01
  1.5566E+02  4.8609E+01  2.5034E+01
  1.5604E+02  4.8046E+01  2.5645E+01
  1.5642E+02  4.7473E+01  2.6246E+01
  1.5679E+02  4.6892E+01  2.6837E+01
  1.5717E+02  4.6301E+01  2.7417E+01
  1.5754E+02  4.5702E+01  2.7986E+01
  1.5792E+02  4.5096E+01  2.8545E+01
  1.5830E+02  4.4481E+01  2.9093E+01
  1.5867E+02  4.3860E+01  2.9629E+01
  1.5905E+02  4.3231E+01  3.0155E+01
  1.5942E+02  4.2596E+01  3.0669E+01
  1.5980E+02  4.1954E+01  3.1172E+01
  1.6018E+02  4.1306E+01  3.1664E+01
  1.6055E+02  4.0652E+01  3.2145E+01
  1.6093E+02  3.9992E+01  3.2614E+01
  1.6130E+02  3.9326E+01  3.3072E+01
  1.6168E+02  3.8655E+01  3.3518E+01
  1.6206E+02  3.7979E+01  3.3952E+01
  1.6243E+02  3.7296E+01  3.4375E+01
  1.6281E+02  3.6609E+01  3.4786E+01
  1.6318E+02  3.5916E+01  3.5186E+01
  1.6356E+02  3.5218E+01  3.5574E+01
  1.6394E+02  3.4515E+01  3.5949E+01
  1.6431E+02  3.3808E+01  3.6313E+01
  1.6469E+02  3.3095E+01  3.6665E+01
  1.6506E+02  3.2379E+01  3.7005E+01
  1.6544E+02  3.1658E+01  3.7333E+01
  1.6582E+02  3.0933E+01  3.7649E+01
  1.6619E+02  3.0205E+01  3.7952E+01
  1.6657E+02  2.9473E+01  3.8244E+01
  1.6694E+02  2.8739E+01  3.8523E+01
  1.6732E+02  2.8001E+01  3.8790E+01
  1.6770E+02  2.7261E+01  3.9045E+01
  1.6807E+02  2.6518E+01  3.9287E+01
  1.6845E+02  2.5773E+01  3.9517E+01
  1.6882E+02  2.5025E+01  3.9735E+01
  1.6920E+02  2.4274E+01  3.9941E+01
  1.6958E+02  2.3522E+01  4.0134E+01
  1.6995E+02  2.2767E+01  4.0315E+01
  1.7033E+02  2.2011E+01  4.0484E+01
  1.7070E+02  2.1252E+01  4.0640E+01
  1.7108E+02  2.0493E+01  4.0784E+01
  1.7146E+02  1.9732E+01  4.0915E+01
  1.7183E+02  1.8971E+01  4.1034E+01
  1.7221E+02  1.8209E+01  4.1141E+01
  1.7258E+02  1.7447E+01  4.1235E+01
  1.7296E+02  1.6685E+01  4.1317E+01
  1.7334E+02  1.5924E+01  4.1387E+01
  1.7371E+02  1.5163E+01  4.1444E+01
  1.7409E+02  1.4403E+01  4.1489E+01
  1.7446E+02  1.3645E+01  4.1522E+01
  1.7484E+02  1.2888E+01  4.1543E+01
  1.7522E+02  1.2132E+01  4.1552E+01
  1.7559E+02  1.1378E+01  4.1549E+01
  1.7597E+02  1.0626E+01  4.1534E+01
  1.7634E+02  9.8758E+00  4.1507E+01
  1.7672E+02  9.1278E+00  4.1468E+01
  1.7710E+02  8.3821E+00  4.1418E+01
  1.7747E+02  7.6387E+00  4.1355E+01
  1.7785E+02  6.8979E+00  4.1281E+01
  1.7822E+02  6.1598E+00  4.1196E+01
  1.7860E+02  5.4246E+00  4.1099E+01
  1.7898E+02  4.6927E+00  4.0991E+01
  1.7935E+02  3.9642E+00  4.0871E+01
  1.7973E+02  3.2395E+00  4.0740E+01
  1.8010E+02  2.5189E+00  4.0598E+01
  1.8048E+02  1.8027E+00  4.0445E+01
  1.8086E+02  1.0911E+00  4.0281E+01
  1.8123E+02  3.8448E-01  4.0106E+01
  1.8161E+02 -3.1716E-01  3.9920E+01
  1.8198E+02 -1.0137E+00  3.9724E+01
  1.8236E+02 -1.7050E+00  3.9518E+01
  1.8274E+02 -2.3912E+00  3.9301E+01
  1.8311E+02 -3.0723E+00  3.9074E+01
  1.8349E+02 -3.7482E+00  3.8837E+01
  1.8386E+02 -4.4191E+00  3.8590E+01
  1.8424E+02 -5.0848E+00  3.8332E+01
  1.8462E+02 -5.7454E+00  3.8066E+01
  1.8499E+02 -6.4007E+00  3.7789E+01
  1.8537E+02 -7.0506E+00  3.7503E+01
  1.8574E+02 -7.6949E+00  3.7207E+01
  1.8612E+02 -8.3335E+00  3.6901E+01
  1.8650E+02 -8.9660E+00  3.6587E+01
  1.8687E+02 -9.5924E+00  3.6263E+01
  1.8725E+02 -1.0212E+01  3.5930E+01
  1.8762E+02 -1.0826E+01  3.5588E+01
  1.8800E+02 -1.1432E+01  3.5237E+01
  1.8838E+02 -1.2032E+01  3.4877E+01
  1.8875E+02 -1.2625E+01  3.4509E+01
  1.8913E+02 -1.3210E+01  3.4132E+01
  1.8950E+02 -1.3788E+01  3.3747E+01
  1.8988E+02 -1.4359E+01  3.3353E+01
  1.9026E+02 -1.4923E+01  3.2952E+01
  1.9063E+02 -1.5479E+01  3.2542E+01
  1.9101E+02 -1.6027E+01  3.2125E+01
  1.9138E+02 -1.6567E+01  3.1700E+01
  1.9176E+02 -1.7100E+01  3.1268E+01
  1.9214E+02 -1.7625E+01  3.0828E+01
  1.9251E+02 -1.8142E+01  3.0381E+01
  1.9289E+02 -1.8650E+01  2.9927E+01
  1.9326E+02 -1.9152E+01  2.9465E+01
  1.9364E+02 -1.9645E+01  2.8997E+01
  1.9402E+02 -2.0130E+01  2.8522E+01
  1.9439E+02 -2.0607E+01  2.8041E+01
  1.9477E+02 -2.1075E+01  2.7552E+01
  1.9514E+02 -2.1536E+01  2.7058E+01
  1.9552E+02 -2.1988E+01  2.6557E+01
  1.9590E+02 -2.2432E+01  2.6050E+01
  1.9627E+02 -2.2867E+01  2.5537E+01
  1.9665E+02 -2.3293E+01  2.5018E+01
  1.9702E+02 -2.3709E+01  2.4494E+01
  1.9740E+02 -2.4117E+01  2.3964E+01
  1.9778E+02 -2.4514E+01  2.3429E+01
  1.9815E+02 -2.4902E+01  2.2888E+01
  1.9853E+02 -2.5279E+01  2.2343E+01
  1.9890E+02 -2.5647E+01  2.1793E+01
  1.9928E+02 -2.6003E+01  2.1239E+01
  1.9966E+02 -2.6350E+01  2.0680E+01
  2.0003E+02 -2.6686E+01  2.0117E+01
  2.0041E+02 -2.7012E+01  1.9550E+01
  2.0078E+02 -2.7327E+01  1.8980E+01
  2.0116E+02 -2.7631E+01  1.8406E+01
  2.0154E+02 -2.7926E+01  1.7828E+01
  2.0191E+02 -2.8210E+01  1.7248E+01
  2.0229E+02 -2.8483E+01  1.6664E+01
  2.0266E+02 -2.8746E+01  1.6078E+01
  2.0304E+02 -2.8999E+01  1.5489E+01
  2.0342E+02 -2.9242E+01  1.4898E+01
  2.0379E+02 -2.9474E+01  1.4305E+01
  2.0417E+02 -2.9695E+01  1.3709E+01
  2.0454E+02 -2.9906E+01  1.3112E+01
  2.0492E+02 -3.0107E+01  1.2513E+01
  2.0530E+02 -3.0297E+01  1.1912E+01
  2.0567E+02 -3.0476E+01  1.1311E+01
  2.0605E+02 -3.0645E+01  1.0708E+01
  2.0642E+02 -3.0803E+01  1.0104E+01
  2.0680E+02 -3.0951E+01  9.4999E+00
  2.0718E+02 -3.1088E+01  8.8950E+00
  2.0755E+02 -3.1215E+01  8.2897E+00
  2.0793E+02 -3.1332E+01  7.6841E+00
  2.0830E+02 -3.1439E+01  7.0785E+00
  2.0868E+02 -3.1536E+01  6.4731E+00
  2.0906E+02 -3.1623E+01  5.8678E+00
  2.0943E+02 -3.1701E+01  5.2630E+00
  2.0981E+02 -3.1769E+01  4.6587E+00
  2.1018E+02 -3.1827E+01  4.0551E+00
  2.1056E+02 -3.1876E+01  3.4523E+00
  2.1094E+02 -3.1916E+01  2.8505E+00
  2.1131E+02 -3.1946E+01  2.2496E+00
  2.1169E+02 -3.1968E+01  1.6500E+00
  2.1206E+02 -3.1980E+01  1.0517E+00
  2.1244E+02 -3.1984E+01  4.5472E-01
  2.1282E+02 -3.1978E+01 -1.4071E-01
  2.1319E+02 -3.1964E+01 -7.3449E-01
  2.1357E+02 -3.1942E+01 -1.3265E+00
  2.1394E+02 -3.1910E+01 -1.9167E+00
  2.1432E+02 -3.1870E+01 -2.5050E+00
  2.1470E+02 -3.1822E+01 -3.0911E+00
  2.1507E+02 -3.1765E+01 -3.6751E+00
  2.1545E+02 -3.1699E+01 -4.2568E+00
  2.1582E+02 -3.1625E+01 -4.8361E+00
  2.1620E+02 -3.1543E+01 -5.4129E+00
  2.1658E+02 -3.1453E+01 -5.9870E+00
  2.1695E+02 -3.1354E+01 -6.5585E+00
  2.1733E+02 -3.1247E+01 -7.1271E+00
  2.1770E+02 -3.1132E+01 -7.6928E+00
  2.1808E+02 -3.1009E+01 -8.2555E+00
  2.1846E+02 -3.0877E+01 -8.8150E+00
  2.1883E+02 -3.0738E+01 -9.3712E+00
  2.1921E+02 -3.0590E+01 -9.9240E+00
  2.1958E+02 -3.0434E+01 -1.0473E+01
  2.1996E+02 -3.0269E+01 -1.1019E+01
  2.2034E+02 -3.0097E+01 -1.1561E+01
  2.2071E+02 -2.9916E+01 -1.2099E+01
  2.2109E+02 -2.9727E+01 -1.2632E+01
  2.2146E+02 -2.9530E+01 -1.3162E+01
  2.2184E+02 -2.9324E+01 -1.3688E+01
  2.2222E+02 -2.9111E+01 -1.4208E+01
  2.2259E+02 -2.8889E+01 -1.4725E+01
  2.2297E+02 -2.8660E+01 -1.5236E+01
  2.2334E+02 -2.8422E+01 -1.5743E+01
  2.2372E+02 -2.8176E+01 -1.6245E+01
  2.2410E+02 -2.7922E+01 -1.6741E+01
  2.2447E+02 -2.7660E+01 -1.7233E+01
  2.2485E+02 -2.7391E+01 -1.7718E+01
  2.2522E+02 -2.7113E+01 -1.8199E+01
  2.2560E+02 -2.6828E+01 -1.8673E+01
  2.2598E+02 -2.6535E+01 -1.9142E+01
  2.2635E+02 -2.6235E+01 -1.9604E+01
  2.2673E+02 -2.5927E+01 -2.0061E+01
  2.2710E+02 -2.5612E+01 -2.0511E+01
  2.2748E+02 -2.5289E+01 -2.0955E+01
  2.2786E+02 -2.4960E+01 -2.1392E+01
  2.2823E+02 -2.4624E+01 -2.1823E+01
  2.2861E+02 -2.4281E+01 -2.2247E+01
  2.2898E+02 -2.3931E+01 -2.2664E+01
  2.2936E+02 -2.3575E+01 -2.3074E+01
  2.2974E+02 -2.3212E+01 -2.3477E+01
  2.3011E+02 -2.2844E+01 -2.3873E+01
  2.3049E+02 -2.2470E+01 -2.4261E+01
  2.3086E+02 -2.2090E+01 -2.4643E+01
  2.3124E+02 -2.1704E+01 -2.5017E+01
  2.3162E+02 -2.1314E+01 -2.5383E+01
  2.3199E+02 -2.0918E+01 -2.5742E+01
  2.3237E+02 -2.0517E+01 -2.6093E+01
  2.3274E+02 -2.0111E+01 -2.6437E+01
  2.3312E+02 -1.9701E+01 -2.6772E+01
  2.3350E+02 -1.9287E+01 -2.7101E+01
  2.3387E+02 -1.8868E+01 -2.7421E+01
  2.3425E+02 -1.8445E+01 -2.7733E+01
  2.3462E+02 -1.8018E+01 -2.8038E+01
  2.3500E+02 -1.7588E+01 -2.8334E+01
  2.3538E+02 -1.7154E+01 -2.8623E+01
  2.3575E+02 -1.6717E+01 -2.8903E+01
  2.3613E+02 -1.6277E+01 -2.9176E+01
  2.3650E+02 -1.5834E+01 -2.9441E+01
  2.3688E+02 -1.5388E+01 -2.9697E+01
  2.3726E+02 -1.4940E+01 -2.9946E+01
  2.3763E+02 -1.4490E+01 -3.0187E+01
  2.3801E+02 -1.4037E+01 -3.0420E+01
  2.3838E+02 -1.3582E+01 -3.0644E+01
  2.3876E+02 -1.3125E+01 -3.0861E+01
  2.3914E+02 -1.2667E+01 -3.1070E+01
  2.3951E+02 -1.2206E+01 -3.1271E+01
  2.3989E+02 -1.1744E+01 -3.1464E+01
  2.4026E+02 -1.1280E+01 -3.1649E+01
  2.4064E+02 -1.0815E+01 -3.1826E+01
  2.4102E+02 -1.0348E+01 -3.1995E+01
  2.4139E+02 -9.8805E+00 -3.2156E+01
  2.4177E+02 -9.4117E+00 -3.2310E+01
  2.4214E+02 -8.9419E+00 -3.2455E+01
  2.4252E+02 -8.4713E+00 -3.2593E+01
  2.4290E+02 -7.9999E+00 -3.2723E+01
  2.4327E+02 -7.5279E+00 -3.2845E+01
  2.4365E+02 -7.0554E+00 -3.2959E+01
  2.4402E+02 -6.5823E+00 -3.3065E+01
  2.4440E+02 -6.1089E+00 -3.3163E+01
  2.4478E+02 -5.6352E+00 -3.3254E+01
  2.4515E+02 -5.1612E+00 -3.3337E+01
  2.4553E+02 -4.6870E+00 -3.3412E+01
  2.4590E+02 -4.2127E+00 -3.3480E+01
  2.4628E+02 -3.7383E+00 -3.3540E+01
  2.4666E+02 -3.2639E+00 -3.3592E+01
  2.4703E+02 -2.7896E+00 -3.3636E+01
  2.4741E+02 -2.3154E+00 -3.3672E+01
  2.4778E+02 -1.8414E+00 -3.3701E+01
  2.4816E+02 -1.3678E+00 -3.3722E+01
  2.4854E+02 -8.9457E-01 -3.3735E+01
  2.4891E+02 -4.2185E-01 -3.3741E+01
  2.4929E+02  5.0257E-02 -3.3739E+01
  2.4966E+02  5.2166E-01 -3.3729E+01
  2.5004E+02  9.9223E-01 -3.3712E+01
  2.5042E+02  1.4619E+00 -3.3687E+01
  2.5079E+02  1.9305E+00 -3.3654E+01
  2.5117E+02  2.3979E+00 -3.3613E+01
  2.5154E+02  2.8641E+00 -3.3565E+01
  2.5192E+02  3.3289E+00 -3.3510E+01
  2.5230E+02  3.7922E+00 -3.3446E+01
  2.5267E+02  4.2539E+00 -3.3375E+01
  2.5305E+02  4.7138E+00 -3.3297E+01
  2.5342E+02  5.1718E+00 -3.3211E+01
  2.5380E+02  5.6278E+00 -3.3118E+01
  2.5418E+02  6.0816E+00 -3.3017E+01
  2.5455E+02  6.5331E+00 -3.2909E+01
  2.5493E+02  6.9822E+00 -3.2793E+01
  2.5530E+02  7.4287E+00 -3.2670E+01
  2.5568E+02  7.8724E+00 -3.2540E+01
  2.5606E+02  8.3133E+00 -3.2403E+01
  2.5643E+02  8.7511E+00 -3.2258E+01
  2.5681E+02  9.1857E+00 -3.2107E+01
  2.5718E+02  9.6169E+00 -3.1948E+01
  2.5756E+02  1.0045E+01 -3.1783E+01
  2.5794E+02  1.0469E+01 -3.1610E+01
  2.5831E+02  1.0889E+01 -3.1431E+01
  2.5869E+02  1.1306E+01 -3.1245E+01
  2.5906E+02  1.1718E+01 -3.1053E+01
  2.5944E+02  1.2126E+01 -3.0854E+01
  2.5982E+02  1.2530E+01 -3.0648E+01
  2.6019E+02  1.2929E+01 -3.0437E+01
  2.6057E+02  1.3324E+01 -3.0219E+01
  2.6094E+02  1.3714E+01 -2.9994E+01
  2.6132E+02  1.4099E+01 -2.9764E+01
  2.6170E+02  1.4479E+01 -2.9528E+01
  2.6207E+02  1.4854E+01 -2.9286E+01
  2.6245E+02  1.5224E+01 -2.9039E+01
  2.6282E+02  1.5589E+01 -2.8786E+01
  2.6320E+02  1.5948E+01 -2.8527E+01
  2.6358E+02  1.6302E+01 -2.8263E+01
  2.6395E+02  1.6650E+01 -2.7994E+01
  2.6433E+02  1.6993E+01 -2.7719E+01
  2.6470E+02  1.7330E+01 -2.7440E+01
  2.6508E+02  1.7662E+01 -2.7156E+01
  2.6546E+02  1.7987E+01 -2.6867E+01
  2.6583E+02  1.8307E+01 -2.6574E+01
  2.6621E+02  1.8621E+01 -2.6276E+01
  2.6658E+02  1.8930E+01 -2.5973E+01
  2.6696E+02  1.9232E+01 -2.5666E+01
  2.6734E+02  1.9528E+01 -2.5355E+01
  2.6771E+02  1.9819E+01 -2.5040E+01
  2.6809E+02  2.0103E+01 -2.4722E+01
  2.6846E+02  2.0382E+01 -2.4399E+01
  2.6884E+02  2.0654E+01 -2.4072E+01
  2.6922E+02  2.0920E+01 -2.3742E+01
  2.6959E+02  2.1181E+01 -2.3409E+01
  2.6997E+02  2.1435E+01 -2.3072E+01
  2.7034E+02  2.1683E+01 -2.2732E+01
  2.7072E+02  2.1925E+01 -2.2388E+01
  2.7110E+02  2.2161E+01 -2.2042E+01
  2.7147E+02  2.2391E+01 -2.1692E+01
  2.7185E+02  2.2615E+01 -2.1340E+01
  2.7222E+02  2.2832E+01 -2.0985E+01
  2.7260E+02  2.3044E+01 -2.0627E+01
  2.7298E+02  2.3249E+01 -2.0266E+01
  2.7335E+02  2.3449E+01 -1.9904E+01
  2.7373E+02  2.3642E+01 -1.9538E+01
  2.7410E+02  2.3829E+01 -1.9171E+01
  2.7448E+02  2.4010E+01 -1.8801E+01
  2.7486E+02  2.4185E+01 -1.8429E+01
  2.7523E+02  2.4354E+01 -1.8055E+01
  2.7561E+02  2.4517E+01 -1.7679E+01
  2.7598E+02  2.4674E+01 -1.7301E+01
  2.7636E+02  2.4824E+01 -1.6921E+01
  2.7674E+02  2.4969E+01 -1.6539E+01
  2.7711E+02  2.5108E+01 -1.6156E+01
  2.7749E+02  2.5240E+01 -1.5772E+01
  2.7786E+02  2.5367E+01 -1.5386E+01
  2.7824E+02  2.5487E+01 -1.4998E+01
  2.7862E+02  2.5601E+01 -1.4609E+01
  2.7899E+02  2.5709E+01 -1.4219E+01
  2.7937E+02  2.5812E+01 -1.3828E+01
  2.7974E+02  2.5908E+01 -1.3436E+01
  2.8012E+02  2.5998E+01 -1.3043E+01
  2.8050E+02  2.6081E+01 -1.2649E+01
  2.8087E+02  2.6159E+01 -1.2254E+01
  2.8125E+02  2.6231E+01 -1.1859E+01
  2.8162E+02  2.6296E+01 -1.1463E+01
  2.8200E+02  2.6355E+01 -1.1066E+01
  2.8238E+02  2.6408E+01 -1.0669E+01
  2.8275E+02  2.6455E+01 -1.0272E+01
  2.8313E+02  2.6495E+01 -9.8746E+00
  2.8350E+02  2.6530E+01 -9.4770E+00
  2.8388E+02  2.6558E+01 -9.0794E+00
  2.8426E+02  2.6579E+01 -8.6818E+00
  2.8463E+02  2.6594E+01 -8.2844E+00
  2.8501E+02  2.6603E+01 -7.8874E+00
  2.8538E+02  2.6606E+01 -7.4907E+00
  2.8576E+02  2.6602E+01 -7.0945E+00
  2.8614E+02  2.6592E+01 -6.6989E+00
  2.8651E+02  2.6575E+01 -6.3041E+00
  2.8689E+02  2.6552E+01 -5.9100E+00
  2.8726E+02  2.6523E+01 -5.5170E+00
  2.8764E+02  2.6487E+01 -5.1249E+00
  2.8802E+02  2.6444E+01 -4.7341E+00
  2.8839E+02  2.6396E+01 -4.3445E+00
  2.8877E+02  2.6341E+01 -3.9563E+00
  2.8914E+02  2.6279E+01 -3.5696E+00
  2.8952E+02  2.6211E+01 -3.1845E+00
  2.8990E+02  2.6137E+01 -2.8012E+00
  2.9027E+02  2.6056E+01 -2.4198E+00
  2.9065E+02  2.5970E+01 -2.0403E+00
  2.9102E+02  2.5877E+01 -1.6629E+00
  2.9140E+02  2.5777E+01 -1.2876E+00
  2.9178E+02  2.5672E+01 -9.1472E-01
  2.9215E+02  2.5560E+01 -5.4422E-01
  2.9253E+02  2.5443E+01 -1.7623E-01
  2.9290E+02  2.5319E+01  1.8912E-01
  2.9328E+02  2.5190E+01  5.5175E-01
  2.9366E+02  2.5055E+01  9.1154E-01
  2.9403E+02  2.4913E+01  1.2684E+00
  2.9441E+02  2.4767E+01  1.6222E+00
  2.9478E+02  2.4614E+01  1.9729E+00
  2.9516E+02  2.4456E+01  2.3204E+00
  2.9554E+02  2.4293E+01  2.6646E+00
  2.9591E+02  2.4124E+01  3.0054E+00
  2.9629E+02  2.3950E+01  3.3427E+00
  2.9666E+02  2.3771E+01  3.6764E+00
  2.9704E+02  2.3586E+01  4.0065E+00
  2.9742E+02  2.3397E+01  4.3328E+00
  2.9779E+02  2.3202E+01  4.6554E+00
  2.9817E+02  2.3003E+01  4.9740E+00
  2.9854E+02  2.2799E+01  5.2888E+00
  2.9892E+02  2.2591E+01  5.5995E+00
  2.9930E+02  2.2378E+01  5.9061E+00
  2.9967E+02  2.2160E+01  6.2087E+00
  3.0005E+02  2.1938E+01  6.5070E+00
  3.0042E+02  2.1712E+01  6.8011E+00
  3.0080E+02  2.1482E+01  7.0909E+00
  3.0118E+02  2.1248E+01  7.3764E+00
  3.0155E+02  2.1009E+01  7.6575E+00
  3.0193E+02  2.0767E+01  7.9342E+00
  3.0230E+02  2.0522E+01  8.2064E+00
  3.0268E+02  2.0272E+01  8.4741E+00
  3.0306E+02  2.0019E+01  8.7372E+00
  3.0343E+02  1.9763E+01  8.9958E+00
  3.0381E+02  1.9503E+01  9.2498E+00
  3.0418E+02  1.9240E+01  9.4991E+00
  3.0456E+02  1.8974E+01  9.7438E+00
  3.0494E+02  1.8705E+01  9.9838E+00
  3.0531E+02  1.8433E+01  1.0219E+01
  3.0569E+02  1.8158E+01  1.0450E+01
  3.0606E+02  1.7881E+01  1.0675E+01
  3.0644E+02  1.7600E+01  1.0896E+01
  3.0682E+02  1.7318E+01  1.1113E+01
  3.0719E+02  1.7032E+01  1.1324E+01
  3.0757E+02  1.6745E+01  1.1531E+01
  3.0794E+02  1.6455E+01  1.1732E+01
  3.0832E+02  1.6162E+01  1.1929E+01
  3.0870E+02  1.5868E+01  1.2121E+01
  3.0907E+02  1.5572E+01  1.2309E+01
  3.0945E+02  1.5273E+01  1.2491E+01
  3.0982E+02  1.4973E+01  1.2668E+01
  3.1020E+02  1.4671E+01  1.2841E+01
  3.1058E+02  1.4367E+01  1.3008E+01
  3.1095E+02  1.4061E+01  1.3171E+01
  3.1133E+02  1.3754E+01  1.3329E+01
  3.1170E+02  1.3445E+01  1.3482E+01
  3.1208E+02  1.3135E+01  1.3630E+01
  3.1246E+02  1.2823E+01  1.3773E+01
  3.1283E+02  1.2510E+01  1.3910E+01
  3.1321E+02  1.2195E+01  1.4043E+01
  3.1358E+02  1.1879E+01  1.4171E+01
  3.1396E+02  1.1563E+01  1.4294E+01
  3.1434E+02  1.1244E+01  1.4412E+01
  3.1471E+02  1.0925E+01  1.4525E+01
  3.1509E+02  1.0605E+01  1.4633E+01
  3.1546E+02  1.0284E+01  1.4736E+01
  3.1584E+02  9.9616E+00  1.4834E+01
  3.1622E+02  9.6386E+00  1.4927E+01
  3.1659E+02  9.3149E+00  1.5014E+01
  3.1697E+02  8.9904E+00  1.5097E+01
  3.1734E+02  8.6653E+00  1.5174E+01
  3.1772E+02  8.3396E+00  1.5247E+01
  3.1810E+02  8.0133E+00  1.5314E+01
  3.1847E+02  7.6866E+00  1.5376E+01
  3.1885E+02  7.3595E+00  1.5434E+01
  3.1922E+02  7.0320E+00  1.5486E+01
  3.1960E+02  6.7043E+00  1.5532E+01
  3.1998E+02  6.3764E+00  1.5574E+01
  3.2035E+02  6.0484E+00  1.5611E+01
  3.2073E+02  5.7203E+00  1.5642E+01
  3.2110E+02  5.3922E+00  1.5668E+01
  3.2148E+02  5.0643E+00  1.5689E+01
  3.2186E+02  4.7365E+00  1.5705E+01
  3.2223E+02  4.4090E+00  1.5716E+01
  3.2261E+02  4.0818E+00  1.5722E+01
  3.2298E+02  3.7551E+00  1.5722E+01
  3.2336E+02  3.4288E+00  1.5718E+01
  3.2374E+02  3.1032E+00  1.5708E+01
  3.2411E+02  2.7782E+00  1.5693E+01
  3.2449E+02  2.4540E+00  1.5673E+01
  3.2486E+02  2.1307E+00  1.5648E+01
  3.2524E+02  1.8083E+00  1.5618E+01
  3.2562E+02  1.4869E+00  1.5583E+01
  3.2599E+02  1.1666E+00  1.5543E+01
  3.2637E+02  8.4751E-01  1.5497E+01
  3.2674E+02  5.2970E-01  1.5447E+01
  3.2712E+02  2.1327E-01  1.5392E+01
  3.2750E+02 -1.0170E-01  1.5332E+01
  3.2787E+02 -4.1513E-01  1.5267E+01
  3.2825E+02 -7.2692E-01  1.5197E+01
  3.2862E+02 -1.0370E+00  1.5122E+01
  3.2900E+02 -1.3453E+00  1.5043E+01
  3.2938E+02 -1.6516E+00  1.4959E+01
  3.2975E+02 -1.9560E+00  1.4870E+01
  3.3013E+02 -2.2583E+00  1.4776E+01
  3.3050E+02 -2.5584E+00  1.4678E+01
  3.3088E+02 -2.8563E+00  1.4575E+01
  3.3126E+02 -3.1519E+00  1.4468E+01
  3.3163E+02 -3.4451E+00  1.4356E+01
  3.3201E+02 -3.7357E+00  1.4240E+01
  3.3238E+02 -4.0238E+00  1.4119E+01
  3.3276E+02 -4.3092E+00  1.3994E+01
  3.3314E+02 -4.5919E+00  1.3865E+01
  3.3351E+02 -4.8717E+00  1.3732E+01
  3.3389E+02 -5.1487E+00  1.3594E+01
  3.3426E+02 -5.4226E+00  1.3453E+01
  3.3464E+02 -5.6935E+00  1.3307E+01
  3.3502E+02 -5.9612E+00  1.3158E+01
  3.3539E+02 -6.2258E+00  1.3004E+01
  3.3577E+02 -6.4870E+00  1.2847E+01
  3.3614E+02 -6.7450E+00  1.2687E+01
  3.3652E+02 -6.9995E+00  1.2522E+01
  3.3690E+02 -7.2505E+00  1.2354E+01
  3.3727E+02 -7.4980E+00  1.2183E+01
  3.3765E+02 -7.7420E+00  1.2008E+01
  3.3802E+02 -7.9823E+00  1.1830E+01
  3.3840E+02 -8.2188E+00  1.1648E+01
  3.3878E+02 -8.4517E+00  1.1464E+01
  3.3915E+02 -8.6807E+00  1.1276E+01
  3.3953E+02 -8.9059E+00  1.1086E+01
  3.3990E+02 -9.1273E+00  1.0892E+01
  3.4028E+02 -9.3447E+00  1.0695E+01
  3.4066E+02 -9.5581E+00  1.0496E+01
  3.4103E+02 -9.7676E+00  1.0294E+01
  3.4141E+02 -9.9730E+00  1.0090E+01
  3.4178E+02 -1.0174E+01  9.8826E+00
  3.4216E+02 -1.0372E+01  9.6730E+00
  3.4254E+02 -1.0565E+01  9.4611E+00
  3.4291E+02 -1.0754E+01  9.2468E+00
  3.4329E+02 -1.0939E+01  9.0303E+00
  3.4366E+02 -1.1120E+01  8.8117E+00
  3.4404E+02 -1.1297E+01  8.5910E+00
  3.4442E+02 -1.1469E+01  8.3682E+00
  3.4479E+02 -1.1638E+01  8.1435E+00
  3.4517E+02 -1.1802E+01  7.9170E+00
  3.4554E+02 -1.1962E+01  7.6887E+00
  3.4592E+02 -1.2118E+01  7.4586E+00
  3.4630E+02 -1.2269E+01  7.2269E+00
  3.4667E+02 -1.2417E+01  6.9936E+00
  3.4705E+02 -1.2560E+01  6.7588E+00
  3.4742E+02 -1.2699E+01  6.5226E+00
  3.4780E+02 -1.2834E+01  6.2849E+00
  3.4818E+02 -1.2965E+01  6.0459E+00
  3.4855E+02 -1.3091E+01  5.8057E+00
  3.4893E+02 -1.3214E+01  5.5643E+00
  3.4930E+02 -1.3332E+01  5.3217E+00
  3.4968E+02 -1.3446E+01  5.0781E+00
  3.5006E+02 -1.3557E+01  4.8334E+00
  3.5043E+02 -1.3663E+01  4.5878E+00
  3.5081E+02 -1.3764E+01  4.3413E+00
  3.5118E+02 -1.3862E+01  4.0940E+00
  3.5156E+02 -1.3956E+01  3.8458E+00
  3.5194E+02 -1.4046E+01  3.5970E+00
  3.5231E+02 -1.4131E+01  3.3475E+00
  3.5269E+02 -1.4213E+01  3.0973E+00
  3.5306E+02 -1.4290E+01  2.8466E+00
  3.5344E+02 -1.4364E+01  2.5954E+00
  3.5382E+02 -1.4433E+01  2.3438E+00
  3.5419E+02 -1.4499E+01  2.0918E+00
  3.5457E+02 -1.4560E+01  1.8394E+00
  3.5494E+02 -1.4617E+01  1.5868E+00
  3.5532E+02 -1.4671E+01  1.3339E+00
  3.5570E+02 -1.4720E+01  1.0809E+00
  3.5607E+02 -1.4765E+01  8.2770E-01
  3.5645E+02 -1.4807E+01  5.7449E-01
  3.5682E+02 -1.4844E+01  3.2128E-01
  3.5720E+02 -1.4877E+01  6.8123E-02
  3.5758E+02 -1.4907E+01 -1.8492E-01
  3.5795E+02 -1.4932E+01 -4.3779E-01
  3.5833E+02 -1.4954E+01 -6.9043E-01
  3.5870E+02 -1.4971E+01 -9.4279E-01
  3.5908E+02 -1.4985E+01 -1.1948E+00
  3.5946E+02 -1.4994E+01 -1.4464E+00
  3.5983E+02 -1.4999E+01 -1.6975E+00
  3.6021E+02 -1.5001E+01 -1.9482E+00
  3.6058E+02 -1.4999E+01 -2.1982E+00
  3.6096E+02 -1.4992E+01 -2.4476E+00
  3.6134E+02 -1.4982E+01 -2.6962E+00
  3.6171E+02 -1.4968E+01 -2.9441E+00
  3.6209E+02 -1.4949E+01 -3.1912E+00
  3.6246E+02 -1.4927E+01 -3.4374E+00
  3.6284E+02 -1.4901E+01 -3.6826E+00
  3.6322E+02 -1.4871E+01 -3.9268E+00
  3.6359E+02 -1.4837E+01 -4.1699E+00
  3.6397E+02 -1.4800E+01 -4.4119E+00
  3.6434E+02 -1.4758E+01 -4.6526E+00
  3.6472E+02 -1.4713E+01 -4.8921E+00
  3.6510E+02 -1.4664E+01 -5.1303E+00
  3.6547E+02 -1.4611E+01 -5.3670E+00
  3.6585E+02 -1.4554E+01 -5.6023E+00
  3.6622E+02 -1.4494E+01 -5.8361E+00
  3.6660E+02 -1.4430E+01 -6.0683E+00
  3.6698E+02 -1.4362E+01 -6.2988E+00
  3.6735E+02 -1.4291E+01 -6.5277E+00
  3.6773E+02 -1.4216E+01 -6.7548E+00
  3.6810E+02 -1.4137E+01 -6.9800E+00
  3.6848E+02 -1.4055E+01 -7.2034E+00
  3.6886E+02 -1.3969E+01 -7.4249E+00
  3.6923E+02 -1.3880E+01 -7.6443E+00
  3.6961E+02 -1.3788E+01 -7.8617E+00
  3.6998E+02 -1.3692E+01 -8.0770E+00
  3.7036E+02 -1.3593E+01 -8.2902E+00
  3.7074E+02 -1.3491E+01 -8.5011E+00
  3.7111E+02 -1.3385E+01 -8.7097E+00
  3.7149E+02 -1.3276E+01 -8.9161E+00
  3.7186E+02 -1.3164E+01 -9.1200E+00
  3.7224E+02 -1.3049E+01 -9.3216E+00
  3.7262E+02 -1.2931E+01 -9.5207E+00
  3.7299E+02 -1.2809E+01 -9.7172E+00
  3.7337E+02 -1.2685E+01 -9.9112E+00
  3.7374E+02 -1.2558E+01 -1.0103E+01
  3.7412E+02 -1.2427E+01 -1.0291E+01
  3.7450E+02 -1.2294E+01 -1.0477E+01
  3.7487E+02 -1.2158E+01 -1.0661E+01
  3.7525E+02 -1.2020E+01 -1.0841E+01
  3.7562E+02 -1.1878E+01 -1.1019E+01
  3.7600E+02 -1.1734E+01 -1.1194E+01
  3.7638E+02 -1.1587E+01 -1.1366E+01
  3.7675E+02 -1.1438E+01 -1.1534E+01
  3.7713E+02 -1.1286E+01 -1.1700E+01
  3.7750E+02 -1.1132E+01 -1.1863E+01
  3.7788E+02 -1.0975E+01 -1.2023E+01
  3.7826E+02 -1.0816E+01 -1.2180E+01
  3.7863E+02 -1.0654E+01 -1.2334E+01
  3.7901E+02 -1.0490E+01 -1.2484E+01
  3.7938E+02 -1.0324E+01 -1.2632E+01
  3.7976E+02 -1.0156E+01 -1.2776E+01
  3.8014E+02 -9.9852E+00 -1.2917E+01
  3.8051E+02 -9.8127E+00 -1.3054E+01
  3.8089E+02 -9.6382E+00 -1.3189E+01
  3.8126E+02 -9.4618E+00 -1.3320E+01
  3.8164E+02 -9.2835E+00 -1.3447E+01
  3.8202E+02 -9.1033E+00 -1.3572E+01
  3.8239E+02 -8.9214E+00 -1.3692E+01
  3.8277E+02 -8.7377E+00 -1.3810E+01
  3.8314E+02 -8.5524E+00 -1.3924E+01
  3.8352E+02 -8.3656E+00 -1.4035E+01
  3.8390E+02 -8.1772E+00 -1.4142E+01
  3.8427E+02 -7.9874E+00 -1.4245E+01
  3.8465E+02 -7.7962E+00 -1.4345E+01
  3.8502E+02 -7.6036E+00 -1.4442E+01
  3.8540E+02 -7.4099E+00 -1.4535E+01
  3.8578E+02 -7.2149E+00 -1.4625E+01
  3.8615E+02 -7.0188E+00 -1.4711E+01
  3.8653E+02 -6.8217E+00 -1.4793E+01
  3.8690E+02 -6.6235E+00 -1.4872E+01
  3.8728E+02 -6.4245E+00 -1.4948E+01
  3.8766E+02 -6.2246E+00 -1.5020E+01
  3.8803E+02 -6.0240E+00 -1.5088E+01
  3.8841E+02 -5.8226E+00 -1.5153E+01
  3.8878E+02 -5.6206E+00 -1.5214E+01
  3.8916E+02 -5.4180E+00 -1.5271E+01
  3.8954E+02 -5.2149E+00 -1.5325E+01
  3.8991E+02 -5.0114E+00 -1.5376E+01
  3.9029E+02 -4.8075E+00 -1.5423E+01
  3.9066E+02 -4.6033E+00 -1.5466E+01
  3.9104E+02 -4.3989E+00 -1.5506E+01
  3.9142E+02 -4.1943E+00 -1.5542E+01
  3.9179E+02 -3.9896E+00 -1.5575E+01
  3.9217E+02 -3.7849E+00 -1.5604E+01
  3.9254E+02 -3.5802E+00 -1.5630E+01
  3.9292E+02 -3.3756E+00 -1.5652E+01
  3.9330E+02 -3.1712E+00 -1.5671E+01
  3.9367E+02 -2.9670E+00 -1.5686E+01
  3.9405E+02 -2.7631E+00 -1.5698E+01
  3.9442E+02 -2.5595E+00 -1.5707E+01
  3.9480E+02 -2.3564E+00 -1.5712E+01
  3.9518E+02 -2.1537E+00 -1.5714E+01
  3.9555E+02 -1.9515E+00 -1.5712E+01
  3.9593E+02 -1.7500E+00 -1.5707E+01
  3.9630E+02 -1.5490E+00 -1.5699E+01
  3.9668E+02 -1.3488E+00 -1.5687E+01
  3.9706E+02 -1.1493E+00 -1.5673E+01
  3.9743E+02 -9.5062E-01 -1.5655E+01
  3.9781E+02 -7.5278E-01 -1.5633E+01
  3.9818E+02 -5.5584E-01 -1.5609E+01
  3.9856E+02 -3.5984E-01 -1.5581E+01
  3.9894E+02 -1.6483E-01 -1.5551E+01
  3.9931E+02  2.9141E-02 -1.5517E+01
  3.9969E+02  2.2204E-01 -1.5480E+01
  4.0006E+02  4.1382E-01 -1.5440E+01
  4.0044E+02  6.0444E-01 -1.5397E+01
  4.0082E+02  7.9387E-01 -1.5351E+01
  4.0119E+02  9.8207E-01 -1.5301E+01
  4.0157E+02  1.1690E+00 -1.5249E+01
  4.0194E+02  1.3546E+00 -1.5195E+01
  4.0232E+02  1.5389E+00 -1.5137E+01
  4.0270E+02  1.7218E+00 -1.5076E+01
  4.0307E+02  1.9033E+00 -1.5012E+01
  4.0345E+02  2.0834E+00 -1.4946E+01
  4.0382E+02  2.2620E+00 -1.4877E+01
  4.0420E+02  2.4391E+00 -1.4805E+01
  4.0458E+02  2.6147E+00 -1.4730E+01
  4.0495E+02  2.7888E+00 -1.4653E+01
  4.0533E+02  2.9612E+00 -1.4573E+01
  4.0570E+02  3.1321E+00 -1.4490E+01
  4.0608E+02  3.3013E+00 -1.4405E+01
  4.0646E+02  3.4688E+00 -1.4317E+01
  4.0683E+02  3.6347E+00 -1.4227E+01
  4.0721E+02  3.7988E+00 -1.4134E+01
  4.0758E+02  3.9612E+00 -1.4038E+01
  4.0796E+02  4.1218E+00 -1.3940E+01
  4.0834E+02  4.2806E+00 -1.3840E+01
  4.0871E+02  4.4376E+00 -1.3737E+01
  4.0909E+02  4.5927E+00 -1.3632E+01
  4.0946E+02  4.7460E+00 -1.3524E+01
  4.0984E+02  4.8973E+00 -1.3414E+01
  4.1022E+02  5.0467E+00 -1.3302E+01
  4.1059E+02  5.1942E+00 -1.3188E+01
  4.1097E+02  5.3396E+00 -1.3071E+01
  4.1134E+02  5.4831E+00 -1.2952E+01
  4.1172E+02  5.6245E+00 -1.2831E+01
  4.1210E+02  5.7639E+00 -1.2708E+01
  4.1247E+02  5.9011E+00 -1.2582E+01
  4.1285E+02  6.0363E+00 -1.2455E+01
  4.1322E+02  6.1693E+00 -1.2326E+01
  4.1360E+02  6.3002E+00 -1.2194E+01
  4.1398E+02  6.4289E+00 -1.2061E+01
  4.1435E+02  6.5553E+00 -1.1926E+01
  4.1473E+02  6.6796E+00 -1.1788E+01
  4.1510E+02  6.8015E+00 -1.1649E+01
  4.1548E+02  6.9212E+00 -1.1508E+01
  4.1586E+02  7.0386E+00 -1.1366E+01
  4.1623E+02  7.1536E+00 -1.1221E+01
  4.1661E+02  7.2663E+00 -1.1075E+01
  4.1698E+02  7.3766E+00 -1.0927E+01
  4.1736E+02  7.4845E+00 -1.0778E+01
  4.1774E+02  7.5899E+00 -1.0627E+01
  4.1811E+02  7.6929E+00 -1.0474E+01
  4.1849E+02  7.7934E+00 -1.0320E+01
  4.1886E+02  7.8914E+00 -1.0165E+01
  4.1924E+02  7.9869E+00 -1.0008E+01
  4.1962E+02  8.0798E+00 -9.8495E+00
  4.1999E+02  8.1701E+00 -9.6898E+00
  4.2037E+02  8.2579E+00 -9.5289E+00
  4.2074E+02  8.3430E+00 -9.3668E+00
  4.2112E+02  8.4254E+00 -9.2035E+00
  4.2150E+02  8.5052E+00 -9.0390E+00
  4.2187E+02  8.5823E+00 -8.8734E+00
  4.2225E+02  8.6567E+00 -8.7069E+00
  4.2262E+02  8.7283E+00 -8.5393E+00
  4.2300E+02  8.7972E+00 -8.3707E+00
  4.2338E+02  8.8633E+00 -8.2013E+00
  4.2375E+02  8.9265E+00 -8.0311E+00
  4.2413E+02  8.9870E+00 -7.8600E+00
  4.2450E+02  9.0447E+00 -7.6882E+00
  4.2488E+02  9.0995E+00 -7.5157E+00
  4.2526E+02  9.1514E+00 -7.3426E+00
  4.2563E+02  9.2005E+00 -7.1689E+00
  4.2601E+02  9.2467E+00 -6.9947E+00
  4.2638E+02  9.2900E+00 -6.8200E+00
  4.2676E+02  9.3305E+00 -6.6448E+00
  4.2714E+02  9.3680E+00 -6.4693E+00
  4.2751E+02  9.4026E+00 -6.2935E+00
  4.2789E+02  9.4342E+00 -6.1174E+00
  4.2826E+02  9.4630E+00 -5.9411E+00
  4.2864E+02  9.4889E+00 -5.7646E+00
  4.2902E+02  9.5118E+00 -5.5880E+00
  4.2939E+02  9.5319E+00 -5.4114E+00
  4.2977E+02  9.5490E+00 -5.2347E+00
  4.3014E+02  9.5632E+00 -5.0581E+00
  4.3052E+02  9.5746E+00 -4.8816E+00
  4.3090E+02  9.5831E+00 -4.7052E+00
  4.3127E+02  9.5887E+00 -4.5290E+00
  4.3165E+02  9.5914E+00 -4.3531E+00
  4.3202E+02  9.5913E+00 -4.1774E+00
  4.3240E+02  9.5884E+00 -4.0021E+00
  4.3278E+02  9.5827E+00 -3.8271E+00
  4.3315E+02  9.5742E+00 -3.6526E+00
  4.3353E+02  9.5629E+00 -3.4786E+00
  4.3390E+02  9.5489E+00 -3.3050E+00
  4.3428E+02  9.5321E+00 -3.1321E+00
  4.3466E+02  9.5126E+00 -2.9597E+00
  4.3503E+02  9.4905E+00 -2.7880E+00
  4.3541E+02  9.4657E+00 -2.6169E+00
  4.3578E+02  9.4382E+00 -2.4466E+00
  4.3616E+02  9.4081E+00 -2.2771E+00
  4.3654E+02  9.3754E+00 -2.1084E+00
  4.3691E+02  9.3402E+00 -1.9405E+00
  4.3729E+02  9.3024E+00 -1.7735E+00
  4.3766E+02  9.2621E+00 -1.6074E+00
  4.3804E+02  9.2193E+00 -1.4423E+00
  4.3842E+02  9.1740E+00 -1.2782E+00
  4.3879E+02  9.1263E+00 -1.1151E+00
  4.3917E+02  9.0762E+00 -9.5304E-01
  4.3954E+02  9.0238E+00 -7.9209E-01
  4.3992E+02  8.9689E+00 -6.3226E-01
  4.4030E+02  8.9118E+00 -4.7360E-01
  4.4067E+02  8.8523E+00 -3.1612E-01
  4.4105E+02  8.7906E+00 -1.5986E-01
  4.4142E+02  8.7267E+00 -4.8481E-03
  4.4180E+02  8.6605E+00  1.4888E-01
  4.4218E+02  8.5922E+00  3.0131E-01
  4.4255E+02  8.5217E+00  4.5240E-01
  4.4293E+02  8.4491E+00  6.0213E-01
  4.4330E+02  8.3745E+00  7.5046E-01
  4.4368E+02  8.2977E+00  8.9738E-01
  4.4406E+02  8.2189E+00  1.0429E+00
  4.4443E+02  8.1381E+00  1.1869E+00
  4.4481E+02  8.0554E+00  1.3294E+00
  4.4518E+02  7.9706E+00  1.4704E+00
  4.4556E+02  7.8840E+00  1.6098E+00
  4.4594E+02  7.7954E+00  1.7477E+00
  4.4631E+02  7.7050E+00  1.8839E+00
  4.4669E+02  7.6128E+00  2.0186E+00
  4.4706E+02  7.5188E+00  2.1516E+00
  4.4744E+02  7.4229E+00  2.2829E+00
  4.4782E+02  7.3253E+00  2.4125E+00
  4.4819E+02  7.2260E+00  2.5405E+00
  4.4857E+02  7.1250E+00  2.6666E+00
  4.4894E+02  7.0223E+00  2.7911E+00
  4.4932E+02  6.9180E+00  2.9137E+00
  4.4970E+02  6.8121E+00  3.0345E+00
  4.5007E+02  6.7045E+00  3.1535E+00
  4.5045E+02  6.5954E+00  3.2706E+00
  4.5082E+02  6.4848E+00  3.3859E+00
  4.5120E+02  6.3727E+00  3.4992E+00
  4.5158E+02  6.2591E+00  3.6107E+00
  4.5195E+02  6.1441E+00  3.7202E+00
  4.5233E+02  6.0276E+00  3.8277E+00
  4.5270E+02  5.9098E+00  3.9333E+00
  4.5308E+02  5.7906E+00  4.0368E+00
  4.5346E+02  5.6701E+00  4.1384E+00
  4.5383E+02  5.5483E+00  4.2379E+00
  4.5421E+02  5.4253E+00  4.3353E+00
  4.5458E+02  5.3011E+00  4.4307E+00
  4.5496E+02  5.1756E+00  4.5239E+00
  4.5534E+02  5.0490E+00  4.6151E+00
  4.5571E+02  4.9213E+00  4.7041E+00
  4.5609E+02  4.7926E+00  4.7910E+00
  4.5646E+02  4.6627E+00  4.8757E+00
  4.5684E+02  4.5319E+00  4.9583E+00
  4.5722E+02  4.4001E+00  5.0386E+00
  4.5759E+02  4.2674E+00  5.1168E+00
  4.5797E+02  4.1338E+00  5.1928E+00
  4.5834E+02  3.9993E+00  5.2665E+00
  4.5872E+02  3.8641E+00  5.3380E+00
  4.5910E+02  3.7280E+00  5.4073E+00
  4.5947E+02  3.5913E+00  5.4743E+00
  4.5985E+02  3.4538E+00  5.5390E+00
  4.6022E+02  3.3157E+00  5.6015E+00
  4.6060E+02  3.1770E+00  5.6617E+00
  4.6098E+02  3.0378E+00  5.7196E+00
  4.6135E+02  2.8980E+00  5.7753E+00
  4.6173E+02  2.7577E+00  5.8286E+00
  4.6210E+02  2.6170E+00  5.8797E+00
  4.6248E+02  2.4759E+00  5.9284E+00
  4.6286E+02  2.3344E+00  5.9749E+00
  4.6323E+02  2.1926E+00  6.0191E+00
  4.6361E+02  2.0505E+00  6.0610E+00
  4.6398E+02  1.9082E+00  6.1006E+00
  4.6436E+02  1.7657E+00  6.1379E+00
  4.6474E+02  1.6231E+00  6.1729E+00
  4.6511E+02  1.4803E+00  6.2056E+00
  4.6549E+02  1.3374E+00  6.2360E+00
  4.6586E+02  1.1945E+00  6.2642E+00
  4.6624E+02  1.0516E+00  6.2901E+00
  4.6662E+02  9.0877E-01  6.3137E+00
  4.6699E+02  7.6598E-01  6.3351E+00
  4.6737E+02  6.2329E-01  6.3542E+00
  4.6774E+02  4.8075E-01  6.3711E+00
  4.6812E+02  3.3840E-01  6.3858E+00
  4.6850E+02  1.9626E-01  6.3982E+00
  4.6887E+02  5.4367E-02  6.4084E+00
  4.6925E+02 -8.7235E-02  6.4164E+00
  4.6962E+02 -2.2852E-01  6.4223E+00
  4.7000E+02 -3.6944E-01  6.4259E+00
  4.7038E+02 -5.0998E-01  6.4274E+00
  4.7075E+02 -6.5010E-01  6.4267E+00
  4.7113E+02 -7.8977E-01  6.4239E+00
  4.7150E+02 -9.2896E-01  6.4189E+00
  4.7188E+02 -1.0676E+00  6.4118E+00
  4.7226E+02 -1.2057E+00  6.4027E+00
  4.7263E+02 -1.3433E+00  6.3914E+00
  4.7301E+02 -1.4802E+00  6.3781E+00
  4.7338E+02 -1.6165E+00  6.3627E+00
  4.7376E+02 -1.7522E+00  6.3453E+00
  4.7414E+02 -1.8871E+00  6.3258E+00
  4.7451E+02 -2.0214E+00  6.3044E+00
  4.7489E+02 -2.1548E+00  6.2809E+00
  4.7526E+02 -2.2876E+00  6.2555E+00
  4.7564E+02 -2.4194E+00  6.2281E+00
  4.7602E+02 -2.5505E+00  6.1987E+00
  4.7639E+02 -2.6807E+00  6.1675E+00
  4.7677E+02 -2.8100E+00  6.1343E+00
  4.7714E+02 -2.9385E+00  6.0992E+00
  4.7752E+02 -3.0659E+00  6.0623E+00
  4.7790E+02 -3.1924E+00  6.0235E+00
  4.7827E+02 -3.3180E+00  5.9829E+00
  4.7865E+02 -3.4425E+00  5.9404E+00
  4.7902E+02 -3.5659E+00  5.8962E+00
  4.7940E+02 -3.6883E+00  5.8502E+00
  4.7978E+02 -3.8096E+00  5.8024E+00
  4.8015E+02 -3.9298E+00  5.7529E+00
  4.8053E+02 -4.0489E+00  5.7016E+00
  4.8090E+02 -4.1668E+00  5.6487E+00
  4.8128E+02 -4.2835E+00  5.5941E+00
  4.8166E+02 -4.3990E+00  5.5378E+00
  4.8203E+02 -4.5132E+00  5.4799E+00
  4.8241E+02 -4.6262E+00  5.4204E+00
  4.8278E+02 -4.7379E+00  5.3593E+00
  4.8316E+02 -4.8483E+00  5.2966E+00
  4.8354E+02 -4.9574E+00  5.2324E+00
  4.8391E+02 -5.0651E+00  5.1667E+00
  4.8429E+02 -5.1715E+00  5.0994E+00
  4.8466E+02 -5.2764E+00  5.0307E+00
  4.8504E+02 -5.3799E+00  4.9606E+00
  4.8542E+02 -5.4820E+00  4.8890E+00
  4.8579E+02 -5.5826E+00  4.8160E+00
  4.8617E+02 -5.6817E+00  4.7417E+00
  4.8654E+02 -5.7793E+00  4.6660E+00
  4.8692E+02 -5.8754E+00  4.5890E+00
  4.8730E+02 -5.9700E+00  4.5107E+00
  4.8767E+02 -6.0630E+00  4.4312E+00
  4.8805E+02 -6.1544E+00  4.3504E+00
  4.8842E+02 -6.2442E+00  4.2684E+00
  4.8880E+02 -6.3323E+00  4.1852E+00
  4.8918E+02 -6.4189E+00  4.1008E+00
  4.8955E+02 -6.5038E+00  4.0154E+00
  4.8993E+02 -6.5870E+00  3.9288E+00
  4.9030E+02 -6.6686E+00  3.8412E+00
  4.9068E+02 -6.7484E+00  3.7526E+00
  4.9106E+02 -6.8265E+00  3.6629E+00
  4.9143E+02 -6.9030E+00  3.5723E+00
  4.9181E+02 -6.9776E+00  3.4807E+00
  4.9218E+02 -7.0506E+00  3.3882E+00
  4.9256E+02 -7.1217E+00  3.2949E+00
  4.9294E+02 -7.1911E+00  3.2007E+00
  4.9331E+02 -7.2587E+00  3.1056E+00
  4.9369E+02 -7.3246E+00  3.0098E+00
  4.9406E+02 -7.3886E+00  2.9132E+00
  4.9444E+02 -7.4508E+00  2.8159E+00
  4.9482E+02 -7.5112E+00  2.7179E+00
  4.9519E+02 -7.5698E+00  2.6192E+00
  4.9557E+02 -7.6265E+00  2.5199E+00
  4.9594E+02 -7.6814E+00  2.4200E+00
  4.9632E+02 -7.7345E+00  2.3195E+00
  4.9670E+02 -7.7857E+00  2.2185E+00
  4.9707E+02 -7.8351E+00  2.1170E+00
  4.9745E+02 -7.8826E+00  2.0150E+00
  4.9782E+02 -7.9283E+00  1.9126E+00
  4.9820E+02 -7.9721E+00  1.8097E+00
  4.9858E+02 -8.0140E+00  1.7065E+00
  4.9895E+02 -8.0541E+00  1.6029E+00
  4.9933E+02 -8.0923E+00  1.4990E+00
  4.9970E+02 -8.1286E+00  1.3948E+00
  5.0000E+02 -8.1559E+00  1.3126E+00
