# CREATED BY GENE DIAGNOSTICS TOOL on Mon Jun 25 17:33:24 2018
# diag: GAMDIAG, run(s): 0032, time window: 0-500(1331 steps), species: ions
# original data path: /r/c/cmor/w7xhms05_HR_low_kx/
# normalization: L_ref=5.4832m
#
# xind= 0, x/a= 0.70710677, q= 1.1018624
# Fit:    0.043723837,1.4983692,-0.033122148
# Analytic (Gao, Zhou/Yu): 0.32199362,-1.0364515e-17,1.8955059
#  t          Re[phi]     Im[phi]   
  0.0000E+00  2.9009E+02  0.0000E+00
  3.7600E-01  2.8914E+02  7.7951E+00
  7.5200E-01  2.8659E+02  1.5505E+01
  1.1280E+00  2.8273E+02  2.3054E+01
  1.5040E+00  2.7780E+02  3.0383E+01
  1.8800E+00  2.7207E+02  3.7449E+01
  2.2560E+00  2.6580E+02  4.4220E+01
  2.6320E+00  2.5922E+02  5.0681E+01
  3.0080E+00  2.5253E+02  5.6828E+01
  3.3840E+00  2.4590E+02  6.2666E+01
  3.7600E+00  2.3945E+02  6.8209E+01
  4.1360E+00  2.3323E+02  7.3473E+01
  4.5120E+00  2.2727E+02  7.8479E+01
  4.8880E+00  2.2153E+02  8.3246E+01
  5.2640E+00  2.1598E+02  8.7789E+01
  5.6400E+00  2.1055E+02  9.2122E+01
  6.0160E+00  2.0518E+02  9.6255E+01
  6.3920E+00  1.9980E+02  1.0019E+02
  6.7680E+00  1.9436E+02  1.0394E+02
  7.1440E+00  1.8883E+02  1.0749E+02
  7.5200E+00  1.8317E+02  1.1084E+02
  7.8960E+00  1.7740E+02  1.1399E+02
  8.2720E+00  1.7151E+02  1.1693E+02
  8.6480E+00  1.6552E+02  1.1967E+02
  9.0240E+00  1.5947E+02  1.2220E+02
  9.4000E+00  1.5339E+02  1.2451E+02
  9.7760E+00  1.4731E+02  1.2662E+02
  1.0152E+01  1.4126E+02  1.2852E+02
  1.0528E+01  1.3529E+02  1.3023E+02
  1.0904E+01  1.2942E+02  1.3173E+02
  1.1280E+01  1.2368E+02  1.3306E+02
  1.1656E+01  1.1810E+02  1.3420E+02
  1.2032E+01  1.1268E+02  1.3518E+02
  1.2408E+01  1.0745E+02  1.3601E+02
  1.2784E+01  1.0240E+02  1.3669E+02
  1.3160E+01  9.7554E+01  1.3724E+02
  1.3536E+01  9.2905E+01  1.3767E+02
  1.3912E+01  8.8457E+01  1.3798E+02
  1.4288E+01  8.4209E+01  1.3819E+02
  1.4664E+01  8.0158E+01  1.3832E+02
  1.5040E+01  7.6302E+01  1.3836E+02
  1.5416E+01  7.2634E+01  1.3833E+02
  1.5792E+01  6.9151E+01  1.3824E+02
  1.6168E+01  6.5848E+01  1.3810E+02
  1.6544E+01  6.2720E+01  1.3791E+02
  1.6920E+01  5.9760E+01  1.3768E+02
  1.7296E+01  5.6961E+01  1.3743E+02
  1.7672E+01  5.4318E+01  1.3715E+02
  1.8048E+01  5.1825E+01  1.3685E+02
  1.8424E+01  4.9477E+01  1.3655E+02
  1.8800E+01  4.7267E+01  1.3624E+02
  1.9176E+01  4.5187E+01  1.3593E+02
  1.9552E+01  4.3226E+01  1.3563E+02
  1.9928E+01  4.1376E+01  1.3534E+02
  2.0304E+01  3.9631E+01  1.3506E+02
  2.0680E+01  3.7982E+01  1.3480E+02
  2.1056E+01  3.6418E+01  1.3455E+02
  2.1432E+01  3.4930E+01  1.3434E+02
  2.1808E+01  3.3510E+01  1.3414E+02
  2.2184E+01  3.2149E+01  1.3397E+02
  2.2560E+01  3.0841E+01  1.3383E+02
  2.2936E+01  2.9574E+01  1.3371E+02
  2.3312E+01  2.8335E+01  1.3362E+02
  2.3688E+01  2.7109E+01  1.3355E+02
  2.4064E+01  2.5886E+01  1.3351E+02
  2.4440E+01  2.4658E+01  1.3350E+02
  2.4816E+01  2.3423E+01  1.3350E+02
  2.5192E+01  2.2181E+01  1.3352E+02
  2.5568E+01  2.0925E+01  1.3355E+02
  2.5944E+01  1.9647E+01  1.3360E+02
  2.6320E+01  1.8337E+01  1.3366E+02
  2.6696E+01  1.6985E+01  1.3373E+02
  2.7072E+01  1.5582E+01  1.3380E+02
  2.7448E+01  1.4122E+01  1.3387E+02
  2.7824E+01  1.2602E+01  1.3393E+02
  2.8200E+01  1.1021E+01  1.3399E+02
  2.8576E+01  9.3792E+00  1.3403E+02
  2.8952E+01  7.6750E+00  1.3405E+02
  2.9328E+01  5.9068E+00  1.3405E+02
  2.9704E+01  4.0716E+00  1.3403E+02
  3.0080E+01  2.1666E+00  1.3397E+02
  3.0456E+01  1.9104E-01  1.3388E+02
  3.0832E+01 -1.8529E+00  1.3375E+02
  3.1208E+01 -3.9608E+00  1.3358E+02
  3.1584E+01 -6.1285E+00  1.3336E+02
  3.1960E+01 -8.3537E+00  1.3309E+02
  3.2336E+01 -1.0635E+01  1.3277E+02
  3.2712E+01 -1.2969E+01  1.3239E+02
  3.3088E+01 -1.5356E+01  1.3196E+02
  3.3464E+01 -1.7796E+01  1.3146E+02
  3.3840E+01 -2.0289E+01  1.3090E+02
  3.4216E+01 -2.2835E+01  1.3027E+02
  3.4592E+01 -2.5427E+01  1.2958E+02
  3.4968E+01 -2.8054E+01  1.2881E+02
  3.5344E+01 -3.0704E+01  1.2797E+02
  3.5720E+01 -3.3366E+01  1.2706E+02
  3.6096E+01 -3.6033E+01  1.2607E+02
  3.6472E+01 -3.8701E+01  1.2501E+02
  3.6848E+01 -4.1366E+01  1.2387E+02
  3.7224E+01 -4.4023E+01  1.2267E+02
  3.7600E+01 -4.6667E+01  1.2139E+02
  3.7976E+01 -4.9296E+01  1.2004E+02
  3.8352E+01 -5.1911E+01  1.1862E+02
  3.8728E+01 -5.4508E+01  1.1712E+02
  3.9104E+01 -5.7088E+01  1.1557E+02
  3.9480E+01 -5.9644E+01  1.1394E+02
  3.9856E+01 -6.2171E+01  1.1225E+02
  4.0232E+01 -6.4664E+01  1.1049E+02
  4.0608E+01 -6.7116E+01  1.0867E+02
  4.0984E+01 -6.9519E+01  1.0679E+02
  4.1360E+01 -7.1868E+01  1.0485E+02
  4.1736E+01 -7.4158E+01  1.0286E+02
  4.2112E+01 -7.6381E+01  1.0082E+02
  4.2488E+01 -7.8530E+01  9.8723E+01
  4.2864E+01 -8.0597E+01  9.6583E+01
  4.3240E+01 -8.2573E+01  9.4403E+01
  4.3616E+01 -8.4452E+01  9.2184E+01
  4.3992E+01 -8.6229E+01  8.9933E+01
  4.4368E+01 -8.7904E+01  8.7654E+01
  4.4744E+01 -8.9482E+01  8.5351E+01
  4.5120E+01 -9.0970E+01  8.3028E+01
  4.5496E+01 -9.2379E+01  8.0688E+01
  4.5872E+01 -9.3722E+01  7.8334E+01
  4.6248E+01 -9.5015E+01  7.5968E+01
  4.6624E+01 -9.6268E+01  7.3589E+01
  4.7000E+01 -9.7493E+01  7.1200E+01
  4.7376E+01 -9.8692E+01  6.8798E+01
  4.7752E+01 -9.9864E+01  6.6385E+01
  4.8128E+01 -1.0100E+02  6.3961E+01
  4.8504E+01 -1.0208E+02  6.1526E+01
  4.8880E+01 -1.0308E+02  5.9082E+01
  4.9256E+01 -1.0400E+02  5.6633E+01
  4.9632E+01 -1.0481E+02  5.4181E+01
  5.0008E+01 -1.0551E+02  5.1731E+01
  5.0384E+01 -1.0609E+02  4.9287E+01
  5.0760E+01 -1.0656E+02  4.6854E+01
  5.1136E+01 -1.0692E+02  4.4435E+01
  5.1512E+01 -1.0718E+02  4.2035E+01
  5.1888E+01 -1.0735E+02  3.9656E+01
  5.2264E+01 -1.0744E+02  3.7300E+01
  5.2640E+01 -1.0748E+02  3.4968E+01
  5.3016E+01 -1.0748E+02  3.2662E+01
  5.3392E+01 -1.0743E+02  3.0380E+01
  5.3768E+01 -1.0736E+02  2.8122E+01
  5.4144E+01 -1.0726E+02  2.5888E+01
  5.4520E+01 -1.0713E+02  2.3678E+01
  5.4896E+01 -1.0696E+02  2.1490E+01
  5.5272E+01 -1.0676E+02  1.9325E+01
  5.5648E+01 -1.0651E+02  1.7183E+01
  5.6024E+01 -1.0621E+02  1.5064E+01
  5.6400E+01 -1.0587E+02  1.2969E+01
  5.6776E+01 -1.0549E+02  1.0898E+01
  5.7152E+01 -1.0508E+02  8.8513E+00
  5.7528E+01 -1.0464E+02  6.8288E+00
  5.7904E+01 -1.0418E+02  4.8298E+00
  5.8280E+01 -1.0371E+02  2.8528E+00
  5.8656E+01 -1.0325E+02  8.9617E-01
  5.9032E+01 -1.0279E+02 -1.0423E+00
  5.9408E+01 -1.0235E+02 -2.9649E+00
  5.9784E+01 -1.0192E+02 -4.8742E+00
  6.0160E+01 -1.0150E+02 -6.7724E+00
  6.0536E+01 -1.0109E+02 -8.6614E+00
  6.0912E+01 -1.0067E+02 -1.0543E+01
  6.1288E+01 -1.0024E+02 -1.2417E+01
  6.1664E+01 -9.9773E+01 -1.4284E+01
  6.2040E+01 -9.9270E+01 -1.6143E+01
  6.2416E+01 -9.8717E+01 -1.7994E+01
  6.2792E+01 -9.8108E+01 -1.9833E+01
  6.3168E+01 -9.7438E+01 -2.1660E+01
  6.3544E+01 -9.6706E+01 -2.3472E+01
  6.3920E+01 -9.5914E+01 -2.5267E+01
  6.4296E+01 -9.5067E+01 -2.7044E+01
  6.4672E+01 -9.4172E+01 -2.8799E+01
  6.5048E+01 -9.3236E+01 -3.0533E+01
  6.5424E+01 -9.2269E+01 -3.2245E+01
  6.5800E+01 -9.1281E+01 -3.3933E+01
  6.6176E+01 -9.0280E+01 -3.5600E+01
  6.6552E+01 -8.9273E+01 -3.7244E+01
  6.6928E+01 -8.8269E+01 -3.8868E+01
  6.7304E+01 -8.7270E+01 -4.0472E+01
  6.7680E+01 -8.6280E+01 -4.2057E+01
  6.8056E+01 -8.5300E+01 -4.3626E+01
  6.8432E+01 -8.4328E+01 -4.5179E+01
  6.8808E+01 -8.3359E+01 -4.6717E+01
  6.9184E+01 -8.2387E+01 -4.8241E+01
  6.9560E+01 -8.1404E+01 -4.9752E+01
  6.9936E+01 -8.0404E+01 -5.1248E+01
  7.0312E+01 -7.9383E+01 -5.2729E+01
  7.0688E+01 -7.8336E+01 -5.4195E+01
  7.1064E+01 -7.7261E+01 -5.5644E+01
  7.1440E+01 -7.6155E+01 -5.7076E+01
  7.1816E+01 -7.5016E+01 -5.8490E+01
  7.2192E+01 -7.3843E+01 -5.9883E+01
  7.2568E+01 -7.2635E+01 -6.1254E+01
  7.2944E+01 -7.1393E+01 -6.2603E+01
  7.3320E+01 -7.0119E+01 -6.3928E+01
  7.3696E+01 -6.8816E+01 -6.5227E+01
  7.4072E+01 -6.7485E+01 -6.6500E+01
  7.4448E+01 -6.6128E+01 -6.7747E+01
  7.4824E+01 -6.4749E+01 -6.8965E+01
  7.5200E+01 -6.3348E+01 -7.0155E+01
  7.5576E+01 -6.1927E+01 -7.1316E+01
  7.5952E+01 -6.0487E+01 -7.2448E+01
  7.6328E+01 -5.9030E+01 -7.3549E+01
  7.6704E+01 -5.7558E+01 -7.4621E+01
  7.7080E+01 -5.6071E+01 -7.5662E+01
  7.7456E+01 -5.4571E+01 -7.6672E+01
  7.7832E+01 -5.3060E+01 -7.7651E+01
  7.8208E+01 -5.1540E+01 -7.8598E+01
  7.8584E+01 -5.0010E+01 -7.9515E+01
  7.8960E+01 -4.8471E+01 -8.0400E+01
  7.9336E+01 -4.6921E+01 -8.1254E+01
  7.9712E+01 -4.5359E+01 -8.2076E+01
  8.0088E+01 -4.3784E+01 -8.2866E+01
  8.0464E+01 -4.2195E+01 -8.3624E+01
  8.0840E+01 -4.0590E+01 -8.4349E+01
  8.1216E+01 -3.8971E+01 -8.5040E+01
  8.1592E+01 -3.7336E+01 -8.5698E+01
  8.1968E+01 -3.5687E+01 -8.6321E+01
  8.2344E+01 -3.4024E+01 -8.6910E+01
  8.2720E+01 -3.2349E+01 -8.7464E+01
  8.3096E+01 -3.0664E+01 -8.7983E+01
  8.3472E+01 -2.8970E+01 -8.8466E+01
  8.3848E+01 -2.7269E+01 -8.8914E+01
  8.4224E+01 -2.5564E+01 -8.9327E+01
  8.4600E+01 -2.3856E+01 -8.9704E+01
  8.4976E+01 -2.2146E+01 -9.0045E+01
  8.5352E+01 -2.0433E+01 -9.0352E+01
  8.5728E+01 -1.8719E+01 -9.0623E+01
  8.6104E+01 -1.7002E+01 -9.0860E+01
  8.6480E+01 -1.5283E+01 -9.1061E+01
  8.6856E+01 -1.3562E+01 -9.1228E+01
  8.7232E+01 -1.1842E+01 -9.1360E+01
  8.7608E+01 -1.0123E+01 -9.1458E+01
  8.7984E+01 -8.4077E+00 -9.1521E+01
  8.8360E+01 -6.6982E+00 -9.1550E+01
  8.8736E+01 -4.9968E+00 -9.1546E+01
  8.9112E+01 -3.3058E+00 -9.1509E+01
  8.9488E+01 -1.6268E+00 -9.1440E+01
  8.9864E+01  3.9404E-02 -9.1339E+01
  9.0240E+01  1.6932E+00 -9.1207E+01
  9.0616E+01  3.3355E+00 -9.1045E+01
  9.0992E+01  4.9678E+00 -9.0852E+01
  9.1368E+01  6.5909E+00 -9.0631E+01
  9.1744E+01  8.2047E+00 -9.0380E+01
  9.2120E+01  9.8087E+00 -9.0100E+01
  9.2496E+01  1.1402E+01 -8.9792E+01
  9.2872E+01  1.2982E+01 -8.9456E+01
  9.3248E+01  1.4547E+01 -8.9092E+01
  9.3624E+01  1.6095E+01 -8.8701E+01
  9.4000E+01  1.7625E+01 -8.8284E+01
  9.4376E+01  1.9134E+01 -8.7842E+01
  9.4752E+01  2.0621E+01 -8.7376E+01
  9.5128E+01  2.2087E+01 -8.6885E+01
  9.5504E+01  2.3532E+01 -8.6371E+01
  9.5880E+01  2.4960E+01 -8.5835E+01
  9.6256E+01  2.6372E+01 -8.5277E+01
  9.6632E+01  2.7771E+01 -8.4697E+01
  9.7008E+01  2.9160E+01 -8.4095E+01
  9.7384E+01  3.0540E+01 -8.3472E+01
  9.7760E+01  3.1912E+01 -8.2826E+01
  9.8136E+01  3.3274E+01 -8.2159E+01
  9.8512E+01  3.4627E+01 -8.1471E+01
  9.8888E+01  3.5967E+01 -8.0760E+01
  9.9264E+01  3.7293E+01 -8.0028E+01
  9.9640E+01  3.8603E+01 -7.9274E+01
  1.0002E+02  3.9892E+01 -7.8500E+01
  1.0039E+02  4.1157E+01 -7.7705E+01
  1.0077E+02  4.2398E+01 -7.6891E+01
  1.0114E+02  4.3611E+01 -7.6058E+01
  1.0152E+02  4.4796E+01 -7.5207E+01
  1.0190E+02  4.5954E+01 -7.4339E+01
  1.0227E+02  4.7086E+01 -7.3455E+01
  1.0265E+02  4.8194E+01 -7.2555E+01
  1.0302E+02  4.9280E+01 -7.1639E+01
  1.0340E+02  5.0348E+01 -7.0709E+01
  1.0378E+02  5.1399E+01 -6.9763E+01
  1.0415E+02  5.2434E+01 -6.8803E+01
  1.0453E+02  5.3454E+01 -6.7828E+01
  1.0490E+02  5.4459E+01 -6.6839E+01
  1.0528E+02  5.5448E+01 -6.5835E+01
  1.0566E+02  5.6421E+01 -6.4817E+01
  1.0603E+02  5.7377E+01 -6.3784E+01
  1.0641E+02  5.8314E+01 -6.2737E+01
  1.0678E+02  5.9233E+01 -6.1676E+01
  1.0716E+02  6.0132E+01 -6.0601E+01
  1.0754E+02  6.1010E+01 -5.9513E+01
  1.0791E+02  6.1868E+01 -5.8412E+01
  1.0829E+02  6.2703E+01 -5.7298E+01
  1.0866E+02  6.3517E+01 -5.6171E+01
  1.0904E+02  6.4308E+01 -5.5033E+01
  1.0942E+02  6.5076E+01 -5.3883E+01
  1.0979E+02  6.5820E+01 -5.2721E+01
  1.1017E+02  6.6541E+01 -5.1549E+01
  1.1054E+02  6.7236E+01 -5.0367E+01
  1.1092E+02  6.7907E+01 -4.9175E+01
  1.1130E+02  6.8553E+01 -4.7974E+01
  1.1167E+02  6.9175E+01 -4.6764E+01
  1.1205E+02  6.9772E+01 -4.5546E+01
  1.1242E+02  7.0345E+01 -4.4321E+01
  1.1280E+02  7.0895E+01 -4.3088E+01
  1.1318E+02  7.1422E+01 -4.1848E+01
  1.1355E+02  7.1927E+01 -4.0602E+01
  1.1393E+02  7.2410E+01 -3.9349E+01
  1.1430E+02  7.2871E+01 -3.8091E+01
  1.1468E+02  7.3312E+01 -3.6828E+01
  1.1506E+02  7.3730E+01 -3.5559E+01
  1.1543E+02  7.4127E+01 -3.4285E+01
  1.1581E+02  7.4501E+01 -3.3007E+01
  1.1618E+02  7.4851E+01 -3.1724E+01
  1.1656E+02  7.5175E+01 -3.0438E+01
  1.1694E+02  7.5474E+01 -2.9150E+01
  1.1731E+02  7.5745E+01 -2.7858E+01
  1.1769E+02  7.5989E+01 -2.6565E+01
  1.1806E+02  7.6203E+01 -2.5271E+01
  1.1844E+02  7.6389E+01 -2.3977E+01
  1.1882E+02  7.6547E+01 -2.2683E+01
  1.1919E+02  7.6677E+01 -2.1390E+01
  1.1957E+02  7.6781E+01 -2.0099E+01
  1.1994E+02  7.6861E+01 -1.8809E+01
  1.2032E+02  7.6918E+01 -1.7523E+01
  1.2070E+02  7.6954E+01 -1.6239E+01
  1.2107E+02  7.6970E+01 -1.4959E+01
  1.2145E+02  7.6966E+01 -1.3681E+01
  1.2182E+02  7.6944E+01 -1.2408E+01
  1.2220E+02  7.6903E+01 -1.1138E+01
  1.2258E+02  7.6844E+01 -9.8718E+00
  1.2295E+02  7.6765E+01 -8.6099E+00
  1.2333E+02  7.6666E+01 -7.3524E+00
  1.2370E+02  7.6547E+01 -6.0997E+00
  1.2408E+02  7.6405E+01 -4.8520E+00
  1.2446E+02  7.6240E+01 -3.6100E+00
  1.2483E+02  7.6051E+01 -2.3740E+00
  1.2521E+02  7.5836E+01 -1.1447E+00
  1.2558E+02  7.5596E+01  7.7336E-02
  1.2596E+02  7.5330E+01  1.2914E+00
  1.2634E+02  7.5037E+01  2.4969E+00
  1.2671E+02  7.4719E+01  3.6932E+00
  1.2709E+02  7.4376E+01  4.8796E+00
  1.2746E+02  7.4008E+01  6.0556E+00
  1.2784E+02  7.3617E+01  7.2207E+00
  1.2822E+02  7.3204E+01  8.3744E+00
  1.2859E+02  7.2770E+01  9.5164E+00
  1.2897E+02  7.2317E+01  1.0646E+01
  1.2934E+02  7.1846E+01  1.1764E+01
  1.2972E+02  7.1357E+01  1.2869E+01
  1.3010E+02  7.0853E+01  1.3962E+01
  1.3047E+02  7.0333E+01  1.5042E+01
  1.3085E+02  6.9799E+01  1.6109E+01
  1.3122E+02  6.9250E+01  1.7163E+01
  1.3160E+02  6.8686E+01  1.8204E+01
  1.3198E+02  6.8108E+01  1.9232E+01
  1.3235E+02  6.7516E+01  2.0246E+01
  1.3273E+02  6.6909E+01  2.1247E+01
  1.3310E+02  6.6288E+01  2.2235E+01
  1.3348E+02  6.5652E+01  2.3209E+01
  1.3386E+02  6.5002E+01  2.4169E+01
  1.3423E+02  6.4337E+01  2.5114E+01
  1.3461E+02  6.3657E+01  2.6046E+01
  1.3498E+02  6.2962E+01  2.6963E+01
  1.3536E+02  6.2251E+01  2.7865E+01
  1.3574E+02  6.1525E+01  2.8751E+01
  1.3611E+02  6.0783E+01  2.9623E+01
  1.3649E+02  6.0025E+01  3.0479E+01
  1.3686E+02  5.9253E+01  3.1318E+01
  1.3724E+02  5.8467E+01  3.2142E+01
  1.3762E+02  5.7667E+01  3.2948E+01
  1.3799E+02  5.6855E+01  3.3739E+01
  1.3837E+02  5.6032E+01  3.4512E+01
  1.3874E+02  5.5198E+01  3.5269E+01
  1.3912E+02  5.4354E+01  3.6009E+01
  1.3950E+02  5.3501E+01  3.6731E+01
  1.3987E+02  5.2639E+01  3.7437E+01
  1.4025E+02  5.1767E+01  3.8125E+01
  1.4062E+02  5.0886E+01  3.8797E+01
  1.4100E+02  4.9997E+01  3.9451E+01
  1.4138E+02  4.9098E+01  4.0087E+01
  1.4175E+02  4.8191E+01  4.0706E+01
  1.4213E+02  4.7275E+01  4.1308E+01
  1.4250E+02  4.6350E+01  4.1891E+01
  1.4288E+02  4.5417E+01  4.2457E+01
  1.4326E+02  4.4477E+01  4.3005E+01
  1.4363E+02  4.3529E+01  4.3534E+01
  1.4401E+02  4.2575E+01  4.4046E+01
  1.4438E+02  4.1616E+01  4.4539E+01
  1.4476E+02  4.0651E+01  4.5014E+01
  1.4514E+02  3.9682E+01  4.5471E+01
  1.4551E+02  3.8708E+01  4.5910E+01
  1.4589E+02  3.7730E+01  4.6330E+01
  1.4626E+02  3.6747E+01  4.6732E+01
  1.4664E+02  3.5760E+01  4.7116E+01
  1.4702E+02  3.4768E+01  4.7482E+01
  1.4739E+02  3.3772E+01  4.7829E+01
  1.4777E+02  3.2770E+01  4.8157E+01
  1.4814E+02  3.1765E+01  4.8467E+01
  1.4852E+02  3.0754E+01  4.8758E+01
  1.4890E+02  2.9739E+01  4.9031E+01
  1.4927E+02  2.8721E+01  4.9284E+01
  1.4965E+02  2.7700E+01  4.9518E+01
  1.5002E+02  2.6676E+01  4.9734E+01
  1.5040E+02  2.5651E+01  4.9930E+01
  1.5078E+02  2.4626E+01  5.0108E+01
  1.5115E+02  2.3602E+01  5.0266E+01
  1.5153E+02  2.2578E+01  5.0406E+01
  1.5190E+02  2.1556E+01  5.0528E+01
  1.5228E+02  2.0536E+01  5.0630E+01
  1.5266E+02  1.9517E+01  5.0715E+01
  1.5303E+02  1.8501E+01  5.0781E+01
  1.5341E+02  1.7487E+01  5.0829E+01
  1.5378E+02  1.6475E+01  5.0859E+01
  1.5416E+02  1.5465E+01  5.0870E+01
  1.5454E+02  1.4457E+01  5.0864E+01
  1.5491E+02  1.3451E+01  5.0840E+01
  1.5529E+02  1.2448E+01  5.0798E+01
  1.5566E+02  1.1447E+01  5.0738E+01
  1.5604E+02  1.0450E+01  5.0661E+01
  1.5642E+02  9.4549E+00  5.0566E+01
  1.5679E+02  8.4639E+00  5.0453E+01
  1.5717E+02  7.4771E+00  5.0323E+01
  1.5754E+02  6.4950E+00  5.0175E+01
  1.5792E+02  5.5181E+00  5.0010E+01
  1.5830E+02  4.5468E+00  4.9828E+01
  1.5867E+02  3.5818E+00  4.9629E+01
  1.5905E+02  2.6234E+00  4.9413E+01
  1.5942E+02  1.6722E+00  4.9181E+01
  1.5980E+02  7.2838E-01  4.8932E+01
  1.6018E+02 -2.0762E-01  4.8667E+01
  1.6055E+02 -1.1356E+00  4.8386E+01
  1.6093E+02 -2.0553E+00  4.8090E+01
  1.6130E+02 -2.9667E+00  4.7778E+01
  1.6168E+02 -3.8695E+00  4.7450E+01
  1.6206E+02 -4.7636E+00  4.7107E+01
  1.6243E+02 -5.6489E+00  4.6750E+01
  1.6281E+02 -6.5254E+00  4.6378E+01
  1.6318E+02 -7.3929E+00  4.5991E+01
  1.6356E+02 -8.2514E+00  4.5590E+01
  1.6394E+02 -9.1006E+00  4.5175E+01
  1.6431E+02 -9.9404E+00  4.4746E+01
  1.6469E+02 -1.0771E+01  4.4304E+01
  1.6506E+02 -1.1591E+01  4.3848E+01
  1.6544E+02 -1.2401E+01  4.3379E+01
  1.6582E+02 -1.3200E+01  4.2896E+01
  1.6619E+02 -1.3989E+01  4.2401E+01
  1.6657E+02 -1.4767E+01  4.1893E+01
  1.6694E+02 -1.5534E+01  4.1373E+01
  1.6732E+02 -1.6289E+01  4.0841E+01
  1.6770E+02 -1.7032E+01  4.0297E+01
  1.6807E+02 -1.7764E+01  3.9741E+01
  1.6845E+02 -1.8484E+01  3.9174E+01
  1.6882E+02 -1.9192E+01  3.8596E+01
  1.6920E+02 -1.9889E+01  3.8007E+01
  1.6958E+02 -2.0574E+01  3.7407E+01
  1.6995E+02 -2.1247E+01  3.6797E+01
  1.7033E+02 -2.1909E+01  3.6176E+01
  1.7070E+02 -2.2558E+01  3.5546E+01
  1.7108E+02 -2.3194E+01  3.4905E+01
  1.7146E+02 -2.3818E+01  3.4255E+01
  1.7183E+02 -2.4429E+01  3.3596E+01
  1.7221E+02 -2.5027E+01  3.2928E+01
  1.7258E+02 -2.5610E+01  3.2250E+01
  1.7296E+02 -2.6181E+01  3.1565E+01
  1.7334E+02 -2.6737E+01  3.0871E+01
  1.7371E+02 -2.7279E+01  3.0169E+01
  1.7409E+02 -2.7806E+01  2.9459E+01
  1.7446E+02 -2.8319E+01  2.8742E+01
  1.7484E+02 -2.8817E+01  2.8018E+01
  1.7522E+02 -2.9301E+01  2.7287E+01
  1.7559E+02 -2.9770E+01  2.6550E+01
  1.7597E+02 -3.0224E+01  2.5806E+01
  1.7634E+02 -3.0663E+01  2.5057E+01
  1.7672E+02 -3.1088E+01  2.4302E+01
  1.7710E+02 -3.1498E+01  2.3541E+01
  1.7747E+02 -3.1893E+01  2.2776E+01
  1.7785E+02 -3.2273E+01  2.2005E+01
  1.7822E+02 -3.2638E+01  2.1231E+01
  1.7860E+02 -3.2989E+01  2.0452E+01
  1.7898E+02 -3.3324E+01  1.9669E+01
  1.7935E+02 -3.3645E+01  1.8882E+01
  1.7973E+02 -3.3950E+01  1.8092E+01
  1.8010E+02 -3.4239E+01  1.7299E+01
  1.8048E+02 -3.4513E+01  1.6503E+01
  1.8086E+02 -3.4770E+01  1.5705E+01
  1.8123E+02 -3.5012E+01  1.4905E+01
  1.8161E+02 -3.5238E+01  1.4103E+01
  1.8198E+02 -3.5448E+01  1.3299E+01
  1.8236E+02 -3.5642E+01  1.2495E+01
  1.8274E+02 -3.5821E+01  1.1689E+01
  1.8311E+02 -3.5985E+01  1.0883E+01
  1.8349E+02 -3.6133E+01  1.0077E+01
  1.8386E+02 -3.6267E+01  9.2711E+00
  1.8424E+02 -3.6387E+01  8.4651E+00
  1.8462E+02 -3.6493E+01  7.6596E+00
  1.8499E+02 -3.6584E+01  6.8548E+00
  1.8537E+02 -3.6662E+01  6.0509E+00
  1.8574E+02 -3.6725E+01  5.2482E+00
  1.8612E+02 -3.6774E+01  4.4468E+00
  1.8650E+02 -3.6809E+01  3.6471E+00
  1.8687E+02 -3.6831E+01  2.8492E+00
  1.8725E+02 -3.6837E+01  2.0534E+00
  1.8762E+02 -3.6830E+01  1.2599E+00
  1.8800E+02 -3.6809E+01  4.6905E-01
  1.8838E+02 -3.6774E+01 -3.1900E-01
  1.8875E+02 -3.6725E+01 -1.1040E+00
  1.8913E+02 -3.6662E+01 -1.8856E+00
  1.8950E+02 -3.6585E+01 -2.6638E+00
  1.8988E+02 -3.6494E+01 -3.4381E+00
  1.9026E+02 -3.6390E+01 -4.2084E+00
  1.9063E+02 -3.6273E+01 -4.9745E+00
  1.9101E+02 -3.6143E+01 -5.7361E+00
  1.9138E+02 -3.5999E+01 -6.4930E+00
  1.9176E+02 -3.5842E+01 -7.2450E+00
  1.9214E+02 -3.5673E+01 -7.9920E+00
  1.9251E+02 -3.5492E+01 -8.7336E+00
  1.9289E+02 -3.5298E+01 -9.4698E+00
  1.9326E+02 -3.5092E+01 -1.0200E+01
  1.9364E+02 -3.4874E+01 -1.0925E+01
  1.9402E+02 -3.4644E+01 -1.1644E+01
  1.9439E+02 -3.4403E+01 -1.2356E+01
  1.9477E+02 -3.4151E+01 -1.3062E+01
  1.9514E+02 -3.3888E+01 -1.3762E+01
  1.9552E+02 -3.3613E+01 -1.4455E+01
  1.9590E+02 -3.3328E+01 -1.5141E+01
  1.9627E+02 -3.3031E+01 -1.5821E+01
  1.9665E+02 -3.2724E+01 -1.6493E+01
  1.9702E+02 -3.2405E+01 -1.7158E+01
  1.9740E+02 -3.2075E+01 -1.7815E+01
  1.9778E+02 -3.1734E+01 -1.8464E+01
  1.9815E+02 -3.1381E+01 -1.9106E+01
  1.9853E+02 -3.1017E+01 -1.9739E+01
  1.9890E+02 -3.0642E+01 -2.0364E+01
  1.9928E+02 -3.0255E+01 -2.0980E+01
  1.9966E+02 -2.9858E+01 -2.1587E+01
  2.0003E+02 -2.9450E+01 -2.2186E+01
  2.0041E+02 -2.9031E+01 -2.2774E+01
  2.0078E+02 -2.8602E+01 -2.3354E+01
  2.0116E+02 -2.8163E+01 -2.3924E+01
  2.0154E+02 -2.7714E+01 -2.4484E+01
  2.0191E+02 -2.7256E+01 -2.5034E+01
  2.0229E+02 -2.6788E+01 -2.5573E+01
  2.0266E+02 -2.6312E+01 -2.6103E+01
  2.0304E+02 -2.5827E+01 -2.6622E+01
  2.0342E+02 -2.5334E+01 -2.7130E+01
  2.0379E+02 -2.4832E+01 -2.7627E+01
  2.0417E+02 -2.4322E+01 -2.8114E+01
  2.0454E+02 -2.3805E+01 -2.8589E+01
  2.0492E+02 -2.3279E+01 -2.9054E+01
  2.0530E+02 -2.2746E+01 -2.9507E+01
  2.0567E+02 -2.2206E+01 -2.9948E+01
  2.0605E+02 -2.1658E+01 -3.0378E+01
  2.0642E+02 -2.1104E+01 -3.0796E+01
  2.0680E+02 -2.0543E+01 -3.1203E+01
  2.0718E+02 -1.9977E+01 -3.1597E+01
  2.0755E+02 -1.9404E+01 -3.1980E+01
  2.0793E+02 -1.8826E+01 -3.2351E+01
  2.0830E+02 -1.8243E+01 -3.2709E+01
  2.0868E+02 -1.7655E+01 -3.3055E+01
  2.0906E+02 -1.7062E+01 -3.3390E+01
  2.0943E+02 -1.6466E+01 -3.3711E+01
  2.0981E+02 -1.5866E+01 -3.4021E+01
  2.1018E+02 -1.5263E+01 -3.4319E+01
  2.1056E+02 -1.4657E+01 -3.4604E+01
  2.1094E+02 -1.4048E+01 -3.4877E+01
  2.1131E+02 -1.3437E+01 -3.5138E+01
  2.1169E+02 -1.2824E+01 -3.5387E+01
  2.1206E+02 -1.2209E+01 -3.5624E+01
  2.1244E+02 -1.1593E+01 -3.5849E+01
  2.1282E+02 -1.0975E+01 -3.6061E+01
  2.1319E+02 -1.0356E+01 -3.6262E+01
  2.1357E+02 -9.7369E+00 -3.6451E+01
  2.1394E+02 -9.1171E+00 -3.6628E+01
  2.1432E+02 -8.4970E+00 -3.6794E+01
  2.1470E+02 -7.8768E+00 -3.6947E+01
  2.1507E+02 -7.2568E+00 -3.7089E+01
  2.1545E+02 -6.6371E+00 -3.7220E+01
  2.1582E+02 -6.0180E+00 -3.7339E+01
  2.1620E+02 -5.3996E+00 -3.7447E+01
  2.1658E+02 -4.7822E+00 -3.7543E+01
  2.1695E+02 -4.1659E+00 -3.7628E+01
  2.1733E+02 -3.5508E+00 -3.7702E+01
  2.1770E+02 -2.9370E+00 -3.7765E+01
  2.1808E+02 -2.3248E+00 -3.7817E+01
  2.1846E+02 -1.7140E+00 -3.7858E+01
  2.1883E+02 -1.1050E+00 -3.7888E+01
  2.1921E+02 -4.9762E-01 -3.7908E+01
  2.1958E+02  1.0792E-01 -3.7917E+01
  2.1996E+02  7.1157E-01 -3.7915E+01
  2.2034E+02  1.3133E+00 -3.7902E+01
  2.2071E+02  1.9129E+00 -3.7879E+01
  2.2109E+02  2.5104E+00 -3.7845E+01
  2.2146E+02  3.1057E+00 -3.7801E+01
  2.2184E+02  3.6987E+00 -3.7747E+01
  2.2222E+02  4.2894E+00 -3.7682E+01
  2.2259E+02  4.8776E+00 -3.7607E+01
  2.2297E+02  5.4632E+00 -3.7522E+01
  2.2334E+02  6.0461E+00 -3.7426E+01
  2.2372E+02  6.6264E+00 -3.7320E+01
  2.2410E+02  7.2037E+00 -3.7204E+01
  2.2447E+02  7.7781E+00 -3.7078E+01
  2.2485E+02  8.3495E+00 -3.6942E+01
  2.2522E+02  8.9176E+00 -3.6795E+01
  2.2560E+02  9.4824E+00 -3.6639E+01
  2.2598E+02  1.0044E+01 -3.6473E+01
  2.2635E+02  1.0601E+01 -3.6297E+01
  2.2673E+02  1.1155E+01 -3.6111E+01
  2.2710E+02  1.1705E+01 -3.5915E+01
  2.2748E+02  1.2251E+01 -3.5710E+01
  2.2786E+02  1.2792E+01 -3.5494E+01
  2.2823E+02  1.3329E+01 -3.5270E+01
  2.2861E+02  1.3861E+01 -3.5035E+01
  2.2898E+02  1.4389E+01 -3.4791E+01
  2.2936E+02  1.4911E+01 -3.4538E+01
  2.2974E+02  1.5427E+01 -3.4276E+01
  2.3011E+02  1.5938E+01 -3.4004E+01
  2.3049E+02  1.6443E+01 -3.3724E+01
  2.3086E+02  1.6942E+01 -3.3434E+01
  2.3124E+02  1.7434E+01 -3.3136E+01
  2.3162E+02  1.7920E+01 -3.2829E+01
  2.3199E+02  1.8399E+01 -3.2514E+01
  2.3237E+02  1.8872E+01 -3.2190E+01
  2.3274E+02  1.9337E+01 -3.1858E+01
  2.3312E+02  1.9794E+01 -3.1518E+01
  2.3350E+02  2.0245E+01 -3.1170E+01
  2.3387E+02  2.0687E+01 -3.0815E+01
  2.3425E+02  2.1121E+01 -3.0452E+01
  2.3462E+02  2.1548E+01 -3.0081E+01
  2.3500E+02  2.1966E+01 -2.9704E+01
  2.3538E+02  2.2375E+01 -2.9320E+01
  2.3575E+02  2.2776E+01 -2.8928E+01
  2.3613E+02  2.3168E+01 -2.8531E+01
  2.3650E+02  2.3551E+01 -2.8127E+01
  2.3688E+02  2.3924E+01 -2.7717E+01
  2.3726E+02  2.4289E+01 -2.7301E+01
  2.3763E+02  2.4643E+01 -2.6880E+01
  2.3801E+02  2.4989E+01 -2.6453E+01
  2.3838E+02  2.5325E+01 -2.6021E+01
  2.3876E+02  2.5651E+01 -2.5584E+01
  2.3914E+02  2.5967E+01 -2.5142E+01
  2.3951E+02  2.6274E+01 -2.4696E+01
  2.3989E+02  2.6572E+01 -2.4245E+01
  2.4026E+02  2.6859E+01 -2.3791E+01
  2.4064E+02  2.7137E+01 -2.3332E+01
  2.4102E+02  2.7405E+01 -2.2870E+01
  2.4139E+02  2.7664E+01 -2.2404E+01
  2.4177E+02  2.7912E+01 -2.1936E+01
  2.4214E+02  2.8151E+01 -2.1464E+01
  2.4252E+02  2.8380E+01 -2.0989E+01
  2.4290E+02  2.8599E+01 -2.0512E+01
  2.4327E+02  2.8809E+01 -2.0032E+01
  2.4365E+02  2.9008E+01 -1.9550E+01
  2.4402E+02  2.9198E+01 -1.9066E+01
  2.4440E+02  2.9379E+01 -1.8581E+01
  2.4478E+02  2.9550E+01 -1.8093E+01
  2.4515E+02  2.9711E+01 -1.7604E+01
  2.4553E+02  2.9863E+01 -1.7114E+01
  2.4590E+02  3.0006E+01 -1.6622E+01
  2.4628E+02  3.0140E+01 -1.6130E+01
  2.4666E+02  3.0265E+01 -1.5636E+01
  2.4703E+02  3.0380E+01 -1.5142E+01
  2.4741E+02  3.0487E+01 -1.4648E+01
  2.4778E+02  3.0585E+01 -1.4153E+01
  2.4816E+02  3.0674E+01 -1.3657E+01
  2.4854E+02  3.0754E+01 -1.3162E+01
  2.4891E+02  3.0826E+01 -1.2666E+01
  2.4929E+02  3.0889E+01 -1.2170E+01
  2.4966E+02  3.0944E+01 -1.1675E+01
  2.5004E+02  3.0990E+01 -1.1180E+01
  2.5042E+02  3.1027E+01 -1.0685E+01
  2.5079E+02  3.1056E+01 -1.0191E+01
  2.5117E+02  3.1077E+01 -9.6976E+00
  2.5154E+02  3.1090E+01 -9.2050E+00
  2.5192E+02  3.1094E+01 -8.7133E+00
  2.5230E+02  3.1090E+01 -8.2227E+00
  2.5267E+02  3.1077E+01 -7.7332E+00
  2.5305E+02  3.1057E+01 -7.2449E+00
  2.5342E+02  3.1028E+01 -6.7581E+00
  2.5380E+02  3.0991E+01 -6.2727E+00
  2.5418E+02  3.0946E+01 -5.7890E+00
  2.5455E+02  3.0893E+01 -5.3070E+00
  2.5493E+02  3.0832E+01 -4.8270E+00
  2.5530E+02  3.0763E+01 -4.3489E+00
  2.5568E+02  3.0685E+01 -3.8729E+00
  2.5606E+02  3.0600E+01 -3.3992E+00
  2.5643E+02  3.0506E+01 -2.9279E+00
  2.5681E+02  3.0404E+01 -2.4592E+00
  2.5718E+02  3.0295E+01 -1.9931E+00
  2.5756E+02  3.0177E+01 -1.5298E+00
  2.5794E+02  3.0051E+01 -1.0694E+00
  2.5831E+02  2.9917E+01 -6.1221E-01
  2.5869E+02  2.9775E+01 -1.5823E-01
  2.5906E+02  2.9625E+01  2.9237E-01
  2.5944E+02  2.9467E+01  7.3941E-01
  2.5982E+02  2.9301E+01  1.1828E+00
  2.6019E+02  2.9127E+01  1.6222E+00
  2.6057E+02  2.8945E+01  2.0577E+00
  2.6094E+02  2.8755E+01  2.4890E+00
  2.6132E+02  2.8558E+01  2.9160E+00
  2.6170E+02  2.8353E+01  3.3385E+00
  2.6207E+02  2.8140E+01  3.7564E+00
  2.6245E+02  2.7920E+01  4.1695E+00
  2.6282E+02  2.7692E+01  4.5776E+00
  2.6320E+02  2.7456E+01  4.9807E+00
  2.6358E+02  2.7214E+01  5.3785E+00
  2.6395E+02  2.6964E+01  5.7709E+00
  2.6433E+02  2.6707E+01  6.1578E+00
  2.6470E+02  2.6444E+01  6.5390E+00
  2.6508E+02  2.6173E+01  6.9145E+00
  2.6546E+02  2.5896E+01  7.2839E+00
  2.6583E+02  2.5613E+01  7.6474E+00
  2.6621E+02  2.5323E+01  8.0046E+00
  2.6658E+02  2.5027E+01  8.3556E+00
  2.6696E+02  2.4725E+01  8.7001E+00
  2.6734E+02  2.4417E+01  9.0381E+00
  2.6771E+02  2.4104E+01  9.3695E+00
  2.6809E+02  2.3785E+01  9.6942E+00
  2.6846E+02  2.3461E+01  1.0012E+01
  2.6884E+02  2.3132E+01  1.0323E+01
  2.6922E+02  2.2797E+01  1.0627E+01
  2.6959E+02  2.2458E+01  1.0924E+01
  2.6997E+02  2.2115E+01  1.1214E+01
  2.7034E+02  2.1767E+01  1.1497E+01
  2.7072E+02  2.1415E+01  1.1772E+01
  2.7110E+02  2.1058E+01  1.2040E+01
  2.7147E+02  2.0698E+01  1.2301E+01
  2.7185E+02  2.0335E+01  1.2555E+01
  2.7222E+02  1.9968E+01  1.2801E+01
  2.7260E+02  1.9597E+01  1.3040E+01
  2.7298E+02  1.9224E+01  1.3271E+01
  2.7335E+02  1.8847E+01  1.3495E+01
  2.7373E+02  1.8468E+01  1.3711E+01
  2.7410E+02  1.8087E+01  1.3920E+01
  2.7448E+02  1.7703E+01  1.4121E+01
  2.7486E+02  1.7317E+01  1.4315E+01
  2.7523E+02  1.6929E+01  1.4502E+01
  2.7561E+02  1.6539E+01  1.4681E+01
  2.7598E+02  1.6148E+01  1.4852E+01
  2.7636E+02  1.5755E+01  1.5017E+01
  2.7674E+02  1.5361E+01  1.5173E+01
  2.7711E+02  1.4966E+01  1.5323E+01
  2.7749E+02  1.4569E+01  1.5465E+01
  2.7786E+02  1.4172E+01  1.5600E+01
  2.7824E+02  1.3774E+01  1.5727E+01
  2.7862E+02  1.3376E+01  1.5847E+01
  2.7899E+02  1.2977E+01  1.5960E+01
  2.7937E+02  1.2577E+01  1.6066E+01
  2.7974E+02  1.2178E+01  1.6165E+01
  2.8012E+02  1.1778E+01  1.6256E+01
  2.8050E+02  1.1379E+01  1.6341E+01
  2.8087E+02  1.0979E+01  1.6418E+01
  2.8125E+02  1.0580E+01  1.6489E+01
  2.8162E+02  1.0181E+01  1.6553E+01
  2.8200E+02  9.7824E+00  1.6609E+01
  2.8238E+02  9.3843E+00  1.6659E+01
  2.8275E+02  8.9869E+00  1.6702E+01
  2.8313E+02  8.5900E+00  1.6738E+01
  2.8350E+02  8.1939E+00  1.6768E+01
  2.8388E+02  7.7986E+00  1.6791E+01
  2.8426E+02  7.4041E+00  1.6807E+01
  2.8463E+02  7.0105E+00  1.6816E+01
  2.8501E+02  6.6180E+00  1.6819E+01
  2.8538E+02  6.2265E+00  1.6815E+01
  2.8576E+02  5.8361E+00  1.6804E+01
  2.8614E+02  5.4469E+00  1.6787E+01
  2.8651E+02  5.0589E+00  1.6764E+01
  2.8689E+02  4.6723E+00  1.6734E+01
  2.8726E+02  4.2871E+00  1.6697E+01
  2.8764E+02  3.9034E+00  1.6654E+01
  2.8802E+02  3.5211E+00  1.6605E+01
  2.8839E+02  3.1405E+00  1.6549E+01
  2.8877E+02  2.7616E+00  1.6487E+01
  2.8914E+02  2.3844E+00  1.6419E+01
  2.8952E+02  2.0090E+00  1.6344E+01
  2.8990E+02  1.6356E+00  1.6263E+01
  2.9027E+02  1.2642E+00  1.6176E+01
  2.9065E+02  8.9489E-01  1.6082E+01
  2.9102E+02  5.2779E-01  1.5982E+01
  2.9140E+02  1.6300E-01  1.5876E+01
  2.9178E+02 -1.9936E-01  1.5764E+01
  2.9215E+02 -5.5920E-01  1.5646E+01
  2.9253E+02 -9.1640E-01  1.5521E+01
  2.9290E+02 -1.2708E+00  1.5391E+01
  2.9328E+02 -1.6224E+00  1.5255E+01
  2.9366E+02 -1.9710E+00  1.5112E+01
  2.9403E+02 -2.3165E+00  1.4964E+01
  2.9441E+02 -2.6587E+00  1.4810E+01
  2.9478E+02 -2.9977E+00  1.4650E+01
  2.9516E+02 -3.3331E+00  1.4485E+01
  2.9554E+02 -3.6650E+00  1.4314E+01
  2.9591E+02 -3.9933E+00  1.4137E+01
  2.9629E+02 -4.3177E+00  1.3955E+01
  2.9666E+02 -4.6382E+00  1.3767E+01
  2.9704E+02 -4.9546E+00  1.3574E+01
  2.9742E+02 -5.2669E+00  1.3376E+01
  2.9779E+02 -5.5749E+00  1.3173E+01
  2.9817E+02 -5.8785E+00  1.2964E+01
  2.9854E+02 -6.1775E+00  1.2751E+01
  2.9892E+02 -6.4720E+00  1.2532E+01
  2.9930E+02 -6.7617E+00  1.2309E+01
  2.9967E+02 -7.0465E+00  1.2081E+01
  3.0005E+02 -7.3264E+00  1.1849E+01
  3.0042E+02 -7.6012E+00  1.1612E+01
  3.0080E+02 -7.8708E+00  1.1371E+01
  3.0118E+02 -8.1352E+00  1.1125E+01
  3.0155E+02 -8.3942E+00  1.0876E+01
  3.0193E+02 -8.6478E+00  1.0622E+01
  3.0230E+02 -8.8959E+00  1.0365E+01
  3.0268E+02 -9.1385E+00  1.0104E+01
  3.0306E+02 -9.3753E+00  9.8390E+00
  3.0343E+02 -9.6064E+00  9.5709E+00
  3.0381E+02 -9.8317E+00  9.2994E+00
  3.0418E+02 -1.0051E+01  9.0248E+00
  3.0456E+02 -1.0265E+01  8.7471E+00
  3.0494E+02 -1.0472E+01  8.4665E+00
  3.0531E+02 -1.0674E+01  8.1831E+00
  3.0569E+02 -1.0869E+01  7.8971E+00
  3.0606E+02 -1.1058E+01  7.6086E+00
  3.0644E+02 -1.1241E+01  7.3178E+00
  3.0682E+02 -1.1418E+01  7.0248E+00
  3.0719E+02 -1.1589E+01  6.7296E+00
  3.0757E+02 -1.1753E+01  6.4326E+00
  3.0794E+02 -1.1911E+01  6.1338E+00
  3.0832E+02 -1.2062E+01  5.8333E+00
  3.0870E+02 -1.2208E+01  5.5313E+00
  3.0907E+02 -1.2347E+01  5.2279E+00
  3.0945E+02 -1.2479E+01  4.9233E+00
  3.0982E+02 -1.2606E+01  4.6176E+00
  3.1020E+02 -1.2726E+01  4.3109E+00
  3.1058E+02 -1.2840E+01  4.0034E+00
  3.1095E+02 -1.2947E+01  3.6952E+00
  3.1133E+02 -1.3049E+01  3.3863E+00
  3.1170E+02 -1.3144E+01  3.0770E+00
  3.1208E+02 -1.3233E+01  2.7673E+00
  3.1246E+02 -1.3317E+01  2.4573E+00
  3.1283E+02 -1.3394E+01  2.1473E+00
  3.1321E+02 -1.3465E+01  1.8372E+00
  3.1358E+02 -1.3530E+01  1.5272E+00
  3.1396E+02 -1.3589E+01  1.2173E+00
  3.1434E+02 -1.3643E+01  9.0779E-01
  3.1471E+02 -1.3690E+01  5.9864E-01
  3.1509E+02 -1.3732E+01  2.8996E-01
  3.1546E+02 -1.3768E+01 -1.8133E-02
  3.1584E+02 -1.3799E+01 -3.2556E-01
  3.1622E+02 -1.3824E+01 -6.3224E-01
  3.1659E+02 -1.3844E+01 -9.3808E-01
  3.1697E+02 -1.3858E+01 -1.2430E+00
  3.1734E+02 -1.3867E+01 -1.5469E+00
  3.1772E+02 -1.3870E+01 -1.8497E+00
  3.1810E+02 -1.3868E+01 -2.1514E+00
  3.1847E+02 -1.3861E+01 -2.4519E+00
  3.1885E+02 -1.3849E+01 -2.7510E+00
  3.1922E+02 -1.3832E+01 -3.0488E+00
  3.1960E+02 -1.3810E+01 -3.3451E+00
  3.1998E+02 -1.3783E+01 -3.6400E+00
  3.2035E+02 -1.3751E+01 -3.9333E+00
  3.2073E+02 -1.3714E+01 -4.2249E+00
  3.2110E+02 -1.3672E+01 -4.5148E+00
  3.2148E+02 -1.3626E+01 -4.8030E+00
  3.2186E+02 -1.3575E+01 -5.0894E+00
  3.2223E+02 -1.3519E+01 -5.3739E+00
  3.2261E+02 -1.3459E+01 -5.6564E+00
  3.2298E+02 -1.3394E+01 -5.9370E+00
  3.2336E+02 -1.3325E+01 -6.2155E+00
  3.2374E+02 -1.3251E+01 -6.4919E+00
  3.2411E+02 -1.3173E+01 -6.7661E+00
  3.2449E+02 -1.3090E+01 -7.0381E+00
  3.2486E+02 -1.3003E+01 -7.3078E+00
  3.2524E+02 -1.2912E+01 -7.5752E+00
  3.2562E+02 -1.2817E+01 -7.8401E+00
  3.2599E+02 -1.2717E+01 -8.1026E+00
  3.2637E+02 -1.2613E+01 -8.3625E+00
  3.2674E+02 -1.2505E+01 -8.6199E+00
  3.2712E+02 -1.2393E+01 -8.8746E+00
  3.2750E+02 -1.2277E+01 -9.1266E+00
  3.2787E+02 -1.2157E+01 -9.3759E+00
  3.2825E+02 -1.2033E+01 -9.6223E+00
  3.2862E+02 -1.1905E+01 -9.8659E+00
  3.2900E+02 -1.1773E+01 -1.0106E+01
  3.2938E+02 -1.1637E+01 -1.0344E+01
  3.2975E+02 -1.1498E+01 -1.0579E+01
  3.3013E+02 -1.1355E+01 -1.0810E+01
  3.3050E+02 -1.1208E+01 -1.1038E+01
  3.3088E+02 -1.1057E+01 -1.1263E+01
  3.3126E+02 -1.0903E+01 -1.1485E+01
  3.3163E+02 -1.0746E+01 -1.1703E+01
  3.3201E+02 -1.0584E+01 -1.1918E+01
  3.3238E+02 -1.0420E+01 -1.2129E+01
  3.3276E+02 -1.0252E+01 -1.2337E+01
  3.3314E+02 -1.0080E+01 -1.2541E+01
  3.3351E+02 -9.9056E+00 -1.2741E+01
  3.3389E+02 -9.7275E+00 -1.2938E+01
  3.3426E+02 -9.5463E+00 -1.3131E+01
  3.3464E+02 -9.3619E+00 -1.3320E+01
  3.3502E+02 -9.1744E+00 -1.3505E+01
  3.3539E+02 -8.9838E+00 -1.3685E+01
  3.3577E+02 -8.7903E+00 -1.3862E+01
  3.3614E+02 -8.5939E+00 -1.4035E+01
  3.3652E+02 -8.3946E+00 -1.4204E+01
  3.3690E+02 -8.1925E+00 -1.4368E+01
  3.3727E+02 -7.9877E+00 -1.4528E+01
  3.3765E+02 -7.7803E+00 -1.4683E+01
  3.3802E+02 -7.5703E+00 -1.4835E+01
  3.3840E+02 -7.3578E+00 -1.4981E+01
  3.3878E+02 -7.1429E+00 -1.5124E+01
  3.3915E+02 -6.9257E+00 -1.5261E+01
  3.3953E+02 -6.7062E+00 -1.5394E+01
  3.3990E+02 -6.4847E+00 -1.5523E+01
  3.4028E+02 -6.2610E+00 -1.5646E+01
  3.4066E+02 -6.0354E+00 -1.5765E+01
  3.4103E+02 -5.8080E+00 -1.5880E+01
  3.4141E+02 -5.5787E+00 -1.5989E+01
  3.4178E+02 -5.3478E+00 -1.6094E+01
  3.4216E+02 -5.1154E+00 -1.6193E+01
  3.4254E+02 -4.8814E+00 -1.6288E+01
  3.4291E+02 -4.6462E+00 -1.6378E+01
  3.4329E+02 -4.4097E+00 -1.6463E+01
  3.4366E+02 -4.1720E+00 -1.6544E+01
  3.4404E+02 -3.9334E+00 -1.6619E+01
  3.4442E+02 -3.6938E+00 -1.6689E+01
  3.4479E+02 -3.4535E+00 -1.6754E+01
  3.4517E+02 -3.2125E+00 -1.6815E+01
  3.4554E+02 -2.9709E+00 -1.6870E+01
  3.4592E+02 -2.7288E+00 -1.6921E+01
  3.4630E+02 -2.4865E+00 -1.6966E+01
  3.4667E+02 -2.2439E+00 -1.7007E+01
  3.4705E+02 -2.0012E+00 -1.7043E+01
  3.4742E+02 -1.7586E+00 -1.7074E+01
  3.4780E+02 -1.5160E+00 -1.7100E+01
  3.4818E+02 -1.2737E+00 -1.7121E+01
  3.4855E+02 -1.0318E+00 -1.7137E+01
  3.4893E+02 -7.9036E-01 -1.7149E+01
  3.4930E+02 -5.4948E-01 -1.7156E+01
  3.4968E+02 -3.0930E-01 -1.7158E+01
  3.5006E+02 -6.9910E-02 -1.7156E+01
  3.5043E+02  1.6858E-01 -1.7149E+01
  3.5081E+02  4.0607E-01 -1.7137E+01
  3.5118E+02  6.4245E-01 -1.7121E+01
  3.5156E+02  8.7764E-01 -1.7101E+01
  3.5194E+02  1.1115E+00 -1.7076E+01
  3.5231E+02  1.3441E+00 -1.7046E+01
  3.5269E+02  1.5751E+00 -1.7012E+01
  3.5306E+02  1.8046E+00 -1.6975E+01
  3.5344E+02  2.0325E+00 -1.6932E+01
  3.5382E+02  2.2586E+00 -1.6886E+01
  3.5419E+02  2.4830E+00 -1.6836E+01
  3.5457E+02  2.7055E+00 -1.6781E+01
  3.5494E+02  2.9261E+00 -1.6723E+01
  3.5532E+02  3.1447E+00 -1.6661E+01
  3.5570E+02  3.3613E+00 -1.6594E+01
  3.5607E+02  3.5757E+00 -1.6525E+01
  3.5645E+02  3.7880E+00 -1.6451E+01
  3.5682E+02  3.9981E+00 -1.6374E+01
  3.5720E+02  4.2059E+00 -1.6293E+01
  3.5758E+02  4.4114E+00 -1.6208E+01
  3.5795E+02  4.6145E+00 -1.6120E+01
  3.5833E+02  4.8153E+00 -1.6029E+01
  3.5870E+02  5.0136E+00 -1.5934E+01
  3.5908E+02  5.2095E+00 -1.5836E+01
  3.5946E+02  5.4029E+00 -1.5735E+01
  3.5983E+02  5.5937E+00 -1.5630E+01
  3.6021E+02  5.7820E+00 -1.5523E+01
  3.6058E+02  5.9676E+00 -1.5412E+01
  3.6096E+02  6.1507E+00 -1.5299E+01
  3.6134E+02  6.3310E+00 -1.5182E+01
  3.6171E+02  6.5087E+00 -1.5062E+01
  3.6209E+02  6.6837E+00 -1.4940E+01
  3.6246E+02  6.8560E+00 -1.4815E+01
  3.6284E+02  7.0254E+00 -1.4687E+01
  3.6322E+02  7.1921E+00 -1.4556E+01
  3.6359E+02  7.3560E+00 -1.4423E+01
  3.6397E+02  7.5170E+00 -1.4287E+01
  3.6434E+02  7.6751E+00 -1.4149E+01
  3.6472E+02  7.8303E+00 -1.4008E+01
  3.6510E+02  7.9826E+00 -1.3865E+01
  3.6547E+02  8.1320E+00 -1.3719E+01
  3.6585E+02  8.2783E+00 -1.3571E+01
  3.6622E+02  8.4217E+00 -1.3421E+01
  3.6660E+02  8.5620E+00 -1.3268E+01
  3.6698E+02  8.6992E+00 -1.3114E+01
  3.6735E+02  8.8334E+00 -1.2957E+01
  3.6773E+02  8.9644E+00 -1.2798E+01
  3.6810E+02  9.0923E+00 -1.2637E+01
  3.6848E+02  9.2170E+00 -1.2475E+01
  3.6886E+02  9.3385E+00 -1.2310E+01
  3.6923E+02  9.4568E+00 -1.2143E+01
  3.6961E+02  9.5718E+00 -1.1975E+01
  3.6998E+02  9.6836E+00 -1.1805E+01
  3.7036E+02  9.7921E+00 -1.1633E+01
  3.7074E+02  9.8973E+00 -1.1460E+01
  3.7111E+02  9.9991E+00 -1.1285E+01
  3.7149E+02  1.0098E+01 -1.1109E+01
  3.7186E+02  1.0193E+01 -1.0931E+01
  3.7224E+02  1.0285E+01 -1.0752E+01
  3.7262E+02  1.0373E+01 -1.0571E+01
  3.7299E+02  1.0458E+01 -1.0389E+01
  3.7337E+02  1.0540E+01 -1.0206E+01
  3.7374E+02  1.0618E+01 -1.0022E+01
  3.7412E+02  1.0693E+01 -9.8369E+00
  3.7450E+02  1.0764E+01 -9.6505E+00
  3.7487E+02  1.0832E+01 -9.4632E+00
  3.7525E+02  1.0897E+01 -9.2750E+00
  3.7562E+02  1.0958E+01 -9.0859E+00
  3.7600E+02  1.1016E+01 -8.8961E+00
  3.7638E+02  1.1070E+01 -8.7055E+00
  3.7675E+02  1.1121E+01 -8.5142E+00
  3.7713E+02  1.1169E+01 -8.3223E+00
  3.7750E+02  1.1213E+01 -8.1299E+00
  3.7788E+02  1.1254E+01 -7.9370E+00
  3.7826E+02  1.1291E+01 -7.7436E+00
  3.7863E+02  1.1325E+01 -7.5499E+00
  3.7901E+02  1.1356E+01 -7.3558E+00
  3.7938E+02  1.1383E+01 -7.1615E+00
  3.7976E+02  1.1406E+01 -6.9670E+00
  3.8014E+02  1.1427E+01 -6.7724E+00
  3.8051E+02  1.1444E+01 -6.5777E+00
  3.8089E+02  1.1458E+01 -6.3830E+00
  3.8126E+02  1.1468E+01 -6.1884E+00
  3.8164E+02  1.1475E+01 -5.9938E+00
  3.8202E+02  1.1479E+01 -5.7995E+00
  3.8239E+02  1.1479E+01 -5.6053E+00
  3.8277E+02  1.1476E+01 -5.4115E+00
  3.8314E+02  1.1470E+01 -5.2179E+00
  3.8352E+02  1.1460E+01 -5.0248E+00
  3.8390E+02  1.1447E+01 -4.8322E+00
  3.8427E+02  1.1431E+01 -4.6400E+00
  3.8465E+02  1.1412E+01 -4.4485E+00
  3.8502E+02  1.1389E+01 -4.2576E+00
  3.8540E+02  1.1363E+01 -4.0674E+00
  3.8578E+02  1.1334E+01 -3.8780E+00
  3.8615E+02  1.1302E+01 -3.6893E+00
  3.8653E+02  1.1266E+01 -3.5016E+00
  3.8690E+02  1.1227E+01 -3.3148E+00
  3.8728E+02  1.1185E+01 -3.1289E+00
  3.8766E+02  1.1140E+01 -2.9441E+00
  3.8803E+02  1.1092E+01 -2.7605E+00
  3.8841E+02  1.1041E+01 -2.5780E+00
  3.8878E+02  1.0986E+01 -2.3967E+00
  3.8916E+02  1.0929E+01 -2.2167E+00
  3.8954E+02  1.0868E+01 -2.0380E+00
  3.8991E+02  1.0805E+01 -1.8608E+00
  3.9029E+02  1.0738E+01 -1.6849E+00
  3.9066E+02  1.0668E+01 -1.5106E+00
  3.9104E+02  1.0595E+01 -1.3379E+00
  3.9142E+02  1.0520E+01 -1.1668E+00
  3.9179E+02  1.0441E+01 -9.9731E-01
  3.9217E+02  1.0360E+01 -8.2960E-01
  3.9254E+02  1.0275E+01 -6.6367E-01
  3.9292E+02  1.0188E+01 -4.9958E-01
  3.9330E+02  1.0098E+01 -3.3738E-01
  3.9367E+02  1.0005E+01 -1.7713E-01
  3.9405E+02  9.9094E+00 -1.8886E-02
  3.9442E+02  9.8110E+00  1.3731E-01
  3.9480E+02  9.7099E+00  2.9140E-01
  3.9518E+02  9.6062E+00  4.4335E-01
  3.9555E+02  9.4998E+00  5.9309E-01
  3.9593E+02  9.3909E+00  7.4057E-01
  3.9630E+02  9.2794E+00  8.8576E-01
  3.9668E+02  9.1655E+00  1.0286E+00
  3.9706E+02  9.0491E+00  1.1691E+00
  3.9743E+02  8.9303E+00  1.3071E+00
  3.9781E+02  8.8092E+00  1.4426E+00
  3.9818E+02  8.6857E+00  1.5757E+00
  3.9856E+02  8.5601E+00  1.7062E+00
  3.9894E+02  8.4323E+00  1.8340E+00
  3.9931E+02  8.3023E+00  1.9593E+00
  3.9969E+02  8.1703E+00  2.0819E+00
  4.0006E+02  8.0364E+00  2.2018E+00
  4.0044E+02  7.9005E+00  2.3189E+00
  4.0082E+02  7.7627E+00  2.4333E+00
  4.0119E+02  7.6231E+00  2.5449E+00
  4.0157E+02  7.4818E+00  2.6538E+00
  4.0194E+02  7.3388E+00  2.7597E+00
  4.0232E+02  7.1943E+00  2.8628E+00
  4.0270E+02  7.0482E+00  2.9631E+00
  4.0307E+02  6.9007E+00  3.0604E+00
  4.0345E+02  6.7518E+00  3.1548E+00
  4.0382E+02  6.6016E+00  3.2463E+00
  4.0420E+02  6.4502E+00  3.3349E+00
  4.0458E+02  6.2976E+00  3.4205E+00
  4.0495E+02  6.1439E+00  3.5032E+00
  4.0533E+02  5.9892E+00  3.5829E+00
  4.0570E+02  5.8336E+00  3.6596E+00
  4.0608E+02  5.6771E+00  3.7334E+00
  4.0646E+02  5.5198E+00  3.8042E+00
  4.0683E+02  5.3618E+00  3.8720E+00
  4.0721E+02  5.2031E+00  3.9368E+00
  4.0758E+02  5.0438E+00  3.9987E+00
  4.0796E+02  4.8840E+00  4.0577E+00
  4.0834E+02  4.7238E+00  4.1136E+00
  4.0871E+02  4.5631E+00  4.1667E+00
  4.0909E+02  4.4022E+00  4.2168E+00
  4.0946E+02  4.2410E+00  4.2640E+00
  4.0984E+02  4.0796E+00  4.3082E+00
  4.1022E+02  3.9180E+00  4.3496E+00
  4.1059E+02  3.7564E+00  4.3881E+00
  4.1097E+02  3.5948E+00  4.4237E+00
  4.1134E+02  3.4332E+00  4.4565E+00
  4.1172E+02  3.2717E+00  4.4864E+00
  4.1210E+02  3.1104E+00  4.5135E+00
  4.1247E+02  2.9493E+00  4.5378E+00
  4.1285E+02  2.7885E+00  4.5594E+00
  4.1322E+02  2.6281E+00  4.5782E+00
  4.1360E+02  2.4680E+00  4.5942E+00
  4.1398E+02  2.3083E+00  4.6075E+00
  4.1435E+02  2.1491E+00  4.6182E+00
  4.1473E+02  1.9904E+00  4.6261E+00
  4.1510E+02  1.8323E+00  4.6315E+00
  4.1548E+02  1.6748E+00  4.6342E+00
  4.1586E+02  1.5180E+00  4.6343E+00
  4.1623E+02  1.3619E+00  4.6318E+00
  4.1661E+02  1.2065E+00  4.6268E+00
  4.1698E+02  1.0519E+00  4.6192E+00
  4.1736E+02  8.9818E-01  4.6091E+00
  4.1774E+02  7.4528E-01  4.5966E+00
  4.1811E+02  5.9326E-01  4.5816E+00
  4.1849E+02  4.4217E-01  4.5642E+00
  4.1886E+02  2.9204E-01  4.5443E+00
  4.1924E+02  1.4289E-01  4.5221E+00
  4.1962E+02 -5.2374E-03  4.4975E+00
  4.1999E+02 -1.5232E-01  4.4706E+00
  4.2037E+02 -2.9834E-01  4.4414E+00
  4.2074E+02 -4.4326E-01  4.4099E+00
  4.2112E+02 -5.8705E-01  4.3761E+00
  4.2150E+02 -7.2971E-01  4.3401E+00
  4.2187E+02 -8.7119E-01  4.3018E+00
  4.2225E+02 -1.0115E+00  4.2614E+00
  4.2262E+02 -1.1506E+00  4.2188E+00
  4.2300E+02 -1.2884E+00  4.1740E+00
  4.2338E+02 -1.4251E+00  4.1271E+00
  4.2375E+02 -1.5604E+00  4.0781E+00
  4.2413E+02 -1.6944E+00  4.0271E+00
  4.2450E+02 -1.8272E+00  3.9739E+00
  4.2488E+02 -1.9586E+00  3.9187E+00
  4.2526E+02 -2.0886E+00  3.8616E+00
  4.2563E+02 -2.2173E+00  3.8024E+00
  4.2601E+02 -2.3446E+00  3.7412E+00
  4.2638E+02 -2.4705E+00  3.6781E+00
  4.2676E+02 -2.5949E+00  3.6131E+00
  4.2714E+02 -2.7179E+00  3.5462E+00
  4.2751E+02 -2.8394E+00  3.4774E+00
  4.2789E+02 -2.9593E+00  3.4067E+00
  4.2826E+02 -3.0778E+00  3.3342E+00
  4.2864E+02 -3.1947E+00  3.2599E+00
  4.2902E+02 -3.3100E+00  3.1839E+00
  4.2939E+02 -3.4237E+00  3.1060E+00
  4.2977E+02 -3.5358E+00  3.0265E+00
  4.3014E+02 -3.6462E+00  2.9453E+00
  4.3052E+02 -3.7549E+00  2.8624E+00
  4.3090E+02 -3.8618E+00  2.7778E+00
  4.3127E+02 -3.9671E+00  2.6917E+00
  4.3165E+02 -4.0705E+00  2.6040E+00
  4.3202E+02 -4.1722E+00  2.5147E+00
  4.3240E+02 -4.2720E+00  2.4240E+00
  4.3278E+02 -4.3699E+00  2.3318E+00
  4.3315E+02 -4.4660E+00  2.2381E+00
  4.3353E+02 -4.5601E+00  2.1430E+00
  4.3390E+02 -4.6522E+00  2.0466E+00
  4.3428E+02 -4.7424E+00  1.9488E+00
  4.3466E+02 -4.8306E+00  1.8498E+00
  4.3503E+02 -4.9167E+00  1.7495E+00
  4.3541E+02 -5.0008E+00  1.6480E+00
  4.3578E+02 -5.0827E+00  1.5454E+00
  4.3616E+02 -5.1626E+00  1.4416E+00
  4.3654E+02 -5.2403E+00  1.3367E+00
  4.3691E+02 -5.3159E+00  1.2309E+00
  4.3729E+02 -5.3893E+00  1.1240E+00
  4.3766E+02 -5.4604E+00  1.0162E+00
  4.3804E+02 -5.5294E+00  9.0749E-01
  4.3842E+02 -5.5961E+00  7.9794E-01
  4.3879E+02 -5.6606E+00  6.8759E-01
  4.3917E+02 -5.7228E+00  5.7649E-01
  4.3954E+02 -5.7827E+00  4.6468E-01
  4.3992E+02 -5.8403E+00  3.5222E-01
  4.4030E+02 -5.8956E+00  2.3916E-01
  4.4067E+02 -5.9485E+00  1.2554E-01
  4.4105E+02 -5.9992E+00  1.1408E-02
  4.4142E+02 -6.0475E+00 -1.0318E-01
  4.4180E+02 -6.0934E+00 -2.1817E-01
  4.4218E+02 -6.1370E+00 -3.3353E-01
  4.4255E+02 -6.1783E+00 -4.4919E-01
  4.4293E+02 -6.2172E+00 -5.6512E-01
  4.4330E+02 -6.2538E+00 -6.8126E-01
  4.4368E+02 -6.2880E+00 -7.9756E-01
  4.4406E+02 -6.3198E+00 -9.1398E-01
  4.4443E+02 -6.3493E+00 -1.0305E+00
  4.4481E+02 -6.3765E+00 -1.1470E+00
  4.4518E+02 -6.4013E+00 -1.2635E+00
  4.4556E+02 -6.4239E+00 -1.3799E+00
  4.4594E+02 -6.4441E+00 -1.4962E+00
  4.4631E+02 -6.4620E+00 -1.6123E+00
  4.4669E+02 -6.4776E+00 -1.7282E+00
  4.4706E+02 -6.4910E+00 -1.8439E+00
  4.4744E+02 -6.5021E+00 -1.9593E+00
  4.4782E+02 -6.5110E+00 -2.0744E+00
  4.4819E+02 -6.5177E+00 -2.1891E+00
  4.4857E+02 -6.5221E+00 -2.3034E+00
  4.4894E+02 -6.5244E+00 -2.4172E+00
  4.4932E+02 -6.5246E+00 -2.5306E+00
  4.4970E+02 -6.5226E+00 -2.6434E+00
  4.5007E+02 -6.5184E+00 -2.7557E+00
  4.5045E+02 -6.5122E+00 -2.8674E+00
  4.5082E+02 -6.5040E+00 -2.9784E+00
  4.5120E+02 -6.4936E+00 -3.0888E+00
  4.5158E+02 -6.4813E+00 -3.1985E+00
  4.5195E+02 -6.4670E+00 -3.3075E+00
  4.5233E+02 -6.4507E+00 -3.4157E+00
  4.5270E+02 -6.4325E+00 -3.5232E+00
  4.5308E+02 -6.4123E+00 -3.6298E+00
  4.5346E+02 -6.3902E+00 -3.7356E+00
  4.5383E+02 -6.3663E+00 -3.8405E+00
  4.5421E+02 -6.3406E+00 -3.9446E+00
  4.5458E+02 -6.3130E+00 -4.0477E+00
  4.5496E+02 -6.2836E+00 -4.1498E+00
  4.5534E+02 -6.2524E+00 -4.2510E+00
  4.5571E+02 -6.2195E+00 -4.3512E+00
  4.5609E+02 -6.1849E+00 -4.4504E+00
  4.5646E+02 -6.1486E+00 -4.5485E+00
  4.5684E+02 -6.1105E+00 -4.6456E+00
  4.5722E+02 -6.0709E+00 -4.7415E+00
  4.5759E+02 -6.0295E+00 -4.8364E+00
  4.5797E+02 -5.9866E+00 -4.9301E+00
  4.5834E+02 -5.9421E+00 -5.0226E+00
  4.5872E+02 -5.8960E+00 -5.1140E+00
  4.5910E+02 -5.8484E+00 -5.2042E+00
  4.5947E+02 -5.7992E+00 -5.2931E+00
  4.5985E+02 -5.7485E+00 -5.3808E+00
  4.6022E+02 -5.6964E+00 -5.4672E+00
  4.6060E+02 -5.6428E+00 -5.5523E+00
  4.6098E+02 -5.5877E+00 -5.6361E+00
  4.6135E+02 -5.5312E+00 -5.7186E+00
  4.6173E+02 -5.4734E+00 -5.7997E+00
  4.6210E+02 -5.4141E+00 -5.8794E+00
  4.6248E+02 -5.3535E+00 -5.9577E+00
  4.6286E+02 -5.2916E+00 -6.0346E+00
  4.6323E+02 -5.2284E+00 -6.1101E+00
  4.6361E+02 -5.1639E+00 -6.1841E+00
  4.6398E+02 -5.0982E+00 -6.2566E+00
  4.6436E+02 -5.0312E+00 -6.3277E+00
  4.6474E+02 -4.9631E+00 -6.3972E+00
  4.6511E+02 -4.8937E+00 -6.4652E+00
  4.6549E+02 -4.8233E+00 -6.5316E+00
  4.6586E+02 -4.7517E+00 -6.5964E+00
  4.6624E+02 -4.6791E+00 -6.6597E+00
  4.6662E+02 -4.6053E+00 -6.7213E+00
  4.6699E+02 -4.5306E+00 -6.7814E+00
  4.6737E+02 -4.4549E+00 -6.8398E+00
  4.6774E+02 -4.3782E+00 -6.8965E+00
  4.6812E+02 -4.3006E+00 -6.9515E+00
  4.6850E+02 -4.2221E+00 -7.0049E+00
  4.6887E+02 -4.1428E+00 -7.0566E+00
  4.6925E+02 -4.0626E+00 -7.1065E+00
  4.6962E+02 -3.9816E+00 -7.1547E+00
  4.7000E+02 -3.8999E+00 -7.2012E+00
  4.7038E+02 -3.8174E+00 -7.2460E+00
  4.7075E+02 -3.7343E+00 -7.2889E+00
  4.7113E+02 -3.6505E+00 -7.3302E+00
  4.7150E+02 -3.5662E+00 -7.3696E+00
  4.7188E+02 -3.4812E+00 -7.4072E+00
  4.7226E+02 -3.3957E+00 -7.4431E+00
  4.7263E+02 -3.3097E+00 -7.4772E+00
  4.7301E+02 -3.2232E+00 -7.5094E+00
  4.7338E+02 -3.1363E+00 -7.5399E+00
  4.7376E+02 -3.0491E+00 -7.5686E+00
  4.7414E+02 -2.9614E+00 -7.5954E+00
  4.7451E+02 -2.8735E+00 -7.6204E+00
  4.7489E+02 -2.7853E+00 -7.6436E+00
  4.7526E+02 -2.6969E+00 -7.6651E+00
  4.7564E+02 -2.6082E+00 -7.6847E+00
  4.7602E+02 -2.5194E+00 -7.7024E+00
  4.7639E+02 -2.4305E+00 -7.7184E+00
  4.7677E+02 -2.3414E+00 -7.7326E+00
  4.7714E+02 -2.2524E+00 -7.7450E+00
  4.7752E+02 -2.1633E+00 -7.7556E+00
  4.7790E+02 -2.0742E+00 -7.7644E+00
  4.7827E+02 -1.9852E+00 -7.7714E+00
  4.7865E+02 -1.8962E+00 -7.7767E+00
  4.7902E+02 -1.8074E+00 -7.7802E+00
  4.7940E+02 -1.7188E+00 -7.7820E+00
  4.7978E+02 -1.6303E+00 -7.7820E+00
  4.8015E+02 -1.5420E+00 -7.7803E+00
  4.8053E+02 -1.4540E+00 -7.7769E+00
  4.8090E+02 -1.3663E+00 -7.7717E+00
  4.8128E+02 -1.2789E+00 -7.7649E+00
  4.8166E+02 -1.1918E+00 -7.7564E+00
  4.8203E+02 -1.1051E+00 -7.7462E+00
  4.8241E+02 -1.0188E+00 -7.7344E+00
  4.8278E+02 -9.3286E-01 -7.7209E+00
  4.8316E+02 -8.4742E-01 -7.7058E+00
  4.8354E+02 -7.6245E-01 -7.6891E+00
  4.8391E+02 -6.7798E-01 -7.6708E+00
  4.8429E+02 -5.9403E-01 -7.6509E+00
  4.8466E+02 -5.1064E-01 -7.6295E+00
  4.8504E+02 -4.2782E-01 -7.6065E+00
  4.8542E+02 -3.4560E-01 -7.5819E+00
  4.8579E+02 -2.6400E-01 -7.5559E+00
  4.8617E+02 -1.8304E-01 -7.5284E+00
  4.8654E+02 -1.0275E-01 -7.4993E+00
  4.8692E+02 -2.3146E-02 -7.4688E+00
  4.8730E+02  5.5752E-02 -7.4369E+00
  4.8767E+02  1.3392E-01 -7.4035E+00
  4.8805E+02  2.1134E-01 -7.3687E+00
  4.8842E+02  2.8799E-01 -7.3326E+00
  4.8880E+02  3.6384E-01 -7.2950E+00
  4.8918E+02  4.3889E-01 -7.2561E+00
  4.8955E+02  5.1311E-01 -7.2158E+00
  4.8993E+02  5.8647E-01 -7.1742E+00
  4.9030E+02  6.5897E-01 -7.1313E+00
  4.9068E+02  7.3058E-01 -7.0872E+00
  4.9106E+02  8.0128E-01 -7.0417E+00
  4.9143E+02  8.7106E-01 -6.9950E+00
  4.9181E+02  9.3989E-01 -6.9471E+00
  4.9218E+02  1.0078E+00 -6.8980E+00
  4.9256E+02  1.0747E+00 -6.8477E+00
  4.9294E+02  1.1405E+00 -6.7962E+00
  4.9331E+02  1.2054E+00 -6.7435E+00
  4.9369E+02  1.2693E+00 -6.6897E+00
  4.9406E+02  1.3321E+00 -6.6349E+00
  4.9444E+02  1.3938E+00 -6.5789E+00
  4.9482E+02  1.4545E+00 -6.5219E+00
  4.9519E+02  1.5140E+00 -6.4638E+00
  4.9557E+02  1.5724E+00 -6.4047E+00
  4.9594E+02  1.6298E+00 -6.3446E+00
  4.9632E+02  1.6859E+00 -6.2835E+00
  4.9670E+02  1.7409E+00 -6.2214E+00
  4.9707E+02  1.7948E+00 -6.1584E+00
  4.9745E+02  1.8474E+00 -6.0945E+00
  4.9782E+02  1.8989E+00 -6.0298E+00
  4.9820E+02  1.9491E+00 -5.9641E+00
  4.9858E+02  1.9981E+00 -5.8976E+00
  4.9895E+02  2.0459E+00 -5.8303E+00
  4.9933E+02  2.0924E+00 -5.7622E+00
  4.9970E+02  2.1377E+00 -5.6933E+00
  5.0000E+02  2.1724E+00 -5.6386E+00
