# CREATED BY GENE DIAGNOSTICS TOOL on Mon Jun 25 17:33:29 2018
# diag: GAMDIAG, run(s): 0033, time window: 0-500(1331 steps), species: ions
# original data path: /r/c/cmor/w7xhms05_HR_low_kx/
# normalization: L_ref=5.4832m
#
# xind= 0, x/a= 0.70710677, q= 1.1018624
# Fit:    0.046816178,1.4753608,-5.8084547e-05
# Analytic (Gao, Zhou/Yu): 0.32199362,-3.905116e-17,1.8955516
#  t          Re[phi]     Im[phi]   
  0.0000E+00  2.7278E+02  0.0000E+00
  3.7600E-01  2.7190E+02  7.1082E+00
  7.5200E-01  2.6953E+02  1.4139E+01
  1.1280E+00  2.6593E+02  2.1026E+01
  1.5040E+00  2.6135E+02  2.7712E+01
  1.8800E+00  2.5602E+02  3.4159E+01
  2.2560E+00  2.5018E+02  4.0341E+01
  2.6320E+00  2.4407E+02  4.6241E+01
  3.0080E+00  2.3786E+02  5.1856E+01
  3.3840E+00  2.3172E+02  5.7192E+01
  3.7600E+00  2.2575E+02  6.2262E+01
  4.1360E+00  2.2000E+02  6.7080E+01
  4.5120E+00  2.1450E+02  7.1665E+01
  4.8880E+00  2.0922E+02  7.6034E+01
  5.2640E+00  2.0412E+02  8.0202E+01
  5.6400E+00  1.9913E+02  8.4182E+01
  6.0160E+00  1.9421E+02  8.7981E+01
  6.3920E+00  1.8927E+02  9.1605E+01
  6.7680E+00  1.8429E+02  9.5056E+01
  7.1440E+00  1.7922E+02  9.8332E+01
  7.5200E+00  1.7404E+02  1.0143E+02
  7.8960E+00  1.6874E+02  1.0435E+02
  8.2720E+00  1.6334E+02  1.0708E+02
  8.6480E+00  1.5785E+02  1.0963E+02
  9.0240E+00  1.5229E+02  1.1199E+02
  9.4000E+00  1.4671E+02  1.1416E+02
  9.7760E+00  1.4113E+02  1.1614E+02
  1.0152E+01  1.3558E+02  1.1794E+02
  1.0528E+01  1.3011E+02  1.1955E+02
  1.0904E+01  1.2472E+02  1.2100E+02
  1.1280E+01  1.1946E+02  1.2227E+02
  1.1656E+01  1.1433E+02  1.2339E+02
  1.2032E+01  1.0937E+02  1.2436E+02
  1.2408E+01  1.0457E+02  1.2519E+02
  1.2784E+01  9.9946E+01  1.2589E+02
  1.3160E+01  9.5504E+01  1.2647E+02
  1.3536E+01  9.1246E+01  1.2694E+02
  1.3912E+01  8.7175E+01  1.2731E+02
  1.4288E+01  8.3288E+01  1.2759E+02
  1.4664E+01  7.9583E+01  1.2779E+02
  1.5040E+01  7.6056E+01  1.2792E+02
  1.5416E+01  7.2704E+01  1.2798E+02
  1.5792E+01  6.9521E+01  1.2799E+02
  1.6168E+01  6.6504E+01  1.2795E+02
  1.6544E+01  6.3648E+01  1.2787E+02
  1.6920E+01  6.0946E+01  1.2776E+02
  1.7296E+01  5.8392E+01  1.2762E+02
  1.7672E+01  5.5980E+01  1.2746E+02
  1.8048E+01  5.3707E+01  1.2728E+02
  1.8424E+01  5.1566E+01  1.2710E+02
  1.8800E+01  4.9552E+01  1.2691E+02
  1.9176E+01  4.7656E+01  1.2673E+02
  1.9552E+01  4.5870E+01  1.2655E+02
  1.9928E+01  4.4186E+01  1.2638E+02
  2.0304E+01  4.2597E+01  1.2622E+02
  2.0680E+01  4.1095E+01  1.2608E+02
  2.1056E+01  3.9670E+01  1.2595E+02
  2.1432E+01  3.8315E+01  1.2585E+02
  2.1808E+01  3.7021E+01  1.2577E+02
  2.2184E+01  3.5782E+01  1.2571E+02
  2.2560E+01  3.4590E+01  1.2567E+02
  2.2936E+01  3.3434E+01  1.2566E+02
  2.3312E+01  3.2303E+01  1.2568E+02
  2.3688E+01  3.1183E+01  1.2571E+02
  2.4064E+01  3.0063E+01  1.2577E+02
  2.4440E+01  2.8938E+01  1.2585E+02
  2.4816E+01  2.7806E+01  1.2595E+02
  2.5192E+01  2.6664E+01  1.2606E+02
  2.5568E+01  2.5509E+01  1.2619E+02
  2.5944E+01  2.4332E+01  1.2633E+02
  2.6320E+01  2.3124E+01  1.2648E+02
  2.6696E+01  2.1875E+01  1.2663E+02
  2.7072E+01  2.0578E+01  1.2679E+02
  2.7448E+01  1.9226E+01  1.2695E+02
  2.7824E+01  1.7817E+01  1.2710E+02
  2.8200E+01  1.6350E+01  1.2725E+02
  2.8576E+01  1.4824E+01  1.2738E+02
  2.8952E+01  1.3239E+01  1.2749E+02
  2.9328E+01  1.1593E+01  1.2759E+02
  2.9704E+01  9.8827E+00  1.2766E+02
  3.0080E+01  8.1059E+00  1.2770E+02
  3.0456E+01  6.2615E+00  1.2771E+02
  3.0832E+01  4.3517E+00  1.2769E+02
  3.1208E+01  2.3806E+00  1.2763E+02
  3.1584E+01  3.5172E-01  1.2752E+02
  3.1960E+01 -1.7326E+00  1.2737E+02
  3.2336E+01 -3.8709E+00  1.2717E+02
  3.2712E+01 -6.0613E+00  1.2692E+02
  3.3088E+01 -8.3025E+00  1.2662E+02
  3.3464E+01 -1.0595E+01  1.2626E+02
  3.3840E+01 -1.2940E+01  1.2584E+02
  3.4216E+01 -1.5337E+01  1.2536E+02
  3.4592E+01 -1.7780E+01  1.2482E+02
  3.4968E+01 -2.0258E+01  1.2421E+02
  3.5344E+01 -2.2760E+01  1.2354E+02
  3.5720E+01 -2.5276E+01  1.2280E+02
  3.6096E+01 -2.7799E+01  1.2199E+02
  3.6472E+01 -3.0326E+01  1.2111E+02
  3.6848E+01 -3.2853E+01  1.2017E+02
  3.7224E+01 -3.5376E+01  1.1916E+02
  3.7600E+01 -3.7890E+01  1.1808E+02
  3.7976E+01 -4.0394E+01  1.1694E+02
  3.8352E+01 -4.2886E+01  1.1573E+02
  3.8728E+01 -4.5367E+01  1.1445E+02
  3.9104E+01 -4.7833E+01  1.1312E+02
  3.9480E+01 -5.0282E+01  1.1172E+02
  3.9856E+01 -5.2708E+01  1.1026E+02
  4.0232E+01 -5.5104E+01  1.0874E+02
  4.0608E+01 -5.7466E+01  1.0716E+02
  4.0984E+01 -5.9786E+01  1.0552E+02
  4.1360E+01 -6.2060E+01  1.0383E+02
  4.1736E+01 -6.4281E+01  1.0209E+02
  4.2112E+01 -6.6443E+01  1.0030E+02
  4.2488E+01 -6.8540E+01  9.8462E+01
  4.2864E+01 -7.0564E+01  9.6580E+01
  4.3240E+01 -7.2507E+01  9.4659E+01
  4.3616E+01 -7.4362E+01  9.2701E+01
  4.3992E+01 -7.6125E+01  9.0712E+01
  4.4368E+01 -7.7796E+01  8.8694E+01
  4.4744E+01 -7.9379E+01  8.6653E+01
  4.5120E+01 -8.0881E+01  8.4590E+01
  4.5496E+01 -8.2313E+01  8.2510E+01
  4.5872E+01 -8.3687E+01  8.0415E+01
  4.6248E+01 -8.5017E+01  7.8305E+01
  4.6624E+01 -8.6313E+01  7.6181E+01
  4.7000E+01 -8.7585E+01  7.4045E+01
  4.7376E+01 -8.8837E+01  7.1895E+01
  4.7752E+01 -9.0066E+01  6.9732E+01
  4.8128E+01 -9.1262E+01  6.7555E+01
  4.8504E+01 -9.2410E+01  6.5366E+01
  4.8880E+01 -9.3492E+01  6.3165E+01
  4.9256E+01 -9.4492E+01  6.0956E+01
  4.9632E+01 -9.5398E+01  5.8743E+01
  5.0008E+01 -9.6200E+01  5.6527E+01
  5.0384E+01 -9.6895E+01  5.4314E+01
  5.0760E+01 -9.7483E+01  5.2108E+01
  5.1136E+01 -9.7971E+01  4.9912E+01
  5.1512E+01 -9.8368E+01  4.7729E+01
  5.1888E+01 -9.8685E+01  4.5562E+01
  5.2264E+01 -9.8934E+01  4.3413E+01
  5.2640E+01 -9.9130E+01  4.1283E+01
  5.3016E+01 -9.9284E+01  3.9173E+01
  5.3392E+01 -9.9406E+01  3.7082E+01
  5.3768E+01 -9.9502E+01  3.5009E+01
  5.4144E+01 -9.9572E+01  3.2955E+01
  5.4520E+01 -9.9614E+01  3.0919E+01
  5.4896E+01 -9.9624E+01  2.8901E+01
  5.5272E+01 -9.9598E+01  2.6900E+01
  5.5648E+01 -9.9532E+01  2.4916E+01
  5.6024E+01 -9.9424E+01  2.2951E+01
  5.6400E+01 -9.9275E+01  2.1004E+01
  5.6776E+01 -9.9087E+01  1.9076E+01
  5.7152E+01 -9.8867E+01  1.7167E+01
  5.7528E+01 -9.8621E+01  1.5277E+01
  5.7904E+01 -9.8360E+01  1.3405E+01
  5.8280E+01 -9.8093E+01  1.1550E+01
  5.8656E+01 -9.7827E+01  9.7111E+00
  5.9032E+01 -9.7570E+01  7.8853E+00
  5.9408E+01 -9.7325E+01  6.0709E+00
  5.9784E+01 -9.7093E+01  4.2657E+00
  6.0160E+01 -9.6871E+01  2.4677E+00
  6.0536E+01 -9.6653E+01  6.7503E-01
  6.0912E+01 -9.6429E+01 -1.1134E+00
  6.1288E+01 -9.6189E+01 -2.8983E+00
  6.1664E+01 -9.5921E+01 -4.6797E+00
  6.2040E+01 -9.5616E+01 -6.4568E+00
  6.2416E+01 -9.5265E+01 -8.2286E+00
  6.2792E+01 -9.4859E+01 -9.9933E+00
  6.3168E+01 -9.4397E+01 -1.1749E+01
  6.3544E+01 -9.3875E+01 -1.3494E+01
  6.3920E+01 -9.3296E+01 -1.5227E+01
  6.4296E+01 -9.2665E+01 -1.6945E+01
  6.4672E+01 -9.1988E+01 -1.8646E+01
  6.5048E+01 -9.1272E+01 -2.0331E+01
  6.5424E+01 -9.0526E+01 -2.1998E+01
  6.5800E+01 -8.9759E+01 -2.3647E+01
  6.6176E+01 -8.8978E+01 -2.5277E+01
  6.6552E+01 -8.8192E+01 -2.6891E+01
  6.6928E+01 -8.7407E+01 -2.8488E+01
  6.7304E+01 -8.6626E+01 -3.0069E+01
  6.7680E+01 -8.5852E+01 -3.1637E+01
  6.8056E+01 -8.5086E+01 -3.3191E+01
  6.8432E+01 -8.4326E+01 -3.4734E+01
  6.8808E+01 -8.3569E+01 -3.6265E+01
  6.9184E+01 -8.2806E+01 -3.7786E+01
  6.9560E+01 -8.2033E+01 -3.9297E+01
  6.9936E+01 -8.1242E+01 -4.0797E+01
  7.0312E+01 -8.0429E+01 -4.2286E+01
  7.0688E+01 -7.9591E+01 -4.3763E+01
  7.1064E+01 -7.8725E+01 -4.5228E+01
  7.1440E+01 -7.7829E+01 -4.6678E+01
  7.1816E+01 -7.6900E+01 -4.8114E+01
  7.2192E+01 -7.5937E+01 -4.9534E+01
  7.2568E+01 -7.4939E+01 -5.0936E+01
  7.2944E+01 -7.3908E+01 -5.2319E+01
  7.3320E+01 -7.2846E+01 -5.3683E+01
  7.3696E+01 -7.1753E+01 -5.5025E+01
  7.4072E+01 -7.0632E+01 -5.6346E+01
  7.4448E+01 -6.9486E+01 -5.7644E+01
  7.4824E+01 -6.8316E+01 -5.8918E+01
  7.5200E+01 -6.7124E+01 -6.0169E+01
  7.5576E+01 -6.5910E+01 -6.1395E+01
  7.5952E+01 -6.4677E+01 -6.2595E+01
  7.6328E+01 -6.3426E+01 -6.3771E+01
  7.6704E+01 -6.2157E+01 -6.4920E+01
  7.7080E+01 -6.0872E+01 -6.6043E+01
  7.7456E+01 -5.9573E+01 -6.7140E+01
  7.7832E+01 -5.8261E+01 -6.8209E+01
  7.8208E+01 -5.6937E+01 -6.9252E+01
  7.8584E+01 -5.5602E+01 -7.0268E+01
  7.8960E+01 -5.4255E+01 -7.1257E+01
  7.9336E+01 -5.2895E+01 -7.2218E+01
  7.9712E+01 -5.1521E+01 -7.3151E+01
  8.0088E+01 -5.0132E+01 -7.4057E+01
  8.0464E+01 -4.8726E+01 -7.4934E+01
  8.0840E+01 -4.7304E+01 -7.5782E+01
  8.1216E+01 -4.5863E+01 -7.6601E+01
  8.1592E+01 -4.4406E+01 -7.7390E+01
  8.1968E+01 -4.2932E+01 -7.8149E+01
  8.2344E+01 -4.1442E+01 -7.8877E+01
  8.2720E+01 -3.9937E+01 -7.9574E+01
  8.3096E+01 -3.8419E+01 -8.0239E+01
  8.3472E+01 -3.6889E+01 -8.0873E+01
  8.3848E+01 -3.5350E+01 -8.1475E+01
  8.4224E+01 -3.3803E+01 -8.2045E+01
  8.4600E+01 -3.2250E+01 -8.2583E+01
  8.4976E+01 -3.0691E+01 -8.3089E+01
  8.5352E+01 -2.9127E+01 -8.3564E+01
  8.5728E+01 -2.7557E+01 -8.4007E+01
  8.6104E+01 -2.5981E+01 -8.4417E+01
  8.6480E+01 -2.4400E+01 -8.4797E+01
  8.6856E+01 -2.2814E+01 -8.5144E+01
  8.7232E+01 -2.1223E+01 -8.5459E+01
  8.7608E+01 -1.9631E+01 -8.5743E+01
  8.7984E+01 -1.8038E+01 -8.5995E+01
  8.8360E+01 -1.6447E+01 -8.6216E+01
  8.8736E+01 -1.4860E+01 -8.6407E+01
  8.9112E+01 -1.3279E+01 -8.6566E+01
  8.9488E+01 -1.1705E+01 -8.6696E+01
  8.9864E+01 -1.0139E+01 -8.6796E+01
  9.0240E+01 -8.5816E+00 -8.6867E+01
  9.0616E+01 -7.0307E+00 -8.6910E+01
  9.0992E+01 -5.4856E+00 -8.6925E+01
  9.1368E+01 -3.9453E+00 -8.6911E+01
  9.1744E+01 -2.4098E+00 -8.6870E+01
  9.2120E+01 -8.7983E-01 -8.6802E+01
  9.2496E+01  6.4348E-01 -8.6707E+01
  9.2872E+01  2.1585E+00 -8.6585E+01
  9.3248E+01  3.6635E+00 -8.6436E+01
  9.3624E+01  5.1565E+00 -8.6262E+01
  9.4000E+01  6.6353E+00 -8.6063E+01
  9.4376E+01  8.0985E+00 -8.5839E+01
  9.4752E+01  9.5449E+00 -8.5590E+01
  9.5128E+01  1.0975E+01 -8.5319E+01
  9.5504E+01  1.2389E+01 -8.5025E+01
  9.5880E+01  1.3791E+01 -8.4709E+01
  9.6256E+01  1.5181E+01 -8.4370E+01
  9.6632E+01  1.6563E+01 -8.4010E+01
  9.7008E+01  1.7939E+01 -8.3629E+01
  9.7384E+01  1.9310E+01 -8.3225E+01
  9.7760E+01  2.0676E+01 -8.2800E+01
  9.8136E+01  2.2037E+01 -8.2353E+01
  9.8512E+01  2.3392E+01 -8.1884E+01
  9.8888E+01  2.4739E+01 -8.1393E+01
  9.9264E+01  2.6076E+01 -8.0880E+01
  9.9640E+01  2.7401E+01 -8.0345E+01
  1.0002E+02  2.8710E+01 -7.9789E+01
  1.0039E+02  3.0000E+01 -7.9212E+01
  1.0077E+02  3.1269E+01 -7.8614E+01
  1.0114E+02  3.2516E+01 -7.7997E+01
  1.0152E+02  3.3740E+01 -7.7362E+01
  1.0190E+02  3.4941E+01 -7.6708E+01
  1.0227E+02  3.6121E+01 -7.6036E+01
  1.0265E+02  3.7281E+01 -7.5348E+01
  1.0302E+02  3.8424E+01 -7.4643E+01
  1.0340E+02  3.9552E+01 -7.3921E+01
  1.0378E+02  4.0667E+01 -7.3183E+01
  1.0415E+02  4.1771E+01 -7.2429E+01
  1.0453E+02  4.2862E+01 -7.1659E+01
  1.0490E+02  4.3943E+01 -7.0872E+01
  1.0528E+02  4.5011E+01 -7.0069E+01
  1.0566E+02  4.6067E+01 -6.9250E+01
  1.0603E+02  4.7108E+01 -6.8415E+01
  1.0641E+02  4.8136E+01 -6.7564E+01
  1.0678E+02  4.9148E+01 -6.6697E+01
  1.0716E+02  5.0143E+01 -6.5815E+01
  1.0754E+02  5.1122E+01 -6.4917E+01
  1.0791E+02  5.2083E+01 -6.4003E+01
  1.0829E+02  5.3027E+01 -6.3075E+01
  1.0866E+02  5.3952E+01 -6.2133E+01
  1.0904E+02  5.4857E+01 -6.1176E+01
  1.0942E+02  5.5743E+01 -6.0206E+01
  1.0979E+02  5.6609E+01 -5.9221E+01
  1.1017E+02  5.7455E+01 -5.8224E+01
  1.1054E+02  5.8279E+01 -5.7214E+01
  1.1092E+02  5.9081E+01 -5.6192E+01
  1.1130E+02  5.9863E+01 -5.5158E+01
  1.1167E+02  6.0623E+01 -5.4113E+01
  1.1205E+02  6.1361E+01 -5.3057E+01
  1.1242E+02  6.2079E+01 -5.1990E+01
  1.1280E+02  6.2777E+01 -5.0913E+01
  1.1318E+02  6.3455E+01 -4.9826E+01
  1.1355E+02  6.4113E+01 -4.8730E+01
  1.1393E+02  6.4752E+01 -4.7625E+01
  1.1430E+02  6.5372E+01 -4.6511E+01
  1.1468E+02  6.5974E+01 -4.5388E+01
  1.1506E+02  6.6557E+01 -4.4257E+01
  1.1543E+02  6.7120E+01 -4.3118E+01
  1.1581E+02  6.7662E+01 -4.1971E+01
  1.1618E+02  6.8184E+01 -4.0817E+01
  1.1656E+02  6.8682E+01 -3.9656E+01
  1.1694E+02  6.9157E+01 -3.8488E+01
  1.1731E+02  6.9607E+01 -3.7315E+01
  1.1769E+02  7.0032E+01 -3.6137E+01
  1.1806E+02  7.0430E+01 -3.4953E+01
  1.1844E+02  7.0802E+01 -3.3766E+01
  1.1882E+02  7.1148E+01 -3.2576E+01
  1.1919E+02  7.1469E+01 -3.1383E+01
  1.1957E+02  7.1765E+01 -3.0188E+01
  1.1994E+02  7.2040E+01 -2.8991E+01
  1.2032E+02  7.2293E+01 -2.7792E+01
  1.2070E+02  7.2526E+01 -2.6593E+01
  1.2107E+02  7.2741E+01 -2.5393E+01
  1.2145E+02  7.2937E+01 -2.4192E+01
  1.2182E+02  7.3116E+01 -2.2991E+01
  1.2220E+02  7.3278E+01 -2.1790E+01
  1.2258E+02  7.3421E+01 -2.0589E+01
  1.2295E+02  7.3547E+01 -1.9388E+01
  1.2333E+02  7.3653E+01 -1.8187E+01
  1.2370E+02  7.3739E+01 -1.6987E+01
  1.2408E+02  7.3804E+01 -1.5789E+01
  1.2446E+02  7.3847E+01 -1.4591E+01
  1.2483E+02  7.3867E+01 -1.3396E+01
  1.2521E+02  7.3862E+01 -1.2204E+01
  1.2558E+02  7.3832E+01 -1.1015E+01
  1.2596E+02  7.3777E+01 -9.8293E+00
  1.2634E+02  7.3696E+01 -8.6483E+00
  1.2671E+02  7.3590E+01 -7.4724E+00
  1.2709E+02  7.3460E+01 -6.3022E+00
  1.2746E+02  7.3306E+01 -5.1381E+00
  1.2784E+02  7.3128E+01 -3.9807E+00
  1.2822E+02  7.2929E+01 -2.8304E+00
  1.2859E+02  7.2709E+01 -1.6877E+00
  1.2897E+02  7.2470E+01 -5.5270E-01
  1.2934E+02  7.2212E+01  5.7419E-01
  1.2972E+02  7.1936E+01  1.6928E+00
  1.3010E+02  7.1644E+01  2.8030E+00
  1.3047E+02  7.1336E+01  3.9045E+00
  1.3085E+02  7.1012E+01  4.9973E+00
  1.3122E+02  7.0673E+01  6.0813E+00
  1.3160E+02  7.0319E+01  7.1562E+00
  1.3198E+02  6.9949E+01  8.2221E+00
  1.3235E+02  6.9564E+01  9.2786E+00
  1.3273E+02  6.9163E+01  1.0326E+01
  1.3310E+02  6.8746E+01  1.1363E+01
  1.3348E+02  6.8314E+01  1.2390E+01
  1.3386E+02  6.7867E+01  1.3408E+01
  1.3423E+02  6.7403E+01  1.4415E+01
  1.3461E+02  6.6923E+01  1.5411E+01
  1.3498E+02  6.6426E+01  1.6397E+01
  1.3536E+02  6.5912E+01  1.7372E+01
  1.3574E+02  6.5381E+01  1.8335E+01
  1.3611E+02  6.4833E+01  1.9286E+01
  1.3649E+02  6.4268E+01  2.0225E+01
  1.3686E+02  6.3686E+01  2.1152E+01
  1.3724E+02  6.3089E+01  2.2066E+01
  1.3762E+02  6.2477E+01  2.2968E+01
  1.3799E+02  6.1850E+01  2.3856E+01
  1.3837E+02  6.1210E+01  2.4731E+01
  1.3874E+02  6.0557E+01  2.5592E+01
  1.3912E+02  5.9892E+01  2.6440E+01
  1.3950E+02  5.9215E+01  2.7274E+01
  1.3987E+02  5.8526E+01  2.8094E+01
  1.4025E+02  5.7827E+01  2.8900E+01
  1.4062E+02  5.7115E+01  2.9693E+01
  1.4100E+02  5.6393E+01  3.0471E+01
  1.4138E+02  5.5659E+01  3.1234E+01
  1.4175E+02  5.4913E+01  3.1984E+01
  1.4213E+02  5.4156E+01  3.2718E+01
  1.4250E+02  5.3388E+01  3.3438E+01
  1.4288E+02  5.2609E+01  3.4142E+01
  1.4326E+02  5.1820E+01  3.4832E+01
  1.4363E+02  5.1021E+01  3.5506E+01
  1.4401E+02  5.0212E+01  3.6164E+01
  1.4438E+02  4.9395E+01  3.6807E+01
  1.4476E+02  4.8570E+01  3.7435E+01
  1.4514E+02  4.7737E+01  3.8046E+01
  1.4551E+02  4.6897E+01  3.8642E+01
  1.4589E+02  4.6049E+01  3.9222E+01
  1.4626E+02  4.5193E+01  3.9786E+01
  1.4664E+02  4.4330E+01  4.0334E+01
  1.4702E+02  4.3459E+01  4.0866E+01
  1.4739E+02  4.2580E+01  4.1381E+01
  1.4777E+02  4.1694E+01  4.1880E+01
  1.4814E+02  4.0799E+01  4.2363E+01
  1.4852E+02  3.9897E+01  4.2828E+01
  1.4890E+02  3.8987E+01  4.3277E+01
  1.4927E+02  3.8070E+01  4.3709E+01
  1.4965E+02  3.7146E+01  4.4123E+01
  1.5002E+02  3.6217E+01  4.4520E+01
  1.5040E+02  3.5284E+01  4.4900E+01
  1.5078E+02  3.4346E+01  4.5263E+01
  1.5115E+02  3.3406E+01  4.5608E+01
  1.5153E+02  3.2463E+01  4.5936E+01
  1.5190E+02  3.1517E+01  4.6247E+01
  1.5228E+02  3.0570E+01  4.6540E+01
  1.5266E+02  2.9621E+01  4.6817E+01
  1.5303E+02  2.8670E+01  4.7076E+01
  1.5341E+02  2.7718E+01  4.7318E+01
  1.5378E+02  2.6764E+01  4.7543E+01
  1.5416E+02  2.5809E+01  4.7750E+01
  1.5454E+02  2.4851E+01  4.7941E+01
  1.5491E+02  2.3893E+01  4.8115E+01
  1.5529E+02  2.2933E+01  4.8271E+01
  1.5566E+02  2.1972E+01  4.8411E+01
  1.5604E+02  2.1010E+01  4.8533E+01
  1.5642E+02  2.0047E+01  4.8638E+01
  1.5679E+02  1.9085E+01  4.8726E+01
  1.5717E+02  1.8123E+01  4.8797E+01
  1.5754E+02  1.7161E+01  4.8851E+01
  1.5792E+02  1.6201E+01  4.8887E+01
  1.5830E+02  1.5244E+01  4.8907E+01
  1.5867E+02  1.4288E+01  4.8910E+01
  1.5905E+02  1.3335E+01  4.8896E+01
  1.5942E+02  1.2386E+01  4.8866E+01
  1.5980E+02  1.1440E+01  4.8819E+01
  1.6018E+02  1.0498E+01  4.8756E+01
  1.6055E+02  9.5603E+00  4.8676E+01
  1.6093E+02  8.6270E+00  4.8580E+01
  1.6130E+02  7.6983E+00  4.8469E+01
  1.6168E+02  6.7745E+00  4.8341E+01
  1.6206E+02  5.8555E+00  4.8198E+01
  1.6243E+02  4.9416E+00  4.8040E+01
  1.6281E+02  4.0329E+00  4.7866E+01
  1.6318E+02  3.1294E+00  4.7676E+01
  1.6356E+02  2.2313E+00  4.7472E+01
  1.6394E+02  1.3388E+00  4.7253E+01
  1.6431E+02  4.5218E-01  4.7018E+01
  1.6469E+02 -4.2838E-01  4.6769E+01
  1.6506E+02 -1.3026E+00  4.6506E+01
  1.6544E+02 -2.1702E+00  4.6227E+01
  1.6582E+02 -3.0308E+00  4.5935E+01
  1.6619E+02 -3.8842E+00  4.5629E+01
  1.6657E+02 -4.7300E+00  4.5308E+01
  1.6694E+02 -5.5680E+00  4.4974E+01
  1.6732E+02 -6.3979E+00  4.4626E+01
  1.6770E+02 -7.2196E+00  4.4265E+01
  1.6807E+02 -8.0329E+00  4.3890E+01
  1.6845E+02 -8.8378E+00  4.3503E+01
  1.6882E+02 -9.6343E+00  4.3102E+01
  1.6920E+02 -1.0422E+01  4.2689E+01
  1.6958E+02 -1.1202E+01  4.2263E+01
  1.6995E+02 -1.1973E+01  4.1825E+01
  1.7033E+02 -1.2734E+01  4.1375E+01
  1.7070E+02 -1.3487E+01  4.0912E+01
  1.7108E+02 -1.4231E+01  4.0438E+01
  1.7146E+02 -1.4964E+01  3.9952E+01
  1.7183E+02 -1.5688E+01  3.9454E+01
  1.7221E+02 -1.6401E+01  3.8945E+01
  1.7258E+02 -1.7103E+01  3.8425E+01
  1.7296E+02 -1.7794E+01  3.7895E+01
  1.7334E+02 -1.8474E+01  3.7353E+01
  1.7371E+02 -1.9143E+01  3.6801E+01
  1.7409E+02 -1.9800E+01  3.6239E+01
  1.7446E+02 -2.0445E+01  3.5667E+01
  1.7484E+02 -2.1078E+01  3.5085E+01
  1.7522E+02 -2.1698E+01  3.4494E+01
  1.7559E+02 -2.2307E+01  3.3894E+01
  1.7597E+02 -2.2903E+01  3.3285E+01
  1.7634E+02 -2.3487E+01  3.2667E+01
  1.7672E+02 -2.4058E+01  3.2041E+01
  1.7710E+02 -2.4617E+01  3.1407E+01
  1.7747E+02 -2.5164E+01  3.0764E+01
  1.7785E+02 -2.5697E+01  3.0114E+01
  1.7822E+02 -2.6218E+01  2.9456E+01
  1.7860E+02 -2.6726E+01  2.8792E+01
  1.7898E+02 -2.7221E+01  2.8120E+01
  1.7935E+02 -2.7703E+01  2.7441E+01
  1.7973E+02 -2.8172E+01  2.6756E+01
  1.8010E+02 -2.8626E+01  2.6065E+01
  1.8048E+02 -2.9067E+01  2.5368E+01
  1.8086E+02 -2.9493E+01  2.4665E+01
  1.8123E+02 -2.9905E+01  2.3957E+01
  1.8161E+02 -3.0303E+01  2.3244E+01
  1.8198E+02 -3.0686E+01  2.2526E+01
  1.8236E+02 -3.1055E+01  2.1804E+01
  1.8274E+02 -3.1410E+01  2.1077E+01
  1.8311E+02 -3.1751E+01  2.0347E+01
  1.8349E+02 -3.2079E+01  1.9613E+01
  1.8386E+02 -3.2393E+01  1.8876E+01
  1.8424E+02 -3.2694E+01  1.8135E+01
  1.8462E+02 -3.2981E+01  1.7391E+01
  1.8499E+02 -3.3256E+01  1.6645E+01
  1.8537E+02 -3.3517E+01  1.5896E+01
  1.8574E+02 -3.3765E+01  1.5145E+01
  1.8612E+02 -3.3999E+01  1.4392E+01
  1.8650E+02 -3.4220E+01  1.3637E+01
  1.8687E+02 -3.4428E+01  1.2880E+01
  1.8725E+02 -3.4622E+01  1.2122E+01
  1.8762E+02 -3.4802E+01  1.1362E+01
  1.8800E+02 -3.4969E+01  1.0602E+01
  1.8838E+02 -3.5122E+01  9.8411E+00
  1.8875E+02 -3.5262E+01  9.0796E+00
  1.8913E+02 -3.5387E+01  8.3180E+00
  1.8950E+02 -3.5500E+01  7.5564E+00
  1.8988E+02 -3.5598E+01  6.7951E+00
  1.9026E+02 -3.5684E+01  6.0343E+00
  1.9063E+02 -3.5755E+01  5.2743E+00
  1.9101E+02 -3.5814E+01  4.5152E+00
  1.9138E+02 -3.5859E+01  3.7573E+00
  1.9176E+02 -3.5891E+01  3.0008E+00
  1.9214E+02 -3.5910E+01  2.2459E+00
  1.9251E+02 -3.5916E+01  1.4928E+00
  1.9289E+02 -3.5910E+01  7.4176E-01
  1.9326E+02 -3.5891E+01 -7.0580E-03
  1.9364E+02 -3.5859E+01 -7.5346E-01
  1.9402E+02 -3.5816E+01 -1.4973E+00
  1.9439E+02 -3.5760E+01 -2.2383E+00
  1.9477E+02 -3.5692E+01 -2.9763E+00
  1.9514E+02 -3.5612E+01 -3.7112E+00
  1.9552E+02 -3.5520E+01 -4.4428E+00
  1.9590E+02 -3.5416E+01 -5.1709E+00
  1.9627E+02 -3.5300E+01 -5.8953E+00
  1.9665E+02 -3.5172E+01 -6.6157E+00
  1.9702E+02 -3.5032E+01 -7.3320E+00
  1.9740E+02 -3.4879E+01 -8.0440E+00
  1.9778E+02 -3.4714E+01 -8.7515E+00
  1.9815E+02 -3.4536E+01 -9.4541E+00
  1.9853E+02 -3.4346E+01 -1.0152E+01
  1.9890E+02 -3.4143E+01 -1.0844E+01
  1.9928E+02 -3.3928E+01 -1.1531E+01
  1.9966E+02 -3.3700E+01 -1.2211E+01
  2.0003E+02 -3.3460E+01 -1.2886E+01
  2.0041E+02 -3.3207E+01 -1.3555E+01
  2.0078E+02 -3.2943E+01 -1.4217E+01
  2.0116E+02 -3.2668E+01 -1.4872E+01
  2.0154E+02 -3.2380E+01 -1.5521E+01
  2.0191E+02 -3.2082E+01 -1.6162E+01
  2.0229E+02 -3.1773E+01 -1.6796E+01
  2.0266E+02 -3.1452E+01 -1.7423E+01
  2.0304E+02 -3.1122E+01 -1.8041E+01
  2.0342E+02 -3.0780E+01 -1.8652E+01
  2.0379E+02 -3.0429E+01 -1.9255E+01
  2.0417E+02 -3.0067E+01 -1.9850E+01
  2.0454E+02 -2.9696E+01 -2.0436E+01
  2.0492E+02 -2.9314E+01 -2.1013E+01
  2.0530E+02 -2.8923E+01 -2.1582E+01
  2.0567E+02 -2.8521E+01 -2.2142E+01
  2.0605E+02 -2.8111E+01 -2.2693E+01
  2.0642E+02 -2.7692E+01 -2.3234E+01
  2.0680E+02 -2.7263E+01 -2.3766E+01
  2.0718E+02 -2.6826E+01 -2.4289E+01
  2.0755E+02 -2.6381E+01 -2.4802E+01
  2.0793E+02 -2.5927E+01 -2.5305E+01
  2.0830E+02 -2.5466E+01 -2.5798E+01
  2.0868E+02 -2.4998E+01 -2.6281E+01
  2.0906E+02 -2.4523E+01 -2.6754E+01
  2.0943E+02 -2.4040E+01 -2.7217E+01
  2.0981E+02 -2.3552E+01 -2.7669E+01
  2.1018E+02 -2.3057E+01 -2.8112E+01
  2.1056E+02 -2.2557E+01 -2.8543E+01
  2.1094E+02 -2.2051E+01 -2.8965E+01
  2.1131E+02 -2.1540E+01 -2.9376E+01
  2.1169E+02 -2.1023E+01 -2.9777E+01
  2.1206E+02 -2.0502E+01 -3.0167E+01
  2.1244E+02 -1.9977E+01 -3.0547E+01
  2.1282E+02 -1.9447E+01 -3.0916E+01
  2.1319E+02 -1.8913E+01 -3.1274E+01
  2.1357E+02 -1.8376E+01 -3.1623E+01
  2.1394E+02 -1.7834E+01 -3.1960E+01
  2.1432E+02 -1.7290E+01 -3.2287E+01
  2.1470E+02 -1.6742E+01 -3.2604E+01
  2.1507E+02 -1.6191E+01 -3.2910E+01
  2.1545E+02 -1.5637E+01 -3.3205E+01
  2.1582E+02 -1.5081E+01 -3.3491E+01
  2.1620E+02 -1.4522E+01 -3.3765E+01
  2.1658E+02 -1.3961E+01 -3.4029E+01
  2.1695E+02 -1.3398E+01 -3.4283E+01
  2.1733E+02 -1.2833E+01 -3.4526E+01
  2.1770E+02 -1.2266E+01 -3.4759E+01
  2.1808E+02 -1.1697E+01 -3.4982E+01
  2.1846E+02 -1.1127E+01 -3.5194E+01
  2.1883E+02 -1.0555E+01 -3.5396E+01
  2.1921E+02 -9.9810E+00 -3.5587E+01
  2.1958E+02 -9.4061E+00 -3.5768E+01
  2.1996E+02 -8.8298E+00 -3.5939E+01
  2.2034E+02 -8.2523E+00 -3.6099E+01
  2.2071E+02 -7.6736E+00 -3.6249E+01
  2.2109E+02 -7.0938E+00 -3.6388E+01
  2.2146E+02 -6.5131E+00 -3.6518E+01
  2.2184E+02 -5.9315E+00 -3.6636E+01
  2.2222E+02 -5.3492E+00 -3.6745E+01
  2.2259E+02 -4.7661E+00 -3.6842E+01
  2.2297E+02 -4.1825E+00 -3.6930E+01
  2.2334E+02 -3.5984E+00 -3.7007E+01
  2.2372E+02 -3.0139E+00 -3.7073E+01
  2.2410E+02 -2.4292E+00 -3.7129E+01
  2.2447E+02 -1.8444E+00 -3.7175E+01
  2.2485E+02 -1.2596E+00 -3.7210E+01
  2.2522E+02 -6.7489E-01 -3.7234E+01
  2.2560E+02 -9.0516E-02 -3.7248E+01
  2.2598E+02  4.9340E-01 -3.7252E+01
  2.2635E+02  1.0767E+00 -3.7245E+01
  2.2673E+02  1.6592E+00 -3.7227E+01
  2.2710E+02  2.2407E+00 -3.7199E+01
  2.2748E+02  2.8210E+00 -3.7160E+01
  2.2786E+02  3.3999E+00 -3.7111E+01
  2.2823E+02  3.9772E+00 -3.7051E+01
  2.2861E+02  4.5527E+00 -3.6981E+01
  2.2898E+02  5.1261E+00 -3.6901E+01
  2.2936E+02  5.6972E+00 -3.6810E+01
  2.2974E+02  6.2657E+00 -3.6709E+01
  2.3011E+02  6.8314E+00 -3.6597E+01
  2.3049E+02  7.3941E+00 -3.6475E+01
  2.3086E+02  7.9534E+00 -3.6344E+01
  2.3124E+02  8.5092E+00 -3.6202E+01
  2.3162E+02  9.0612E+00 -3.6050E+01
  2.3199E+02  9.6092E+00 -3.5888E+01
  2.3237E+02  1.0153E+01 -3.5717E+01
  2.3274E+02  1.0692E+01 -3.5535E+01
  2.3312E+02  1.1227E+01 -3.5345E+01
  2.3350E+02  1.1757E+01 -3.5145E+01
  2.3387E+02  1.2281E+01 -3.4935E+01
  2.3425E+02  1.2800E+01 -3.4716E+01
  2.3462E+02  1.3314E+01 -3.4489E+01
  2.3500E+02  1.3822E+01 -3.4252E+01
  2.3538E+02  1.4324E+01 -3.4007E+01
  2.3575E+02  1.4819E+01 -3.3753E+01
  2.3613E+02  1.5308E+01 -3.3491E+01
  2.3650E+02  1.5791E+01 -3.3220E+01
  2.3688E+02  1.6267E+01 -3.2942E+01
  2.3726E+02  1.6735E+01 -3.2655E+01
  2.3763E+02  1.7197E+01 -3.2361E+01
  2.3801E+02  1.7651E+01 -3.2059E+01
  2.3838E+02  1.8098E+01 -3.1750E+01
  2.3876E+02  1.8538E+01 -3.1434E+01
  2.3914E+02  1.8970E+01 -3.1111E+01
  2.3951E+02  1.9394E+01 -3.0781E+01
  2.3989E+02  1.9811E+01 -3.0444E+01
  2.4026E+02  2.0220E+01 -3.0101E+01
  2.4064E+02  2.0622E+01 -2.9752E+01
  2.4102E+02  2.1015E+01 -2.9397E+01
  2.4139E+02  2.1401E+01 -2.9035E+01
  2.4177E+02  2.1778E+01 -2.8668E+01
  2.4214E+02  2.2148E+01 -2.8296E+01
  2.4252E+02  2.2509E+01 -2.7918E+01
  2.4290E+02  2.2862E+01 -2.7534E+01
  2.4327E+02  2.3207E+01 -2.7146E+01
  2.4365E+02  2.3544E+01 -2.6753E+01
  2.4402E+02  2.3872E+01 -2.6355E+01
  2.4440E+02  2.4193E+01 -2.5953E+01
  2.4478E+02  2.4505E+01 -2.5546E+01
  2.4515E+02  2.4809E+01 -2.5135E+01
  2.4553E+02  2.5105E+01 -2.4720E+01
  2.4590E+02  2.5393E+01 -2.4301E+01
  2.4628E+02  2.5672E+01 -2.3878E+01
  2.4666E+02  2.5944E+01 -2.3451E+01
  2.4703E+02  2.6208E+01 -2.3021E+01
  2.4741E+02  2.6464E+01 -2.2588E+01
  2.4778E+02  2.6711E+01 -2.2151E+01
  2.4816E+02  2.6951E+01 -2.1711E+01
  2.4854E+02  2.7183E+01 -2.1268E+01
  2.4891E+02  2.7407E+01 -2.0822E+01
  2.4929E+02  2.7623E+01 -2.0373E+01
  2.4966E+02  2.7831E+01 -1.9922E+01
  2.5004E+02  2.8031E+01 -1.9468E+01
  2.5042E+02  2.8223E+01 -1.9012E+01
  2.5079E+02  2.8407E+01 -1.8553E+01
  2.5117E+02  2.8583E+01 -1.8092E+01
  2.5154E+02  2.8751E+01 -1.7629E+01
  2.5192E+02  2.8911E+01 -1.7164E+01
  2.5230E+02  2.9063E+01 -1.6698E+01
  2.5267E+02  2.9207E+01 -1.6229E+01
  2.5305E+02  2.9342E+01 -1.5759E+01
  2.5342E+02  2.9470E+01 -1.5288E+01
  2.5380E+02  2.9590E+01 -1.4815E+01
  2.5418E+02  2.9701E+01 -1.4341E+01
  2.5455E+02  2.9804E+01 -1.3866E+01
  2.5493E+02  2.9899E+01 -1.3389E+01
  2.5530E+02  2.9986E+01 -1.2912E+01
  2.5568E+02  3.0064E+01 -1.2435E+01
  2.5606E+02  3.0134E+01 -1.1957E+01
  2.5643E+02  3.0196E+01 -1.1478E+01
  2.5681E+02  3.0249E+01 -1.0999E+01
  2.5718E+02  3.0294E+01 -1.0520E+01
  2.5756E+02  3.0330E+01 -1.0041E+01
  2.5794E+02  3.0357E+01 -9.5625E+00
  2.5831E+02  3.0376E+01 -9.0842E+00
  2.5869E+02  3.0387E+01 -8.6063E+00
  2.5906E+02  3.0388E+01 -8.1291E+00
  2.5944E+02  3.0381E+01 -7.6528E+00
  2.5982E+02  3.0366E+01 -7.1775E+00
  2.6019E+02  3.0341E+01 -6.7034E+00
  2.6057E+02  3.0308E+01 -6.2306E+00
  2.6094E+02  3.0266E+01 -5.7593E+00
  2.6132E+02  3.0216E+01 -5.2898E+00
  2.6170E+02  3.0157E+01 -4.8221E+00
  2.6207E+02  3.0089E+01 -4.3564E+00
  2.6245E+02  3.0013E+01 -3.8930E+00
  2.6282E+02  2.9928E+01 -3.4320E+00
  2.6320E+02  2.9835E+01 -2.9735E+00
  2.6358E+02  2.9733E+01 -2.5177E+00
  2.6395E+02  2.9623E+01 -2.0649E+00
  2.6433E+02  2.9504E+01 -1.6151E+00
  2.6470E+02  2.9377E+01 -1.1685E+00
  2.6508E+02  2.9243E+01 -7.2537E-01
  2.6546E+02  2.9100E+01 -2.8574E-01
  2.6583E+02  2.8949E+01  1.5019E-01
  2.6621E+02  2.8790E+01  5.8227E-01
  2.6658E+02  2.8624E+01  1.0104E+00
  2.6696E+02  2.8450E+01  1.4343E+00
  2.6734E+02  2.8269E+01  1.8540E+00
  2.6771E+02  2.8081E+01  2.2693E+00
  2.6809E+02  2.7885E+01  2.6801E+00
  2.6846E+02  2.7683E+01  3.0862E+00
  2.6884E+02  2.7473E+01  3.4875E+00
  2.6922E+02  2.7257E+01  3.8840E+00
  2.6959E+02  2.7034E+01  4.2754E+00
  2.6997E+02  2.6805E+01  4.6618E+00
  2.7034E+02  2.6569E+01  5.0429E+00
  2.7072E+02  2.6327E+01  5.4188E+00
  2.7110E+02  2.6079E+01  5.7893E+00
  2.7147E+02  2.5826E+01  6.1543E+00
  2.7185E+02  2.5566E+01  6.5138E+00
  2.7222E+02  2.5301E+01  6.8676E+00
  2.7260E+02  2.5031E+01  7.2158E+00
  2.7298E+02  2.4756E+01  7.5582E+00
  2.7335E+02  2.4475E+01  7.8948E+00
  2.7373E+02  2.4190E+01  8.2255E+00
  2.7410E+02  2.3899E+01  8.5503E+00
  2.7448E+02  2.3604E+01  8.8691E+00
  2.7486E+02  2.3305E+01  9.1819E+00
  2.7523E+02  2.3001E+01  9.4887E+00
  2.7561E+02  2.2694E+01  9.7894E+00
  2.7598E+02  2.2382E+01  1.0084E+01
  2.7636E+02  2.2066E+01  1.0372E+01
  2.7674E+02  2.1747E+01  1.0655E+01
  2.7711E+02  2.1424E+01  1.0931E+01
  2.7749E+02  2.1097E+01  1.1200E+01
  2.7786E+02  2.0768E+01  1.1464E+01
  2.7824E+02  2.0435E+01  1.1721E+01
  2.7862E+02  2.0099E+01  1.1972E+01
  2.7899E+02  1.9759E+01  1.2217E+01
  2.7937E+02  1.9418E+01  1.2455E+01
  2.7974E+02  1.9073E+01  1.2688E+01
  2.8012E+02  1.8726E+01  1.2913E+01
  2.8050E+02  1.8376E+01  1.3133E+01
  2.8087E+02  1.8024E+01  1.3346E+01
  2.8125E+02  1.7669E+01  1.3553E+01
  2.8162E+02  1.7312E+01  1.3753E+01
  2.8200E+02  1.6953E+01  1.3947E+01
  2.8238E+02  1.6592E+01  1.4135E+01
  2.8275E+02  1.6229E+01  1.4316E+01
  2.8313E+02  1.5864E+01  1.4491E+01
  2.8350E+02  1.5497E+01  1.4659E+01
  2.8388E+02  1.5128E+01  1.4821E+01
  2.8426E+02  1.4758E+01  1.4976E+01
  2.8463E+02  1.4386E+01  1.5125E+01
  2.8501E+02  1.4012E+01  1.5268E+01
  2.8538E+02  1.3637E+01  1.5404E+01
  2.8576E+02  1.3260E+01  1.5533E+01
  2.8614E+02  1.2882E+01  1.5656E+01
  2.8651E+02  1.2503E+01  1.5773E+01
  2.8689E+02  1.2123E+01  1.5882E+01
  2.8726E+02  1.1741E+01  1.5986E+01
  2.8764E+02  1.1359E+01  1.6082E+01
  2.8802E+02  1.0975E+01  1.6172E+01
  2.8839E+02  1.0591E+01  1.6255E+01
  2.8877E+02  1.0206E+01  1.6332E+01
  2.8914E+02  9.8197E+00  1.6402E+01
  2.8952E+02  9.4331E+00  1.6465E+01
  2.8990E+02  9.0461E+00  1.6522E+01
  2.9027E+02  8.6586E+00  1.6571E+01
  2.9065E+02  8.2708E+00  1.6614E+01
  2.9102E+02  7.8829E+00  1.6651E+01
  2.9140E+02  7.4948E+00  1.6680E+01
  2.9178E+02  7.1068E+00  1.6703E+01
  2.9215E+02  6.7190E+00  1.6719E+01
  2.9253E+02  6.3314E+00  1.6728E+01
  2.9290E+02  5.9443E+00  1.6730E+01
  2.9328E+02  5.5577E+00  1.6726E+01
  2.9366E+02  5.1719E+00  1.6715E+01
  2.9403E+02  4.7868E+00  1.6697E+01
  2.9441E+02  4.4027E+00  1.6672E+01
  2.9478E+02  4.0197E+00  1.6641E+01
  2.9516E+02  3.6379E+00  1.6603E+01
  2.9554E+02  3.2575E+00  1.6558E+01
  2.9591E+02  2.8786E+00  1.6507E+01
  2.9629E+02  2.5013E+00  1.6449E+01
  2.9666E+02  2.1258E+00  1.6384E+01
  2.9704E+02  1.7522E+00  1.6313E+01
  2.9742E+02  1.3806E+00  1.6236E+01
  2.9779E+02  1.0113E+00  1.6152E+01
  2.9817E+02  6.4430E-01  1.6062E+01
  2.9854E+02  2.7979E-01  1.5965E+01
  2.9892E+02 -8.2101E-02  1.5862E+01
  2.9930E+02 -4.4123E-01  1.5754E+01
  2.9967E+02 -7.9746E-01  1.5638E+01
  3.0005E+02 -1.1507E+00  1.5517E+01
  3.0042E+02 -1.5007E+00  1.5390E+01
  3.0080E+02 -1.8475E+00  1.5258E+01
  3.0118E+02 -2.1908E+00  1.5119E+01
  3.0155E+02 -2.5307E+00  1.4975E+01
  3.0193E+02 -2.8669E+00  1.4825E+01
  3.0230E+02 -3.1993E+00  1.4670E+01
  3.0268E+02 -3.5279E+00  1.4509E+01
  3.0306E+02 -3.8526E+00  1.4343E+01
  3.0343E+02 -4.1731E+00  1.4171E+01
  3.0381E+02 -4.4895E+00  1.3995E+01
  3.0418E+02 -4.8016E+00  1.3814E+01
  3.0456E+02 -5.1094E+00  1.3628E+01
  3.0494E+02 -5.4127E+00  1.3437E+01
  3.0531E+02 -5.7114E+00  1.3241E+01
  3.0569E+02 -6.0055E+00  1.3041E+01
  3.0606E+02 -6.2949E+00  1.2836E+01
  3.0644E+02 -6.5794E+00  1.2627E+01
  3.0682E+02 -6.8591E+00  1.2414E+01
  3.0719E+02 -7.1338E+00  1.2197E+01
  3.0757E+02 -7.4036E+00  1.1976E+01
  3.0794E+02 -7.6682E+00  1.1751E+01
  3.0832E+02 -7.9277E+00  1.1522E+01
  3.0870E+02 -8.1821E+00  1.1290E+01
  3.0907E+02 -8.4312E+00  1.1054E+01
  3.0945E+02 -8.6751E+00  1.0815E+01
  3.0982E+02 -8.9138E+00  1.0573E+01
  3.1020E+02 -9.1471E+00  1.0327E+01
  3.1058E+02 -9.3752E+00  1.0079E+01
  3.1095E+02 -9.5979E+00  9.8272E+00
  3.1133E+02 -9.8152E+00  9.5730E+00
  3.1170E+02 -1.0027E+01  9.3160E+00
  3.1208E+02 -1.0234E+01  9.0565E+00
  3.1246E+02 -1.0435E+01  8.7944E+00
  3.1283E+02 -1.0631E+01  8.5300E+00
  3.1321E+02 -1.0822E+01  8.2634E+00
  3.1358E+02 -1.1007E+01  7.9945E+00
  3.1396E+02 -1.1187E+01  7.7236E+00
  3.1434E+02 -1.1361E+01  7.4506E+00
  3.1471E+02 -1.1530E+01  7.1758E+00
  3.1509E+02 -1.1694E+01  6.8992E+00
  3.1546E+02 -1.1853E+01  6.6209E+00
  3.1584E+02 -1.2006E+01  6.3409E+00
  3.1622E+02 -1.2154E+01  6.0595E+00
  3.1659E+02 -1.2297E+01  5.7765E+00
  3.1697E+02 -1.2434E+01  5.4922E+00
  3.1734E+02 -1.2567E+01  5.2067E+00
  3.1772E+02 -1.2694E+01  4.9199E+00
  3.1810E+02 -1.2815E+01  4.6320E+00
  3.1847E+02 -1.2932E+01  4.3431E+00
  3.1885E+02 -1.3044E+01  4.0532E+00
  3.1922E+02 -1.3150E+01  3.7625E+00
  3.1960E+02 -1.3251E+01  3.4709E+00
  3.1998E+02 -1.3347E+01  3.1786E+00
  3.2035E+02 -1.3438E+01  2.8856E+00
  3.2073E+02 -1.3524E+01  2.5920E+00
  3.2110E+02 -1.3605E+01  2.2979E+00
  3.2148E+02 -1.3681E+01  2.0034E+00
  3.2186E+02 -1.3752E+01  1.7085E+00
  3.2223E+02 -1.3817E+01  1.4133E+00
  3.2261E+02 -1.3878E+01  1.1178E+00
  3.2298E+02 -1.3934E+01  8.2222E-01
  3.2336E+02 -1.3984E+01  5.2653E-01
  3.2374E+02 -1.4030E+01  2.3084E-01
  3.2411E+02 -1.4071E+01 -6.4785E-02
  3.2449E+02 -1.4106E+01 -3.6027E-01
  3.2486E+02 -1.4137E+01 -6.5555E-01
  3.2524E+02 -1.4163E+01 -9.5054E-01
  3.2562E+02 -1.4183E+01 -1.2452E+00
  3.2599E+02 -1.4199E+01 -1.5394E+00
  3.2637E+02 -1.4210E+01 -1.8330E+00
  3.2674E+02 -1.4216E+01 -2.1261E+00
  3.2712E+02 -1.4216E+01 -2.4185E+00
  3.2750E+02 -1.4212E+01 -2.7101E+00
  3.2787E+02 -1.4203E+01 -3.0010E+00
  3.2825E+02 -1.4190E+01 -3.2909E+00
  3.2862E+02 -1.4171E+01 -3.5798E+00
  3.2900E+02 -1.4147E+01 -3.8676E+00
  3.2938E+02 -1.4118E+01 -4.1543E+00
  3.2975E+02 -1.4085E+01 -4.4397E+00
  3.3013E+02 -1.4047E+01 -4.7238E+00
  3.3050E+02 -1.4004E+01 -5.0065E+00
  3.3088E+02 -1.3956E+01 -5.2877E+00
  3.3126E+02 -1.3903E+01 -5.5673E+00
  3.3163E+02 -1.3846E+01 -5.8453E+00
  3.3201E+02 -1.3783E+01 -6.1214E+00
  3.3238E+02 -1.3716E+01 -6.3958E+00
  3.3276E+02 -1.3645E+01 -6.6682E+00
  3.3314E+02 -1.3568E+01 -6.9385E+00
  3.3351E+02 -1.3487E+01 -7.2068E+00
  3.3389E+02 -1.3401E+01 -7.4728E+00
  3.3426E+02 -1.3311E+01 -7.7366E+00
  3.3464E+02 -1.3216E+01 -7.9980E+00
  3.3502E+02 -1.3117E+01 -8.2569E+00
  3.3539E+02 -1.3012E+01 -8.5132E+00
  3.3577E+02 -1.2904E+01 -8.7669E+00
  3.3614E+02 -1.2791E+01 -9.0179E+00
  3.3652E+02 -1.2674E+01 -9.2660E+00
  3.3690E+02 -1.2552E+01 -9.5112E+00
  3.3727E+02 -1.2426E+01 -9.7535E+00
  3.3765E+02 -1.2296E+01 -9.9926E+00
  3.3802E+02 -1.2162E+01 -1.0229E+01
  3.3840E+02 -1.2023E+01 -1.0461E+01
  3.3878E+02 -1.1880E+01 -1.0691E+01
  3.3915E+02 -1.1734E+01 -1.0917E+01
  3.3953E+02 -1.1583E+01 -1.1139E+01
  3.3990E+02 -1.1429E+01 -1.1358E+01
  3.4028E+02 -1.1271E+01 -1.1574E+01
  3.4066E+02 -1.1109E+01 -1.1786E+01
  3.4103E+02 -1.0943E+01 -1.1993E+01
  3.4141E+02 -1.0774E+01 -1.2198E+01
  3.4178E+02 -1.0602E+01 -1.2398E+01
  3.4216E+02 -1.0426E+01 -1.2594E+01
  3.4254E+02 -1.0247E+01 -1.2786E+01
  3.4291E+02 -1.0064E+01 -1.2975E+01
  3.4329E+02 -9.8786E+00 -1.3159E+01
  3.4366E+02 -9.6901E+00 -1.3339E+01
  3.4404E+02 -9.4987E+00 -1.3514E+01
  3.4442E+02 -9.3045E+00 -1.3686E+01
  3.4479E+02 -9.1076E+00 -1.3853E+01
  3.4517E+02 -8.9081E+00 -1.4016E+01
  3.4554E+02 -8.7061E+00 -1.4175E+01
  3.4592E+02 -8.5018E+00 -1.4329E+01
  3.4630E+02 -8.2951E+00 -1.4479E+01
  3.4667E+02 -8.0863E+00 -1.4624E+01
  3.4705E+02 -7.8754E+00 -1.4765E+01
  3.4742E+02 -7.6626E+00 -1.4901E+01
  3.4780E+02 -7.4479E+00 -1.5033E+01
  3.4818E+02 -7.2315E+00 -1.5161E+01
  3.4855E+02 -7.0135E+00 -1.5284E+01
  3.4893E+02 -6.7940E+00 -1.5402E+01
  3.4930E+02 -6.5730E+00 -1.5516E+01
  3.4968E+02 -6.3508E+00 -1.5625E+01
  3.5006E+02 -6.1273E+00 -1.5730E+01
  3.5043E+02 -5.9028E+00 -1.5831E+01
  3.5081E+02 -5.6773E+00 -1.5926E+01
  3.5118E+02 -5.4509E+00 -1.6018E+01
  3.5156E+02 -5.2237E+00 -1.6105E+01
  3.5194E+02 -4.9958E+00 -1.6187E+01
  3.5231E+02 -4.7673E+00 -1.6265E+01
  3.5269E+02 -4.5383E+00 -1.6339E+01
  3.5306E+02 -4.3089E+00 -1.6408E+01
  3.5344E+02 -4.0791E+00 -1.6472E+01
  3.5382E+02 -3.8491E+00 -1.6533E+01
  3.5419E+02 -3.6190E+00 -1.6589E+01
  3.5457E+02 -3.3887E+00 -1.6640E+01
  3.5494E+02 -3.1585E+00 -1.6688E+01
  3.5532E+02 -2.9283E+00 -1.6731E+01
  3.5570E+02 -2.6982E+00 -1.6770E+01
  3.5607E+02 -2.4684E+00 -1.6804E+01
  3.5645E+02 -2.2388E+00 -1.6834E+01
  3.5682E+02 -2.0096E+00 -1.6861E+01
  3.5720E+02 -1.7808E+00 -1.6883E+01
  3.5758E+02 -1.5524E+00 -1.6901E+01
  3.5795E+02 -1.3246E+00 -1.6914E+01
  3.5833E+02 -1.0973E+00 -1.6924E+01
  3.5870E+02 -8.7073E-01 -1.6930E+01
  3.5908E+02 -6.4480E-01 -1.6931E+01
  3.5946E+02 -4.1962E-01 -1.6929E+01
  3.5983E+02 -1.9522E-01 -1.6923E+01
  3.6021E+02  2.8324E-02 -1.6913E+01
  3.6058E+02  2.5098E-01 -1.6898E+01
  3.6096E+02  4.7269E-01 -1.6880E+01
  3.6134E+02  6.9341E-01 -1.6859E+01
  3.6171E+02  9.1309E-01 -1.6833E+01
  3.6209E+02  1.1317E+00 -1.6804E+01
  3.6246E+02  1.3491E+00 -1.6770E+01
  3.6284E+02  1.5654E+00 -1.6733E+01
  3.6322E+02  1.7804E+00 -1.6693E+01
  3.6359E+02  1.9941E+00 -1.6648E+01
  3.6397E+02  2.2065E+00 -1.6600E+01
  3.6434E+02  2.4175E+00 -1.6548E+01
  3.6472E+02  2.6271E+00 -1.6493E+01
  3.6510E+02  2.8352E+00 -1.6434E+01
  3.6547E+02  3.0417E+00 -1.6372E+01
  3.6585E+02  3.2466E+00 -1.6306E+01
  3.6622E+02  3.4499E+00 -1.6236E+01
  3.6660E+02  3.6515E+00 -1.6164E+01
  3.6698E+02  3.8514E+00 -1.6087E+01
  3.6735E+02  4.0494E+00 -1.6008E+01
  3.6773E+02  4.2456E+00 -1.5925E+01
  3.6810E+02  4.4399E+00 -1.5838E+01
  3.6848E+02  4.6322E+00 -1.5748E+01
  3.6886E+02  4.8226E+00 -1.5656E+01
  3.6923E+02  5.0108E+00 -1.5559E+01
  3.6961E+02  5.1970E+00 -1.5460E+01
  3.6998E+02  5.3810E+00 -1.5358E+01
  3.7036E+02  5.5628E+00 -1.5252E+01
  3.7074E+02  5.7423E+00 -1.5143E+01
  3.7111E+02  5.9196E+00 -1.5032E+01
  3.7149E+02  6.0945E+00 -1.4917E+01
  3.7186E+02  6.2670E+00 -1.4799E+01
  3.7224E+02  6.4371E+00 -1.4679E+01
  3.7262E+02  6.6048E+00 -1.4556E+01
  3.7299E+02  6.7699E+00 -1.4430E+01
  3.7337E+02  6.9325E+00 -1.4301E+01
  3.7374E+02  7.0925E+00 -1.4169E+01
  3.7412E+02  7.2499E+00 -1.4035E+01
  3.7450E+02  7.4047E+00 -1.3898E+01
  3.7487E+02  7.5568E+00 -1.3759E+01
  3.7525E+02  7.7061E+00 -1.3617E+01
  3.7562E+02  7.8528E+00 -1.3472E+01
  3.7600E+02  7.9966E+00 -1.3325E+01
  3.7638E+02  8.1377E+00 -1.3176E+01
  3.7675E+02  8.2759E+00 -1.3025E+01
  3.7713E+02  8.4113E+00 -1.2871E+01
  3.7750E+02  8.5437E+00 -1.2715E+01
  3.7788E+02  8.6733E+00 -1.2557E+01
  3.7826E+02  8.7999E+00 -1.2397E+01
  3.7863E+02  8.9236E+00 -1.2235E+01
  3.7901E+02  9.0442E+00 -1.2071E+01
  3.7938E+02  9.1619E+00 -1.1904E+01
  3.7976E+02  9.2765E+00 -1.1736E+01
  3.8014E+02  9.3880E+00 -1.1567E+01
  3.8051E+02  9.4965E+00 -1.1395E+01
  3.8089E+02  9.6018E+00 -1.1222E+01
  3.8126E+02  9.7040E+00 -1.1047E+01
  3.8164E+02  9.8030E+00 -1.0871E+01
  3.8202E+02  9.8989E+00 -1.0693E+01
  3.8239E+02  9.9916E+00 -1.0513E+01
  3.8277E+02  1.0081E+01 -1.0333E+01
  3.8314E+02  1.0167E+01 -1.0150E+01
  3.8352E+02  1.0250E+01 -9.9671E+00
  3.8390E+02  1.0330E+01 -9.7825E+00
  3.8427E+02  1.0406E+01 -9.5967E+00
  3.8465E+02  1.0479E+01 -9.4098E+00
  3.8502E+02  1.0549E+01 -9.2220E+00
  3.8540E+02  1.0615E+01 -9.0331E+00
  3.8578E+02  1.0678E+01 -8.8434E+00
  3.8615E+02  1.0738E+01 -8.6529E+00
  3.8653E+02  1.0794E+01 -8.4615E+00
  3.8690E+02  1.0846E+01 -8.2695E+00
  3.8728E+02  1.0896E+01 -8.0768E+00
  3.8766E+02  1.0942E+01 -7.8836E+00
  3.8803E+02  1.0984E+01 -7.6898E+00
  3.8841E+02  1.1023E+01 -7.4956E+00
  3.8878E+02  1.1058E+01 -7.3011E+00
  3.8916E+02  1.1090E+01 -7.1062E+00
  3.8954E+02  1.1119E+01 -6.9111E+00
  3.8991E+02  1.1144E+01 -6.7158E+00
  3.9029E+02  1.1165E+01 -6.5204E+00
  3.9066E+02  1.1183E+01 -6.3250E+00
  3.9104E+02  1.1197E+01 -6.1296E+00
  3.9142E+02  1.1208E+01 -5.9343E+00
  3.9179E+02  1.1216E+01 -5.7392E+00
  3.9217E+02  1.1219E+01 -5.5443E+00
  3.9254E+02  1.1220E+01 -5.3497E+00
  3.9292E+02  1.1216E+01 -5.1555E+00
  3.9330E+02  1.1210E+01 -4.9618E+00
  3.9367E+02  1.1199E+01 -4.7685E+00
  3.9405E+02  1.1186E+01 -4.5758E+00
  3.9442E+02  1.1169E+01 -4.3837E+00
  3.9480E+02  1.1148E+01 -4.1924E+00
  3.9518E+02  1.1124E+01 -4.0018E+00
  3.9555E+02  1.1096E+01 -3.8121E+00
  3.9593E+02  1.1065E+01 -3.6233E+00
  3.9630E+02  1.1031E+01 -3.4354E+00
  3.9668E+02  1.0993E+01 -3.2486E+00
  3.9706E+02  1.0952E+01 -3.0628E+00
  3.9743E+02  1.0907E+01 -2.8783E+00
  3.9781E+02  1.0859E+01 -2.6949E+00
  3.9818E+02  1.0808E+01 -2.5129E+00
  3.9856E+02  1.0754E+01 -2.3321E+00
  3.9894E+02  1.0696E+01 -2.1528E+00
  3.9931E+02  1.0636E+01 -1.9749E+00
  3.9969E+02  1.0572E+01 -1.7985E+00
  4.0006E+02  1.0505E+01 -1.6237E+00
  4.0044E+02  1.0435E+01 -1.4505E+00
  4.0082E+02  1.0363E+01 -1.2790E+00
  4.0119E+02  1.0287E+01 -1.1092E+00
  4.0157E+02  1.0208E+01 -9.4111E-01
  4.0194E+02  1.0127E+01 -7.7487E-01
  4.0232E+02  1.0042E+01 -6.1049E-01
  4.0270E+02  9.9554E+00 -4.4800E-01
  4.0307E+02  9.8657E+00 -2.8745E-01
  4.0345E+02  9.7734E+00 -1.2888E-01
  4.0382E+02  9.6786E+00  2.7667E-02
  4.0420E+02  9.5813E+00  1.8216E-01
  4.0458E+02  9.4815E+00  3.3456E-01
  4.0495E+02  9.3793E+00  4.8484E-01
  4.0533E+02  9.2749E+00  6.3297E-01
  4.0570E+02  9.1681E+00  7.7890E-01
  4.0608E+02  9.0592E+00  9.2262E-01
  4.0646E+02  8.9481E+00  1.0641E+00
  4.0683E+02  8.8349E+00  1.2033E+00
  4.0721E+02  8.7196E+00  1.3402E+00
  4.0758E+02  8.6024E+00  1.4748E+00
  4.0796E+02  8.4833E+00  1.6071E+00
  4.0834E+02  8.3623E+00  1.7370E+00
  4.0871E+02  8.2396E+00  1.8645E+00
  4.0909E+02  8.1151E+00  1.9897E+00
  4.0946E+02  7.9889E+00  2.1124E+00
  4.0984E+02  7.8611E+00  2.2327E+00
  4.1022E+02  7.7317E+00  2.3506E+00
  4.1059E+02  7.6008E+00  2.4660E+00
  4.1097E+02  7.4684E+00  2.5789E+00
  4.1134E+02  7.3346E+00  2.6894E+00
  4.1172E+02  7.1995E+00  2.7974E+00
  4.1210E+02  7.0631E+00  2.9028E+00
  4.1247E+02  6.9254E+00  3.0058E+00
  4.1285E+02  6.7865E+00  3.1063E+00
  4.1322E+02  6.6465E+00  3.2042E+00
  4.1360E+02  6.5054E+00  3.2996E+00
  4.1398E+02  6.3632E+00  3.3925E+00
  4.1435E+02  6.2201E+00  3.4828E+00
  4.1473E+02  6.0760E+00  3.5706E+00
  4.1510E+02  5.9310E+00  3.6558E+00
  4.1548E+02  5.7852E+00  3.7385E+00
  4.1586E+02  5.6385E+00  3.8186E+00
  4.1623E+02  5.4911E+00  3.8962E+00
  4.1661E+02  5.3430E+00  3.9712E+00
  4.1698E+02  5.1942E+00  4.0436E+00
  4.1736E+02  5.0447E+00  4.1135E+00
  4.1774E+02  4.8947E+00  4.1807E+00
  4.1811E+02  4.7441E+00  4.2455E+00
  4.1849E+02  4.5930E+00  4.3076E+00
  4.1886E+02  4.4414E+00  4.3672E+00
  4.1924E+02  4.2894E+00  4.4241E+00
  4.1962E+02  4.1370E+00  4.4785E+00
  4.1999E+02  3.9842E+00  4.5304E+00
  4.2037E+02  3.8311E+00  4.5796E+00
  4.2074E+02  3.6777E+00  4.6263E+00
  4.2112E+02  3.5240E+00  4.6703E+00
  4.2150E+02  3.3701E+00  4.7118E+00
  4.2187E+02  3.2160E+00  4.7507E+00
  4.2225E+02  3.0617E+00  4.7871E+00
  4.2262E+02  2.9073E+00  4.8208E+00
  4.2300E+02  2.7528E+00  4.8519E+00
  4.2338E+02  2.5982E+00  4.8805E+00
  4.2375E+02  2.4436E+00  4.9065E+00
  4.2413E+02  2.2890E+00  4.9299E+00
  4.2450E+02  2.1344E+00  4.9507E+00
  4.2488E+02  1.9799E+00  4.9689E+00
  4.2526E+02  1.8255E+00  4.9845E+00
  4.2563E+02  1.6712E+00  4.9976E+00
  4.2601E+02  1.5170E+00  5.0081E+00
  4.2638E+02  1.3631E+00  5.0160E+00
  4.2676E+02  1.2094E+00  5.0213E+00
  4.2714E+02  1.0559E+00  5.0241E+00
  4.2751E+02  9.0279E-01  5.0243E+00
  4.2789E+02  7.5002E-01  5.0219E+00
  4.2826E+02  5.9763E-01  5.0170E+00
  4.2864E+02  4.4567E-01  5.0096E+00
  4.2902E+02  2.9418E-01  4.9996E+00
  4.2939E+02  1.4321E-01  4.9871E+00
  4.2977E+02 -7.2126E-03  4.9720E+00
  4.3014E+02 -1.5703E-01  4.9545E+00
  4.3052E+02 -3.0620E-01  4.9344E+00
  4.3090E+02 -4.5468E-01  4.9119E+00
  4.3127E+02 -6.0243E-01  4.8869E+00
  4.3165E+02 -7.4939E-01  4.8595E+00
  4.3202E+02 -8.9553E-01  4.8296E+00
  4.3240E+02 -1.0408E+00  4.7973E+00
  4.3278E+02 -1.1851E+00  4.7626E+00
  4.3315E+02 -1.3285E+00  4.7255E+00
  4.3353E+02 -1.4708E+00  4.6861E+00
  4.3390E+02 -1.6121E+00  4.6443E+00
  4.3428E+02 -1.7523E+00  4.6002E+00
  4.3466E+02 -1.8913E+00  4.5539E+00
  4.3503E+02 -2.0292E+00  4.5052E+00
  4.3541E+02 -2.1657E+00  4.4544E+00
  4.3578E+02 -2.3010E+00  4.4013E+00
  4.3616E+02 -2.4350E+00  4.3461E+00
  4.3654E+02 -2.5676E+00  4.2887E+00
  4.3691E+02 -2.6987E+00  4.2293E+00
  4.3729E+02 -2.8284E+00  4.1677E+00
  4.3766E+02 -2.9566E+00  4.1042E+00
  4.3804E+02 -3.0832E+00  4.0386E+00
  4.3842E+02 -3.2083E+00  3.9710E+00
  4.3879E+02 -3.3317E+00  3.9016E+00
  4.3917E+02 -3.4535E+00  3.8302E+00
  4.3954E+02 -3.5736E+00  3.7570E+00
  4.3992E+02 -3.6920E+00  3.6819E+00
  4.4030E+02 -3.8086E+00  3.6051E+00
  4.4067E+02 -3.9234E+00  3.5266E+00
  4.4105E+02 -4.0364E+00  3.4464E+00
  4.4142E+02 -4.1475E+00  3.3645E+00
  4.4180E+02 -4.2567E+00  3.2811E+00
  4.4218E+02 -4.3641E+00  3.1960E+00
  4.4255E+02 -4.4695E+00  3.1095E+00
  4.4293E+02 -4.5729E+00  3.0214E+00
  4.4330E+02 -4.6744E+00  2.9320E+00
  4.4368E+02 -4.7739E+00  2.8411E+00
  4.4406E+02 -4.8713E+00  2.7489E+00
  4.4443E+02 -4.9668E+00  2.6555E+00
  4.4481E+02 -5.0601E+00  2.5607E+00
  4.4518E+02 -5.1514E+00  2.4647E+00
  4.4556E+02 -5.2406E+00  2.3676E+00
  4.4594E+02 -5.3277E+00  2.2693E+00
  4.4631E+02 -5.4127E+00  2.1700E+00
  4.4669E+02 -5.4956E+00  2.0696E+00
  4.4706E+02 -5.5763E+00  1.9682E+00
  4.4744E+02 -5.6549E+00  1.8659E+00
  4.4782E+02 -5.7314E+00  1.7626E+00
  4.4819E+02 -5.8057E+00  1.6585E+00
  4.4857E+02 -5.8779E+00  1.5535E+00
  4.4894E+02 -5.9479E+00  1.4477E+00
  4.4932E+02 -6.0158E+00  1.3412E+00
  4.4970E+02 -6.0815E+00  1.2339E+00
  4.5007E+02 -6.1451E+00  1.1260E+00
  4.5045E+02 -6.2065E+00  1.0175E+00
  4.5082E+02 -6.2657E+00  9.0830E-01
  4.5120E+02 -6.3228E+00  7.9858E-01
  4.5158E+02 -6.3778E+00  6.8832E-01
  4.5195E+02 -6.4305E+00  5.7758E-01
  4.5233E+02 -6.4812E+00  4.6639E-01
  4.5270E+02 -6.5297E+00  3.5477E-01
  4.5308E+02 -6.5760E+00  2.4277E-01
  4.5346E+02 -6.6203E+00  1.3043E-01
  4.5383E+02 -6.6624E+00  1.7771E-02
  4.5421E+02 -6.7023E+00 -9.5165E-02
  4.5458E+02 -6.7402E+00 -2.0835E-01
  4.5496E+02 -6.7759E+00 -3.2174E-01
  4.5534E+02 -6.8095E+00 -4.3530E-01
  4.5571E+02 -6.8409E+00 -5.4901E-01
  4.5609E+02 -6.8703E+00 -6.6283E-01
  4.5646E+02 -6.8976E+00 -7.7672E-01
  4.5684E+02 -6.9227E+00 -8.9066E-01
  4.5722E+02 -6.9458E+00 -1.0046E+00
  4.5759E+02 -6.9667E+00 -1.1185E+00
  4.5797E+02 -6.9856E+00 -1.2324E+00
  4.5834E+02 -7.0024E+00 -1.3461E+00
  4.5872E+02 -7.0170E+00 -1.4598E+00
  4.5910E+02 -7.0296E+00 -1.5732E+00
  4.5947E+02 -7.0402E+00 -1.6865E+00
  4.5985E+02 -7.0486E+00 -1.7996E+00
  4.6022E+02 -7.0550E+00 -1.9123E+00
  4.6060E+02 -7.0593E+00 -2.0248E+00
  4.6098E+02 -7.0616E+00 -2.1370E+00
  4.6135E+02 -7.0618E+00 -2.2488E+00
  4.6173E+02 -7.0600E+00 -2.3602E+00
  4.6210E+02 -7.0561E+00 -2.4711E+00
  4.6248E+02 -7.0502E+00 -2.5816E+00
  4.6286E+02 -7.0423E+00 -2.6916E+00
  4.6323E+02 -7.0324E+00 -2.8010E+00
  4.6361E+02 -7.0205E+00 -2.9099E+00
  4.6398E+02 -7.0066E+00 -3.0182E+00
  4.6436E+02 -6.9908E+00 -3.1258E+00
  4.6474E+02 -6.9729E+00 -3.2328E+00
  4.6511E+02 -6.9532E+00 -3.3390E+00
  4.6549E+02 -6.9315E+00 -3.4445E+00
  4.6586E+02 -6.9078E+00 -3.5492E+00
  4.6624E+02 -6.8823E+00 -3.6531E+00
  4.6662E+02 -6.8549E+00 -3.7562E+00
  4.6699E+02 -6.8257E+00 -3.8584E+00
  4.6737E+02 -6.7946E+00 -3.9596E+00
  4.6774E+02 -6.7617E+00 -4.0600E+00
  4.6812E+02 -6.7270E+00 -4.1593E+00
  4.6850E+02 -6.6905E+00 -4.2577E+00
  4.6887E+02 -6.6522E+00 -4.3550E+00
  4.6925E+02 -6.6123E+00 -4.4512E+00
  4.6962E+02 -6.5706E+00 -4.5464E+00
  4.7000E+02 -6.5272E+00 -4.6404E+00
  4.7038E+02 -6.4822E+00 -4.7333E+00
  4.7075E+02 -6.4356E+00 -4.8250E+00
  4.7113E+02 -6.3873E+00 -4.9155E+00
  4.7150E+02 -6.3375E+00 -5.0048E+00
  4.7188E+02 -6.2862E+00 -5.0928E+00
  4.7226E+02 -6.2333E+00 -5.1795E+00
  4.7263E+02 -6.1789E+00 -5.2649E+00
  4.7301E+02 -6.1231E+00 -5.3490E+00
  4.7338E+02 -6.0659E+00 -5.4317E+00
  4.7376E+02 -6.0073E+00 -5.5130E+00
  4.7414E+02 -5.9473E+00 -5.5930E+00
  4.7451E+02 -5.8860E+00 -5.6715E+00
  4.7489E+02 -5.8234E+00 -5.7486E+00
  4.7526E+02 -5.7595E+00 -5.8242E+00
  4.7564E+02 -5.6944E+00 -5.8983E+00
  4.7602E+02 -5.6281E+00 -5.9710E+00
  4.7639E+02 -5.5607E+00 -6.0421E+00
  4.7677E+02 -5.4921E+00 -6.1118E+00
  4.7714E+02 -5.4224E+00 -6.1799E+00
  4.7752E+02 -5.3516E+00 -6.2464E+00
  4.7790E+02 -5.2798E+00 -6.3114E+00
  4.7827E+02 -5.2071E+00 -6.3748E+00
  4.7865E+02 -5.1333E+00 -6.4366E+00
  4.7902E+02 -5.0586E+00 -6.4968E+00
  4.7940E+02 -4.9830E+00 -6.5554E+00
  4.7978E+02 -4.9066E+00 -6.6123E+00
  4.8015E+02 -4.8293E+00 -6.6677E+00
  4.8053E+02 -4.7511E+00 -6.7214E+00
  4.8090E+02 -4.6723E+00 -6.7735E+00
  4.8128E+02 -4.5926E+00 -6.8239E+00
  4.8166E+02 -4.5123E+00 -6.8726E+00
  4.8203E+02 -4.4313E+00 -6.9197E+00
  4.8241E+02 -4.3496E+00 -6.9652E+00
  4.8278E+02 -4.2673E+00 -7.0089E+00
  4.8316E+02 -4.1844E+00 -7.0510E+00
  4.8354E+02 -4.1009E+00 -7.0914E+00
  4.8391E+02 -4.0169E+00 -7.1301E+00
  4.8429E+02 -3.9324E+00 -7.1671E+00
  4.8466E+02 -3.8475E+00 -7.2025E+00
  4.8504E+02 -3.7620E+00 -7.2361E+00
  4.8542E+02 -3.6762E+00 -7.2680E+00
  4.8579E+02 -3.5900E+00 -7.2983E+00
  4.8617E+02 -3.5034E+00 -7.3268E+00
  4.8654E+02 -3.4164E+00 -7.3537E+00
  4.8692E+02 -3.3292E+00 -7.3788E+00
  4.8730E+02 -3.2416E+00 -7.4023E+00
  4.8767E+02 -3.1539E+00 -7.4240E+00
  4.8805E+02 -3.0659E+00 -7.4441E+00
  4.8842E+02 -2.9777E+00 -7.4624E+00
  4.8880E+02 -2.8893E+00 -7.4791E+00
  4.8918E+02 -2.8008E+00 -7.4941E+00
  4.8955E+02 -2.7122E+00 -7.5073E+00
  4.8993E+02 -2.6235E+00 -7.5189E+00
  4.9030E+02 -2.5347E+00 -7.5288E+00
  4.9068E+02 -2.4459E+00 -7.5370E+00
  4.9106E+02 -2.3572E+00 -7.5435E+00
  4.9143E+02 -2.2684E+00 -7.5483E+00
  4.9181E+02 -2.1797E+00 -7.5515E+00
  4.9218E+02 -2.0911E+00 -7.5530E+00
  4.9256E+02 -2.0026E+00 -7.5528E+00
  4.9294E+02 -1.9142E+00 -7.5510E+00
  4.9331E+02 -1.8260E+00 -7.5475E+00
  4.9369E+02 -1.7380E+00 -7.5424E+00
  4.9406E+02 -1.6502E+00 -7.5356E+00
  4.9444E+02 -1.5627E+00 -7.5272E+00
  4.9482E+02 -1.4755E+00 -7.5172E+00
  4.9519E+02 -1.3885E+00 -7.5055E+00
  4.9557E+02 -1.3019E+00 -7.4922E+00
  4.9594E+02 -1.2157E+00 -7.4774E+00
  4.9632E+02 -1.1298E+00 -7.4609E+00
  4.9670E+02 -1.0444E+00 -7.4429E+00
  4.9707E+02 -9.5939E-01 -7.4233E+00
  4.9745E+02 -8.7487E-01 -7.4022E+00
  4.9782E+02 -7.9085E-01 -7.3795E+00
  4.9820E+02 -7.0735E-01 -7.3553E+00
  4.9858E+02 -6.2440E-01 -7.3295E+00
  4.9895E+02 -5.4202E-01 -7.3023E+00
  4.9933E+02 -4.6025E-01 -7.2735E+00
  4.9970E+02 -3.7911E-01 -7.2433E+00
  5.0000E+02 -3.1569E-01 -7.2185E+00
