# CREATED BY GENE DIAGNOSTICS TOOL on Thu Jan  3 15:03:16 2019
# diag: spectra, run(s): act, time window: 0-2000(113 steps), species: ions
# original data path: /ptmp/cmor/IFERC/W7Xhms036/ITGa_NL/omt2/
# normalization: L_T,ions
#
# kxind = 0, z avg.
# sqrt(sum(<|phi/phi0|^2>)) = 0%
#  ky         phi       
  0.0000E+00  0.0000E+00
  5.0000E-02  9.7798E-04
  1.0000E-01  1.4127E-03
  1.5000E-01  1.6594E-03
  2.0000E-01  1.9882E-03
  2.5000E-01  2.1199E-03
  3.0000E-01  2.2449E-03
  3.5000E-01  2.2762E-03
  4.0000E-01  2.2436E-03
  4.5000E-01  2.1992E-03
  5.0000E-01  2.0923E-03
  5.5000E-01  2.2370E-03
  6.0000E-01  2.0567E-03
  6.5000E-01  1.7649E-03
  7.0000E-01  1.5385E-03
  7.5000E-01  1.3017E-03
  8.0000E-01  1.0876E-03
  8.5000E-01  7.9985E-04
  9.0000E-01  5.5697E-04
  9.5000E-01  4.0767E-04
  1.0000E+00  2.8757E-04
  1.0500E+00  2.2251E-04
  1.1000E+00  1.7101E-04
  1.1500E+00  1.4237E-04
  1.2000E+00  1.2074E-04
  1.2500E+00  1.0997E-04
  1.3000E+00  8.8402E-05
  1.3500E+00  8.0949E-05
  1.4000E+00  7.3853E-05
  1.4500E+00  6.7974E-05
  1.5000E+00  5.9967E-05
  1.5500E+00  5.3013E-05
  1.6000E+00  5.1898E-05
  1.6500E+00  4.6903E-05
  1.7000E+00  4.2966E-05
  1.7500E+00  3.8000E-05
  1.8000E+00  3.6848E-05
  1.8500E+00  3.5014E-05
  1.9000E+00  3.1633E-05
  1.9500E+00  2.9324E-05
  2.0000E+00  2.9035E-05
  2.0500E+00  2.6565E-05
  2.1000E+00  2.4821E-05
  2.1500E+00  2.1880E-05
  2.2000E+00  2.1788E-05
  2.2500E+00  2.0777E-05
  2.3000E+00  2.0021E-05
  2.3500E+00  1.7809E-05
  2.4000E+00  1.8240E-05
  2.4500E+00  1.5676E-05
  2.5000E+00  1.6482E-05
  2.5500E+00  1.4484E-05
  2.6000E+00  1.3994E-05
  2.6500E+00  1.3767E-05
  2.7000E+00  1.2803E-05
  2.7500E+00  1.2042E-05
  2.8000E+00  1.1437E-05
  2.8500E+00  1.0146E-05
  2.9000E+00  1.0341E-05
  2.9500E+00  9.7021E-06
  3.0000E+00  9.9302E-06
  3.0500E+00  9.0489E-06
  3.1000E+00  8.5272E-06
  3.1500E+00  8.1461E-06


# kxind = 1, z avg.
# sqrt(sum(<|phi/phi0|^2>)) = 0%
#  ky         phi       
  0.0000E+00  5.0373E-01
  5.0000E-02  1.6473E-03
  1.0000E-01  1.6206E-03
  1.5000E-01  1.9283E-03
  2.0000E-01  2.3330E-03
  2.5000E-01  2.4694E-03
  3.0000E-01  2.5043E-03
  3.5000E-01  2.2362E-03
  4.0000E-01  2.1185E-03
  4.5000E-01  1.8471E-03
  5.0000E-01  1.9117E-03
  5.5000E-01  1.7740E-03
  6.0000E-01  1.6460E-03
  6.5000E-01  1.5358E-03
  7.0000E-01  1.3757E-03
  7.5000E-01  1.1140E-03
  8.0000E-01  9.4942E-04
  8.5000E-01  7.1647E-04
  9.0000E-01  5.3453E-04
  9.5000E-01  3.9949E-04
  1.0000E+00  3.1219E-04
  1.0500E+00  2.4428E-04
  1.1000E+00  1.9143E-04
  1.1500E+00  1.6210E-04
  1.2000E+00  1.2840E-04
  1.2500E+00  1.1047E-04
  1.3000E+00  9.8130E-05
  1.3500E+00  8.1430E-05
  1.4000E+00  8.2311E-05
  1.4500E+00  6.4885E-05
  1.5000E+00  6.0876E-05
  1.5500E+00  5.5895E-05
  1.6000E+00  4.8191E-05
  1.6500E+00  4.7150E-05
  1.7000E+00  4.2254E-05
  1.7500E+00  4.0812E-05
  1.8000E+00  3.7520E-05
  1.8500E+00  3.3729E-05
  1.9000E+00  3.2139E-05
  1.9500E+00  2.8015E-05
  2.0000E+00  2.7548E-05
  2.0500E+00  2.6785E-05
  2.1000E+00  2.5022E-05
  2.1500E+00  2.2945E-05
  2.2000E+00  2.1007E-05
  2.2500E+00  2.0746E-05
  2.3000E+00  1.9649E-05
  2.3500E+00  1.8519E-05
  2.4000E+00  1.7181E-05
  2.4500E+00  1.6168E-05
  2.5000E+00  1.5494E-05
  2.5500E+00  1.3857E-05
  2.6000E+00  1.4493E-05
  2.6500E+00  1.3139E-05
  2.7000E+00  1.1741E-05
  2.7500E+00  1.1805E-05
  2.8000E+00  1.1406E-05
  2.8500E+00  1.0499E-05
  2.9000E+00  1.0674E-05
  2.9500E+00  9.6928E-06
  3.0000E+00  9.4142E-06
  3.0500E+00  8.7258E-06
  3.1000E+00  8.9731E-06
  3.1500E+00  8.3158E-06


# kxind = 2, z avg.
# sqrt(sum(<|phi/phi0|^2>)) = 0%
#  ky         phi       
  0.0000E+00  2.7805E-01
  5.0000E-02  1.0806E-03
  1.0000E-01  1.7675E-03
  1.5000E-01  1.7439E-03
  2.0000E-01  2.0114E-03
  2.5000E-01  2.1040E-03
  3.0000E-01  2.5436E-03
  3.5000E-01  2.1366E-03
  4.0000E-01  1.8688E-03
  4.5000E-01  1.6568E-03
  5.0000E-01  1.3643E-03
  5.5000E-01  1.2269E-03
  6.0000E-01  9.9628E-04
  6.5000E-01  8.8615E-04
  7.0000E-01  7.7324E-04
  7.5000E-01  6.9989E-04
  8.0000E-01  5.8869E-04
  8.5000E-01  5.0395E-04
  9.0000E-01  4.3196E-04
  9.5000E-01  3.4432E-04
  1.0000E+00  2.8234E-04
  1.0500E+00  2.3835E-04
  1.1000E+00  1.8803E-04
  1.1500E+00  1.5647E-04
  1.2000E+00  1.3569E-04
  1.2500E+00  1.0653E-04
  1.3000E+00  9.5961E-05
  1.3500E+00  9.2426E-05
  1.4000E+00  7.5789E-05
  1.4500E+00  6.7029E-05
  1.5000E+00  6.0674E-05
  1.5500E+00  5.3838E-05
  1.6000E+00  5.1056E-05
  1.6500E+00  4.6849E-05
  1.7000E+00  4.3968E-05
  1.7500E+00  3.9446E-05
  1.8000E+00  3.7246E-05
  1.8500E+00  3.4853E-05
  1.9000E+00  3.1351E-05
  1.9500E+00  2.9579E-05
  2.0000E+00  2.9043E-05
  2.0500E+00  2.6129E-05
  2.1000E+00  2.3316E-05
  2.1500E+00  2.3008E-05
  2.2000E+00  2.0735E-05
  2.2500E+00  2.0791E-05
  2.3000E+00  1.9919E-05
  2.3500E+00  1.8675E-05
  2.4000E+00  1.7737E-05
  2.4500E+00  1.7247E-05
  2.5000E+00  1.5617E-05
  2.5500E+00  1.5011E-05
  2.6000E+00  1.3424E-05
  2.6500E+00  1.3122E-05
  2.7000E+00  1.3053E-05
  2.7500E+00  1.2365E-05
  2.8000E+00  1.0688E-05
  2.8500E+00  1.0327E-05
  2.9000E+00  1.0875E-05
  2.9500E+00  9.9298E-06
  3.0000E+00  9.3041E-06
  3.0500E+00  9.1357E-06
  3.1000E+00  8.8651E-06
  3.1500E+00  8.3151E-06


# kxind = 3, z avg.
# sqrt(sum(<|phi/phi0|^2>)) = 0%
#  ky         phi       
  0.0000E+00  1.6545E-01
  5.0000E-02  1.4064E-03
  1.0000E-01  1.5124E-03
  1.5000E-01  1.6652E-03
  2.0000E-01  1.8956E-03
  2.5000E-01  2.0486E-03
  3.0000E-01  2.1569E-03
  3.5000E-01  1.9882E-03
  4.0000E-01  1.7327E-03
  4.5000E-01  1.5225E-03
  5.0000E-01  1.2523E-03
  5.5000E-01  1.0488E-03
  6.0000E-01  9.1976E-04
  6.5000E-01  8.0295E-04
  7.0000E-01  6.2774E-04
  7.5000E-01  5.4689E-04
  8.0000E-01  4.8872E-04
  8.5000E-01  3.9136E-04
  9.0000E-01  3.3867E-04
  9.5000E-01  2.8239E-04
  1.0000E+00  2.3136E-04
  1.0500E+00  2.0193E-04
  1.1000E+00  1.7074E-04
  1.1500E+00  1.4462E-04
  1.2000E+00  1.3181E-04
  1.2500E+00  1.0751E-04
  1.3000E+00  9.7359E-05
  1.3500E+00  8.5163E-05
  1.4000E+00  7.8777E-05
  1.4500E+00  7.2225E-05
  1.5000E+00  5.8134E-05
  1.5500E+00  5.6622E-05
  1.6000E+00  4.9396E-05
  1.6500E+00  4.8351E-05
  1.7000E+00  4.5511E-05
  1.7500E+00  4.1826E-05
  1.8000E+00  3.6627E-05
  1.8500E+00  3.5542E-05
  1.9000E+00  2.9734E-05
  1.9500E+00  3.0421E-05
  2.0000E+00  2.6841E-05
  2.0500E+00  2.5569E-05
  2.1000E+00  2.3835E-05
  2.1500E+00  2.4270E-05
  2.2000E+00  2.2278E-05
  2.2500E+00  2.0382E-05
  2.3000E+00  1.8676E-05
  2.3500E+00  1.8459E-05
  2.4000E+00  1.8868E-05
  2.4500E+00  1.7173E-05
  2.5000E+00  1.5820E-05
  2.5500E+00  1.4782E-05
  2.6000E+00  1.5240E-05
  2.6500E+00  1.3634E-05
  2.7000E+00  1.2744E-05
  2.7500E+00  1.1234E-05
  2.8000E+00  1.1423E-05
  2.8500E+00  1.0796E-05
  2.9000E+00  1.0285E-05
  2.9500E+00  9.3660E-06
  3.0000E+00  9.3080E-06
  3.0500E+00  9.3464E-06
  3.1000E+00  8.0282E-06
  3.1500E+00  8.3916E-06


# kxind = 4, z avg.
# sqrt(sum(<|phi/phi0|^2>)) = 0%
#  ky         phi       
  0.0000E+00  6.8081E-02
  5.0000E-02  1.1451E-03
  1.0000E-01  1.6084E-03
  1.5000E-01  1.6477E-03
  2.0000E-01  1.9220E-03
  2.5000E-01  1.9770E-03
  3.0000E-01  2.2095E-03
  3.5000E-01  1.9715E-03
  4.0000E-01  1.6063E-03
  4.5000E-01  1.4055E-03
  5.0000E-01  1.1432E-03
  5.5000E-01  1.0737E-03
  6.0000E-01  8.4861E-04
  6.5000E-01  7.4516E-04
  7.0000E-01  6.1715E-04
  7.5000E-01  5.0485E-04
  8.0000E-01  4.2209E-04
  8.5000E-01  3.8944E-04
  9.0000E-01  2.9564E-04
  9.5000E-01  2.5209E-04
  1.0000E+00  2.1111E-04
  1.0500E+00  1.8620E-04
  1.1000E+00  1.5807E-04
  1.1500E+00  1.3761E-04
  1.2000E+00  1.2415E-04
  1.2500E+00  1.0593E-04
  1.3000E+00  9.5128E-05
  1.3500E+00  8.5802E-05
  1.4000E+00  7.3779E-05
  1.4500E+00  6.4579E-05
  1.5000E+00  6.1539E-05
  1.5500E+00  5.7644E-05
  1.6000E+00  5.1459E-05
  1.6500E+00  4.7809E-05
  1.7000E+00  4.3331E-05
  1.7500E+00  3.8114E-05
  1.8000E+00  3.5699E-05
  1.8500E+00  3.4284E-05
  1.9000E+00  3.2384E-05
  1.9500E+00  2.9025E-05
  2.0000E+00  2.6015E-05
  2.0500E+00  2.5508E-05
  2.1000E+00  2.4118E-05
  2.1500E+00  2.3001E-05
  2.2000E+00  2.2464E-05
  2.2500E+00  2.0764E-05
  2.3000E+00  1.9685E-05
  2.3500E+00  1.7406E-05
  2.4000E+00  1.8579E-05
  2.4500E+00  1.6622E-05
  2.5000E+00  1.5176E-05
  2.5500E+00  1.5384E-05
  2.6000E+00  1.4133E-05
  2.6500E+00  1.3473E-05
  2.7000E+00  1.1910E-05
  2.7500E+00  1.2313E-05
  2.8000E+00  1.0740E-05
  2.8500E+00  1.0533E-05
  2.9000E+00  1.0498E-05
  2.9500E+00  9.8457E-06
  3.0000E+00  9.2751E-06
  3.0500E+00  8.9317E-06
  3.1000E+00  8.2698E-06
  3.1500E+00  8.2261E-06


# kxind = 5, z avg.
# sqrt(sum(<|phi/phi0|^2>)) = 0%
#  ky         phi       
  0.0000E+00  1.6436E-01
  5.0000E-02  1.0228E-03
  1.0000E-01  1.4140E-03
  1.5000E-01  1.5176E-03
  2.0000E-01  1.6978E-03
  2.5000E-01  1.8326E-03
  3.0000E-01  1.9766E-03
  3.5000E-01  1.9595E-03
  4.0000E-01  1.5773E-03
  4.5000E-01  1.3012E-03
  5.0000E-01  1.0650E-03
  5.5000E-01  1.0034E-03
  6.0000E-01  8.2487E-04
  6.5000E-01  6.5802E-04
  7.0000E-01  5.9146E-04
  7.5000E-01  5.1550E-04
  8.0000E-01  4.1089E-04
  8.5000E-01  3.6986E-04
  9.0000E-01  2.9738E-04
  9.5000E-01  2.4607E-04
  1.0000E+00  2.0311E-04
  1.0500E+00  1.8376E-04
  1.1000E+00  1.5930E-04
  1.1500E+00  1.2926E-04
  1.2000E+00  1.2201E-04
  1.2500E+00  1.0334E-04
  1.3000E+00  9.1889E-05
  1.3500E+00  8.1701E-05
  1.4000E+00  7.6224E-05
  1.4500E+00  6.3512E-05
  1.5000E+00  6.0377E-05
  1.5500E+00  5.4312E-05
  1.6000E+00  5.0276E-05
  1.6500E+00  4.6040E-05
  1.7000E+00  4.5464E-05
  1.7500E+00  3.8531E-05
  1.8000E+00  3.8779E-05
  1.8500E+00  3.3813E-05
  1.9000E+00  3.0814E-05
  1.9500E+00  2.9668E-05
  2.0000E+00  2.8897E-05
  2.0500E+00  2.5576E-05
  2.1000E+00  2.5514E-05
  2.1500E+00  2.3053E-05
  2.2000E+00  2.1997E-05
  2.2500E+00  2.1089E-05
  2.3000E+00  2.0251E-05
  2.3500E+00  1.8107E-05
  2.4000E+00  1.7933E-05
  2.4500E+00  1.7316E-05
  2.5000E+00  1.5716E-05
  2.5500E+00  1.4358E-05
  2.6000E+00  1.3702E-05
  2.6500E+00  1.2362E-05
  2.7000E+00  1.2260E-05
  2.7500E+00  1.0987E-05
  2.8000E+00  1.0879E-05
  2.8500E+00  1.0510E-05
  2.9000E+00  1.0442E-05
  2.9500E+00  1.0083E-05
  3.0000E+00  9.7906E-06
  3.0500E+00  8.7846E-06
  3.1000E+00  8.5170E-06
  3.1500E+00  8.0383E-06


# kxind = 6, z avg.
# sqrt(sum(<|phi/phi0|^2>)) = 0%
#  ky         phi       
  0.0000E+00  9.7989E-02
  5.0000E-02  9.1356E-04
  1.0000E-01  1.2025E-03
  1.5000E-01  1.9763E-03
  2.0000E-01  1.7516E-03
  2.5000E-01  1.8056E-03
  3.0000E-01  2.0558E-03
  3.5000E-01  1.8670E-03
  4.0000E-01  1.5862E-03
  4.5000E-01  1.3709E-03
  5.0000E-01  1.1577E-03
  5.5000E-01  1.0477E-03
  6.0000E-01  8.0701E-04
  6.5000E-01  7.0938E-04
  7.0000E-01  6.4813E-04
  7.5000E-01  4.9382E-04
  8.0000E-01  4.2615E-04
  8.5000E-01  3.6858E-04
  9.0000E-01  2.8729E-04
  9.5000E-01  2.4886E-04
  1.0000E+00  2.0680E-04
  1.0500E+00  1.7980E-04
  1.1000E+00  1.4943E-04
  1.1500E+00  1.3083E-04
  1.2000E+00  1.1931E-04
  1.2500E+00  1.0593E-04
  1.3000E+00  8.9276E-05
  1.3500E+00  8.3789E-05
  1.4000E+00  7.5601E-05
  1.4500E+00  6.8051E-05
  1.5000E+00  6.1861E-05
  1.5500E+00  5.2172E-05
  1.6000E+00  4.9865E-05
  1.6500E+00  4.6515E-05
  1.7000E+00  4.4640E-05
  1.7500E+00  3.9512E-05
  1.8000E+00  3.7047E-05
  1.8500E+00  3.4237E-05
  1.9000E+00  3.2549E-05
  1.9500E+00  2.8831E-05
  2.0000E+00  2.8765E-05
  2.0500E+00  2.6338E-05
  2.1000E+00  2.5082E-05
  2.1500E+00  2.4413E-05
  2.2000E+00  2.2076E-05
  2.2500E+00  1.9671E-05
  2.3000E+00  2.0474E-05
  2.3500E+00  1.8453E-05
  2.4000E+00  1.7263E-05
  2.4500E+00  1.6023E-05
  2.5000E+00  1.5423E-05
  2.5500E+00  1.4863E-05
  2.6000E+00  1.3056E-05
  2.6500E+00  1.3885E-05
  2.7000E+00  1.3098E-05
  2.7500E+00  1.1817E-05
  2.8000E+00  1.1175E-05
  2.8500E+00  1.0848E-05
  2.9000E+00  1.1417E-05
  2.9500E+00  1.0244E-05
  3.0000E+00  9.4236E-06
  3.0500E+00  8.6281E-06
  3.1000E+00  8.3258E-06
  3.1500E+00  8.1584E-06


# kxind = 7, z avg.
# sqrt(sum(<|phi/phi0|^2>)) = 0%
#  ky         phi       
  0.0000E+00  3.0901E-01
  5.0000E-02  9.7960E-04
  1.0000E-01  1.3390E-03
  1.5000E-01  1.7975E-03
  2.0000E-01  1.6621E-03
  2.5000E-01  1.8280E-03
  3.0000E-01  2.0187E-03
  3.5000E-01  1.8012E-03
  4.0000E-01  1.4490E-03
  4.5000E-01  1.3309E-03
  5.0000E-01  1.1403E-03
  5.5000E-01  9.4545E-04
  6.0000E-01  8.0273E-04
  6.5000E-01  6.5618E-04
  7.0000E-01  6.0112E-04
  7.5000E-01  4.7216E-04
  8.0000E-01  3.9953E-04
  8.5000E-01  3.6474E-04
  9.0000E-01  2.7633E-04
  9.5000E-01  2.5550E-04
  1.0000E+00  2.0090E-04
  1.0500E+00  1.8027E-04
  1.1000E+00  1.4928E-04
  1.1500E+00  1.3196E-04
  1.2000E+00  1.2059E-04
  1.2500E+00  1.1013E-04
  1.3000E+00  9.0659E-05
  1.3500E+00  8.0172E-05
  1.4000E+00  7.4553E-05
  1.4500E+00  6.9664E-05
  1.5000E+00  5.8751E-05
  1.5500E+00  5.4994E-05
  1.6000E+00  5.0865E-05
  1.6500E+00  4.6756E-05
  1.7000E+00  4.3820E-05
  1.7500E+00  4.0859E-05
  1.8000E+00  3.4681E-05
  1.8500E+00  3.5033E-05
  1.9000E+00  3.2356E-05
  1.9500E+00  2.8824E-05
  2.0000E+00  2.7649E-05
  2.0500E+00  2.7044E-05
  2.1000E+00  2.3019E-05
  2.1500E+00  2.2665E-05
  2.2000E+00  2.1762E-05
  2.2500E+00  1.9444E-05
  2.3000E+00  2.0896E-05
  2.3500E+00  1.9237E-05
  2.4000E+00  1.7720E-05
  2.4500E+00  1.4986E-05
  2.5000E+00  1.5059E-05
  2.5500E+00  1.4757E-05
  2.6000E+00  1.3971E-05
  2.6500E+00  1.3257E-05
  2.7000E+00  1.2228E-05
  2.7500E+00  1.1363E-05
  2.8000E+00  1.1667E-05
  2.8500E+00  1.0217E-05
  2.9000E+00  9.9838E-06
  2.9500E+00  9.6495E-06
  3.0000E+00  9.9210E-06
  3.0500E+00  9.5368E-06
  3.1000E+00  8.3768E-06
  3.1500E+00  8.8393E-06


# kxind = 8, z avg.
# sqrt(sum(<|phi/phi0|^2>)) = 0%
#  ky         phi       
  0.0000E+00  1.7687E-01
  5.0000E-02  8.9919E-04
  1.0000E-01  1.2821E-03
  1.5000E-01  1.6181E-03
  2.0000E-01  1.7850E-03
  2.5000E-01  1.8339E-03
  3.0000E-01  1.8527E-03
  3.5000E-01  1.8233E-03
  4.0000E-01  1.6145E-03
  4.5000E-01  1.2565E-03
  5.0000E-01  1.0873E-03
  5.5000E-01  9.5485E-04
  6.0000E-01  8.1568E-04
  6.5000E-01  6.9618E-04
  7.0000E-01  5.9930E-04
  7.5000E-01  4.8055E-04
  8.0000E-01  4.2146E-04
  8.5000E-01  3.5259E-04
  9.0000E-01  2.7108E-04
  9.5000E-01  2.3730E-04
  1.0000E+00  2.0511E-04
  1.0500E+00  1.7967E-04
  1.1000E+00  1.5790E-04
  1.1500E+00  1.2893E-04
  1.2000E+00  1.1515E-04
  1.2500E+00  1.0350E-04
  1.3000E+00  9.0017E-05
  1.3500E+00  8.0078E-05
  1.4000E+00  7.4500E-05
  1.4500E+00  6.6157E-05
  1.5000E+00  5.5540E-05
  1.5500E+00  5.7722E-05
  1.6000E+00  5.1514E-05
  1.6500E+00  4.4217E-05
  1.7000E+00  4.4668E-05
  1.7500E+00  3.8673E-05
  1.8000E+00  3.7900E-05
  1.8500E+00  3.4456E-05
  1.9000E+00  3.0808E-05
  1.9500E+00  3.1154E-05
  2.0000E+00  2.8273E-05
  2.0500E+00  2.5140E-05
  2.1000E+00  2.4863E-05
  2.1500E+00  2.2755E-05
  2.2000E+00  2.1135E-05
  2.2500E+00  2.1684E-05
  2.3000E+00  1.9563E-05
  2.3500E+00  1.8516E-05
  2.4000E+00  1.6364E-05
  2.4500E+00  1.5908E-05
  2.5000E+00  1.6247E-05
  2.5500E+00  1.4721E-05
  2.6000E+00  1.3650E-05
  2.6500E+00  1.3077E-05
  2.7000E+00  1.1851E-05
  2.7500E+00  1.2181E-05
  2.8000E+00  1.2090E-05
  2.8500E+00  1.0371E-05
  2.9000E+00  9.9412E-06
  2.9500E+00  1.0329E-05
  3.0000E+00  9.4865E-06
  3.0500E+00  8.9909E-06
  3.1000E+00  8.5407E-06
  3.1500E+00  8.0830E-06


# kxind = 9, z avg.
# sqrt(sum(<|phi/phi0|^2>)) = 0%
#  ky         phi       
  0.0000E+00  1.7984E-01
  5.0000E-02  9.6174E-04
  1.0000E-01  1.4195E-03
  1.5000E-01  1.6267E-03
  2.0000E-01  1.8993E-03
  2.5000E-01  1.9106E-03
  3.0000E-01  1.8741E-03
  3.5000E-01  1.7484E-03
  4.0000E-01  1.6383E-03
  4.5000E-01  1.3727E-03
  5.0000E-01  1.1468E-03
  5.5000E-01  9.2231E-04
  6.0000E-01  7.2816E-04
  6.5000E-01  6.6619E-04
  7.0000E-01  6.0770E-04
  7.5000E-01  4.7010E-04
  8.0000E-01  4.0971E-04
  8.5000E-01  3.4575E-04
  9.0000E-01  2.8793E-04
  9.5000E-01  2.4421E-04
  1.0000E+00  2.0258E-04
  1.0500E+00  1.7618E-04
  1.1000E+00  1.5510E-04
  1.1500E+00  1.3441E-04
  1.2000E+00  1.1368E-04
  1.2500E+00  1.0160E-04
  1.3000E+00  9.0357E-05
  1.3500E+00  8.1936E-05
  1.4000E+00  7.3357E-05
  1.4500E+00  6.8525E-05
  1.5000E+00  6.3774E-05
  1.5500E+00  5.5301E-05
  1.6000E+00  5.3234E-05
  1.6500E+00  4.4854E-05
  1.7000E+00  4.2032E-05
  1.7500E+00  3.9036E-05
  1.8000E+00  3.7510E-05
  1.8500E+00  3.5766E-05
  1.9000E+00  3.0774E-05
  1.9500E+00  2.8018E-05
  2.0000E+00  2.7231E-05
  2.0500E+00  2.6211E-05
  2.1000E+00  2.5549E-05
  2.1500E+00  2.2806E-05
  2.2000E+00  2.0745E-05
  2.2500E+00  1.8525E-05
  2.3000E+00  1.8175E-05
  2.3500E+00  1.9153E-05
  2.4000E+00  1.6778E-05
  2.4500E+00  1.6119E-05
  2.5000E+00  1.6016E-05
  2.5500E+00  1.4714E-05
  2.6000E+00  1.3737E-05
  2.6500E+00  1.3591E-05
  2.7000E+00  1.1588E-05
  2.7500E+00  1.2316E-05
  2.8000E+00  1.1843E-05
  2.8500E+00  1.0847E-05
  2.9000E+00  1.1080E-05
  2.9500E+00  9.5435E-06
  3.0000E+00  8.2888E-06
  3.0500E+00  8.9119E-06
  3.1000E+00  8.8363E-06
  3.1500E+00  8.6250E-06


# kxind = 10, z avg.
# sqrt(sum(<|phi/phi0|^2>)) = 0%
#  ky         phi       
  0.0000E+00  1.6390E-01
  5.0000E-02  9.2499E-04
  1.0000E-01  1.2958E-03
  1.5000E-01  1.6221E-03
  2.0000E-01  1.7866E-03
  2.5000E-01  2.0097E-03
  3.0000E-01  1.8516E-03
  3.5000E-01  1.7304E-03
  4.0000E-01  1.5402E-03
  4.5000E-01  1.3152E-03
  5.0000E-01  1.0690E-03
  5.5000E-01  9.6264E-04
  6.0000E-01  7.6044E-04
  6.5000E-01  6.3441E-04
  7.0000E-01  6.1532E-04
  7.5000E-01  4.8937E-04
  8.0000E-01  4.0187E-04
  8.5000E-01  3.4729E-04
  9.0000E-01  2.6856E-04
  9.5000E-01  2.2546E-04
  1.0000E+00  2.1061E-04
  1.0500E+00  1.7988E-04
  1.1000E+00  1.4373E-04
  1.1500E+00  1.3234E-04
  1.2000E+00  1.1508E-04
  1.2500E+00  1.0290E-04
  1.3000E+00  9.2047E-05
  1.3500E+00  7.7857E-05
  1.4000E+00  6.7684E-05
  1.4500E+00  6.5843E-05
  1.5000E+00  6.2439E-05
  1.5500E+00  5.5111E-05
  1.6000E+00  4.5868E-05
  1.6500E+00  4.6641E-05
  1.7000E+00  4.2351E-05
  1.7500E+00  3.8491E-05
  1.8000E+00  3.7205E-05
  1.8500E+00  3.3013E-05
  1.9000E+00  3.3486E-05
  1.9500E+00  2.9657E-05
  2.0000E+00  2.9262E-05
  2.0500E+00  2.6509E-05
  2.1000E+00  2.4009E-05
  2.1500E+00  2.2984E-05
  2.2000E+00  2.1324E-05
  2.2500E+00  2.0074E-05
  2.3000E+00  1.8433E-05
  2.3500E+00  1.7795E-05
  2.4000E+00  1.7473E-05
  2.4500E+00  1.6286E-05
  2.5000E+00  1.5506E-05
  2.5500E+00  1.4986E-05
  2.6000E+00  1.3828E-05
  2.6500E+00  1.2687E-05
  2.7000E+00  1.1983E-05
  2.7500E+00  1.1687E-05
  2.8000E+00  1.1680E-05
  2.8500E+00  1.0741E-05
  2.9000E+00  1.0406E-05
  2.9500E+00  1.0306E-05
  3.0000E+00  8.7302E-06
  3.0500E+00  8.6287E-06
  3.1000E+00  7.7656E-06
  3.1500E+00  7.4917E-06


# kxind = 11, z avg.
# sqrt(sum(<|phi/phi0|^2>)) = 0%
#  ky         phi       
  0.0000E+00  6.9275E-02
  5.0000E-02  1.0026E-03
  1.0000E-01  1.3785E-03
  1.5000E-01  1.6402E-03
  2.0000E-01  1.9344E-03
  2.5000E-01  2.0350E-03
  3.0000E-01  1.9197E-03
  3.5000E-01  1.8430E-03
  4.0000E-01  1.4973E-03
  4.5000E-01  1.3255E-03
  5.0000E-01  1.0636E-03
  5.5000E-01  9.1402E-04
  6.0000E-01  7.8130E-04
  6.5000E-01  6.5882E-04
  7.0000E-01  5.3639E-04
  7.5000E-01  4.7590E-04
  8.0000E-01  3.9201E-04
  8.5000E-01  3.4265E-04
  9.0000E-01  2.9722E-04
  9.5000E-01  2.3530E-04
  1.0000E+00  2.1080E-04
  1.0500E+00  1.7986E-04
  1.1000E+00  1.4157E-04
  1.1500E+00  1.2865E-04
  1.2000E+00  1.1247E-04
  1.2500E+00  9.9910E-05
  1.3000E+00  9.1987E-05
  1.3500E+00  8.8426E-05
  1.4000E+00  7.1058E-05
  1.4500E+00  6.8440E-05
  1.5000E+00  5.5881E-05
  1.5500E+00  5.4837E-05
  1.6000E+00  4.9604E-05
  1.6500E+00  4.6637E-05
  1.7000E+00  4.3006E-05
  1.7500E+00  4.0511E-05
  1.8000E+00  3.6959E-05
  1.8500E+00  3.4742E-05
  1.9000E+00  3.2307E-05
  1.9500E+00  3.1586E-05
  2.0000E+00  2.7469E-05
  2.0500E+00  2.6476E-05
  2.1000E+00  2.3811E-05
  2.1500E+00  2.3351E-05
  2.2000E+00  2.2842E-05
  2.2500E+00  2.0914E-05
  2.3000E+00  1.9020E-05
  2.3500E+00  1.6629E-05
  2.4000E+00  1.7435E-05
  2.4500E+00  1.6880E-05
  2.5000E+00  1.6187E-05
  2.5500E+00  1.4513E-05
  2.6000E+00  1.3731E-05
  2.6500E+00  1.3352E-05
  2.7000E+00  1.3045E-05
  2.7500E+00  1.1832E-05
  2.8000E+00  1.1247E-05
  2.8500E+00  1.0232E-05
  2.9000E+00  1.0404E-05
  2.9500E+00  9.4405E-06
  3.0000E+00  9.9058E-06
  3.0500E+00  9.0802E-06
  3.1000E+00  8.3073E-06
  3.1500E+00  8.5765E-06


# kxind = 12, z avg.
# sqrt(sum(<|phi/phi0|^2>)) = 0%
#  ky         phi       
  0.0000E+00  5.8032E-02
  5.0000E-02  1.0070E-03
  1.0000E-01  1.2200E-03
  1.5000E-01  1.5241E-03
  2.0000E-01  1.6687E-03
  2.5000E-01  1.7822E-03
  3.0000E-01  1.8500E-03
  3.5000E-01  1.7259E-03
  4.0000E-01  1.5043E-03
  4.5000E-01  1.2626E-03
  5.0000E-01  1.1423E-03
  5.5000E-01  9.3826E-04
  6.0000E-01  7.9522E-04
  6.5000E-01  6.4825E-04
  7.0000E-01  5.4367E-04
  7.5000E-01  4.6891E-04
  8.0000E-01  3.8642E-04
  8.5000E-01  3.4570E-04
  9.0000E-01  2.8647E-04
  9.5000E-01  2.3855E-04
  1.0000E+00  2.0301E-04
  1.0500E+00  1.7929E-04
  1.1000E+00  1.5756E-04
  1.1500E+00  1.3506E-04
  1.2000E+00  1.1619E-04
  1.2500E+00  1.0319E-04
  1.3000E+00  9.0753E-05
  1.3500E+00  8.4567E-05
  1.4000E+00  7.7016E-05
  1.4500E+00  6.7557E-05
  1.5000E+00  6.0107E-05
  1.5500E+00  5.4037E-05
  1.6000E+00  4.8030E-05
  1.6500E+00  4.6268E-05
  1.7000E+00  4.4221E-05
  1.7500E+00  4.3617E-05
  1.8000E+00  3.5797E-05
  1.8500E+00  3.2245E-05
  1.9000E+00  3.1840E-05
  1.9500E+00  3.0628E-05
  2.0000E+00  2.7670E-05
  2.0500E+00  2.5501E-05
  2.1000E+00  2.3664E-05
  2.1500E+00  2.5394E-05
  2.2000E+00  2.1040E-05
  2.2500E+00  1.9937E-05
  2.3000E+00  1.8423E-05
  2.3500E+00  1.7768E-05
  2.4000E+00  1.7379E-05
  2.4500E+00  1.5379E-05
  2.5000E+00  1.4864E-05
  2.5500E+00  1.4548E-05
  2.6000E+00  1.3940E-05
  2.6500E+00  1.3264E-05
  2.7000E+00  1.2386E-05
  2.7500E+00  1.1863E-05
  2.8000E+00  1.1383E-05
  2.8500E+00  1.0802E-05
  2.9000E+00  9.7904E-06
  2.9500E+00  9.9093E-06
  3.0000E+00  9.0906E-06
  3.0500E+00  8.6057E-06
  3.1000E+00  8.1052E-06
  3.1500E+00  7.6969E-06


# kxind = 13, z avg.
# sqrt(sum(<|phi/phi0|^2>)) = 0%
#  ky         phi       
  0.0000E+00  8.5513E-02
  5.0000E-02  1.1324E-03
  1.0000E-01  1.3191E-03
  1.5000E-01  1.6122E-03
  2.0000E-01  1.7026E-03
  2.5000E-01  1.8453E-03
  3.0000E-01  2.0606E-03
  3.5000E-01  1.7048E-03
  4.0000E-01  1.6025E-03
  4.5000E-01  1.2986E-03
  5.0000E-01  1.0768E-03
  5.5000E-01  9.0055E-04
  6.0000E-01  8.0906E-04
  6.5000E-01  6.7837E-04
  7.0000E-01  5.7175E-04
  7.5000E-01  4.4160E-04
  8.0000E-01  3.8034E-04
  8.5000E-01  3.4292E-04
  9.0000E-01  2.8417E-04
  9.5000E-01  2.3829E-04
  1.0000E+00  1.9467E-04
  1.0500E+00  1.7604E-04
  1.1000E+00  1.4568E-04
  1.1500E+00  1.3055E-04
  1.2000E+00  1.1706E-04
  1.2500E+00  9.9857E-05
  1.3000E+00  9.2859E-05
  1.3500E+00  7.9142E-05
  1.4000E+00  7.0386E-05
  1.4500E+00  6.4512E-05
  1.5000E+00  6.1041E-05
  1.5500E+00  5.5764E-05
  1.6000E+00  4.6725E-05
  1.6500E+00  4.5911E-05
  1.7000E+00  4.3597E-05
  1.7500E+00  3.9454E-05
  1.8000E+00  3.5789E-05
  1.8500E+00  3.3907E-05
  1.9000E+00  3.2366E-05
  1.9500E+00  3.2168E-05
  2.0000E+00  2.8920E-05
  2.0500E+00  2.4920E-05
  2.1000E+00  2.3326E-05
  2.1500E+00  2.4126E-05
  2.2000E+00  2.1760E-05
  2.2500E+00  2.0902E-05
  2.3000E+00  1.9764E-05
  2.3500E+00  1.7621E-05
  2.4000E+00  1.6383E-05
  2.4500E+00  1.6484E-05
  2.5000E+00  1.5198E-05
  2.5500E+00  1.4036E-05
  2.6000E+00  1.3476E-05
  2.6500E+00  1.3292E-05
  2.7000E+00  1.1807E-05
  2.7500E+00  1.1494E-05
  2.8000E+00  1.0859E-05
  2.8500E+00  9.8042E-06
  2.9000E+00  9.4248E-06
  2.9500E+00  9.7424E-06
  3.0000E+00  9.2592E-06
  3.0500E+00  8.8029E-06
  3.1000E+00  8.2746E-06
  3.1500E+00  7.9175E-06


# kxind = 14, z avg.
# sqrt(sum(<|phi/phi0|^2>)) = 0%
#  ky         phi       
  0.0000E+00  5.3488E-02
  5.0000E-02  1.0977E-03
  1.0000E-01  1.3808E-03
  1.5000E-01  1.4277E-03
  2.0000E-01  1.9015E-03
  2.5000E-01  1.7504E-03
  3.0000E-01  1.8642E-03
  3.5000E-01  1.8730E-03
  4.0000E-01  1.4252E-03
  4.5000E-01  1.2231E-03
  5.0000E-01  1.0055E-03
  5.5000E-01  9.0128E-04
  6.0000E-01  7.7679E-04
  6.5000E-01  6.4336E-04
  7.0000E-01  5.5632E-04
  7.5000E-01  4.6403E-04
  8.0000E-01  3.7916E-04
  8.5000E-01  3.1071E-04
  9.0000E-01  2.7151E-04
  9.5000E-01  2.2942E-04
  1.0000E+00  2.0047E-04
  1.0500E+00  1.6467E-04
  1.1000E+00  1.5661E-04
  1.1500E+00  1.2785E-04
  1.2000E+00  1.1280E-04
  1.2500E+00  9.9590E-05
  1.3000E+00  8.8904E-05
  1.3500E+00  8.1912E-05
  1.4000E+00  7.1021E-05
  1.4500E+00  6.4026E-05
  1.5000E+00  5.7825E-05
  1.5500E+00  5.5236E-05
  1.6000E+00  5.0053E-05
  1.6500E+00  4.6264E-05
  1.7000E+00  4.2745E-05
  1.7500E+00  4.1009E-05
  1.8000E+00  3.4159E-05
  1.8500E+00  3.3164E-05
  1.9000E+00  3.3070E-05
  1.9500E+00  3.0566E-05
  2.0000E+00  2.8448E-05
  2.0500E+00  2.5798E-05
  2.1000E+00  2.4650E-05
  2.1500E+00  2.1678E-05
  2.2000E+00  2.0967E-05
  2.2500E+00  1.9146E-05
  2.3000E+00  1.9632E-05
  2.3500E+00  1.7962E-05
  2.4000E+00  1.7195E-05
  2.4500E+00  1.7151E-05
  2.5000E+00  1.5582E-05
  2.5500E+00  1.4620E-05
  2.6000E+00  1.3354E-05
  2.6500E+00  1.2561E-05
  2.7000E+00  1.2035E-05
  2.7500E+00  1.1956E-05
  2.8000E+00  1.1113E-05
  2.8500E+00  1.0142E-05
  2.9000E+00  1.0141E-05
  2.9500E+00  9.4875E-06
  3.0000E+00  9.3638E-06
  3.0500E+00  9.1390E-06
  3.1000E+00  8.1249E-06
  3.1500E+00  8.0252E-06


# kxind = 15, z avg.
# sqrt(sum(<|phi/phi0|^2>)) = 0%
#  ky         phi       
  0.0000E+00  3.2920E-02
  5.0000E-02  1.1235E-03
  1.0000E-01  1.3875E-03
  1.5000E-01  1.5835E-03
  2.0000E-01  1.6162E-03
  2.5000E-01  1.7509E-03
  3.0000E-01  1.9548E-03
  3.5000E-01  1.7883E-03
  4.0000E-01  1.4632E-03
  4.5000E-01  1.2826E-03
  5.0000E-01  1.0461E-03
  5.5000E-01  8.7768E-04
  6.0000E-01  7.7929E-04
  6.5000E-01  6.4447E-04
  7.0000E-01  5.3032E-04
  7.5000E-01  4.5938E-04
  8.0000E-01  3.8436E-04
  8.5000E-01  3.4050E-04
  9.0000E-01  2.7536E-04
  9.5000E-01  2.2647E-04
  1.0000E+00  2.0267E-04
  1.0500E+00  1.7699E-04
  1.1000E+00  1.5155E-04
  1.1500E+00  1.3105E-04
  1.2000E+00  1.1691E-04
  1.2500E+00  1.0148E-04
  1.3000E+00  8.7891E-05
  1.3500E+00  8.1936E-05
  1.4000E+00  7.2629E-05
  1.4500E+00  6.3077E-05
  1.5000E+00  5.9630E-05
  1.5500E+00  5.2301E-05
  1.6000E+00  5.0023E-05
  1.6500E+00  4.5323E-05
  1.7000E+00  4.1389E-05
  1.7500E+00  3.9801E-05
  1.8000E+00  3.5741E-05
  1.8500E+00  3.4875E-05
  1.9000E+00  3.1047E-05
  1.9500E+00  2.9882E-05
  2.0000E+00  2.6657E-05
  2.0500E+00  2.6620E-05
  2.1000E+00  2.4195E-05
  2.1500E+00  2.2130E-05
  2.2000E+00  1.9866E-05
  2.2500E+00  1.9673E-05
  2.3000E+00  1.9233E-05
  2.3500E+00  1.8810E-05
  2.4000E+00  1.6904E-05
  2.4500E+00  1.6618E-05
  2.5000E+00  1.4632E-05
  2.5500E+00  1.4382E-05
  2.6000E+00  1.3102E-05
  2.6500E+00  1.2892E-05
  2.7000E+00  1.1557E-05
  2.7500E+00  1.1504E-05
  2.8000E+00  1.1117E-05
  2.8500E+00  1.0357E-05
  2.9000E+00  1.0571E-05
  2.9500E+00  9.3352E-06
  3.0000E+00  9.4720E-06
  3.0500E+00  8.6215E-06
  3.1000E+00  8.5843E-06
  3.1500E+00  7.9344E-06


# kxind = 16, z avg.
# sqrt(sum(<|phi/phi0|^2>)) = 0%
#  ky         phi       
  0.0000E+00  5.5165E-02
  5.0000E-02  1.1713E-03
  1.0000E-01  1.4635E-03
  1.5000E-01  1.6281E-03
  2.0000E-01  1.7229E-03
  2.5000E-01  1.7887E-03
  3.0000E-01  1.8300E-03
  3.5000E-01  1.7383E-03
  4.0000E-01  1.5406E-03
  4.5000E-01  1.2312E-03
  5.0000E-01  1.0608E-03
  5.5000E-01  8.7650E-04
  6.0000E-01  7.6299E-04
  6.5000E-01  6.6056E-04
  7.0000E-01  4.9249E-04
  7.5000E-01  4.4548E-04
  8.0000E-01  3.7927E-04
  8.5000E-01  3.1625E-04
  9.0000E-01  2.7579E-04
  9.5000E-01  2.2055E-04
  1.0000E+00  1.9747E-04
  1.0500E+00  1.7426E-04
  1.1000E+00  1.5342E-04
  1.1500E+00  1.3055E-04
  1.2000E+00  1.1473E-04
  1.2500E+00  9.7953E-05
  1.3000E+00  8.9474E-05
  1.3500E+00  7.8575E-05
  1.4000E+00  7.4183E-05
  1.4500E+00  6.6001E-05
  1.5000E+00  5.7394E-05
  1.5500E+00  5.0312E-05
  1.6000E+00  4.8954E-05
  1.6500E+00  4.5295E-05
  1.7000E+00  4.0195E-05
  1.7500E+00  3.8628E-05
  1.8000E+00  3.6995E-05
  1.8500E+00  3.1671E-05
  1.9000E+00  3.0144E-05
  1.9500E+00  2.9923E-05
  2.0000E+00  2.7515E-05
  2.0500E+00  2.5052E-05
  2.1000E+00  2.4112E-05
  2.1500E+00  2.1730E-05
  2.2000E+00  2.1083E-05
  2.2500E+00  2.0173E-05
  2.3000E+00  1.8223E-05
  2.3500E+00  1.7179E-05
  2.4000E+00  1.7446E-05
  2.4500E+00  1.6073E-05
  2.5000E+00  1.3854E-05
  2.5500E+00  1.4592E-05
  2.6000E+00  1.3464E-05
  2.6500E+00  1.3123E-05
  2.7000E+00  1.2266E-05
  2.7500E+00  1.2172E-05
  2.8000E+00  1.2027E-05
  2.8500E+00  1.0451E-05
  2.9000E+00  9.7415E-06
  2.9500E+00  9.5484E-06
  3.0000E+00  8.5604E-06
  3.0500E+00  8.8624E-06
  3.1000E+00  8.5651E-06
  3.1500E+00  7.9374E-06


# kxind = 17, z avg.
# sqrt(sum(<|phi/phi0|^2>)) = 0%
#  ky         phi       
  0.0000E+00  2.0558E-02
  5.0000E-02  1.2280E-03
  1.0000E-01  1.4612E-03
  1.5000E-01  1.6376E-03
  2.0000E-01  1.6461E-03
  2.5000E-01  1.8905E-03
  3.0000E-01  1.8707E-03
  3.5000E-01  1.5695E-03
  4.0000E-01  1.5461E-03
  4.5000E-01  1.1657E-03
  5.0000E-01  1.0471E-03
  5.5000E-01  8.7136E-04
  6.0000E-01  7.0098E-04
  6.5000E-01  6.2846E-04
  7.0000E-01  5.2929E-04
  7.5000E-01  4.2994E-04
  8.0000E-01  4.0143E-04
  8.5000E-01  3.1120E-04
  9.0000E-01  2.8307E-04
  9.5000E-01  2.2132E-04
  1.0000E+00  1.8863E-04
  1.0500E+00  1.7875E-04
  1.1000E+00  1.4315E-04
  1.1500E+00  1.3628E-04
  1.2000E+00  1.1485E-04
  1.2500E+00  1.0344E-04
  1.3000E+00  9.0680E-05
  1.3500E+00  7.8663E-05
  1.4000E+00  6.9262E-05
  1.4500E+00  6.3619E-05
  1.5000E+00  5.7308E-05
  1.5500E+00  5.3583E-05
  1.6000E+00  4.8728E-05
  1.6500E+00  4.6276E-05
  1.7000E+00  4.0256E-05
  1.7500E+00  3.8496E-05
  1.8000E+00  3.4436E-05
  1.8500E+00  3.4415E-05
  1.9000E+00  3.1409E-05
  1.9500E+00  2.9254E-05
  2.0000E+00  2.7856E-05
  2.0500E+00  2.4102E-05
  2.1000E+00  2.5200E-05
  2.1500E+00  2.2630E-05
  2.2000E+00  2.1303E-05
  2.2500E+00  1.9815E-05
  2.3000E+00  1.8404E-05
  2.3500E+00  1.8202E-05
  2.4000E+00  1.6770E-05
  2.4500E+00  1.6051E-05
  2.5000E+00  1.5707E-05
  2.5500E+00  1.4044E-05
  2.6000E+00  1.2749E-05
  2.6500E+00  1.1765E-05
  2.7000E+00  1.1720E-05
  2.7500E+00  1.1123E-05
  2.8000E+00  1.0630E-05
  2.8500E+00  1.0045E-05
  2.9000E+00  9.4490E-06
  2.9500E+00  9.3252E-06
  3.0000E+00  8.6738E-06
  3.0500E+00  8.4741E-06
  3.1000E+00  8.5663E-06
  3.1500E+00  8.3245E-06


# kxind = 18, z avg.
# sqrt(sum(<|phi/phi0|^2>)) = 0%
#  ky         phi       
  0.0000E+00  1.0203E-02
  5.0000E-02  1.1598E-03
  1.0000E-01  1.3716E-03
  1.5000E-01  1.6598E-03
  2.0000E-01  1.6752E-03
  2.5000E-01  1.7014E-03
  3.0000E-01  1.7816E-03
  3.5000E-01  1.6852E-03
  4.0000E-01  1.5370E-03
  4.5000E-01  1.2586E-03
  5.0000E-01  1.0570E-03
  5.5000E-01  8.3758E-04
  6.0000E-01  7.4831E-04
  6.5000E-01  6.0184E-04
  7.0000E-01  5.2620E-04
  7.5000E-01  4.5319E-04
  8.0000E-01  3.5876E-04
  8.5000E-01  3.1717E-04
  9.0000E-01  2.6800E-04
  9.5000E-01  2.2396E-04
  1.0000E+00  1.8514E-04
  1.0500E+00  1.6767E-04
  1.1000E+00  1.5082E-04
  1.1500E+00  1.3197E-04
  1.2000E+00  1.1353E-04
  1.2500E+00  1.0071E-04
  1.3000E+00  9.1162E-05
  1.3500E+00  8.4066E-05
  1.4000E+00  6.9550E-05
  1.4500E+00  6.9206E-05
  1.5000E+00  5.9155E-05
  1.5500E+00  5.3555E-05
  1.6000E+00  4.9953E-05
  1.6500E+00  4.4035E-05
  1.7000E+00  4.2723E-05
  1.7500E+00  3.8217E-05
  1.8000E+00  3.7365E-05
  1.8500E+00  3.3098E-05
  1.9000E+00  3.0266E-05
  1.9500E+00  2.8949E-05
  2.0000E+00  2.6346E-05
  2.0500E+00  2.5243E-05
  2.1000E+00  2.3249E-05
  2.1500E+00  2.2714E-05
  2.2000E+00  2.1721E-05
  2.2500E+00  1.9413E-05
  2.3000E+00  1.9287E-05
  2.3500E+00  1.7922E-05
  2.4000E+00  1.6818E-05
  2.4500E+00  1.5626E-05
  2.5000E+00  1.5034E-05
  2.5500E+00  1.4678E-05
  2.6000E+00  1.3603E-05
  2.6500E+00  1.1934E-05
  2.7000E+00  1.1782E-05
  2.7500E+00  1.1119E-05
  2.8000E+00  1.1241E-05
  2.8500E+00  1.0917E-05
  2.9000E+00  9.7083E-06
  2.9500E+00  9.7568E-06
  3.0000E+00  8.9862E-06
  3.0500E+00  8.8378E-06
  3.1000E+00  8.0265E-06
  3.1500E+00  8.0429E-06


# kxind = 19, z avg.
# sqrt(sum(<|phi/phi0|^2>)) = 0%
#  ky         phi       
  0.0000E+00  1.2389E-02
  5.0000E-02  1.0446E-03
  1.0000E-01  1.5222E-03
  1.5000E-01  1.6995E-03
  2.0000E-01  1.7406E-03
  2.5000E-01  1.7654E-03
  3.0000E-01  1.7120E-03
  3.5000E-01  1.6020E-03
  4.0000E-01  1.3839E-03
  4.5000E-01  1.2249E-03
  5.0000E-01  9.7518E-04
  5.5000E-01  8.8681E-04
  6.0000E-01  7.1181E-04
  6.5000E-01  5.9505E-04
  7.0000E-01  4.9743E-04
  7.5000E-01  4.4703E-04
  8.0000E-01  3.6857E-04
  8.5000E-01  3.2891E-04
  9.0000E-01  2.6399E-04
  9.5000E-01  2.3664E-04
  1.0000E+00  1.9941E-04
  1.0500E+00  1.7220E-04
  1.1000E+00  1.4640E-04
  1.1500E+00  1.3071E-04
  1.2000E+00  1.1379E-04
  1.2500E+00  9.8303E-05
  1.3000E+00  8.8325E-05
  1.3500E+00  7.9982E-05
  1.4000E+00  7.3950E-05
  1.4500E+00  6.3392E-05
  1.5000E+00  5.9388E-05
  1.5500E+00  5.3103E-05
  1.6000E+00  5.0694E-05
  1.6500E+00  4.7087E-05
  1.7000E+00  3.8896E-05
  1.7500E+00  3.6812E-05
  1.8000E+00  3.7064E-05
  1.8500E+00  3.2267E-05
  1.9000E+00  3.0645E-05
  1.9500E+00  2.8702E-05
  2.0000E+00  2.7770E-05
  2.0500E+00  2.4651E-05
  2.1000E+00  2.3179E-05
  2.1500E+00  2.2968E-05
  2.2000E+00  2.0484E-05
  2.2500E+00  1.9332E-05
  2.3000E+00  1.9256E-05
  2.3500E+00  1.6978E-05
  2.4000E+00  1.5453E-05
  2.4500E+00  1.5534E-05
  2.5000E+00  1.4923E-05
  2.5500E+00  1.3726E-05
  2.6000E+00  1.3070E-05
  2.6500E+00  1.3150E-05
  2.7000E+00  1.2131E-05
  2.7500E+00  1.1477E-05
  2.8000E+00  1.0614E-05
  2.8500E+00  9.8647E-06
  2.9000E+00  9.2513E-06
  2.9500E+00  9.3263E-06
  3.0000E+00  9.0738E-06
  3.0500E+00  8.6818E-06
  3.1000E+00  7.7375E-06
  3.1500E+00  8.1473E-06


# kxind = 20, z avg.
# sqrt(sum(<|phi/phi0|^2>)) = 0%
#  ky         phi       
  0.0000E+00  1.0977E-02
  5.0000E-02  1.3241E-03
  1.0000E-01  1.3166E-03
  1.5000E-01  1.6347E-03
  2.0000E-01  1.7052E-03
  2.5000E-01  1.7830E-03
  3.0000E-01  1.6584E-03
  3.5000E-01  1.5632E-03
  4.0000E-01  1.3055E-03
  4.5000E-01  1.2232E-03
  5.0000E-01  9.8701E-04
  5.5000E-01  8.1092E-04
  6.0000E-01  6.8175E-04
  6.5000E-01  6.0660E-04
  7.0000E-01  4.9997E-04
  7.5000E-01  4.2556E-04
  8.0000E-01  3.5831E-04
  8.5000E-01  3.0705E-04
  9.0000E-01  2.6398E-04
  9.5000E-01  2.1812E-04
  1.0000E+00  1.9864E-04
  1.0500E+00  1.6618E-04
  1.1000E+00  1.5058E-04
  1.1500E+00  1.2514E-04
  1.2000E+00  1.0892E-04
  1.2500E+00  9.9467E-05
  1.3000E+00  8.7002E-05
  1.3500E+00  7.9106E-05
  1.4000E+00  6.9511E-05
  1.4500E+00  6.5879E-05
  1.5000E+00  5.9702E-05
  1.5500E+00  5.4863E-05
  1.6000E+00  4.9342E-05
  1.6500E+00  4.5133E-05
  1.7000E+00  4.2338E-05
  1.7500E+00  3.5927E-05
  1.8000E+00  3.4440E-05
  1.8500E+00  3.3075E-05
  1.9000E+00  3.1572E-05
  1.9500E+00  2.6929E-05
  2.0000E+00  2.6539E-05
  2.0500E+00  2.5931E-05
  2.1000E+00  2.3521E-05
  2.1500E+00  2.3533E-05
  2.2000E+00  2.2015E-05
  2.2500E+00  2.0665E-05
  2.3000E+00  1.8062E-05
  2.3500E+00  1.7898E-05
  2.4000E+00  1.6762E-05
  2.4500E+00  1.5876E-05
  2.5000E+00  1.5016E-05
  2.5500E+00  1.3078E-05
  2.6000E+00  1.3981E-05
  2.6500E+00  1.2721E-05
  2.7000E+00  1.2044E-05
  2.7500E+00  1.1472E-05
  2.8000E+00  1.0642E-05
  2.8500E+00  1.0215E-05
  2.9000E+00  9.3106E-06
  2.9500E+00  9.4161E-06
  3.0000E+00  8.5464E-06
  3.0500E+00  8.0804E-06
  3.1000E+00  8.4451E-06
  3.1500E+00  7.3230E-06


# kxind = 21, z avg.
# sqrt(sum(<|phi/phi0|^2>)) = 0%
#  ky         phi       
  0.0000E+00  7.5616E-03
  5.0000E-02  1.2145E-03
  1.0000E-01  1.4092E-03
  1.5000E-01  1.5386E-03
  2.0000E-01  1.6958E-03
  2.5000E-01  1.7303E-03
  3.0000E-01  1.8120E-03
  3.5000E-01  1.7143E-03
  4.0000E-01  1.3275E-03
  4.5000E-01  1.1786E-03
  5.0000E-01  9.8109E-04
  5.5000E-01  8.0786E-04
  6.0000E-01  6.9999E-04
  6.5000E-01  5.6061E-04
  7.0000E-01  5.0503E-04
  7.5000E-01  4.3047E-04
  8.0000E-01  3.4827E-04
  8.5000E-01  3.1069E-04
  9.0000E-01  2.5433E-04
  9.5000E-01  2.3181E-04
  1.0000E+00  1.9264E-04
  1.0500E+00  1.5647E-04
  1.1000E+00  1.4195E-04
  1.1500E+00  1.2498E-04
  1.2000E+00  1.1371E-04
  1.2500E+00  1.0335E-04
  1.3000E+00  8.3820E-05
  1.3500E+00  7.8819E-05
  1.4000E+00  7.1988E-05
  1.4500E+00  6.6625E-05
  1.5000E+00  5.8340E-05
  1.5500E+00  5.3094E-05
  1.6000E+00  4.9942E-05
  1.6500E+00  4.6431E-05
  1.7000E+00  4.1365E-05
  1.7500E+00  3.7004E-05
  1.8000E+00  3.4097E-05
  1.8500E+00  3.4077E-05
  1.9000E+00  2.9143E-05
  1.9500E+00  2.8576E-05
  2.0000E+00  2.7129E-05
  2.0500E+00  2.5702E-05
  2.1000E+00  2.3393E-05
  2.1500E+00  2.0642E-05
  2.2000E+00  2.0559E-05
  2.2500E+00  2.0110E-05
  2.3000E+00  1.8089E-05
  2.3500E+00  1.7354E-05
  2.4000E+00  1.5533E-05
  2.4500E+00  1.5901E-05
  2.5000E+00  1.5079E-05
  2.5500E+00  1.3845E-05
  2.6000E+00  1.2946E-05
  2.6500E+00  1.2164E-05
  2.7000E+00  1.2083E-05
  2.7500E+00  1.2076E-05
  2.8000E+00  1.0498E-05
  2.8500E+00  9.5559E-06
  2.9000E+00  9.6357E-06
  2.9500E+00  8.8159E-06
  3.0000E+00  8.4990E-06
  3.0500E+00  7.8834E-06
  3.1000E+00  8.1759E-06
  3.1500E+00  7.6940E-06


# kxind = 22, z avg.
# sqrt(sum(<|phi/phi0|^2>)) = 0%
#  ky         phi       
  0.0000E+00  6.1941E-03
  5.0000E-02  1.2438E-03
  1.0000E-01  1.5186E-03
  1.5000E-01  1.7422E-03
  2.0000E-01  1.6037E-03
  2.5000E-01  1.6838E-03
  3.0000E-01  1.6625E-03
  3.5000E-01  1.5539E-03
  4.0000E-01  1.4296E-03
  4.5000E-01  1.2119E-03
  5.0000E-01  9.4655E-04
  5.5000E-01  8.4684E-04
  6.0000E-01  6.9075E-04
  6.5000E-01  6.0148E-04
  7.0000E-01  5.0665E-04
  7.5000E-01  4.1969E-04
  8.0000E-01  3.5363E-04
  8.5000E-01  3.0815E-04
  9.0000E-01  2.6945E-04
  9.5000E-01  2.1738E-04
  1.0000E+00  1.8319E-04
  1.0500E+00  1.7624E-04
  1.1000E+00  1.4775E-04
  1.1500E+00  1.1884E-04
  1.2000E+00  1.1813E-04
  1.2500E+00  9.6584E-05
  1.3000E+00  8.6147E-05
  1.3500E+00  7.9160E-05
  1.4000E+00  6.7728E-05
  1.4500E+00  6.5461E-05
  1.5000E+00  5.8416E-05
  1.5500E+00  5.3770E-05
  1.6000E+00  5.2062E-05
  1.6500E+00  4.5909E-05
  1.7000E+00  4.0261E-05
  1.7500E+00  3.5982E-05
  1.8000E+00  3.6325E-05
  1.8500E+00  3.0390E-05
  1.9000E+00  3.0758E-05
  1.9500E+00  2.8506E-05
  2.0000E+00  2.7052E-05
  2.0500E+00  2.5586E-05
  2.1000E+00  2.3572E-05
  2.1500E+00  2.1850E-05
  2.2000E+00  2.0405E-05
  2.2500E+00  1.9552E-05
  2.3000E+00  1.8739E-05
  2.3500E+00  1.6776E-05
  2.4000E+00  1.6813E-05
  2.4500E+00  1.4573E-05
  2.5000E+00  1.5101E-05
  2.5500E+00  1.3813E-05
  2.6000E+00  1.2392E-05
  2.6500E+00  1.2807E-05
  2.7000E+00  1.2246E-05
  2.7500E+00  1.1469E-05
  2.8000E+00  1.1080E-05
  2.8500E+00  9.4100E-06
  2.9000E+00  1.0054E-05
  2.9500E+00  9.0539E-06
  3.0000E+00  8.7653E-06
  3.0500E+00  8.4250E-06
  3.1000E+00  7.6768E-06
  3.1500E+00  7.8179E-06


# kxind = 23, z avg.
# sqrt(sum(<|phi/phi0|^2>)) = 0%
#  ky         phi       
  0.0000E+00  6.6540E-03
  5.0000E-02  1.2509E-03
  1.0000E-01  1.4044E-03
  1.5000E-01  1.5008E-03
  2.0000E-01  1.6748E-03
  2.5000E-01  1.7065E-03
  3.0000E-01  1.7172E-03
  3.5000E-01  1.6434E-03
  4.0000E-01  1.3599E-03
  4.5000E-01  1.1327E-03
  5.0000E-01  9.5528E-04
  5.5000E-01  8.3691E-04
  6.0000E-01  6.6466E-04
  6.5000E-01  5.8212E-04
  7.0000E-01  5.1197E-04
  7.5000E-01  4.2523E-04
  8.0000E-01  3.5589E-04
  8.5000E-01  3.0538E-04
  9.0000E-01  2.6593E-04
  9.5000E-01  2.1210E-04
  1.0000E+00  1.8111E-04
  1.0500E+00  1.6312E-04
  1.1000E+00  1.3996E-04
  1.1500E+00  1.2690E-04
  1.2000E+00  1.0964E-04
  1.2500E+00  9.5394E-05
  1.3000E+00  8.3614E-05
  1.3500E+00  7.6863E-05
  1.4000E+00  6.9922E-05
  1.4500E+00  6.3460E-05
  1.5000E+00  5.7796E-05
  1.5500E+00  5.0766E-05
  1.6000E+00  4.4975E-05
  1.6500E+00  4.2612E-05
  1.7000E+00  3.9086E-05
  1.7500E+00  3.6259E-05
  1.8000E+00  3.5591E-05
  1.8500E+00  3.2568E-05
  1.9000E+00  2.9971E-05
  1.9500E+00  2.6917E-05
  2.0000E+00  2.7816E-05
  2.0500E+00  2.5765E-05
  2.1000E+00  2.2169E-05
  2.1500E+00  2.2594E-05
  2.2000E+00  2.0845E-05
  2.2500E+00  2.0423E-05
  2.3000E+00  1.8802E-05
  2.3500E+00  1.7784E-05
  2.4000E+00  1.5809E-05
  2.4500E+00  1.5316E-05
  2.5000E+00  1.3769E-05
  2.5500E+00  1.3038E-05
  2.6000E+00  1.2468E-05
  2.6500E+00  1.1809E-05
  2.7000E+00  1.1977E-05
  2.7500E+00  1.0760E-05
  2.8000E+00  1.0729E-05
  2.8500E+00  1.0064E-05
  2.9000E+00  9.4535E-06
  2.9500E+00  9.3742E-06
  3.0000E+00  8.6971E-06
  3.0500E+00  8.1491E-06
  3.1000E+00  7.8835E-06
  3.1500E+00  7.2134E-06


# kxind = 24, z avg.
# sqrt(sum(<|phi/phi0|^2>)) = 0%
#  ky         phi       
  0.0000E+00  5.1178E-03
  5.0000E-02  1.1611E-03
  1.0000E-01  1.4118E-03
  1.5000E-01  1.5783E-03
  2.0000E-01  1.6518E-03
  2.5000E-01  1.7648E-03
  3.0000E-01  1.6221E-03
  3.5000E-01  1.5744E-03
  4.0000E-01  1.3058E-03
  4.5000E-01  1.0776E-03
  5.0000E-01  8.8884E-04
  5.5000E-01  8.0674E-04
  6.0000E-01  7.0403E-04
  6.5000E-01  5.6651E-04
  7.0000E-01  4.8656E-04
  7.5000E-01  4.3797E-04
  8.0000E-01  3.3596E-04
  8.5000E-01  2.9798E-04
  9.0000E-01  2.7192E-04
  9.5000E-01  2.1578E-04
  1.0000E+00  1.8150E-04
  1.0500E+00  1.6795E-04
  1.1000E+00  1.4635E-04
  1.1500E+00  1.2569E-04
  1.2000E+00  1.0843E-04
  1.2500E+00  9.8562E-05
  1.3000E+00  8.7555E-05
  1.3500E+00  8.0141E-05
  1.4000E+00  7.4992E-05
  1.4500E+00  6.3799E-05
  1.5000E+00  5.3826E-05
  1.5500E+00  5.2033E-05
  1.6000E+00  4.7992E-05
  1.6500E+00  4.3685E-05
  1.7000E+00  3.9371E-05
  1.7500E+00  3.6786E-05
  1.8000E+00  3.2828E-05
  1.8500E+00  3.3132E-05
  1.9000E+00  3.2243E-05
  1.9500E+00  2.7107E-05
  2.0000E+00  2.5637E-05
  2.0500E+00  2.4360E-05
  2.1000E+00  2.4262E-05
  2.1500E+00  2.1525E-05
  2.2000E+00  1.9887E-05
  2.2500E+00  1.9688E-05
  2.3000E+00  1.7821E-05
  2.3500E+00  1.6958E-05
  2.4000E+00  1.6466E-05
  2.4500E+00  1.5594E-05
  2.5000E+00  1.4190E-05
  2.5500E+00  1.3226E-05
  2.6000E+00  1.3691E-05
  2.6500E+00  1.2362E-05
  2.7000E+00  1.1278E-05
  2.7500E+00  1.0812E-05
  2.8000E+00  1.0618E-05
  2.8500E+00  1.0234E-05
  2.9000E+00  9.0395E-06
  2.9500E+00  8.8205E-06
  3.0000E+00  9.6145E-06
  3.0500E+00  8.0274E-06
  3.1000E+00  8.2057E-06
  3.1500E+00  6.9717E-06


# kxind = 25, z avg.
# sqrt(sum(<|phi/phi0|^2>)) = 0%
#  ky         phi       
  0.0000E+00  4.9057E-03
  5.0000E-02  1.2239E-03
  1.0000E-01  1.3198E-03
  1.5000E-01  1.4278E-03
  2.0000E-01  1.6448E-03
  2.5000E-01  1.5248E-03
  3.0000E-01  1.6662E-03
  3.5000E-01  1.6647E-03
  4.0000E-01  1.2237E-03
  4.5000E-01  1.1354E-03
  5.0000E-01  8.9265E-04
  5.5000E-01  7.6005E-04
  6.0000E-01  6.4846E-04
  6.5000E-01  5.9351E-04
  7.0000E-01  4.5296E-04
  7.5000E-01  3.9564E-04
  8.0000E-01  3.2699E-04
  8.5000E-01  3.0090E-04
  9.0000E-01  2.4825E-04
  9.5000E-01  2.1341E-04
  1.0000E+00  1.8757E-04
  1.0500E+00  1.6847E-04
  1.1000E+00  1.4057E-04
  1.1500E+00  1.2414E-04
  1.2000E+00  1.1350E-04
  1.2500E+00  9.8348E-05
  1.3000E+00  8.3385E-05
  1.3500E+00  8.1872E-05
  1.4000E+00  7.0151E-05
  1.4500E+00  6.1763E-05
  1.5000E+00  5.7072E-05
  1.5500E+00  5.4960E-05
  1.6000E+00  4.6791E-05
  1.6500E+00  4.4785E-05
  1.7000E+00  4.2548E-05
  1.7500E+00  3.8080E-05
  1.8000E+00  3.2754E-05
  1.8500E+00  3.1296E-05
  1.9000E+00  3.0228E-05
  1.9500E+00  2.6156E-05
  2.0000E+00  2.5627E-05
  2.0500E+00  2.3795E-05
  2.1000E+00  2.3022E-05
  2.1500E+00  2.0381E-05
  2.2000E+00  2.1300E-05
  2.2500E+00  1.9798E-05
  2.3000E+00  1.8493E-05
  2.3500E+00  1.6889E-05
  2.4000E+00  1.5911E-05
  2.4500E+00  1.5936E-05
  2.5000E+00  1.4736E-05
  2.5500E+00  1.4027E-05
  2.6000E+00  1.2866E-05
  2.6500E+00  1.2658E-05
  2.7000E+00  1.1694E-05
  2.7500E+00  1.0778E-05
  2.8000E+00  1.0568E-05
  2.8500E+00  1.0668E-05
  2.9000E+00  9.8411E-06
  2.9500E+00  9.0632E-06
  3.0000E+00  8.3452E-06
  3.0500E+00  8.2063E-06
  3.1000E+00  8.3589E-06
  3.1500E+00  7.8160E-06


# kxind = 26, z avg.
# sqrt(sum(<|phi/phi0|^2>)) = 0%
#  ky         phi       
  0.0000E+00  4.8348E-03
  5.0000E-02  1.0989E-03
  1.0000E-01  1.3989E-03
  1.5000E-01  1.7197E-03
  2.0000E-01  1.7792E-03
  2.5000E-01  1.6125E-03
  3.0000E-01  1.7149E-03
  3.5000E-01  1.6178E-03
  4.0000E-01  1.2499E-03
  4.5000E-01  1.1091E-03
  5.0000E-01  8.9639E-04
  5.5000E-01  7.8574E-04
  6.0000E-01  6.2402E-04
  6.5000E-01  5.6144E-04
  7.0000E-01  4.7090E-04
  7.5000E-01  4.0996E-04
  8.0000E-01  3.4483E-04
  8.5000E-01  2.7662E-04
  9.0000E-01  2.4540E-04
  9.5000E-01  2.1437E-04
  1.0000E+00  1.8487E-04
  1.0500E+00  1.6392E-04
  1.1000E+00  1.4342E-04
  1.1500E+00  1.2017E-04
  1.2000E+00  1.0838E-04
  1.2500E+00  9.4095E-05
  1.3000E+00  8.4733E-05
  1.3500E+00  7.6048E-05
  1.4000E+00  7.2194E-05
  1.4500E+00  6.1480E-05
  1.5000E+00  5.5496E-05
  1.5500E+00  5.1711E-05
  1.6000E+00  4.6181E-05
  1.6500E+00  4.4650E-05
  1.7000E+00  3.9621E-05
  1.7500E+00  3.7435E-05
  1.8000E+00  3.5305E-05
  1.8500E+00  3.3206E-05
  1.9000E+00  2.9092E-05
  1.9500E+00  2.7866E-05
  2.0000E+00  2.7982E-05
  2.0500E+00  2.4349E-05
  2.1000E+00  2.1965E-05
  2.1500E+00  2.1698E-05
  2.2000E+00  2.0041E-05
  2.2500E+00  1.9488E-05
  2.3000E+00  1.8912E-05
  2.3500E+00  1.7752E-05
  2.4000E+00  1.5541E-05
  2.4500E+00  1.4644E-05
  2.5000E+00  1.4783E-05
  2.5500E+00  1.2824E-05
  2.6000E+00  1.3429E-05
  2.6500E+00  1.2585E-05
  2.7000E+00  1.1787E-05
  2.7500E+00  1.1040E-05
  2.8000E+00  1.0359E-05
  2.8500E+00  9.6689E-06
  2.9000E+00  9.9469E-06
  2.9500E+00  8.9078E-06
  3.0000E+00  8.5928E-06
  3.0500E+00  7.9193E-06
  3.1000E+00  7.7737E-06
  3.1500E+00  7.5293E-06


# kxind = 27, z avg.
# sqrt(sum(<|phi/phi0|^2>)) = 0%
#  ky         phi       
  0.0000E+00  4.5465E-03
  5.0000E-02  1.2000E-03
  1.0000E-01  1.2604E-03
  1.5000E-01  1.4741E-03
  2.0000E-01  1.5675E-03
  2.5000E-01  1.6406E-03
  3.0000E-01  1.8069E-03
  3.5000E-01  1.5264E-03
  4.0000E-01  1.2091E-03
  4.5000E-01  1.0532E-03
  5.0000E-01  8.7082E-04
  5.5000E-01  7.6497E-04
  6.0000E-01  6.5697E-04
  6.5000E-01  5.5313E-04
  7.0000E-01  4.6632E-04
  7.5000E-01  3.8720E-04
  8.0000E-01  3.3416E-04
  8.5000E-01  2.7738E-04
  9.0000E-01  2.5067E-04
  9.5000E-01  2.0560E-04
  1.0000E+00  1.7980E-04
  1.0500E+00  1.6012E-04
  1.1000E+00  1.3431E-04
  1.1500E+00  1.2210E-04
  1.2000E+00  1.0811E-04
  1.2500E+00  9.3128E-05
  1.3000E+00  8.1711E-05
  1.3500E+00  7.3932E-05
  1.4000E+00  6.7601E-05
  1.4500E+00  6.4126E-05
  1.5000E+00  5.5466E-05
  1.5500E+00  4.9560E-05
  1.6000E+00  4.6168E-05
  1.6500E+00  4.3597E-05
  1.7000E+00  3.9298E-05
  1.7500E+00  3.6910E-05
  1.8000E+00  3.3531E-05
  1.8500E+00  3.1261E-05
  1.9000E+00  2.8738E-05
  1.9500E+00  2.9635E-05
  2.0000E+00  2.5520E-05
  2.0500E+00  2.5163E-05
  2.1000E+00  2.2169E-05
  2.1500E+00  2.2370E-05
  2.2000E+00  1.9945E-05
  2.2500E+00  1.7510E-05
  2.3000E+00  1.8519E-05
  2.3500E+00  1.7255E-05
  2.4000E+00  1.6695E-05
  2.4500E+00  1.4985E-05
  2.5000E+00  1.4448E-05
  2.5500E+00  1.3329E-05
  2.6000E+00  1.2433E-05
  2.6500E+00  1.2258E-05
  2.7000E+00  1.2062E-05
  2.7500E+00  1.0465E-05
  2.8000E+00  1.0713E-05
  2.8500E+00  1.0350E-05
  2.9000E+00  9.7088E-06
  2.9500E+00  8.5714E-06
  3.0000E+00  8.6068E-06
  3.0500E+00  7.5732E-06
  3.1000E+00  7.8381E-06
  3.1500E+00  6.8275E-06


# kxind = 28, z avg.
# sqrt(sum(<|phi/phi0|^2>)) = 0%
#  ky         phi       
  0.0000E+00  4.2769E-03
  5.0000E-02  1.2539E-03
  1.0000E-01  1.2706E-03
  1.5000E-01  1.4156E-03
  2.0000E-01  1.4778E-03
  2.5000E-01  1.6993E-03
  3.0000E-01  1.6851E-03
  3.5000E-01  1.4004E-03
  4.0000E-01  1.2764E-03
  4.5000E-01  1.0510E-03
  5.0000E-01  8.7976E-04
  5.5000E-01  7.1544E-04
  6.0000E-01  6.2611E-04
  6.5000E-01  5.2545E-04
  7.0000E-01  4.4822E-04
  7.5000E-01  3.9401E-04
  8.0000E-01  3.2768E-04
  8.5000E-01  2.8006E-04
  9.0000E-01  2.4100E-04
  9.5000E-01  2.0372E-04
  1.0000E+00  1.8551E-04
  1.0500E+00  1.6028E-04
  1.1000E+00  1.3911E-04
  1.1500E+00  1.2304E-04
  1.2000E+00  1.0176E-04
  1.2500E+00  9.8681E-05
  1.3000E+00  8.5578E-05
  1.3500E+00  7.4893E-05
  1.4000E+00  6.8510E-05
  1.4500E+00  6.2612E-05
  1.5000E+00  5.9161E-05
  1.5500E+00  5.3075E-05
  1.6000E+00  4.6109E-05
  1.6500E+00  4.6069E-05
  1.7000E+00  3.8402E-05
  1.7500E+00  3.5612E-05
  1.8000E+00  3.5814E-05
  1.8500E+00  3.2014E-05
  1.9000E+00  3.0126E-05
  1.9500E+00  2.6797E-05
  2.0000E+00  2.5667E-05
  2.0500E+00  2.4165E-05
  2.1000E+00  2.1992E-05
  2.1500E+00  2.1693E-05
  2.2000E+00  1.9346E-05
  2.2500E+00  1.8337E-05
  2.3000E+00  1.7645E-05
  2.3500E+00  1.7019E-05
  2.4000E+00  1.6457E-05
  2.4500E+00  1.4448E-05
  2.5000E+00  1.4178E-05
  2.5500E+00  1.3951E-05
  2.6000E+00  1.2108E-05
  2.6500E+00  1.2225E-05
  2.7000E+00  1.1877E-05
  2.7500E+00  1.0596E-05
  2.8000E+00  1.0256E-05
  2.8500E+00  9.9472E-06
  2.9000E+00  8.5060E-06
  2.9500E+00  8.6537E-06
  3.0000E+00  8.3774E-06
  3.0500E+00  8.0948E-06
  3.1000E+00  7.9306E-06
  3.1500E+00  7.1895E-06


# kxind = 29, z avg.
# sqrt(sum(<|phi/phi0|^2>)) = 0%
#  ky         phi       
  0.0000E+00  4.2440E-03
  5.0000E-02  1.0950E-03
  1.0000E-01  1.2426E-03
  1.5000E-01  1.4425E-03
  2.0000E-01  1.4743E-03
  2.5000E-01  1.6110E-03
  3.0000E-01  1.5306E-03
  3.5000E-01  1.6297E-03
  4.0000E-01  1.2238E-03
  4.5000E-01  1.0269E-03
  5.0000E-01  8.0971E-04
  5.5000E-01  7.5276E-04
  6.0000E-01  6.0908E-04
  6.5000E-01  5.1585E-04
  7.0000E-01  4.5061E-04
  7.5000E-01  3.8777E-04
  8.0000E-01  3.1751E-04
  8.5000E-01  2.7582E-04
  9.0000E-01  2.4010E-04
  9.5000E-01  2.0292E-04
  1.0000E+00  1.7747E-04
  1.0500E+00  1.5629E-04
  1.1000E+00  1.3189E-04
  1.1500E+00  1.2059E-04
  1.2000E+00  1.0524E-04
  1.2500E+00  9.3244E-05
  1.3000E+00  8.3970E-05
  1.3500E+00  7.7784E-05
  1.4000E+00  6.5442E-05
  1.4500E+00  6.1311E-05
  1.5000E+00  5.4586E-05
  1.5500E+00  4.9565E-05
  1.6000E+00  4.3989E-05
  1.6500E+00  4.2699E-05
  1.7000E+00  3.9012E-05
  1.7500E+00  3.4181E-05
  1.8000E+00  3.4788E-05
  1.8500E+00  3.3574E-05
  1.9000E+00  3.0185E-05
  1.9500E+00  2.7825E-05
  2.0000E+00  2.7175E-05
  2.0500E+00  2.3896E-05
  2.1000E+00  2.3319E-05
  2.1500E+00  2.1130E-05
  2.2000E+00  2.0000E-05
  2.2500E+00  1.8014E-05
  2.3000E+00  1.7923E-05
  2.3500E+00  1.6990E-05
  2.4000E+00  1.6509E-05
  2.4500E+00  1.4691E-05
  2.5000E+00  1.5159E-05
  2.5500E+00  1.4077E-05
  2.6000E+00  1.3401E-05
  2.6500E+00  1.1983E-05
  2.7000E+00  1.0697E-05
  2.7500E+00  1.1262E-05
  2.8000E+00  1.0531E-05
  2.8500E+00  9.5061E-06
  2.9000E+00  9.3608E-06
  2.9500E+00  8.6685E-06
  3.0000E+00  7.6777E-06
  3.0500E+00  7.8942E-06
  3.1000E+00  7.5565E-06
  3.1500E+00  7.7255E-06


# kxind = 30, z avg.
# sqrt(sum(<|phi/phi0|^2>)) = 0%
#  ky         phi       
  0.0000E+00  3.7272E-03
  5.0000E-02  1.2937E-03
  1.0000E-01  1.3659E-03
  1.5000E-01  1.3746E-03
  2.0000E-01  1.4840E-03
  2.5000E-01  1.5369E-03
  3.0000E-01  1.5806E-03
  3.5000E-01  1.4284E-03
  4.0000E-01  1.3029E-03
  4.5000E-01  1.0623E-03
  5.0000E-01  8.3883E-04
  5.5000E-01  7.2836E-04
  6.0000E-01  5.9944E-04
  6.5000E-01  5.2796E-04
  7.0000E-01  4.3969E-04
  7.5000E-01  3.8380E-04
  8.0000E-01  3.1074E-04
  8.5000E-01  2.7388E-04
  9.0000E-01  2.4146E-04
  9.5000E-01  1.9350E-04
  1.0000E+00  1.6622E-04
  1.0500E+00  1.5604E-04
  1.1000E+00  1.3541E-04
  1.1500E+00  1.1893E-04
  1.2000E+00  1.0174E-04
  1.2500E+00  8.9099E-05
  1.3000E+00  8.8005E-05
  1.3500E+00  7.4864E-05
  1.4000E+00  7.0822E-05
  1.4500E+00  5.8166E-05
  1.5000E+00  5.3762E-05
  1.5500E+00  4.9368E-05
  1.6000E+00  4.5227E-05
  1.6500E+00  4.0730E-05
  1.7000E+00  3.8955E-05
  1.7500E+00  3.3327E-05
  1.8000E+00  3.3336E-05
  1.8500E+00  3.1614E-05
  1.9000E+00  2.9741E-05
  1.9500E+00  2.5960E-05
  2.0000E+00  2.2452E-05
  2.0500E+00  2.3803E-05
  2.1000E+00  2.2978E-05
  2.1500E+00  2.1160E-05
  2.2000E+00  1.9749E-05
  2.2500E+00  1.9448E-05
  2.3000E+00  1.8201E-05
  2.3500E+00  1.6892E-05
  2.4000E+00  1.5205E-05
  2.4500E+00  1.5367E-05
  2.5000E+00  1.3458E-05
  2.5500E+00  1.3527E-05
  2.6000E+00  1.2640E-05
  2.6500E+00  1.2224E-05
  2.7000E+00  1.1681E-05
  2.7500E+00  1.1105E-05
  2.8000E+00  9.3845E-06
  2.8500E+00  9.8498E-06
  2.9000E+00  9.3576E-06
  2.9500E+00  8.6696E-06
  3.0000E+00  7.8358E-06
  3.0500E+00  7.8903E-06
  3.1000E+00  7.5353E-06
  3.1500E+00  7.1222E-06


# kxind = 31, z avg.
# sqrt(sum(<|phi/phi0|^2>)) = 0%
#  ky         phi       
  0.0000E+00  3.4064E-03
  5.0000E-02  1.1584E-03
  1.0000E-01  1.2716E-03
  1.5000E-01  1.4578E-03
  2.0000E-01  1.5912E-03
  2.5000E-01  1.6017E-03
  3.0000E-01  1.7372E-03
  3.5000E-01  1.4571E-03
  4.0000E-01  1.2640E-03
  4.5000E-01  9.8273E-04
  5.0000E-01  8.2499E-04
  5.5000E-01  7.1459E-04
  6.0000E-01  6.0612E-04
  6.5000E-01  5.0456E-04
  7.0000E-01  4.4429E-04
  7.5000E-01  3.6556E-04
  8.0000E-01  3.2490E-04
  8.5000E-01  2.7591E-04
  9.0000E-01  2.3483E-04
  9.5000E-01  1.9758E-04
  1.0000E+00  1.7744E-04
  1.0500E+00  1.4966E-04
  1.1000E+00  1.4132E-04
  1.1500E+00  1.1584E-04
  1.2000E+00  1.0515E-04
  1.2500E+00  9.3115E-05
  1.3000E+00  8.3869E-05
  1.3500E+00  7.4317E-05
  1.4000E+00  6.6680E-05
  1.4500E+00  6.1986E-05
  1.5000E+00  5.3205E-05
  1.5500E+00  5.0692E-05
  1.6000E+00  4.4661E-05
  1.6500E+00  4.1855E-05
  1.7000E+00  3.9521E-05
  1.7500E+00  3.4711E-05
  1.8000E+00  3.1015E-05
  1.8500E+00  2.9194E-05
  1.9000E+00  2.8969E-05
  1.9500E+00  2.4984E-05
  2.0000E+00  2.4061E-05
  2.0500E+00  2.3245E-05
  2.1000E+00  2.0832E-05
  2.1500E+00  2.2329E-05
  2.2000E+00  2.0750E-05
  2.2500E+00  1.7635E-05
  2.3000E+00  1.7370E-05
  2.3500E+00  1.6136E-05
  2.4000E+00  1.6510E-05
  2.4500E+00  1.4779E-05
  2.5000E+00  1.3407E-05
  2.5500E+00  1.3675E-05
  2.6000E+00  1.2856E-05
  2.6500E+00  1.2506E-05
  2.7000E+00  1.0732E-05
  2.7500E+00  9.9180E-06
  2.8000E+00  1.0313E-05
  2.8500E+00  9.9207E-06
  2.9000E+00  9.0475E-06
  2.9500E+00  9.1255E-06
  3.0000E+00  8.3926E-06
  3.0500E+00  7.8918E-06
  3.1000E+00  7.5669E-06
  3.1500E+00  6.6624E-06


# kxind = 32, z avg.
# sqrt(sum(<|phi/phi0|^2>)) = 0%
#  ky         phi       
  0.0000E+00  3.4155E-03
  5.0000E-02  1.2177E-03
  1.0000E-01  1.1899E-03
  1.5000E-01  1.3887E-03
  2.0000E-01  1.5633E-03
  2.5000E-01  1.5653E-03
  3.0000E-01  1.6135E-03
  3.5000E-01  1.4556E-03
  4.0000E-01  1.2598E-03
  4.5000E-01  9.7352E-04
  5.0000E-01  8.0851E-04
  5.5000E-01  6.5186E-04
  6.0000E-01  5.8483E-04
  6.5000E-01  4.8632E-04
  7.0000E-01  4.4352E-04
  7.5000E-01  3.6151E-04
  8.0000E-01  3.0832E-04
  8.5000E-01  2.6092E-04
  9.0000E-01  2.2389E-04
  9.5000E-01  1.9950E-04
  1.0000E+00  1.6903E-04
  1.0500E+00  1.5038E-04
  1.1000E+00  1.3162E-04
  1.1500E+00  1.1437E-04
  1.2000E+00  1.0283E-04
  1.2500E+00  9.1268E-05
  1.3000E+00  7.9500E-05
  1.3500E+00  7.3130E-05
  1.4000E+00  6.4195E-05
  1.4500E+00  5.9266E-05
  1.5000E+00  5.2668E-05
  1.5500E+00  4.9515E-05
  1.6000E+00  4.7052E-05
  1.6500E+00  3.9211E-05
  1.7000E+00  3.7376E-05
  1.7500E+00  3.3867E-05
  1.8000E+00  3.0555E-05
  1.8500E+00  3.0630E-05
  1.9000E+00  2.8693E-05
  1.9500E+00  2.6326E-05
  2.0000E+00  2.4456E-05
  2.0500E+00  2.3592E-05
  2.1000E+00  2.2204E-05
  2.1500E+00  1.9445E-05
  2.2000E+00  1.9406E-05
  2.2500E+00  1.8248E-05
  2.3000E+00  1.6340E-05
  2.3500E+00  1.6736E-05
  2.4000E+00  1.5750E-05
  2.4500E+00  1.5146E-05
  2.5000E+00  1.3758E-05
  2.5500E+00  1.3216E-05
  2.6000E+00  1.2121E-05
  2.6500E+00  1.1910E-05
  2.7000E+00  1.1255E-05
  2.7500E+00  1.0909E-05
  2.8000E+00  1.0118E-05
  2.8500E+00  9.2627E-06
  2.9000E+00  8.9234E-06
  2.9500E+00  8.8204E-06
  3.0000E+00  8.2730E-06
  3.0500E+00  7.7989E-06
  3.1000E+00  7.6346E-06
  3.1500E+00  7.0011E-06


# kxind = 33, z avg.
# sqrt(sum(<|phi/phi0|^2>)) = 0%
#  ky         phi       
  0.0000E+00  2.7834E-03
  5.0000E-02  1.1034E-03
  1.0000E-01  1.2100E-03
  1.5000E-01  1.3499E-03
  2.0000E-01  1.4896E-03
  2.5000E-01  1.5258E-03
  3.0000E-01  1.6174E-03
  3.5000E-01  1.4038E-03
  4.0000E-01  1.2630E-03
  4.5000E-01  9.8448E-04
  5.0000E-01  8.3855E-04
  5.5000E-01  7.0389E-04
  6.0000E-01  5.5306E-04
  6.5000E-01  4.8555E-04
  7.0000E-01  4.1919E-04
  7.5000E-01  3.7570E-04
  8.0000E-01  2.9374E-04
  8.5000E-01  2.7209E-04
  9.0000E-01  2.2954E-04
  9.5000E-01  2.0005E-04
  1.0000E+00  1.7425E-04
  1.0500E+00  1.4982E-04
  1.1000E+00  1.3559E-04
  1.1500E+00  1.1167E-04
  1.2000E+00  1.0462E-04
  1.2500E+00  9.1596E-05
  1.3000E+00  8.0943E-05
  1.3500E+00  7.6517E-05
  1.4000E+00  6.5653E-05
  1.4500E+00  5.9409E-05
  1.5000E+00  5.3704E-05
  1.5500E+00  4.9310E-05
  1.6000E+00  4.4169E-05
  1.6500E+00  3.9321E-05
  1.7000E+00  3.7522E-05
  1.7500E+00  3.5221E-05
  1.8000E+00  3.3183E-05
  1.8500E+00  2.9989E-05
  1.9000E+00  2.7532E-05
  1.9500E+00  2.6650E-05
  2.0000E+00  2.3634E-05
  2.0500E+00  2.1962E-05
  2.1000E+00  2.0837E-05
  2.1500E+00  2.0628E-05
  2.2000E+00  1.9664E-05
  2.2500E+00  1.8878E-05
  2.3000E+00  1.6124E-05
  2.3500E+00  1.6576E-05
  2.4000E+00  1.5532E-05
  2.4500E+00  1.4681E-05
  2.5000E+00  1.3710E-05
  2.5500E+00  1.2659E-05
  2.6000E+00  1.1603E-05
  2.6500E+00  1.1498E-05
  2.7000E+00  1.1133E-05
  2.7500E+00  1.0482E-05
  2.8000E+00  9.6560E-06
  2.8500E+00  9.5553E-06
  2.9000E+00  9.1004E-06
  2.9500E+00  8.8129E-06
  3.0000E+00  7.7220E-06
  3.0500E+00  8.2261E-06
  3.1000E+00  7.2237E-06
  3.1500E+00  6.9330E-06


# kxind = 34, z avg.
# sqrt(sum(<|phi/phi0|^2>)) = 0%
#  ky         phi       
  0.0000E+00  2.8719E-03
  5.0000E-02  1.1472E-03
  1.0000E-01  1.2480E-03
  1.5000E-01  1.3164E-03
  2.0000E-01  1.6132E-03
  2.5000E-01  1.5035E-03
  3.0000E-01  1.5834E-03
  3.5000E-01  1.3768E-03
  4.0000E-01  1.2372E-03
  4.5000E-01  9.5921E-04
  5.0000E-01  8.1504E-04
  5.5000E-01  6.7522E-04
  6.0000E-01  5.5809E-04
  6.5000E-01  4.7624E-04
  7.0000E-01  4.1977E-04
  7.5000E-01  3.3622E-04
  8.0000E-01  3.1060E-04
  8.5000E-01  2.4959E-04
  9.0000E-01  2.1987E-04
  9.5000E-01  1.8616E-04
  1.0000E+00  1.6789E-04
  1.0500E+00  1.3897E-04
  1.1000E+00  1.2769E-04
  1.1500E+00  1.1358E-04
  1.2000E+00  9.9684E-05
  1.2500E+00  8.9287E-05
  1.3000E+00  7.8480E-05
  1.3500E+00  7.3101E-05
  1.4000E+00  6.3047E-05
  1.4500E+00  5.4088E-05
  1.5000E+00  5.2957E-05
  1.5500E+00  5.0776E-05
  1.6000E+00  4.3405E-05
  1.6500E+00  4.1329E-05
  1.7000E+00  3.5595E-05
  1.7500E+00  3.3890E-05
  1.8000E+00  3.2677E-05
  1.8500E+00  3.0089E-05
  1.9000E+00  2.8260E-05
  1.9500E+00  2.6104E-05
  2.0000E+00  2.4355E-05
  2.0500E+00  2.1952E-05
  2.1000E+00  2.1910E-05
  2.1500E+00  2.0344E-05
  2.2000E+00  1.9977E-05
  2.2500E+00  1.7911E-05
  2.3000E+00  1.5917E-05
  2.3500E+00  1.5843E-05
  2.4000E+00  1.4337E-05
  2.4500E+00  1.4502E-05
  2.5000E+00  1.3425E-05
  2.5500E+00  1.2428E-05
  2.6000E+00  1.1504E-05
  2.6500E+00  1.1360E-05
  2.7000E+00  1.0334E-05
  2.7500E+00  1.0284E-05
  2.8000E+00  9.3350E-06
  2.8500E+00  8.7786E-06
  2.9000E+00  9.1322E-06
  2.9500E+00  8.6773E-06
  3.0000E+00  8.2390E-06
  3.0500E+00  7.8168E-06
  3.1000E+00  7.2404E-06
  3.1500E+00  7.0122E-06


# kxind = 35, z avg.
# sqrt(sum(<|phi/phi0|^2>)) = 0%
#  ky         phi       
  0.0000E+00  2.6667E-03
  5.0000E-02  1.2037E-03
  1.0000E-01  1.1256E-03
  1.5000E-01  1.3257E-03
  2.0000E-01  1.4657E-03
  2.5000E-01  1.6097E-03
  3.0000E-01  1.4283E-03
  3.5000E-01  1.3277E-03
  4.0000E-01  1.1639E-03
  4.5000E-01  9.3212E-04
  5.0000E-01  7.7802E-04
  5.5000E-01  6.8071E-04
  6.0000E-01  5.9268E-04
  6.5000E-01  4.9816E-04
  7.0000E-01  4.1796E-04
  7.5000E-01  3.5894E-04
  8.0000E-01  2.8998E-04
  8.5000E-01  2.4873E-04
  9.0000E-01  2.3248E-04
  9.5000E-01  1.9228E-04
  1.0000E+00  1.6657E-04
  1.0500E+00  1.4501E-04
  1.1000E+00  1.2785E-04
  1.1500E+00  1.1865E-04
  1.2000E+00  9.9312E-05
  1.2500E+00  8.8280E-05
  1.3000E+00  8.2783E-05
  1.3500E+00  6.9713E-05
  1.4000E+00  6.3184E-05
  1.4500E+00  5.7589E-05
  1.5000E+00  5.2387E-05
  1.5500E+00  4.7866E-05
  1.6000E+00  4.5408E-05
  1.6500E+00  3.8403E-05
  1.7000E+00  3.8980E-05
  1.7500E+00  3.3666E-05
  1.8000E+00  3.1240E-05
  1.8500E+00  3.0709E-05
  1.9000E+00  2.6042E-05
  1.9500E+00  2.5937E-05
  2.0000E+00  2.5113E-05
  2.0500E+00  2.3294E-05
  2.1000E+00  2.2704E-05
  2.1500E+00  1.9753E-05
  2.2000E+00  1.7830E-05
  2.2500E+00  1.7892E-05
  2.3000E+00  1.6853E-05
  2.3500E+00  1.5795E-05
  2.4000E+00  1.4241E-05
  2.4500E+00  1.3952E-05
  2.5000E+00  1.3699E-05
  2.5500E+00  1.3005E-05
  2.6000E+00  1.2085E-05
  2.6500E+00  1.1802E-05
  2.7000E+00  1.1069E-05
  2.7500E+00  9.7101E-06
  2.8000E+00  9.3849E-06
  2.8500E+00  9.8086E-06
  2.9000E+00  9.0005E-06
  2.9500E+00  8.9623E-06
  3.0000E+00  8.2488E-06
  3.0500E+00  7.6041E-06
  3.1000E+00  7.1324E-06
  3.1500E+00  7.0037E-06


# kxind = 36, z avg.
# sqrt(sum(<|phi/phi0|^2>)) = 0%
#  ky         phi       
  0.0000E+00  2.5953E-03
  5.0000E-02  1.1958E-03
  1.0000E-01  1.2203E-03
  1.5000E-01  1.2911E-03
  2.0000E-01  1.5583E-03
  2.5000E-01  1.4570E-03
  3.0000E-01  1.4696E-03
  3.5000E-01  1.2328E-03
  4.0000E-01  1.1314E-03
  4.5000E-01  9.3798E-04
  5.0000E-01  7.9215E-04
  5.5000E-01  6.6842E-04
  6.0000E-01  5.2882E-04
  6.5000E-01  4.6570E-04
  7.0000E-01  3.9849E-04
  7.5000E-01  3.3459E-04
  8.0000E-01  3.0173E-04
  8.5000E-01  2.5760E-04
  9.0000E-01  2.1636E-04
  9.5000E-01  1.8950E-04
  1.0000E+00  1.6850E-04
  1.0500E+00  1.4480E-04
  1.1000E+00  1.2910E-04
  1.1500E+00  1.0931E-04
  1.2000E+00  9.7908E-05
  1.2500E+00  9.0289E-05
  1.3000E+00  7.6782E-05
  1.3500E+00  7.0313E-05
  1.4000E+00  6.2137E-05
  1.4500E+00  5.6832E-05
  1.5000E+00  5.3250E-05
  1.5500E+00  4.9831E-05
  1.6000E+00  4.4514E-05
  1.6500E+00  4.1124E-05
  1.7000E+00  3.8697E-05
  1.7500E+00  3.3732E-05
  1.8000E+00  3.1253E-05
  1.8500E+00  2.9472E-05
  1.9000E+00  2.8595E-05
  1.9500E+00  2.6780E-05
  2.0000E+00  2.4216E-05
  2.0500E+00  2.2602E-05
  2.1000E+00  2.1721E-05
  2.1500E+00  1.9877E-05
  2.2000E+00  1.8354E-05
  2.2500E+00  1.7054E-05
  2.3000E+00  1.6841E-05
  2.3500E+00  1.5556E-05
  2.4000E+00  1.5662E-05
  2.4500E+00  1.2802E-05
  2.5000E+00  1.3498E-05
  2.5500E+00  1.2857E-05
  2.6000E+00  1.2129E-05
  2.6500E+00  1.1476E-05
  2.7000E+00  1.0654E-05
  2.7500E+00  1.0371E-05
  2.8000E+00  9.2234E-06
  2.8500E+00  8.9446E-06
  2.9000E+00  8.5528E-06
  2.9500E+00  7.8272E-06
  3.0000E+00  8.5391E-06
  3.0500E+00  7.7952E-06
  3.1000E+00  6.7480E-06
  3.1500E+00  7.6375E-06


# kxind = 37, z avg.
# sqrt(sum(<|phi/phi0|^2>)) = 0%
#  ky         phi       
  0.0000E+00  2.3539E-03
  5.0000E-02  1.0634E-03
  1.0000E-01  1.2071E-03
  1.5000E-01  1.3387E-03
  2.0000E-01  1.4188E-03
  2.5000E-01  1.4372E-03
  3.0000E-01  1.5316E-03
  3.5000E-01  1.3441E-03
  4.0000E-01  1.1622E-03
  4.5000E-01  9.7131E-04
  5.0000E-01  8.1410E-04
  5.5000E-01  6.2977E-04
  6.0000E-01  5.1745E-04
  6.5000E-01  4.5548E-04
  7.0000E-01  4.0139E-04
  7.5000E-01  3.2220E-04
  8.0000E-01  2.8892E-04
  8.5000E-01  2.4362E-04
  9.0000E-01  2.1830E-04
  9.5000E-01  1.9085E-04
  1.0000E+00  1.6534E-04
  1.0500E+00  1.4149E-04
  1.1000E+00  1.2974E-04
  1.1500E+00  1.1412E-04
  1.2000E+00  9.7692E-05
  1.2500E+00  8.6510E-05
  1.3000E+00  7.4942E-05
  1.3500E+00  6.9443E-05
  1.4000E+00  6.1539E-05
  1.4500E+00  5.7392E-05
  1.5000E+00  5.2901E-05
  1.5500E+00  4.6985E-05
  1.6000E+00  4.1379E-05
  1.6500E+00  3.7899E-05
  1.7000E+00  3.5994E-05
  1.7500E+00  3.3496E-05
  1.8000E+00  3.1183E-05
  1.8500E+00  2.7448E-05
  1.9000E+00  2.6360E-05
  1.9500E+00  2.6029E-05
  2.0000E+00  2.3953E-05
  2.0500E+00  2.2457E-05
  2.1000E+00  2.1895E-05
  2.1500E+00  2.0799E-05
  2.2000E+00  2.0004E-05
  2.2500E+00  1.7386E-05
  2.3000E+00  1.7267E-05
  2.3500E+00  1.5156E-05
  2.4000E+00  1.5607E-05
  2.4500E+00  1.3619E-05
  2.5000E+00  1.3536E-05
  2.5500E+00  1.2319E-05
  2.6000E+00  1.1312E-05
  2.6500E+00  1.0931E-05
  2.7000E+00  1.0700E-05
  2.7500E+00  9.7915E-06
  2.8000E+00  9.4622E-06
  2.8500E+00  9.3052E-06
  2.9000E+00  8.5140E-06
  2.9500E+00  8.3651E-06
  3.0000E+00  7.8102E-06
  3.0500E+00  8.4843E-06
  3.1000E+00  7.2577E-06
  3.1500E+00  6.8900E-06


# kxind = 38, z avg.
# sqrt(sum(<|phi/phi0|^2>)) = 0%
#  ky         phi       
  0.0000E+00  2.3964E-03
  5.0000E-02  1.1253E-03
  1.0000E-01  1.1938E-03
  1.5000E-01  1.3139E-03
  2.0000E-01  1.3430E-03
  2.5000E-01  1.5592E-03
  3.0000E-01  1.6261E-03
  3.5000E-01  1.3193E-03
  4.0000E-01  1.0588E-03
  4.5000E-01  9.6837E-04
  5.0000E-01  7.6603E-04
  5.5000E-01  6.4638E-04
  6.0000E-01  5.2925E-04
  6.5000E-01  4.4966E-04
  7.0000E-01  3.9157E-04
  7.5000E-01  3.3103E-04
  8.0000E-01  2.9644E-04
  8.5000E-01  2.5309E-04
  9.0000E-01  2.2114E-04
  9.5000E-01  1.8930E-04
  1.0000E+00  1.6622E-04
  1.0500E+00  1.3935E-04
  1.1000E+00  1.2714E-04
  1.1500E+00  1.0980E-04
  1.2000E+00  9.5369E-05
  1.2500E+00  8.6203E-05
  1.3000E+00  7.5459E-05
  1.3500E+00  7.0757E-05
  1.4000E+00  6.5130E-05
  1.4500E+00  5.7560E-05
  1.5000E+00  5.0703E-05
  1.5500E+00  4.8163E-05
  1.6000E+00  4.3559E-05
  1.6500E+00  4.0084E-05
  1.7000E+00  3.7414E-05
  1.7500E+00  3.3903E-05
  1.8000E+00  2.9612E-05
  1.8500E+00  2.8241E-05
  1.9000E+00  2.6224E-05
  1.9500E+00  2.5081E-05
  2.0000E+00  2.4351E-05
  2.0500E+00  2.3388E-05
  2.1000E+00  2.0215E-05
  2.1500E+00  2.0314E-05
  2.2000E+00  1.7777E-05
  2.2500E+00  1.7587E-05
  2.3000E+00  1.5952E-05
  2.3500E+00  1.6191E-05
  2.4000E+00  1.4945E-05
  2.4500E+00  1.3712E-05
  2.5000E+00  1.3119E-05
  2.5500E+00  1.1405E-05
  2.6000E+00  1.1530E-05
  2.6500E+00  1.1218E-05
  2.7000E+00  1.0549E-05
  2.7500E+00  1.0139E-05
  2.8000E+00  9.2835E-06
  2.8500E+00  9.0050E-06
  2.9000E+00  8.7384E-06
  2.9500E+00  8.2394E-06
  3.0000E+00  8.0037E-06
  3.0500E+00  7.5555E-06
  3.1000E+00  7.2219E-06
  3.1500E+00  7.1622E-06


# kxind = 39, z avg.
# sqrt(sum(<|phi/phi0|^2>)) = 0%
#  ky         phi       
  0.0000E+00  2.5091E-03
  5.0000E-02  1.0540E-03
  1.0000E-01  1.0888E-03
  1.5000E-01  1.2302E-03
  2.0000E-01  1.3229E-03
  2.5000E-01  1.3625E-03
  3.0000E-01  1.3575E-03
  3.5000E-01  1.3426E-03
  4.0000E-01  1.0469E-03
  4.5000E-01  8.9832E-04
  5.0000E-01  7.7665E-04
  5.5000E-01  6.4273E-04
  6.0000E-01  5.3342E-04
  6.5000E-01  4.2968E-04
  7.0000E-01  3.8540E-04
  7.5000E-01  3.2214E-04
  8.0000E-01  2.7286E-04
  8.5000E-01  2.3397E-04
  9.0000E-01  2.1198E-04
  9.5000E-01  1.8777E-04
  1.0000E+00  1.6450E-04
  1.0500E+00  1.3961E-04
  1.1000E+00  1.2323E-04
  1.1500E+00  1.0874E-04
  1.2000E+00  8.9434E-05
  1.2500E+00  8.6812E-05
  1.3000E+00  7.3946E-05
  1.3500E+00  6.9091E-05
  1.4000E+00  6.4189E-05
  1.4500E+00  5.5285E-05
  1.5000E+00  4.8688E-05
  1.5500E+00  4.6264E-05
  1.6000E+00  4.3140E-05
  1.6500E+00  3.8005E-05
  1.7000E+00  3.5046E-05
  1.7500E+00  3.2917E-05
  1.8000E+00  2.8573E-05
  1.8500E+00  2.9001E-05
  1.9000E+00  2.6710E-05
  1.9500E+00  2.3302E-05
  2.0000E+00  2.3459E-05
  2.0500E+00  2.1067E-05
  2.1000E+00  2.1058E-05
  2.1500E+00  1.9815E-05
  2.2000E+00  1.7761E-05
  2.2500E+00  1.7037E-05
  2.3000E+00  1.7082E-05
  2.3500E+00  1.5358E-05
  2.4000E+00  1.5240E-05
  2.4500E+00  1.4061E-05
  2.5000E+00  1.2610E-05
  2.5500E+00  1.1879E-05
  2.6000E+00  1.1306E-05
  2.6500E+00  1.1105E-05
  2.7000E+00  1.0350E-05
  2.7500E+00  1.0288E-05
  2.8000E+00  9.3223E-06
  2.8500E+00  8.8915E-06
  2.9000E+00  8.1462E-06
  2.9500E+00  8.2843E-06
  3.0000E+00  8.0737E-06
  3.0500E+00  7.4492E-06
  3.1000E+00  6.6389E-06
  3.1500E+00  7.0079E-06


# kxind = 40, z avg.
# sqrt(sum(<|phi/phi0|^2>)) = 0%
#  ky         phi       
  0.0000E+00  2.6799E-03
  5.0000E-02  1.0524E-03
  1.0000E-01  1.1060E-03
  1.5000E-01  1.1570E-03
  2.0000E-01  1.3496E-03
  2.5000E-01  1.4400E-03
  3.0000E-01  1.4587E-03
  3.5000E-01  1.3388E-03
  4.0000E-01  9.9437E-04
  4.5000E-01  8.8846E-04
  5.0000E-01  7.3480E-04
  5.5000E-01  6.3637E-04
  6.0000E-01  5.2146E-04
  6.5000E-01  4.5193E-04
  7.0000E-01  3.7007E-04
  7.5000E-01  3.2625E-04
  8.0000E-01  2.8529E-04
  8.5000E-01  2.3123E-04
  9.0000E-01  2.0855E-04
  9.5000E-01  1.7660E-04
  1.0000E+00  1.5434E-04
  1.0500E+00  1.4134E-04
  1.1000E+00  1.2190E-04
  1.1500E+00  1.1225E-04
  1.2000E+00  9.9226E-05
  1.2500E+00  8.1890E-05
  1.3000E+00  7.8745E-05
  1.3500E+00  6.8316E-05
  1.4000E+00  6.1132E-05
  1.4500E+00  5.5519E-05
  1.5000E+00  4.9757E-05
  1.5500E+00  4.1801E-05
  1.6000E+00  4.1846E-05
  1.6500E+00  3.7281E-05
  1.7000E+00  3.6480E-05
  1.7500E+00  3.2698E-05
  1.8000E+00  3.1562E-05
  1.8500E+00  2.7552E-05
  1.9000E+00  2.6604E-05
  1.9500E+00  2.3965E-05
  2.0000E+00  2.3721E-05
  2.0500E+00  2.1446E-05
  2.1000E+00  1.9222E-05
  2.1500E+00  1.8721E-05
  2.2000E+00  1.7572E-05
  2.2500E+00  1.5992E-05
  2.3000E+00  1.5778E-05
  2.3500E+00  1.4920E-05
  2.4000E+00  1.4418E-05
  2.4500E+00  1.3494E-05
  2.5000E+00  1.2467E-05
  2.5500E+00  1.2603E-05
  2.6000E+00  1.0481E-05
  2.6500E+00  1.0647E-05
  2.7000E+00  1.0378E-05
  2.7500E+00  1.0007E-05
  2.8000E+00  9.3772E-06
  2.8500E+00  8.6291E-06
  2.9000E+00  8.0764E-06
  2.9500E+00  8.3574E-06
  3.0000E+00  7.5369E-06
  3.0500E+00  7.3992E-06
  3.1000E+00  7.1613E-06
  3.1500E+00  6.8168E-06


# kxind = 41, z avg.
# sqrt(sum(<|phi/phi0|^2>)) = 0%
#  ky         phi       
  0.0000E+00  2.4268E-03
  5.0000E-02  9.9832E-04
  1.0000E-01  1.0970E-03
  1.5000E-01  1.1301E-03
  2.0000E-01  1.3541E-03
  2.5000E-01  1.3084E-03
  3.0000E-01  1.4577E-03
  3.5000E-01  1.2076E-03
  4.0000E-01  1.2301E-03
  4.5000E-01  9.1003E-04
  5.0000E-01  6.9689E-04
  5.5000E-01  6.0989E-04
  6.0000E-01  5.0598E-04
  6.5000E-01  4.3998E-04
  7.0000E-01  3.5779E-04
  7.5000E-01  3.1237E-04
  8.0000E-01  2.7841E-04
  8.5000E-01  2.3172E-04
  9.0000E-01  1.9740E-04
  9.5000E-01  1.7470E-04
  1.0000E+00  1.5708E-04
  1.0500E+00  1.3968E-04
  1.1000E+00  1.2277E-04
  1.1500E+00  1.0518E-04
  1.2000E+00  9.8077E-05
  1.2500E+00  8.4733E-05
  1.3000E+00  7.4695E-05
  1.3500E+00  6.7719E-05
  1.4000E+00  5.7483E-05
  1.4500E+00  5.5689E-05
  1.5000E+00  4.7352E-05
  1.5500E+00  4.5429E-05
  1.6000E+00  4.0236E-05
  1.6500E+00  3.8487E-05
  1.7000E+00  3.4280E-05
  1.7500E+00  3.1761E-05
  1.8000E+00  3.0087E-05
  1.8500E+00  2.6873E-05
  1.9000E+00  2.5741E-05
  1.9500E+00  2.4109E-05
  2.0000E+00  2.2875E-05
  2.0500E+00  2.3311E-05
  2.1000E+00  2.0979E-05
  2.1500E+00  1.9282E-05
  2.2000E+00  1.6896E-05
  2.2500E+00  1.7082E-05
  2.3000E+00  1.6257E-05
  2.3500E+00  1.5712E-05
  2.4000E+00  1.4770E-05
  2.4500E+00  1.3336E-05
  2.5000E+00  1.2116E-05
  2.5500E+00  1.2329E-05
  2.6000E+00  1.0059E-05
  2.6500E+00  1.0424E-05
  2.7000E+00  9.7729E-06
  2.7500E+00  9.2816E-06
  2.8000E+00  9.1209E-06
  2.8500E+00  9.7039E-06
  2.9000E+00  8.4442E-06
  2.9500E+00  8.0751E-06
  3.0000E+00  7.4075E-06
  3.0500E+00  7.2526E-06
  3.1000E+00  6.6981E-06
  3.1500E+00  5.9323E-06


# kxind = 42, z avg.
# sqrt(sum(<|phi/phi0|^2>)) = 0%
#  ky         phi       
  0.0000E+00  2.3099E-03
  5.0000E-02  1.0215E-03
  1.0000E-01  1.1123E-03
  1.5000E-01  1.1133E-03
  2.0000E-01  1.3575E-03
  2.5000E-01  1.3231E-03
  3.0000E-01  1.5261E-03
  3.5000E-01  1.2126E-03
  4.0000E-01  1.1375E-03
  4.5000E-01  8.7778E-04
  5.0000E-01  6.7722E-04
  5.5000E-01  6.1723E-04
  6.0000E-01  5.1560E-04
  6.5000E-01  4.1926E-04
  7.0000E-01  3.6996E-04
  7.5000E-01  3.2933E-04
  8.0000E-01  2.6661E-04
  8.5000E-01  2.3029E-04
  9.0000E-01  2.0333E-04
  9.5000E-01  1.8050E-04
  1.0000E+00  1.5124E-04
  1.0500E+00  1.3190E-04
  1.1000E+00  1.0941E-04
  1.1500E+00  1.0366E-04
  1.2000E+00  9.3382E-05
  1.2500E+00  8.6395E-05
  1.3000E+00  7.2019E-05
  1.3500E+00  6.6550E-05
  1.4000E+00  5.9586E-05
  1.4500E+00  5.2522E-05
  1.5000E+00  4.9274E-05
  1.5500E+00  4.4022E-05
  1.6000E+00  4.0049E-05
  1.6500E+00  3.7097E-05
  1.7000E+00  3.3647E-05
  1.7500E+00  3.1803E-05
  1.8000E+00  2.9925E-05
  1.8500E+00  2.6586E-05
  1.9000E+00  2.6121E-05
  1.9500E+00  2.2535E-05
  2.0000E+00  2.2062E-05
  2.0500E+00  2.0973E-05
  2.1000E+00  1.9820E-05
  2.1500E+00  1.8049E-05
  2.2000E+00  1.8270E-05
  2.2500E+00  1.5955E-05
  2.3000E+00  1.5031E-05
  2.3500E+00  1.4168E-05
  2.4000E+00  1.4378E-05
  2.4500E+00  1.3303E-05
  2.5000E+00  1.2617E-05
  2.5500E+00  1.1259E-05
  2.6000E+00  1.1861E-05
  2.6500E+00  1.0988E-05
  2.7000E+00  1.0665E-05
  2.7500E+00  9.7376E-06
  2.8000E+00  9.2042E-06
  2.8500E+00  8.4085E-06
  2.9000E+00  8.0584E-06
  2.9500E+00  8.1435E-06
  3.0000E+00  7.8369E-06
  3.0500E+00  7.3860E-06
  3.1000E+00  6.8766E-06
  3.1500E+00  6.4435E-06


# kxind = 43, z avg.
# sqrt(sum(<|phi/phi0|^2>)) = 0%
#  ky         phi       
  0.0000E+00  2.0590E-03
  5.0000E-02  9.8592E-04
  1.0000E-01  1.0848E-03
  1.5000E-01  1.0964E-03
  2.0000E-01  1.2721E-03
  2.5000E-01  1.4100E-03
  3.0000E-01  1.3268E-03
  3.5000E-01  1.2686E-03
  4.0000E-01  1.0428E-03
  4.5000E-01  8.8492E-04
  5.0000E-01  7.1679E-04
  5.5000E-01  6.0667E-04
  6.0000E-01  5.0575E-04
  6.5000E-01  4.4785E-04
  7.0000E-01  3.6678E-04
  7.5000E-01  3.2564E-04
  8.0000E-01  2.6590E-04
  8.5000E-01  2.3421E-04
  9.0000E-01  2.0178E-04
  9.5000E-01  1.7552E-04
  1.0000E+00  1.5889E-04
  1.0500E+00  1.3361E-04
  1.1000E+00  1.1601E-04
  1.1500E+00  1.0435E-04
  1.2000E+00  9.2999E-05
  1.2500E+00  8.3290E-05
  1.3000E+00  7.4063E-05
  1.3500E+00  6.7066E-05
  1.4000E+00  5.9650E-05
  1.4500E+00  5.5414E-05
  1.5000E+00  4.9378E-05
  1.5500E+00  4.2143E-05
  1.6000E+00  3.9945E-05
  1.6500E+00  3.7590E-05
  1.7000E+00  3.2850E-05
  1.7500E+00  3.2535E-05
  1.8000E+00  2.9316E-05
  1.8500E+00  2.7496E-05
  1.9000E+00  2.6631E-05
  1.9500E+00  2.2864E-05
  2.0000E+00  2.2172E-05
  2.0500E+00  2.0003E-05
  2.1000E+00  2.0374E-05
  2.1500E+00  1.9239E-05
  2.2000E+00  1.7688E-05
  2.2500E+00  1.7058E-05
  2.3000E+00  1.5215E-05
  2.3500E+00  1.4589E-05
  2.4000E+00  1.3731E-05
  2.4500E+00  1.2838E-05
  2.5000E+00  1.2302E-05
  2.5500E+00  1.1601E-05
  2.6000E+00  1.0979E-05
  2.6500E+00  1.0522E-05
  2.7000E+00  1.0151E-05
  2.7500E+00  1.0205E-05
  2.8000E+00  8.9556E-06
  2.8500E+00  8.2389E-06
  2.9000E+00  8.0222E-06
  2.9500E+00  8.1034E-06
  3.0000E+00  7.0955E-06
  3.0500E+00  7.0805E-06
  3.1000E+00  6.8083E-06
  3.1500E+00  6.4095E-06


# kxind = 44, z avg.
# sqrt(sum(<|phi/phi0|^2>)) = 0%
#  ky         phi       
  0.0000E+00  1.9258E-03
  5.0000E-02  9.7434E-04
  1.0000E-01  9.7877E-04
  1.5000E-01  1.0308E-03
  2.0000E-01  1.1729E-03
  2.5000E-01  1.2813E-03
  3.0000E-01  1.3342E-03
  3.5000E-01  1.1957E-03
  4.0000E-01  1.0884E-03
  4.5000E-01  8.5261E-04
  5.0000E-01  7.4293E-04
  5.5000E-01  5.8204E-04
  6.0000E-01  4.7639E-04
  6.5000E-01  4.3128E-04
  7.0000E-01  3.5879E-04
  7.5000E-01  3.1271E-04
  8.0000E-01  2.5519E-04
  8.5000E-01  2.3211E-04
  9.0000E-01  1.9635E-04
  9.5000E-01  1.7844E-04
  1.0000E+00  1.4548E-04
  1.0500E+00  1.3558E-04
  1.1000E+00  1.1204E-04
  1.1500E+00  1.0534E-04
  1.2000E+00  9.0488E-05
  1.2500E+00  8.3639E-05
  1.3000E+00  6.9081E-05
  1.3500E+00  6.4173E-05
  1.4000E+00  5.7229E-05
  1.4500E+00  5.2410E-05
  1.5000E+00  4.8727E-05
  1.5500E+00  4.3412E-05
  1.6000E+00  3.9329E-05
  1.6500E+00  3.7441E-05
  1.7000E+00  3.5359E-05
  1.7500E+00  3.2470E-05
  1.8000E+00  3.0145E-05
  1.8500E+00  2.7295E-05
  1.9000E+00  2.7113E-05
  1.9500E+00  2.4522E-05
  2.0000E+00  2.1001E-05
  2.0500E+00  2.2442E-05
  2.1000E+00  1.9363E-05
  2.1500E+00  1.8668E-05
  2.2000E+00  1.6648E-05
  2.2500E+00  1.6683E-05
  2.3000E+00  1.4841E-05
  2.3500E+00  1.4957E-05
  2.4000E+00  1.3936E-05
  2.4500E+00  1.3656E-05
  2.5000E+00  1.2669E-05
  2.5500E+00  1.1467E-05
  2.6000E+00  1.0594E-05
  2.6500E+00  1.0813E-05
  2.7000E+00  9.6042E-06
  2.7500E+00  9.6116E-06
  2.8000E+00  8.5996E-06
  2.8500E+00  8.4551E-06
  2.9000E+00  8.5431E-06
  2.9500E+00  7.4543E-06
  3.0000E+00  7.3417E-06
  3.0500E+00  7.0369E-06
  3.1000E+00  6.5616E-06
  3.1500E+00  6.6478E-06


# kxind = 45, z avg.
# sqrt(sum(<|phi/phi0|^2>)) = 0%
#  ky         phi       
  0.0000E+00  2.2847E-03
  5.0000E-02  9.6498E-04
  1.0000E-01  9.8148E-04
  1.5000E-01  9.7886E-04
  2.0000E-01  1.1673E-03
  2.5000E-01  1.4168E-03
  3.0000E-01  1.3049E-03
  3.5000E-01  1.2194E-03
  4.0000E-01  1.0256E-03
  4.5000E-01  8.2907E-04
  5.0000E-01  6.9407E-04
  5.5000E-01  5.8340E-04
  6.0000E-01  4.7595E-04
  6.5000E-01  4.2993E-04
  7.0000E-01  3.6246E-04
  7.5000E-01  3.0955E-04
  8.0000E-01  2.7077E-04
  8.5000E-01  2.3211E-04
  9.0000E-01  1.9756E-04
  9.5000E-01  1.6842E-04
  1.0000E+00  1.4145E-04
  1.0500E+00  1.2833E-04
  1.1000E+00  1.1321E-04
  1.1500E+00  1.0246E-04
  1.2000E+00  8.9183E-05
  1.2500E+00  8.1067E-05
  1.3000E+00  7.3467E-05
  1.3500E+00  6.3219E-05
  1.4000E+00  6.0542E-05
  1.4500E+00  5.4065E-05
  1.5000E+00  4.8817E-05
  1.5500E+00  4.3896E-05
  1.6000E+00  3.8681E-05
  1.6500E+00  3.5344E-05
  1.7000E+00  3.3226E-05
  1.7500E+00  3.1235E-05
  1.8000E+00  2.9692E-05
  1.8500E+00  2.6505E-05
  1.9000E+00  2.4917E-05
  1.9500E+00  2.3248E-05
  2.0000E+00  2.3633E-05
  2.0500E+00  2.1515E-05
  2.1000E+00  1.9545E-05
  2.1500E+00  1.9073E-05
  2.2000E+00  1.8902E-05
  2.2500E+00  1.6675E-05
  2.3000E+00  1.5055E-05
  2.3500E+00  1.4553E-05
  2.4000E+00  1.3707E-05
  2.4500E+00  1.2728E-05
  2.5000E+00  1.3101E-05
  2.5500E+00  1.0891E-05
  2.6000E+00  1.1492E-05
  2.6500E+00  1.1150E-05
  2.7000E+00  1.0117E-05
  2.7500E+00  9.6767E-06
  2.8000E+00  9.1718E-06
  2.8500E+00  8.9201E-06
  2.9000E+00  7.4734E-06
  2.9500E+00  8.3271E-06
  3.0000E+00  6.8512E-06
  3.0500E+00  6.7025E-06
  3.1000E+00  6.5526E-06
  3.1500E+00  6.5124E-06


# kxind = 46, z avg.
# sqrt(sum(<|phi/phi0|^2>)) = 0%
#  ky         phi       
  0.0000E+00  1.8433E-03
  5.0000E-02  9.9387E-04
  1.0000E-01  9.6812E-04
  1.5000E-01  1.0032E-03
  2.0000E-01  1.0971E-03
  2.5000E-01  1.1893E-03
  3.0000E-01  1.2825E-03
  3.5000E-01  1.3294E-03
  4.0000E-01  1.0317E-03
  4.5000E-01  8.0740E-04
  5.0000E-01  7.4141E-04
  5.5000E-01  5.6216E-04
  6.0000E-01  4.5989E-04
  6.5000E-01  4.0365E-04
  7.0000E-01  3.4790E-04
  7.5000E-01  3.0657E-04
  8.0000E-01  2.5591E-04
  8.5000E-01  2.1591E-04
  9.0000E-01  1.9140E-04
  9.5000E-01  1.7336E-04
  1.0000E+00  1.4277E-04
  1.0500E+00  1.2680E-04
  1.1000E+00  1.1321E-04
  1.1500E+00  1.0049E-04
  1.2000E+00  8.4676E-05
  1.2500E+00  7.9995E-05
  1.3000E+00  7.3184E-05
  1.3500E+00  6.2305E-05
  1.4000E+00  5.6137E-05
  1.4500E+00  5.3266E-05
  1.5000E+00  4.3995E-05
  1.5500E+00  4.0665E-05
  1.6000E+00  3.9925E-05
  1.6500E+00  3.6617E-05
  1.7000E+00  3.3601E-05
  1.7500E+00  3.1551E-05
  1.8000E+00  2.8866E-05
  1.8500E+00  2.6815E-05
  1.9000E+00  2.5072E-05
  1.9500E+00  2.2835E-05
  2.0000E+00  2.2507E-05
  2.0500E+00  1.9991E-05
  2.1000E+00  1.9333E-05
  2.1500E+00  1.8600E-05
  2.2000E+00  1.6822E-05
  2.2500E+00  1.5915E-05
  2.3000E+00  1.4435E-05
  2.3500E+00  1.3454E-05
  2.4000E+00  1.3793E-05
  2.4500E+00  1.2691E-05
  2.5000E+00  1.2585E-05
  2.5500E+00  1.1792E-05
  2.6000E+00  1.0450E-05
  2.6500E+00  1.0170E-05
  2.7000E+00  9.9774E-06
  2.7500E+00  8.9231E-06
  2.8000E+00  8.8149E-06
  2.8500E+00  7.9125E-06
  2.9000E+00  7.8072E-06
  2.9500E+00  7.6638E-06
  3.0000E+00  6.9553E-06
  3.0500E+00  6.7372E-06
  3.1000E+00  6.4268E-06
  3.1500E+00  6.0472E-06


# kxind = 47, z avg.
# sqrt(sum(<|phi/phi0|^2>)) = 0%
#  ky         phi       
  0.0000E+00  2.0839E-03
  5.0000E-02  8.6039E-04
  1.0000E-01  9.1365E-04
  1.5000E-01  9.6512E-04
  2.0000E-01  1.0948E-03
  2.5000E-01  1.1316E-03
  3.0000E-01  1.3275E-03
  3.5000E-01  1.1837E-03
  4.0000E-01  1.0032E-03
  4.5000E-01  8.8481E-04
  5.0000E-01  6.7373E-04
  5.5000E-01  5.5974E-04
  6.0000E-01  4.8480E-04
  6.5000E-01  4.1606E-04
  7.0000E-01  3.4242E-04
  7.5000E-01  2.8963E-04
  8.0000E-01  2.4543E-04
  8.5000E-01  2.2106E-04
  9.0000E-01  1.9678E-04
  9.5000E-01  1.7297E-04
  1.0000E+00  1.4172E-04
  1.0500E+00  1.2065E-04
  1.1000E+00  1.1233E-04
  1.1500E+00  9.6718E-05
  1.2000E+00  8.5959E-05
  1.2500E+00  7.4830E-05
  1.3000E+00  6.8837E-05
  1.3500E+00  6.4322E-05
  1.4000E+00  5.5556E-05
  1.4500E+00  5.3250E-05
  1.5000E+00  4.7651E-05
  1.5500E+00  4.5526E-05
  1.6000E+00  3.7764E-05
  1.6500E+00  3.6060E-05
  1.7000E+00  3.2420E-05
  1.7500E+00  3.0163E-05
  1.8000E+00  2.9150E-05
  1.8500E+00  2.5763E-05
  1.9000E+00  2.3874E-05
  1.9500E+00  2.3635E-05
  2.0000E+00  2.0535E-05
  2.0500E+00  1.9456E-05
  2.1000E+00  1.7912E-05
  2.1500E+00  1.7624E-05
  2.2000E+00  1.6113E-05
  2.2500E+00  1.6251E-05
  2.3000E+00  1.5202E-05
  2.3500E+00  1.3863E-05
  2.4000E+00  1.3531E-05
  2.4500E+00  1.2175E-05
  2.5000E+00  1.2169E-05
  2.5500E+00  1.1644E-05
  2.6000E+00  1.0610E-05
  2.6500E+00  1.0583E-05
  2.7000E+00  9.4061E-06
  2.7500E+00  9.0859E-06
  2.8000E+00  8.8371E-06
  2.8500E+00  8.6584E-06
  2.9000E+00  7.6792E-06
  2.9500E+00  7.3244E-06
  3.0000E+00  6.8955E-06
  3.0500E+00  6.7504E-06
  3.1000E+00  6.8670E-06
  3.1500E+00  6.1091E-06


# kxind = 48, z avg.
# sqrt(sum(<|phi/phi0|^2>)) = 0%
#  ky         phi       
  0.0000E+00  1.8234E-03
  5.0000E-02  8.9498E-04
  1.0000E-01  8.5087E-04
  1.5000E-01  8.8244E-04
  2.0000E-01  1.1263E-03
  2.5000E-01  1.1919E-03
  3.0000E-01  1.2484E-03
  3.5000E-01  1.2719E-03
  4.0000E-01  1.1201E-03
  4.5000E-01  7.6454E-04
  5.0000E-01  6.7327E-04
  5.5000E-01  5.5146E-04
  6.0000E-01  4.7275E-04
  6.5000E-01  4.1008E-04
  7.0000E-01  3.3305E-04
  7.5000E-01  2.9257E-04
  8.0000E-01  2.5394E-04
  8.5000E-01  2.1838E-04
  9.0000E-01  1.8173E-04
  9.5000E-01  1.6089E-04
  1.0000E+00  1.3695E-04
  1.0500E+00  1.2092E-04
  1.1000E+00  1.0605E-04
  1.1500E+00  9.9562E-05
  1.2000E+00  8.8982E-05
  1.2500E+00  7.9360E-05
  1.3000E+00  6.7007E-05
  1.3500E+00  6.2952E-05
  1.4000E+00  5.3842E-05
  1.4500E+00  4.9256E-05
  1.5000E+00  4.6306E-05
  1.5500E+00  4.0161E-05
  1.6000E+00  3.8419E-05
  1.6500E+00  3.5917E-05
  1.7000E+00  3.3640E-05
  1.7500E+00  3.0168E-05
  1.8000E+00  2.7880E-05
  1.8500E+00  2.6639E-05
  1.9000E+00  2.3956E-05
  1.9500E+00  2.3086E-05
  2.0000E+00  1.9793E-05
  2.0500E+00  1.9246E-05
  2.1000E+00  1.9301E-05
  2.1500E+00  1.7571E-05
  2.2000E+00  1.5844E-05
  2.2500E+00  1.5208E-05
  2.3000E+00  1.5156E-05
  2.3500E+00  1.3984E-05
  2.4000E+00  1.3375E-05
  2.4500E+00  1.2045E-05
  2.5000E+00  1.1630E-05
  2.5500E+00  1.1329E-05
  2.6000E+00  1.0269E-05
  2.6500E+00  1.0292E-05
  2.7000E+00  9.2146E-06
  2.7500E+00  9.8543E-06
  2.8000E+00  8.1449E-06
  2.8500E+00  8.4325E-06
  2.9000E+00  8.2960E-06
  2.9500E+00  7.4364E-06
  3.0000E+00  7.2495E-06
  3.0500E+00  7.3110E-06
  3.1000E+00  6.8464E-06
  3.1500E+00  6.2618E-06


# kxind = 49, z avg.
# sqrt(sum(<|phi/phi0|^2>)) = 0%
#  ky         phi       
  0.0000E+00  1.7552E-03
  5.0000E-02  8.2370E-04
  1.0000E-01  8.7053E-04
  1.5000E-01  9.5147E-04
  2.0000E-01  9.8869E-04
  2.5000E-01  1.0977E-03
  3.0000E-01  1.2045E-03
  3.5000E-01  1.2056E-03
  4.0000E-01  9.9668E-04
  4.5000E-01  8.3748E-04
  5.0000E-01  6.7171E-04
  5.5000E-01  5.3535E-04
  6.0000E-01  4.6595E-04
  6.5000E-01  3.9822E-04
  7.0000E-01  3.3055E-04
  7.5000E-01  2.9075E-04
  8.0000E-01  2.4862E-04
  8.5000E-01  2.1102E-04
  9.0000E-01  1.8671E-04
  9.5000E-01  1.5955E-04
  1.0000E+00  1.3922E-04
  1.0500E+00  1.2288E-04
  1.1000E+00  1.1400E-04
  1.1500E+00  9.8536E-05
  1.2000E+00  8.4007E-05
  1.2500E+00  7.6962E-05
  1.3000E+00  6.6522E-05
  1.3500E+00  6.2048E-05
  1.4000E+00  5.6606E-05
  1.4500E+00  4.8362E-05
  1.5000E+00  4.6526E-05
  1.5500E+00  4.0680E-05
  1.6000E+00  3.7811E-05
  1.6500E+00  3.6440E-05
  1.7000E+00  3.3768E-05
  1.7500E+00  3.0713E-05
  1.8000E+00  2.7570E-05
  1.8500E+00  2.6970E-05
  1.9000E+00  2.3251E-05
  1.9500E+00  2.4025E-05
  2.0000E+00  2.0615E-05
  2.0500E+00  1.9529E-05
  2.1000E+00  1.8808E-05
  2.1500E+00  1.7572E-05
  2.2000E+00  1.6681E-05
  2.2500E+00  1.5031E-05
  2.3000E+00  1.4468E-05
  2.3500E+00  1.3546E-05
  2.4000E+00  1.2877E-05
  2.4500E+00  1.2163E-05
  2.5000E+00  1.1693E-05
  2.5500E+00  1.1001E-05
  2.6000E+00  1.0377E-05
  2.6500E+00  9.8961E-06
  2.7000E+00  9.8851E-06
  2.7500E+00  9.4854E-06
  2.8000E+00  8.7507E-06
  2.8500E+00  8.2567E-06
  2.9000E+00  7.7290E-06
  2.9500E+00  7.5006E-06
  3.0000E+00  6.9065E-06
  3.0500E+00  6.7979E-06
  3.1000E+00  6.4476E-06
  3.1500E+00  6.1480E-06


# kyind = 0,z avg.
# sqrt(sum(<|phi/phi0|^2>)) = 0%
#  kx         phi       
  0.0000E+00  0.0000E+00
  1.1846E-02  5.0373E-01
  2.3691E-02  2.7805E-01
  3.5537E-02  1.6545E-01
  4.7383E-02  6.8081E-02
  5.9229E-02  1.6436E-01
  7.1074E-02  9.7989E-02
  8.2920E-02  3.0901E-01
  9.4766E-02  1.7687E-01
  1.0661E-01  1.7984E-01
  1.1846E-01  1.6390E-01
  1.3030E-01  6.9275E-02
  1.4215E-01  5.8032E-02
  1.5399E-01  8.5513E-02
  1.6584E-01  5.3488E-02
  1.7769E-01  3.2920E-02
  1.8953E-01  5.5165E-02
  2.0138E-01  2.0558E-02
  2.1322E-01  1.0203E-02
  2.2507E-01  1.2389E-02
  2.3691E-01  1.0977E-02
  2.4876E-01  7.5616E-03
  2.6061E-01  6.1941E-03
  2.7245E-01  6.6540E-03
  2.8430E-01  5.1178E-03
  2.9614E-01  4.9057E-03
  3.0799E-01  4.8348E-03
  3.1983E-01  4.5465E-03
  3.3168E-01  4.2769E-03
  3.4353E-01  4.2440E-03
  3.5537E-01  3.7272E-03
  3.6722E-01  3.4064E-03
  3.7906E-01  3.4155E-03
  3.9091E-01  2.7834E-03
  4.0275E-01  2.8719E-03
  4.1460E-01  2.6667E-03
  4.2645E-01  2.5953E-03
  4.3829E-01  2.3539E-03
  4.5014E-01  2.3964E-03
  4.6198E-01  2.5091E-03
  4.7383E-01  2.6799E-03
  4.8567E-01  2.4268E-03
  4.9752E-01  2.3099E-03
  5.0937E-01  2.0590E-03
  5.2121E-01  1.9258E-03
  5.3306E-01  2.2847E-03
  5.4490E-01  1.8433E-03
  5.5675E-01  2.0839E-03
  5.6859E-01  1.8234E-03
  5.8044E-01  1.7552E-03
