# CREATED BY GENE DIAGNOSTICS TOOL on Mon Jul 16 16:54:47 2018
# diag: gamdiag, run(s): 0036, time window: 0-499.986(1352 steps), species: ions
# original data path: /r/c/cmor/IFERC/W7Xsds036/GAM/
# normalization: L_ref=5.508m
#
# xind= 0, x/a= -NaN, q= 1.1313306
# Fit:    -NaN,-NaN,-NaN
# Analytic (Gao, Zhou/Yu): -NaN,-NaN,-NaN
#  t          Re[phi]     Im[phi]   
  0.0000E+00  3.3908E-01  0.0000E+00
  3.7000E-01  3.3771E-01  1.7248E-04
  7.4000E-01  3.3381E-01  3.7701E-04
  1.1100E+00  3.2787E-01  6.1243E-04
  1.4800E+00  3.2048E-01  8.7014E-04
  1.8500E+00  3.1220E-01  1.1457E-03
  2.2200E+00  3.0356E-01  1.4355E-03
  2.5900E+00  2.9499E-01  1.7358E-03
  2.9600E+00  2.8683E-01  2.0427E-03
  3.3300E+00  2.7929E-01  2.3513E-03
  3.7000E+00  2.7248E-01  2.6558E-03
  4.0700E+00  2.6646E-01  2.9500E-03
  4.4400E+00  2.6115E-01  3.2286E-03
  4.8100E+00  2.5648E-01  3.4877E-03
  5.1800E+00  2.5230E-01  3.7253E-03
  5.5500E+00  2.4849E-01  3.9414E-03
  5.9200E+00  2.4490E-01  4.1374E-03
  6.2900E+00  2.4141E-01  4.3158E-03
  6.6600E+00  2.3795E-01  4.4797E-03
  7.0300E+00  2.3445E-01  4.6321E-03
  7.4000E+00  2.3087E-01  4.7755E-03
  7.7700E+00  2.2720E-01  4.9123E-03
  8.1400E+00  2.2346E-01  5.0430E-03
  8.5100E+00  2.1967E-01  5.1675E-03
  8.8800E+00  2.1586E-01  5.2878E-03
  9.2500E+00  2.1207E-01  5.4043E-03
  9.6200E+00  2.0832E-01  5.5141E-03
  9.9900E+00  2.0466E-01  5.6160E-03
  1.0360E+01  2.0110E-01  5.7102E-03
  1.0730E+01  1.9767E-01  5.7966E-03
  1.1100E+01  1.9437E-01  5.8745E-03
  1.1470E+01  1.9122E-01  5.9437E-03
  1.1840E+01  1.8823E-01  6.0044E-03
  1.2210E+01  1.8539E-01  6.0568E-03
  1.2580E+01  1.8271E-01  6.1011E-03
  1.2950E+01  1.8018E-01  6.1379E-03
  1.3320E+01  1.7779E-01  6.1679E-03
  1.3690E+01  1.7556E-01  6.1921E-03
  1.4060E+01  1.7346E-01  6.2113E-03
  1.4430E+01  1.7152E-01  6.2267E-03
  1.4800E+01  1.6971E-01  6.2392E-03
  1.5170E+01  1.6805E-01  6.2494E-03
  1.5540E+01  1.6653E-01  6.2575E-03
  1.5910E+01  1.6514E-01  6.2643E-03
  1.6280E+01  1.6390E-01  6.2707E-03
  1.6650E+01  1.6280E-01  6.2777E-03
  1.7020E+01  1.6183E-01  6.2861E-03
  1.7390E+01  1.6099E-01  6.2967E-03
  1.7760E+01  1.6028E-01  6.3101E-03
  1.8130E+01  1.5969E-01  6.3261E-03
  1.8500E+01  1.5924E-01  6.3452E-03
  1.8870E+01  1.5891E-01  6.3676E-03
  1.9240E+01  1.5870E-01  6.3933E-03
  1.9610E+01  1.5860E-01  6.4222E-03
  1.9980E+01  1.5860E-01  6.4551E-03
  2.0350E+01  1.5870E-01  6.4930E-03
  2.0720E+01  1.5889E-01  6.5373E-03
  2.1090E+01  1.5916E-01  6.5883E-03
  2.1460E+01  1.5953E-01  6.6454E-03
  2.1830E+01  1.5998E-01  6.7079E-03
  2.2200E+01  1.6050E-01  6.7748E-03
  2.2570E+01  1.6109E-01  6.8453E-03
  2.2940E+01  1.6174E-01  6.9186E-03
  2.3310E+01  1.6241E-01  6.9943E-03
  2.3680E+01  1.6310E-01  7.0720E-03
  2.4050E+01  1.6379E-01  7.1521E-03
  2.4420E+01  1.6448E-01  7.2356E-03
  2.4790E+01  1.6518E-01  7.3245E-03
  2.5160E+01  1.6590E-01  7.4200E-03
  2.5530E+01  1.6664E-01  7.5220E-03
  2.5900E+01  1.6740E-01  7.6294E-03
  2.6270E+01  1.6818E-01  7.7399E-03
  2.6640E+01  1.6897E-01  7.8512E-03
  2.7010E+01  1.6975E-01  7.9618E-03
  2.7380E+01  1.7052E-01  8.0716E-03
  2.7750E+01  1.7128E-01  8.1817E-03
  2.8120E+01  1.7202E-01  8.2935E-03
  2.8490E+01  1.7274E-01  8.4079E-03
  2.8860E+01  1.7341E-01  8.5248E-03
  2.9230E+01  1.7401E-01  8.6429E-03
  2.9600E+01  1.7452E-01  8.7601E-03
  2.9970E+01  1.7493E-01  8.8739E-03
  3.0340E+01  1.7524E-01  8.9826E-03
  3.0710E+01  1.7546E-01  9.0855E-03
  3.1080E+01  1.7563E-01  9.1834E-03
  3.1450E+01  1.7576E-01  9.2777E-03
  3.1820E+01  1.7588E-01  9.3703E-03
  3.2190E+01  1.7601E-01  9.4627E-03
  3.2560E+01  1.7614E-01  9.5561E-03
  3.2930E+01  1.7629E-01  9.6512E-03
  3.3300E+01  1.7642E-01  9.7481E-03
  3.3670E+01  1.7653E-01  9.8456E-03
  3.4040E+01  1.7659E-01  9.9421E-03
  3.4410E+01  1.7657E-01  1.0036E-02
  3.4780E+01  1.7647E-01  1.0127E-02
  3.5150E+01  1.7628E-01  1.0215E-02
  3.5520E+01  1.7602E-01  1.0300E-02
  3.5890E+01  1.7570E-01  1.0382E-02
  3.6260E+01  1.7535E-01  1.0462E-02
  3.6630E+01  1.7498E-01  1.0541E-02
  3.7000E+01  1.7459E-01  1.0617E-02
  3.7370E+01  1.7419E-01  1.0692E-02
  3.7740E+01  1.7379E-01  1.0768E-02
  3.8110E+01  1.7340E-01  1.0846E-02
  3.8480E+01  1.7302E-01  1.0924E-02
  3.8850E+01  1.7264E-01  1.1002E-02
  3.9220E+01  1.7226E-01  1.1080E-02
  3.9590E+01  1.7184E-01  1.1155E-02
  3.9960E+01  1.7139E-01  1.1228E-02
  4.0330E+01  1.7089E-01  1.1297E-02
  4.0700E+01  1.7035E-01  1.1363E-02
  4.1070E+01  1.6977E-01  1.1426E-02
  4.1440E+01  1.6916E-01  1.1487E-02
  4.1810E+01  1.6854E-01  1.1546E-02
  4.2180E+01  1.6791E-01  1.1602E-02
  4.2550E+01  1.6730E-01  1.1657E-02
  4.2920E+01  1.6671E-01  1.1712E-02
  4.3290E+01  1.6617E-01  1.1773E-02
  4.3660E+01  1.6571E-01  1.1841E-02
  4.4030E+01  1.6534E-01  1.1919E-02
  4.4400E+01  1.6508E-01  1.2008E-02
  4.4770E+01  1.6493E-01  1.2109E-02
  4.5140E+01  1.6487E-01  1.2218E-02
  4.5510E+01  1.6488E-01  1.2332E-02
  4.5880E+01  1.6491E-01  1.2447E-02
  4.6250E+01  1.6491E-01  1.2557E-02
  4.6620E+01  1.6486E-01  1.2658E-02
  4.6990E+01  1.6469E-01  1.2745E-02
  4.7360E+01  1.6437E-01  1.2814E-02
  4.7730E+01  1.6388E-01  1.2865E-02
  4.8100E+01  1.6323E-01  1.2900E-02
  4.8470E+01  1.6243E-01  1.2923E-02
  4.8840E+01  1.6153E-01  1.2941E-02
  4.9210E+01  1.6058E-01  1.2960E-02
  4.9580E+01  1.5964E-01  1.2987E-02
  4.9950E+01  1.5878E-01  1.3028E-02
  5.0320E+01  1.5805E-01  1.3085E-02
  5.0690E+01  1.5748E-01  1.3162E-02
  5.1060E+01  1.5709E-01  1.3257E-02
  5.1430E+01  1.5690E-01  1.3369E-02
  5.1800E+01  1.5689E-01  1.3495E-02
  5.2170E+01  1.5704E-01  1.3631E-02
  5.2540E+01  1.5732E-01  1.3772E-02
  5.2910E+01  1.5769E-01  1.3914E-02
  5.3280E+01  1.5812E-01  1.4051E-02
  5.3650E+01  1.5857E-01  1.4180E-02
  5.4020E+01  1.5900E-01  1.4300E-02
  5.4390E+01  1.5938E-01  1.4409E-02
  5.4760E+01  1.5971E-01  1.4510E-02
  5.5130E+01  1.5997E-01  1.4604E-02
  5.5500E+01  1.6015E-01  1.4692E-02
  5.5870E+01  1.6025E-01  1.4776E-02
  5.6240E+01  1.6029E-01  1.4859E-02
  5.6610E+01  1.6027E-01  1.4942E-02
  5.6980E+01  1.6021E-01  1.5028E-02
  5.7350E+01  1.6012E-01  1.5118E-02
  5.7720E+01  1.6002E-01  1.5214E-02
  5.8090E+01  1.5991E-01  1.5315E-02
  5.8460E+01  1.5979E-01  1.5421E-02
  5.8830E+01  1.5966E-01  1.5531E-02
  5.9200E+01  1.5953E-01  1.5642E-02
  5.9570E+01  1.5939E-01  1.5752E-02
  5.9940E+01  1.5922E-01  1.5858E-02
  6.0310E+01  1.5904E-01  1.5959E-02
  6.0680E+01  1.5885E-01  1.6053E-02
  6.1050E+01  1.5865E-01  1.6143E-02
  6.1420E+01  1.5846E-01  1.6228E-02
  6.1790E+01  1.5827E-01  1.6310E-02
  6.2160E+01  1.5811E-01  1.6389E-02
  6.2530E+01  1.5796E-01  1.6469E-02
  6.2900E+01  1.5783E-01  1.6548E-02
  6.3270E+01  1.5771E-01  1.6629E-02
  6.3640E+01  1.5760E-01  1.6711E-02
  6.4010E+01  1.5750E-01  1.6796E-02
  6.4380E+01  1.5741E-01  1.6882E-02
  6.4750E+01  1.5733E-01  1.6971E-02
  6.5120E+01  1.5725E-01  1.7062E-02
  6.5490E+01  1.5718E-01  1.7155E-02
  6.5860E+01  1.5711E-01  1.7250E-02
  6.6230E+01  1.5705E-01  1.7345E-02
  6.6600E+01  1.5699E-01  1.7442E-02
  6.6970E+01  1.5693E-01  1.7538E-02
  6.7340E+01  1.5686E-01  1.7636E-02
  6.7710E+01  1.5679E-01  1.7733E-02
  6.8080E+01  1.5672E-01  1.7829E-02
  6.8450E+01  1.5664E-01  1.7925E-02
  6.8820E+01  1.5654E-01  1.8019E-02
  6.9190E+01  1.5643E-01  1.8112E-02
  6.9560E+01  1.5629E-01  1.8202E-02
  6.9930E+01  1.5614E-01  1.8291E-02
  7.0300E+01  1.5598E-01  1.8378E-02
  7.0670E+01  1.5580E-01  1.8463E-02
  7.1040E+01  1.5562E-01  1.8548E-02
  7.1410E+01  1.5542E-01  1.8630E-02
  7.1780E+01  1.5522E-01  1.8711E-02
  7.2150E+01  1.5501E-01  1.8791E-02
  7.2520E+01  1.5480E-01  1.8871E-02
  7.2890E+01  1.5459E-01  1.8951E-02
  7.3260E+01  1.5439E-01  1.9033E-02
  7.3630E+01  1.5419E-01  1.9115E-02
  7.4000E+01  1.5400E-01  1.9199E-02
  7.4370E+01  1.5381E-01  1.9283E-02
  7.4740E+01  1.5362E-01  1.9366E-02
  7.5110E+01  1.5343E-01  1.9449E-02
  7.5480E+01  1.5324E-01  1.9532E-02
  7.5850E+01  1.5304E-01  1.9613E-02
  7.6220E+01  1.5285E-01  1.9695E-02
  7.6590E+01  1.5265E-01  1.9777E-02
  7.6960E+01  1.5246E-01  1.9859E-02
  7.7330E+01  1.5228E-01  1.9943E-02
  7.7700E+01  1.5211E-01  2.0027E-02
  7.8070E+01  1.5195E-01  2.0113E-02
  7.8440E+01  1.5179E-01  2.0199E-02
  7.8810E+01  1.5164E-01  2.0285E-02
  7.9180E+01  1.5148E-01  2.0370E-02
  7.9550E+01  1.5132E-01  2.0454E-02
  7.9920E+01  1.5116E-01  2.0535E-02
  8.0290E+01  1.5098E-01  2.0614E-02
  8.0660E+01  1.5080E-01  2.0691E-02
  8.1030E+01  1.5062E-01  2.0767E-02
  8.1400E+01  1.5044E-01  2.0842E-02
  8.1770E+01  1.5026E-01  2.0917E-02
  8.2140E+01  1.5008E-01  2.0993E-02
  8.2510E+01  1.4992E-01  2.1068E-02
  8.2880E+01  1.4975E-01  2.1144E-02
  8.3250E+01  1.4959E-01  2.1220E-02
  8.3620E+01  1.4944E-01  2.1296E-02
  8.3990E+01  1.4929E-01  2.1372E-02
  8.4360E+01  1.4915E-01  2.1448E-02
  8.4730E+01  1.4900E-01  2.1523E-02
  8.5100E+01  1.4886E-01  2.1597E-02
  8.5470E+01  1.4871E-01  2.1670E-02
  8.5840E+01  1.4856E-01  2.1741E-02
  8.6210E+01  1.4841E-01  2.1811E-02
  8.6580E+01  1.4826E-01  2.1881E-02
  8.6950E+01  1.4811E-01  2.1952E-02
  8.7320E+01  1.4798E-01  2.2024E-02
  8.7690E+01  1.4785E-01  2.2099E-02
  8.8060E+01  1.4773E-01  2.2176E-02
  8.8430E+01  1.4762E-01  2.2255E-02
  8.8800E+01  1.4752E-01  2.2335E-02
  8.9170E+01  1.4741E-01  2.2414E-02
  8.9540E+01  1.4730E-01  2.2490E-02
  8.9910E+01  1.4718E-01  2.2564E-02
  9.0280E+01  1.4705E-01  2.2634E-02
  9.0650E+01  1.4691E-01  2.2702E-02
  9.1020E+01  1.4677E-01  2.2768E-02
  9.1390E+01  1.4663E-01  2.2835E-02
  9.1760E+01  1.4650E-01  2.2904E-02
  9.2130E+01  1.4639E-01  2.2977E-02
  9.2500E+01  1.4629E-01  2.3053E-02
  9.2870E+01  1.4620E-01  2.3134E-02
  9.3240E+01  1.4613E-01  2.3217E-02
  9.3610E+01  1.4605E-01  2.3302E-02
  9.3980E+01  1.4597E-01  2.3386E-02
  9.4350E+01  1.4589E-01  2.3469E-02
  9.4720E+01  1.4578E-01  2.3547E-02
  9.5090E+01  1.4565E-01  2.3621E-02
  9.5460E+01  1.4549E-01  2.3688E-02
  9.5830E+01  1.4531E-01  2.3751E-02
  9.6200E+01  1.4512E-01  2.3808E-02
  9.6570E+01  1.4490E-01  2.3862E-02
  9.6940E+01  1.4469E-01  2.3915E-02
  9.7310E+01  1.4447E-01  2.3968E-02
  9.7680E+01  1.4427E-01  2.4024E-02
  9.8050E+01  1.4409E-01  2.4083E-02
  9.8420E+01  1.4394E-01  2.4147E-02
  9.8790E+01  1.4381E-01  2.4216E-02
  9.9160E+01  1.4371E-01  2.4290E-02
  9.9530E+01  1.4363E-01  2.4368E-02
  9.9900E+01  1.4358E-01  2.4450E-02
  1.0027E+02  1.4354E-01  2.4532E-02
  1.0064E+02  1.4352E-01  2.4616E-02
  1.0101E+02  1.4349E-01  2.4698E-02
  1.0138E+02  1.4346E-01  2.4777E-02
  1.0175E+02  1.4341E-01  2.4854E-02
  1.0212E+02  1.4335E-01  2.4927E-02
  1.0249E+02  1.4326E-01  2.4996E-02
  1.0286E+02  1.4315E-01  2.5062E-02
  1.0323E+02  1.4302E-01  2.5124E-02
  1.0360E+02  1.4287E-01  2.5183E-02
  1.0397E+02  1.4270E-01  2.5241E-02
  1.0434E+02  1.4251E-01  2.5298E-02
  1.0471E+02  1.4233E-01  2.5356E-02
  1.0508E+02  1.4214E-01  2.5415E-02
  1.0545E+02  1.4195E-01  2.5475E-02
  1.0582E+02  1.4178E-01  2.5537E-02
  1.0619E+02  1.4161E-01  2.5601E-02
  1.0656E+02  1.4145E-01  2.5665E-02
  1.0693E+02  1.4131E-01  2.5731E-02
  1.0730E+02  1.4118E-01  2.5798E-02
  1.0767E+02  1.4106E-01  2.5866E-02
  1.0804E+02  1.4095E-01  2.5935E-02
  1.0841E+02  1.4085E-01  2.6004E-02
  1.0878E+02  1.4076E-01  2.6074E-02
  1.0915E+02  1.4068E-01  2.6144E-02
  1.0952E+02  1.4059E-01  2.6213E-02
  1.0989E+02  1.4051E-01  2.6283E-02
  1.1026E+02  1.4042E-01  2.6353E-02
  1.1063E+02  1.4033E-01  2.6422E-02
  1.1100E+02  1.4024E-01  2.6490E-02
  1.1137E+02  1.4015E-01  2.6558E-02
  1.1174E+02  1.4005E-01  2.6626E-02
  1.1211E+02  1.3994E-01  2.6693E-02
  1.1248E+02  1.3984E-01  2.6761E-02
  1.1285E+02  1.3973E-01  2.6828E-02
  1.1322E+02  1.3962E-01  2.6894E-02
  1.1359E+02  1.3951E-01  2.6961E-02
  1.1396E+02  1.3940E-01  2.7028E-02
  1.1433E+02  1.3929E-01  2.7095E-02
  1.1470E+02  1.3918E-01  2.7162E-02
  1.1507E+02  1.3908E-01  2.7229E-02
  1.1544E+02  1.3897E-01  2.7296E-02
  1.1581E+02  1.3886E-01  2.7363E-02
  1.1618E+02  1.3876E-01  2.7431E-02
  1.1655E+02  1.3866E-01  2.7498E-02
  1.1692E+02  1.3855E-01  2.7566E-02
  1.1729E+02  1.3845E-01  2.7635E-02
  1.1766E+02  1.3835E-01  2.7703E-02
  1.1803E+02  1.3825E-01  2.7773E-02
  1.1840E+02  1.3815E-01  2.7842E-02
  1.1877E+02  1.3805E-01  2.7911E-02
  1.1914E+02  1.3795E-01  2.7979E-02
  1.1951E+02  1.3784E-01  2.8046E-02
  1.1988E+02  1.3773E-01  2.8111E-02
  1.2025E+02  1.3761E-01  2.8175E-02
  1.2062E+02  1.3749E-01  2.8238E-02
  1.2099E+02  1.3737E-01  2.8300E-02
  1.2136E+02  1.3725E-01  2.8362E-02
  1.2173E+02  1.3713E-01  2.8423E-02
  1.2210E+02  1.3702E-01  2.8486E-02
  1.2247E+02  1.3691E-01  2.8549E-02
  1.2284E+02  1.3680E-01  2.8612E-02
  1.2321E+02  1.3669E-01  2.8675E-02
  1.2358E+02  1.3659E-01  2.8739E-02
  1.2395E+02  1.3648E-01  2.8803E-02
  1.2432E+02  1.3638E-01  2.8867E-02
  1.2469E+02  1.3628E-01  2.8931E-02
  1.2506E+02  1.3618E-01  2.8996E-02
  1.2543E+02  1.3608E-01  2.9061E-02
  1.2580E+02  1.3598E-01  2.9126E-02
  1.2617E+02  1.3588E-01  2.9191E-02
  1.2654E+02  1.3578E-01  2.9257E-02
  1.2691E+02  1.3568E-01  2.9322E-02
  1.2728E+02  1.3558E-01  2.9388E-02
  1.2765E+02  1.3547E-01  2.9453E-02
  1.2802E+02  1.3537E-01  2.9517E-02
  1.2839E+02  1.3526E-01  2.9581E-02
  1.2876E+02  1.3515E-01  2.9645E-02
  1.2913E+02  1.3504E-01  2.9707E-02
  1.2950E+02  1.3492E-01  2.9770E-02
  1.2987E+02  1.3481E-01  2.9832E-02
  1.3024E+02  1.3469E-01  2.9895E-02
  1.3061E+02  1.3457E-01  2.9957E-02
  1.3098E+02  1.3446E-01  3.0019E-02
  1.3135E+02  1.3434E-01  3.0081E-02
  1.3172E+02  1.3422E-01  3.0142E-02
  1.3209E+02  1.3410E-01  3.0203E-02
  1.3246E+02  1.3399E-01  3.0264E-02
  1.3283E+02  1.3387E-01  3.0323E-02
  1.3320E+02  1.3375E-01  3.0383E-02
  1.3357E+02  1.3363E-01  3.0442E-02
  1.3394E+02  1.3351E-01  3.0501E-02
  1.3431E+02  1.3340E-01  3.0560E-02
  1.3468E+02  1.3328E-01  3.0620E-02
  1.3505E+02  1.3317E-01  3.0680E-02
  1.3542E+02  1.3307E-01  3.0742E-02
  1.3579E+02  1.3296E-01  3.0804E-02
  1.3616E+02  1.3285E-01  3.0866E-02
  1.3653E+02  1.3275E-01  3.0928E-02
  1.3690E+02  1.3265E-01  3.0989E-02
  1.3727E+02  1.3254E-01  3.1050E-02
  1.3764E+02  1.3243E-01  3.1110E-02
  1.3801E+02  1.3232E-01  3.1169E-02
  1.3838E+02  1.3221E-01  3.1227E-02
  1.3875E+02  1.3210E-01  3.1284E-02
  1.3912E+02  1.3199E-01  3.1341E-02
  1.3949E+02  1.3188E-01  3.1398E-02
  1.3986E+02  1.3176E-01  3.1455E-02
  1.4023E+02  1.3166E-01  3.1513E-02
  1.4060E+02  1.3155E-01  3.1572E-02
  1.4097E+02  1.3145E-01  3.1633E-02
  1.4134E+02  1.3135E-01  3.1694E-02
  1.4171E+02  1.3125E-01  3.1755E-02
  1.4208E+02  1.3115E-01  3.1816E-02
  1.4245E+02  1.3105E-01  3.1877E-02
  1.4282E+02  1.3095E-01  3.1938E-02
  1.4319E+02  1.3084E-01  3.1997E-02
  1.4356E+02  1.3074E-01  3.2055E-02
  1.4393E+02  1.3063E-01  3.2112E-02
  1.4430E+02  1.3052E-01  3.2169E-02
  1.4467E+02  1.3040E-01  3.2225E-02
  1.4504E+02  1.3029E-01  3.2282E-02
  1.4541E+02  1.3018E-01  3.2338E-02
  1.4578E+02  1.3007E-01  3.2396E-02
  1.4615E+02  1.2997E-01  3.2454E-02
  1.4652E+02  1.2986E-01  3.2513E-02
  1.4689E+02  1.2976E-01  3.2573E-02
  1.4726E+02  1.2967E-01  3.2634E-02
  1.4763E+02  1.2958E-01  3.2696E-02
  1.4800E+02  1.2949E-01  3.2758E-02
  1.4837E+02  1.2940E-01  3.2821E-02
  1.4874E+02  1.2931E-01  3.2883E-02
  1.4911E+02  1.2922E-01  3.2946E-02
  1.4948E+02  1.2912E-01  3.3007E-02
  1.4985E+02  1.2903E-01  3.3067E-02
  1.5022E+02  1.2892E-01  3.3126E-02
  1.5059E+02  1.2882E-01  3.3183E-02
  1.5096E+02  1.2871E-01  3.3240E-02
  1.5133E+02  1.2860E-01  3.3295E-02
  1.5170E+02  1.2848E-01  3.3351E-02
  1.5207E+02  1.2837E-01  3.3406E-02
  1.5244E+02  1.2825E-01  3.3462E-02
  1.5281E+02  1.2814E-01  3.3518E-02
  1.5318E+02  1.2803E-01  3.3575E-02
  1.5355E+02  1.2793E-01  3.3632E-02
  1.5392E+02  1.2783E-01  3.3690E-02
  1.5429E+02  1.2773E-01  3.3749E-02
  1.5466E+02  1.2764E-01  3.3808E-02
  1.5503E+02  1.2755E-01  3.3867E-02
  1.5540E+02  1.2746E-01  3.3927E-02
  1.5577E+02  1.2737E-01  3.3986E-02
  1.5614E+02  1.2729E-01  3.4046E-02
  1.5651E+02  1.2721E-01  3.4105E-02
  1.5688E+02  1.2713E-01  3.4164E-02
  1.5725E+02  1.2705E-01  3.4223E-02
  1.5762E+02  1.2697E-01  3.4282E-02
  1.5799E+02  1.2688E-01  3.4340E-02
  1.5836E+02  1.2680E-01  3.4398E-02
  1.5873E+02  1.2671E-01  3.4455E-02
  1.5910E+02  1.2662E-01  3.4512E-02
  1.5947E+02  1.2653E-01  3.4568E-02
  1.5984E+02  1.2644E-01  3.4624E-02
  1.6021E+02  1.2634E-01  3.4679E-02
  1.6058E+02  1.2625E-01  3.4734E-02
  1.6095E+02  1.2616E-01  3.4790E-02
  1.6132E+02  1.2606E-01  3.4845E-02
  1.6169E+02  1.2597E-01  3.4900E-02
  1.6206E+02  1.2588E-01  3.4956E-02
  1.6243E+02  1.2579E-01  3.5012E-02
  1.6280E+02  1.2570E-01  3.5068E-02
  1.6317E+02  1.2561E-01  3.5124E-02
  1.6354E+02  1.2553E-01  3.5180E-02
  1.6391E+02  1.2544E-01  3.5237E-02
  1.6428E+02  1.2536E-01  3.5293E-02
  1.6465E+02  1.2527E-01  3.5349E-02
  1.6502E+02  1.2518E-01  3.5405E-02
  1.6539E+02  1.2510E-01  3.5461E-02
  1.6576E+02  1.2501E-01  3.5516E-02
  1.6613E+02  1.2492E-01  3.5572E-02
  1.6650E+02  1.2483E-01  3.5626E-02
  1.6687E+02  1.2475E-01  3.5681E-02
  1.6724E+02  1.2466E-01  3.5736E-02
  1.6761E+02  1.2457E-01  3.5791E-02
  1.6798E+02  1.2448E-01  3.5845E-02
  1.6835E+02  1.2440E-01  3.5900E-02
  1.6872E+02  1.2431E-01  3.5955E-02
  1.6909E+02  1.2423E-01  3.6010E-02
  1.6946E+02  1.2414E-01  3.6065E-02
  1.6983E+02  1.2405E-01  3.6121E-02
  1.7020E+02  1.2397E-01  3.6176E-02
  1.7057E+02  1.2388E-01  3.6231E-02
  1.7094E+02  1.2380E-01  3.6286E-02
  1.7131E+02  1.2371E-01  3.6341E-02
  1.7168E+02  1.2363E-01  3.6395E-02
  1.7205E+02  1.2354E-01  3.6449E-02
  1.7242E+02  1.2345E-01  3.6503E-02
  1.7279E+02  1.2336E-01  3.6557E-02
  1.7316E+02  1.2328E-01  3.6611E-02
  1.7353E+02  1.2319E-01  3.6665E-02
  1.7390E+02  1.2310E-01  3.6718E-02
  1.7427E+02  1.2302E-01  3.6772E-02
  1.7464E+02  1.2293E-01  3.6825E-02
  1.7501E+02  1.2284E-01  3.6879E-02
  1.7538E+02  1.2276E-01  3.6932E-02
  1.7575E+02  1.2267E-01  3.6985E-02
  1.7612E+02  1.2258E-01  3.7038E-02
  1.7649E+02  1.2250E-01  3.7091E-02
  1.7686E+02  1.2241E-01  3.7145E-02
  1.7723E+02  1.2233E-01  3.7198E-02
  1.7760E+02  1.2224E-01  3.7251E-02
  1.7797E+02  1.2216E-01  3.7305E-02
  1.7834E+02  1.2207E-01  3.7358E-02
  1.7871E+02  1.2199E-01  3.7412E-02
  1.7908E+02  1.2190E-01  3.7465E-02
  1.7945E+02  1.2182E-01  3.7518E-02
  1.7982E+02  1.2173E-01  3.7571E-02
  1.8019E+02  1.2164E-01  3.7624E-02
  1.8056E+02  1.2156E-01  3.7676E-02
  1.8093E+02  1.2147E-01  3.7728E-02
  1.8130E+02  1.2139E-01  3.7780E-02
  1.8167E+02  1.2130E-01  3.7832E-02
  1.8204E+02  1.2121E-01  3.7884E-02
  1.8241E+02  1.2113E-01  3.7936E-02
  1.8278E+02  1.2104E-01  3.7988E-02
  1.8315E+02  1.2096E-01  3.8040E-02
  1.8352E+02  1.2087E-01  3.8092E-02
  1.8389E+02  1.2079E-01  3.8145E-02
  1.8426E+02  1.2071E-01  3.8197E-02
  1.8463E+02  1.2062E-01  3.8250E-02
  1.8500E+02  1.2054E-01  3.8302E-02
  1.8537E+02  1.2046E-01  3.8355E-02
  1.8574E+02  1.2037E-01  3.8407E-02
  1.8611E+02  1.2029E-01  3.8458E-02
  1.8648E+02  1.2020E-01  3.8510E-02
  1.8685E+02  1.2012E-01  3.8561E-02
  1.8722E+02  1.2003E-01  3.8612E-02
  1.8759E+02  1.1995E-01  3.8664E-02
  1.8796E+02  1.1987E-01  3.8715E-02
  1.8833E+02  1.1978E-01  3.8766E-02
  1.8870E+02  1.1970E-01  3.8818E-02
  1.8907E+02  1.1962E-01  3.8869E-02
  1.8944E+02  1.1953E-01  3.8921E-02
  1.8981E+02  1.1945E-01  3.8972E-02
  1.9018E+02  1.1937E-01  3.9024E-02
  1.9055E+02  1.1928E-01  3.9075E-02
  1.9092E+02  1.1920E-01  3.9126E-02
  1.9129E+02  1.1912E-01  3.9177E-02
  1.9166E+02  1.1903E-01  3.9227E-02
  1.9203E+02  1.1895E-01  3.9278E-02
  1.9240E+02  1.1886E-01  3.9328E-02
  1.9277E+02  1.1878E-01  3.9378E-02
  1.9314E+02  1.1870E-01  3.9428E-02
  1.9351E+02  1.1861E-01  3.9478E-02
  1.9388E+02  1.1853E-01  3.9529E-02
  1.9425E+02  1.1845E-01  3.9579E-02
  1.9462E+02  1.1836E-01  3.9630E-02
  1.9499E+02  1.1828E-01  3.9680E-02
  1.9536E+02  1.1820E-01  3.9731E-02
  1.9573E+02  1.1812E-01  3.9782E-02
  1.9610E+02  1.1803E-01  3.9833E-02
  1.9647E+02  1.1795E-01  3.9884E-02
  1.9684E+02  1.1787E-01  3.9934E-02
  1.9721E+02  1.1778E-01  3.9985E-02
  1.9758E+02  1.1770E-01  4.0035E-02
  1.9795E+02  1.1761E-01  4.0084E-02
  1.9832E+02  1.1753E-01  4.0134E-02
  1.9869E+02  1.1744E-01  4.0183E-02
  1.9906E+02  1.1735E-01  4.0232E-02
  1.9943E+02  1.1726E-01  4.0281E-02
  1.9980E+02  1.1717E-01  4.0329E-02
  2.0017E+02  1.1708E-01  4.0378E-02
  2.0054E+02  1.1699E-01  4.0426E-02
  2.0091E+02  1.1690E-01  4.0475E-02
  2.0128E+02  1.1681E-01  4.0524E-02
  2.0165E+02  1.1672E-01  4.0572E-02
  2.0202E+02  1.1663E-01  4.0621E-02
  2.0239E+02  1.1655E-01  4.0671E-02
  2.0276E+02  1.1646E-01  4.0720E-02
  2.0313E+02  1.1637E-01  4.0769E-02
  2.0350E+02  1.1628E-01  4.0818E-02
  2.0387E+02  1.1620E-01  4.0867E-02
  2.0424E+02  1.1611E-01  4.0916E-02
  2.0461E+02  1.1602E-01  4.0965E-02
  2.0498E+02  1.1594E-01  4.1014E-02
  2.0535E+02  1.1585E-01  4.1062E-02
  2.0572E+02  1.1576E-01  4.1110E-02
  2.0609E+02  1.1567E-01  4.1158E-02
  2.0646E+02  1.1558E-01  4.1206E-02
  2.0683E+02  1.1549E-01  4.1253E-02
  2.0720E+02  1.1540E-01  4.1300E-02
  2.0757E+02  1.1531E-01  4.1348E-02
  2.0794E+02  1.1523E-01  4.1395E-02
  2.0831E+02  1.1514E-01  4.1442E-02
  2.0868E+02  1.1505E-01  4.1490E-02
  2.0905E+02  1.1496E-01  4.1537E-02
  2.0942E+02  1.1488E-01  4.1584E-02
  2.0979E+02  1.1479E-01  4.1632E-02
  2.1016E+02  1.1470E-01  4.1679E-02
  2.1053E+02  1.1462E-01  4.1727E-02
  2.1090E+02  1.1454E-01  4.1774E-02
  2.1127E+02  1.1445E-01  4.1821E-02
  2.1164E+02  1.1437E-01  4.1869E-02
  2.1201E+02  1.1429E-01  4.1916E-02
  2.1238E+02  1.1421E-01  4.1963E-02
  2.1275E+02  1.1413E-01  4.2011E-02
  2.1312E+02  1.1405E-01  4.2058E-02
  2.1349E+02  1.1397E-01  4.2105E-02
  2.1386E+02  1.1389E-01  4.2151E-02
  2.1423E+02  1.1381E-01  4.2198E-02
  2.1460E+02  1.1373E-01  4.2245E-02
  2.1497E+02  1.1365E-01  4.2291E-02
  2.1534E+02  1.1357E-01  4.2338E-02
  2.1571E+02  1.1349E-01  4.2384E-02
  2.1608E+02  1.1341E-01  4.2431E-02
  2.1645E+02  1.1334E-01  4.2477E-02
  2.1682E+02  1.1326E-01  4.2524E-02
  2.1719E+02  1.1318E-01  4.2570E-02
  2.1756E+02  1.1310E-01  4.2617E-02
  2.1793E+02  1.1303E-01  4.2663E-02
  2.1830E+02  1.1295E-01  4.2709E-02
  2.1867E+02  1.1287E-01  4.2755E-02
  2.1904E+02  1.1279E-01  4.2801E-02
  2.1941E+02  1.1272E-01  4.2847E-02
  2.1978E+02  1.1264E-01  4.2893E-02
  2.2015E+02  1.1256E-01  4.2939E-02
  2.2052E+02  1.1248E-01  4.2985E-02
  2.2089E+02  1.1240E-01  4.3031E-02
  2.2126E+02  1.1233E-01  4.3076E-02
  2.2163E+02  1.1225E-01  4.3122E-02
  2.2200E+02  1.1217E-01  4.3167E-02
  2.2237E+02  1.1209E-01  4.3213E-02
  2.2274E+02  1.1201E-01  4.3258E-02
  2.2311E+02  1.1193E-01  4.3303E-02
  2.2348E+02  1.1185E-01  4.3348E-02
  2.2385E+02  1.1177E-01  4.3393E-02
  2.2422E+02  1.1169E-01  4.3438E-02
  2.2459E+02  1.1160E-01  4.3483E-02
  2.2496E+02  1.1152E-01  4.3528E-02
  2.2533E+02  1.1144E-01  4.3572E-02
  2.2570E+02  1.1135E-01  4.3617E-02
  2.2607E+02  1.1127E-01  4.3661E-02
  2.2644E+02  1.1119E-01  4.3705E-02
  2.2681E+02  1.1110E-01  4.3749E-02
  2.2718E+02  1.1102E-01  4.3793E-02
  2.2755E+02  1.1093E-01  4.3837E-02
  2.2792E+02  1.1084E-01  4.3881E-02
  2.2829E+02  1.1076E-01  4.3925E-02
  2.2866E+02  1.1067E-01  4.3968E-02
  2.2903E+02  1.1058E-01  4.4012E-02
  2.2940E+02  1.1050E-01  4.4055E-02
  2.2977E+02  1.1041E-01  4.4098E-02
  2.3014E+02  1.1032E-01  4.4142E-02
  2.3051E+02  1.1023E-01  4.4185E-02
  2.3088E+02  1.1015E-01  4.4228E-02
  2.3125E+02  1.1006E-01  4.4271E-02
  2.3162E+02  1.0997E-01  4.4314E-02
  2.3199E+02  1.0988E-01  4.4357E-02
  2.3236E+02  1.0979E-01  4.4400E-02
  2.3273E+02  1.0971E-01  4.4442E-02
  2.3310E+02  1.0962E-01  4.4485E-02
  2.3347E+02  1.0953E-01  4.4528E-02
  2.3384E+02  1.0944E-01  4.4570E-02
  2.3421E+02  1.0935E-01  4.4612E-02
  2.3458E+02  1.0926E-01  4.4654E-02
  2.3495E+02  1.0918E-01  4.4696E-02
  2.3532E+02  1.0909E-01  4.4739E-02
  2.3569E+02  1.0900E-01  4.4781E-02
  2.3606E+02  1.0892E-01  4.4823E-02
  2.3643E+02  1.0883E-01  4.4865E-02
  2.3680E+02  1.0874E-01  4.4907E-02
  2.3717E+02  1.0866E-01  4.4949E-02
  2.3754E+02  1.0857E-01  4.4991E-02
  2.3791E+02  1.0849E-01  4.5033E-02
  2.3828E+02  1.0841E-01  4.5075E-02
  2.3865E+02  1.0832E-01  4.5117E-02
  2.3902E+02  1.0824E-01  4.5159E-02
  2.3939E+02  1.0816E-01  4.5201E-02
  2.3976E+02  1.0807E-01  4.5243E-02
  2.4013E+02  1.0799E-01  4.5284E-02
  2.4050E+02  1.0791E-01  4.5326E-02
  2.4087E+02  1.0783E-01  4.5367E-02
  2.4124E+02  1.0775E-01  4.5409E-02
  2.4161E+02  1.0767E-01  4.5450E-02
  2.4198E+02  1.0759E-01  4.5491E-02
  2.4235E+02  1.0751E-01  4.5533E-02
  2.4272E+02  1.0743E-01  4.5574E-02
  2.4309E+02  1.0735E-01  4.5616E-02
  2.4346E+02  1.0727E-01  4.5657E-02
  2.4383E+02  1.0720E-01  4.5699E-02
  2.4420E+02  1.0712E-01  4.5740E-02
  2.4457E+02  1.0704E-01  4.5782E-02
  2.4494E+02  1.0697E-01  4.5823E-02
  2.4531E+02  1.0689E-01  4.5865E-02
  2.4568E+02  1.0682E-01  4.5906E-02
  2.4605E+02  1.0674E-01  4.5947E-02
  2.4642E+02  1.0667E-01  4.5988E-02
  2.4679E+02  1.0659E-01  4.6029E-02
  2.4716E+02  1.0651E-01  4.6070E-02
  2.4753E+02  1.0644E-01  4.6111E-02
  2.4790E+02  1.0637E-01  4.6152E-02
  2.4827E+02  1.0629E-01  4.6193E-02
  2.4864E+02  1.0622E-01  4.6234E-02
  2.4901E+02  1.0614E-01  4.6275E-02
  2.4938E+02  1.0607E-01  4.6315E-02
  2.4975E+02  1.0599E-01  4.6356E-02
  2.5012E+02  1.0592E-01  4.6397E-02
  2.5049E+02  1.0584E-01  4.6438E-02
  2.5086E+02  1.0577E-01  4.6478E-02
  2.5123E+02  1.0570E-01  4.6519E-02
  2.5160E+02  1.0562E-01  4.6560E-02
  2.5197E+02  1.0555E-01  4.6600E-02
  2.5234E+02  1.0547E-01  4.6640E-02
  2.5271E+02  1.0540E-01  4.6681E-02
  2.5308E+02  1.0532E-01  4.6721E-02
  2.5345E+02  1.0524E-01  4.6761E-02
  2.5382E+02  1.0517E-01  4.6801E-02
  2.5419E+02  1.0509E-01  4.6840E-02
  2.5456E+02  1.0501E-01  4.6880E-02
  2.5493E+02  1.0494E-01  4.6920E-02
  2.5530E+02  1.0486E-01  4.6959E-02
  2.5567E+02  1.0478E-01  4.6999E-02
  2.5604E+02  1.0470E-01  4.7038E-02
  2.5641E+02  1.0462E-01  4.7077E-02
  2.5678E+02  1.0455E-01  4.7117E-02
  2.5715E+02  1.0447E-01  4.7156E-02
  2.5752E+02  1.0439E-01  4.7195E-02
  2.5789E+02  1.0431E-01  4.7234E-02
  2.5826E+02  1.0423E-01  4.7273E-02
  2.5863E+02  1.0415E-01  4.7312E-02
  2.5900E+02  1.0407E-01  4.7351E-02
  2.5937E+02  1.0399E-01  4.7390E-02
  2.5974E+02  1.0391E-01  4.7428E-02
  2.6011E+02  1.0383E-01  4.7467E-02
  2.6048E+02  1.0375E-01  4.7505E-02
  2.6085E+02  1.0367E-01  4.7544E-02
  2.6122E+02  1.0359E-01  4.7582E-02
  2.6159E+02  1.0351E-01  4.7620E-02
  2.6196E+02  1.0343E-01  4.7658E-02
  2.6233E+02  1.0335E-01  4.7696E-02
  2.6270E+02  1.0326E-01  4.7734E-02
  2.6307E+02  1.0318E-01  4.7772E-02
  2.6344E+02  1.0310E-01  4.7809E-02
  2.6381E+02  1.0302E-01  4.7847E-02
  2.6418E+02  1.0294E-01  4.7885E-02
  2.6455E+02  1.0285E-01  4.7922E-02
  2.6492E+02  1.0277E-01  4.7960E-02
  2.6529E+02  1.0269E-01  4.7997E-02
  2.6566E+02  1.0261E-01  4.8034E-02
  2.6603E+02  1.0253E-01  4.8072E-02
  2.6640E+02  1.0244E-01  4.8109E-02
  2.6677E+02  1.0236E-01  4.8146E-02
  2.6714E+02  1.0228E-01  4.8183E-02
  2.6751E+02  1.0220E-01  4.8220E-02
  2.6788E+02  1.0212E-01  4.8257E-02
  2.6825E+02  1.0204E-01  4.8294E-02
  2.6862E+02  1.0196E-01  4.8331E-02
  2.6899E+02  1.0187E-01  4.8368E-02
  2.6936E+02  1.0179E-01  4.8405E-02
  2.6973E+02  1.0171E-01  4.8441E-02
  2.7010E+02  1.0163E-01  4.8478E-02
  2.7047E+02  1.0155E-01  4.8515E-02
  2.7084E+02  1.0147E-01  4.8551E-02
  2.7121E+02  1.0139E-01  4.8588E-02
  2.7158E+02  1.0131E-01  4.8624E-02
  2.7195E+02  1.0123E-01  4.8661E-02
  2.7232E+02  1.0115E-01  4.8697E-02
  2.7269E+02  1.0107E-01  4.8733E-02
  2.7306E+02  1.0100E-01  4.8770E-02
  2.7343E+02  1.0092E-01  4.8806E-02
  2.7380E+02  1.0084E-01  4.8842E-02
  2.7417E+02  1.0076E-01  4.8878E-02
  2.7454E+02  1.0068E-01  4.8915E-02
  2.7491E+02  1.0061E-01  4.8951E-02
  2.7528E+02  1.0053E-01  4.8987E-02
  2.7565E+02  1.0045E-01  4.9023E-02
  2.7602E+02  1.0037E-01  4.9059E-02
  2.7639E+02  1.0030E-01  4.9095E-02
  2.7676E+02  1.0022E-01  4.9131E-02
  2.7713E+02  1.0014E-01  4.9167E-02
  2.7750E+02  1.0007E-01  4.9203E-02
  2.7787E+02  9.9988E-02  4.9238E-02
  2.7824E+02  9.9912E-02  4.9274E-02
  2.7861E+02  9.9835E-02  4.9310E-02
  2.7898E+02  9.9759E-02  4.9346E-02
  2.7935E+02  9.9683E-02  4.9382E-02
  2.7972E+02  9.9606E-02  4.9417E-02
  2.8009E+02  9.9530E-02  4.9453E-02
  2.8046E+02  9.9454E-02  4.9488E-02
  2.8083E+02  9.9378E-02  4.9524E-02
  2.8120E+02  9.9302E-02  4.9560E-02
  2.8157E+02  9.9226E-02  4.9595E-02
  2.8194E+02  9.9150E-02  4.9630E-02
  2.8231E+02  9.9074E-02  4.9666E-02
  2.8268E+02  9.8998E-02  4.9701E-02
  2.8305E+02  9.8922E-02  4.9736E-02
  2.8342E+02  9.8846E-02  4.9772E-02
  2.8379E+02  9.8771E-02  4.9807E-02
  2.8416E+02  9.8695E-02  4.9842E-02
  2.8453E+02  9.8619E-02  4.9877E-02
  2.8490E+02  9.8544E-02  4.9912E-02
  2.8527E+02  9.8468E-02  4.9947E-02
  2.8564E+02  9.8393E-02  4.9982E-02
  2.8601E+02  9.8317E-02  5.0017E-02
  2.8638E+02  9.8242E-02  5.0052E-02
  2.8675E+02  9.8166E-02  5.0087E-02
  2.8712E+02  9.8091E-02  5.0122E-02
  2.8749E+02  9.8016E-02  5.0157E-02
  2.8786E+02  9.7941E-02  5.0191E-02
  2.8823E+02  9.7865E-02  5.0226E-02
  2.8860E+02  9.7790E-02  5.0261E-02
  2.8897E+02  9.7715E-02  5.0295E-02
  2.8934E+02  9.7640E-02  5.0329E-02
  2.8971E+02  9.7565E-02  5.0364E-02
  2.9008E+02  9.7490E-02  5.0398E-02
  2.9045E+02  9.7415E-02  5.0432E-02
  2.9082E+02  9.7340E-02  5.0467E-02
  2.9119E+02  9.7265E-02  5.0501E-02
  2.9156E+02  9.7190E-02  5.0535E-02
  2.9193E+02  9.7115E-02  5.0569E-02
  2.9230E+02  9.7041E-02  5.0603E-02
  2.9267E+02  9.6966E-02  5.0637E-02
  2.9304E+02  9.6891E-02  5.0671E-02
  2.9341E+02  9.6816E-02  5.0704E-02
  2.9378E+02  9.6742E-02  5.0738E-02
  2.9415E+02  9.6667E-02  5.0772E-02
  2.9452E+02  9.6592E-02  5.0805E-02
  2.9489E+02  9.6518E-02  5.0838E-02
  2.9526E+02  9.6443E-02  5.0872E-02
  2.9563E+02  9.6368E-02  5.0905E-02
  2.9600E+02  9.6294E-02  5.0938E-02
  2.9637E+02  9.6219E-02  5.0971E-02
  2.9674E+02  9.6145E-02  5.1004E-02
  2.9711E+02  9.6070E-02  5.1037E-02
  2.9748E+02  9.5996E-02  5.1070E-02
  2.9785E+02  9.5922E-02  5.1103E-02
  2.9822E+02  9.5848E-02  5.1136E-02
  2.9859E+02  9.5773E-02  5.1169E-02
  2.9896E+02  9.5699E-02  5.1201E-02
  2.9933E+02  9.5625E-02  5.1234E-02
  2.9970E+02  9.5551E-02  5.1267E-02
  3.0007E+02  9.5478E-02  5.1299E-02
  3.0044E+02  9.5404E-02  5.1331E-02
  3.0081E+02  9.5330E-02  5.1363E-02
  3.0118E+02  9.5256E-02  5.1396E-02
  3.0155E+02  9.5182E-02  5.1428E-02
  3.0192E+02  9.5109E-02  5.1460E-02
  3.0229E+02  9.5035E-02  5.1492E-02
  3.0266E+02  9.4961E-02  5.1523E-02
  3.0303E+02  9.4888E-02  5.1555E-02
  3.0340E+02  9.4814E-02  5.1587E-02
  3.0377E+02  9.4741E-02  5.1618E-02
  3.0414E+02  9.4667E-02  5.1650E-02
  3.0451E+02  9.4594E-02  5.1682E-02
  3.0488E+02  9.4520E-02  5.1713E-02
  3.0525E+02  9.4447E-02  5.1744E-02
  3.0562E+02  9.4373E-02  5.1776E-02
  3.0599E+02  9.4300E-02  5.1807E-02
  3.0636E+02  9.4226E-02  5.1838E-02
  3.0673E+02  9.4152E-02  5.1869E-02
  3.0710E+02  9.4079E-02  5.1900E-02
  3.0747E+02  9.4005E-02  5.1931E-02
  3.0784E+02  9.3931E-02  5.1962E-02
  3.0821E+02  9.3857E-02  5.1993E-02
  3.0858E+02  9.3783E-02  5.2024E-02
  3.0895E+02  9.3709E-02  5.2055E-02
  3.0932E+02  9.3635E-02  5.2085E-02
  3.0969E+02  9.3560E-02  5.2116E-02
  3.1006E+02  9.3486E-02  5.2146E-02
  3.1043E+02  9.3411E-02  5.2177E-02
  3.1080E+02  9.3337E-02  5.2207E-02
  3.1117E+02  9.3262E-02  5.2238E-02
  3.1154E+02  9.3187E-02  5.2268E-02
  3.1191E+02  9.3111E-02  5.2298E-02
  3.1228E+02  9.3036E-02  5.2329E-02
  3.1265E+02  9.2961E-02  5.2359E-02
  3.1302E+02  9.2885E-02  5.2389E-02
  3.1339E+02  9.2810E-02  5.2419E-02
  3.1376E+02  9.2734E-02  5.2449E-02
  3.1413E+02  9.2658E-02  5.2479E-02
  3.1450E+02  9.2582E-02  5.2509E-02
  3.1487E+02  9.2506E-02  5.2539E-02
  3.1524E+02  9.2430E-02  5.2569E-02
  3.1561E+02  9.2354E-02  5.2598E-02
  3.1598E+02  9.2277E-02  5.2628E-02
  3.1635E+02  9.2201E-02  5.2658E-02
  3.1672E+02  9.2124E-02  5.2688E-02
  3.1709E+02  9.2048E-02  5.2717E-02
  3.1746E+02  9.1971E-02  5.2747E-02
  3.1783E+02  9.1895E-02  5.2776E-02
  3.1820E+02  9.1818E-02  5.2806E-02
  3.1857E+02  9.1741E-02  5.2835E-02
  3.1894E+02  9.1665E-02  5.2865E-02
  3.1931E+02  9.1588E-02  5.2894E-02
  3.1968E+02  9.1511E-02  5.2923E-02
  3.2005E+02  9.1435E-02  5.2953E-02
  3.2042E+02  9.1358E-02  5.2982E-02
  3.2079E+02  9.1281E-02  5.3011E-02
  3.2116E+02  9.1205E-02  5.3040E-02
  3.2153E+02  9.1128E-02  5.3069E-02
  3.2190E+02  9.1052E-02  5.3098E-02
  3.2227E+02  9.0976E-02  5.3127E-02
  3.2264E+02  9.0899E-02  5.3156E-02
  3.2301E+02  9.0823E-02  5.3185E-02
  3.2338E+02  9.0747E-02  5.3214E-02
  3.2375E+02  9.0671E-02  5.3243E-02
  3.2412E+02  9.0596E-02  5.3272E-02
  3.2449E+02  9.0520E-02  5.3300E-02
  3.2486E+02  9.0445E-02  5.3329E-02
  3.2523E+02  9.0369E-02  5.3357E-02
  3.2560E+02  9.0294E-02  5.3386E-02
  3.2597E+02  9.0219E-02  5.3415E-02
  3.2634E+02  9.0145E-02  5.3443E-02
  3.2671E+02  9.0070E-02  5.3471E-02
  3.2708E+02  8.9996E-02  5.3500E-02
  3.2745E+02  8.9922E-02  5.3528E-02
  3.2782E+02  8.9848E-02  5.3556E-02
  3.2819E+02  8.9774E-02  5.3584E-02
  3.2856E+02  8.9701E-02  5.3613E-02
  3.2893E+02  8.9627E-02  5.3641E-02
  3.2930E+02  8.9554E-02  5.3669E-02
  3.2967E+02  8.9482E-02  5.3697E-02
  3.3004E+02  8.9409E-02  5.3725E-02
  3.3041E+02  8.9337E-02  5.3753E-02
  3.3078E+02  8.9265E-02  5.3780E-02
  3.3115E+02  8.9193E-02  5.3808E-02
  3.3152E+02  8.9122E-02  5.3836E-02
  3.3189E+02  8.9050E-02  5.3864E-02
  3.3226E+02  8.8979E-02  5.3891E-02
  3.3263E+02  8.8909E-02  5.3919E-02
  3.3300E+02  8.8838E-02  5.3946E-02
  3.3337E+02  8.8768E-02  5.3974E-02
  3.3374E+02  8.8698E-02  5.4001E-02
  3.3411E+02  8.8628E-02  5.4028E-02
  3.3448E+02  8.8558E-02  5.4056E-02
  3.3485E+02  8.8489E-02  5.4083E-02
  3.3522E+02  8.8420E-02  5.4110E-02
  3.3559E+02  8.8351E-02  5.4137E-02
  3.3596E+02  8.8282E-02  5.4164E-02
  3.3633E+02  8.8213E-02  5.4191E-02
  3.3670E+02  8.8144E-02  5.4218E-02
  3.3707E+02  8.8076E-02  5.4245E-02
  3.3744E+02  8.8008E-02  5.4272E-02
  3.3781E+02  8.7940E-02  5.4298E-02
  3.3818E+02  8.7871E-02  5.4325E-02
  3.3855E+02  8.7804E-02  5.4352E-02
  3.3892E+02  8.7736E-02  5.4378E-02
  3.3929E+02  8.7668E-02  5.4405E-02
  3.3966E+02  8.7600E-02  5.4432E-02
  3.4003E+02  8.7532E-02  5.4458E-02
  3.4040E+02  8.7465E-02  5.4484E-02
  3.4077E+02  8.7397E-02  5.4511E-02
  3.4114E+02  8.7329E-02  5.4537E-02
  3.4151E+02  8.7262E-02  5.4563E-02
  3.4188E+02  8.7194E-02  5.4589E-02
  3.4225E+02  8.7126E-02  5.4615E-02
  3.4262E+02  8.7058E-02  5.4641E-02
  3.4299E+02  8.6991E-02  5.4667E-02
  3.4336E+02  8.6923E-02  5.4693E-02
  3.4373E+02  8.6855E-02  5.4719E-02
  3.4410E+02  8.6787E-02  5.4745E-02
  3.4447E+02  8.6718E-02  5.4771E-02
  3.4484E+02  8.6650E-02  5.4797E-02
  3.4521E+02  8.6582E-02  5.4822E-02
  3.4558E+02  8.6513E-02  5.4848E-02
  3.4595E+02  8.6444E-02  5.4873E-02
  3.4632E+02  8.6375E-02  5.4899E-02
  3.4669E+02  8.6306E-02  5.4924E-02
  3.4706E+02  8.6237E-02  5.4950E-02
  3.4743E+02  8.6168E-02  5.4975E-02
  3.4780E+02  8.6098E-02  5.5000E-02
  3.4817E+02  8.6029E-02  5.5026E-02
  3.4854E+02  8.5959E-02  5.5051E-02
  3.4891E+02  8.5889E-02  5.5076E-02
  3.4928E+02  8.5819E-02  5.5101E-02
  3.4965E+02  8.5748E-02  5.5126E-02
  3.5002E+02  8.5678E-02  5.5151E-02
  3.5039E+02  8.5607E-02  5.5176E-02
  3.5076E+02  8.5536E-02  5.5201E-02
  3.5113E+02  8.5465E-02  5.5226E-02
  3.5150E+02  8.5394E-02  5.5251E-02
  3.5187E+02  8.5322E-02  5.5275E-02
  3.5224E+02  8.5251E-02  5.5300E-02
  3.5261E+02  8.5179E-02  5.5325E-02
  3.5298E+02  8.5107E-02  5.5349E-02
  3.5335E+02  8.5036E-02  5.5374E-02
  3.5372E+02  8.4964E-02  5.5398E-02
  3.5409E+02  8.4891E-02  5.5423E-02
  3.5446E+02  8.4819E-02  5.5447E-02
  3.5483E+02  8.4747E-02  5.5471E-02
  3.5520E+02  8.4674E-02  5.5495E-02
  3.5557E+02  8.4602E-02  5.5520E-02
  3.5594E+02  8.4529E-02  5.5544E-02
  3.5631E+02  8.4457E-02  5.5568E-02
  3.5668E+02  8.4384E-02  5.5592E-02
  3.5705E+02  8.4312E-02  5.5616E-02
  3.5742E+02  8.4239E-02  5.5640E-02
  3.5779E+02  8.4166E-02  5.5664E-02
  3.5816E+02  8.4094E-02  5.5688E-02
  3.5853E+02  8.4021E-02  5.5712E-02
  3.5890E+02  8.3948E-02  5.5735E-02
  3.5927E+02  8.3876E-02  5.5759E-02
  3.5964E+02  8.3803E-02  5.5783E-02
  3.6001E+02  8.3731E-02  5.5806E-02
  3.6038E+02  8.3659E-02  5.5830E-02
  3.6075E+02  8.3586E-02  5.5853E-02
  3.6112E+02  8.3514E-02  5.5877E-02
  3.6149E+02  8.3442E-02  5.5900E-02
  3.6186E+02  8.3371E-02  5.5924E-02
  3.6223E+02  8.3299E-02  5.5947E-02
  3.6260E+02  8.3227E-02  5.5970E-02
  3.6297E+02  8.3156E-02  5.5993E-02
  3.6334E+02  8.3085E-02  5.6017E-02
  3.6371E+02  8.3014E-02  5.6040E-02
  3.6408E+02  8.2943E-02  5.6063E-02
  3.6445E+02  8.2872E-02  5.6086E-02
  3.6482E+02  8.2802E-02  5.6109E-02
  3.6519E+02  8.2731E-02  5.6132E-02
  3.6556E+02  8.2661E-02  5.6155E-02
  3.6593E+02  8.2591E-02  5.6177E-02
  3.6630E+02  8.2521E-02  5.6200E-02
  3.6667E+02  8.2452E-02  5.6223E-02
  3.6704E+02  8.2383E-02  5.6246E-02
  3.6741E+02  8.2314E-02  5.6268E-02
  3.6778E+02  8.2245E-02  5.6291E-02
  3.6815E+02  8.2176E-02  5.6313E-02
  3.6852E+02  8.2108E-02  5.6336E-02
  3.6889E+02  8.2039E-02  5.6358E-02
  3.6926E+02  8.1971E-02  5.6381E-02
  3.6963E+02  8.1904E-02  5.6403E-02
  3.7000E+02  8.1836E-02  5.6426E-02
  3.7037E+02  8.1768E-02  5.6448E-02
  3.7074E+02  8.1701E-02  5.6470E-02
  3.7111E+02  8.1634E-02  5.6492E-02
  3.7148E+02  8.1567E-02  5.6514E-02
  3.7185E+02  8.1500E-02  5.6536E-02
  3.7222E+02  8.1434E-02  5.6559E-02
  3.7259E+02  8.1367E-02  5.6581E-02
  3.7296E+02  8.1301E-02  5.6602E-02
  3.7333E+02  8.1235E-02  5.6624E-02
  3.7370E+02  8.1169E-02  5.6646E-02
  3.7407E+02  8.1103E-02  5.6668E-02
  3.7444E+02  8.1037E-02  5.6690E-02
  3.7481E+02  8.0971E-02  5.6712E-02
  3.7518E+02  8.0906E-02  5.6733E-02
  3.7555E+02  8.0840E-02  5.6755E-02
  3.7592E+02  8.0775E-02  5.6777E-02
  3.7629E+02  8.0709E-02  5.6798E-02
  3.7666E+02  8.0644E-02  5.6820E-02
  3.7703E+02  8.0579E-02  5.6841E-02
  3.7740E+02  8.0513E-02  5.6862E-02
  3.7777E+02  8.0448E-02  5.6884E-02
  3.7814E+02  8.0383E-02  5.6905E-02
  3.7851E+02  8.0318E-02  5.6926E-02
  3.7888E+02  8.0252E-02  5.6948E-02
  3.7925E+02  8.0187E-02  5.6969E-02
  3.7962E+02  8.0122E-02  5.6990E-02
  3.7999E+02  8.0057E-02  5.7011E-02
  3.8036E+02  7.9992E-02  5.7032E-02
  3.8073E+02  7.9926E-02  5.7053E-02
  3.8110E+02  7.9861E-02  5.7074E-02
  3.8147E+02  7.9796E-02  5.7095E-02
  3.8184E+02  7.9730E-02  5.7116E-02
  3.8221E+02  7.9665E-02  5.7136E-02
  3.8258E+02  7.9599E-02  5.7157E-02
  3.8295E+02  7.9534E-02  5.7178E-02
  3.8332E+02  7.9468E-02  5.7199E-02
  3.8369E+02  7.9403E-02  5.7219E-02
  3.8406E+02  7.9337E-02  5.7240E-02
  3.8443E+02  7.9271E-02  5.7260E-02
  3.8480E+02  7.9205E-02  5.7281E-02
  3.8517E+02  7.9139E-02  5.7301E-02
  3.8554E+02  7.9073E-02  5.7321E-02
  3.8591E+02  7.9007E-02  5.7342E-02
  3.8628E+02  7.8941E-02  5.7362E-02
  3.8665E+02  7.8875E-02  5.7382E-02
  3.8702E+02  7.8809E-02  5.7402E-02
  3.8739E+02  7.8742E-02  5.7423E-02
  3.8776E+02  7.8676E-02  5.7443E-02
  3.8813E+02  7.8610E-02  5.7463E-02
  3.8850E+02  7.8543E-02  5.7483E-02
  3.8887E+02  7.8477E-02  5.7503E-02
  3.8924E+02  7.8410E-02  5.7522E-02
  3.8961E+02  7.8344E-02  5.7542E-02
  3.8998E+02  7.8277E-02  5.7562E-02
  3.9035E+02  7.8210E-02  5.7582E-02
  3.9072E+02  7.8144E-02  5.7602E-02
  3.9109E+02  7.8077E-02  5.7621E-02
  3.9146E+02  7.8010E-02  5.7641E-02
  3.9183E+02  7.7944E-02  5.7660E-02
  3.9220E+02  7.7877E-02  5.7680E-02
  3.9257E+02  7.7810E-02  5.7699E-02
  3.9294E+02  7.7744E-02  5.7719E-02
  3.9331E+02  7.7677E-02  5.7738E-02
  3.9368E+02  7.7610E-02  5.7757E-02
  3.9405E+02  7.7543E-02  5.7777E-02
  3.9442E+02  7.7477E-02  5.7796E-02
  3.9479E+02  7.7410E-02  5.7815E-02
  3.9516E+02  7.7343E-02  5.7834E-02
  3.9553E+02  7.7277E-02  5.7853E-02
  3.9590E+02  7.7210E-02  5.7872E-02
  3.9627E+02  7.7144E-02  5.7891E-02
  3.9664E+02  7.7077E-02  5.7910E-02
  3.9701E+02  7.7011E-02  5.7929E-02
  3.9738E+02  7.6944E-02  5.7948E-02
  3.9775E+02  7.6878E-02  5.7967E-02
  3.9812E+02  7.6811E-02  5.7985E-02
  3.9849E+02  7.6745E-02  5.8004E-02
  3.9886E+02  7.6679E-02  5.8023E-02
  3.9923E+02  7.6612E-02  5.8041E-02
  3.9960E+02  7.6546E-02  5.8060E-02
  3.9997E+02  7.6480E-02  5.8079E-02
  4.0034E+02  7.6414E-02  5.8097E-02
  4.0071E+02  7.6348E-02  5.8115E-02
  4.0108E+02  7.6282E-02  5.8134E-02
  4.0145E+02  7.6216E-02  5.8152E-02
  4.0182E+02  7.6150E-02  5.8170E-02
  4.0219E+02  7.6085E-02  5.8189E-02
  4.0256E+02  7.6019E-02  5.8207E-02
  4.0293E+02  7.5953E-02  5.8225E-02
  4.0330E+02  7.5888E-02  5.8243E-02
  4.0367E+02  7.5823E-02  5.8261E-02
  4.0404E+02  7.5757E-02  5.8279E-02
  4.0441E+02  7.5692E-02  5.8297E-02
  4.0478E+02  7.5627E-02  5.8315E-02
  4.0515E+02  7.5562E-02  5.8333E-02
  4.0552E+02  7.5497E-02  5.8351E-02
  4.0589E+02  7.5432E-02  5.8369E-02
  4.0626E+02  7.5368E-02  5.8386E-02
  4.0663E+02  7.5303E-02  5.8404E-02
  4.0700E+02  7.5238E-02  5.8422E-02
  4.0737E+02  7.5174E-02  5.8439E-02
  4.0774E+02  7.5110E-02  5.8457E-02
  4.0811E+02  7.5045E-02  5.8474E-02
  4.0848E+02  7.4981E-02  5.8492E-02
  4.0885E+02  7.4917E-02  5.8509E-02
  4.0922E+02  7.4853E-02  5.8527E-02
  4.0959E+02  7.4789E-02  5.8544E-02
  4.0996E+02  7.4725E-02  5.8561E-02
  4.1033E+02  7.4662E-02  5.8579E-02
  4.1070E+02  7.4598E-02  5.8596E-02
  4.1107E+02  7.4534E-02  5.8613E-02
  4.1144E+02  7.4471E-02  5.8630E-02
  4.1181E+02  7.4408E-02  5.8647E-02
  4.1218E+02  7.4344E-02  5.8664E-02
  4.1255E+02  7.4281E-02  5.8681E-02
  4.1292E+02  7.4218E-02  5.8698E-02
  4.1329E+02  7.4154E-02  5.8715E-02
  4.1366E+02  7.4091E-02  5.8732E-02
  4.1403E+02  7.4028E-02  5.8749E-02
  4.1440E+02  7.3965E-02  5.8766E-02
  4.1477E+02  7.3902E-02  5.8783E-02
  4.1514E+02  7.3839E-02  5.8799E-02
  4.1551E+02  7.3776E-02  5.8816E-02
  4.1588E+02  7.3714E-02  5.8833E-02
  4.1625E+02  7.3651E-02  5.8849E-02
  4.1662E+02  7.3588E-02  5.8866E-02
  4.1699E+02  7.3525E-02  5.8882E-02
  4.1736E+02  7.3463E-02  5.8899E-02
  4.1773E+02  7.3400E-02  5.8915E-02
  4.1810E+02  7.3337E-02  5.8932E-02
  4.1847E+02  7.3275E-02  5.8948E-02
  4.1884E+02  7.3212E-02  5.8964E-02
  4.1921E+02  7.3150E-02  5.8980E-02
  4.1958E+02  7.3087E-02  5.8997E-02
  4.1995E+02  7.3024E-02  5.9013E-02
  4.2032E+02  7.2962E-02  5.9029E-02
  4.2069E+02  7.2899E-02  5.9045E-02
  4.2106E+02  7.2837E-02  5.9061E-02
  4.2143E+02  7.2774E-02  5.9077E-02
  4.2180E+02  7.2712E-02  5.9093E-02
  4.2217E+02  7.2649E-02  5.9109E-02
  4.2254E+02  7.2587E-02  5.9125E-02
  4.2291E+02  7.2524E-02  5.9140E-02
  4.2328E+02  7.2462E-02  5.9156E-02
  4.2365E+02  7.2399E-02  5.9172E-02
  4.2402E+02  7.2336E-02  5.9188E-02
  4.2439E+02  7.2274E-02  5.9203E-02
  4.2476E+02  7.2211E-02  5.9219E-02
  4.2513E+02  7.2149E-02  5.9234E-02
  4.2550E+02  7.2086E-02  5.9250E-02
  4.2587E+02  7.2023E-02  5.9265E-02
  4.2624E+02  7.1961E-02  5.9280E-02
  4.2661E+02  7.1898E-02  5.9296E-02
  4.2698E+02  7.1835E-02  5.9311E-02
  4.2735E+02  7.1772E-02  5.9326E-02
  4.2772E+02  7.1710E-02  5.9342E-02
  4.2809E+02  7.1647E-02  5.9357E-02
  4.2846E+02  7.1584E-02  5.9372E-02
  4.2883E+02  7.1521E-02  5.9387E-02
  4.2920E+02  7.1459E-02  5.9402E-02
  4.2957E+02  7.1396E-02  5.9417E-02
  4.2994E+02  7.1333E-02  5.9432E-02
  4.3031E+02  7.1270E-02  5.9447E-02
  4.3068E+02  7.1207E-02  5.9461E-02
  4.3105E+02  7.1145E-02  5.9476E-02
  4.3142E+02  7.1082E-02  5.9491E-02
  4.3179E+02  7.1019E-02  5.9506E-02
  4.3216E+02  7.0957E-02  5.9520E-02
  4.3253E+02  7.0894E-02  5.9535E-02
  4.3290E+02  7.0831E-02  5.9550E-02
  4.3327E+02  7.0769E-02  5.9564E-02
  4.3364E+02  7.0706E-02  5.9579E-02
  4.3401E+02  7.0644E-02  5.9593E-02
  4.3438E+02  7.0581E-02  5.9607E-02
  4.3475E+02  7.0519E-02  5.9622E-02
  4.3512E+02  7.0456E-02  5.9636E-02
  4.3549E+02  7.0394E-02  5.9650E-02
  4.3586E+02  7.0332E-02  5.9665E-02
  4.3623E+02  7.0270E-02  5.9679E-02
  4.3660E+02  7.0208E-02  5.9693E-02
  4.3697E+02  7.0146E-02  5.9707E-02
  4.3734E+02  7.0084E-02  5.9721E-02
  4.3771E+02  7.0022E-02  5.9735E-02
  4.3808E+02  6.9960E-02  5.9749E-02
  4.3845E+02  6.9898E-02  5.9763E-02
  4.3882E+02  6.9836E-02  5.9777E-02
  4.3919E+02  6.9774E-02  5.9791E-02
  4.3956E+02  6.9713E-02  5.9805E-02
  4.3993E+02  6.9651E-02  5.9819E-02
  4.4030E+02  6.9590E-02  5.9833E-02
  4.4067E+02  6.9528E-02  5.9846E-02
  4.4104E+02  6.9467E-02  5.9860E-02
  4.4141E+02  6.9406E-02  5.9874E-02
  4.4178E+02  6.9345E-02  5.9887E-02
  4.4215E+02  6.9283E-02  5.9901E-02
  4.4252E+02  6.9222E-02  5.9914E-02
  4.4289E+02  6.9161E-02  5.9928E-02
  4.4326E+02  6.9100E-02  5.9941E-02
  4.4363E+02  6.9039E-02  5.9955E-02
  4.4400E+02  6.8978E-02  5.9968E-02
  4.4437E+02  6.8918E-02  5.9982E-02
  4.4474E+02  6.8857E-02  5.9995E-02
  4.4511E+02  6.8796E-02  6.0008E-02
  4.4548E+02  6.8735E-02  6.0022E-02
  4.4585E+02  6.8675E-02  6.0035E-02
  4.4622E+02  6.8614E-02  6.0048E-02
  4.4659E+02  6.8554E-02  6.0061E-02
  4.4696E+02  6.8493E-02  6.0074E-02
  4.4733E+02  6.8433E-02  6.0087E-02
  4.4770E+02  6.8372E-02  6.0100E-02
  4.4807E+02  6.8312E-02  6.0113E-02
  4.4844E+02  6.8252E-02  6.0126E-02
  4.4881E+02  6.8191E-02  6.0139E-02
  4.4918E+02  6.8131E-02  6.0152E-02
  4.4955E+02  6.8071E-02  6.0165E-02
  4.4992E+02  6.8011E-02  6.0178E-02
  4.5029E+02  6.7950E-02  6.0190E-02
  4.5066E+02  6.7890E-02  6.0203E-02
  4.5103E+02  6.7830E-02  6.0216E-02
  4.5140E+02  6.7770E-02  6.0228E-02
  4.5177E+02  6.7710E-02  6.0241E-02
  4.5214E+02  6.7650E-02  6.0253E-02
  4.5251E+02  6.7590E-02  6.0266E-02
  4.5288E+02  6.7530E-02  6.0278E-02
  4.5325E+02  6.7470E-02  6.0291E-02
  4.5362E+02  6.7409E-02  6.0303E-02
  4.5399E+02  6.7349E-02  6.0315E-02
  4.5436E+02  6.7289E-02  6.0327E-02
  4.5473E+02  6.7229E-02  6.0340E-02
  4.5510E+02  6.7169E-02  6.0352E-02
  4.5547E+02  6.7109E-02  6.0364E-02
  4.5584E+02  6.7049E-02  6.0376E-02
  4.5621E+02  6.6989E-02  6.0388E-02
  4.5658E+02  6.6929E-02  6.0400E-02
  4.5695E+02  6.6869E-02  6.0412E-02
  4.5732E+02  6.6809E-02  6.0424E-02
  4.5769E+02  6.6749E-02  6.0436E-02
  4.5806E+02  6.6689E-02  6.0448E-02
  4.5843E+02  6.6629E-02  6.0459E-02
  4.5880E+02  6.6569E-02  6.0471E-02
  4.5917E+02  6.6509E-02  6.0483E-02
  4.5954E+02  6.6449E-02  6.0494E-02
  4.5991E+02  6.6389E-02  6.0506E-02
  4.6028E+02  6.6329E-02  6.0518E-02
  4.6065E+02  6.6269E-02  6.0529E-02
  4.6102E+02  6.6210E-02  6.0541E-02
  4.6139E+02  6.6150E-02  6.0552E-02
  4.6176E+02  6.6090E-02  6.0563E-02
  4.6213E+02  6.6030E-02  6.0575E-02
  4.6250E+02  6.5970E-02  6.0586E-02
  4.6287E+02  6.5910E-02  6.0597E-02
  4.6324E+02  6.5850E-02  6.0608E-02
  4.6361E+02  6.5791E-02  6.0620E-02
  4.6398E+02  6.5731E-02  6.0631E-02
  4.6435E+02  6.5671E-02  6.0642E-02
  4.6472E+02  6.5612E-02  6.0653E-02
  4.6509E+02  6.5552E-02  6.0664E-02
  4.6546E+02  6.5492E-02  6.0675E-02
  4.6583E+02  6.5433E-02  6.0686E-02
  4.6620E+02  6.5373E-02  6.0697E-02
  4.6657E+02  6.5314E-02  6.0708E-02
  4.6694E+02  6.5254E-02  6.0718E-02
  4.6731E+02  6.5195E-02  6.0729E-02
  4.6768E+02  6.5136E-02  6.0740E-02
  4.6805E+02  6.5076E-02  6.0751E-02
  4.6842E+02  6.5017E-02  6.0761E-02
  4.6879E+02  6.4958E-02  6.0772E-02
  4.6916E+02  6.4899E-02  6.0783E-02
  4.6953E+02  6.4840E-02  6.0793E-02
  4.6990E+02  6.4780E-02  6.0804E-02
  4.7027E+02  6.4721E-02  6.0814E-02
  4.7064E+02  6.4662E-02  6.0825E-02
  4.7101E+02  6.4603E-02  6.0835E-02
  4.7138E+02  6.4545E-02  6.0845E-02
  4.7175E+02  6.4486E-02  6.0856E-02
  4.7212E+02  6.4427E-02  6.0866E-02
  4.7249E+02  6.4368E-02  6.0876E-02
  4.7286E+02  6.4309E-02  6.0887E-02
  4.7323E+02  6.4251E-02  6.0897E-02
  4.7360E+02  6.4192E-02  6.0907E-02
  4.7397E+02  6.4134E-02  6.0917E-02
  4.7434E+02  6.4075E-02  6.0927E-02
  4.7471E+02  6.4017E-02  6.0937E-02
  4.7508E+02  6.3958E-02  6.0947E-02
  4.7545E+02  6.3900E-02  6.0957E-02
  4.7582E+02  6.3841E-02  6.0967E-02
  4.7619E+02  6.3783E-02  6.0977E-02
  4.7656E+02  6.3725E-02  6.0987E-02
  4.7693E+02  6.3667E-02  6.0997E-02
  4.7730E+02  6.3608E-02  6.1007E-02
  4.7767E+02  6.3550E-02  6.1016E-02
  4.7804E+02  6.3492E-02  6.1026E-02
  4.7841E+02  6.3434E-02  6.1036E-02
  4.7878E+02  6.3376E-02  6.1045E-02
  4.7915E+02  6.3318E-02  6.1055E-02
  4.7952E+02  6.3260E-02  6.1065E-02
  4.7989E+02  6.3202E-02  6.1074E-02
  4.8026E+02  6.3144E-02  6.1084E-02
  4.8063E+02  6.3086E-02  6.1093E-02
  4.8100E+02  6.3028E-02  6.1103E-02
  4.8137E+02  6.2970E-02  6.1112E-02
  4.8174E+02  6.2912E-02  6.1121E-02
  4.8211E+02  6.2854E-02  6.1131E-02
  4.8248E+02  6.2797E-02  6.1140E-02
  4.8285E+02  6.2739E-02  6.1149E-02
  4.8322E+02  6.2681E-02  6.1158E-02
  4.8359E+02  6.2623E-02  6.1168E-02
  4.8396E+02  6.2565E-02  6.1177E-02
  4.8433E+02  6.2508E-02  6.1186E-02
  4.8470E+02  6.2450E-02  6.1195E-02
  4.8507E+02  6.2392E-02  6.1204E-02
  4.8544E+02  6.2335E-02  6.1213E-02
  4.8581E+02  6.2277E-02  6.1222E-02
  4.8618E+02  6.2219E-02  6.1231E-02
  4.8655E+02  6.2162E-02  6.1239E-02
  4.8692E+02  6.2104E-02  6.1248E-02
  4.8729E+02  6.2047E-02  6.1257E-02
  4.8766E+02  6.1989E-02  6.1266E-02
  4.8803E+02  6.1931E-02  6.1274E-02
  4.8840E+02  6.1874E-02  6.1283E-02
  4.8877E+02  6.1816E-02  6.1292E-02
  4.8914E+02  6.1759E-02  6.1300E-02
  4.8951E+02  6.1701E-02  6.1309E-02
  4.8988E+02  6.1644E-02  6.1317E-02
  4.9025E+02  6.1586E-02  6.1326E-02
  4.9062E+02  6.1529E-02  6.1334E-02
  4.9099E+02  6.1472E-02  6.1342E-02
  4.9136E+02  6.1414E-02  6.1351E-02
  4.9173E+02  6.1357E-02  6.1359E-02
  4.9210E+02  6.1299E-02  6.1367E-02
  4.9247E+02  6.1242E-02  6.1375E-02
  4.9284E+02  6.1185E-02  6.1384E-02
  4.9321E+02  6.1128E-02  6.1392E-02
  4.9358E+02  6.1070E-02  6.1400E-02
  4.9395E+02  6.1013E-02  6.1408E-02
  4.9432E+02  6.0956E-02  6.1416E-02
  4.9469E+02  6.0899E-02  6.1424E-02
  4.9506E+02  6.0841E-02  6.1432E-02
  4.9543E+02  6.0784E-02  6.1440E-02
  4.9580E+02  6.0727E-02  6.1448E-02
  4.9617E+02  6.0670E-02  6.1455E-02
  4.9654E+02  6.0613E-02  6.1463E-02
  4.9691E+02  6.0556E-02  6.1471E-02
  4.9728E+02  6.0499E-02  6.1479E-02
  4.9765E+02  6.0442E-02  6.1486E-02
  4.9802E+02  6.0385E-02  6.1494E-02
  4.9839E+02  6.0328E-02  6.1502E-02
  4.9876E+02  6.0271E-02  6.1509E-02
  4.9913E+02  6.0214E-02  6.1517E-02
  4.9950E+02  6.0157E-02  6.1524E-02
  4.9987E+02  6.0101E-02  6.1532E-02
