# CREATED BY GENE DIAGNOSTICS TOOL on Thu Jun 14 14:17:26 2018
# diag: GAMDIAG, run(s): 0013, time window: 0-500(1895 steps), species: ions
# normalization: L_ref=1.2115m
#
# xind= 0, x/a= Infinity, q= 0.94174248
# Fit:    1,0.26301492,3.147649
# Analytic: 1,0.26301492,3.147649
#  t          Re[phi]     Im[phi]   
  0.0000E+00  9.9999E-01  0.0000E+00
  2.6400E-01  9.9424E-01  5.1281E-04
  5.2800E-01  9.7767E-01  1.0146E-03
  7.9200E-01  9.5202E-01  1.4880E-03
  1.0560E+00  9.1954E-01  1.9136E-03
  1.3200E+00  8.8246E-01  2.2780E-03
  1.5840E+00  8.4272E-01  2.5768E-03
  1.8480E+00  8.0189E-01  2.8129E-03
  2.1120E+00  7.6114E-01  2.9932E-03
  2.3760E+00  7.2134E-01  3.1268E-03
  2.6400E+00  6.8309E-01  3.2247E-03
  2.9040E+00  6.4682E-01  3.2987E-03
  3.1680E+00  6.1280E-01  3.3617E-03
  3.4320E+00  5.8118E-01  3.4273E-03
  3.6960E+00  5.5205E-01  3.5088E-03
  3.9600E+00  5.2544E-01  3.6188E-03
  4.2240E+00  5.0131E-01  3.7672E-03
  4.4880E+00  4.7961E-01  3.9599E-03
  4.7520E+00  4.6025E-01  4.1982E-03
  5.0160E+00  4.4312E-01  4.4790E-03
  5.2800E+00  4.2812E-01  4.7954E-03
  5.5440E+00  4.1515E-01  5.1379E-03
  5.8080E+00  4.0410E-01  5.4960E-03
  6.0720E+00  3.9486E-01  5.8584E-03
  6.3360E+00  3.8734E-01  6.2145E-03
  6.6000E+00  3.8144E-01  6.5544E-03
  6.8640E+00  3.7703E-01  6.8701E-03
  7.1280E+00  3.7401E-01  7.1548E-03
  7.3920E+00  3.7224E-01  7.4033E-03
  7.6560E+00  3.7159E-01  7.6127E-03
  7.9200E+00  3.7191E-01  7.7809E-03
  8.1840E+00  3.7305E-01  7.9070E-03
  8.4480E+00  3.7486E-01  7.9922E-03
  8.7120E+00  3.7721E-01  8.0381E-03
  8.9760E+00  3.7994E-01  8.0467E-03
  9.2400E+00  3.8293E-01  8.0207E-03
  9.5040E+00  3.8606E-01  7.9643E-03
  9.7680E+00  3.8921E-01  7.8815E-03
  1.0032E+01  3.9230E-01  7.7767E-03
  1.0296E+01  3.9524E-01  7.6558E-03
  1.0560E+01  3.9798E-01  7.5251E-03
  1.0824E+01  4.0046E-01  7.3893E-03
  1.1088E+01  4.0264E-01  7.2512E-03
  1.1352E+01  4.0451E-01  7.1140E-03
  1.1616E+01  4.0605E-01  6.9826E-03
  1.1880E+01  4.0726E-01  6.8624E-03
  1.2144E+01  4.0815E-01  6.7575E-03
  1.2408E+01  4.0873E-01  6.6700E-03
  1.2672E+01  4.0903E-01  6.6014E-03
  1.2936E+01  4.0908E-01  6.5520E-03
  1.3200E+01  4.0890E-01  6.5207E-03
  1.3464E+01  4.0850E-01  6.5063E-03
  1.3728E+01  4.0792E-01  6.5100E-03
  1.3992E+01  4.0718E-01  6.5359E-03
  1.4256E+01  4.0632E-01  6.5870E-03
  1.4520E+01  4.0536E-01  6.6613E-03
  1.4784E+01  4.0432E-01  6.7510E-03
  1.5048E+01  4.0324E-01  6.8474E-03
  1.5312E+01  4.0213E-01  6.9456E-03
  1.5576E+01  4.0101E-01  7.0476E-03
  1.5840E+01  3.9988E-01  7.1594E-03
  1.6104E+01  3.9876E-01  7.2851E-03
  1.6368E+01  3.9764E-01  7.4247E-03
  1.6632E+01  3.9654E-01  7.5731E-03
  1.6896E+01  3.9546E-01  7.7226E-03
  1.7160E+01  3.9440E-01  7.8670E-03
  1.7424E+01  3.9337E-01  8.0037E-03
  1.7688E+01  3.9239E-01  8.1352E-03
  1.7952E+01  3.9147E-01  8.2670E-03
  1.8216E+01  3.9064E-01  8.4031E-03
  1.8480E+01  3.8991E-01  8.5429E-03
  1.8744E+01  3.8927E-01  8.6787E-03
  1.9008E+01  3.8867E-01  8.7993E-03
  1.9272E+01  3.8807E-01  8.8960E-03
  1.9536E+01  3.8744E-01  8.9684E-03
  1.9800E+01  3.8678E-01  9.0267E-03
  2.0064E+01  3.8614E-01  9.0883E-03
  2.0328E+01  3.8556E-01  9.1688E-03
  2.0592E+01  3.8505E-01  9.2746E-03
  2.0856E+01  3.8456E-01  9.3984E-03
  2.1120E+01  3.8405E-01  9.5234E-03
  2.1384E+01  3.8345E-01  9.6315E-03
  2.1648E+01  3.8272E-01  9.7116E-03
  2.1912E+01  3.8191E-01  9.7641E-03
  2.2176E+01  3.8106E-01  9.8010E-03
  2.2440E+01  3.8027E-01  9.8404E-03
  2.2704E+01  3.7958E-01  9.8982E-03
  2.2968E+01  3.7903E-01  9.9803E-03
  2.3232E+01  3.7857E-01  1.0080E-02
  2.3496E+01  3.7814E-01  1.0183E-02
  2.3760E+01  3.7768E-01  1.0272E-02
  2.4024E+01  3.7717E-01  1.0334E-02
  2.4288E+01  3.7662E-01  1.0369E-02
  2.4552E+01  3.7612E-01  1.0388E-02
  2.4816E+01  3.7577E-01  1.0413E-02
  2.5080E+01  3.7567E-01  1.0468E-02
  2.5344E+01  3.7585E-01  1.0570E-02
  2.5608E+01  3.7629E-01  1.0722E-02
  2.5872E+01  3.7687E-01  1.0912E-02
  2.6136E+01  3.7745E-01  1.1116E-02
  2.6400E+01  3.7784E-01  1.1307E-02
  2.6664E+01  3.7793E-01  1.1459E-02
  2.6928E+01  3.7762E-01  1.1555E-02
  2.7192E+01  3.7691E-01  1.1590E-02
  2.7456E+01  3.7590E-01  1.1577E-02
  2.7720E+01  3.7474E-01  1.1538E-02
  2.7984E+01  3.7361E-01  1.1507E-02
  2.8248E+01  3.7271E-01  1.1514E-02
  2.8512E+01  3.7218E-01  1.1582E-02
  2.8776E+01  3.7209E-01  1.1721E-02
  2.9040E+01  3.7241E-01  1.1927E-02
  2.9304E+01  3.7307E-01  1.2187E-02
  2.9568E+01  3.7393E-01  1.2479E-02
  2.9832E+01  3.7482E-01  1.2779E-02
  3.0096E+01  3.7560E-01  1.3063E-02
  3.0360E+01  3.7613E-01  1.3309E-02
  3.0624E+01  3.7630E-01  1.3502E-02
  3.0888E+01  3.7603E-01  1.3631E-02
  3.1152E+01  3.7531E-01  1.3695E-02
  3.1416E+01  3.7415E-01  1.3697E-02
  3.1680E+01  3.7263E-01  1.3654E-02
  3.1944E+01  3.7089E-01  1.3586E-02
  3.2208E+01  3.6908E-01  1.3518E-02
  3.2472E+01  3.6734E-01  1.3472E-02
  3.2736E+01  3.6580E-01  1.3465E-02
  3.3000E+01  3.6455E-01  1.3503E-02
  3.3264E+01  3.6362E-01  1.3584E-02
  3.3528E+01  3.6303E-01  1.3703E-02
  3.3792E+01  3.6279E-01  1.3849E-02
  3.4056E+01  3.6286E-01  1.4014E-02
  3.4320E+01  3.6320E-01  1.4187E-02
  3.4584E+01  3.6375E-01  1.4358E-02
  3.4848E+01  3.6444E-01  1.4519E-02
  3.5112E+01  3.6517E-01  1.4665E-02
  3.5376E+01  3.6588E-01  1.4793E-02
  3.5640E+01  3.6649E-01  1.4904E-02
  3.5904E+01  3.6695E-01  1.5003E-02
  3.6168E+01  3.6722E-01  1.5094E-02
  3.6432E+01  3.6727E-01  1.5177E-02
  3.6696E+01  3.6708E-01  1.5254E-02
  3.6960E+01  3.6667E-01  1.5326E-02
  3.7224E+01  3.6609E-01  1.5396E-02
  3.7488E+01  3.6540E-01  1.5467E-02
  3.7752E+01  3.6466E-01  1.5540E-02
  3.8016E+01  3.6393E-01  1.5611E-02
  3.8280E+01  3.6328E-01  1.5676E-02
  3.8544E+01  3.6273E-01  1.5728E-02
  3.8808E+01  3.6232E-01  1.5763E-02
  3.9072E+01  3.6208E-01  1.5786E-02
  3.9336E+01  3.6202E-01  1.5805E-02
  3.9600E+01  3.6218E-01  1.5835E-02
  3.9864E+01  3.6257E-01  1.5891E-02
  4.0128E+01  3.6319E-01  1.5985E-02
  4.0392E+01  3.6405E-01  1.6123E-02
  4.0656E+01  3.6510E-01  1.6308E-02
  4.0920E+01  3.6629E-01  1.6538E-02
  4.1184E+01  3.6757E-01  1.6808E-02
  4.1448E+01  3.6885E-01  1.7111E-02
  4.1712E+01  3.7004E-01  1.7434E-02
  4.1976E+01  3.7106E-01  1.7758E-02
  4.2240E+01  3.7180E-01  1.8063E-02
  4.2504E+01  3.7220E-01  1.8327E-02
  4.2768E+01  3.7218E-01  1.8526E-02
  4.3032E+01  3.7174E-01  1.8648E-02
  4.3296E+01  3.7088E-01  1.8686E-02
  4.3560E+01  3.6966E-01  1.8647E-02
  4.3824E+01  3.6819E-01  1.8546E-02
  4.4088E+01  3.6656E-01  1.8405E-02
  4.4352E+01  3.6487E-01  1.8241E-02
  4.4616E+01  3.6322E-01  1.8071E-02
  4.4880E+01  3.6169E-01  1.7909E-02
  4.5144E+01  3.6034E-01  1.7768E-02
  4.5408E+01  3.5923E-01  1.7659E-02
  4.5672E+01  3.5839E-01  1.7592E-02
  4.5936E+01  3.5786E-01  1.7574E-02
  4.6200E+01  3.5762E-01  1.7609E-02
  4.6464E+01  3.5768E-01  1.7698E-02
  4.6728E+01  3.5800E-01  1.7834E-02
  4.6992E+01  3.5852E-01  1.8009E-02
  4.7256E+01  3.5919E-01  1.8209E-02
  4.7520E+01  3.5994E-01  1.8413E-02
  4.7784E+01  3.6071E-01  1.8606E-02
  4.8048E+01  3.6146E-01  1.8775E-02
  4.8312E+01  3.6217E-01  1.8919E-02
  4.8576E+01  3.6285E-01  1.9046E-02
  4.8840E+01  3.6351E-01  1.9173E-02
  4.9104E+01  3.6418E-01  1.9315E-02
  4.9368E+01  3.6485E-01  1.9483E-02
  4.9632E+01  3.6550E-01  1.9677E-02
  4.9896E+01  3.6609E-01  1.9886E-02
  5.0160E+01  3.6658E-01  2.0097E-02
  5.0424E+01  3.6693E-01  2.0296E-02
  5.0688E+01  3.6715E-01  2.0479E-02
  5.0952E+01  3.6724E-01  2.0648E-02
  5.1216E+01  3.6725E-01  2.0812E-02
  5.1480E+01  3.6721E-01  2.0983E-02
  5.1744E+01  3.6713E-01  2.1167E-02
  5.2008E+01  3.6703E-01  2.1369E-02
  5.2272E+01  3.6690E-01  2.1584E-02
  5.2536E+01  3.6670E-01  2.1802E-02
  5.2800E+01  3.6641E-01  2.2010E-02
  5.3064E+01  3.6599E-01  2.2193E-02
  5.3328E+01  3.6539E-01  2.2339E-02
  5.3592E+01  3.6460E-01  2.2435E-02
  5.3856E+01  3.6359E-01  2.2472E-02
  5.4120E+01  3.6237E-01  2.2444E-02
  5.4384E+01  3.6097E-01  2.2354E-02
  5.4648E+01  3.5943E-01  2.2215E-02
  5.4912E+01  3.5784E-01  2.2046E-02
  5.5176E+01  3.5628E-01  2.1868E-02
  5.5440E+01  3.5481E-01  2.1703E-02
  5.5704E+01  3.5351E-01  2.1566E-02
  5.5968E+01  3.5241E-01  2.1466E-02
  5.6232E+01  3.5150E-01  2.1403E-02
  5.6496E+01  3.5077E-01  2.1371E-02
  5.6760E+01  3.5021E-01  2.1367E-02
  5.7024E+01  3.4979E-01  2.1385E-02
  5.7288E+01  3.4950E-01  2.1423E-02
  5.7552E+01  3.4932E-01  2.1479E-02
  5.7816E+01  3.4925E-01  2.1555E-02
  5.8080E+01  3.4929E-01  2.1650E-02
  5.8344E+01  3.4943E-01  2.1768E-02
  5.8608E+01  3.4968E-01  2.1910E-02
  5.8872E+01  3.5002E-01  2.2083E-02
  5.9136E+01  3.5046E-01  2.2287E-02
  5.9400E+01  3.5099E-01  2.2525E-02
  5.9664E+01  3.5160E-01  2.2792E-02
  5.9928E+01  3.5228E-01  2.3083E-02
  6.0192E+01  3.5300E-01  2.3390E-02
  6.0456E+01  3.5374E-01  2.3705E-02
  6.0720E+01  3.5447E-01  2.4015E-02
  6.0984E+01  3.5514E-01  2.4307E-02
  6.1248E+01  3.5573E-01  2.4569E-02
  6.1512E+01  3.5619E-01  2.4790E-02
  6.1776E+01  3.5651E-01  2.4961E-02
  6.2040E+01  3.5668E-01  2.5081E-02
  6.2304E+01  3.5670E-01  2.5151E-02
  6.2568E+01  3.5658E-01  2.5176E-02
  6.2832E+01  3.5637E-01  2.5167E-02
  6.3096E+01  3.5609E-01  2.5134E-02
  6.3360E+01  3.5579E-01  2.5089E-02
  6.3624E+01  3.5549E-01  2.5044E-02
  6.3888E+01  3.5523E-01  2.5006E-02
  6.4152E+01  3.5502E-01  2.4980E-02
  6.4416E+01  3.5487E-01  2.4965E-02
  6.4680E+01  3.5478E-01  2.4964E-02
  6.4944E+01  3.5475E-01  2.4978E-02
  6.5208E+01  3.5478E-01  2.5009E-02
  6.5472E+01  3.5488E-01  2.5060E-02
  6.5736E+01  3.5503E-01  2.5134E-02
  6.6000E+01  3.5523E-01  2.5229E-02
  6.6264E+01  3.5547E-01  2.5342E-02
  6.6528E+01  3.5573E-01  2.5472E-02
  6.6792E+01  3.5601E-01  2.5615E-02
  6.7056E+01  3.5630E-01  2.5771E-02
  6.7320E+01  3.5660E-01  2.5942E-02
  6.7584E+01  3.5691E-01  2.6128E-02
  6.7848E+01  3.5723E-01  2.6331E-02
  6.8112E+01  3.5756E-01  2.6551E-02
  6.8376E+01  3.5790E-01  2.6788E-02
  6.8640E+01  3.5824E-01  2.7038E-02
  6.8904E+01  3.5858E-01  2.7298E-02
  6.9168E+01  3.5891E-01  2.7563E-02
  6.9432E+01  3.5921E-01  2.7826E-02
  6.9696E+01  3.5948E-01  2.8081E-02
  6.9960E+01  3.5970E-01  2.8324E-02
  7.0224E+01  3.5986E-01  2.8550E-02
  7.0488E+01  3.5994E-01  2.8758E-02
  7.0752E+01  3.5993E-01  2.8942E-02
  7.1016E+01  3.5980E-01  2.9097E-02
  7.1280E+01  3.5953E-01  2.9211E-02
  7.1544E+01  3.5911E-01  2.9273E-02
  7.1808E+01  3.5850E-01  2.9274E-02
  7.2072E+01  3.5772E-01  2.9213E-02
  7.2336E+01  3.5677E-01  2.9095E-02
  7.2600E+01  3.5569E-01  2.8933E-02
  7.2864E+01  3.5449E-01  2.8744E-02
  7.3128E+01  3.5323E-01  2.8542E-02
  7.3392E+01  3.5193E-01  2.8342E-02
  7.3656E+01  3.5062E-01  2.8151E-02
  7.3920E+01  3.4933E-01  2.7974E-02
  7.4184E+01  3.4807E-01  2.7813E-02
  7.4448E+01  3.4687E-01  2.7669E-02
  7.4712E+01  3.4575E-01  2.7548E-02
  7.4976E+01  3.4472E-01  2.7455E-02
  7.5240E+01  3.4382E-01  2.7396E-02
  7.5504E+01  3.4305E-01  2.7376E-02
  7.5768E+01  3.4242E-01  2.7395E-02
  7.6032E+01  3.4192E-01  2.7451E-02
  7.6296E+01  3.4156E-01  2.7536E-02
  7.6560E+01  3.4131E-01  2.7646E-02
  7.6824E+01  3.4118E-01  2.7774E-02
  7.7088E+01  3.4116E-01  2.7917E-02
  7.7352E+01  3.4123E-01  2.8074E-02
  7.7616E+01  3.4141E-01  2.8247E-02
  7.7880E+01  3.4169E-01  2.8440E-02
  7.8144E+01  3.4208E-01  2.8659E-02
  7.8408E+01  3.4257E-01  2.8909E-02
  7.8672E+01  3.4316E-01  2.9192E-02
  7.8936E+01  3.4384E-01  2.9506E-02
  7.9200E+01  3.4460E-01  2.9847E-02
  7.9464E+01  3.4541E-01  3.0204E-02
  7.9728E+01  3.4624E-01  3.0567E-02
  7.9992E+01  3.4707E-01  3.0922E-02
  8.0256E+01  3.4786E-01  3.1254E-02
  8.0520E+01  3.4860E-01  3.1551E-02
  8.0784E+01  3.4926E-01  3.1802E-02
  8.1048E+01  3.4982E-01  3.2002E-02
  8.1312E+01  3.5030E-01  3.2150E-02
  8.1576E+01  3.5069E-01  3.2253E-02
  8.1840E+01  3.5101E-01  3.2321E-02
  8.2104E+01  3.5129E-01  3.2366E-02
  8.2368E+01  3.5154E-01  3.2401E-02
  8.2632E+01  3.5178E-01  3.2439E-02
  8.2896E+01  3.5203E-01  3.2489E-02
  8.3160E+01  3.5228E-01  3.2557E-02
  8.3424E+01  3.5253E-01  3.2642E-02
  8.3688E+01  3.5275E-01  3.2741E-02
  8.3952E+01  3.5294E-01  3.2847E-02
  8.4216E+01  3.5308E-01  3.2954E-02
  8.4480E+01  3.5314E-01  3.3054E-02
  8.4744E+01  3.5312E-01  3.3142E-02
  8.5008E+01  3.5301E-01  3.3214E-02
  8.5272E+01  3.5281E-01  3.3267E-02
  8.5536E+01  3.5251E-01  3.3299E-02
  8.5800E+01  3.5214E-01  3.3310E-02
  8.6064E+01  3.5168E-01  3.3301E-02
  8.6328E+01  3.5118E-01  3.3278E-02
  8.6592E+01  3.5063E-01  3.3245E-02
  8.6856E+01  3.5006E-01  3.3208E-02
  8.7120E+01  3.4949E-01  3.3173E-02
  8.7384E+01  3.4894E-01  3.3143E-02
  8.7648E+01  3.4842E-01  3.3121E-02
  8.7912E+01  3.4795E-01  3.3109E-02
  8.8176E+01  3.4754E-01  3.3111E-02
  8.8440E+01  3.4719E-01  3.3130E-02
  8.8704E+01  3.4691E-01  3.3169E-02
  8.8968E+01  3.4671E-01  3.3229E-02
  8.9232E+01  3.4658E-01  3.3311E-02
  8.9496E+01  3.4651E-01  3.3415E-02
  8.9760E+01  3.4652E-01  3.3540E-02
  9.0024E+01  3.4658E-01  3.3687E-02
  9.0288E+01  3.4669E-01  3.3852E-02
  9.0552E+01  3.4684E-01  3.4033E-02
  9.0816E+01  3.4701E-01  3.4223E-02
  9.1080E+01  3.4719E-01  3.4417E-02
  9.1344E+01  3.4737E-01  3.4609E-02
  9.1608E+01  3.4752E-01  3.4794E-02
  9.1872E+01  3.4766E-01  3.4969E-02
  9.2136E+01  3.4776E-01  3.5131E-02
  9.2400E+01  3.4782E-01  3.5279E-02
  9.2664E+01  3.4784E-01  3.5412E-02
  9.2928E+01  3.4781E-01  3.5526E-02
  9.3192E+01  3.4775E-01  3.5622E-02
  9.3456E+01  3.4764E-01  3.5702E-02
  9.3720E+01  3.4751E-01  3.5769E-02
  9.3984E+01  3.4735E-01  3.5829E-02
  9.4248E+01  3.4720E-01  3.5888E-02
  9.4512E+01  3.4705E-01  3.5951E-02
  9.4776E+01  3.4691E-01  3.6022E-02
  9.5040E+01  3.4679E-01  3.6100E-02
  9.5304E+01  3.4670E-01  3.6184E-02
  9.5568E+01  3.4662E-01  3.6269E-02
  9.5832E+01  3.4656E-01  3.6353E-02
  9.6096E+01  3.4651E-01  3.6433E-02
  9.6360E+01  3.4646E-01  3.6511E-02
  9.6624E+01  3.4643E-01  3.6590E-02
  9.6888E+01  3.4641E-01  3.6672E-02
  9.7152E+01  3.4639E-01  3.6763E-02
  9.7416E+01  3.4639E-01  3.6861E-02
  9.7680E+01  3.4638E-01  3.6966E-02
  9.7944E+01  3.4637E-01  3.7074E-02
  9.8208E+01  3.4635E-01  3.7181E-02
  9.8472E+01  3.4633E-01  3.7283E-02
  9.8736E+01  3.4629E-01  3.7381E-02
  9.9000E+01  3.4625E-01  3.7478E-02
  9.9264E+01  3.4621E-01  3.7577E-02
  9.9528E+01  3.4617E-01  3.7681E-02
  9.9792E+01  3.4614E-01  3.7791E-02
  1.0006E+02  3.4610E-01  3.7907E-02
  1.0032E+02  3.4607E-01  3.8024E-02
  1.0058E+02  3.4603E-01  3.8141E-02
  1.0085E+02  3.4599E-01  3.8254E-02
  1.0111E+02  3.4593E-01  3.8362E-02
  1.0138E+02  3.4586E-01  3.8463E-02
  1.0164E+02  3.4578E-01  3.8558E-02
  1.0190E+02  3.4570E-01  3.8650E-02
  1.0217E+02  3.4560E-01  3.8740E-02
  1.0243E+02  3.4550E-01  3.8832E-02
  1.0270E+02  3.4540E-01  3.8926E-02
  1.0296E+02  3.4530E-01  3.9023E-02
  1.0322E+02  3.4519E-01  3.9123E-02
  1.0349E+02  3.4508E-01  3.9224E-02
  1.0375E+02  3.4496E-01  3.9326E-02
  1.0402E+02  3.4484E-01  3.9428E-02
  1.0428E+02  3.4471E-01  3.9531E-02
  1.0454E+02  3.4458E-01  3.9637E-02
  1.0481E+02  3.4446E-01  3.9747E-02
  1.0507E+02  3.4435E-01  3.9864E-02
  1.0534E+02  3.4425E-01  3.9990E-02
  1.0560E+02  3.4416E-01  4.0126E-02
  1.0586E+02  3.4409E-01  4.0271E-02
  1.0613E+02  3.4403E-01  4.0423E-02
  1.0639E+02  3.4398E-01  4.0577E-02
  1.0666E+02  3.4392E-01  4.0728E-02
  1.0692E+02  3.4386E-01  4.0870E-02
  1.0718E+02  3.4377E-01  4.1000E-02
  1.0745E+02  3.4367E-01  4.1115E-02
  1.0771E+02  3.4353E-01  4.1212E-02
  1.0798E+02  3.4337E-01  4.1292E-02
  1.0824E+02  3.4317E-01  4.1355E-02
  1.0850E+02  3.4295E-01  4.1404E-02
  1.0877E+02  3.4271E-01  4.1441E-02
  1.0903E+02  3.4245E-01  4.1470E-02
  1.0930E+02  3.4219E-01  4.1494E-02
  1.0956E+02  3.4194E-01  4.1518E-02
  1.0982E+02  3.4169E-01  4.1546E-02
  1.1009E+02  3.4147E-01  4.1581E-02
  1.1035E+02  3.4126E-01  4.1624E-02
  1.1062E+02  3.4107E-01  4.1675E-02
  1.1088E+02  3.4090E-01  4.1732E-02
  1.1114E+02  3.4074E-01  4.1793E-02
  1.1141E+02  3.4059E-01  4.1858E-02
  1.1167E+02  3.4046E-01  4.1926E-02
  1.1194E+02  3.4033E-01  4.1997E-02
  1.1220E+02  3.4021E-01  4.2072E-02
  1.1246E+02  3.4009E-01  4.2150E-02
  1.1273E+02  3.3998E-01  4.2232E-02
  1.1299E+02  3.3988E-01  4.2319E-02
  1.1326E+02  3.3978E-01  4.2410E-02
  1.1352E+02  3.3969E-01  4.2505E-02
  1.1378E+02  3.3961E-01  4.2605E-02
  1.1405E+02  3.3953E-01  4.2709E-02
  1.1431E+02  3.3946E-01  4.2816E-02
  1.1458E+02  3.3939E-01  4.2922E-02
  1.1484E+02  3.3931E-01  4.3025E-02
  1.1510E+02  3.3924E-01  4.3125E-02
  1.1537E+02  3.3917E-01  4.3220E-02
  1.1563E+02  3.3909E-01  4.3312E-02
  1.1590E+02  3.3901E-01  4.3401E-02
  1.1616E+02  3.3893E-01  4.3490E-02
  1.1642E+02  3.3886E-01  4.3581E-02
  1.1669E+02  3.3878E-01  4.3676E-02
  1.1695E+02  3.3870E-01  4.3775E-02
  1.1722E+02  3.3863E-01  4.3879E-02
  1.1748E+02  3.3855E-01  4.3985E-02
  1.1774E+02  3.3848E-01  4.4093E-02
  1.1801E+02  3.3840E-01  4.4201E-02
  1.1827E+02  3.3832E-01  4.4308E-02
  1.1854E+02  3.3823E-01  4.4412E-02
  1.1880E+02  3.3814E-01  4.4511E-02
  1.1906E+02  3.3804E-01  4.4605E-02
  1.1933E+02  3.3793E-01  4.4690E-02
  1.1959E+02  3.3782E-01  4.4769E-02
  1.1986E+02  3.3770E-01  4.4841E-02
  1.2012E+02  3.3758E-01  4.4909E-02
  1.2038E+02  3.3746E-01  4.4976E-02
  1.2065E+02  3.3735E-01  4.5048E-02
  1.2091E+02  3.3724E-01  4.5126E-02
  1.2118E+02  3.3714E-01  4.5213E-02
  1.2144E+02  3.3705E-01  4.5310E-02
  1.2170E+02  3.3696E-01  4.5415E-02
  1.2197E+02  3.3687E-01  4.5526E-02
  1.2223E+02  3.3679E-01  4.5639E-02
  1.2250E+02  3.3669E-01  4.5749E-02
  1.2276E+02  3.3659E-01  4.5855E-02
  1.2302E+02  3.3648E-01  4.5954E-02
  1.2329E+02  3.3637E-01  4.6047E-02
  1.2355E+02  3.3624E-01  4.6132E-02
  1.2382E+02  3.3611E-01  4.6211E-02
  1.2408E+02  3.3596E-01  4.6283E-02
  1.2434E+02  3.3582E-01  4.6348E-02
  1.2461E+02  3.3566E-01  4.6408E-02
  1.2487E+02  3.3551E-01  4.6464E-02
  1.2514E+02  3.3537E-01  4.6519E-02
  1.2540E+02  3.3523E-01  4.6578E-02
  1.2566E+02  3.3510E-01  4.6643E-02
  1.2593E+02  3.3499E-01  4.6717E-02
  1.2619E+02  3.3490E-01  4.6802E-02
  1.2646E+02  3.3482E-01  4.6898E-02
  1.2672E+02  3.3476E-01  4.7005E-02
  1.2698E+02  3.3470E-01  4.7120E-02
  1.2725E+02  3.3466E-01  4.7239E-02
  1.2751E+02  3.3461E-01  4.7360E-02
  1.2778E+02  3.3456E-01  4.7477E-02
  1.2804E+02  3.3450E-01  4.7588E-02
  1.2830E+02  3.3442E-01  4.7692E-02
  1.2857E+02  3.3434E-01  4.7787E-02
  1.2883E+02  3.3424E-01  4.7875E-02
  1.2910E+02  3.3414E-01  4.7957E-02
  1.2936E+02  3.3402E-01  4.8037E-02
  1.2962E+02  3.3390E-01  4.8116E-02
  1.2989E+02  3.3378E-01  4.8194E-02
  1.3015E+02  3.3365E-01  4.8273E-02
  1.3042E+02  3.3351E-01  4.8351E-02
  1.3068E+02  3.3338E-01  4.8428E-02
  1.3094E+02  3.3325E-01  4.8504E-02
  1.3121E+02  3.3312E-01  4.8580E-02
  1.3147E+02  3.3299E-01  4.8657E-02
  1.3174E+02  3.3286E-01  4.8737E-02
  1.3200E+02  3.3274E-01  4.8819E-02
  1.3226E+02  3.3262E-01  4.8906E-02
  1.3253E+02  3.3251E-01  4.8998E-02
  1.3279E+02  3.3241E-01  4.9093E-02
  1.3306E+02  3.3230E-01  4.9192E-02
  1.3332E+02  3.3220E-01  4.9292E-02
  1.3358E+02  3.3210E-01  4.9391E-02
  1.3385E+02  3.3200E-01  4.9488E-02
  1.3411E+02  3.3188E-01  4.9579E-02
  1.3438E+02  3.3176E-01  4.9664E-02
  1.3464E+02  3.3163E-01  4.9740E-02
  1.3490E+02  3.3149E-01  4.9807E-02
  1.3517E+02  3.3133E-01  4.9867E-02
  1.3543E+02  3.3117E-01  4.9920E-02
  1.3570E+02  3.3101E-01  4.9969E-02
  1.3596E+02  3.3084E-01  5.0016E-02
  1.3622E+02  3.3067E-01  5.0062E-02
  1.3649E+02  3.3051E-01  5.0111E-02
  1.3675E+02  3.3035E-01  5.0164E-02
  1.3702E+02  3.3020E-01  5.0222E-02
  1.3728E+02  3.3005E-01  5.0285E-02
  1.3754E+02  3.2992E-01  5.0354E-02
  1.3781E+02  3.2979E-01  5.0429E-02
  1.3807E+02  3.2967E-01  5.0510E-02
  1.3834E+02  3.2956E-01  5.0595E-02
  1.3860E+02  3.2946E-01  5.0684E-02
  1.3886E+02  3.2936E-01  5.0776E-02
  1.3913E+02  3.2926E-01  5.0873E-02
  1.3939E+02  3.2918E-01  5.0974E-02
  1.3966E+02  3.2909E-01  5.1078E-02
  1.3992E+02  3.2902E-01  5.1187E-02
  1.4018E+02  3.2895E-01  5.1301E-02
  1.4045E+02  3.2889E-01  5.1417E-02
  1.4071E+02  3.2883E-01  5.1537E-02
  1.4098E+02  3.2878E-01  5.1658E-02
  1.4124E+02  3.2873E-01  5.1780E-02
  1.4150E+02  3.2868E-01  5.1902E-02
  1.4177E+02  3.2863E-01  5.2021E-02
  1.4203E+02  3.2857E-01  5.2138E-02
  1.4230E+02  3.2852E-01  5.2251E-02
  1.4256E+02  3.2845E-01  5.2358E-02
  1.4282E+02  3.2838E-01  5.2460E-02
  1.4309E+02  3.2831E-01  5.2556E-02
  1.4335E+02  3.2822E-01  5.2643E-02
  1.4362E+02  3.2812E-01  5.2722E-02
  1.4388E+02  3.2801E-01  5.2794E-02
  1.4414E+02  3.2788E-01  5.2858E-02
  1.4441E+02  3.2775E-01  5.2915E-02
  1.4467E+02  3.2761E-01  5.2969E-02
  1.4494E+02  3.2746E-01  5.3020E-02
  1.4520E+02  3.2731E-01  5.3069E-02
  1.4546E+02  3.2715E-01  5.3119E-02
  1.4573E+02  3.2700E-01  5.3168E-02
  1.4599E+02  3.2684E-01  5.3218E-02
  1.4626E+02  3.2669E-01  5.3269E-02
  1.4652E+02  3.2654E-01  5.3322E-02
  1.4678E+02  3.2640E-01  5.3377E-02
  1.4705E+02  3.2626E-01  5.3436E-02
  1.4731E+02  3.2614E-01  5.3501E-02
  1.4758E+02  3.2602E-01  5.3571E-02
  1.4784E+02  3.2591E-01  5.3647E-02
  1.4810E+02  3.2582E-01  5.3730E-02
  1.4837E+02  3.2573E-01  5.3818E-02
  1.4863E+02  3.2565E-01  5.3910E-02
  1.4890E+02  3.2558E-01  5.4007E-02
  1.4916E+02  3.2552E-01  5.4106E-02
  1.4942E+02  3.2546E-01  5.4208E-02
  1.4969E+02  3.2541E-01  5.4311E-02
  1.4995E+02  3.2537E-01  5.4417E-02
  1.5022E+02  3.2533E-01  5.4525E-02
  1.5048E+02  3.2529E-01  5.4635E-02
  1.5074E+02  3.2526E-01  5.4747E-02
  1.5101E+02  3.2522E-01  5.4861E-02
  1.5127E+02  3.2519E-01  5.4976E-02
  1.5154E+02  3.2515E-01  5.5091E-02
  1.5180E+02  3.2512E-01  5.5205E-02
  1.5206E+02  3.2508E-01  5.5317E-02
  1.5233E+02  3.2504E-01  5.5427E-02
  1.5259E+02  3.2499E-01  5.5535E-02
  1.5286E+02  3.2494E-01  5.5639E-02
  1.5312E+02  3.2488E-01  5.5741E-02
  1.5338E+02  3.2482E-01  5.5839E-02
  1.5365E+02  3.2476E-01  5.5933E-02
  1.5391E+02  3.2468E-01  5.6024E-02
  1.5418E+02  3.2460E-01  5.6109E-02
  1.5444E+02  3.2451E-01  5.6189E-02
  1.5470E+02  3.2442E-01  5.6263E-02
  1.5497E+02  3.2431E-01  5.6332E-02
  1.5523E+02  3.2420E-01  5.6397E-02
  1.5550E+02  3.2408E-01  5.6458E-02
  1.5576E+02  3.2395E-01  5.6518E-02
  1.5602E+02  3.2382E-01  5.6577E-02
  1.5629E+02  3.2369E-01  5.6636E-02
  1.5655E+02  3.2356E-01  5.6696E-02
  1.5682E+02  3.2343E-01  5.6758E-02
  1.5708E+02  3.2329E-01  5.6822E-02
  1.5734E+02  3.2316E-01  5.6888E-02
  1.5761E+02  3.2303E-01  5.6956E-02
  1.5787E+02  3.2289E-01  5.7025E-02
  1.5814E+02  3.2276E-01  5.7095E-02
  1.5840E+02  3.2263E-01  5.7166E-02
  1.5866E+02  3.2250E-01  5.7239E-02
  1.5893E+02  3.2237E-01  5.7314E-02
  1.5919E+02  3.2225E-01  5.7391E-02
  1.5946E+02  3.2212E-01  5.7471E-02
  1.5972E+02  3.2200E-01  5.7555E-02
  1.5998E+02  3.2188E-01  5.7641E-02
  1.6025E+02  3.2176E-01  5.7729E-02
  1.6051E+02  3.2165E-01  5.7818E-02
  1.6078E+02  3.2154E-01  5.7909E-02
  1.6104E+02  3.2143E-01  5.7998E-02
  1.6130E+02  3.2132E-01  5.8087E-02
  1.6157E+02  3.2121E-01  5.8174E-02
  1.6183E+02  3.2110E-01  5.8259E-02
  1.6210E+02  3.2100E-01  5.8342E-02
  1.6236E+02  3.2089E-01  5.8422E-02
  1.6262E+02  3.2079E-01  5.8501E-02
  1.6289E+02  3.2068E-01  5.8578E-02
  1.6315E+02  3.2058E-01  5.8655E-02
  1.6342E+02  3.2048E-01  5.8732E-02
  1.6368E+02  3.2039E-01  5.8811E-02
  1.6394E+02  3.2029E-01  5.8892E-02
  1.6421E+02  3.2020E-01  5.8975E-02
  1.6447E+02  3.2012E-01  5.9060E-02
  1.6474E+02  3.2003E-01  5.9147E-02
  1.6500E+02  3.1994E-01  5.9236E-02
  1.6526E+02  3.1986E-01  5.9325E-02
  1.6553E+02  3.1977E-01  5.9414E-02
  1.6579E+02  3.1969E-01  5.9502E-02
  1.6606E+02  3.1960E-01  5.9590E-02
  1.6632E+02  3.1952E-01  5.9676E-02
  1.6658E+02  3.1943E-01  5.9762E-02
  1.6685E+02  3.1934E-01  5.9848E-02
  1.6711E+02  3.1925E-01  5.9932E-02
  1.6738E+02  3.1916E-01  6.0016E-02
  1.6764E+02  3.1908E-01  6.0099E-02
  1.6790E+02  3.1899E-01  6.0182E-02
  1.6817E+02  3.1890E-01  6.0264E-02
  1.6843E+02  3.1882E-01  6.0347E-02
  1.6870E+02  3.1873E-01  6.0431E-02
  1.6896E+02  3.1864E-01  6.0517E-02
  1.6922E+02  3.1856E-01  6.0603E-02
  1.6949E+02  3.1847E-01  6.0691E-02
  1.6975E+02  3.1838E-01  6.0779E-02
  1.7002E+02  3.1830E-01  6.0866E-02
  1.7028E+02  3.1820E-01  6.0953E-02
  1.7054E+02  3.1811E-01  6.1039E-02
  1.7081E+02  3.1802E-01  6.1123E-02
  1.7107E+02  3.1792E-01  6.1205E-02
  1.7134E+02  3.1782E-01  6.1285E-02
  1.7160E+02  3.1772E-01  6.1365E-02
  1.7186E+02  3.1762E-01  6.1442E-02
  1.7213E+02  3.1751E-01  6.1519E-02
  1.7239E+02  3.1740E-01  6.1594E-02
  1.7266E+02  3.1729E-01  6.1668E-02
  1.7292E+02  3.1718E-01  6.1741E-02
  1.7318E+02  3.1707E-01  6.1813E-02
  1.7345E+02  3.1696E-01  6.1885E-02
  1.7371E+02  3.1686E-01  6.1957E-02
  1.7398E+02  3.1675E-01  6.2030E-02
  1.7424E+02  3.1664E-01  6.2104E-02
  1.7450E+02  3.1654E-01  6.2179E-02
  1.7477E+02  3.1644E-01  6.2256E-02
  1.7503E+02  3.1634E-01  6.2334E-02
  1.7530E+02  3.1624E-01  6.2414E-02
  1.7556E+02  3.1614E-01  6.2494E-02
  1.7582E+02  3.1604E-01  6.2576E-02
  1.7609E+02  3.1595E-01  6.2658E-02
  1.7635E+02  3.1585E-01  6.2742E-02
  1.7662E+02  3.1576E-01  6.2825E-02
  1.7688E+02  3.1567E-01  6.2909E-02
  1.7714E+02  3.1558E-01  6.2994E-02
  1.7741E+02  3.1548E-01  6.3078E-02
  1.7767E+02  3.1539E-01  6.3162E-02
  1.7794E+02  3.1530E-01  6.3247E-02
  1.7820E+02  3.1521E-01  6.3330E-02
  1.7846E+02  3.1511E-01  6.3413E-02
  1.7873E+02  3.1502E-01  6.3495E-02
  1.7899E+02  3.1493E-01  6.3576E-02
  1.7926E+02  3.1483E-01  6.3656E-02
  1.7952E+02  3.1474E-01  6.3736E-02
  1.7978E+02  3.1464E-01  6.3816E-02
  1.8005E+02  3.1455E-01  6.3896E-02
  1.8031E+02  3.1445E-01  6.3976E-02
  1.8058E+02  3.1435E-01  6.4056E-02
  1.8084E+02  3.1426E-01  6.4136E-02
  1.8110E+02  3.1416E-01  6.4216E-02
  1.8137E+02  3.1406E-01  6.4295E-02
  1.8163E+02  3.1397E-01  6.4375E-02
  1.8190E+02  3.1387E-01  6.4455E-02
  1.8216E+02  3.1378E-01  6.4534E-02
  1.8242E+02  3.1368E-01  6.4614E-02
  1.8269E+02  3.1359E-01  6.4695E-02
  1.8295E+02  3.1350E-01  6.4776E-02
  1.8322E+02  3.1341E-01  6.4858E-02
  1.8348E+02  3.1331E-01  6.4941E-02
  1.8374E+02  3.1322E-01  6.5025E-02
  1.8401E+02  3.1313E-01  6.5109E-02
  1.8427E+02  3.1305E-01  6.5193E-02
  1.8454E+02  3.1296E-01  6.5276E-02
  1.8480E+02  3.1286E-01  6.5359E-02
  1.8506E+02  3.1277E-01  6.5441E-02
  1.8533E+02  3.1268E-01  6.5521E-02
  1.8559E+02  3.1259E-01  6.5601E-02
  1.8586E+02  3.1249E-01  6.5680E-02
  1.8612E+02  3.1240E-01  6.5759E-02
  1.8638E+02  3.1230E-01  6.5837E-02
  1.8665E+02  3.1220E-01  6.5915E-02
  1.8691E+02  3.1210E-01  6.5994E-02
  1.8718E+02  3.1201E-01  6.6072E-02
  1.8744E+02  3.1191E-01  6.6151E-02
  1.8770E+02  3.1181E-01  6.6230E-02
  1.8797E+02  3.1171E-01  6.6309E-02
  1.8823E+02  3.1162E-01  6.6388E-02
  1.8850E+02  3.1152E-01  6.6467E-02
  1.8876E+02  3.1142E-01  6.6547E-02
  1.8902E+02  3.1133E-01  6.6626E-02
  1.8929E+02  3.1123E-01  6.6704E-02
  1.8955E+02  3.1113E-01  6.6783E-02
  1.8982E+02  3.1104E-01  6.6861E-02
  1.9008E+02  3.1094E-01  6.6938E-02
  1.9034E+02  3.1084E-01  6.7016E-02
  1.9061E+02  3.1075E-01  6.7094E-02
  1.9087E+02  3.1065E-01  6.7172E-02
  1.9114E+02  3.1056E-01  6.7250E-02
  1.9140E+02  3.1046E-01  6.7328E-02
  1.9166E+02  3.1037E-01  6.7406E-02
  1.9193E+02  3.1028E-01  6.7485E-02
  1.9219E+02  3.1018E-01  6.7563E-02
  1.9246E+02  3.1009E-01  6.7641E-02
  1.9272E+02  3.1000E-01  6.7720E-02
  1.9298E+02  3.0991E-01  6.7799E-02
  1.9325E+02  3.0982E-01  6.7879E-02
  1.9351E+02  3.0972E-01  6.7959E-02
  1.9378E+02  3.0963E-01  6.8040E-02
  1.9404E+02  3.0954E-01  6.8121E-02
  1.9430E+02  3.0945E-01  6.8202E-02
  1.9457E+02  3.0936E-01  6.8283E-02
  1.9483E+02  3.0926E-01  6.8364E-02
  1.9510E+02  3.0917E-01  6.8444E-02
  1.9536E+02  3.0908E-01  6.8524E-02
  1.9562E+02  3.0899E-01  6.8603E-02
  1.9589E+02  3.0889E-01  6.8682E-02
  1.9615E+02  3.0880E-01  6.8760E-02
  1.9642E+02  3.0871E-01  6.8838E-02
  1.9668E+02  3.0861E-01  6.8916E-02
  1.9694E+02  3.0852E-01  6.8994E-02
  1.9721E+02  3.0843E-01  6.9071E-02
  1.9747E+02  3.0833E-01  6.9149E-02
  1.9774E+02  3.0824E-01  6.9227E-02
  1.9800E+02  3.0815E-01  6.9305E-02
  1.9826E+02  3.0805E-01  6.9384E-02
  1.9853E+02  3.0796E-01  6.9462E-02
  1.9879E+02  3.0787E-01  6.9541E-02
  1.9906E+02  3.0777E-01  6.9620E-02
  1.9932E+02  3.0768E-01  6.9698E-02
  1.9958E+02  3.0759E-01  6.9776E-02
  1.9985E+02  3.0749E-01  6.9854E-02
  2.0011E+02  3.0740E-01  6.9932E-02
  2.0038E+02  3.0731E-01  7.0010E-02
  2.0064E+02  3.0721E-01  7.0088E-02
  2.0090E+02  3.0712E-01  7.0166E-02
  2.0117E+02  3.0703E-01  7.0244E-02
  2.0143E+02  3.0693E-01  7.0322E-02
  2.0170E+02  3.0684E-01  7.0401E-02
  2.0196E+02  3.0675E-01  7.0480E-02
  2.0222E+02  3.0666E-01  7.0560E-02
  2.0249E+02  3.0656E-01  7.0639E-02
  2.0275E+02  3.0647E-01  7.0718E-02
  2.0302E+02  3.0638E-01  7.0797E-02
  2.0328E+02  3.0628E-01  7.0876E-02
  2.0354E+02  3.0619E-01  7.0954E-02
  2.0381E+02  3.0609E-01  7.1033E-02
  2.0407E+02  3.0600E-01  7.1111E-02
  2.0434E+02  3.0590E-01  7.1189E-02
  2.0460E+02  3.0581E-01  7.1266E-02
  2.0486E+02  3.0571E-01  7.1343E-02
  2.0513E+02  3.0562E-01  7.1420E-02
  2.0539E+02  3.0552E-01  7.1496E-02
  2.0566E+02  3.0543E-01  7.1571E-02
  2.0592E+02  3.0533E-01  7.1646E-02
  2.0618E+02  3.0523E-01  7.1720E-02
  2.0645E+02  3.0514E-01  7.1795E-02
  2.0671E+02  3.0504E-01  7.1869E-02
  2.0698E+02  3.0494E-01  7.1943E-02
  2.0724E+02  3.0485E-01  7.2018E-02
  2.0750E+02  3.0475E-01  7.2093E-02
  2.0777E+02  3.0466E-01  7.2168E-02
  2.0803E+02  3.0456E-01  7.2243E-02
  2.0830E+02  3.0447E-01  7.2318E-02
  2.0856E+02  3.0437E-01  7.2393E-02
  2.0882E+02  3.0428E-01  7.2468E-02
  2.0909E+02  3.0418E-01  7.2543E-02
  2.0935E+02  3.0409E-01  7.2619E-02
  2.0962E+02  3.0399E-01  7.2694E-02
  2.0988E+02  3.0390E-01  7.2770E-02
  2.1014E+02  3.0381E-01  7.2846E-02
  2.1041E+02  3.0372E-01  7.2923E-02
  2.1067E+02  3.0362E-01  7.3001E-02
  2.1094E+02  3.0353E-01  7.3079E-02
  2.1120E+02  3.0344E-01  7.3158E-02
  2.1146E+02  3.0335E-01  7.3237E-02
  2.1173E+02  3.0326E-01  7.3317E-02
  2.1199E+02  3.0317E-01  7.3397E-02
  2.1226E+02  3.0308E-01  7.3478E-02
  2.1252E+02  3.0299E-01  7.3559E-02
  2.1278E+02  3.0290E-01  7.3640E-02
  2.1305E+02  3.0281E-01  7.3721E-02
  2.1331E+02  3.0272E-01  7.3802E-02
  2.1358E+02  3.0263E-01  7.3883E-02
  2.1384E+02  3.0254E-01  7.3963E-02
  2.1410E+02  3.0245E-01  7.4043E-02
  2.1437E+02  3.0236E-01  7.4123E-02
  2.1463E+02  3.0226E-01  7.4201E-02
  2.1490E+02  3.0217E-01  7.4278E-02
  2.1516E+02  3.0208E-01  7.4354E-02
  2.1542E+02  3.0198E-01  7.4429E-02
  2.1569E+02  3.0189E-01  7.4502E-02
  2.1595E+02  3.0179E-01  7.4574E-02
  2.1622E+02  3.0169E-01  7.4645E-02
  2.1648E+02  3.0160E-01  7.4715E-02
  2.1674E+02  3.0150E-01  7.4784E-02
  2.1701E+02  3.0140E-01  7.4853E-02
  2.1727E+02  3.0130E-01  7.4922E-02
  2.1754E+02  3.0121E-01  7.4991E-02
  2.1780E+02  3.0111E-01  7.5060E-02
  2.1806E+02  3.0101E-01  7.5130E-02
  2.1833E+02  3.0092E-01  7.5201E-02
  2.1859E+02  3.0082E-01  7.5272E-02
  2.1886E+02  3.0072E-01  7.5345E-02
  2.1912E+02  3.0063E-01  7.5418E-02
  2.1938E+02  3.0054E-01  7.5492E-02
  2.1965E+02  3.0044E-01  7.5567E-02
  2.1991E+02  3.0035E-01  7.5642E-02
  2.2018E+02  3.0026E-01  7.5718E-02
  2.2044E+02  3.0017E-01  7.5794E-02
  2.2070E+02  3.0008E-01  7.5871E-02
  2.2097E+02  2.9998E-01  7.5948E-02
  2.2123E+02  2.9989E-01  7.6025E-02
  2.2150E+02  2.9980E-01  7.6102E-02
  2.2176E+02  2.9971E-01  7.6179E-02
  2.2202E+02  2.9962E-01  7.6257E-02
  2.2229E+02  2.9953E-01  7.6334E-02
  2.2255E+02  2.9944E-01  7.6411E-02
  2.2282E+02  2.9935E-01  7.6488E-02
  2.2308E+02  2.9926E-01  7.6565E-02
  2.2334E+02  2.9917E-01  7.6641E-02
  2.2361E+02  2.9908E-01  7.6718E-02
  2.2387E+02  2.9898E-01  7.6794E-02
  2.2414E+02  2.9889E-01  7.6870E-02
  2.2440E+02  2.9880E-01  7.6945E-02
  2.2466E+02  2.9871E-01  7.7020E-02
  2.2493E+02  2.9862E-01  7.7095E-02
  2.2519E+02  2.9852E-01  7.7169E-02
  2.2546E+02  2.9843E-01  7.7243E-02
  2.2572E+02  2.9834E-01  7.7317E-02
  2.2598E+02  2.9824E-01  7.7390E-02
  2.2625E+02  2.9815E-01  7.7463E-02
  2.2651E+02  2.9806E-01  7.7536E-02
  2.2678E+02  2.9796E-01  7.7608E-02
  2.2704E+02  2.9787E-01  7.7680E-02
  2.2730E+02  2.9777E-01  7.7752E-02
  2.2757E+02  2.9768E-01  7.7824E-02
  2.2783E+02  2.9758E-01  7.7896E-02
  2.2810E+02  2.9749E-01  7.7968E-02
  2.2836E+02  2.9739E-01  7.8040E-02
  2.2862E+02  2.9730E-01  7.8112E-02
  2.2889E+02  2.9720E-01  7.8184E-02
  2.2915E+02  2.9711E-01  7.8256E-02
  2.2942E+02  2.9701E-01  7.8328E-02
  2.2968E+02  2.9691E-01  7.8400E-02
  2.2994E+02  2.9682E-01  7.8472E-02
  2.3021E+02  2.9672E-01  7.8544E-02
  2.3047E+02  2.9662E-01  7.8616E-02
  2.3074E+02  2.9653E-01  7.8688E-02
  2.3100E+02  2.9643E-01  7.8761E-02
  2.3126E+02  2.9634E-01  7.8833E-02
  2.3153E+02  2.9624E-01  7.8906E-02
  2.3179E+02  2.9615E-01  7.8979E-02
  2.3206E+02  2.9605E-01  7.9052E-02
  2.3232E+02  2.9596E-01  7.9126E-02
  2.3258E+02  2.9587E-01  7.9199E-02
  2.3285E+02  2.9577E-01  7.9272E-02
  2.3311E+02  2.9568E-01  7.9346E-02
  2.3338E+02  2.9559E-01  7.9420E-02
  2.3364E+02  2.9549E-01  7.9493E-02
  2.3390E+02  2.9540E-01  7.9567E-02
  2.3417E+02  2.9531E-01  7.9641E-02
  2.3443E+02  2.9522E-01  7.9715E-02
  2.3470E+02  2.9513E-01  7.9788E-02
  2.3496E+02  2.9504E-01  7.9862E-02
  2.3522E+02  2.9494E-01  7.9936E-02
  2.3549E+02  2.9485E-01  8.0009E-02
  2.3575E+02  2.9476E-01  8.0083E-02
  2.3602E+02  2.9467E-01  8.0156E-02
  2.3628E+02  2.9458E-01  8.0229E-02
  2.3654E+02  2.9449E-01  8.0303E-02
  2.3681E+02  2.9440E-01  8.0376E-02
  2.3707E+02  2.9430E-01  8.0449E-02
  2.3734E+02  2.9421E-01  8.0521E-02
  2.3760E+02  2.9412E-01  8.0594E-02
  2.3786E+02  2.9403E-01  8.0667E-02
  2.3813E+02  2.9394E-01  8.0739E-02
  2.3839E+02  2.9384E-01  8.0811E-02
  2.3866E+02  2.9375E-01  8.0882E-02
  2.3892E+02  2.9366E-01  8.0954E-02
  2.3918E+02  2.9357E-01  8.1025E-02
  2.3945E+02  2.9347E-01  8.1096E-02
  2.3971E+02  2.9338E-01  8.1167E-02
  2.3998E+02  2.9329E-01  8.1238E-02
  2.4024E+02  2.9320E-01  8.1309E-02
  2.4050E+02  2.9310E-01  8.1381E-02
  2.4077E+02  2.9301E-01  8.1452E-02
  2.4103E+02  2.9292E-01  8.1524E-02
  2.4130E+02  2.9282E-01  8.1595E-02
  2.4156E+02  2.9273E-01  8.1667E-02
  2.4182E+02  2.9264E-01  8.1739E-02
  2.4209E+02  2.9255E-01  8.1810E-02
  2.4235E+02  2.9245E-01  8.1882E-02
  2.4262E+02  2.9236E-01  8.1953E-02
  2.4288E+02  2.9227E-01  8.2024E-02
  2.4314E+02  2.9217E-01  8.2095E-02
  2.4341E+02  2.9208E-01  8.2166E-02
  2.4367E+02  2.9199E-01  8.2237E-02
  2.4394E+02  2.9190E-01  8.2307E-02
  2.4420E+02  2.9180E-01  8.2378E-02
  2.4446E+02  2.9171E-01  8.2449E-02
  2.4473E+02  2.9162E-01  8.2520E-02
  2.4499E+02  2.9152E-01  8.2591E-02
  2.4526E+02  2.9143E-01  8.2662E-02
  2.4552E+02  2.9134E-01  8.2733E-02
  2.4578E+02  2.9125E-01  8.2805E-02
  2.4605E+02  2.9115E-01  8.2876E-02
  2.4631E+02  2.9106E-01  8.2947E-02
  2.4658E+02  2.9097E-01  8.3019E-02
  2.4684E+02  2.9088E-01  8.3090E-02
  2.4710E+02  2.9078E-01  8.3161E-02
  2.4737E+02  2.9069E-01  8.3232E-02
  2.4763E+02  2.9060E-01  8.3302E-02
  2.4790E+02  2.9051E-01  8.3373E-02
  2.4816E+02  2.9041E-01  8.3444E-02
  2.4842E+02  2.9032E-01  8.3514E-02
  2.4869E+02  2.9023E-01  8.3584E-02
  2.4895E+02  2.9014E-01  8.3655E-02
  2.4922E+02  2.9004E-01  8.3725E-02
  2.4948E+02  2.8995E-01  8.3795E-02
  2.4974E+02  2.8986E-01  8.3866E-02
  2.5001E+02  2.8977E-01  8.3936E-02
  2.5027E+02  2.8967E-01  8.4006E-02
  2.5054E+02  2.8958E-01  8.4077E-02
  2.5080E+02  2.8949E-01  8.4147E-02
  2.5106E+02  2.8940E-01  8.4217E-02
  2.5133E+02  2.8931E-01  8.4288E-02
  2.5159E+02  2.8921E-01  8.4358E-02
  2.5186E+02  2.8912E-01  8.4428E-02
  2.5212E+02  2.8903E-01  8.4498E-02
  2.5238E+02  2.8894E-01  8.4568E-02
  2.5265E+02  2.8884E-01  8.4637E-02
  2.5291E+02  2.8875E-01  8.4707E-02
  2.5318E+02  2.8866E-01  8.4776E-02
  2.5344E+02  2.8857E-01  8.4846E-02
  2.5370E+02  2.8847E-01  8.4915E-02
  2.5397E+02  2.8838E-01  8.4985E-02
  2.5423E+02  2.8829E-01  8.5054E-02
  2.5450E+02  2.8820E-01  8.5123E-02
  2.5476E+02  2.8810E-01  8.5193E-02
  2.5502E+02  2.8801E-01  8.5262E-02
  2.5529E+02  2.8792E-01  8.5332E-02
  2.5555E+02  2.8783E-01  8.5401E-02
  2.5582E+02  2.8773E-01  8.5471E-02
  2.5608E+02  2.8764E-01  8.5540E-02
  2.5634E+02  2.8755E-01  8.5610E-02
  2.5661E+02  2.8746E-01  8.5679E-02
  2.5687E+02  2.8736E-01  8.5748E-02
  2.5714E+02  2.8727E-01  8.5817E-02
  2.5740E+02  2.8718E-01  8.5886E-02
  2.5766E+02  2.8709E-01  8.5955E-02
  2.5793E+02  2.8699E-01  8.6024E-02
  2.5819E+02  2.8690E-01  8.6093E-02
  2.5846E+02  2.8681E-01  8.6161E-02
  2.5872E+02  2.8672E-01  8.6230E-02
  2.5898E+02  2.8662E-01  8.6299E-02
  2.5925E+02  2.8653E-01  8.6367E-02
  2.5951E+02  2.8644E-01  8.6436E-02
  2.5978E+02  2.8635E-01  8.6505E-02
  2.6004E+02  2.8625E-01  8.6573E-02
  2.6030E+02  2.8616E-01  8.6642E-02
  2.6057E+02  2.8607E-01  8.6710E-02
  2.6083E+02  2.8598E-01  8.6779E-02
  2.6110E+02  2.8589E-01  8.6848E-02
  2.6136E+02  2.8579E-01  8.6916E-02
  2.6162E+02  2.8570E-01  8.6985E-02
  2.6189E+02  2.8561E-01  8.7053E-02
  2.6215E+02  2.8552E-01  8.7122E-02
  2.6242E+02  2.8543E-01  8.7190E-02
  2.6268E+02  2.8533E-01  8.7259E-02
  2.6294E+02  2.8524E-01  8.7327E-02
  2.6321E+02  2.8515E-01  8.7395E-02
  2.6347E+02  2.8506E-01  8.7463E-02
  2.6374E+02  2.8497E-01  8.7532E-02
  2.6400E+02  2.8487E-01  8.7600E-02
  2.6426E+02  2.8478E-01  8.7668E-02
  2.6453E+02  2.8469E-01  8.7736E-02
  2.6479E+02  2.8460E-01  8.7803E-02
  2.6506E+02  2.8451E-01  8.7871E-02
  2.6532E+02  2.8441E-01  8.7939E-02
  2.6558E+02  2.8432E-01  8.8007E-02
  2.6585E+02  2.8423E-01  8.8075E-02
  2.6611E+02  2.8414E-01  8.8143E-02
  2.6638E+02  2.8405E-01  8.8210E-02
  2.6664E+02  2.8395E-01  8.8278E-02
  2.6690E+02  2.8386E-01  8.8346E-02
  2.6717E+02  2.8377E-01  8.8413E-02
  2.6743E+02  2.8368E-01  8.8481E-02
  2.6770E+02  2.8359E-01  8.8548E-02
  2.6796E+02  2.8349E-01  8.8616E-02
  2.6822E+02  2.8340E-01  8.8683E-02
  2.6849E+02  2.8331E-01  8.8751E-02
  2.6875E+02  2.8322E-01  8.8818E-02
  2.6902E+02  2.8313E-01  8.8886E-02
  2.6928E+02  2.8303E-01  8.8953E-02
  2.6954E+02  2.8294E-01  8.9020E-02
  2.6981E+02  2.8285E-01  8.9088E-02
  2.7007E+02  2.8276E-01  8.9155E-02
  2.7034E+02  2.8267E-01  8.9222E-02
  2.7060E+02  2.8257E-01  8.9289E-02
  2.7086E+02  2.8248E-01  8.9355E-02
  2.7113E+02  2.8239E-01  8.9422E-02
  2.7139E+02  2.8230E-01  8.9489E-02
  2.7166E+02  2.8221E-01  8.9556E-02
  2.7192E+02  2.8211E-01  8.9623E-02
  2.7218E+02  2.8202E-01  8.9690E-02
  2.7245E+02  2.8193E-01  8.9756E-02
  2.7271E+02  2.8184E-01  8.9823E-02
  2.7298E+02  2.8175E-01  8.9890E-02
  2.7324E+02  2.8165E-01  8.9957E-02
  2.7350E+02  2.8156E-01  9.0023E-02
  2.7377E+02  2.8147E-01  9.0090E-02
  2.7403E+02  2.8138E-01  9.0157E-02
  2.7430E+02  2.8129E-01  9.0223E-02
  2.7456E+02  2.8119E-01  9.0290E-02
  2.7482E+02  2.8110E-01  9.0356E-02
  2.7509E+02  2.8101E-01  9.0423E-02
  2.7535E+02  2.8092E-01  9.0489E-02
  2.7562E+02  2.8083E-01  9.0556E-02
  2.7588E+02  2.8073E-01  9.0622E-02
  2.7614E+02  2.8064E-01  9.0688E-02
  2.7641E+02  2.8055E-01  9.0755E-02
  2.7667E+02  2.8046E-01  9.0821E-02
  2.7694E+02  2.8036E-01  9.0887E-02
  2.7720E+02  2.8027E-01  9.0953E-02
  2.7746E+02  2.8018E-01  9.1019E-02
  2.7773E+02  2.8009E-01  9.1085E-02
  2.7799E+02  2.8000E-01  9.1150E-02
  2.7826E+02  2.7990E-01  9.1216E-02
  2.7852E+02  2.7981E-01  9.1281E-02
  2.7878E+02  2.7972E-01  9.1347E-02
  2.7905E+02  2.7963E-01  9.1412E-02
  2.7931E+02  2.7954E-01  9.1478E-02
  2.7958E+02  2.7944E-01  9.1543E-02
  2.7984E+02  2.7935E-01  9.1608E-02
  2.8010E+02  2.7926E-01  9.1674E-02
  2.8037E+02  2.7917E-01  9.1739E-02
  2.8063E+02  2.7908E-01  9.1804E-02
  2.8090E+02  2.7899E-01  9.1869E-02
  2.8116E+02  2.7889E-01  9.1934E-02
  2.8142E+02  2.7880E-01  9.2000E-02
  2.8169E+02  2.7871E-01  9.2065E-02
  2.8195E+02  2.7862E-01  9.2130E-02
  2.8222E+02  2.7853E-01  9.2196E-02
  2.8248E+02  2.7843E-01  9.2261E-02
  2.8274E+02  2.7834E-01  9.2326E-02
  2.8301E+02  2.7825E-01  9.2392E-02
  2.8327E+02  2.7816E-01  9.2457E-02
  2.8354E+02  2.7807E-01  9.2522E-02
  2.8380E+02  2.7797E-01  9.2588E-02
  2.8406E+02  2.7788E-01  9.2653E-02
  2.8433E+02  2.7779E-01  9.2718E-02
  2.8459E+02  2.7770E-01  9.2783E-02
  2.8486E+02  2.7761E-01  9.2849E-02
  2.8512E+02  2.7752E-01  9.2914E-02
  2.8538E+02  2.7742E-01  9.2979E-02
  2.8565E+02  2.7733E-01  9.3044E-02
  2.8591E+02  2.7724E-01  9.3109E-02
  2.8618E+02  2.7715E-01  9.3173E-02
  2.8644E+02  2.7706E-01  9.3238E-02
  2.8670E+02  2.7697E-01  9.3303E-02
  2.8697E+02  2.7687E-01  9.3367E-02
  2.8723E+02  2.7678E-01  9.3431E-02
  2.8750E+02  2.7669E-01  9.3496E-02
  2.8776E+02  2.7660E-01  9.3560E-02
  2.8802E+02  2.7651E-01  9.3624E-02
  2.8829E+02  2.7641E-01  9.3688E-02
  2.8855E+02  2.7632E-01  9.3752E-02
  2.8882E+02  2.7623E-01  9.3816E-02
  2.8908E+02  2.7614E-01  9.3880E-02
  2.8934E+02  2.7605E-01  9.3944E-02
  2.8961E+02  2.7595E-01  9.4007E-02
  2.8987E+02  2.7586E-01  9.4071E-02
  2.9014E+02  2.7577E-01  9.4135E-02
  2.9040E+02  2.7568E-01  9.4199E-02
  2.9066E+02  2.7559E-01  9.4263E-02
  2.9093E+02  2.7549E-01  9.4326E-02
  2.9119E+02  2.7540E-01  9.4390E-02
  2.9146E+02  2.7531E-01  9.4454E-02
  2.9172E+02  2.7522E-01  9.4518E-02
  2.9198E+02  2.7513E-01  9.4581E-02
  2.9225E+02  2.7503E-01  9.4645E-02
  2.9251E+02  2.7494E-01  9.4709E-02
  2.9278E+02  2.7485E-01  9.4773E-02
  2.9304E+02  2.7476E-01  9.4836E-02
  2.9330E+02  2.7467E-01  9.4900E-02
  2.9357E+02  2.7458E-01  9.4964E-02
  2.9383E+02  2.7448E-01  9.5028E-02
  2.9410E+02  2.7439E-01  9.5091E-02
  2.9436E+02  2.7430E-01  9.5155E-02
  2.9462E+02  2.7421E-01  9.5219E-02
  2.9489E+02  2.7412E-01  9.5282E-02
  2.9515E+02  2.7403E-01  9.5346E-02
  2.9542E+02  2.7393E-01  9.5409E-02
  2.9568E+02  2.7384E-01  9.5473E-02
  2.9594E+02  2.7375E-01  9.5536E-02
  2.9621E+02  2.7366E-01  9.5599E-02
  2.9647E+02  2.7357E-01  9.5662E-02
  2.9674E+02  2.7347E-01  9.5725E-02
  2.9700E+02  2.7338E-01  9.5788E-02
  2.9726E+02  2.7329E-01  9.5851E-02
  2.9753E+02  2.7320E-01  9.5914E-02
  2.9779E+02  2.7311E-01  9.5977E-02
  2.9806E+02  2.7301E-01  9.6039E-02
  2.9832E+02  2.7292E-01  9.6102E-02
  2.9858E+02  2.7283E-01  9.6164E-02
  2.9885E+02  2.7274E-01  9.6227E-02
  2.9911E+02  2.7265E-01  9.6289E-02
  2.9938E+02  2.7255E-01  9.6351E-02
  2.9964E+02  2.7246E-01  9.6414E-02
  2.9990E+02  2.7237E-01  9.6476E-02
  3.0017E+02  2.7228E-01  9.6538E-02
  3.0043E+02  2.7219E-01  9.6601E-02
  3.0070E+02  2.7209E-01  9.6663E-02
  3.0096E+02  2.7200E-01  9.6725E-02
  3.0122E+02  2.7191E-01  9.6787E-02
  3.0149E+02  2.7182E-01  9.6849E-02
  3.0175E+02  2.7173E-01  9.6911E-02
  3.0202E+02  2.7163E-01  9.6973E-02
  3.0228E+02  2.7154E-01  9.7035E-02
  3.0254E+02  2.7145E-01  9.7097E-02
  3.0281E+02  2.7136E-01  9.7159E-02
  3.0307E+02  2.7127E-01  9.7221E-02
  3.0334E+02  2.7117E-01  9.7283E-02
  3.0360E+02  2.7108E-01  9.7345E-02
  3.0386E+02  2.7099E-01  9.7407E-02
  3.0413E+02  2.7090E-01  9.7469E-02
  3.0439E+02  2.7081E-01  9.7530E-02
  3.0466E+02  2.7071E-01  9.7592E-02
  3.0492E+02  2.7062E-01  9.7654E-02
  3.0518E+02  2.7053E-01  9.7716E-02
  3.0545E+02  2.7044E-01  9.7778E-02
  3.0571E+02  2.7035E-01  9.7839E-02
  3.0598E+02  2.7025E-01  9.7901E-02
  3.0624E+02  2.7016E-01  9.7963E-02
  3.0650E+02  2.7007E-01  9.8024E-02
  3.0677E+02  2.6998E-01  9.8086E-02
  3.0703E+02  2.6989E-01  9.8147E-02
  3.0730E+02  2.6979E-01  9.8209E-02
  3.0756E+02  2.6970E-01  9.8270E-02
  3.0782E+02  2.6961E-01  9.8331E-02
  3.0809E+02  2.6952E-01  9.8393E-02
  3.0835E+02  2.6943E-01  9.8454E-02
  3.0862E+02  2.6934E-01  9.8515E-02
  3.0888E+02  2.6924E-01  9.8576E-02
  3.0914E+02  2.6915E-01  9.8637E-02
  3.0941E+02  2.6906E-01  9.8698E-02
  3.0967E+02  2.6897E-01  9.8759E-02
  3.0994E+02  2.6888E-01  9.8820E-02
  3.1020E+02  2.6878E-01  9.8881E-02
  3.1046E+02  2.6869E-01  9.8941E-02
  3.1073E+02  2.6860E-01  9.9002E-02
  3.1099E+02  2.6851E-01  9.9063E-02
  3.1126E+02  2.6842E-01  9.9123E-02
  3.1152E+02  2.6832E-01  9.9184E-02
  3.1178E+02  2.6823E-01  9.9244E-02
  3.1205E+02  2.6814E-01  9.9305E-02
  3.1231E+02  2.6805E-01  9.9365E-02
  3.1258E+02  2.6796E-01  9.9426E-02
  3.1284E+02  2.6786E-01  9.9486E-02
  3.1310E+02  2.6777E-01  9.9547E-02
  3.1337E+02  2.6768E-01  9.9607E-02
  3.1363E+02  2.6759E-01  9.9667E-02
  3.1390E+02  2.6749E-01  9.9728E-02
  3.1416E+02  2.6740E-01  9.9788E-02
  3.1442E+02  2.6731E-01  9.9848E-02
  3.1469E+02  2.6722E-01  9.9908E-02
  3.1495E+02  2.6713E-01  9.9968E-02
  3.1522E+02  2.6703E-01  1.0003E-01
  3.1548E+02  2.6694E-01  1.0009E-01
  3.1574E+02  2.6685E-01  1.0015E-01
  3.1601E+02  2.6676E-01  1.0021E-01
  3.1627E+02  2.6667E-01  1.0027E-01
  3.1654E+02  2.6657E-01  1.0033E-01
  3.1680E+02  2.6648E-01  1.0039E-01
  3.1706E+02  2.6639E-01  1.0045E-01
  3.1733E+02  2.6630E-01  1.0051E-01
  3.1759E+02  2.6620E-01  1.0057E-01
  3.1786E+02  2.6611E-01  1.0063E-01
  3.1812E+02  2.6602E-01  1.0069E-01
  3.1838E+02  2.6593E-01  1.0074E-01
  3.1865E+02  2.6584E-01  1.0080E-01
  3.1891E+02  2.6574E-01  1.0086E-01
  3.1918E+02  2.6565E-01  1.0092E-01
  3.1944E+02  2.6556E-01  1.0098E-01
  3.1970E+02  2.6547E-01  1.0104E-01
  3.1997E+02  2.6538E-01  1.0110E-01
  3.2023E+02  2.6528E-01  1.0116E-01
  3.2050E+02  2.6519E-01  1.0122E-01
  3.2076E+02  2.6510E-01  1.0128E-01
  3.2102E+02  2.6501E-01  1.0134E-01
  3.2129E+02  2.6491E-01  1.0140E-01
  3.2155E+02  2.6482E-01  1.0146E-01
  3.2182E+02  2.6473E-01  1.0152E-01
  3.2208E+02  2.6464E-01  1.0157E-01
  3.2234E+02  2.6455E-01  1.0163E-01
  3.2261E+02  2.6445E-01  1.0169E-01
  3.2287E+02  2.6436E-01  1.0175E-01
  3.2314E+02  2.6427E-01  1.0181E-01
  3.2340E+02  2.6418E-01  1.0187E-01
  3.2366E+02  2.6408E-01  1.0193E-01
  3.2393E+02  2.6399E-01  1.0199E-01
  3.2419E+02  2.6390E-01  1.0204E-01
  3.2446E+02  2.6381E-01  1.0210E-01
  3.2472E+02  2.6372E-01  1.0216E-01
  3.2498E+02  2.6362E-01  1.0222E-01
  3.2525E+02  2.6353E-01  1.0228E-01
  3.2551E+02  2.6344E-01  1.0234E-01
  3.2578E+02  2.6335E-01  1.0239E-01
  3.2604E+02  2.6326E-01  1.0245E-01
  3.2630E+02  2.6316E-01  1.0251E-01
  3.2657E+02  2.6307E-01  1.0257E-01
  3.2683E+02  2.6298E-01  1.0263E-01
  3.2710E+02  2.6289E-01  1.0269E-01
  3.2736E+02  2.6279E-01  1.0274E-01
  3.2762E+02  2.6270E-01  1.0280E-01
  3.2789E+02  2.6261E-01  1.0286E-01
  3.2815E+02  2.6252E-01  1.0292E-01
  3.2842E+02  2.6243E-01  1.0298E-01
  3.2868E+02  2.6233E-01  1.0303E-01
  3.2894E+02  2.6224E-01  1.0309E-01
  3.2921E+02  2.6215E-01  1.0315E-01
  3.2947E+02  2.6206E-01  1.0321E-01
  3.2974E+02  2.6196E-01  1.0326E-01
  3.3000E+02  2.6187E-01  1.0332E-01
  3.3026E+02  2.6178E-01  1.0338E-01
  3.3053E+02  2.6169E-01  1.0344E-01
  3.3079E+02  2.6160E-01  1.0349E-01
  3.3106E+02  2.6150E-01  1.0355E-01
  3.3132E+02  2.6141E-01  1.0361E-01
  3.3158E+02  2.6132E-01  1.0367E-01
  3.3185E+02  2.6123E-01  1.0372E-01
  3.3211E+02  2.6113E-01  1.0378E-01
  3.3238E+02  2.6104E-01  1.0384E-01
  3.3264E+02  2.6095E-01  1.0390E-01
  3.3290E+02  2.6086E-01  1.0395E-01
  3.3317E+02  2.6077E-01  1.0401E-01
  3.3343E+02  2.6067E-01  1.0407E-01
  3.3370E+02  2.6058E-01  1.0412E-01
  3.3396E+02  2.6049E-01  1.0418E-01
  3.3422E+02  2.6040E-01  1.0424E-01
  3.3449E+02  2.6030E-01  1.0430E-01
  3.3475E+02  2.6021E-01  1.0435E-01
  3.3502E+02  2.6012E-01  1.0441E-01
  3.3528E+02  2.6003E-01  1.0447E-01
  3.3554E+02  2.5994E-01  1.0452E-01
  3.3581E+02  2.5984E-01  1.0458E-01
  3.3607E+02  2.5975E-01  1.0464E-01
  3.3634E+02  2.5966E-01  1.0469E-01
  3.3660E+02  2.5957E-01  1.0475E-01
  3.3686E+02  2.5947E-01  1.0481E-01
  3.3713E+02  2.5938E-01  1.0486E-01
  3.3739E+02  2.5929E-01  1.0492E-01
  3.3766E+02  2.5920E-01  1.0498E-01
  3.3792E+02  2.5911E-01  1.0503E-01
  3.3818E+02  2.5901E-01  1.0509E-01
  3.3845E+02  2.5892E-01  1.0514E-01
  3.3871E+02  2.5883E-01  1.0520E-01
  3.3898E+02  2.5874E-01  1.0526E-01
  3.3924E+02  2.5864E-01  1.0531E-01
  3.3950E+02  2.5855E-01  1.0537E-01
  3.3977E+02  2.5846E-01  1.0543E-01
  3.4003E+02  2.5837E-01  1.0548E-01
  3.4030E+02  2.5828E-01  1.0554E-01
  3.4056E+02  2.5818E-01  1.0559E-01
  3.4082E+02  2.5809E-01  1.0565E-01
  3.4109E+02  2.5800E-01  1.0570E-01
  3.4135E+02  2.5791E-01  1.0576E-01
  3.4162E+02  2.5781E-01  1.0582E-01
  3.4188E+02  2.5772E-01  1.0587E-01
  3.4214E+02  2.5763E-01  1.0593E-01
  3.4241E+02  2.5754E-01  1.0598E-01
  3.4267E+02  2.5745E-01  1.0604E-01
  3.4294E+02  2.5735E-01  1.0609E-01
  3.4320E+02  2.5726E-01  1.0615E-01
  3.4346E+02  2.5717E-01  1.0621E-01
  3.4373E+02  2.5708E-01  1.0626E-01
  3.4399E+02  2.5698E-01  1.0632E-01
  3.4426E+02  2.5689E-01  1.0637E-01
  3.4452E+02  2.5680E-01  1.0643E-01
  3.4478E+02  2.5671E-01  1.0648E-01
  3.4505E+02  2.5662E-01  1.0654E-01
  3.4531E+02  2.5652E-01  1.0659E-01
  3.4558E+02  2.5643E-01  1.0665E-01
  3.4584E+02  2.5634E-01  1.0670E-01
  3.4610E+02  2.5625E-01  1.0676E-01
  3.4637E+02  2.5615E-01  1.0681E-01
  3.4663E+02  2.5606E-01  1.0687E-01
  3.4690E+02  2.5597E-01  1.0692E-01
  3.4716E+02  2.5588E-01  1.0698E-01
  3.4742E+02  2.5579E-01  1.0703E-01
  3.4769E+02  2.5569E-01  1.0709E-01
  3.4795E+02  2.5560E-01  1.0714E-01
  3.4822E+02  2.5551E-01  1.0720E-01
  3.4848E+02  2.5542E-01  1.0725E-01
  3.4874E+02  2.5532E-01  1.0731E-01
  3.4901E+02  2.5523E-01  1.0736E-01
  3.4927E+02  2.5514E-01  1.0741E-01
  3.4954E+02  2.5505E-01  1.0747E-01
  3.4980E+02  2.5495E-01  1.0752E-01
  3.5006E+02  2.5486E-01  1.0758E-01
  3.5033E+02  2.5477E-01  1.0763E-01
  3.5059E+02  2.5468E-01  1.0769E-01
  3.5086E+02  2.5459E-01  1.0774E-01
  3.5112E+02  2.5449E-01  1.0779E-01
  3.5138E+02  2.5440E-01  1.0785E-01
  3.5165E+02  2.5431E-01  1.0790E-01
  3.5191E+02  2.5422E-01  1.0796E-01
  3.5218E+02  2.5412E-01  1.0801E-01
  3.5244E+02  2.5403E-01  1.0806E-01
  3.5270E+02  2.5394E-01  1.0812E-01
  3.5297E+02  2.5385E-01  1.0817E-01
  3.5323E+02  2.5376E-01  1.0823E-01
  3.5350E+02  2.5366E-01  1.0828E-01
  3.5376E+02  2.5357E-01  1.0833E-01
  3.5402E+02  2.5348E-01  1.0839E-01
  3.5429E+02  2.5339E-01  1.0844E-01
  3.5455E+02  2.5329E-01  1.0850E-01
  3.5482E+02  2.5320E-01  1.0855E-01
  3.5508E+02  2.5311E-01  1.0860E-01
  3.5534E+02  2.5302E-01  1.0866E-01
  3.5561E+02  2.5293E-01  1.0871E-01
  3.5587E+02  2.5283E-01  1.0876E-01
  3.5614E+02  2.5274E-01  1.0882E-01
  3.5640E+02  2.5265E-01  1.0887E-01
  3.5666E+02  2.5256E-01  1.0892E-01
  3.5693E+02  2.5247E-01  1.0898E-01
  3.5719E+02  2.5237E-01  1.0903E-01
  3.5746E+02  2.5228E-01  1.0908E-01
  3.5772E+02  2.5219E-01  1.0914E-01
  3.5798E+02  2.5210E-01  1.0919E-01
  3.5825E+02  2.5200E-01  1.0924E-01
  3.5851E+02  2.5191E-01  1.0930E-01
  3.5878E+02  2.5182E-01  1.0935E-01
  3.5904E+02  2.5173E-01  1.0940E-01
  3.5930E+02  2.5164E-01  1.0945E-01
  3.5957E+02  2.5154E-01  1.0951E-01
  3.5983E+02  2.5145E-01  1.0956E-01
  3.6010E+02  2.5136E-01  1.0961E-01
  3.6036E+02  2.5127E-01  1.0966E-01
  3.6062E+02  2.5117E-01  1.0972E-01
  3.6089E+02  2.5108E-01  1.0977E-01
  3.6115E+02  2.5099E-01  1.0982E-01
  3.6142E+02  2.5090E-01  1.0988E-01
  3.6168E+02  2.5081E-01  1.0993E-01
  3.6194E+02  2.5071E-01  1.0998E-01
  3.6221E+02  2.5062E-01  1.1003E-01
  3.6247E+02  2.5053E-01  1.1008E-01
  3.6274E+02  2.5044E-01  1.1014E-01
  3.6300E+02  2.5034E-01  1.1019E-01
  3.6326E+02  2.5025E-01  1.1024E-01
  3.6353E+02  2.5016E-01  1.1029E-01
  3.6379E+02  2.5007E-01  1.1035E-01
  3.6406E+02  2.4998E-01  1.1040E-01
  3.6432E+02  2.4988E-01  1.1045E-01
  3.6458E+02  2.4979E-01  1.1050E-01
  3.6485E+02  2.4970E-01  1.1055E-01
  3.6511E+02  2.4961E-01  1.1061E-01
  3.6538E+02  2.4952E-01  1.1066E-01
  3.6564E+02  2.4942E-01  1.1071E-01
  3.6590E+02  2.4933E-01  1.1076E-01
  3.6617E+02  2.4924E-01  1.1081E-01
  3.6643E+02  2.4915E-01  1.1086E-01
  3.6670E+02  2.4905E-01  1.1092E-01
  3.6696E+02  2.4896E-01  1.1097E-01
  3.6722E+02  2.4887E-01  1.1102E-01
  3.6749E+02  2.4878E-01  1.1107E-01
  3.6775E+02  2.4869E-01  1.1112E-01
  3.6802E+02  2.4859E-01  1.1117E-01
  3.6828E+02  2.4850E-01  1.1123E-01
  3.6854E+02  2.4841E-01  1.1128E-01
  3.6881E+02  2.4832E-01  1.1133E-01
  3.6907E+02  2.4823E-01  1.1138E-01
  3.6934E+02  2.4813E-01  1.1143E-01
  3.6960E+02  2.4804E-01  1.1148E-01
  3.6986E+02  2.4795E-01  1.1153E-01
  3.7013E+02  2.4786E-01  1.1158E-01
  3.7039E+02  2.4776E-01  1.1164E-01
  3.7066E+02  2.4767E-01  1.1169E-01
  3.7092E+02  2.4758E-01  1.1174E-01
  3.7118E+02  2.4749E-01  1.1179E-01
  3.7145E+02  2.4740E-01  1.1184E-01
  3.7171E+02  2.4730E-01  1.1189E-01
  3.7198E+02  2.4721E-01  1.1194E-01
  3.7224E+02  2.4712E-01  1.1199E-01
  3.7250E+02  2.4703E-01  1.1204E-01
  3.7277E+02  2.4694E-01  1.1209E-01
  3.7303E+02  2.4684E-01  1.1214E-01
  3.7330E+02  2.4675E-01  1.1219E-01
  3.7356E+02  2.4666E-01  1.1224E-01
  3.7382E+02  2.4657E-01  1.1229E-01
  3.7409E+02  2.4648E-01  1.1235E-01
  3.7435E+02  2.4638E-01  1.1240E-01
  3.7462E+02  2.4629E-01  1.1245E-01
  3.7488E+02  2.4620E-01  1.1250E-01
  3.7514E+02  2.4611E-01  1.1255E-01
  3.7541E+02  2.4601E-01  1.1260E-01
  3.7567E+02  2.4592E-01  1.1265E-01
  3.7594E+02  2.4583E-01  1.1270E-01
  3.7620E+02  2.4574E-01  1.1275E-01
  3.7646E+02  2.4565E-01  1.1280E-01
  3.7673E+02  2.4555E-01  1.1285E-01
  3.7699E+02  2.4546E-01  1.1290E-01
  3.7726E+02  2.4537E-01  1.1295E-01
  3.7752E+02  2.4528E-01  1.1300E-01
  3.7778E+02  2.4519E-01  1.1305E-01
  3.7805E+02  2.4509E-01  1.1310E-01
  3.7831E+02  2.4500E-01  1.1315E-01
  3.7858E+02  2.4491E-01  1.1320E-01
  3.7884E+02  2.4482E-01  1.1325E-01
  3.7910E+02  2.4473E-01  1.1330E-01
  3.7937E+02  2.4463E-01  1.1335E-01
  3.7963E+02  2.4454E-01  1.1339E-01
  3.7990E+02  2.4445E-01  1.1344E-01
  3.8016E+02  2.4436E-01  1.1349E-01
  3.8042E+02  2.4427E-01  1.1354E-01
  3.8069E+02  2.4417E-01  1.1359E-01
  3.8095E+02  2.4408E-01  1.1364E-01
  3.8122E+02  2.4399E-01  1.1369E-01
  3.8148E+02  2.4390E-01  1.1374E-01
  3.8174E+02  2.4381E-01  1.1379E-01
  3.8201E+02  2.4371E-01  1.1384E-01
  3.8227E+02  2.4362E-01  1.1389E-01
  3.8254E+02  2.4353E-01  1.1394E-01
  3.8280E+02  2.4344E-01  1.1399E-01
  3.8306E+02  2.4335E-01  1.1403E-01
  3.8333E+02  2.4325E-01  1.1408E-01
  3.8359E+02  2.4316E-01  1.1413E-01
  3.8386E+02  2.4307E-01  1.1418E-01
  3.8412E+02  2.4298E-01  1.1423E-01
  3.8438E+02  2.4289E-01  1.1428E-01
  3.8465E+02  2.4279E-01  1.1433E-01
  3.8491E+02  2.4270E-01  1.1438E-01
  3.8518E+02  2.4261E-01  1.1443E-01
  3.8544E+02  2.4252E-01  1.1447E-01
  3.8570E+02  2.4243E-01  1.1452E-01
  3.8597E+02  2.4233E-01  1.1457E-01
  3.8623E+02  2.4224E-01  1.1462E-01
  3.8650E+02  2.4215E-01  1.1467E-01
  3.8676E+02  2.4206E-01  1.1472E-01
  3.8702E+02  2.4197E-01  1.1476E-01
  3.8729E+02  2.4187E-01  1.1481E-01
  3.8755E+02  2.4178E-01  1.1486E-01
  3.8782E+02  2.4169E-01  1.1491E-01
  3.8808E+02  2.4160E-01  1.1496E-01
  3.8834E+02  2.4151E-01  1.1501E-01
  3.8861E+02  2.4141E-01  1.1505E-01
  3.8887E+02  2.4132E-01  1.1510E-01
  3.8914E+02  2.4123E-01  1.1515E-01
  3.8940E+02  2.4114E-01  1.1520E-01
  3.8966E+02  2.4105E-01  1.1525E-01
  3.8993E+02  2.4095E-01  1.1529E-01
  3.9019E+02  2.4086E-01  1.1534E-01
  3.9046E+02  2.4077E-01  1.1539E-01
  3.9072E+02  2.4068E-01  1.1544E-01
  3.9098E+02  2.4059E-01  1.1548E-01
  3.9125E+02  2.4049E-01  1.1553E-01
  3.9151E+02  2.4040E-01  1.1558E-01
  3.9178E+02  2.4031E-01  1.1563E-01
  3.9204E+02  2.4022E-01  1.1567E-01
  3.9230E+02  2.4013E-01  1.1572E-01
  3.9257E+02  2.4004E-01  1.1577E-01
  3.9283E+02  2.3994E-01  1.1582E-01
  3.9310E+02  2.3985E-01  1.1586E-01
  3.9336E+02  2.3976E-01  1.1591E-01
  3.9362E+02  2.3967E-01  1.1596E-01
  3.9389E+02  2.3958E-01  1.1601E-01
  3.9415E+02  2.3948E-01  1.1605E-01
  3.9442E+02  2.3939E-01  1.1610E-01
  3.9468E+02  2.3930E-01  1.1615E-01
  3.9494E+02  2.3921E-01  1.1619E-01
  3.9521E+02  2.3912E-01  1.1624E-01
  3.9547E+02  2.3902E-01  1.1629E-01
  3.9574E+02  2.3893E-01  1.1634E-01
  3.9600E+02  2.3884E-01  1.1638E-01
  3.9626E+02  2.3875E-01  1.1643E-01
  3.9653E+02  2.3866E-01  1.1648E-01
  3.9679E+02  2.3857E-01  1.1652E-01
  3.9706E+02  2.3847E-01  1.1657E-01
  3.9732E+02  2.3838E-01  1.1662E-01
  3.9758E+02  2.3829E-01  1.1666E-01
  3.9785E+02  2.3820E-01  1.1671E-01
  3.9811E+02  2.3811E-01  1.1676E-01
  3.9838E+02  2.3801E-01  1.1680E-01
  3.9864E+02  2.3792E-01  1.1685E-01
  3.9890E+02  2.3783E-01  1.1689E-01
  3.9917E+02  2.3774E-01  1.1694E-01
  3.9943E+02  2.3765E-01  1.1699E-01
  3.9970E+02  2.3756E-01  1.1703E-01
  3.9996E+02  2.3746E-01  1.1708E-01
  4.0022E+02  2.3737E-01  1.1713E-01
  4.0049E+02  2.3728E-01  1.1717E-01
  4.0075E+02  2.3719E-01  1.1722E-01
  4.0102E+02  2.3710E-01  1.1726E-01
  4.0128E+02  2.3700E-01  1.1731E-01
  4.0154E+02  2.3691E-01  1.1736E-01
  4.0181E+02  2.3682E-01  1.1740E-01
  4.0207E+02  2.3673E-01  1.1745E-01
  4.0234E+02  2.3664E-01  1.1749E-01
  4.0260E+02  2.3655E-01  1.1754E-01
  4.0286E+02  2.3645E-01  1.1759E-01
  4.0313E+02  2.3636E-01  1.1763E-01
  4.0339E+02  2.3627E-01  1.1768E-01
  4.0366E+02  2.3618E-01  1.1772E-01
  4.0392E+02  2.3609E-01  1.1777E-01
  4.0418E+02  2.3599E-01  1.1781E-01
  4.0445E+02  2.3590E-01  1.1786E-01
  4.0471E+02  2.3581E-01  1.1790E-01
  4.0498E+02  2.3572E-01  1.1795E-01
  4.0524E+02  2.3563E-01  1.1799E-01
  4.0550E+02  2.3554E-01  1.1804E-01
  4.0577E+02  2.3544E-01  1.1809E-01
  4.0603E+02  2.3535E-01  1.1813E-01
  4.0630E+02  2.3526E-01  1.1818E-01
  4.0656E+02  2.3517E-01  1.1822E-01
  4.0682E+02  2.3508E-01  1.1827E-01
  4.0709E+02  2.3499E-01  1.1831E-01
  4.0735E+02  2.3489E-01  1.1836E-01
  4.0762E+02  2.3480E-01  1.1840E-01
  4.0788E+02  2.3471E-01  1.1845E-01
  4.0814E+02  2.3462E-01  1.1849E-01
  4.0841E+02  2.3453E-01  1.1854E-01
  4.0867E+02  2.3444E-01  1.1858E-01
  4.0894E+02  2.3434E-01  1.1863E-01
  4.0920E+02  2.3425E-01  1.1867E-01
  4.0946E+02  2.3416E-01  1.1871E-01
  4.0973E+02  2.3407E-01  1.1876E-01
  4.0999E+02  2.3398E-01  1.1880E-01
  4.1026E+02  2.3389E-01  1.1885E-01
  4.1052E+02  2.3379E-01  1.1889E-01
  4.1078E+02  2.3370E-01  1.1894E-01
  4.1105E+02  2.3361E-01  1.1898E-01
  4.1131E+02  2.3352E-01  1.1903E-01
  4.1158E+02  2.3343E-01  1.1907E-01
  4.1184E+02  2.3334E-01  1.1911E-01
  4.1210E+02  2.3324E-01  1.1916E-01
  4.1237E+02  2.3315E-01  1.1920E-01
  4.1263E+02  2.3306E-01  1.1925E-01
  4.1290E+02  2.3297E-01  1.1929E-01
  4.1316E+02  2.3288E-01  1.1934E-01
  4.1342E+02  2.3279E-01  1.1938E-01
  4.1369E+02  2.3269E-01  1.1942E-01
  4.1395E+02  2.3260E-01  1.1947E-01
  4.1422E+02  2.3251E-01  1.1951E-01
  4.1448E+02  2.3242E-01  1.1956E-01
  4.1474E+02  2.3233E-01  1.1960E-01
  4.1501E+02  2.3224E-01  1.1964E-01
  4.1527E+02  2.3214E-01  1.1969E-01
  4.1554E+02  2.3205E-01  1.1973E-01
  4.1580E+02  2.3196E-01  1.1977E-01
  4.1606E+02  2.3187E-01  1.1982E-01
  4.1633E+02  2.3178E-01  1.1986E-01
  4.1659E+02  2.3169E-01  1.1990E-01
  4.1686E+02  2.3159E-01  1.1995E-01
  4.1712E+02  2.3150E-01  1.1999E-01
  4.1738E+02  2.3141E-01  1.2003E-01
  4.1765E+02  2.3132E-01  1.2008E-01
  4.1791E+02  2.3123E-01  1.2012E-01
  4.1818E+02  2.3114E-01  1.2016E-01
  4.1844E+02  2.3104E-01  1.2021E-01
  4.1870E+02  2.3095E-01  1.2025E-01
  4.1897E+02  2.3086E-01  1.2029E-01
  4.1923E+02  2.3077E-01  1.2034E-01
  4.1950E+02  2.3068E-01  1.2038E-01
  4.1976E+02  2.3059E-01  1.2042E-01
  4.2002E+02  2.3050E-01  1.2047E-01
  4.2029E+02  2.3040E-01  1.2051E-01
  4.2055E+02  2.3031E-01  1.2055E-01
  4.2082E+02  2.3022E-01  1.2059E-01
  4.2108E+02  2.3013E-01  1.2064E-01
  4.2134E+02  2.3004E-01  1.2068E-01
  4.2161E+02  2.2995E-01  1.2072E-01
  4.2187E+02  2.2985E-01  1.2077E-01
  4.2214E+02  2.2976E-01  1.2081E-01
  4.2240E+02  2.2967E-01  1.2085E-01
  4.2266E+02  2.2958E-01  1.2089E-01
  4.2293E+02  2.2949E-01  1.2094E-01
  4.2319E+02  2.2940E-01  1.2098E-01
  4.2346E+02  2.2931E-01  1.2102E-01
  4.2372E+02  2.2921E-01  1.2106E-01
  4.2398E+02  2.2912E-01  1.2110E-01
  4.2425E+02  2.2903E-01  1.2115E-01
  4.2451E+02  2.2894E-01  1.2119E-01
  4.2478E+02  2.2885E-01  1.2123E-01
  4.2504E+02  2.2876E-01  1.2127E-01
  4.2530E+02  2.2867E-01  1.2132E-01
  4.2557E+02  2.2857E-01  1.2136E-01
  4.2583E+02  2.2848E-01  1.2140E-01
  4.2610E+02  2.2839E-01  1.2144E-01
  4.2636E+02  2.2830E-01  1.2148E-01
  4.2662E+02  2.2821E-01  1.2153E-01
  4.2689E+02  2.2812E-01  1.2157E-01
  4.2715E+02  2.2803E-01  1.2161E-01
  4.2742E+02  2.2793E-01  1.2165E-01
  4.2768E+02  2.2784E-01  1.2169E-01
  4.2794E+02  2.2775E-01  1.2173E-01
  4.2821E+02  2.2766E-01  1.2178E-01
  4.2847E+02  2.2757E-01  1.2182E-01
  4.2874E+02  2.2748E-01  1.2186E-01
  4.2900E+02  2.2739E-01  1.2190E-01
  4.2926E+02  2.2729E-01  1.2194E-01
  4.2953E+02  2.2720E-01  1.2198E-01
  4.2979E+02  2.2711E-01  1.2202E-01
  4.3006E+02  2.2702E-01  1.2207E-01
  4.3032E+02  2.2693E-01  1.2211E-01
  4.3058E+02  2.2684E-01  1.2215E-01
  4.3085E+02  2.2675E-01  1.2219E-01
  4.3111E+02  2.2665E-01  1.2223E-01
  4.3138E+02  2.2656E-01  1.2227E-01
  4.3164E+02  2.2647E-01  1.2231E-01
  4.3190E+02  2.2638E-01  1.2235E-01
  4.3217E+02  2.2629E-01  1.2239E-01
  4.3243E+02  2.2620E-01  1.2244E-01
  4.3270E+02  2.2611E-01  1.2248E-01
  4.3296E+02  2.2602E-01  1.2252E-01
  4.3322E+02  2.2592E-01  1.2256E-01
  4.3349E+02  2.2583E-01  1.2260E-01
  4.3375E+02  2.2574E-01  1.2264E-01
  4.3402E+02  2.2565E-01  1.2268E-01
  4.3428E+02  2.2556E-01  1.2272E-01
  4.3454E+02  2.2547E-01  1.2276E-01
  4.3481E+02  2.2538E-01  1.2280E-01
  4.3507E+02  2.2529E-01  1.2284E-01
  4.3534E+02  2.2519E-01  1.2288E-01
  4.3560E+02  2.2510E-01  1.2292E-01
  4.3586E+02  2.2501E-01  1.2296E-01
  4.3613E+02  2.2492E-01  1.2300E-01
  4.3639E+02  2.2483E-01  1.2304E-01
  4.3666E+02  2.2474E-01  1.2308E-01
  4.3692E+02  2.2465E-01  1.2312E-01
  4.3718E+02  2.2456E-01  1.2316E-01
  4.3745E+02  2.2446E-01  1.2320E-01
  4.3771E+02  2.2437E-01  1.2325E-01
  4.3798E+02  2.2428E-01  1.2329E-01
  4.3824E+02  2.2419E-01  1.2333E-01
  4.3850E+02  2.2410E-01  1.2336E-01
  4.3877E+02  2.2401E-01  1.2340E-01
  4.3903E+02  2.2392E-01  1.2344E-01
  4.3930E+02  2.2383E-01  1.2348E-01
  4.3956E+02  2.2373E-01  1.2352E-01
  4.3982E+02  2.2364E-01  1.2356E-01
  4.4009E+02  2.2355E-01  1.2360E-01
  4.4035E+02  2.2346E-01  1.2364E-01
  4.4062E+02  2.2337E-01  1.2368E-01
  4.4088E+02  2.2328E-01  1.2372E-01
  4.4114E+02  2.2319E-01  1.2376E-01
  4.4141E+02  2.2310E-01  1.2380E-01
  4.4167E+02  2.2300E-01  1.2384E-01
  4.4194E+02  2.2291E-01  1.2388E-01
  4.4220E+02  2.2282E-01  1.2392E-01
  4.4246E+02  2.2273E-01  1.2396E-01
  4.4273E+02  2.2264E-01  1.2400E-01
  4.4299E+02  2.2255E-01  1.2404E-01
  4.4326E+02  2.2246E-01  1.2408E-01
  4.4352E+02  2.2237E-01  1.2412E-01
  4.4378E+02  2.2228E-01  1.2415E-01
  4.4405E+02  2.2218E-01  1.2419E-01
  4.4431E+02  2.2209E-01  1.2423E-01
  4.4458E+02  2.2200E-01  1.2427E-01
  4.4484E+02  2.2191E-01  1.2431E-01
  4.4510E+02  2.2182E-01  1.2435E-01
  4.4537E+02  2.2173E-01  1.2439E-01
  4.4563E+02  2.2164E-01  1.2443E-01
  4.4590E+02  2.2155E-01  1.2447E-01
  4.4616E+02  2.2146E-01  1.2450E-01
  4.4642E+02  2.2137E-01  1.2454E-01
  4.4669E+02  2.2127E-01  1.2458E-01
  4.4695E+02  2.2118E-01  1.2462E-01
  4.4722E+02  2.2109E-01  1.2466E-01
  4.4748E+02  2.2100E-01  1.2470E-01
  4.4774E+02  2.2091E-01  1.2474E-01
  4.4801E+02  2.2082E-01  1.2477E-01
  4.4827E+02  2.2073E-01  1.2481E-01
  4.4854E+02  2.2064E-01  1.2485E-01
  4.4880E+02  2.2055E-01  1.2489E-01
  4.4906E+02  2.2045E-01  1.2493E-01
  4.4933E+02  2.2036E-01  1.2497E-01
  4.4959E+02  2.2027E-01  1.2500E-01
  4.4986E+02  2.2018E-01  1.2504E-01
  4.5012E+02  2.2009E-01  1.2508E-01
  4.5038E+02  2.2000E-01  1.2512E-01
  4.5065E+02  2.1991E-01  1.2516E-01
  4.5091E+02  2.1982E-01  1.2519E-01
  4.5118E+02  2.1973E-01  1.2523E-01
  4.5144E+02  2.1964E-01  1.2527E-01
  4.5170E+02  2.1955E-01  1.2531E-01
  4.5197E+02  2.1945E-01  1.2534E-01
  4.5223E+02  2.1936E-01  1.2538E-01
  4.5250E+02  2.1927E-01  1.2542E-01
  4.5276E+02  2.1918E-01  1.2546E-01
  4.5302E+02  2.1909E-01  1.2550E-01
  4.5329E+02  2.1900E-01  1.2553E-01
  4.5355E+02  2.1891E-01  1.2557E-01
  4.5382E+02  2.1882E-01  1.2561E-01
  4.5408E+02  2.1873E-01  1.2565E-01
  4.5434E+02  2.1864E-01  1.2568E-01
  4.5461E+02  2.1855E-01  1.2572E-01
  4.5487E+02  2.1845E-01  1.2576E-01
  4.5514E+02  2.1836E-01  1.2579E-01
  4.5540E+02  2.1827E-01  1.2583E-01
  4.5566E+02  2.1818E-01  1.2587E-01
  4.5593E+02  2.1809E-01  1.2591E-01
  4.5619E+02  2.1800E-01  1.2594E-01
  4.5646E+02  2.1791E-01  1.2598E-01
  4.5672E+02  2.1782E-01  1.2602E-01
  4.5698E+02  2.1773E-01  1.2605E-01
  4.5725E+02  2.1764E-01  1.2609E-01
  4.5751E+02  2.1755E-01  1.2613E-01
  4.5778E+02  2.1746E-01  1.2616E-01
  4.5804E+02  2.1736E-01  1.2620E-01
  4.5830E+02  2.1727E-01  1.2624E-01
  4.5857E+02  2.1718E-01  1.2627E-01
  4.5883E+02  2.1709E-01  1.2631E-01
  4.5910E+02  2.1700E-01  1.2635E-01
  4.5936E+02  2.1691E-01  1.2638E-01
  4.5962E+02  2.1682E-01  1.2642E-01
  4.5989E+02  2.1673E-01  1.2646E-01
  4.6015E+02  2.1664E-01  1.2649E-01
  4.6042E+02  2.1655E-01  1.2653E-01
  4.6068E+02  2.1646E-01  1.2657E-01
  4.6094E+02  2.1637E-01  1.2660E-01
  4.6121E+02  2.1628E-01  1.2664E-01
  4.6147E+02  2.1618E-01  1.2668E-01
  4.6174E+02  2.1609E-01  1.2671E-01
  4.6200E+02  2.1600E-01  1.2675E-01
  4.6226E+02  2.1591E-01  1.2678E-01
  4.6253E+02  2.1582E-01  1.2682E-01
  4.6279E+02  2.1573E-01  1.2686E-01
  4.6306E+02  2.1564E-01  1.2689E-01
  4.6332E+02  2.1555E-01  1.2693E-01
  4.6358E+02  2.1546E-01  1.2696E-01
  4.6385E+02  2.1537E-01  1.2700E-01
  4.6411E+02  2.1528E-01  1.2704E-01
  4.6438E+02  2.1519E-01  1.2707E-01
  4.6464E+02  2.1510E-01  1.2711E-01
  4.6490E+02  2.1501E-01  1.2714E-01
  4.6517E+02  2.1492E-01  1.2718E-01
  4.6543E+02  2.1482E-01  1.2721E-01
  4.6570E+02  2.1473E-01  1.2725E-01
  4.6596E+02  2.1464E-01  1.2728E-01
  4.6622E+02  2.1455E-01  1.2732E-01
  4.6649E+02  2.1446E-01  1.2736E-01
  4.6675E+02  2.1437E-01  1.2739E-01
  4.6702E+02  2.1428E-01  1.2743E-01
  4.6728E+02  2.1419E-01  1.2746E-01
  4.6754E+02  2.1410E-01  1.2750E-01
  4.6781E+02  2.1401E-01  1.2753E-01
  4.6807E+02  2.1392E-01  1.2757E-01
  4.6834E+02  2.1383E-01  1.2760E-01
  4.6860E+02  2.1374E-01  1.2764E-01
  4.6886E+02  2.1365E-01  1.2767E-01
  4.6913E+02  2.1356E-01  1.2771E-01
  4.6939E+02  2.1347E-01  1.2774E-01
  4.6966E+02  2.1338E-01  1.2778E-01
  4.6992E+02  2.1329E-01  1.2781E-01
  4.7018E+02  2.1320E-01  1.2785E-01
  4.7045E+02  2.1310E-01  1.2788E-01
  4.7071E+02  2.1301E-01  1.2792E-01
  4.7098E+02  2.1292E-01  1.2795E-01
  4.7124E+02  2.1283E-01  1.2799E-01
  4.7150E+02  2.1274E-01  1.2802E-01
  4.7177E+02  2.1265E-01  1.2805E-01
  4.7203E+02  2.1256E-01  1.2809E-01
  4.7230E+02  2.1247E-01  1.2812E-01
  4.7256E+02  2.1238E-01  1.2816E-01
  4.7282E+02  2.1229E-01  1.2819E-01
  4.7309E+02  2.1220E-01  1.2823E-01
  4.7335E+02  2.1211E-01  1.2826E-01
  4.7362E+02  2.1202E-01  1.2830E-01
  4.7388E+02  2.1193E-01  1.2833E-01
  4.7414E+02  2.1184E-01  1.2836E-01
  4.7441E+02  2.1175E-01  1.2840E-01
  4.7467E+02  2.1166E-01  1.2843E-01
  4.7494E+02  2.1157E-01  1.2847E-01
  4.7520E+02  2.1148E-01  1.2850E-01
  4.7546E+02  2.1139E-01  1.2853E-01
  4.7573E+02  2.1130E-01  1.2857E-01
  4.7599E+02  2.1121E-01  1.2860E-01
  4.7626E+02  2.1112E-01  1.2864E-01
  4.7652E+02  2.1103E-01  1.2867E-01
  4.7678E+02  2.1094E-01  1.2870E-01
  4.7705E+02  2.1084E-01  1.2874E-01
  4.7731E+02  2.1075E-01  1.2877E-01
  4.7758E+02  2.1066E-01  1.2880E-01
  4.7784E+02  2.1057E-01  1.2884E-01
  4.7810E+02  2.1048E-01  1.2887E-01
  4.7837E+02  2.1039E-01  1.2891E-01
  4.7863E+02  2.1030E-01  1.2894E-01
  4.7890E+02  2.1021E-01  1.2897E-01
  4.7916E+02  2.1012E-01  1.2901E-01
  4.7942E+02  2.1003E-01  1.2904E-01
  4.7969E+02  2.0994E-01  1.2907E-01
  4.7995E+02  2.0985E-01  1.2911E-01
  4.8022E+02  2.0976E-01  1.2914E-01
  4.8048E+02  2.0967E-01  1.2917E-01
  4.8074E+02  2.0958E-01  1.2920E-01
  4.8101E+02  2.0949E-01  1.2924E-01
  4.8127E+02  2.0940E-01  1.2927E-01
  4.8154E+02  2.0931E-01  1.2930E-01
  4.8180E+02  2.0922E-01  1.2934E-01
  4.8206E+02  2.0913E-01  1.2937E-01
  4.8233E+02  2.0904E-01  1.2940E-01
  4.8259E+02  2.0895E-01  1.2944E-01
  4.8286E+02  2.0886E-01  1.2947E-01
  4.8312E+02  2.0877E-01  1.2950E-01
  4.8338E+02  2.0868E-01  1.2953E-01
  4.8365E+02  2.0859E-01  1.2957E-01
  4.8391E+02  2.0850E-01  1.2960E-01
  4.8418E+02  2.0841E-01  1.2963E-01
  4.8444E+02  2.0832E-01  1.2966E-01
  4.8470E+02  2.0823E-01  1.2970E-01
  4.8497E+02  2.0814E-01  1.2973E-01
  4.8523E+02  2.0805E-01  1.2976E-01
  4.8550E+02  2.0796E-01  1.2979E-01
  4.8576E+02  2.0787E-01  1.2983E-01
  4.8602E+02  2.0778E-01  1.2986E-01
  4.8629E+02  2.0769E-01  1.2989E-01
  4.8655E+02  2.0760E-01  1.2992E-01
  4.8682E+02  2.0751E-01  1.2996E-01
  4.8708E+02  2.0742E-01  1.2999E-01
  4.8734E+02  2.0733E-01  1.3002E-01
  4.8761E+02  2.0724E-01  1.3005E-01
  4.8787E+02  2.0715E-01  1.3008E-01
  4.8814E+02  2.0706E-01  1.3012E-01
  4.8840E+02  2.0697E-01  1.3015E-01
  4.8866E+02  2.0688E-01  1.3018E-01
  4.8893E+02  2.0679E-01  1.3021E-01
  4.8919E+02  2.0670E-01  1.3024E-01
  4.8946E+02  2.0661E-01  1.3027E-01
  4.8972E+02  2.0652E-01  1.3031E-01
  4.8998E+02  2.0643E-01  1.3034E-01
  4.9025E+02  2.0634E-01  1.3037E-01
  4.9051E+02  2.0625E-01  1.3040E-01
  4.9078E+02  2.0616E-01  1.3043E-01
  4.9104E+02  2.0607E-01  1.3046E-01
  4.9130E+02  2.0598E-01  1.3050E-01
  4.9157E+02  2.0589E-01  1.3053E-01
  4.9183E+02  2.0580E-01  1.3056E-01
  4.9210E+02  2.0571E-01  1.3059E-01
  4.9236E+02  2.0562E-01  1.3062E-01
  4.9262E+02  2.0553E-01  1.3065E-01
  4.9289E+02  2.0544E-01  1.3068E-01
  4.9315E+02  2.0535E-01  1.3071E-01
  4.9342E+02  2.0526E-01  1.3075E-01
  4.9368E+02  2.0517E-01  1.3078E-01
  4.9394E+02  2.0508E-01  1.3081E-01
  4.9421E+02  2.0499E-01  1.3084E-01
  4.9447E+02  2.0490E-01  1.3087E-01
  4.9474E+02  2.0481E-01  1.3090E-01
  4.9500E+02  2.0472E-01  1.3093E-01
  4.9526E+02  2.0463E-01  1.3096E-01
  4.9553E+02  2.0454E-01  1.3099E-01
  4.9579E+02  2.0445E-01  1.3102E-01
  4.9606E+02  2.0436E-01  1.3105E-01
  4.9632E+02  2.0427E-01  1.3109E-01
  4.9658E+02  2.0418E-01  1.3112E-01
  4.9685E+02  2.0409E-01  1.3115E-01
  4.9711E+02  2.0400E-01  1.3118E-01
  4.9738E+02  2.0392E-01  1.3121E-01
  4.9764E+02  2.0383E-01  1.3124E-01
  4.9790E+02  2.0374E-01  1.3127E-01
  4.9817E+02  2.0365E-01  1.3130E-01
  4.9843E+02  2.0356E-01  1.3133E-01
  4.9870E+02  2.0347E-01  1.3136E-01
  4.9896E+02  2.0338E-01  1.3139E-01
  4.9922E+02  2.0329E-01  1.3142E-01
  4.9949E+02  2.0320E-01  1.3145E-01
  4.9975E+02  2.0311E-01  1.3148E-01
  5.0000E+02  2.0302E-01  1.3151E-01
