# CREATED BY GENE DIAGNOSTICS TOOL on Thu May 24 13:55:29 2018
# diag: GAMDIAG, run(s): 0012, time window: 0-499(1849 steps), species: ions
# normalization: L_ref=3.6732m
#
# xind= 0, x/a= -NaN, q= 1.9811922
# Fit:    -NaN,Infinity,Infinity
# Analytic: -NaN,Infinity,Infinity
#  t          Re[phi]     Im[phi]   
  0.0000E+00  9.9996E-01  0.0000E+00
  2.7000E-01  9.7837E-01  1.9952E-02
  5.4000E-01  9.2749E-01  3.8518E-02
  8.1000E-01  8.7288E-01  5.5011E-02
  1.0800E+00  8.2862E-01  6.9582E-02
  1.3500E+00  7.9238E-01  8.2682E-02
  1.6200E+00  7.5500E-01  9.4502E-02
  1.8900E+00  7.1042E-01  1.0489E-01
  2.1600E+00  6.5852E-01  1.1357E-01
  2.4300E+00  6.0256E-01  1.2035E-01
  2.7000E+00  5.4575E-01  1.2521E-01
  2.9700E+00  4.8969E-01  1.2819E-01
  3.2400E+00  4.3459E-01  1.2940E-01
  3.5100E+00  3.8020E-01  1.2891E-01
  3.7800E+00  3.2640E-01  1.2683E-01
  4.0500E+00  2.7340E-01  1.2321E-01
  4.3200E+00  2.2157E-01  1.1815E-01
  4.5900E+00  1.7120E-01  1.1176E-01
  4.8600E+00  1.2248E-01  1.0415E-01
  5.1300E+00  7.5508E-02  9.5425E-02
  5.4000E+00  3.0374E-02  8.5711E-02
  5.6700E+00 -1.2774E-02  7.5123E-02
  5.9400E+00 -5.3756E-02  6.3780E-02
  6.2100E+00 -9.2363E-02  5.1805E-02
  6.4800E+00 -1.2836E-01  3.9328E-02
  6.7500E+00 -1.6150E-01  2.6485E-02
  7.0200E+00 -1.9156E-01  1.3415E-02
  7.2900E+00 -2.1832E-01  2.5808E-04
  7.5600E+00 -2.4159E-01 -1.2835E-02
  7.8300E+00 -2.6120E-01 -2.5712E-02
  8.1000E+00 -2.7698E-01 -3.8236E-02
  8.3700E+00 -2.8881E-01 -5.0265E-02
  8.6400E+00 -2.9673E-01 -6.1645E-02
  8.9100E+00 -3.0077E-01 -7.2233E-02
  9.1800E+00 -3.0088E-01 -8.1913E-02
  9.4500E+00 -2.9710E-01 -9.0577E-02
  9.7200E+00 -2.8954E-01 -9.8114E-02
  9.9900E+00 -2.7833E-01 -1.0441E-01
  1.0260E+01 -2.6365E-01 -1.0939E-01
  1.0530E+01 -2.4582E-01 -1.1298E-01
  1.0800E+01 -2.2501E-01 -1.1514E-01
  1.1070E+01 -2.0095E-01 -1.1582E-01
  1.1340E+01 -1.7347E-01 -1.1494E-01
  1.1610E+01 -1.4369E-01 -1.1248E-01
  1.1880E+01 -1.1386E-01 -1.0853E-01
  1.2150E+01 -8.5388E-02 -1.0326E-01
  1.2420E+01 -5.7054E-02 -9.6766E-02
  1.2690E+01 -2.6046E-02 -8.9037E-02
  1.2960E+01  8.9653E-03 -7.9970E-02
  1.3230E+01  4.6105E-02 -6.9540E-02
  1.3500E+01  8.1789E-02 -5.7910E-02
  1.3770E+01  1.1375E-01 -4.5371E-02
  1.4040E+01  1.4257E-01 -3.2188E-02
  1.4310E+01  1.7052E-01 -1.8491E-02
  1.4580E+01  1.9933E-01 -4.2961E-03
  1.4850E+01  2.2878E-01  1.0389E-02
  1.5120E+01  2.5716E-01  2.5472E-02
  1.5390E+01  2.8259E-01  4.0758E-02
  1.5660E+01  3.0417E-01  5.5999E-02
  1.5930E+01  3.2218E-01  7.0971E-02
  1.6200E+01  3.3742E-01  8.5504E-02
  1.6470E+01  3.5055E-01  9.9480E-02
  1.6740E+01  3.6169E-01  1.1279E-01
  1.7010E+01  3.7058E-01  1.2534E-01
  1.7280E+01  3.7682E-01  1.3701E-01
  1.7550E+01  3.8019E-01  1.4767E-01
  1.7820E+01  3.8068E-01  1.5721E-01
  1.8090E+01  3.7846E-01  1.6553E-01
  1.8360E+01  3.7373E-01  1.7254E-01
  1.8630E+01  3.6660E-01  1.7819E-01
  1.8900E+01  3.5711E-01  1.8242E-01
  1.9170E+01  3.4537E-01  1.8520E-01
  1.9440E+01  3.3148E-01  1.8649E-01
  1.9710E+01  3.1554E-01  1.8628E-01
  1.9980E+01  2.9781E-01  1.8457E-01
  2.0250E+01  2.7858E-01  1.8138E-01
  2.0520E+01  2.5797E-01  1.7674E-01
  2.0790E+01  2.3611E-01  1.7070E-01
  2.1060E+01  2.1332E-01  1.6331E-01
  2.1330E+01  1.8996E-01  1.5466E-01
  2.1600E+01  1.6599E-01  1.4482E-01
  2.1870E+01  1.4130E-01  1.3387E-01
  2.2140E+01  1.1639E-01  1.2192E-01
  2.2410E+01  9.1985E-02  1.0909E-01
  2.2680E+01  6.8150E-02  9.5507E-02
  2.2950E+01  4.4345E-02  8.1289E-02
  2.3220E+01  2.0537E-02  6.6546E-02
  2.3490E+01 -2.3457E-03  5.1414E-02
  2.3760E+01 -2.3449E-02  3.6053E-02
  2.4030E+01 -4.3031E-02  2.0619E-02
  2.4300E+01 -6.1979E-02  5.2405E-03
  2.4570E+01 -8.0458E-02 -9.9660E-03
  2.4840E+01 -9.7495E-02 -2.4868E-02
  2.5110E+01 -1.1196E-01 -3.9312E-02
  2.5380E+01 -1.2366E-01 -5.3146E-02
  2.5650E+01 -1.3336E-01 -6.6237E-02
  2.5920E+01 -1.4191E-01 -7.8476E-02
  2.6190E+01 -1.4954E-01 -8.9766E-02
  2.6460E+01 -1.5593E-01 -1.0003E-01
  2.6730E+01 -1.6064E-01 -1.0919E-01
  2.7000E+01 -1.6340E-01 -1.1720E-01
  2.7270E+01 -1.6399E-01 -1.2400E-01
  2.7540E+01 -1.6223E-01 -1.2950E-01
  2.7810E+01 -1.5807E-01 -1.3361E-01
  2.8080E+01 -1.5177E-01 -1.3626E-01
  2.8350E+01 -1.4397E-01 -1.3740E-01
  2.8620E+01 -1.3542E-01 -1.3709E-01
  2.8890E+01 -1.2656E-01 -1.3538E-01
  2.9160E+01 -1.1730E-01 -1.3234E-01
  2.9430E+01 -1.0718E-01 -1.2803E-01
  2.9700E+01 -9.5776E-02 -1.2247E-01
  2.9970E+01 -8.2930E-02 -1.1567E-01
  3.0240E+01 -6.8851E-02 -1.0769E-01
  3.0510E+01 -5.3995E-02 -9.8571E-02
  3.0780E+01 -3.8890E-02 -8.8419E-02
  3.1050E+01 -2.3912E-02 -7.7347E-02
  3.1320E+01 -9.1410E-03 -6.5478E-02
  3.1590E+01  5.5538E-03 -5.2925E-02
  3.1860E+01  2.0215E-02 -3.9797E-02
  3.2130E+01  3.4629E-02 -2.6207E-02
  3.2400E+01  4.8526E-02 -1.2286E-02
  3.2670E+01  6.1857E-02  1.8381E-03
  3.2940E+01  7.4712E-02  1.6046E-02
  3.3210E+01  8.6937E-02  3.0220E-02
  3.3480E+01  9.8086E-02  4.4227E-02
  3.3750E+01  1.0792E-01  5.7922E-02
  3.4020E+01  1.1677E-01  7.1182E-02
  3.4290E+01  1.2505E-01  8.3913E-02
  3.4560E+01  1.3262E-01  9.6028E-02
  3.4830E+01  1.3871E-01  1.0741E-01
  3.5100E+01  1.4288E-01  1.1793E-01
  3.5370E+01  1.4563E-01  1.2748E-01
  3.5640E+01  1.4782E-01  1.3600E-01
  3.5910E+01  1.4964E-01  1.4348E-01
  3.6180E+01  1.5030E-01  1.4984E-01
  3.6450E+01  1.4891E-01  1.5501E-01
  3.6720E+01  1.4550E-01  1.5891E-01
  3.6990E+01  1.4108E-01  1.6151E-01
  3.7260E+01  1.3666E-01  1.6283E-01
  3.7530E+01  1.3233E-01  1.6291E-01
  3.7800E+01  1.2727E-01  1.6176E-01
  3.8070E+01  1.2050E-01  1.5937E-01
  3.8340E+01  1.1177E-01  1.5572E-01
  3.8610E+01  1.0172E-01  1.5083E-01
  3.8880E+01  9.1458E-02  1.4475E-01
  3.9150E+01  8.1826E-02  1.3758E-01
  3.9420E+01  7.2904E-02  1.2942E-01
  3.9690E+01  6.4084E-02  1.2037E-01
  3.9960E+01  5.4560E-02  1.1050E-01
  4.0230E+01  4.3909E-02  9.9876E-02
  4.0500E+01  3.2407E-02  8.8546E-02
  4.0770E+01  2.0873E-02  7.6603E-02
  4.1040E+01  1.0130E-02  6.4173E-02
  4.1310E+01  5.0213E-04  5.1402E-02
  4.1580E+01 -8.2852E-03  3.8428E-02
  4.1850E+01 -1.6793E-02  2.5362E-02
  4.2120E+01 -2.5456E-02  1.2290E-02
  4.2390E+01 -3.4298E-02 -7.1263E-04
  4.2660E+01 -4.2899E-02 -1.3555E-02
  4.2930E+01 -5.0629E-02 -2.6121E-02
  4.3200E+01 -5.7056E-02 -3.8278E-02
  4.3470E+01 -6.2170E-02 -4.9897E-02
  4.3740E+01 -6.6269E-02 -6.0868E-02
  4.4010E+01 -6.9694E-02 -7.1109E-02
  4.4280E+01 -7.2686E-02 -8.0556E-02
  4.4550E+01 -7.5329E-02 -8.9156E-02
  4.4820E+01 -7.7502E-02 -9.6859E-02
  4.5090E+01 -7.8922E-02 -1.0361E-01
  4.5360E+01 -7.9362E-02 -1.0934E-01
  4.5630E+01 -7.8864E-02 -1.1401E-01
  4.5900E+01 -7.7654E-02 -1.1759E-01
  4.6170E+01 -7.5892E-02 -1.2006E-01
  4.6440E+01 -7.3555E-02 -1.2141E-01
  4.6710E+01 -7.0572E-02 -1.2166E-01
  4.6980E+01 -6.6969E-02 -1.2080E-01
  4.7250E+01 -6.2843E-02 -1.1885E-01
  4.7520E+01 -5.8266E-02 -1.1582E-01
  4.7790E+01 -5.3299E-02 -1.1177E-01
  4.8060E+01 -4.8051E-02 -1.0673E-01
  4.8330E+01 -4.2642E-02 -1.0078E-01
  4.8600E+01 -3.7084E-02 -9.3965E-02
  4.8870E+01 -3.1267E-02 -8.6358E-02
  4.9140E+01 -2.5107E-02 -7.8018E-02
  4.9410E+01 -1.8730E-02 -6.9014E-02
  4.9680E+01 -1.2464E-02 -5.9437E-02
  4.9950E+01 -6.6342E-03 -4.9390E-02
  5.0220E+01 -1.3449E-03 -3.8980E-02
  5.0490E+01  3.5658E-03 -2.8308E-02
  5.0760E+01  8.3891E-03 -1.7465E-02
  5.1030E+01  1.3351E-02 -6.5297E-03
  5.1300E+01  1.8463E-02  4.4191E-03
  5.1570E+01  2.3469E-02  1.5298E-02
  5.1840E+01  2.7967E-02  2.6011E-02
  5.2110E+01  3.1660E-02  3.6451E-02
  5.2380E+01  3.4563E-02  4.6514E-02
  5.2650E+01  3.6952E-02  5.6115E-02
  5.2920E+01  3.9127E-02  6.5188E-02
  5.3190E+01  4.1209E-02  7.3676E-02
  5.3460E+01  4.3103E-02  8.1522E-02
  5.3730E+01  4.4595E-02  8.8664E-02
  5.4000E+01  4.5479E-02  9.5039E-02
  5.4270E+01  4.5708E-02  1.0059E-01
  5.4540E+01  4.5430E-02  1.0527E-01
  5.4810E+01  4.4836E-02  1.0907E-01
  5.5080E+01  4.3931E-02  1.1196E-01
  5.5350E+01  4.2518E-02  1.1393E-01
  5.5620E+01  4.0454E-02  1.1495E-01
  5.5890E+01  3.7859E-02  1.1501E-01
  5.6160E+01  3.5024E-02  1.1412E-01
  5.6430E+01  3.2160E-02  1.1230E-01
  5.6700E+01  2.9294E-02  1.0959E-01
  5.6970E+01  2.6375E-02  1.0603E-01
  5.7240E+01  2.3369E-02  1.0167E-01
  5.7510E+01  2.0228E-02  9.6543E-02
  5.7780E+01  1.6871E-02  9.0695E-02
  5.8050E+01  1.3296E-02  8.4171E-02
  5.8320E+01  9.6998E-03  7.7031E-02
  5.8590E+01  6.3810E-03  6.9357E-02
  5.8860E+01  3.4977E-03  6.1234E-02
  5.9130E+01  9.4442E-04  5.2746E-02
  5.9400E+01 -1.4953E-03  4.3965E-02
  5.9670E+01 -3.8996E-03  3.4963E-02
  5.9940E+01 -6.1421E-03  2.5816E-02
  6.0210E+01 -8.0568E-03  1.6609E-02
  6.0480E+01 -9.6257E-03  7.4259E-03
  6.0750E+01 -1.0986E-02 -1.6575E-03
  6.1020E+01 -1.2274E-02 -1.0571E-02
  6.1290E+01 -1.3482E-02 -1.9247E-02
  6.1560E+01 -1.4486E-02 -2.7618E-02
  6.1830E+01 -1.5188E-02 -3.5616E-02
  6.2100E+01 -1.5622E-02 -4.3179E-02
  6.2370E+01 -1.5903E-02 -5.0252E-02
  6.2640E+01 -1.6096E-02 -5.6786E-02
  6.2910E+01 -1.6136E-02 -6.2737E-02
  6.3180E+01 -1.5886E-02 -6.8061E-02
  6.3450E+01 -1.5284E-02 -7.2717E-02
  6.3720E+01 -1.4436E-02 -7.6671E-02
  6.3990E+01 -1.3560E-02 -7.9904E-02
  6.4260E+01 -1.2795E-02 -8.2407E-02
  6.4530E+01 -1.2060E-02 -8.4176E-02
  6.4800E+01 -1.1123E-02 -8.5203E-02
  6.5070E+01 -9.8210E-03 -8.5480E-02
  6.5340E+01 -8.2093E-03 -8.5006E-02
  6.5610E+01 -6.4947E-03 -8.3793E-02
  6.5880E+01 -4.8538E-03 -8.1866E-02
  6.6150E+01 -3.3139E-03 -7.9255E-02
  6.6420E+01 -1.7846E-03 -7.5992E-02
  6.6690E+01 -1.7893E-04 -7.2108E-02
  6.6960E+01  1.4926E-03 -6.7641E-02
  6.7230E+01  3.1310E-03 -6.2636E-02
  6.7500E+01  4.6417E-03 -5.7148E-02
  6.7770E+01  6.0151E-03 -5.1228E-02
  6.8040E+01  7.3101E-03 -4.4932E-02
  6.8310E+01  8.5686E-03 -3.8312E-02
  6.8580E+01  9.7650E-03 -3.1427E-02
  6.8850E+01  1.0843E-02 -2.4341E-02
  6.9120E+01  1.1772E-02 -1.7118E-02
  6.9390E+01  1.2559E-02 -9.8220E-03
  6.9660E+01  1.3211E-02 -2.5133E-03
  6.9930E+01  1.3744E-02  4.7494E-03
  7.0200E+01  1.4191E-02  1.1910E-02
  7.0470E+01  1.4573E-02  1.8913E-02
  7.0740E+01  1.4853E-02  2.5704E-02
  7.1010E+01  1.4921E-02  3.2224E-02
  7.1280E+01  1.4694E-02  3.8413E-02
  7.1550E+01  1.4212E-02  4.4218E-02
  7.1820E+01  1.3639E-02  4.9599E-02
  7.2090E+01  1.3141E-02  5.4526E-02
  7.2360E+01  1.2742E-02  5.8975E-02
  7.2630E+01  1.2313E-02  6.2916E-02
  7.2900E+01  1.1695E-02  6.6318E-02
  7.3170E+01  1.0844E-02  6.9151E-02
  7.3440E+01  9.8563E-03  7.1395E-02
  7.3710E+01  8.8767E-03  7.3043E-02
  7.3980E+01  7.9834E-03  7.4096E-02
  7.4250E+01  7.1444E-03  7.4556E-02
  7.4520E+01  6.2699E-03  7.4425E-02
  7.4790E+01  5.3147E-03  7.3708E-02
  7.5060E+01  4.3416E-03  7.2417E-02
  7.5330E+01  3.4773E-03  7.0573E-02
  7.5600E+01  2.7899E-03  6.8206E-02
  7.5870E+01  2.2184E-03  6.5346E-02
  7.6140E+01  1.6426E-03  6.2020E-02
  7.6410E+01  1.0231E-03  5.8254E-02
  7.6680E+01  4.5559E-04  5.4085E-02
  7.6950E+01  8.8240E-05  4.9560E-02
  7.7220E+01 -2.1512E-06  4.4730E-02
  7.7490E+01  1.4497E-04  3.9644E-02
  7.7760E+01  4.2276E-04  3.4348E-02
  7.8030E+01  7.3774E-04  2.8886E-02
  7.8300E+01  1.0665E-03  2.3302E-02
  7.8570E+01  1.4641E-03  1.7643E-02
  7.8840E+01  2.0186E-03  1.1963E-02
  7.9110E+01  2.7781E-03  6.3125E-03
  7.9380E+01  3.7106E-03  7.4204E-04
  7.9650E+01  4.7388E-03 -4.7045E-03
  7.9920E+01  5.8103E-03 -9.9849E-03
  8.0190E+01  6.9216E-03 -1.5057E-02
  8.0460E+01  8.0794E-03 -1.9881E-02
  8.0730E+01  9.2647E-03 -2.4420E-02
  8.1000E+01  1.0453E-02 -2.8642E-02
  8.1270E+01  1.1652E-02 -3.2518E-02
  8.1540E+01  1.2896E-02 -3.6019E-02
  8.1810E+01  1.4190E-02 -3.9118E-02
  8.2080E+01  1.5478E-02 -4.1794E-02
  8.2350E+01  1.6676E-02 -4.4034E-02
  8.2620E+01  1.7734E-02 -4.5830E-02
  8.2890E+01  1.8668E-02 -4.7176E-02
  8.3160E+01  1.9533E-02 -4.8068E-02
  8.3430E+01  2.0362E-02 -4.8502E-02
  8.3700E+01  2.1133E-02 -4.8479E-02
  8.3970E+01  2.1785E-02 -4.8008E-02
  8.4240E+01  2.2260E-02 -4.7102E-02
  8.4510E+01  2.2539E-02 -4.5781E-02
  8.4780E+01  2.2641E-02 -4.4065E-02
  8.5050E+01  2.2601E-02 -4.1974E-02
  8.5320E+01  2.2461E-02 -3.9530E-02
  8.5590E+01  2.2245E-02 -3.6756E-02
  8.5860E+01  2.1942E-02 -3.3676E-02
  8.6130E+01  2.1501E-02 -3.0323E-02
  8.6400E+01  2.0854E-02 -2.6734E-02
  8.6670E+01  1.9973E-02 -2.2947E-02
  8.6940E+01  1.8898E-02 -1.9001E-02
  8.7210E+01  1.7720E-02 -1.4929E-02
  8.7480E+01  1.6508E-02 -1.0764E-02
  8.7750E+01  1.5261E-02 -6.5387E-03
  8.8020E+01  1.3921E-02 -2.2910E-03
  8.8290E+01  1.2445E-02  1.9397E-03
  8.8560E+01  1.0851E-02  6.1160E-03
  8.8830E+01  9.2081E-03  1.0205E-02
  8.9100E+01  7.5815E-03  1.4176E-02
  8.9370E+01  5.9942E-03  1.8001E-02
  8.9640E+01  4.4255E-03  2.1652E-02
  8.9910E+01  2.8417E-03  2.5099E-02
  9.0180E+01  1.2317E-03  2.8316E-02
  9.0450E+01 -3.7304E-04  3.1277E-02
  9.0720E+01 -1.9117E-03  3.3965E-02
  9.0990E+01 -3.3340E-03  3.6364E-02
  9.1260E+01 -4.6320E-03  3.8462E-02
  9.1530E+01 -5.8296E-03  4.0246E-02
  9.1800E+01 -6.9421E-03  4.1705E-02
  9.2070E+01 -7.9539E-03  4.2834E-02
  9.2340E+01 -8.8383E-03  4.3630E-02
  9.2610E+01 -9.5857E-03  4.4093E-02
  9.2880E+01 -1.0202E-02  4.4225E-02
  9.3150E+01 -1.0682E-02  4.4030E-02
  9.3420E+01 -1.0999E-02  4.3517E-02
  9.3690E+01 -1.1130E-02  4.2698E-02
  9.3960E+01 -1.1081E-02  4.1587E-02
  9.4230E+01 -1.0887E-02  4.0197E-02
  9.4500E+01 -1.0578E-02  3.8542E-02
  9.4770E+01 -1.0144E-02  3.6642E-02
  9.5040E+01 -9.5519E-03  3.4517E-02
  9.5310E+01 -8.7850E-03  3.2193E-02
  9.5580E+01 -7.8688E-03  2.9693E-02
  9.5850E+01 -6.8512E-03  2.7039E-02
  9.6120E+01 -5.7614E-03  2.4253E-02
  9.6390E+01 -4.5902E-03  2.1361E-02
  9.6660E+01 -3.3099E-03  1.8389E-02
  9.6930E+01 -1.9125E-03  1.5367E-02
  9.7200E+01 -4.3021E-04  1.2321E-02
  9.7470E+01  1.0821E-03  9.2749E-03
  9.7740E+01  2.5864E-03  6.2520E-03
  9.8010E+01  4.0851E-03  3.2744E-03
  9.8280E+01  5.6033E-03  3.6677E-04
  9.8550E+01  7.1490E-03 -2.4464E-03
  9.8820E+01  8.6956E-03 -5.1426E-03
  9.9090E+01  1.0201E-02 -7.7025E-03
  9.9360E+01  1.1640E-02 -1.0109E-02
  9.9630E+01  1.3000E-02 -1.2345E-02
  9.9900E+01  1.4269E-02 -1.4398E-02
  1.0017E+02  1.5425E-02 -1.6257E-02
  1.0044E+02  1.6455E-02 -1.7911E-02
  1.0071E+02  1.7367E-02 -1.9351E-02
  1.0098E+02  1.8183E-02 -2.0569E-02
  1.0125E+02  1.8909E-02 -2.1556E-02
  1.0152E+02  1.9518E-02 -2.2310E-02
  1.0179E+02  1.9973E-02 -2.2831E-02
  1.0206E+02  2.0244E-02 -2.3122E-02
  1.0233E+02  2.0332E-02 -2.3186E-02
  1.0260E+02  2.0256E-02 -2.3029E-02
  1.0287E+02  2.0044E-02 -2.2655E-02
  1.0314E+02  1.9714E-02 -2.2070E-02
  1.0341E+02  1.9265E-02 -2.1285E-02
  1.0368E+02  1.8682E-02 -2.0309E-02
  1.0395E+02  1.7949E-02 -1.9155E-02
  1.0422E+02  1.7059E-02 -1.7838E-02
  1.0449E+02  1.6021E-02 -1.6373E-02
  1.0476E+02  1.4850E-02 -1.4777E-02
  1.0503E+02  1.3571E-02 -1.3065E-02
  1.0530E+02  1.2205E-02 -1.1254E-02
  1.0557E+02  1.0765E-02 -9.3607E-03
  1.0584E+02  9.2495E-03 -7.4026E-03
  1.0611E+02  7.6503E-03 -5.3983E-03
  1.0638E+02  5.9694E-03 -3.3671E-03
  1.0665E+02  4.2297E-03 -1.3277E-03
  1.0692E+02  2.4667E-03  7.0320E-04
  1.0719E+02  7.0663E-04  2.7094E-03
  1.0746E+02 -1.0447E-03  4.6749E-03
  1.0773E+02 -2.7933E-03  6.5832E-03
  1.0800E+02 -4.5366E-03  8.4182E-03
  1.0827E+02 -6.2511E-03  1.0166E-02
  1.0854E+02 -7.9011E-03  1.1814E-02
  1.0881E+02 -9.4611E-03  1.3352E-02
  1.0908E+02 -1.0930E-02  1.4770E-02
  1.0935E+02 -1.2323E-02  1.6057E-02
  1.0962E+02 -1.3646E-02  1.7203E-02
  1.0989E+02 -1.4878E-02  1.8202E-02
  1.1016E+02 -1.5983E-02  1.9048E-02
  1.1043E+02 -1.6936E-02  1.9739E-02
  1.1070E+02 -1.7747E-02  2.0274E-02
  1.1097E+02 -1.8438E-02  2.0650E-02
  1.1124E+02 -1.9021E-02  2.0864E-02
  1.1151E+02 -1.9482E-02  2.0918E-02
  1.1178E+02 -1.9797E-02  2.0815E-02
  1.1205E+02 -1.9953E-02  2.0560E-02
  1.1232E+02 -1.9954E-02  2.0159E-02
  1.1259E+02 -1.9813E-02  1.9617E-02
  1.1286E+02 -1.9539E-02  1.8941E-02
  1.1313E+02 -1.9138E-02  1.8140E-02
  1.1340E+02 -1.8612E-02  1.7222E-02
  1.1367E+02 -1.7956E-02  1.6196E-02
  1.1394E+02 -1.7167E-02  1.5075E-02
  1.1421E+02 -1.6249E-02  1.3871E-02
  1.1448E+02 -1.5213E-02  1.2595E-02
  1.1475E+02 -1.4076E-02  1.1260E-02
  1.1502E+02 -1.2850E-02  9.8780E-03
  1.1529E+02 -1.1544E-02  8.4614E-03
  1.1556E+02 -1.0171E-02  7.0229E-03
  1.1583E+02 -8.7489E-03  5.5747E-03
  1.1610E+02 -7.3001E-03  4.1282E-03
  1.1637E+02 -5.8394E-03  2.6944E-03
  1.1664E+02 -4.3722E-03  1.2846E-03
  1.1691E+02 -2.9011E-03 -8.9844E-05
  1.1718E+02 -1.4361E-03 -1.4182E-03
  1.1745E+02  3.1471E-06 -2.6910E-03
  1.1772E+02  1.3934E-03 -3.8998E-03
  1.1799E+02  2.7159E-03 -5.0375E-03
  1.1826E+02  3.9587E-03 -6.0974E-03
  1.1853E+02  5.1161E-03 -7.0736E-03
  1.1880E+02  6.1860E-03 -7.9604E-03
  1.1907E+02  7.1670E-03 -8.7526E-03
  1.1934E+02  8.0543E-03 -9.4463E-03
  1.1961E+02  8.8380E-03 -1.0039E-02
  1.1988E+02  9.5062E-03 -1.0528E-02
  1.2015E+02  1.0050E-02 -1.0914E-02
  1.2042E+02  1.0468E-02 -1.1197E-02
  1.2069E+02  1.0764E-02 -1.1376E-02
  1.2096E+02  1.0942E-02 -1.1453E-02
  1.2123E+02  1.1002E-02 -1.1431E-02
  1.2150E+02  1.0938E-02 -1.1312E-02
  1.2177E+02  1.0746E-02 -1.1100E-02
  1.2204E+02  1.0430E-02 -1.0801E-02
  1.2231E+02  9.9943E-03 -1.0419E-02
  1.2258E+02  9.4439E-03 -9.9598E-03
  1.2285E+02  8.7771E-03 -9.4302E-03
  1.2312E+02  7.9929E-03 -8.8377E-03
  1.2339E+02  7.0977E-03 -8.1901E-03
  1.2366E+02  6.1054E-03 -7.4947E-03
  1.2393E+02  5.0294E-03 -6.7587E-03
  1.2420E+02  3.8753E-03 -5.9901E-03
  1.2447E+02  2.6427E-03 -5.1975E-03
  1.2474E+02  1.3326E-03 -4.3900E-03
  1.2501E+02 -4.5459E-05 -3.5762E-03
  1.2528E+02 -1.4732E-03 -2.7642E-03
  1.2555E+02 -2.9296E-03 -1.9611E-03
  1.2582E+02 -4.3980E-03 -1.1740E-03
  1.2609E+02 -5.8698E-03 -4.0972E-04
  1.2636E+02 -7.3416E-03  3.2466E-04
  1.2663E+02 -8.8081E-03  1.0224E-03
  1.2690E+02 -1.0255E-02  1.6775E-03
  1.2717E+02 -1.1658E-02  2.2855E-03
  1.2744E+02 -1.2997E-02  2.8430E-03
  1.2771E+02 -1.4260E-02  3.3467E-03
  1.2798E+02 -1.5444E-02  3.7935E-03
  1.2825E+02 -1.6552E-02  4.1805E-03
  1.2852E+02 -1.7576E-02  4.5053E-03
  1.2879E+02 -1.8500E-02  4.7668E-03
  1.2906E+02 -1.9310E-02  4.9651E-03
  1.2933E+02 -1.9994E-02  5.1008E-03
  1.2960E+02 -2.0552E-02  5.1749E-03
  1.2987E+02 -2.0981E-02  5.1890E-03
  1.3014E+02 -2.1284E-02  5.1448E-03
  1.3041E+02 -2.1458E-02  5.0445E-03
  1.3068E+02 -2.1504E-02  4.8909E-03
  1.3095E+02 -2.1420E-02  4.6873E-03
  1.3122E+02 -2.1208E-02  4.4375E-03
  1.3149E+02 -2.0868E-02  4.1454E-03
  1.3176E+02 -2.0406E-02  3.8154E-03
  1.3203E+02 -1.9827E-02  3.4519E-03
  1.3230E+02 -1.9139E-02  3.0593E-03
  1.3257E+02 -1.8349E-02  2.6421E-03
  1.3284E+02 -1.7465E-02  2.2052E-03
  1.3311E+02 -1.6490E-02  1.7534E-03
  1.3338E+02 -1.5435E-02  1.2918E-03
  1.3365E+02 -1.4313E-02  8.2458E-04
  1.3392E+02 -1.3134E-02  3.5615E-04
  1.3419E+02 -1.1909E-02 -1.0927E-04
  1.3446E+02 -1.0645E-02 -5.6733E-04
  1.3473E+02 -9.3502E-03 -1.0140E-03
  1.3500E+02 -8.0404E-03 -1.4457E-03
  1.3527E+02 -6.7298E-03 -1.8595E-03
  1.3554E+02 -5.4286E-03 -2.2525E-03
  1.3581E+02 -4.1437E-03 -2.6219E-03
  1.3608E+02 -2.8838E-03 -2.9652E-03
  1.3635E+02 -1.6612E-03 -3.2807E-03
  1.3662E+02 -4.8911E-04 -3.5670E-03
  1.3689E+02  6.2180E-04 -3.8231E-03
  1.3716E+02  1.6647E-03 -4.0483E-03
  1.3743E+02  2.6343E-03 -4.2419E-03
  1.3770E+02  3.5245E-03 -4.4038E-03
  1.3797E+02  4.3278E-03 -4.5343E-03
  1.3824E+02  5.0367E-03 -4.6342E-03
  1.3851E+02  5.6452E-03 -4.7044E-03
  1.3878E+02  6.1496E-03 -4.7464E-03
  1.3905E+02  6.5486E-03 -4.7614E-03
  1.3932E+02  6.8426E-03 -4.7508E-03
  1.3959E+02  7.0323E-03 -4.7163E-03
  1.3986E+02  7.1159E-03 -4.6600E-03
  1.4013E+02  7.0902E-03 -4.5842E-03
  1.4040E+02  6.9539E-03 -4.4917E-03
  1.4067E+02  6.7110E-03 -4.3848E-03
  1.4094E+02  6.3703E-03 -4.2658E-03
  1.4121E+02  5.9406E-03 -4.1364E-03
  1.4148E+02  5.4264E-03 -3.9990E-03
  1.4175E+02  4.8276E-03 -3.8562E-03
  1.4202E+02  4.1449E-03 -3.7107E-03
  1.4229E+02  3.3839E-03 -3.5651E-03
  1.4256E+02  2.5560E-03 -3.4215E-03
  1.4283E+02  1.6745E-03 -3.2815E-03
  1.4310E+02  7.5104E-04 -3.1464E-03
  1.4337E+02 -2.0656E-04 -3.0179E-03
  1.4364E+02 -1.1924E-03 -2.8974E-03
  1.4391E+02 -2.2008E-03 -2.7863E-03
  1.4418E+02 -3.2247E-03 -2.6858E-03
  1.4445E+02 -4.2553E-03 -2.5969E-03
  1.4472E+02 -5.2815E-03 -2.5202E-03
  1.4499E+02 -6.2912E-03 -2.4558E-03
  1.4526E+02 -7.2736E-03 -2.4037E-03
  1.4553E+02 -8.2213E-03 -2.3638E-03
  1.4580E+02 -9.1291E-03 -2.3359E-03
  1.4607E+02 -9.9916E-03 -2.3198E-03
  1.4634E+02 -1.0801E-02 -2.3148E-03
  1.4661E+02 -1.1550E-02 -2.3200E-03
  1.4688E+02 -1.2231E-02 -2.3343E-03
  1.4715E+02 -1.2840E-02 -2.3569E-03
  1.4742E+02 -1.3373E-02 -2.3864E-03
  1.4769E+02 -1.3827E-02 -2.4217E-03
  1.4796E+02 -1.4196E-02 -2.4611E-03
  1.4823E+02 -1.4478E-02 -2.5032E-03
  1.4850E+02 -1.4670E-02 -2.5465E-03
  1.4877E+02 -1.4774E-02 -2.5894E-03
  1.4904E+02 -1.4788E-02 -2.6306E-03
  1.4931E+02 -1.4715E-02 -2.6685E-03
  1.4958E+02 -1.4554E-02 -2.7017E-03
  1.4985E+02 -1.4309E-02 -2.7290E-03
  1.5012E+02 -1.3981E-02 -2.7491E-03
  1.5039E+02 -1.3573E-02 -2.7608E-03
  1.5066E+02 -1.3089E-02 -2.7630E-03
  1.5093E+02 -1.2535E-02 -2.7550E-03
  1.5120E+02 -1.1917E-02 -2.7361E-03
  1.5147E+02 -1.1240E-02 -2.7059E-03
  1.5174E+02 -1.0508E-02 -2.6637E-03
  1.5201E+02 -9.7289E-03 -2.6094E-03
  1.5228E+02 -8.9110E-03 -2.5431E-03
  1.5255E+02 -8.0620E-03 -2.4650E-03
  1.5282E+02 -7.1872E-03 -2.3754E-03
  1.5309E+02 -6.2916E-03 -2.2748E-03
  1.5336E+02 -5.3825E-03 -2.1635E-03
  1.5363E+02 -4.4693E-03 -2.0427E-03
  1.5390E+02 -3.5621E-03 -1.9134E-03
  1.5417E+02 -2.6686E-03 -1.7769E-03
  1.5444E+02 -1.7938E-03 -1.6346E-03
  1.5471E+02 -9.4131E-04 -1.4876E-03
  1.5498E+02 -1.1677E-04 -1.3373E-03
  1.5525E+02  6.7198E-04 -1.1852E-03
  1.5552E+02  1.4165E-03 -1.0333E-03
  1.5579E+02  2.1107E-03 -8.8329E-04
  1.5606E+02  2.7511E-03 -7.3693E-04
  1.5633E+02  3.3352E-03 -5.9580E-04
  1.5660E+02  3.8597E-03 -4.6154E-04
  1.5687E+02  4.3206E-03 -3.3586E-04
  1.5714E+02  4.7142E-03 -2.2044E-04
  1.5741E+02  5.0389E-03 -1.1684E-04
  1.5768E+02  5.2940E-03 -2.6444E-05
  1.5795E+02  5.4789E-03  4.9456E-05
  1.5822E+02  5.5932E-03  1.0968E-04
  1.5849E+02  5.6374E-03  1.5321E-04
  1.5876E+02  5.6128E-03  1.7921E-04
  1.5903E+02  5.5222E-03  1.8708E-04
  1.5930E+02  5.3683E-03  1.7639E-04
  1.5957E+02  5.1535E-03  1.4688E-04
  1.5984E+02  4.8802E-03  9.8435E-05
  1.6011E+02  4.5509E-03  3.1077E-05
  1.6038E+02  4.1693E-03 -5.4934E-05
  1.6065E+02  3.7408E-03 -1.5906E-04
  1.6092E+02  3.2713E-03 -2.8050E-04
  1.6119E+02  2.7662E-03 -4.1827E-04
  1.6146E+02  2.2299E-03 -5.7129E-04
  1.6173E+02  1.6667E-03 -7.3835E-04
  1.6200E+02  1.0818E-03 -9.1807E-04
  1.6227E+02  4.8158E-04 -1.1088E-03
  1.6254E+02 -1.2766E-04 -1.3088E-03
  1.6281E+02 -7.4036E-04 -1.5160E-03
  1.6308E+02 -1.3515E-03 -1.7287E-03
  1.6335E+02 -1.9555E-03 -1.9447E-03
  1.6362E+02 -2.5464E-03 -2.1619E-03
  1.6389E+02 -3.1180E-03 -2.3780E-03
  1.6416E+02 -3.6658E-03 -2.5908E-03
  1.6443E+02 -4.1862E-03 -2.7980E-03
  1.6470E+02 -4.6757E-03 -2.9975E-03
  1.6497E+02 -5.1300E-03 -3.1872E-03
  1.6524E+02 -5.5446E-03 -3.3649E-03
  1.6551E+02 -5.9160E-03 -3.5286E-03
  1.6578E+02 -6.2422E-03 -3.6764E-03
  1.6605E+02 -6.5221E-03 -3.8066E-03
  1.6632E+02 -6.7541E-03 -3.9177E-03
  1.6659E+02 -6.9365E-03 -4.0081E-03
  1.6686E+02 -7.0677E-03 -4.0765E-03
  1.6713E+02 -7.1476E-03 -4.1219E-03
  1.6740E+02 -7.1772E-03 -4.1436E-03
  1.6767E+02 -7.1572E-03 -4.1408E-03
  1.6794E+02 -7.0879E-03 -4.1132E-03
  1.6821E+02 -6.9697E-03 -4.0605E-03
  1.6848E+02 -6.8044E-03 -3.9826E-03
  1.6875E+02 -6.5952E-03 -3.8799E-03
  1.6902E+02 -6.3449E-03 -3.7530E-03
  1.6929E+02 -6.0551E-03 -3.6026E-03
  1.6956E+02 -5.7276E-03 -3.4295E-03
  1.6983E+02 -5.3649E-03 -3.2348E-03
  1.7010E+02 -4.9714E-03 -3.0197E-03
  1.7037E+02 -4.5519E-03 -2.7860E-03
  1.7064E+02 -4.1105E-03 -2.5354E-03
  1.7091E+02 -3.6504E-03 -2.2699E-03
  1.7118E+02 -3.1748E-03 -1.9913E-03
  1.7145E+02 -2.6877E-03 -1.7018E-03
  1.7172E+02 -2.1935E-03 -1.4037E-03
  1.7199E+02 -1.6969E-03 -1.0995E-03
  1.7226E+02 -1.2019E-03 -7.9142E-04
  1.7253E+02 -7.1255E-04 -4.8217E-04
  1.7280E+02 -2.3254E-04 -1.7424E-04
  1.7307E+02  2.3440E-04  1.2984E-04
  1.7334E+02  6.8452E-04  4.2756E-04
  1.7361E+02  1.1142E-03  7.1641E-04
  1.7388E+02  1.5205E-03  9.9396E-04
  1.7415E+02  1.9011E-03  1.2579E-03
  1.7442E+02  2.2545E-03  1.5061E-03
  1.7469E+02  2.5789E-03  1.7366E-03
  1.7496E+02  2.8718E-03  1.9473E-03
  1.7523E+02  3.1311E-03  2.1367E-03
  1.7550E+02  3.3554E-03  2.3030E-03
  1.7577E+02  3.5447E-03  2.4449E-03
  1.7604E+02  3.6995E-03  2.5615E-03
  1.7631E+02  3.8199E-03  2.6518E-03
  1.7658E+02  3.9053E-03  2.7153E-03
  1.7685E+02  3.9554E-03  2.7513E-03
  1.7712E+02  3.9708E-03  2.7598E-03
  1.7739E+02  3.9525E-03  2.7408E-03
  1.7766E+02  3.9022E-03  2.6945E-03
  1.7793E+02  3.8211E-03  2.6217E-03
  1.7820E+02  3.7103E-03  2.5228E-03
  1.7847E+02  3.5711E-03  2.3990E-03
  1.7874E+02  3.4053E-03  2.2514E-03
  1.7901E+02  3.2149E-03  2.0812E-03
  1.7928E+02  3.0020E-03  1.8901E-03
  1.7955E+02  2.7691E-03  1.6798E-03
  1.7982E+02  2.5184E-03  1.4522E-03
  1.8009E+02  2.2525E-03  1.2093E-03
  1.8036E+02  1.9736E-03  9.5325E-04
  1.8063E+02  1.6841E-03  6.8621E-04
  1.8090E+02  1.3867E-03  4.1052E-04
  1.8117E+02  1.0846E-03  1.2862E-04
  1.8144E+02  7.8146E-04 -1.5693E-04
  1.8171E+02  4.8023E-04 -4.4355E-04
  1.8198E+02  1.8319E-04 -7.2876E-04
  1.8225E+02 -1.0788E-04 -1.0101E-03
  1.8252E+02 -3.9076E-04 -1.2852E-03
  1.8279E+02 -6.6254E-04 -1.5515E-03
  1.8306E+02 -9.1996E-04 -1.8066E-03
  1.8333E+02 -1.1603E-03 -2.0483E-03
  1.8360E+02 -1.3817E-03 -2.2742E-03
  1.8387E+02 -1.5834E-03 -2.4824E-03
  1.8414E+02 -1.7645E-03 -2.6711E-03
  1.8441E+02 -1.9241E-03 -2.8386E-03
  1.8468E+02 -2.0605E-03 -2.9834E-03
  1.8495E+02 -2.1723E-03 -3.1041E-03
  1.8522E+02 -2.2588E-03 -3.1995E-03
  1.8549E+02 -2.3204E-03 -3.2688E-03
  1.8576E+02 -2.3579E-03 -3.3113E-03
  1.8603E+02 -2.3719E-03 -3.3268E-03
  1.8630E+02 -2.3626E-03 -3.3149E-03
  1.8657E+02 -2.3302E-03 -3.2758E-03
  1.8684E+02 -2.2756E-03 -3.2098E-03
  1.8711E+02 -2.2002E-03 -3.1174E-03
  1.8738E+02 -2.1058E-03 -2.9994E-03
  1.8765E+02 -1.9936E-03 -2.8569E-03
  1.8792E+02 -1.8645E-03 -2.6911E-03
  1.8819E+02 -1.7197E-03 -2.5033E-03
  1.8846E+02 -1.5609E-03 -2.2950E-03
  1.8873E+02 -1.3905E-03 -2.0682E-03
  1.8900E+02 -1.2105E-03 -1.8248E-03
  1.8927E+02 -1.0225E-03 -1.5668E-03
  1.8954E+02 -8.2747E-04 -1.2964E-03
  1.8981E+02 -6.2679E-04 -1.0157E-03
  1.9008E+02 -4.2230E-04 -7.2718E-04
  1.9035E+02 -2.1625E-04 -4.3315E-04
  1.9062E+02 -1.0622E-05 -1.3612E-04
  1.9089E+02  1.9318E-04  1.6149E-04
  1.9116E+02  3.9407E-04  4.5727E-04
  1.9143E+02  5.9081E-04  7.4886E-04
  1.9170E+02  7.8185E-04  1.0339E-03
  1.9197E+02  9.6557E-04  1.3101E-03
  1.9224E+02  1.1406E-03  1.5752E-03
  1.9251E+02  1.3060E-03  1.8272E-03
  1.9278E+02  1.4609E-03  2.0641E-03
  1.9305E+02  1.6044E-03  2.2840E-03
  1.9332E+02  1.7360E-03  2.4854E-03
  1.9359E+02  1.8549E-03  2.6667E-03
  1.9386E+02  1.9605E-03  2.8266E-03
  1.9413E+02  2.0521E-03  2.9639E-03
  1.9440E+02  2.1295E-03  3.0777E-03
  1.9467E+02  2.1926E-03  3.1672E-03
  1.9494E+02  2.2419E-03  3.2320E-03
  1.9521E+02  2.2776E-03  3.2716E-03
  1.9548E+02  2.3000E-03  3.2861E-03
  1.9575E+02  2.3090E-03  3.2755E-03
  1.9602E+02  2.3050E-03  3.2402E-03
  1.9629E+02  2.2884E-03  3.1805E-03
  1.9656E+02  2.2602E-03  3.0973E-03
  1.9683E+02  2.2214E-03  2.9916E-03
  1.9710E+02  2.1728E-03  2.8643E-03
  1.9737E+02  2.1153E-03  2.7169E-03
  1.9764E+02  2.0495E-03  2.5508E-03
  1.9791E+02  1.9761E-03  2.3674E-03
  1.9818E+02  1.8964E-03  2.1685E-03
  1.9845E+02  1.8116E-03  1.9561E-03
  1.9872E+02  1.7229E-03  1.7320E-03
  1.9899E+02  1.6312E-03  1.4983E-03
  1.9926E+02  1.5374E-03  1.2571E-03
  1.9953E+02  1.4423E-03  1.0105E-03
  1.9980E+02  1.3471E-03  7.6063E-04
  2.0007E+02  1.2528E-03  5.0976E-04
  2.0034E+02  1.1604E-03  2.6006E-04
  2.0061E+02  1.0707E-03  1.3678E-05
  2.0088E+02  9.8433E-04 -2.2730E-04
  2.0115E+02  9.0192E-04 -4.6084E-04
  2.0142E+02  8.2429E-04 -6.8498E-04
  2.0169E+02  7.5216E-04 -8.9784E-04
  2.0196E+02  6.8598E-04 -1.0977E-03
  2.0223E+02  6.2596E-04 -1.2828E-03
  2.0250E+02  5.7228E-04 -1.4519E-03
  2.0277E+02  5.2534E-04 -1.6035E-03
  2.0304E+02  4.8559E-04 -1.7364E-03
  2.0331E+02  4.5336E-04 -1.8497E-03
  2.0358E+02  4.2862E-04 -1.9424E-03
  2.0385E+02  4.1113E-04 -2.0139E-03
  2.0412E+02  4.0065E-04 -2.0638E-03
  2.0439E+02  3.9708E-04 -2.0918E-03
  2.0466E+02  4.0035E-04 -2.0978E-03
  2.0493E+02  4.1034E-04 -2.0818E-03
  2.0520E+02  4.2680E-04 -2.0442E-03
  2.0547E+02  4.4939E-04 -1.9853E-03
  2.0574E+02  4.7764E-04 -1.9058E-03
  2.0601E+02  5.1103E-04 -1.8065E-03
  2.0628E+02  5.4897E-04 -1.6884E-03
  2.0655E+02  5.9097E-04 -1.5526E-03
  2.0682E+02  6.3666E-04 -1.4003E-03
  2.0709E+02  6.8571E-04 -1.2328E-03
  2.0736E+02  7.3764E-04 -1.0518E-03
  2.0763E+02  7.9182E-04 -8.5863E-04
  2.0790E+02  8.4758E-04 -6.5513E-04
  2.0817E+02  9.0439E-04 -4.4302E-04
  2.0844E+02  9.6186E-04 -2.2408E-04
  2.0871E+02  1.0196E-03 -1.4591E-07
  2.0898E+02  1.0774E-03  2.2694E-04
  2.0925E+02  1.1346E-03  4.5529E-04
  2.0952E+02  1.1910E-03  6.8306E-04
  2.0979E+02  1.2460E-03  9.0840E-04
  2.1006E+02  1.2994E-03  1.1295E-03
  2.1033E+02  1.3511E-03  1.3447E-03
  2.1060E+02  1.4009E-03  1.5523E-03
  2.1087E+02  1.4486E-03  1.7506E-03
  2.1114E+02  1.4939E-03  1.9383E-03
  2.1141E+02  1.5366E-03  2.1139E-03
  2.1168E+02  1.5768E-03  2.2760E-03
  2.1195E+02  1.6144E-03  2.4237E-03
  2.1222E+02  1.6496E-03  2.5559E-03
  2.1249E+02  1.6825E-03  2.6718E-03
  2.1276E+02  1.7129E-03  2.7705E-03
  2.1303E+02  1.7408E-03  2.8516E-03
  2.1330E+02  1.7665E-03  2.9146E-03
  2.1357E+02  1.7901E-03  2.9593E-03
  2.1384E+02  1.8119E-03  2.9857E-03
  2.1411E+02  1.8320E-03  2.9936E-03
  2.1438E+02  1.8508E-03  2.9835E-03
  2.1465E+02  1.8682E-03  2.9556E-03
  2.1492E+02  1.8846E-03  2.9105E-03
  2.1519E+02  1.9000E-03  2.8489E-03
  2.1546E+02  1.9147E-03  2.7714E-03
  2.1573E+02  1.9289E-03  2.6790E-03
  2.1600E+02  1.9428E-03  2.5728E-03
  2.1627E+02  1.9566E-03  2.4539E-03
  2.1654E+02  1.9704E-03  2.3234E-03
  2.1681E+02  1.9844E-03  2.1828E-03
  2.1708E+02  1.9987E-03  2.0333E-03
  2.1735E+02  2.0133E-03  1.8764E-03
  2.1762E+02  2.0282E-03  1.7136E-03
  2.1789E+02  2.0436E-03  1.5464E-03
  2.1816E+02  2.0595E-03  1.3763E-03
  2.1843E+02  2.0759E-03  1.2048E-03
  2.1870E+02  2.0929E-03  1.0334E-03
  2.1897E+02  2.1104E-03  8.6372E-04
  2.1924E+02  2.1285E-03  6.9716E-04
  2.1951E+02  2.1469E-03  5.3516E-04
  2.1978E+02  2.1656E-03  3.7909E-04
  2.2005E+02  2.1846E-03  2.3024E-04
  2.2032E+02  2.2037E-03  8.9848E-05
  2.2059E+02  2.2229E-03 -4.0946E-05
  2.2086E+02  2.2419E-03 -1.6110E-04
  2.2113E+02  2.2607E-03 -2.6967E-04
  2.2140E+02  2.2791E-03 -3.6583E-04
  2.2167E+02  2.2970E-03 -4.4885E-04
  2.2194E+02  2.3141E-03 -5.1813E-04
  2.2221E+02  2.3304E-03 -5.7321E-04
  2.2248E+02  2.3456E-03 -6.1373E-04
  2.2275E+02  2.3595E-03 -6.3947E-04
  2.2302E+02  2.3721E-03 -6.5034E-04
  2.2329E+02  2.3833E-03 -6.4636E-04
  2.2356E+02  2.3930E-03 -6.2768E-04
  2.2383E+02  2.4010E-03 -5.9457E-04
  2.2410E+02  2.4074E-03 -5.4742E-04
  2.2437E+02  2.4119E-03 -4.8673E-04
  2.2464E+02  2.4147E-03 -4.1310E-04
  2.2491E+02  2.4158E-03 -3.2724E-04
  2.2518E+02  2.4153E-03 -2.2993E-04
  2.2545E+02  2.4131E-03 -1.2205E-04
  2.2572E+02  2.4095E-03 -4.5323E-06
  2.2599E+02  2.4045E-03  1.2160E-04
  2.2626E+02  2.3983E-03  2.5527E-04
  2.2653E+02  2.3911E-03  3.9537E-04
  2.2680E+02  2.3829E-03  5.4076E-04
  2.2707E+02  2.3740E-03  6.9024E-04
  2.2734E+02  2.3646E-03  8.4262E-04
  2.2761E+02  2.3549E-03  9.9672E-04
  2.2788E+02  2.3452E-03  1.1513E-03
  2.2815E+02  2.3357E-03  1.3053E-03
  2.2842E+02  2.3266E-03  1.4574E-03
  2.2869E+02  2.3181E-03  1.6066E-03
  2.2896E+02  2.3105E-03  1.7517E-03
  2.2923E+02  2.3040E-03  1.8918E-03
  2.2950E+02  2.2989E-03  2.0258E-03
  2.2977E+02  2.2955E-03  2.1528E-03
  2.3004E+02  2.2939E-03  2.2721E-03
  2.3031E+02  2.2943E-03  2.3828E-03
  2.3058E+02  2.2971E-03  2.4843E-03
  2.3085E+02  2.3024E-03  2.5759E-03
  2.3112E+02  2.3104E-03  2.6572E-03
  2.3139E+02  2.3213E-03  2.7278E-03
  2.3166E+02  2.3352E-03  2.7874E-03
  2.3193E+02  2.3523E-03  2.8358E-03
  2.3220E+02  2.3726E-03  2.8727E-03
  2.3247E+02  2.3962E-03  2.8984E-03
  2.3274E+02  2.4232E-03  2.9127E-03
  2.3301E+02  2.4535E-03  2.9158E-03
  2.3328E+02  2.4871E-03  2.9081E-03
  2.3355E+02  2.5238E-03  2.8899E-03
  2.3382E+02  2.5638E-03  2.8616E-03
  2.3409E+02  2.6066E-03  2.8236E-03
  2.3436E+02  2.6522E-03  2.7766E-03
  2.3463E+02  2.7003E-03  2.7213E-03
  2.3490E+02  2.7507E-03  2.6582E-03
  2.3517E+02  2.8032E-03  2.5881E-03
  2.3544E+02  2.8574E-03  2.5118E-03
  2.3571E+02  2.9131E-03  2.4302E-03
  2.3598E+02  2.9699E-03  2.3441E-03
  2.3625E+02  3.0275E-03  2.2544E-03
  2.3652E+02  3.0855E-03  2.1619E-03
  2.3679E+02  3.1436E-03  2.0676E-03
  2.3706E+02  3.2016E-03  1.9724E-03
  2.3733E+02  3.2590E-03  1.8772E-03
  2.3760E+02  3.3156E-03  1.7828E-03
  2.3787E+02  3.3710E-03  1.6901E-03
  2.3814E+02  3.4249E-03  1.6000E-03
  2.3841E+02  3.4769E-03  1.5132E-03
  2.3868E+02  3.5267E-03  1.4305E-03
  2.3895E+02  3.5742E-03  1.3526E-03
  2.3922E+02  3.6190E-03  1.2802E-03
  2.3949E+02  3.6608E-03  1.2139E-03
  2.3976E+02  3.6994E-03  1.1542E-03
  2.4003E+02  3.7346E-03  1.1016E-03
  2.4030E+02  3.7661E-03  1.0566E-03
  2.4057E+02  3.7938E-03  1.0194E-03
  2.4084E+02  3.8175E-03  9.9036E-04
  2.4111E+02  3.8371E-03  9.6966E-04
  2.4138E+02  3.8524E-03  9.5742E-04
  2.4165E+02  3.8634E-03  9.5371E-04
  2.4192E+02  3.8701E-03  9.5850E-04
  2.4219E+02  3.8724E-03  9.7170E-04
  2.4246E+02  3.8703E-03  9.9316E-04
  2.4273E+02  3.8639E-03  1.0227E-03
  2.4300E+02  3.8534E-03  1.0599E-03
  2.4327E+02  3.8389E-03  1.1045E-03
  2.4354E+02  3.8205E-03  1.1562E-03
  2.4381E+02  3.7986E-03  1.2144E-03
  2.4408E+02  3.7733E-03  1.2786E-03
  2.4435E+02  3.7449E-03  1.3484E-03
  2.4462E+02  3.7139E-03  1.4231E-03
  2.4489E+02  3.6805E-03  1.5021E-03
  2.4516E+02  3.6451E-03  1.5849E-03
  2.4543E+02  3.6082E-03  1.6707E-03
  2.4570E+02  3.5702E-03  1.7590E-03
  2.4597E+02  3.5314E-03  1.8490E-03
  2.4624E+02  3.4925E-03  1.9402E-03
  2.4651E+02  3.4536E-03  2.0317E-03
  2.4678E+02  3.4153E-03  2.1231E-03
  2.4705E+02  3.3779E-03  2.2136E-03
  2.4732E+02  3.3421E-03  2.3027E-03
  2.4759E+02  3.3081E-03  2.3897E-03
  2.4786E+02  3.2763E-03  2.4741E-03
  2.4813E+02  3.2471E-03  2.5553E-03
  2.4840E+02  3.2207E-03  2.6329E-03
  2.4867E+02  3.1975E-03  2.7064E-03
  2.4894E+02  3.1777E-03  2.7753E-03
  2.4921E+02  3.1617E-03  2.8394E-03
  2.4948E+02  3.1497E-03  2.8983E-03
  2.4975E+02  3.1417E-03  2.9516E-03
  2.5002E+02  3.1379E-03  2.9993E-03
  2.5029E+02  3.1385E-03  3.0410E-03
  2.5056E+02  3.1434E-03  3.0768E-03
  2.5083E+02  3.1529E-03  3.1064E-03
  2.5110E+02  3.1668E-03  3.1299E-03
  2.5137E+02  3.1851E-03  3.1473E-03
  2.5164E+02  3.2077E-03  3.1587E-03
  2.5191E+02  3.2345E-03  3.1642E-03
  2.5218E+02  3.2654E-03  3.1639E-03
  2.5245E+02  3.3002E-03  3.1581E-03
  2.5272E+02  3.3388E-03  3.1470E-03
  2.5299E+02  3.3808E-03  3.1309E-03
  2.5326E+02  3.4260E-03  3.1102E-03
  2.5353E+02  3.4741E-03  3.0851E-03
  2.5380E+02  3.5247E-03  3.0561E-03
  2.5407E+02  3.5777E-03  3.0235E-03
  2.5434E+02  3.6325E-03  2.9878E-03
  2.5461E+02  3.6889E-03  2.9495E-03
  2.5488E+02  3.7464E-03  2.9089E-03
  2.5515E+02  3.8047E-03  2.8665E-03
  2.5542E+02  3.8633E-03  2.8229E-03
  2.5569E+02  3.9218E-03  2.7784E-03
  2.5596E+02  3.9798E-03  2.7335E-03
  2.5623E+02  4.0369E-03  2.6887E-03
  2.5650E+02  4.0927E-03  2.6444E-03
  2.5677E+02  4.1469E-03  2.6010E-03
  2.5704E+02  4.1990E-03  2.5590E-03
  2.5731E+02  4.2486E-03  2.5187E-03
  2.5758E+02  4.2954E-03  2.4805E-03
  2.5785E+02  4.3392E-03  2.4448E-03
  2.5812E+02  4.3795E-03  2.4118E-03
  2.5839E+02  4.4161E-03  2.3818E-03
  2.5866E+02  4.4488E-03  2.3551E-03
  2.5893E+02  4.4774E-03  2.3319E-03
  2.5920E+02  4.5017E-03  2.3124E-03
  2.5947E+02  4.5215E-03  2.2966E-03
  2.5974E+02  4.5368E-03  2.2848E-03
  2.6001E+02  4.5474E-03  2.2770E-03
  2.6028E+02  4.5534E-03  2.2733E-03
  2.6055E+02  4.5548E-03  2.2736E-03
  2.6082E+02  4.5516E-03  2.2779E-03
  2.6109E+02  4.5439E-03  2.2862E-03
  2.6136E+02  4.5319E-03  2.2983E-03
  2.6163E+02  4.5156E-03  2.3142E-03
  2.6190E+02  4.4954E-03  2.3338E-03
  2.6217E+02  4.4713E-03  2.3567E-03
  2.6244E+02  4.4436E-03  2.3828E-03
  2.6271E+02  4.4128E-03  2.4120E-03
  2.6298E+02  4.3790E-03  2.4439E-03
  2.6325E+02  4.3426E-03  2.4784E-03
  2.6352E+02  4.3039E-03  2.5151E-03
  2.6379E+02  4.2633E-03  2.5537E-03
  2.6406E+02  4.2212E-03  2.5940E-03
  2.6433E+02  4.1779E-03  2.6357E-03
  2.6460E+02  4.1339E-03  2.6784E-03
  2.6487E+02  4.0896E-03  2.7219E-03
  2.6514E+02  4.0453E-03  2.7659E-03
  2.6541E+02  4.0015E-03  2.8100E-03
  2.6568E+02  3.9585E-03  2.8540E-03
  2.6595E+02  3.9167E-03  2.8976E-03
  2.6622E+02  3.8766E-03  2.9404E-03
  2.6649E+02  3.8384E-03  2.9824E-03
  2.6676E+02  3.8025E-03  3.0231E-03
  2.6703E+02  3.7691E-03  3.0624E-03
  2.6730E+02  3.7386E-03  3.1001E-03
  2.6757E+02  3.7113E-03  3.1360E-03
  2.6784E+02  3.6874E-03  3.1698E-03
  2.6811E+02  3.6670E-03  3.2014E-03
  2.6838E+02  3.6503E-03  3.2308E-03
  2.6865E+02  3.6376E-03  3.2577E-03
  2.6892E+02  3.6288E-03  3.2821E-03
  2.6919E+02  3.6241E-03  3.3040E-03
  2.6946E+02  3.6236E-03  3.3232E-03
  2.6973E+02  3.6271E-03  3.3398E-03
  2.7000E+02  3.6347E-03  3.3537E-03
  2.7027E+02  3.6463E-03  3.3650E-03
  2.7054E+02  3.6618E-03  3.3736E-03
  2.7081E+02  3.6812E-03  3.3798E-03
  2.7108E+02  3.7041E-03  3.3834E-03
  2.7135E+02  3.7305E-03  3.3847E-03
  2.7162E+02  3.7601E-03  3.3837E-03
  2.7189E+02  3.7927E-03  3.3805E-03
  2.7216E+02  3.8280E-03  3.3754E-03
  2.7243E+02  3.8657E-03  3.3683E-03
  2.7270E+02  3.9055E-03  3.3595E-03
  2.7297E+02  3.9471E-03  3.3492E-03
  2.7324E+02  3.9902E-03  3.3374E-03
  2.7351E+02  4.0344E-03  3.3244E-03
  2.7378E+02  4.0793E-03  3.3104E-03
  2.7405E+02  4.1246E-03  3.2955E-03
  2.7432E+02  4.1700E-03  3.2799E-03
  2.7459E+02  4.2151E-03  3.2639E-03
  2.7486E+02  4.2595E-03  3.2474E-03
  2.7513E+02  4.3030E-03  3.2309E-03
  2.7540E+02  4.3451E-03  3.2143E-03
  2.7567E+02  4.3855E-03  3.1979E-03
  2.7594E+02  4.4240E-03  3.1818E-03
  2.7621E+02  4.4603E-03  3.1662E-03
  2.7648E+02  4.4942E-03  3.1512E-03
  2.7675E+02  4.5253E-03  3.1369E-03
  2.7702E+02  4.5534E-03  3.1235E-03
  2.7729E+02  4.5784E-03  3.1110E-03
  2.7756E+02  4.6001E-03  3.0996E-03
  2.7783E+02  4.6184E-03  3.0894E-03
  2.7810E+02  4.6332E-03  3.0803E-03
  2.7837E+02  4.6443E-03  3.0725E-03
  2.7864E+02  4.6518E-03  3.0660E-03
  2.7891E+02  4.6555E-03  3.0608E-03
  2.7918E+02  4.6556E-03  3.0570E-03
  2.7945E+02  4.6520E-03  3.0545E-03
  2.7972E+02  4.6448E-03  3.0535E-03
  2.7999E+02  4.6342E-03  3.0538E-03
  2.8026E+02  4.6202E-03  3.0554E-03
  2.8053E+02  4.6030E-03  3.0583E-03
  2.8080E+02  4.5828E-03  3.0625E-03
  2.8107E+02  4.5597E-03  3.0679E-03
  2.8134E+02  4.5340E-03  3.0745E-03
  2.8161E+02  4.5060E-03  3.0821E-03
  2.8188E+02  4.4759E-03  3.0908E-03
  2.8215E+02  4.4439E-03  3.1005E-03
  2.8242E+02  4.4104E-03  3.1110E-03
  2.8269E+02  4.3756E-03  3.1223E-03
  2.8296E+02  4.3398E-03  3.1343E-03
  2.8323E+02  4.3034E-03  3.1470E-03
  2.8350E+02  4.2666E-03  3.1601E-03
  2.8377E+02  4.2298E-03  3.1737E-03
  2.8404E+02  4.1932E-03  3.1877E-03
  2.8431E+02  4.1571E-03  3.2020E-03
  2.8458E+02  4.1219E-03  3.2164E-03
  2.8485E+02  4.0878E-03  3.2309E-03
  2.8512E+02  4.0551E-03  3.2455E-03
  2.8539E+02  4.0240E-03  3.2600E-03
  2.8566E+02  3.9947E-03  3.2743E-03
  2.8593E+02  3.9676E-03  3.2885E-03
  2.8620E+02  3.9427E-03  3.3024E-03
  2.8647E+02  3.9203E-03  3.3159E-03
  2.8674E+02  3.9005E-03  3.3291E-03
  2.8701E+02  3.8834E-03  3.3418E-03
  2.8728E+02  3.8693E-03  3.3541E-03
  2.8755E+02  3.8580E-03  3.3658E-03
  2.8782E+02  3.8498E-03  3.3770E-03
  2.8809E+02  3.8446E-03  3.3876E-03
  2.8836E+02  3.8425E-03  3.3976E-03
  2.8863E+02  3.8435E-03  3.4069E-03
  2.8890E+02  3.8474E-03  3.4156E-03
  2.8917E+02  3.8543E-03  3.4236E-03
  2.8944E+02  3.8641E-03  3.4310E-03
  2.8971E+02  3.8766E-03  3.4377E-03
  2.8998E+02  3.8917E-03  3.4437E-03
  2.9025E+02  3.9093E-03  3.4491E-03
  2.9052E+02  3.9292E-03  3.4538E-03
  2.9079E+02  3.9511E-03  3.4578E-03
  2.9106E+02  3.9750E-03  3.4613E-03
  2.9133E+02  4.0005E-03  3.4641E-03
  2.9160E+02  4.0275E-03  3.4663E-03
  2.9187E+02  4.0557E-03  3.4679E-03
  2.9214E+02  4.0849E-03  3.4690E-03
  2.9241E+02  4.1148E-03  3.4696E-03
  2.9268E+02  4.1451E-03  3.4696E-03
  2.9295E+02  4.1757E-03  3.4692E-03
  2.9322E+02  4.2062E-03  3.4683E-03
  2.9349E+02  4.2365E-03  3.4670E-03
  2.9376E+02  4.2662E-03  3.4653E-03
  2.9403E+02  4.2952E-03  3.4632E-03
  2.9430E+02  4.3231E-03  3.4607E-03
  2.9457E+02  4.3499E-03  3.4580E-03
  2.9484E+02  4.3753E-03  3.4549E-03
  2.9511E+02  4.3990E-03  3.4516E-03
  2.9538E+02  4.4210E-03  3.4480E-03
  2.9565E+02  4.4411E-03  3.4442E-03
  2.9592E+02  4.4590E-03  3.4402E-03
  2.9619E+02  4.4748E-03  3.4361E-03
  2.9646E+02  4.4883E-03  3.4318E-03
  2.9673E+02  4.4993E-03  3.4274E-03
  2.9700E+02  4.5079E-03  3.4229E-03
  2.9727E+02  4.5140E-03  3.4183E-03
  2.9754E+02  4.5175E-03  3.4137E-03
  2.9781E+02  4.5185E-03  3.4090E-03
  2.9808E+02  4.5170E-03  3.4043E-03
  2.9835E+02  4.5130E-03  3.3997E-03
  2.9862E+02  4.5065E-03  3.3951E-03
  2.9889E+02  4.4977E-03  3.3906E-03
  2.9916E+02  4.4866E-03  3.3861E-03
  2.9943E+02  4.4733E-03  3.3817E-03
  2.9970E+02  4.4580E-03  3.3775E-03
  2.9997E+02  4.4409E-03  3.3734E-03
  3.0024E+02  4.4220E-03  3.3695E-03
  3.0051E+02  4.4016E-03  3.3658E-03
  3.0078E+02  4.3798E-03  3.3623E-03
  3.0105E+02  4.3569E-03  3.3591E-03
  3.0132E+02  4.3329E-03  3.3561E-03
  3.0159E+02  4.3082E-03  3.3533E-03
  3.0186E+02  4.2829E-03  3.3509E-03
  3.0213E+02  4.2573E-03  3.3488E-03
  3.0240E+02  4.2315E-03  3.3471E-03
  3.0267E+02  4.2057E-03  3.3457E-03
  3.0294E+02  4.1802E-03  3.3447E-03
  3.0321E+02  4.1552E-03  3.3441E-03
  3.0348E+02  4.1308E-03  3.3439E-03
  3.0375E+02  4.1072E-03  3.3441E-03
  3.0402E+02  4.0845E-03  3.3448E-03
  3.0429E+02  4.0631E-03  3.3458E-03
  3.0456E+02  4.0428E-03  3.3474E-03
  3.0483E+02  4.0240E-03  3.3494E-03
  3.0510E+02  4.0068E-03  3.3518E-03
  3.0537E+02  3.9912E-03  3.3547E-03
  3.0564E+02  3.9773E-03  3.3580E-03
  3.0591E+02  3.9652E-03  3.3618E-03
  3.0618E+02  3.9549E-03  3.3660E-03
  3.0645E+02  3.9466E-03  3.3706E-03
  3.0672E+02  3.9402E-03  3.3756E-03
  3.0699E+02  3.9358E-03  3.3810E-03
  3.0726E+02  3.9333E-03  3.3867E-03
  3.0753E+02  3.9327E-03  3.3927E-03
  3.0780E+02  3.9340E-03  3.3991E-03
  3.0807E+02  3.9372E-03  3.4057E-03
  3.0834E+02  3.9421E-03  3.4125E-03
  3.0861E+02  3.9488E-03  3.4196E-03
  3.0888E+02  3.9571E-03  3.4268E-03
  3.0915E+02  3.9669E-03  3.4341E-03
  3.0942E+02  3.9781E-03  3.4414E-03
  3.0969E+02  3.9906E-03  3.4488E-03
  3.0996E+02  4.0043E-03  3.4562E-03
  3.1023E+02  4.0190E-03  3.4636E-03
  3.1050E+02  4.0346E-03  3.4708E-03
  3.1077E+02  4.0509E-03  3.4779E-03
  3.1104E+02  4.0678E-03  3.4847E-03
  3.1131E+02  4.0852E-03  3.4914E-03
  3.1158E+02  4.1028E-03  3.4977E-03
  3.1185E+02  4.1205E-03  3.5037E-03
  3.1212E+02  4.1382E-03  3.5093E-03
  3.1239E+02  4.1557E-03  3.5146E-03
  3.1266E+02  4.1728E-03  3.5193E-03
  3.1293E+02  4.1895E-03  3.5236E-03
  3.1320E+02  4.2055E-03  3.5273E-03
  3.1347E+02  4.2207E-03  3.5305E-03
  3.1374E+02  4.2351E-03  3.5331E-03
  3.1401E+02  4.2484E-03  3.5351E-03
  3.1428E+02  4.2607E-03  3.5364E-03
  3.1455E+02  4.2717E-03  3.5372E-03
  3.1482E+02  4.2815E-03  3.5372E-03
  3.1509E+02  4.2899E-03  3.5366E-03
  3.1536E+02  4.2969E-03  3.5354E-03
  3.1563E+02  4.3024E-03  3.5335E-03
  3.1590E+02  4.3064E-03  3.5309E-03
  3.1617E+02  4.3089E-03  3.5278E-03
  3.1644E+02  4.3099E-03  3.5240E-03
  3.1671E+02  4.3093E-03  3.5196E-03
  3.1698E+02  4.3073E-03  3.5146E-03
  3.1725E+02  4.3038E-03  3.5091E-03
  3.1752E+02  4.2988E-03  3.5031E-03
  3.1779E+02  4.2924E-03  3.4966E-03
  3.1806E+02  4.2847E-03  3.4898E-03
  3.1833E+02  4.2758E-03  3.4825E-03
  3.1860E+02  4.2656E-03  3.4750E-03
  3.1887E+02  4.2544E-03  3.4671E-03
  3.1914E+02  4.2422E-03  3.4591E-03
  3.1941E+02  4.2290E-03  3.4509E-03
  3.1968E+02  4.2151E-03  3.4426E-03
  3.1995E+02  4.2005E-03  3.4343E-03
  3.2022E+02  4.1853E-03  3.4261E-03
  3.2049E+02  4.1696E-03  3.4179E-03
  3.2076E+02  4.1536E-03  3.4098E-03
  3.2103E+02  4.1374E-03  3.4020E-03
  3.2130E+02  4.1211E-03  3.3944E-03
  3.2157E+02  4.1047E-03  3.3872E-03
  3.2184E+02  4.0885E-03  3.3803E-03
  3.2211E+02  4.0725E-03  3.3739E-03
  3.2238E+02  4.0568E-03  3.3680E-03
  3.2265E+02  4.0416E-03  3.3625E-03
  3.2292E+02  4.0269E-03  3.3577E-03
  3.2319E+02  4.0128E-03  3.3534E-03
  3.2346E+02  3.9994E-03  3.3497E-03
  3.2373E+02  3.9867E-03  3.3468E-03
  3.2400E+02  3.9749E-03  3.3445E-03
  3.2427E+02  3.9641E-03  3.3429E-03
  3.2454E+02  3.9541E-03  3.3419E-03
  3.2481E+02  3.9452E-03  3.3418E-03
  3.2508E+02  3.9373E-03  3.3423E-03
  3.2535E+02  3.9304E-03  3.3435E-03
  3.2562E+02  3.9246E-03  3.3454E-03
  3.2589E+02  3.9199E-03  3.3480E-03
  3.2616E+02  3.9163E-03  3.3512E-03
  3.2643E+02  3.9137E-03  3.3551E-03
  3.2670E+02  3.9122E-03  3.3595E-03
  3.2697E+02  3.9117E-03  3.3645E-03
  3.2724E+02  3.9121E-03  3.3700E-03
  3.2751E+02  3.9136E-03  3.3760E-03
  3.2778E+02  3.9159E-03  3.3824E-03
  3.2805E+02  3.9190E-03  3.3891E-03
  3.2832E+02  3.9230E-03  3.3962E-03
  3.2859E+02  3.9276E-03  3.4034E-03
  3.2886E+02  3.9329E-03  3.4109E-03
  3.2913E+02  3.9387E-03  3.4185E-03
  3.2940E+02  3.9451E-03  3.4261E-03
  3.2967E+02  3.9518E-03  3.4337E-03
  3.2994E+02  3.9589E-03  3.4412E-03
  3.3021E+02  3.9662E-03  3.4486E-03
  3.3048E+02  3.9737E-03  3.4557E-03
  3.3075E+02  3.9813E-03  3.4626E-03
  3.3102E+02  3.9888E-03  3.4691E-03
  3.3129E+02  3.9963E-03  3.4753E-03
  3.3156E+02  4.0036E-03  3.4810E-03
  3.3183E+02  4.0107E-03  3.4862E-03
  3.3210E+02  4.0175E-03  3.4909E-03
  3.3237E+02  4.0238E-03  3.4949E-03
  3.3264E+02  4.0298E-03  3.4984E-03
  3.3291E+02  4.0352E-03  3.5012E-03
  3.3318E+02  4.0401E-03  3.5032E-03
  3.3345E+02  4.0444E-03  3.5046E-03
  3.3372E+02  4.0480E-03  3.5052E-03
  3.3399E+02  4.0510E-03  3.5051E-03
  3.3426E+02  4.0532E-03  3.5042E-03
  3.3453E+02  4.0547E-03  3.5026E-03
  3.3480E+02  4.0555E-03  3.5002E-03
  3.3507E+02  4.0554E-03  3.4971E-03
  3.3534E+02  4.0546E-03  3.4932E-03
  3.3561E+02  4.0531E-03  3.4887E-03
  3.3588E+02  4.0507E-03  3.4835E-03
  3.3615E+02  4.0476E-03  3.4776E-03
  3.3642E+02  4.0437E-03  3.4712E-03
  3.3669E+02  4.0391E-03  3.4642E-03
  3.3696E+02  4.0339E-03  3.4566E-03
  3.3723E+02  4.0279E-03  3.4486E-03
  3.3750E+02  4.0214E-03  3.4402E-03
  3.3777E+02  4.0142E-03  3.4315E-03
  3.3804E+02  4.0066E-03  3.4224E-03
  3.3831E+02  3.9984E-03  3.4131E-03
  3.3858E+02  3.9898E-03  3.4037E-03
  3.3885E+02  3.9808E-03  3.3941E-03
  3.3912E+02  3.9715E-03  3.3845E-03
  3.3939E+02  3.9619E-03  3.3750E-03
  3.3966E+02  3.9521E-03  3.3655E-03
  3.3993E+02  3.9421E-03  3.3562E-03
  3.4020E+02  3.9320E-03  3.3470E-03
  3.4047E+02  3.9219E-03  3.3382E-03
  3.4074E+02  3.9117E-03  3.3297E-03
  3.4101E+02  3.9016E-03  3.3215E-03
  3.4128E+02  3.8916E-03  3.3138E-03
  3.4155E+02  3.8818E-03  3.3066E-03
  3.4182E+02  3.8722E-03  3.2999E-03
  3.4209E+02  3.8628E-03  3.2937E-03
  3.4236E+02  3.8537E-03  3.2881E-03
  3.4263E+02  3.8449E-03  3.2832E-03
  3.4290E+02  3.8365E-03  3.2789E-03
  3.4317E+02  3.8285E-03  3.2752E-03
  3.4344E+02  3.8209E-03  3.2723E-03
  3.4371E+02  3.8137E-03  3.2700E-03
  3.4398E+02  3.8070E-03  3.2683E-03
  3.4425E+02  3.8007E-03  3.2674E-03
  3.4452E+02  3.7950E-03  3.2671E-03
  3.4479E+02  3.7897E-03  3.2674E-03
  3.4506E+02  3.7849E-03  3.2684E-03
  3.4533E+02  3.7806E-03  3.2700E-03
  3.4560E+02  3.7768E-03  3.2722E-03
  3.4587E+02  3.7734E-03  3.2749E-03
  3.4614E+02  3.7705E-03  3.2780E-03
  3.4641E+02  3.7681E-03  3.2817E-03
  3.4668E+02  3.7661E-03  3.2857E-03
  3.4695E+02  3.7645E-03  3.2901E-03
  3.4722E+02  3.7633E-03  3.2948E-03
  3.4749E+02  3.7624E-03  3.2997E-03
  3.4776E+02  3.7619E-03  3.3048E-03
  3.4803E+02  3.7616E-03  3.3101E-03
  3.4830E+02  3.7617E-03  3.3154E-03
  3.4857E+02  3.7619E-03  3.3207E-03
  3.4884E+02  3.7624E-03  3.3260E-03
  3.4911E+02  3.7630E-03  3.3312E-03
  3.4938E+02  3.7637E-03  3.3362E-03
  3.4965E+02  3.7646E-03  3.3410E-03
  3.4992E+02  3.7655E-03  3.3455E-03
  3.5019E+02  3.7664E-03  3.3497E-03
  3.5046E+02  3.7673E-03  3.3536E-03
  3.5073E+02  3.7682E-03  3.3570E-03
  3.5100E+02  3.7691E-03  3.3599E-03
  3.5127E+02  3.7698E-03  3.3624E-03
  3.5154E+02  3.7704E-03  3.3643E-03
  3.5181E+02  3.7708E-03  3.3657E-03
  3.5208E+02  3.7711E-03  3.3665E-03
  3.5235E+02  3.7712E-03  3.3666E-03
  3.5262E+02  3.7710E-03  3.3662E-03
  3.5289E+02  3.7707E-03  3.3651E-03
  3.5316E+02  3.7700E-03  3.3634E-03
  3.5343E+02  3.7691E-03  3.3611E-03
  3.5370E+02  3.7679E-03  3.3581E-03
  3.5397E+02  3.7665E-03  3.3545E-03
  3.5424E+02  3.7647E-03  3.3503E-03
  3.5451E+02  3.7626E-03  3.3456E-03
  3.5478E+02  3.7603E-03  3.3402E-03
  3.5505E+02  3.7576E-03  3.3344E-03
  3.5532E+02  3.7546E-03  3.3280E-03
  3.5559E+02  3.7513E-03  3.3212E-03
  3.5586E+02  3.7478E-03  3.3139E-03
  3.5613E+02  3.7439E-03  3.3063E-03
  3.5640E+02  3.7398E-03  3.2983E-03
  3.5667E+02  3.7354E-03  3.2900E-03
  3.5694E+02  3.7308E-03  3.2815E-03
  3.5721E+02  3.7259E-03  3.2728E-03
  3.5748E+02  3.7208E-03  3.2639E-03
  3.5775E+02  3.7156E-03  3.2550E-03
  3.5802E+02  3.7101E-03  3.2460E-03
  3.5829E+02  3.7044E-03  3.2371E-03
  3.5856E+02  3.6986E-03  3.2281E-03
  3.5883E+02  3.6927E-03  3.2194E-03
  3.5910E+02  3.6867E-03  3.2107E-03
  3.5937E+02  3.6805E-03  3.2023E-03
  3.5964E+02  3.6743E-03  3.1942E-03
  3.5991E+02  3.6680E-03  3.1863E-03
  3.6018E+02  3.6617E-03  3.1788E-03
  3.6045E+02  3.6553E-03  3.1716E-03
  3.6072E+02  3.6490E-03  3.1648E-03
  3.6099E+02  3.6426E-03  3.1585E-03
  3.6126E+02  3.6363E-03  3.1526E-03
  3.6153E+02  3.6301E-03  3.1472E-03
  3.6180E+02  3.6238E-03  3.1423E-03
  3.6207E+02  3.6177E-03  3.1379E-03
  3.6234E+02  3.6116E-03  3.1341E-03
  3.6261E+02  3.6057E-03  3.1307E-03
  3.6288E+02  3.5998E-03  3.1278E-03
  3.6315E+02  3.5941E-03  3.1255E-03
  3.6342E+02  3.5885E-03  3.1237E-03
  3.6369E+02  3.5830E-03  3.1223E-03
  3.6396E+02  3.5777E-03  3.1215E-03
  3.6423E+02  3.5726E-03  3.1210E-03
  3.6450E+02  3.5676E-03  3.1211E-03
  3.6477E+02  3.5628E-03  3.1215E-03
  3.6504E+02  3.5581E-03  3.1223E-03
  3.6531E+02  3.5536E-03  3.1234E-03
  3.6558E+02  3.5493E-03  3.1249E-03
  3.6585E+02  3.5452E-03  3.1266E-03
  3.6612E+02  3.5412E-03  3.1286E-03
  3.6639E+02  3.5374E-03  3.1307E-03
  3.6666E+02  3.5338E-03  3.1330E-03
  3.6693E+02  3.5304E-03  3.1354E-03
  3.6720E+02  3.5271E-03  3.1378E-03
  3.6747E+02  3.5239E-03  3.1403E-03
  3.6774E+02  3.5209E-03  3.1428E-03
  3.6801E+02  3.5181E-03  3.1451E-03
  3.6828E+02  3.5154E-03  3.1474E-03
  3.6855E+02  3.5128E-03  3.1496E-03
  3.6882E+02  3.5103E-03  3.1515E-03
  3.6909E+02  3.5079E-03  3.1532E-03
  3.6936E+02  3.5056E-03  3.1547E-03
  3.6963E+02  3.5035E-03  3.1559E-03
  3.6990E+02  3.5014E-03  3.1568E-03
  3.7017E+02  3.4993E-03  3.1573E-03
  3.7044E+02  3.4974E-03  3.1575E-03
  3.7071E+02  3.4954E-03  3.1573E-03
  3.7098E+02  3.4935E-03  3.1567E-03
  3.7125E+02  3.4917E-03  3.1556E-03
  3.7152E+02  3.4898E-03  3.1541E-03
  3.7179E+02  3.4880E-03  3.1523E-03
  3.7206E+02  3.4862E-03  3.1499E-03
  3.7233E+02  3.4843E-03  3.1471E-03
  3.7260E+02  3.4825E-03  3.1439E-03
  3.7287E+02  3.4806E-03  3.1403E-03
  3.7314E+02  3.4787E-03  3.1363E-03
  3.7341E+02  3.4767E-03  3.1318E-03
  3.7368E+02  3.4747E-03  3.1270E-03
  3.7395E+02  3.4726E-03  3.1218E-03
  3.7422E+02  3.4705E-03  3.1163E-03
  3.7449E+02  3.4683E-03  3.1105E-03
  3.7476E+02  3.4659E-03  3.1043E-03
  3.7503E+02  3.4635E-03  3.0979E-03
  3.7530E+02  3.4611E-03  3.0913E-03
  3.7557E+02  3.4585E-03  3.0845E-03
  3.7584E+02  3.4558E-03  3.0775E-03
  3.7611E+02  3.4530E-03  3.0704E-03
  3.7638E+02  3.4500E-03  3.0632E-03
  3.7665E+02  3.4470E-03  3.0559E-03
  3.7692E+02  3.4438E-03  3.0486E-03
  3.7719E+02  3.4406E-03  3.0413E-03
  3.7746E+02  3.4372E-03  3.0340E-03
  3.7773E+02  3.4336E-03  3.0268E-03
  3.7800E+02  3.4300E-03  3.0198E-03
  3.7827E+02  3.4262E-03  3.0128E-03
  3.7854E+02  3.4223E-03  3.0060E-03
  3.7881E+02  3.4183E-03  2.9995E-03
  3.7908E+02  3.4142E-03  2.9931E-03
  3.7935E+02  3.4100E-03  2.9870E-03
  3.7962E+02  3.4057E-03  2.9811E-03
  3.7989E+02  3.4012E-03  2.9756E-03
  3.8016E+02  3.3967E-03  2.9703E-03
  3.8043E+02  3.3921E-03  2.9653E-03
  3.8070E+02  3.3873E-03  2.9607E-03
  3.8097E+02  3.3826E-03  2.9564E-03
  3.8124E+02  3.3777E-03  2.9524E-03
  3.8151E+02  3.3728E-03  2.9488E-03
  3.8178E+02  3.3678E-03  2.9455E-03
  3.8205E+02  3.3628E-03  2.9426E-03
  3.8232E+02  3.3578E-03  2.9400E-03
  3.8259E+02  3.3528E-03  2.9377E-03
  3.8286E+02  3.3477E-03  2.9357E-03
  3.8313E+02  3.3426E-03  2.9340E-03
  3.8340E+02  3.3376E-03  2.9327E-03
  3.8367E+02  3.3325E-03  2.9315E-03
  3.8394E+02  3.3275E-03  2.9307E-03
  3.8421E+02  3.3226E-03  2.9301E-03
  3.8448E+02  3.3176E-03  2.9296E-03
  3.8475E+02  3.3128E-03  2.9294E-03
  3.8502E+02  3.3080E-03  2.9293E-03
  3.8529E+02  3.3033E-03  2.9294E-03
  3.8556E+02  3.2986E-03  2.9296E-03
  3.8583E+02  3.2941E-03  2.9298E-03
  3.8610E+02  3.2896E-03  2.9301E-03
  3.8637E+02  3.2853E-03  2.9305E-03
  3.8664E+02  3.2811E-03  2.9308E-03
  3.8691E+02  3.2770E-03  2.9311E-03
  3.8718E+02  3.2730E-03  2.9314E-03
  3.8745E+02  3.2692E-03  2.9316E-03
  3.8772E+02  3.2655E-03  2.9317E-03
  3.8799E+02  3.2619E-03  2.9317E-03
  3.8826E+02  3.2585E-03  2.9315E-03
  3.8853E+02  3.2552E-03  2.9312E-03
  3.8880E+02  3.2521E-03  2.9307E-03
  3.8907E+02  3.2490E-03  2.9300E-03
  3.8934E+02  3.2462E-03  2.9291E-03
  3.8961E+02  3.2434E-03  2.9280E-03
  3.8988E+02  3.2408E-03  2.9266E-03
  3.9015E+02  3.2383E-03  2.9250E-03
  3.9042E+02  3.2359E-03  2.9232E-03
  3.9069E+02  3.2337E-03  2.9211E-03
  3.9096E+02  3.2315E-03  2.9187E-03
  3.9123E+02  3.2295E-03  2.9161E-03
  3.9150E+02  3.2275E-03  2.9133E-03
  3.9177E+02  3.2256E-03  2.9102E-03
  3.9204E+02  3.2238E-03  2.9068E-03
  3.9231E+02  3.2220E-03  2.9032E-03
  3.9258E+02  3.2203E-03  2.8994E-03
  3.9285E+02  3.2186E-03  2.8953E-03
  3.9312E+02  3.2170E-03  2.8911E-03
  3.9339E+02  3.2154E-03  2.8867E-03
  3.9366E+02  3.2138E-03  2.8820E-03
  3.9393E+02  3.2121E-03  2.8773E-03
  3.9420E+02  3.2105E-03  2.8724E-03
  3.9447E+02  3.2088E-03  2.8673E-03
  3.9474E+02  3.2071E-03  2.8622E-03
  3.9501E+02  3.2053E-03  2.8570E-03
  3.9528E+02  3.2035E-03  2.8517E-03
  3.9555E+02  3.2016E-03  2.8463E-03
  3.9582E+02  3.1996E-03  2.8410E-03
  3.9609E+02  3.1975E-03  2.8356E-03
  3.9636E+02  3.1953E-03  2.8303E-03
  3.9663E+02  3.1930E-03  2.8250E-03
  3.9690E+02  3.1906E-03  2.8197E-03
  3.9717E+02  3.1881E-03  2.8145E-03
  3.9744E+02  3.1855E-03  2.8094E-03
  3.9771E+02  3.1827E-03  2.8044E-03
  3.9798E+02  3.1798E-03  2.7995E-03
  3.9825E+02  3.1767E-03  2.7947E-03
  3.9852E+02  3.1736E-03  2.7901E-03
  3.9879E+02  3.1703E-03  2.7856E-03
  3.9906E+02  3.1668E-03  2.7814E-03
  3.9933E+02  3.1632E-03  2.7772E-03
  3.9960E+02  3.1595E-03  2.7733E-03
  3.9987E+02  3.1557E-03  2.7695E-03
  4.0014E+02  3.1518E-03  2.7660E-03
  4.0041E+02  3.1477E-03  2.7626E-03
  4.0068E+02  3.1436E-03  2.7594E-03
  4.0095E+02  3.1393E-03  2.7565E-03
  4.0122E+02  3.1350E-03  2.7537E-03
  4.0149E+02  3.1305E-03  2.7511E-03
  4.0176E+02  3.1260E-03  2.7487E-03
  4.0203E+02  3.1215E-03  2.7464E-03
  4.0230E+02  3.1169E-03  2.7444E-03
  4.0257E+02  3.1122E-03  2.7425E-03
  4.0284E+02  3.1076E-03  2.7407E-03
  4.0311E+02  3.1029E-03  2.7391E-03
  4.0338E+02  3.0982E-03  2.7376E-03
  4.0365E+02  3.0935E-03  2.7363E-03
  4.0392E+02  3.0889E-03  2.7350E-03
  4.0419E+02  3.0843E-03  2.7339E-03
  4.0446E+02  3.0797E-03  2.7328E-03
  4.0473E+02  3.0752E-03  2.7318E-03
  4.0500E+02  3.0707E-03  2.7309E-03
  4.0527E+02  3.0664E-03  2.7299E-03
  4.0554E+02  3.0621E-03  2.7290E-03
  4.0581E+02  3.0579E-03  2.7282E-03
  4.0608E+02  3.0538E-03  2.7273E-03
  4.0635E+02  3.0499E-03  2.7264E-03
  4.0662E+02  3.0460E-03  2.7254E-03
  4.0689E+02  3.0423E-03  2.7244E-03
  4.0716E+02  3.0387E-03  2.7234E-03
  4.0743E+02  3.0353E-03  2.7223E-03
  4.0770E+02  3.0320E-03  2.7211E-03
  4.0797E+02  3.0288E-03  2.7199E-03
  4.0824E+02  3.0257E-03  2.7185E-03
  4.0851E+02  3.0228E-03  2.7171E-03
  4.0878E+02  3.0201E-03  2.7155E-03
  4.0905E+02  3.0175E-03  2.7138E-03
  4.0932E+02  3.0150E-03  2.7120E-03
  4.0959E+02  3.0126E-03  2.7101E-03
  4.0986E+02  3.0104E-03  2.7080E-03
  4.1013E+02  3.0083E-03  2.7059E-03
  4.1040E+02  3.0063E-03  2.7036E-03
  4.1067E+02  3.0044E-03  2.7011E-03
  4.1094E+02  3.0026E-03  2.6986E-03
  4.1121E+02  3.0008E-03  2.6959E-03
  4.1148E+02  2.9992E-03  2.6931E-03
  4.1175E+02  2.9976E-03  2.6902E-03
  4.1202E+02  2.9961E-03  2.6871E-03
  4.1229E+02  2.9946E-03  2.6840E-03
  4.1256E+02  2.9931E-03  2.6808E-03
  4.1283E+02  2.9917E-03  2.6775E-03
  4.1310E+02  2.9903E-03  2.6741E-03
  4.1337E+02  2.9889E-03  2.6706E-03
  4.1364E+02  2.9874E-03  2.6670E-03
  4.1391E+02  2.9860E-03  2.6634E-03
  4.1418E+02  2.9845E-03  2.6598E-03
  4.1445E+02  2.9829E-03  2.6561E-03
  4.1472E+02  2.9813E-03  2.6524E-03
  4.1499E+02  2.9797E-03  2.6486E-03
  4.1526E+02  2.9779E-03  2.6449E-03
  4.1553E+02  2.9761E-03  2.6411E-03
  4.1580E+02  2.9742E-03  2.6374E-03
  4.1607E+02  2.9722E-03  2.6337E-03
  4.1634E+02  2.9700E-03  2.6300E-03
  4.1661E+02  2.9678E-03  2.6263E-03
  4.1688E+02  2.9655E-03  2.6227E-03
  4.1715E+02  2.9630E-03  2.6191E-03
  4.1742E+02  2.9604E-03  2.6156E-03
  4.1769E+02  2.9578E-03  2.6122E-03
  4.1796E+02  2.9549E-03  2.6088E-03
  4.1823E+02  2.9520E-03  2.6055E-03
  4.1850E+02  2.9489E-03  2.6023E-03
  4.1877E+02  2.9458E-03  2.5992E-03
  4.1904E+02  2.9425E-03  2.5961E-03
  4.1931E+02  2.9391E-03  2.5932E-03
  4.1958E+02  2.9356E-03  2.5903E-03
  4.1985E+02  2.9320E-03  2.5876E-03
  4.2012E+02  2.9284E-03  2.5849E-03
  4.2039E+02  2.9246E-03  2.5823E-03
  4.2066E+02  2.9208E-03  2.5799E-03
  4.2093E+02  2.9169E-03  2.5775E-03
  4.2120E+02  2.9129E-03  2.5752E-03
  4.2147E+02  2.9089E-03  2.5730E-03
  4.2174E+02  2.9049E-03  2.5709E-03
  4.2201E+02  2.9008E-03  2.5689E-03
  4.2228E+02  2.8967E-03  2.5669E-03
  4.2255E+02  2.8926E-03  2.5651E-03
  4.2282E+02  2.8885E-03  2.5633E-03
  4.2309E+02  2.8845E-03  2.5615E-03
  4.2336E+02  2.8804E-03  2.5599E-03
  4.2363E+02  2.8764E-03  2.5582E-03
  4.2390E+02  2.8724E-03  2.5567E-03
  4.2417E+02  2.8685E-03  2.5551E-03
  4.2444E+02  2.8647E-03  2.5536E-03
  4.2471E+02  2.8609E-03  2.5522E-03
  4.2498E+02  2.8572E-03  2.5507E-03
  4.2525E+02  2.8536E-03  2.5493E-03
  4.2552E+02  2.8500E-03  2.5479E-03
  4.2579E+02  2.8466E-03  2.5465E-03
  4.2606E+02  2.8432E-03  2.5451E-03
  4.2633E+02  2.8400E-03  2.5437E-03
  4.2660E+02  2.8369E-03  2.5422E-03
  4.2687E+02  2.8339E-03  2.5408E-03
  4.2714E+02  2.8310E-03  2.5393E-03
  4.2741E+02  2.8282E-03  2.5378E-03
  4.2768E+02  2.8255E-03  2.5363E-03
  4.2795E+02  2.8230E-03  2.5347E-03
  4.2822E+02  2.8205E-03  2.5331E-03
  4.2849E+02  2.8182E-03  2.5314E-03
  4.2876E+02  2.8160E-03  2.5297E-03
  4.2903E+02  2.8138E-03  2.5280E-03
  4.2930E+02  2.8118E-03  2.5262E-03
  4.2957E+02  2.8099E-03  2.5243E-03
  4.2984E+02  2.8080E-03  2.5224E-03
  4.3011E+02  2.8062E-03  2.5205E-03
  4.3038E+02  2.8045E-03  2.5184E-03
  4.3065E+02  2.8029E-03  2.5164E-03
  4.3092E+02  2.8013E-03  2.5143E-03
  4.3119E+02  2.7997E-03  2.5121E-03
  4.3146E+02  2.7982E-03  2.5099E-03
  4.3173E+02  2.7967E-03  2.5076E-03
  4.3200E+02  2.7952E-03  2.5053E-03
  4.3227E+02  2.7938E-03  2.5029E-03
  4.3254E+02  2.7923E-03  2.5005E-03
  4.3281E+02  2.7908E-03  2.4980E-03
  4.3308E+02  2.7894E-03  2.4955E-03
  4.3335E+02  2.7878E-03  2.4930E-03
  4.3362E+02  2.7863E-03  2.4905E-03
  4.3389E+02  2.7847E-03  2.4879E-03
  4.3416E+02  2.7831E-03  2.4853E-03
  4.3443E+02  2.7814E-03  2.4827E-03
  4.3470E+02  2.7796E-03  2.4800E-03
  4.3497E+02  2.7778E-03  2.4774E-03
  4.3524E+02  2.7759E-03  2.4747E-03
  4.3551E+02  2.7740E-03  2.4721E-03
  4.3578E+02  2.7719E-03  2.4694E-03
  4.3605E+02  2.7698E-03  2.4667E-03
  4.3632E+02  2.7676E-03  2.4641E-03
  4.3659E+02  2.7653E-03  2.4615E-03
  4.3686E+02  2.7629E-03  2.4589E-03
  4.3713E+02  2.7604E-03  2.4563E-03
  4.3740E+02  2.7578E-03  2.4537E-03
  4.3767E+02  2.7552E-03  2.4512E-03
  4.3794E+02  2.7525E-03  2.4486E-03
  4.3821E+02  2.7496E-03  2.4462E-03
  4.3848E+02  2.7468E-03  2.4437E-03
  4.3875E+02  2.7438E-03  2.4413E-03
  4.3902E+02  2.7408E-03  2.4389E-03
  4.3929E+02  2.7377E-03  2.4366E-03
  4.3956E+02  2.7345E-03  2.4343E-03
  4.3983E+02  2.7313E-03  2.4321E-03
  4.4010E+02  2.7280E-03  2.4299E-03
  4.4037E+02  2.7247E-03  2.4277E-03
  4.4064E+02  2.7214E-03  2.4256E-03
  4.4091E+02  2.7180E-03  2.4236E-03
  4.4118E+02  2.7147E-03  2.4216E-03
  4.4145E+02  2.7113E-03  2.4196E-03
  4.4172E+02  2.7079E-03  2.4177E-03
  4.4199E+02  2.7045E-03  2.4159E-03
  4.4226E+02  2.7011E-03  2.4140E-03
  4.4253E+02  2.6978E-03  2.4123E-03
  4.4280E+02  2.6945E-03  2.4105E-03
  4.4307E+02  2.6912E-03  2.4088E-03
  4.4334E+02  2.6879E-03  2.4072E-03
  4.4361E+02  2.6847E-03  2.4056E-03
  4.4388E+02  2.6815E-03  2.4040E-03
  4.4415E+02  2.6784E-03  2.4024E-03
  4.4442E+02  2.6754E-03  2.4009E-03
  4.4469E+02  2.6724E-03  2.3994E-03
  4.4496E+02  2.6695E-03  2.3980E-03
  4.4523E+02  2.6666E-03  2.3965E-03
  4.4550E+02  2.6639E-03  2.3951E-03
  4.4577E+02  2.6612E-03  2.3937E-03
  4.4604E+02  2.6586E-03  2.3923E-03
  4.4631E+02  2.6560E-03  2.3909E-03
  4.4658E+02  2.6536E-03  2.3896E-03
  4.4685E+02  2.6512E-03  2.3882E-03
  4.4712E+02  2.6489E-03  2.3868E-03
  4.4739E+02  2.6467E-03  2.3855E-03
  4.4766E+02  2.6446E-03  2.3841E-03
  4.4793E+02  2.6425E-03  2.3827E-03
  4.4820E+02  2.6405E-03  2.3813E-03
  4.4847E+02  2.6386E-03  2.3799E-03
  4.4874E+02  2.6367E-03  2.3785E-03
  4.4901E+02  2.6349E-03  2.3771E-03
  4.4928E+02  2.6332E-03  2.3756E-03
  4.4955E+02  2.6314E-03  2.3742E-03
  4.4982E+02  2.6298E-03  2.3727E-03
  4.5009E+02  2.6282E-03  2.3712E-03
  4.5036E+02  2.6266E-03  2.3697E-03
  4.5063E+02  2.6250E-03  2.3681E-03
  4.5090E+02  2.6234E-03  2.3665E-03
  4.5117E+02  2.6219E-03  2.3649E-03
  4.5144E+02  2.6204E-03  2.3633E-03
  4.5171E+02  2.6189E-03  2.3616E-03
  4.5198E+02  2.6173E-03  2.3599E-03
  4.5225E+02  2.6158E-03  2.3582E-03
  4.5252E+02  2.6142E-03  2.3564E-03
  4.5279E+02  2.6127E-03  2.3547E-03
  4.5306E+02  2.6111E-03  2.3529E-03
  4.5333E+02  2.6094E-03  2.3510E-03
  4.5360E+02  2.6078E-03  2.3492E-03
  4.5387E+02  2.6061E-03  2.3473E-03
  4.5414E+02  2.6043E-03  2.3454E-03
  4.5441E+02  2.6025E-03  2.3435E-03
  4.5468E+02  2.6007E-03  2.3416E-03
  4.5495E+02  2.5988E-03  2.3396E-03
  4.5522E+02  2.5969E-03  2.3377E-03
  4.5549E+02  2.5949E-03  2.3357E-03
  4.5576E+02  2.5929E-03  2.3338E-03
  4.5603E+02  2.5908E-03  2.3318E-03
  4.5630E+02  2.5886E-03  2.3298E-03
  4.5657E+02  2.5864E-03  2.3278E-03
  4.5684E+02  2.5841E-03  2.3258E-03
  4.5711E+02  2.5818E-03  2.3238E-03
  4.5738E+02  2.5795E-03  2.3219E-03
  4.5765E+02  2.5770E-03  2.3199E-03
  4.5792E+02  2.5746E-03  2.3179E-03
  4.5819E+02  2.5721E-03  2.3160E-03
  4.5846E+02  2.5695E-03  2.3141E-03
  4.5873E+02  2.5670E-03  2.3122E-03
  4.5900E+02  2.5644E-03  2.3103E-03
  4.5927E+02  2.5617E-03  2.3084E-03
  4.5954E+02  2.5591E-03  2.3066E-03
  4.5981E+02  2.5564E-03  2.3048E-03
  4.6008E+02  2.5537E-03  2.3030E-03
  4.6035E+02  2.5510E-03  2.3013E-03
  4.6062E+02  2.5483E-03  2.2995E-03
  4.6089E+02  2.5455E-03  2.2979E-03
  4.6116E+02  2.5428E-03  2.2962E-03
  4.6143E+02  2.5401E-03  2.2946E-03
  4.6170E+02  2.5374E-03  2.2930E-03
  4.6197E+02  2.5348E-03  2.2915E-03
  4.6224E+02  2.5321E-03  2.2900E-03
  4.6251E+02  2.5295E-03  2.2885E-03
  4.6278E+02  2.5269E-03  2.2871E-03
  4.6305E+02  2.5243E-03  2.2857E-03
  4.6332E+02  2.5218E-03  2.2843E-03
  4.6359E+02  2.5193E-03  2.2830E-03
  4.6386E+02  2.5168E-03  2.2817E-03
  4.6413E+02  2.5144E-03  2.2805E-03
  4.6440E+02  2.5120E-03  2.2792E-03
  4.6467E+02  2.5097E-03  2.2780E-03
  4.6494E+02  2.5074E-03  2.2769E-03
  4.6521E+02  2.5052E-03  2.2757E-03
  4.6548E+02  2.5030E-03  2.2746E-03
  4.6575E+02  2.5009E-03  2.2735E-03
  4.6602E+02  2.4988E-03  2.2724E-03
  4.6629E+02  2.4968E-03  2.2713E-03
  4.6656E+02  2.4948E-03  2.2703E-03
  4.6683E+02  2.4929E-03  2.2693E-03
  4.6710E+02  2.4910E-03  2.2682E-03
  4.6737E+02  2.4892E-03  2.2672E-03
  4.6764E+02  2.4874E-03  2.2662E-03
  4.6791E+02  2.4856E-03  2.2652E-03
  4.6818E+02  2.4839E-03  2.2642E-03
  4.6845E+02  2.4822E-03  2.2632E-03
  4.6872E+02  2.4806E-03  2.2621E-03
  4.6899E+02  2.4790E-03  2.2611E-03
  4.6926E+02  2.4774E-03  2.2601E-03
  4.6953E+02  2.4758E-03  2.2590E-03
  4.6980E+02  2.4742E-03  2.2580E-03
  4.7007E+02  2.4727E-03  2.2569E-03
  4.7034E+02  2.4711E-03  2.2558E-03
  4.7061E+02  2.4696E-03  2.2547E-03
  4.7088E+02  2.4681E-03  2.2536E-03
  4.7115E+02  2.4666E-03  2.2524E-03
  4.7142E+02  2.4650E-03  2.2513E-03
  4.7169E+02  2.4635E-03  2.2501E-03
  4.7196E+02  2.4620E-03  2.2489E-03
  4.7223E+02  2.4604E-03  2.2477E-03
  4.7250E+02  2.4589E-03  2.2464E-03
  4.7277E+02  2.4573E-03  2.2451E-03
  4.7304E+02  2.4557E-03  2.2438E-03
  4.7331E+02  2.4541E-03  2.2425E-03
  4.7358E+02  2.4524E-03  2.2412E-03
  4.7385E+02  2.4508E-03  2.2398E-03
  4.7412E+02  2.4491E-03  2.2384E-03
  4.7439E+02  2.4474E-03  2.2370E-03
  4.7466E+02  2.4456E-03  2.2356E-03
  4.7493E+02  2.4438E-03  2.2342E-03
  4.7520E+02  2.4420E-03  2.2327E-03
  4.7547E+02  2.4402E-03  2.2313E-03
  4.7574E+02  2.4383E-03  2.2298E-03
  4.7601E+02  2.4364E-03  2.2283E-03
  4.7628E+02  2.4345E-03  2.2269E-03
  4.7655E+02  2.4325E-03  2.2254E-03
  4.7682E+02  2.4305E-03  2.2239E-03
  4.7709E+02  2.4285E-03  2.2224E-03
  4.7736E+02  2.4265E-03  2.2210E-03
  4.7763E+02  2.4245E-03  2.2195E-03
  4.7790E+02  2.4224E-03  2.2180E-03
  4.7817E+02  2.4203E-03  2.2166E-03
  4.7844E+02  2.4182E-03  2.2152E-03
  4.7871E+02  2.4161E-03  2.2137E-03
  4.7898E+02  2.4139E-03  2.2123E-03
  4.7925E+02  2.4118E-03  2.2110E-03
  4.7952E+02  2.4096E-03  2.2096E-03
  4.7979E+02  2.4075E-03  2.2083E-03
  4.8006E+02  2.4053E-03  2.2070E-03
  4.8033E+02  2.4031E-03  2.2057E-03
  4.8060E+02  2.4010E-03  2.2044E-03
  4.8087E+02  2.3988E-03  2.2032E-03
  4.8114E+02  2.3967E-03  2.2020E-03
  4.8141E+02  2.3946E-03  2.2008E-03
  4.8168E+02  2.3924E-03  2.1997E-03
  4.8195E+02  2.3903E-03  2.1986E-03
  4.8222E+02  2.3882E-03  2.1975E-03
  4.8249E+02  2.3862E-03  2.1965E-03
  4.8276E+02  2.3841E-03  2.1954E-03
  4.8303E+02  2.3821E-03  2.1945E-03
  4.8330E+02  2.3801E-03  2.1935E-03
  4.8357E+02  2.3781E-03  2.1926E-03
  4.8384E+02  2.3761E-03  2.1917E-03
  4.8411E+02  2.3742E-03  2.1908E-03
  4.8438E+02  2.3723E-03  2.1900E-03
  4.8465E+02  2.3704E-03  2.1892E-03
  4.8492E+02  2.3686E-03  2.1884E-03
  4.8519E+02  2.3668E-03  2.1876E-03
  4.8546E+02  2.3650E-03  2.1868E-03
  4.8573E+02  2.3632E-03  2.1861E-03
  4.8600E+02  2.3615E-03  2.1854E-03
  4.8627E+02  2.3598E-03  2.1847E-03
  4.8654E+02  2.3581E-03  2.1840E-03
  4.8681E+02  2.3564E-03  2.1833E-03
  4.8708E+02  2.3548E-03  2.1826E-03
  4.8735E+02  2.3532E-03  2.1819E-03
  4.8762E+02  2.3516E-03  2.1813E-03
  4.8789E+02  2.3500E-03  2.1806E-03
  4.8816E+02  2.3485E-03  2.1799E-03
  4.8843E+02  2.3469E-03  2.1792E-03
  4.8870E+02  2.3454E-03  2.1786E-03
  4.8897E+02  2.3439E-03  2.1779E-03
  4.8924E+02  2.3424E-03  2.1772E-03
  4.8951E+02  2.3409E-03  2.1765E-03
  4.8978E+02  2.3394E-03  2.1757E-03
  4.9005E+02  2.3380E-03  2.1750E-03
  4.9032E+02  2.3365E-03  2.1743E-03
  4.9059E+02  2.3351E-03  2.1735E-03
  4.9086E+02  2.3336E-03  2.1727E-03
  4.9113E+02  2.3321E-03  2.1719E-03
  4.9140E+02  2.3307E-03  2.1711E-03
  4.9167E+02  2.3292E-03  2.1703E-03
  4.9194E+02  2.3277E-03  2.1694E-03
  4.9221E+02  2.3263E-03  2.1685E-03
  4.9248E+02  2.3248E-03  2.1677E-03
  4.9275E+02  2.3233E-03  2.1667E-03
  4.9302E+02  2.3218E-03  2.1658E-03
  4.9329E+02  2.3203E-03  2.1649E-03
  4.9356E+02  2.3187E-03  2.1639E-03
  4.9383E+02  2.3172E-03  2.1629E-03
  4.9410E+02  2.3157E-03  2.1620E-03
  4.9437E+02  2.3141E-03  2.1610E-03
  4.9464E+02  2.3125E-03  2.1600E-03
  4.9491E+02  2.3109E-03  2.1589E-03
  4.9518E+02  2.3093E-03  2.1579E-03
  4.9545E+02  2.3077E-03  2.1569E-03
  4.9572E+02  2.3060E-03  2.1558E-03
  4.9599E+02  2.3044E-03  2.1548E-03
  4.9626E+02  2.3027E-03  2.1537E-03
  4.9653E+02  2.3010E-03  2.1527E-03
  4.9680E+02  2.2994E-03  2.1517E-03
  4.9707E+02  2.2977E-03  2.1506E-03
  4.9734E+02  2.2959E-03  2.1496E-03
  4.9761E+02  2.2942E-03  2.1486E-03
  4.9788E+02  2.2925E-03  2.1476E-03
  4.9815E+02  2.2907E-03  2.1466E-03
  4.9842E+02  2.2890E-03  2.1456E-03
  4.9869E+02  2.2872E-03  2.1446E-03
  4.9896E+02  2.2855E-03  2.1436E-03
