# CREATED BY GENE DIAGNOSTICS TOOL on Thu Jan 24 16:06:53 2019
# diag: nrgphas, run(s): act, time window: 0-30(1 steps), species: ions
# original data path: /ptmp/cmor/S-a/q0-1.2/ITGa_NL/omt10/
# normalization: R_0
#
  4.6622E-32
  4.9118E-01
  9.8198E-01
  1.6290E+00
  2.6269E+00
  4.1454E+00
  6.3878E+00
  9.6301E+00
  1.4136E+01
  2.0174E+01
  2.8008E+01
  3.7882E+01
  5.0008E+01
  6.4565E+01
  8.1678E+01
  1.0142E+02
  1.2380E+02
  1.4875E+02
  1.7614E+02
  2.0579E+02
  2.3739E+02
  2.7062E+02
  3.0509E+02
  3.4032E+02
  3.7584E+02
  4.1059E+02
  4.4338E+02
  4.7498E+02
  5.0494E+02
  5.3282E+02
  5.5818E+02
  5.8018E+02
  5.9853E+02
  6.1368E+02
  6.2501E+02
  6.3306E+02
  6.3786E+02
  6.3933E+02
  6.3749E+02
  6.3242E+02
  6.2418E+02
  6.1320E+02
  5.9998E+02
  5.8442E+02
  5.6674E+02
  5.4717E+02
  5.2600E+02
  5.0350E+02
  4.7998E+02
  4.5573E+02
  4.3106E+02
  4.0640E+02
  3.8304E+02
  3.6008E+02
  3.3776E+02
  3.1630E+02
  2.9589E+02
  2.7669E+02
  2.5890E+02
  2.4262E+02
  2.2798E+02
  2.1506E+02
  2.0390E+02
  1.9475E+02
  1.8755E+02
  1.8200E+02
  1.7805E+02
  1.7571E+02
  1.7482E+02
  1.7522E+02
  1.7683E+02
  1.7962E+02
  1.8331E+02
  1.8781E+02
  1.9310E+02
  1.9912E+02
  2.0568E+02
  2.1246E+02
  2.1968E+02
  2.2726E+02
  2.3485E+02
  2.4254E+02
  2.5042E+02
  2.5813E+02
  2.6579E+02
  2.7352E+02
  2.8117E+02
  2.8854E+02
  2.9592E+02
  3.0330E+02
  3.1038E+02
  3.1734E+02
  3.2429E+02
  3.3122E+02
  3.3814E+02
  3.4507E+02
  3.5195E+02
  3.5859E+02
  3.6528E+02
  3.7202E+02
  3.7883E+02
  3.8576E+02
  3.9282E+02
  3.9990E+02
  4.0691E+02
  4.1408E+02
  4.2147E+02
  4.2907E+02
  4.3693E+02
  4.4506E+02
  4.5347E+02
  4.6219E+02
  4.7125E+02
  4.8067E+02
  4.9048E+02
  5.0066E+02
  5.1126E+02
  5.2229E+02
  5.3378E+02
  5.4571E+02
  5.5811E+02
  5.7101E+02
  5.8438E+02
  5.9826E+02
  6.1264E+02
  6.2682E+02
  6.4136E+02
  6.5635E+02
  6.7178E+02
  6.8762E+02
  7.0389E+02
  7.2056E+02
  7.3762E+02
  7.5507E+02
  7.7195E+02
  7.8915E+02
  8.0669E+02
  8.2451E+02
  8.4264E+02
  8.6013E+02
  8.7789E+02
  8.9589E+02
  9.1413E+02
  9.3261E+02
  9.5130E+02
  9.7019E+02
  9.8928E+02
  1.0079E+03
  1.0263E+03
  1.0448E+03
  1.0634E+03
  1.0820E+03
  1.1008E+03
  1.1195E+03
  1.1373E+03
  1.1551E+03
  1.1728E+03
  1.1904E+03
  1.2080E+03
  1.2254E+03
  1.2428E+03
  1.2601E+03
  1.2773E+03
  1.2944E+03
  1.3113E+03
  1.3281E+03
  1.3448E+03
  1.3614E+03
  1.3779E+03
  1.3942E+03
  1.4104E+03
  1.4255E+03
  1.4406E+03
  1.4555E+03
  1.4702E+03
  1.4849E+03
  1.4994E+03
  1.5138E+03
  1.5281E+03
  1.5423E+03
  1.5563E+03
  1.5696E+03
  1.5828E+03
  1.5960E+03
  1.6091E+03
  1.6218E+03
  1.6342E+03
  1.6467E+03
  1.6592E+03
  1.6715E+03
  1.6840E+03
  1.6965E+03
  1.7091E+03
  1.7218E+03
  1.7342E+03
  1.7466E+03
  1.7592E+03
  1.7718E+03
  1.7846E+03
  1.7976E+03
  1.8106E+03
  1.8234E+03
  1.8360E+03
  1.8485E+03
  1.8608E+03
  1.8731E+03
  1.8854E+03
  1.8979E+03
  1.9106E+03
  1.9232E+03
  1.9360E+03
  1.9491E+03
  1.9622E+03
  1.9757E+03
  1.9891E+03
  2.0029E+03
  2.0168E+03
  2.0307E+03
  2.0450E+03
  2.0592E+03
  2.0738E+03
  2.0883E+03
  2.1030E+03
  2.1179E+03
  2.1330E+03
  2.1483E+03
  2.1634E+03
  2.1784E+03
  2.1934E+03
  2.2090E+03
  2.2245E+03
  2.2403E+03
  2.2563E+03
  2.2723E+03
  2.2886E+03
  2.3050E+03
  2.3216E+03
  2.3382E+03
  2.3550E+03
  2.3722E+03
  2.3893E+03
  2.4066E+03
  2.4242E+03
  2.4416E+03
  2.4586E+03
  2.4757E+03
  2.4930E+03
  2.5104E+03
  2.5280E+03
  2.5456E+03
  2.5634E+03
  2.5813E+03
  2.5992E+03
  2.6174E+03
  2.6357E+03
  2.6541E+03
  2.6725E+03
  2.6910E+03
  2.7096E+03
  2.7283E+03
  2.7472E+03
  2.7661E+03
  2.7851E+03
  2.8043E+03
  2.8234E+03
  2.8426E+03
  2.8619E+03
  2.8811E+03
  2.9005E+03
  2.9197E+03
  2.9387E+03
  2.9578E+03
  2.9768E+03
  2.9957E+03
  3.0146E+03
  3.0333E+03
  3.0520E+03
  3.0706E+03
  3.0883E+03
  3.1058E+03
  3.1232E+03
  3.1403E+03
  3.1574E+03
  3.1744E+03
  3.1910E+03
  3.2075E+03
  3.2230E+03
  3.2384E+03
  3.2536E+03
  3.2686E+03
  3.2837E+03
  3.2984E+03
  3.3131E+03
  3.3275E+03
  3.3418E+03
  3.3558E+03
  3.3698E+03
  3.3837E+03
  3.3973E+03
  3.4109E+03
  3.4240E+03
  3.4371E+03
  3.4498E+03
  3.4622E+03
  3.4746E+03
  3.4861E+03
  3.4971E+03
  3.5080E+03
  3.5184E+03
  3.5288E+03
  3.5387E+03
  3.5483E+03
  3.5573E+03
  3.5661E+03
  3.5747E+03
  3.5832E+03
  3.5917E+03
  3.6000E+03
  3.6083E+03
  3.6165E+03
  3.6243E+03
  3.6318E+03
  3.6390E+03
  3.6461E+03
  3.6531E+03
  3.6598E+03
  3.6666E+03
  3.6731E+03
  3.6797E+03
  3.6861E+03
  3.6925E+03
  3.6987E+03
  3.7051E+03
  3.7114E+03
  3.7176E+03
  3.7238E+03
  3.7301E+03
  3.7363E+03
  3.7426E+03
  3.7488E+03
  3.7549E+03
  3.7610E+03
  3.7670E+03
  3.7731E+03
  3.7790E+03
  3.7850E+03
  3.7909E+03
  3.7966E+03
  3.8027E+03
  3.8086E+03
  3.8146E+03
  3.8203E+03
  3.8261E+03
  3.8318E+03
  3.8378E+03
  3.8437E+03
  3.8498E+03
  3.8558E+03
  3.8621E+03
  3.8683E+03
  3.8746E+03
  3.8810E+03
  3.8874E+03
  3.8936E+03
  3.8998E+03
  3.9059E+03
  3.9120E+03
  3.9179E+03
  3.9240E+03
  3.9302E+03
  3.9365E+03
  3.9427E+03
  3.9490E+03
  3.9552E+03
  3.9614E+03
  3.9677E+03
  3.9741E+03
  3.9803E+03
  3.9866E+03
  3.9930E+03
  3.9992E+03
  4.0053E+03
  4.0114E+03
  4.0176E+03
  4.0237E+03
  4.0296E+03
  4.0354E+03
  4.0411E+03
  4.0466E+03
  4.0522E+03
  4.0578E+03
  4.0632E+03
  4.0688E+03
  4.0742E+03
  4.0797E+03
  4.0851E+03
  4.0906E+03
  4.0962E+03
  4.1019E+03
  4.1075E+03
  4.1131E+03
  4.1186E+03
  4.1240E+03
  4.1293E+03
  4.1347E+03
  4.1402E+03
  4.1456E+03
  4.1510E+03
  4.1565E+03
  4.1621E+03
  4.1677E+03
  4.1733E+03
  4.1789E+03
  4.1845E+03
  4.1901E+03
  4.1957E+03
  4.2013E+03
  4.2069E+03
  4.2122E+03
  4.2174E+03
  4.2226E+03
  4.2277E+03
  4.2326E+03
  4.2374E+03
  4.2421E+03
  4.2469E+03
  4.2515E+03
  4.2560E+03
  4.2606E+03
  4.2654E+03
  4.2702E+03
  4.2749E+03
  4.2794E+03
  4.2838E+03
  4.2885E+03
  4.2931E+03
  4.2978E+03
  4.3022E+03
  4.3067E+03
  4.3110E+03
  4.3152E+03
  4.3192E+03
  4.3230E+03
  4.3267E+03
  4.3302E+03
  4.3336E+03
  4.3370E+03
  4.3403E+03
  4.3435E+03
  4.3469E+03
  4.3501E+03
  4.3533E+03
  4.3563E+03
  4.3595E+03
  4.3627E+03
  4.3661E+03
  4.3694E+03
  4.3730E+03
  4.3768E+03
  4.3806E+03
  4.3846E+03
  4.3888E+03
  4.3930E+03
  4.3971E+03
  4.4013E+03
  4.4054E+03
  4.4094E+03
  4.4134E+03
  4.4174E+03
  4.4213E+03
  4.4250E+03
  4.4288E+03
  4.4328E+03
  4.4368E+03
  4.4406E+03
  4.4443E+03
  4.4477E+03
  4.4509E+03
  4.4539E+03
  4.4568E+03
  4.4594E+03
  4.4618E+03
  4.4638E+03
  4.4654E+03
  4.4667E+03
  4.4677E+03
  4.4682E+03
  4.4683E+03
  4.4680E+03
  4.4675E+03
  4.4669E+03
  4.4658E+03
  4.4643E+03
  4.4627E+03
  4.4610E+03
  4.4590E+03
  4.4571E+03
  4.4549E+03
  4.4528E+03
  4.4504E+03
  4.4482E+03
  4.4458E+03
  4.4430E+03
  4.4403E+03
  4.4374E+03
  4.4342E+03
  4.4310E+03
  4.4277E+03
  4.4240E+03
  4.4202E+03
  4.4160E+03
  4.4117E+03
  4.4069E+03
  4.4016E+03
  4.3960E+03
  4.3899E+03
  4.3834E+03
  4.3765E+03
  4.3694E+03
  4.3621E+03
  4.3544E+03
  4.3464E+03
  4.3381E+03
  4.3296E+03
  4.3210E+03
  4.3122E+03
  4.3032E+03
  4.2939E+03
  4.2846E+03
  4.2750E+03
  4.2653E+03
  4.2557E+03
  4.2459E+03
  4.2362E+03
  4.2266E+03
  4.2170E+03
  4.2074E+03
  4.1979E+03
  4.1883E+03
  4.1792E+03
  4.1699E+03
  4.1606E+03
  4.1512E+03
  4.1418E+03
  4.1322E+03
  4.1224E+03
  4.1128E+03
  4.1032E+03
  4.0938E+03
  4.0845E+03
  4.0752E+03
  4.0661E+03
  4.0566E+03
  4.0474E+03
  4.0381E+03
  4.0290E+03
  4.0198E+03
  4.0107E+03
  4.0019E+03
  3.9931E+03
  3.9845E+03
  3.9758E+03
  3.9670E+03
  3.9584E+03
  3.9499E+03
  3.9416E+03
  3.9333E+03
  3.9251E+03
  3.9168E+03
  3.9088E+03
  3.9008E+03
  3.8930E+03
  3.8850E+03
  3.8770E+03
  3.8691E+03
  3.8614E+03
  3.8536E+03
  3.8456E+03
  3.8378E+03
  3.8299E+03
  3.8219E+03
  3.8139E+03
  3.8056E+03
  3.7973E+03
  3.7890E+03
  3.7808E+03
  3.7726E+03
  3.7645E+03
  3.7565E+03
  3.7485E+03
  3.7405E+03
  3.7325E+03
  3.7245E+03
  3.7163E+03
  3.7082E+03
  3.7000E+03
  3.6918E+03
  3.6837E+03
  3.6755E+03
  3.6672E+03
  3.6589E+03
  3.6506E+03
  3.6421E+03
  3.6336E+03
  3.6250E+03
  3.6165E+03
  3.6077E+03
  3.5987E+03
  3.5898E+03
  3.5805E+03
  3.5712E+03
  3.5616E+03
  3.5520E+03
  3.5424E+03
  3.5331E+03
  3.5238E+03
  3.5144E+03
  3.5050E+03
  3.4954E+03
  3.4858E+03
  3.4762E+03
  3.4666E+03
  3.4570E+03
  3.4475E+03
  3.4382E+03
  3.4290E+03
  3.4198E+03
  3.4107E+03
  3.4018E+03
  3.3930E+03
  3.3842E+03
  3.3754E+03
  3.3669E+03
  3.3584E+03
  3.3499E+03
  3.3416E+03
  3.3333E+03
  3.3248E+03
  3.3165E+03
  3.3082E+03
  3.2998E+03
  3.2917E+03
  3.2835E+03
  3.2754E+03
  3.2674E+03
  3.2595E+03
  3.2517E+03
  3.2440E+03
  3.2365E+03
  3.2290E+03
  3.2216E+03
  3.2144E+03
  3.2072E+03
  3.2000E+03
  3.1930E+03
  3.1856E+03
  3.1784E+03
  3.1714E+03
  3.1643E+03
  3.1574E+03
  3.1507E+03
  3.1442E+03
  3.1378E+03
  3.1314E+03
  3.1251E+03
  3.1187E+03
  3.1125E+03
  3.1064E+03
  3.1003E+03
  3.0941E+03
  3.0882E+03
  3.0821E+03
  3.0762E+03
  3.0701E+03
  3.0642E+03
  3.0584E+03
  3.0526E+03
  3.0470E+03
  3.0414E+03
  3.0360E+03
  3.0306E+03
  3.0251E+03
  3.0197E+03
  3.0141E+03
  3.0085E+03
  3.0027E+03
  2.9968E+03
  2.9909E+03
  2.9851E+03
  2.9792E+03
  2.9734E+03
  2.9675E+03
  2.9616E+03
  2.9557E+03
  2.9498E+03
  2.9437E+03
  2.9378E+03
  2.9320E+03
  2.9262E+03
  2.9205E+03
  2.9150E+03
  2.9096E+03
  2.9043E+03
  2.8990E+03
  2.8936E+03
  2.8882E+03
  2.8827E+03
  2.8774E+03
  2.8720E+03
  2.8667E+03
  2.8616E+03
  2.8565E+03
  2.8514E+03
  2.8462E+03
  2.8413E+03
  2.8365E+03
  2.8318E+03
  2.8274E+03
  2.8230E+03
  2.8187E+03
  2.8146E+03
  2.8106E+03
  2.8067E+03
  2.8027E+03
  2.7989E+03
  2.7950E+03
  2.7912E+03
  2.7874E+03
  2.7835E+03
  2.7795E+03
  2.7755E+03
  2.7715E+03
  2.7675E+03
  2.7634E+03
  2.7592E+03
  2.7550E+03
  2.7507E+03
  2.7466E+03
  2.7424E+03
  2.7381E+03
  2.7339E+03
  2.7299E+03
  2.7259E+03
  2.7219E+03
  2.7181E+03
  2.7142E+03
  2.7106E+03
  2.7067E+03
  2.7030E+03
  2.6995E+03
  2.6960E+03
  2.6928E+03
  2.6898E+03
  2.6870E+03
  2.6843E+03
  2.6819E+03
  2.6797E+03
  2.6774E+03
  2.6754E+03
  2.6734E+03
  2.6715E+03
  2.6696E+03
  2.6680E+03
  2.6666E+03
  2.6653E+03
  2.6642E+03
  2.6632E+03
  2.6624E+03
  2.6616E+03
  2.6608E+03
  2.6602E+03
  2.6595E+03
  2.6589E+03
  2.6584E+03
  2.6579E+03
  2.6574E+03
  2.6571E+03
  2.6570E+03
  2.6571E+03
  2.6573E+03
  2.6574E+03
  2.6579E+03
  2.6582E+03
  2.6587E+03
  2.6592E+03
  2.6595E+03
  2.6598E+03
  2.6600E+03
  2.6602E+03
  2.6602E+03
  2.6600E+03
  2.6597E+03
  2.6592E+03
  2.6586E+03
  2.6579E+03
  2.6570E+03
  2.6562E+03
  2.6552E+03
  2.6541E+03
  2.6530E+03
  2.6518E+03
  2.6506E+03
  2.6491E+03
  2.6477E+03
  2.6461E+03
  2.6446E+03
  2.6432E+03
  2.6419E+03
  2.6405E+03
  2.6394E+03
  2.6381E+03
  2.6371E+03
  2.6360E+03
  2.6350E+03
  2.6342E+03
  2.6334E+03
  2.6328E+03
  2.6322E+03
  2.6315E+03
  2.6310E+03
  2.6306E+03
  2.6302E+03
  2.6299E+03
  2.6296E+03
  2.6294E+03
  2.6293E+03
  2.6290E+03
  2.6286E+03
  2.6283E+03
  2.6278E+03
  2.6272E+03
  2.6267E+03
  2.6259E+03
  2.6251E+03
  2.6243E+03
  2.6235E+03
  2.6227E+03
  2.6219E+03
  2.6210E+03
  2.6203E+03
  2.6197E+03
  2.6190E+03
  2.6186E+03
  2.6181E+03
  2.6178E+03
  2.6174E+03
  2.6171E+03
  2.6170E+03
  2.6170E+03
  2.6168E+03
  2.6168E+03
  2.6168E+03
  2.6168E+03
  2.6166E+03
  2.6165E+03
  2.6163E+03
  2.6162E+03
  2.6162E+03
  2.6160E+03
  2.6158E+03
  2.6158E+03
  2.6157E+03
  2.6154E+03
  2.6150E+03
  2.6146E+03
  2.6141E+03
  2.6136E+03
  2.6131E+03
  2.6126E+03
  2.6122E+03
  2.6118E+03
  2.6114E+03
  2.6109E+03
  2.6104E+03
  2.6098E+03
  2.6090E+03
  2.6080E+03
  2.6072E+03
  2.6061E+03
  2.6051E+03
  2.6038E+03
  2.6026E+03
  2.6010E+03
  2.5994E+03
  2.5974E+03
  2.5954E+03
  2.5931E+03
  2.5907E+03
  2.5882E+03
  2.5854E+03
  2.5824E+03
  2.5794E+03
  2.5762E+03
  2.5730E+03
  2.5694E+03
  2.5661E+03
  2.5624E+03
  2.5589E+03
  2.5550E+03
  2.5510E+03
  2.5469E+03
  2.5426E+03
  2.5379E+03
  2.5333E+03
  2.5283E+03
  2.5234E+03
  2.5182E+03
  2.5131E+03
  2.5077E+03
  2.5022E+03
  2.4968E+03
  2.4912E+03
  2.4856E+03
  2.4798E+03
  2.4741E+03
  2.4682E+03
  2.4622E+03
  2.4563E+03
  2.4502E+03
  2.4440E+03
  2.4379E+03
  2.4315E+03
  2.4251E+03
  2.4187E+03
  2.4125E+03
  2.4061E+03
  2.3998E+03
  2.3938E+03
  2.3877E+03
  2.3816E+03
  2.3757E+03
  2.3699E+03
  2.3642E+03
  2.3586E+03
  2.3531E+03
  2.3478E+03
  2.3429E+03
  2.3379E+03
  2.3331E+03
  2.3286E+03
  2.3243E+03
  2.3202E+03
  2.3162E+03
  2.3122E+03
  2.3085E+03
  2.3050E+03
  2.3016E+03
  2.2984E+03
  2.2955E+03
  2.2928E+03
  2.2902E+03
  2.2878E+03
  2.2856E+03
  2.2835E+03
  2.2816E+03
  2.2798E+03
  2.2781E+03
  2.2765E+03
  2.2750E+03
  2.2738E+03
  2.2726E+03
  2.2717E+03
  2.2707E+03
  2.2696E+03
  2.2686E+03
  2.2675E+03
  2.2666E+03
  2.2653E+03
  2.2642E+03
  2.2630E+03
  2.2621E+03
  2.2613E+03
  2.2605E+03
  2.2598E+03
  2.2595E+03
  2.2594E+03
  2.2595E+03
  2.2598E+03
  2.2603E+03
  2.2611E+03
  2.2621E+03
  2.2630E+03
  2.2642E+03
  2.2654E+03
  2.2667E+03
  2.2680E+03
  2.2693E+03
  2.2706E+03
  2.2717E+03
  2.2730E+03
  2.2741E+03
  2.2752E+03
  2.2765E+03
  2.2778E+03
  2.2792E+03
  2.2806E+03
  2.2821E+03
  2.2837E+03
  2.2853E+03
  2.2869E+03
  2.2885E+03
  2.2899E+03
  2.2914E+03
  2.2926E+03
  2.2939E+03
  2.2950E+03
  2.2962E+03
  2.2971E+03
  2.2981E+03
  2.2990E+03
  2.3002E+03
  2.3013E+03
  2.3026E+03
  2.3038E+03
  2.3053E+03
  2.3066E+03
  2.3078E+03
  2.3091E+03
  2.3102E+03
  2.3112E+03
  2.3122E+03
  2.3131E+03
  2.3139E+03
  2.3147E+03
  2.3154E+03
  2.3158E+03
  2.3163E+03
  2.3166E+03
  2.3170E+03
  2.3173E+03
  2.3174E+03
  2.3174E+03
  2.3174E+03
  2.3173E+03
  2.3171E+03
  2.3170E+03
  2.3166E+03
  2.3162E+03
  2.3157E+03
  2.3152E+03
  2.3144E+03
  2.3136E+03
  2.3125E+03
  2.3114E+03
  2.3099E+03
  2.3083E+03
  2.3066E+03
  2.3046E+03
  2.3026E+03
  2.3003E+03
  2.2979E+03
  2.2954E+03
  2.2926E+03
  2.2898E+03
  2.2869E+03
  2.2842E+03
  2.2813E+03
  2.2787E+03
  2.2760E+03
  2.2734E+03
  2.2710E+03
  2.2686E+03
  2.2662E+03
  2.2640E+03
  2.2619E+03
  2.2600E+03
  2.2581E+03
  2.2562E+03
  2.2542E+03
  2.2525E+03
  2.2506E+03
  2.2486E+03
  2.2469E+03
  2.2450E+03
  2.2432E+03
  2.2414E+03
  2.2397E+03
  2.2379E+03
  2.2363E+03
  2.2349E+03
  2.2334E+03
  2.2322E+03
  2.2309E+03
  2.2296E+03
  2.2283E+03
  2.2272E+03
  2.2261E+03
  2.2250E+03
  2.2240E+03
  2.2230E+03
  2.2224E+03
  2.2216E+03
  2.2210E+03
  2.2205E+03
  2.2198E+03
  2.2194E+03
  2.2190E+03
  2.2186E+03
  2.2184E+03
  2.2181E+03
  2.2181E+03
  2.2181E+03
  2.2181E+03
  2.2182E+03
  2.2186E+03
  2.2187E+03
  2.2190E+03
  2.2190E+03
  2.2190E+03
  2.2190E+03
  2.2187E+03
  2.2184E+03
  2.2179E+03
  2.2173E+03
  2.2166E+03
  2.2157E+03
  2.2146E+03
  2.2133E+03
  2.2118E+03
  2.2102E+03
  2.2085E+03
  2.2064E+03
  2.2042E+03
  2.2019E+03
  2.1994E+03
  2.1968E+03
  2.1939E+03
  2.1910E+03
  2.1880E+03
  2.1848E+03
  2.1816E+03
  2.1784E+03
  2.1750E+03
  2.1715E+03
  2.1682E+03
  2.1648E+03
  2.1614E+03
  2.1582E+03
  2.1554E+03
  2.1528E+03
  2.1502E+03
  2.1482E+03
  2.1462E+03
  2.1446E+03
  2.1434E+03
  2.1422E+03
  2.1416E+03
  2.1411E+03
  2.1411E+03
  2.1413E+03
  2.1418E+03
  2.1424E+03
  2.1430E+03
  2.1438E+03
  2.1446E+03
  2.1454E+03
  2.1464E+03
  2.1474E+03
  2.1485E+03
  2.1496E+03
  2.1506E+03
  2.1515E+03
  2.1525E+03
  2.1533E+03
  2.1541E+03
  2.1546E+03
  2.1549E+03
  2.1550E+03
  2.1552E+03
  2.1550E+03
  2.1549E+03
  2.1546E+03
  2.1542E+03
  2.1539E+03
  2.1536E+03
  2.1533E+03
  2.1531E+03
  2.1530E+03
  2.1528E+03
  2.1526E+03
  2.1525E+03
  2.1523E+03
  2.1522E+03
  2.1518E+03
  2.1517E+03
  2.1515E+03
  2.1515E+03
  2.1515E+03
  2.1517E+03
  2.1520E+03
  2.1525E+03
  2.1531E+03
  2.1539E+03
  2.1550E+03
  2.1562E+03
  2.1576E+03
  2.1590E+03
  2.1606E+03
  2.1622E+03
  2.1638E+03
  2.1656E+03
  2.1672E+03
  2.1690E+03
  2.1707E+03
  2.1726E+03
  2.1746E+03
  2.1765E+03
  2.1784E+03
  2.1803E+03
  2.1824E+03
  2.1843E+03
  2.1862E+03
  2.1882E+03
  2.1901E+03
  2.1920E+03
  2.1939E+03
  2.1957E+03
  2.1974E+03
  2.1990E+03
  2.2005E+03
  2.2018E+03
  2.2029E+03
  2.2038E+03
  2.2046E+03
  2.2053E+03
  2.2056E+03
  2.2058E+03
  2.2058E+03
  2.2056E+03
  2.2053E+03
  2.2050E+03
  2.2045E+03
  2.2040E+03
  2.2035E+03
  2.2029E+03
  2.2021E+03
  2.2013E+03
  2.2003E+03
  2.1992E+03
  2.1979E+03
  2.1965E+03
  2.1950E+03
  2.1934E+03
  2.1917E+03
  2.1899E+03
  2.1880E+03
  2.1861E+03
  2.1838E+03
  2.1816E+03
  2.1794E+03
  2.1770E+03
  2.1744E+03
  2.1718E+03
  2.1691E+03
  2.1664E+03
  2.1635E+03
  2.1606E+03
  2.1576E+03
  2.1547E+03
  2.1518E+03
  2.1491E+03
  2.1462E+03
  2.1435E+03
  2.1410E+03
  2.1382E+03
  2.1357E+03
  2.1330E+03
  2.1304E+03
  2.1277E+03
  2.1250E+03
  2.1221E+03
  2.1194E+03
  2.1166E+03
  2.1139E+03
  2.1110E+03
  2.1083E+03
  2.1056E+03
  2.1030E+03
  2.1003E+03
  2.0974E+03
  2.0946E+03
  2.0915E+03
  2.0883E+03
  2.0851E+03
  2.0818E+03
  2.0782E+03
  2.0747E+03
  2.0712E+03
  2.0675E+03
  2.0637E+03
  2.0598E+03
  2.0558E+03
  2.0520E+03
  2.0480E+03
  2.0438E+03
  2.0398E+03
  2.0355E+03
  2.0314E+03
  2.0270E+03
  2.0227E+03
  2.0186E+03
  2.0144E+03
  2.0104E+03
  2.0066E+03
  2.0029E+03
  1.9994E+03
  1.9958E+03
  1.9926E+03
  1.9894E+03
  1.9866E+03
  1.9837E+03
  1.9811E+03
  1.9787E+03
  1.9765E+03
  1.9746E+03
  1.9728E+03
  1.9712E+03
  1.9696E+03
  1.9685E+03
  1.9675E+03
  1.9669E+03
  1.9664E+03
  1.9662E+03
  1.9662E+03
  1.9666E+03
  1.9672E+03
  1.9678E+03
  1.9688E+03
  1.9699E+03
  1.9712E+03
  1.9726E+03
  1.9742E+03
  1.9757E+03
  1.9771E+03
  1.9786E+03
  1.9802E+03
  1.9816E+03
  1.9829E+03
  1.9842E+03
  1.9856E+03
  1.9869E+03
  1.9882E+03
  1.9893E+03
  1.9904E+03
  1.9914E+03
  1.9923E+03
  1.9931E+03
  1.9939E+03
  1.9947E+03
  1.9954E+03
  1.9962E+03
  1.9968E+03
  1.9976E+03
  1.9984E+03
  1.9990E+03
  1.9998E+03
  2.0003E+03
  2.0010E+03
  2.0016E+03
  2.0021E+03
  2.0024E+03
  2.0027E+03
  2.0029E+03
  2.0029E+03
  2.0027E+03
  2.0022E+03
  2.0018E+03
  2.0010E+03
  2.0000E+03
  1.9989E+03
  1.9976E+03
  1.9963E+03
  1.9949E+03
  1.9934E+03
  1.9922E+03
  1.9907E+03
  1.9893E+03
  1.9880E+03
  1.9867E+03
  1.9856E+03
  1.9845E+03
  1.9834E+03
  1.9824E+03
  1.9814E+03
  1.9805E+03
  1.9795E+03
  1.9787E+03
  1.9779E+03
  1.9771E+03
  1.9762E+03
  1.9752E+03
  1.9744E+03
  1.9734E+03
  1.9725E+03
  1.9717E+03
  1.9709E+03
  1.9702E+03
  1.9696E+03
  1.9691E+03
  1.9688E+03
  1.9686E+03
  1.9685E+03
  1.9685E+03
  1.9686E+03
  1.9688E+03
  1.9693E+03
  1.9699E+03
  1.9707E+03
  1.9715E+03
  1.9726E+03
  1.9738E+03
  1.9750E+03
  1.9765E+03
  1.9779E+03
  1.9795E+03
  1.9811E+03
  1.9829E+03
  1.9845E+03
  1.9861E+03
  1.9875E+03
  1.9890E+03
  1.9904E+03
  1.9918E+03
  1.9933E+03
  1.9947E+03
  1.9960E+03
  1.9973E+03
  1.9986E+03
  1.9997E+03
  2.0010E+03
  2.0021E+03
  2.0032E+03
  2.0043E+03
  2.0053E+03
  2.0061E+03
  2.0067E+03
  2.0074E+03
  2.0077E+03
  2.0080E+03
  2.0080E+03
  2.0080E+03
  2.0080E+03
  2.0078E+03
  2.0077E+03
  2.0075E+03
  2.0074E+03
  2.0074E+03
  2.0072E+03
  2.0072E+03
  2.0074E+03
  2.0074E+03
  2.0075E+03
  2.0077E+03
  2.0078E+03
  2.0080E+03
  2.0082E+03
  2.0083E+03
  2.0085E+03
  2.0086E+03
  2.0091E+03
  2.0096E+03
  2.0102E+03
  2.0110E+03
  2.0118E+03
  2.0128E+03
  2.0138E+03
  2.0149E+03
  2.0158E+03
  2.0170E+03
  2.0179E+03
  2.0187E+03
  2.0195E+03
  2.0203E+03
  2.0210E+03
  2.0218E+03
  2.0224E+03
  2.0229E+03
  2.0235E+03
  2.0240E+03
  2.0245E+03
  2.0250E+03
  2.0254E+03
  2.0259E+03
  2.0264E+03
  2.0270E+03
  2.0275E+03
  2.0282E+03
  2.0288E+03
  2.0296E+03
  2.0304E+03
  2.0314E+03
  2.0325E+03
  2.0336E+03
  2.0347E+03
  2.0360E+03
  2.0373E+03
  2.0384E+03
  2.0397E+03
  2.0408E+03
  2.0421E+03
  2.0432E+03
  2.0443E+03
  2.0456E+03
  2.0467E+03
  2.0477E+03
  2.0488E+03
  2.0496E+03
  2.0506E+03
  2.0514E+03
  2.0520E+03
  2.0526E+03
  2.0531E+03
  2.0534E+03
  2.0536E+03
  2.0536E+03
  2.0536E+03
  2.0534E+03
  2.0533E+03
  2.0530E+03
  2.0525E+03
  2.0520E+03
  2.0512E+03
  2.0506E+03
  2.0496E+03
  2.0488E+03
  2.0478E+03
  2.0467E+03
  2.0456E+03
  2.0443E+03
  2.0429E+03
  2.0414E+03
  2.0397E+03
  2.0381E+03
  2.0363E+03
  2.0346E+03
  2.0326E+03
  2.0310E+03
  2.0294E+03
  2.0280E+03
  2.0267E+03
  2.0256E+03
  2.0246E+03
  2.0240E+03
  2.0237E+03
  2.0237E+03
  2.0238E+03
  2.0245E+03
  2.0253E+03
  2.0264E+03
  2.0277E+03
  2.0290E+03
  2.0304E+03
  2.0318E+03
  2.0334E+03
  2.0350E+03
  2.0368E+03
  2.0386E+03
  2.0405E+03
  2.0422E+03
  2.0440E+03
  2.0458E+03
  2.0475E+03
  2.0491E+03
  2.0509E+03
  2.0525E+03
  2.0542E+03
  2.0562E+03
  2.0579E+03
  2.0595E+03
  2.0613E+03
  2.0630E+03
  2.0646E+03
  2.0664E+03
  2.0680E+03
  2.0698E+03
  2.0715E+03
  2.0733E+03
  2.0750E+03
  2.0766E+03
  2.0784E+03
  2.0800E+03
  2.0816E+03
  2.0830E+03
  2.0843E+03
  2.0858E+03
  2.0870E+03
  2.0883E+03
  2.0896E+03
  2.0909E+03
  2.0922E+03
  2.0936E+03
  2.0950E+03
  2.0963E+03
  2.0978E+03
  2.0992E+03
  2.1006E+03
  2.1021E+03
  2.1035E+03
  2.1050E+03
  2.1066E+03
  2.1082E+03
  2.1099E+03
  2.1115E+03
  2.1133E+03
  2.1149E+03
  2.1165E+03
  2.1181E+03
  2.1195E+03
  2.1210E+03
  2.1224E+03
  2.1237E+03
  2.1248E+03
  2.1259E+03
  2.1270E+03
  2.1280E+03
  2.1290E+03
  2.1296E+03
  2.1302E+03
  2.1307E+03
  2.1310E+03
  2.1312E+03
  2.1312E+03
  2.1310E+03
  2.1309E+03
  2.1304E+03
  2.1301E+03
  2.1294E+03
  2.1288E+03
  2.1282E+03
  2.1274E+03
  2.1266E+03
  2.1256E+03
  2.1246E+03
  2.1235E+03
  2.1224E+03
  2.1211E+03
  2.1198E+03
  2.1186E+03
  2.1171E+03
  2.1157E+03
  2.1141E+03
  2.1126E+03
  2.1110E+03
  2.1094E+03
  2.1077E+03
  2.1058E+03
  2.1038E+03
  2.1018E+03
  2.0994E+03
  2.0970E+03
  2.0946E+03
  2.0920E+03
  2.0894E+03
  2.0869E+03
  2.0843E+03
  2.0818E+03
  2.0794E+03
  2.0768E+03
  2.0744E+03
  2.0720E+03
  2.0696E+03
  2.0674E+03
  2.0651E+03
  2.0629E+03
  2.0608E+03
  2.0589E+03
  2.0570E+03
  2.0554E+03
  2.0536E+03
  2.0522E+03
  2.0507E+03
  2.0493E+03
  2.0480E+03
  2.0469E+03
  2.0459E+03
  2.0453E+03
  2.0446E+03
  2.0442E+03
  2.0440E+03
  2.0442E+03
  2.0443E+03
  2.0448E+03
  2.0456E+03
  2.0464E+03
  2.0472E+03
  2.0483E+03
  2.0493E+03
  2.0502E+03
  2.0512E+03
  2.0522E+03
  2.0530E+03
  2.0539E+03
  2.0549E+03
  2.0560E+03
  2.0571E+03
  2.0584E+03
  2.0598E+03
  2.0614E+03
  2.0632E+03
  2.0653E+03
  2.0674E+03
  2.0696E+03
  2.0722E+03
  2.0747E+03
  2.0774E+03
  2.0802E+03
  2.0832E+03
  2.0862E+03
  2.0893E+03
  2.0926E+03
  2.0958E+03
  2.0994E+03
  2.1029E+03
  2.1066E+03
  2.1104E+03
  2.1144E+03
  2.1182E+03
  2.1222E+03
  2.1261E+03
  2.1299E+03
  2.1339E+03
  2.1379E+03
  2.1419E+03
  2.1459E+03
  2.1501E+03
  2.1541E+03
  2.1581E+03
  2.1619E+03
  2.1656E+03
  2.1693E+03
  2.1728E+03
  2.1763E+03
  2.1795E+03
  2.1826E+03
  2.1853E+03
  2.1877E+03
  2.1898E+03
  2.1915E+03
  2.1931E+03
  2.1944E+03
  2.1955E+03
  2.1963E+03
  2.1970E+03
  2.1973E+03
  2.1974E+03
  2.1974E+03
  2.1973E+03
  2.1970E+03
  2.1965E+03
  2.1958E+03
  2.1949E+03
  2.1941E+03
  2.1930E+03
  2.1918E+03
  2.1906E+03
  2.1891E+03
  2.1875E+03
  2.1859E+03
  2.1840E+03
  2.1821E+03
  2.1800E+03
  2.1778E+03
  2.1754E+03
  2.1730E+03
  2.1706E+03
  2.1680E+03
  2.1656E+03
  2.1630E+03
  2.1603E+03
  2.1576E+03
  2.1547E+03
  2.1517E+03
  2.1485E+03
  2.1451E+03
  2.1416E+03
  2.1376E+03
  2.1336E+03
  2.1293E+03
  2.1246E+03
  2.1200E+03
  2.1154E+03
  2.1106E+03
  2.1059E+03
  2.1011E+03
  2.0963E+03
  2.0915E+03
  2.0869E+03
  2.0822E+03
  2.0778E+03
  2.0734E+03
  2.0693E+03
  2.0654E+03
  2.0616E+03
  2.0581E+03
  2.0547E+03
  2.0515E+03
  2.0486E+03
  2.0458E+03
  2.0432E+03
  2.0406E+03
  2.0382E+03
  2.0360E+03
  2.0339E+03
  2.0318E+03
  2.0299E+03
  2.0282E+03
  2.0264E+03
  2.0248E+03
  2.0232E+03
  2.0218E+03
  2.0205E+03
  2.0192E+03
  2.0181E+03
  2.0171E+03
  2.0163E+03
  2.0155E+03
  2.0149E+03
  2.0144E+03
  2.0139E+03
  2.0136E+03
  2.0134E+03
  2.0136E+03
  2.0138E+03
  2.0141E+03
  2.0147E+03
  2.0154E+03
  2.0162E+03
  2.0171E+03
  2.0184E+03
  2.0197E+03
  2.0211E+03
  2.0229E+03
  2.0248E+03
  2.0267E+03
  2.0290E+03
  2.0312E+03
  2.0338E+03
  2.0363E+03
  2.0394E+03
  2.0424E+03
  2.0458E+03
  2.0491E+03
  2.0525E+03
  2.0562E+03
  2.0598E+03
  2.0638E+03
  2.0682E+03
  2.0726E+03
  2.0774E+03
  2.0824E+03
  2.0875E+03
  2.0926E+03
  2.0979E+03
  2.1032E+03
  2.1086E+03
  2.1139E+03
  2.1194E+03
  2.1245E+03
  2.1296E+03
  2.1346E+03
  2.1392E+03
  2.1435E+03
  2.1477E+03
  2.1517E+03
  2.1555E+03
  2.1590E+03
  2.1626E+03
  2.1658E+03
  2.1686E+03
  2.1714E+03
  2.1739E+03
  2.1762E+03
  2.1781E+03
  2.1800E+03
  2.1816E+03
  2.1830E+03
  2.1845E+03
  2.1859E+03
  2.1872E+03
  2.1885E+03
  2.1898E+03
  2.1910E+03
  2.1923E+03
  2.1934E+03
  2.1946E+03
  2.1955E+03
  2.1965E+03
  2.1974E+03
  2.1982E+03
  2.1989E+03
  2.1994E+03
  2.1997E+03
  2.2000E+03
  2.2002E+03
  2.2003E+03
  2.2003E+03
  2.2003E+03
  2.2003E+03
  2.2005E+03
  2.2005E+03
  2.2008E+03
  2.2011E+03
  2.2016E+03
  2.2021E+03
  2.2027E+03
  2.2035E+03
  2.2045E+03
  2.2054E+03
  2.2066E+03
  2.2078E+03
  2.2093E+03
  2.2109E+03
  2.2126E+03
  2.2144E+03
  2.2162E+03
  2.2181E+03
  2.2198E+03
  2.2218E+03
  2.2238E+03
  2.2259E+03
  2.2282E+03
  2.2306E+03
  2.2330E+03
  2.2355E+03
  2.2381E+03
  2.2408E+03
  2.2435E+03
  2.2464E+03
  2.2493E+03
  2.2522E+03
  2.2552E+03
  2.2584E+03
  2.2616E+03
  2.2650E+03
  2.2683E+03
  2.2718E+03
  2.2750E+03
  2.2784E+03
  2.2819E+03
  2.2854E+03
  2.2891E+03
  2.2928E+03
  2.2966E+03
  2.3006E+03
  2.3048E+03
  2.3090E+03
  2.3133E+03
  2.3178E+03
  2.3222E+03
  2.3267E+03
  2.3312E+03
  2.3357E+03
  2.3402E+03
  2.3446E+03
  2.3491E+03
  2.3536E+03
  2.3582E+03
  2.3627E+03
  2.3672E+03
  2.3718E+03
  2.3765E+03
  2.3813E+03
  2.3862E+03
  2.3912E+03
  2.3963E+03
  2.4014E+03
  2.4066E+03
  2.4117E+03
  2.4166E+03
  2.4216E+03
  2.4264E+03
  2.4310E+03
  2.4355E+03
  2.4397E+03
  2.4438E+03
  2.4478E+03
  2.4517E+03
  2.4554E+03
  2.4589E+03
  2.4622E+03
  2.4654E+03
  2.4686E+03
  2.4715E+03
  2.4742E+03
  2.4770E+03
  2.4795E+03
  2.4819E+03
  2.4842E+03
  2.4864E+03
  2.4885E+03
  2.4906E+03
  2.4925E+03
  2.4944E+03
  2.4962E+03
  2.4979E+03
  2.4998E+03
  2.5018E+03
  2.5037E+03
  2.5059E+03
  2.5082E+03
  2.5106E+03
  2.5131E+03
  2.5157E+03
  2.5186E+03
  2.5216E+03
  2.5248E+03
  2.5280E+03
  2.5315E+03
  2.5352E+03
  2.5389E+03
  2.5427E+03
  2.5466E+03
  2.5504E+03
  2.5542E+03
  2.5579E+03
  2.5614E+03
  2.5650E+03
  2.5683E+03
  2.5715E+03
  2.5747E+03
  2.5778E+03
  2.5808E+03
  2.5837E+03
  2.5867E+03
  2.5898E+03
  2.5928E+03
  2.5958E+03
  2.5990E+03
  2.6022E+03
  2.6056E+03
  2.6088E+03
  2.6120E+03
  2.6152E+03
  2.6182E+03
  2.6213E+03
  2.6243E+03
  2.6272E+03
  2.6299E+03
  2.6325E+03
  2.6350E+03
  2.6373E+03
  2.6392E+03
  2.6411E+03
  2.6427E+03
  2.6442E+03
  2.6454E+03
  2.6466E+03
  2.6474E+03
  2.6482E+03
  2.6486E+03
  2.6490E+03
  2.6493E+03
  2.6494E+03
  2.6496E+03
  2.6498E+03
  2.6499E+03
  2.6504E+03
  2.6509E+03
  2.6515E+03
  2.6523E+03
  2.6531E+03
  2.6541E+03
  2.6552E+03
  2.6563E+03
  2.6576E+03
  2.6590E+03
  2.6605E+03
  2.6619E+03
  2.6632E+03
  2.6645E+03
  2.6654E+03
  2.6662E+03
  2.6670E+03
  2.6675E+03
  2.6678E+03
  2.6680E+03
  2.6682E+03
  2.6682E+03
  2.6680E+03
  2.6677E+03
  2.6674E+03
  2.6669E+03
  2.6664E+03
  2.6659E+03
  2.6651E+03
  2.6643E+03
  2.6634E+03
  2.6622E+03
  2.6610E+03
  2.6595E+03
  2.6579E+03
  2.6563E+03
  2.6546E+03
  2.6528E+03
  2.6510E+03
  2.6491E+03
  2.6472E+03
  2.6451E+03
  2.6430E+03
  2.6408E+03
  2.6384E+03
  2.6362E+03
  2.6339E+03
  2.6317E+03
  2.6293E+03
  2.6269E+03
  2.6243E+03
  2.6218E+03
  2.6192E+03
  2.6163E+03
  2.6134E+03
  2.6104E+03
  2.6072E+03
  2.6040E+03
  2.6006E+03
  2.5974E+03
  2.5941E+03
  2.5909E+03
  2.5875E+03
  2.5843E+03
  2.5813E+03
  2.5781E+03
  2.5750E+03
  2.5722E+03
  2.5691E+03
  2.5662E+03
  2.5632E+03
  2.5603E+03
  2.5576E+03
  2.5549E+03
  2.5525E+03
  2.5499E+03
  2.5477E+03
  2.5456E+03
  2.5435E+03
  2.5414E+03
  2.5395E+03
  2.5376E+03
  2.5357E+03
  2.5338E+03
  2.5317E+03
  2.5298E+03
  2.5280E+03
  2.5262E+03
  2.5245E+03
  2.5230E+03
  2.5216E+03
  2.5202E+03
  2.5187E+03
  2.5171E+03
  2.5157E+03
  2.5141E+03
  2.5123E+03
  2.5106E+03
  2.5086E+03
  2.5067E+03
  2.5046E+03
  2.5026E+03
  2.5003E+03
  2.4982E+03
  2.4960E+03
  2.4938E+03
  2.4917E+03
  2.4898E+03
  2.4878E+03
  2.4859E+03
  2.4842E+03
  2.4824E+03
  2.4806E+03
  2.4787E+03
  2.4766E+03
  2.4746E+03
  2.4725E+03
  2.4702E+03
  2.4678E+03
  2.4653E+03
  2.4626E+03
  2.4595E+03
  2.4563E+03
  2.4528E+03
  2.4490E+03
  2.4448E+03
  2.4405E+03
  2.4358E+03
  2.4312E+03
  2.4266E+03
  2.4218E+03
  2.4173E+03
  2.4126E+03
  2.4083E+03
  2.4040E+03
  2.3997E+03
  2.3957E+03
  2.3918E+03
  2.3880E+03
  2.3845E+03
  2.3808E+03
  2.3773E+03
  2.3741E+03
  2.3707E+03
  2.3677E+03
  2.3646E+03
  2.3619E+03
  2.3594E+03
  2.3571E+03
  2.3552E+03
  2.3533E+03
  2.3517E+03
  2.3501E+03
  2.3488E+03
  2.3475E+03
  2.3466E+03
  2.3458E+03
  2.3450E+03
  2.3445E+03
  2.3438E+03
  2.3435E+03
  2.3432E+03
  2.3429E+03
  2.3429E+03
  2.3429E+03
  2.3432E+03
  2.3437E+03
  2.3442E+03
  2.3448E+03
  2.3454E+03
  2.3459E+03
  2.3464E+03
  2.3467E+03
  2.3470E+03
  2.3470E+03
  2.3470E+03
  2.3469E+03
  2.3466E+03
  2.3461E+03
  2.3453E+03
  2.3445E+03
  2.3434E+03
  2.3422E+03
  2.3408E+03
  2.3394E+03
  2.3378E+03
  2.3362E+03
  2.3346E+03
  2.3330E+03
  2.3312E+03
  2.3296E+03
  2.3278E+03
  2.3259E+03
  2.3242E+03
  2.3222E+03
  2.3202E+03
  2.3182E+03
  2.3160E+03
  2.3139E+03
  2.3117E+03
  2.3094E+03
  2.3072E+03
  2.3048E+03
  2.3026E+03
  2.3002E+03
  2.2979E+03
  2.2955E+03
  2.2933E+03
  2.2912E+03
  2.2891E+03
  2.2870E+03
  2.2850E+03
  2.2829E+03
  2.2808E+03
  2.2787E+03
  2.2766E+03
  2.2746E+03
  2.2723E+03
  2.2701E+03
  2.2677E+03
  2.2651E+03
  2.2624E+03
  2.2595E+03
  2.2568E+03
  2.2539E+03
  2.2510E+03
  2.2482E+03
  2.2451E+03
  2.2421E+03
  2.2390E+03
  2.2360E+03
  2.2328E+03
  2.2298E+03
  2.2269E+03
  2.2238E+03
  2.2210E+03
  2.2182E+03
  2.2155E+03
  2.2130E+03
  2.2104E+03
  2.2080E+03
  2.2056E+03
  2.2034E+03
  2.2013E+03
  2.1992E+03
  2.1973E+03
  2.1955E+03
  2.1938E+03
  2.1922E+03
  2.1907E+03
  2.1893E+03
  2.1878E+03
  2.1866E+03
  2.1853E+03
  2.1842E+03
  2.1830E+03
  2.1819E+03
  2.1808E+03
  2.1797E+03
  2.1786E+03
  2.1774E+03
  2.1763E+03
  2.1752E+03
  2.1742E+03
  2.1734E+03
  2.1725E+03
  2.1715E+03
  2.1707E+03
  2.1699E+03
  2.1693E+03
  2.1686E+03
  2.1682E+03
  2.1677E+03
  2.1675E+03
  2.1675E+03
  2.1675E+03
  2.1678E+03
  2.1680E+03
  2.1685E+03
  2.1690E+03
  2.1696E+03
  2.1702E+03
  2.1710E+03
  2.1720E+03
  2.1733E+03
  2.1746E+03
  2.1760E+03
  2.1776E+03
  2.1794E+03
  2.1813E+03
  2.1834E+03
  2.1856E+03
  2.1878E+03
  2.1902E+03
  2.1928E+03
  2.1955E+03
  2.1982E+03
  2.2011E+03
  2.2042E+03
  2.2074E+03
  2.2107E+03
  2.2139E+03
  2.2171E+03
  2.2203E+03
  2.2235E+03
  2.2267E+03
  2.2298E+03
  2.2328E+03
  2.2358E+03
  2.2387E+03
  2.2416E+03
  2.2443E+03
  2.2469E+03
  2.2496E+03
  2.2522E+03
  2.2549E+03
  2.2578E+03
  2.2606E+03
  2.2637E+03
  2.2666E+03
  2.2696E+03
  2.2726E+03
  2.2757E+03
  2.2787E+03
  2.2816E+03
  2.2846E+03
  2.2877E+03
  2.2906E+03
  2.2933E+03
  2.2958E+03
  2.2982E+03
  2.3005E+03
  2.3026E+03
  2.3046E+03
  2.3067E+03
  2.3085E+03
  2.3102E+03
  2.3120E+03
  2.3136E+03
  2.3150E+03
  2.3163E+03
  2.3176E+03
  2.3186E+03
  2.3197E+03
  2.3205E+03
  2.3213E+03
  2.3221E+03
  2.3226E+03
  2.3232E+03
  2.3238E+03
  2.3243E+03
  2.3250E+03
  2.3256E+03
  2.3264E+03
  2.3272E+03
  2.3278E+03
  2.3283E+03
  2.3290E+03
  2.3293E+03
  2.3296E+03
  2.3299E+03
  2.3302E+03
  2.3304E+03
  2.3306E+03
  2.3306E+03
  2.3306E+03
  2.3306E+03
  2.3302E+03
  2.3299E+03
  2.3293E+03
  2.3286E+03
  2.3277E+03
  2.3266E+03
  2.3254E+03
  2.3245E+03
  2.3234E+03
  2.3224E+03
  2.3214E+03
  2.3205E+03
  2.3195E+03
  2.3186E+03
  2.3176E+03
  2.3166E+03
  2.3155E+03
  2.3144E+03
  2.3133E+03
  2.3122E+03
  2.3109E+03
  2.3098E+03
  2.3085E+03
  2.3074E+03
  2.3062E+03
  2.3051E+03
  2.3038E+03
  2.3027E+03
  2.3016E+03
  2.3005E+03
  2.2992E+03
  2.2979E+03
  2.2968E+03
  2.2955E+03
  2.2944E+03
  2.2931E+03
  2.2920E+03
  2.2909E+03
  2.2898E+03
  2.2888E+03
  2.2880E+03
  2.2870E+03
  2.2864E+03
  2.2856E+03
  2.2850E+03
  2.2843E+03
  2.2837E+03
  2.2830E+03
  2.2826E+03
  2.2819E+03
  2.2814E+03
  2.2808E+03
  2.2802E+03
  2.2797E+03
  2.2792E+03
  2.2789E+03
  2.2786E+03
  2.2784E+03
  2.2782E+03
  2.2782E+03
  2.2782E+03
  2.2782E+03
  2.2781E+03
  2.2781E+03
  2.2779E+03
  2.2776E+03
  2.2773E+03
  2.2766E+03
  2.2760E+03
  2.2750E+03
  2.2739E+03
  2.2725E+03
  2.2709E+03
  2.2688E+03
  2.2667E+03
  2.2643E+03
  2.2618E+03
  2.2590E+03
  2.2562E+03
  2.2531E+03
  2.2499E+03
  2.2464E+03
  2.2427E+03
  2.2389E+03
  2.2349E+03
  2.2309E+03
  2.2269E+03
  2.2227E+03
  2.2186E+03
  2.2144E+03
  2.2102E+03
  2.2062E+03
  2.2021E+03
  2.1981E+03
  2.1941E+03
  2.1901E+03
  2.1862E+03
  2.1824E+03
  2.1784E+03
  2.1746E+03
  2.1712E+03
  2.1678E+03
  2.1648E+03
  2.1618E+03
  2.1587E+03
  2.1558E+03
  2.1531E+03
  2.1506E+03
  2.1480E+03
  2.1454E+03
  2.1430E+03
  2.1405E+03
  2.1379E+03
  2.1352E+03
  2.1325E+03
  2.1298E+03
  2.1270E+03
  2.1242E+03
  2.1213E+03
  2.1182E+03
  2.1152E+03
  2.1123E+03
  2.1093E+03
  2.1064E+03
  2.1035E+03
  2.1006E+03
  2.0981E+03
  2.0954E+03
  2.0928E+03
  2.0902E+03
  2.0878E+03
  2.0854E+03
  2.0830E+03
  2.0808E+03
  2.0787E+03
  2.0768E+03
  2.0752E+03
  2.0738E+03
  2.0725E+03
  2.0714E+03
  2.0704E+03
  2.0694E+03
  2.0686E+03
  2.0678E+03
  2.0672E+03
  2.0669E+03
  2.0666E+03
  2.0666E+03
  2.0667E+03
  2.0669E+03
  2.0674E+03
  2.0678E+03
  2.0683E+03
  2.0690E+03
  2.0698E+03
  2.0704E+03
  2.0712E+03
  2.0722E+03
  2.0730E+03
  2.0741E+03
  2.0750E+03
  2.0762E+03
  2.0773E+03
  2.0786E+03
  2.0797E+03
  2.0808E+03
  2.0818E+03
  2.0827E+03
  2.0837E+03
  2.0843E+03
  2.0850E+03
  2.0854E+03
  2.0858E+03
  2.0859E+03
  2.0859E+03
  2.0859E+03
  2.0859E+03
  2.0859E+03
  2.0859E+03
  2.0859E+03
  2.0859E+03
  2.0859E+03
  2.0861E+03
  2.0861E+03
  2.0861E+03
  2.0861E+03
  2.0859E+03
  2.0858E+03
  2.0854E+03
  2.0851E+03
  2.0848E+03
  2.0845E+03
  2.0840E+03
  2.0835E+03
  2.0830E+03
  2.0827E+03
  2.0824E+03
  2.0821E+03
  2.0818E+03
  2.0814E+03
  2.0813E+03
  2.0811E+03
  2.0810E+03
  2.0808E+03
  2.0808E+03
  2.0808E+03
  2.0806E+03
  2.0806E+03
  2.0806E+03
  2.0806E+03
  2.0806E+03
  2.0805E+03
  2.0805E+03
  2.0805E+03
  2.0803E+03
  2.0802E+03
  2.0800E+03
  2.0798E+03
  2.0795E+03
  2.0792E+03
  2.0787E+03
  2.0782E+03
  2.0776E+03
  2.0771E+03
  2.0768E+03
  2.0765E+03
  2.0760E+03
  2.0757E+03
  2.0755E+03
  2.0752E+03
  2.0750E+03
  2.0750E+03
  2.0750E+03
  2.0750E+03
  2.0750E+03
  2.0750E+03
  2.0752E+03
  2.0752E+03
  2.0754E+03
  2.0755E+03
  2.0758E+03
  2.0760E+03
  2.0763E+03
  2.0766E+03
  2.0770E+03
  2.0776E+03
  2.0782E+03
  2.0789E+03
  2.0798E+03
  2.0806E+03
  2.0818E+03
  2.0829E+03
  2.0842E+03
  2.0856E+03
  2.0870E+03
  2.0886E+03
  2.0902E+03
  2.0918E+03
  2.0936E+03
  2.0955E+03
  2.0973E+03
  2.0992E+03
  2.1011E+03
  2.1032E+03
  2.1054E+03
  2.1077E+03
  2.1102E+03
  2.1128E+03
  2.1155E+03
  2.1184E+03
  2.1211E+03
  2.1240E+03
  2.1270E+03
  2.1299E+03
  2.1328E+03
  2.1355E+03
  2.1382E+03
  2.1408E+03
  2.1434E+03
  2.1458E+03
  2.1478E+03
  2.1498E+03
  2.1515E+03
  2.1531E+03
  2.1546E+03
  2.1557E+03
  2.1568E+03
  2.1576E+03
  2.1584E+03
  2.1590E+03
  2.1597E+03
  2.1603E+03
  2.1610E+03
  2.1616E+03
  2.1624E+03
  2.1634E+03
  2.1643E+03
  2.1654E+03
  2.1667E+03
  2.1682E+03
  2.1696E+03
  2.1714E+03
  2.1730E+03
  2.1749E+03
  2.1770E+03
  2.1790E+03
  2.1811E+03
  2.1832E+03
  2.1853E+03
  2.1872E+03
  2.1891E+03
  2.1909E+03
  2.1926E+03
  2.1942E+03
  2.1958E+03
  2.1974E+03
  2.1990E+03
  2.2005E+03
  2.2021E+03
  2.2034E+03
  2.2048E+03
  2.2062E+03
  2.2077E+03
  2.2091E+03
  2.2106E+03
  2.2122E+03
  2.2138E+03
  2.2155E+03
  2.2173E+03
  2.2190E+03
  2.2210E+03
  2.2230E+03
  2.2251E+03
  2.2272E+03
  2.2294E+03
  2.2317E+03
  2.2339E+03
  2.2362E+03
  2.2382E+03
  2.2405E+03
  2.2424E+03
  2.2442E+03
  2.2459E+03
  2.2475E+03
  2.2490E+03
  2.2502E+03
  2.2514E+03
  2.2523E+03
  2.2531E+03
  2.2539E+03
  2.2544E+03
  2.2550E+03
  2.2555E+03
  2.2560E+03
  2.2565E+03
  2.2568E+03
  2.2571E+03
  2.2573E+03
  2.2576E+03
  2.2579E+03
  2.2582E+03
  2.2586E+03
  2.2592E+03
  2.2598E+03
  2.2606E+03
  2.2614E+03
  2.2624E+03
  2.2632E+03
  2.2642E+03
  2.2650E+03
  2.2658E+03
  2.2664E+03
  2.2670E+03
  2.2677E+03
  2.2680E+03
  2.2685E+03
  2.2688E+03
  2.2691E+03
  2.2694E+03
  2.2698E+03
  2.2699E+03
  2.2702E+03
  2.2707E+03
  2.2712E+03
  2.2718E+03
  2.2726E+03
  2.2736E+03
  2.2747E+03
  2.2760E+03
  2.2774E+03
  2.2790E+03
  2.2810E+03
  2.2827E+03
  2.2848E+03
  2.2869E+03
  2.2888E+03
  2.2909E+03
  2.2930E+03
  2.2949E+03
  2.2968E+03
  2.2987E+03
  2.3006E+03
  2.3024E+03
  2.3042E+03
  2.3058E+03
  2.3072E+03
  2.3085E+03
  2.3094E+03
  2.3104E+03
  2.3112E+03
  2.3118E+03
  2.3125E+03
  2.3130E+03
  2.3134E+03
  2.3139E+03
  2.3142E+03
  2.3146E+03
  2.3146E+03
  2.3146E+03
  2.3144E+03
  2.3141E+03
  2.3136E+03
  2.3131E+03
  2.3123E+03
  2.3117E+03
  2.3109E+03
  2.3099E+03
  2.3091E+03
  2.3080E+03
  2.3070E+03
  2.3061E+03
  2.3050E+03
  2.3038E+03
  2.3027E+03
  2.3016E+03
  2.3005E+03
  2.2992E+03
  2.2979E+03
  2.2966E+03
  2.2955E+03
  2.2942E+03
  2.2930E+03
  2.2915E+03
  2.2902E+03
  2.2886E+03
  2.2870E+03
  2.2853E+03
  2.2835E+03
  2.2816E+03
  2.2797E+03
  2.2778E+03
  2.2758E+03
  2.2739E+03
  2.2720E+03
  2.2701E+03
  2.2682E+03
  2.2662E+03
  2.2643E+03
  2.2624E+03
  2.2605E+03
  2.2587E+03
  2.2570E+03
  2.2552E+03
  2.2536E+03
  2.2522E+03
  2.2507E+03
  2.2494E+03
  2.2483E+03
  2.2472E+03
  2.2461E+03
  2.2451E+03
  2.2443E+03
  2.2435E+03
  2.2427E+03
  2.2421E+03
  2.2414E+03
  2.2410E+03
  2.2405E+03
  2.2403E+03
  2.2403E+03
  2.2406E+03
  2.2410E+03
  2.2414E+03
  2.2421E+03
  2.2429E+03
  2.2437E+03
  2.2445E+03
  2.2453E+03
  2.2462E+03
  2.2472E+03
  2.2480E+03
  2.2488E+03
  2.2494E+03
  2.2498E+03
  2.2501E+03
  2.2502E+03
  2.2502E+03
  2.2501E+03
  2.2496E+03
  2.2491E+03
  2.2483E+03
  2.2474E+03
  2.2461E+03
  2.2446E+03
  2.2432E+03
  2.2413E+03
  2.2394E+03
  2.2373E+03
  2.2349E+03
  2.2325E+03
  2.2298E+03
  2.2269E+03
  2.2240E+03
  2.2210E+03
  2.2179E+03
  2.2149E+03
  2.2117E+03
  2.2085E+03
  2.2053E+03
  2.2021E+03
  2.1990E+03
  2.1958E+03
  2.1930E+03
  2.1901E+03
  2.1872E+03
  2.1846E+03
  2.1821E+03
  2.1798E+03
  2.1778E+03
  2.1760E+03
  2.1744E+03
  2.1730E+03
  2.1717E+03
  2.1704E+03
  2.1694E+03
  2.1685E+03
  2.1677E+03
  2.1669E+03
  2.1661E+03
  2.1653E+03
  2.1646E+03
  2.1640E+03
  2.1634E+03
  2.1629E+03
  2.1626E+03
  2.1622E+03
  2.1621E+03
  2.1621E+03
  2.1622E+03
  2.1626E+03
  2.1629E+03
  2.1634E+03
  2.1640E+03
  2.1646E+03
  2.1653E+03
  2.1661E+03
  2.1667E+03
  2.1677E+03
  2.1686E+03
  2.1698E+03
  2.1709E+03
  2.1725E+03
  2.1741E+03
  2.1760E+03
  2.1782E+03
  2.1810E+03
  2.1837E+03
  2.1866E+03
  2.1894E+03
  2.1926E+03
  2.1958E+03
  2.1992E+03
  2.2027E+03
  2.2064E+03
  2.2104E+03
  2.2144E+03
  2.2187E+03
  2.2234E+03
  2.2280E+03
  2.2328E+03
  2.2378E+03
  2.2429E+03
  2.2480E+03
  2.2533E+03
  2.2586E+03
  2.2640E+03
  2.2693E+03
  2.2747E+03
  2.2803E+03
  2.2858E+03
  2.2912E+03
  2.2968E+03
  2.3022E+03
  2.3077E+03
  2.3131E+03
  2.3186E+03
  2.3237E+03
  2.3288E+03
  2.3336E+03
  2.3384E+03
  2.3429E+03
  2.3472E+03
  2.3514E+03
  2.3554E+03
  2.3592E+03
  2.3629E+03
  2.3666E+03
  2.3701E+03
  2.3736E+03
  2.3770E+03
  2.3803E+03
  2.3835E+03
  2.3869E+03
  2.3901E+03
  2.3933E+03
  2.3963E+03
  2.3992E+03
  2.4021E+03
  2.4050E+03
  2.4078E+03
  2.4106E+03
  2.4133E+03
  2.4160E+03
  2.4189E+03
  2.4218E+03
  2.4246E+03
  2.4277E+03
  2.4306E+03
  2.4336E+03
  2.4366E+03
  2.4397E+03
  2.4427E+03
  2.4461E+03
  2.4493E+03
  2.4528E+03
  2.4562E+03
  2.4597E+03
  2.4634E+03
  2.4670E+03
  2.4709E+03
  2.4747E+03
  2.4787E+03
  2.4829E+03
  2.4872E+03
  2.4914E+03
  2.4957E+03
  2.5002E+03
  2.5045E+03
  2.5088E+03
  2.5133E+03
  2.5176E+03
  2.5219E+03
  2.5262E+03
  2.5304E+03
  2.5347E+03
  2.5389E+03
  2.5430E+03
  2.5472E+03
  2.5514E+03
  2.5554E+03
  2.5592E+03
  2.5630E+03
  1.3958E+01
  1.4400E+01
  1.7172E+01
  2.6006E+01
  4.1341E+01
  6.3382E+01
  9.3068E+01
  1.3148E+02
  1.7893E+02
  2.3539E+02
  3.0047E+02
  3.7332E+02
  4.5279E+02
  5.3741E+02
  6.2541E+02
  7.1473E+02
  8.0313E+02
  8.8825E+02
  9.6793E+02
  1.0393E+03
  1.1001E+03
  1.1487E+03
  1.1827E+03
  1.2006E+03
  1.2016E+03
  1.1848E+03
  1.1513E+03
  1.1009E+03
  1.0342E+03
  9.5184E+02
  8.5462E+02
  7.4685E+02
  6.3177E+02
  5.0803E+02
  3.8341E+02
  2.5513E+02
  1.2455E+02
 -7.3076E+00
 -1.3726E+02
 -2.6435E+02
 -3.8672E+02
 -4.9988E+02
 -6.0228E+02
 -6.9568E+02
 -7.7938E+02
 -8.5237E+02
 -9.1364E+02
 -9.6285E+02
 -9.9967E+02
 -1.0238E+03
 -1.0348E+03
 -1.0337E+03
 -1.0216E+03
 -9.9866E+02
 -9.6549E+02
 -9.2349E+02
 -8.7373E+02
 -8.1586E+02
 -7.5129E+02
 -6.8177E+02
 -6.0801E+02
 -5.3109E+02
 -4.5153E+02
 -3.7256E+02
 -2.9610E+02
 -2.2068E+02
 -1.4696E+02
 -7.7136E+01
 -1.2136E+01
  4.9327E+01
  1.0766E+02
  1.6182E+02
  2.0951E+02
  2.5256E+02
  2.9176E+02
  3.2617E+02
  3.5548E+02
  3.8029E+02
  4.0202E+02
  4.1963E+02
  4.3360E+02
  4.4517E+02
  4.5409E+02
  4.6019E+02
  4.6445E+02
  4.6769E+02
  4.6946E+02
  4.6994E+02
  4.6994E+02
  4.6945E+02
  4.6861E+02
  4.6771E+02
  4.6663E+02
  4.6609E+02
  4.6608E+02
  4.6684E+02
  4.6905E+02
  4.7216E+02
  4.7555E+02
  4.8009E+02
  4.8689E+02
  4.9539E+02
  5.0497E+02
  5.1657E+02
  5.2895E+02
  5.4329E+02
  5.5940E+02
  5.7672E+02
  5.9642E+02
  6.1731E+02
  6.3940E+02
  6.6328E+02
  6.8955E+02
  7.1762E+02
  7.4567E+02
  7.7552E+02
  8.0717E+02
  8.3999E+02
  8.7402E+02
  9.0806E+02
  9.4388E+02
  9.8029E+02
  1.0167E+03
  1.0543E+03
  1.0913E+03
  1.1259E+03
  1.1609E+03
  1.1955E+03
  1.2288E+03
  1.2622E+03
  1.2949E+03
  1.3257E+03
  1.3565E+03
  1.3859E+03
  1.4121E+03
  1.4393E+03
  1.4651E+03
  1.4896E+03
  1.5143E+03
  1.5377E+03
  1.5600E+03
  1.5810E+03
  1.6019E+03
  1.6214E+03
  1.6396E+03
  1.6570E+03
  1.6723E+03
  1.6854E+03
  1.6952E+03
  1.7033E+03
  1.7114E+03
  1.7173E+03
  1.7202E+03
  1.7201E+03
  1.7183E+03
  1.7151E+03
  1.7089E+03
  1.7027E+03
  1.6965E+03
  1.6888E+03
  1.6795E+03
  1.6686E+03
  1.6570E+03
  1.6446E+03
  1.6322E+03
  1.6214E+03
  1.6113E+03
  1.5997E+03
  1.5866E+03
  1.5718E+03
  1.5560E+03
  1.5418E+03
  1.5271E+03
  1.5116E+03
  1.4978E+03
  1.4855E+03
  1.4741E+03
  1.4627E+03
  1.4521E+03
  1.4415E+03
  1.4309E+03
  1.4228E+03
  1.4168E+03
  1.4150E+03
  1.4127E+03
  1.4121E+03
  1.4144E+03
  1.4144E+03
  1.4053E+03
  1.4053E+03
  1.4144E+03
  1.4235E+03
  1.4325E+03
  1.4458E+03
  1.4648E+03
  1.4898E+03
  1.5089E+03
  1.5185E+03
  1.5376E+03
  1.5471E+03
  1.5670E+03
  1.5894E+03
  1.5985E+03
  1.6194E+03
  1.6339E+03
  1.6338E+03
  1.6445E+03
  1.6657E+03
  1.6763E+03
  1.6869E+03
  1.7188E+03
  1.7400E+03
  1.7612E+03
  1.7824E+03
  1.8036E+03
  1.8355E+03
  1.8461E+03
  1.8673E+03
  1.8885E+03
  1.9098E+03
  1.9310E+03
  1.9415E+03
  1.9627E+03
  1.9840E+03
  2.0159E+03
  2.0369E+03
  2.0706E+03
  2.1035E+03
  2.1371E+03
  2.1706E+03
  2.1930E+03
  2.2266E+03
  2.2378E+03
  2.2601E+03
  2.2825E+03
  2.3049E+03
  2.3273E+03
  2.3384E+03
  2.3720E+03
  2.3944E+03
  2.4056E+03
  2.4392E+03
  2.4634E+03
  2.4851E+03
  2.5160E+03
  2.5396E+03
  2.5632E+03
  2.5869E+03
  2.5988E+03
  2.6105E+03
  2.6341E+03
  2.6460E+03
  2.6695E+03
  2.6931E+03
  2.7050E+03
  2.7169E+03
  2.7286E+03
  2.7404E+03
  2.7522E+03
  2.7759E+03
  2.7876E+03
  2.7995E+03
  2.8231E+03
  2.8231E+03
  2.8232E+03
  2.8467E+03
  2.8467E+03
  2.8467E+03
  2.8468E+03
  2.8231E+03
  2.8113E+03
  2.8113E+03
  2.7995E+03
  2.7877E+03
  2.7759E+03
  2.7640E+03
  2.7523E+03
  2.7297E+03
  2.7164E+03
  2.7134E+03
  2.6885E+03
  2.6636E+03
  2.6512E+03
  2.6139E+03
  2.5765E+03
  2.5580E+03
  2.5392E+03
  2.5129E+03
  2.4864E+03
  2.4733E+03
  2.4471E+03
  2.4207E+03
  2.3944E+03
  2.3550E+03
  2.3286E+03
  2.3023E+03
  2.2892E+03
  2.2628E+03
  2.2366E+03
  2.1971E+03
  2.1577E+03
  2.1181E+03
  2.0655E+03
  2.0393E+03
  1.9892E+03
  1.9322E+03
  1.8977E+03
  1.8424E+03
  1.8008E+03
  1.7592E+03
  1.7031E+03
  1.6621E+03
  1.6220E+03
  1.5928E+03
  1.5636E+03
  1.5490E+03
  1.5345E+03
  1.5198E+03
  1.5051E+03
  1.4805E+03
  1.4602E+03
  1.4190E+03
  1.3728E+03
  1.3574E+03
  1.3266E+03
  1.2957E+03
  1.2802E+03
  1.2648E+03
  1.2495E+03
  1.2340E+03
  1.2185E+03
  1.2186E+03
  1.2185E+03
  1.2031E+03
  1.2031E+03
  1.2031E+03
  1.2032E+03
  1.2031E+03
  1.2031E+03
  1.1877E+03
  1.1723E+03
  1.1723E+03
  1.1723E+03
  1.1568E+03
  1.1414E+03
  1.1414E+03
  1.1260E+03
  1.1415E+03
  1.1568E+03
  1.1414E+03
  1.1260E+03
  1.1106E+03
  1.1107E+03
  1.1260E+03
  1.1414E+03
  1.1568E+03
  1.1723E+03
  1.1877E+03
  1.2031E+03
  1.2031E+03
  1.2185E+03
  1.2340E+03
  1.2186E+03
  1.2031E+03
  1.1877E+03
  1.1723E+03
  1.1568E+03
  1.1568E+03
  1.1878E+03
  1.2032E+03
  1.2031E+03
  1.2031E+03
  1.2031E+03
  1.2031E+03
  1.2031E+03
  1.2186E+03
  1.2185E+03
  1.2031E+03
  1.2185E+03
  1.2185E+03
  1.1877E+03
  1.1528E+03
  1.1392E+03
  1.1312E+03
  1.1018E+03
  1.0723E+03
  1.0577E+03
  1.0284E+03
  1.0136E+03
  1.0283E+03
  1.0136E+03
  1.0136E+03
  1.0136E+03
  9.9897E+02
  9.9891E+02
  9.9897E+02
  1.0136E+03
  1.0429E+03
  1.0430E+03
  1.0284E+03
  1.0136E+03
  9.9897E+02
  9.8419E+02
  9.8425E+02
  9.9903E+02
  9.9891E+02
  9.9888E+02
  9.9891E+02
  1.0137E+03
  1.0283E+03
  1.0283E+03
  1.0283E+03
  1.0283E+03
  1.0283E+03
  1.0283E+03
  1.0283E+03
  1.0283E+03
  9.9894E+02
  9.6953E+02
  9.5484E+02
  9.4025E+02
  9.2547E+02
  8.9612E+02
  8.6669E+02
  8.6669E+02
  8.6675E+02
  8.3731E+02
  8.3734E+02
  8.4584E+02
  8.3950E+02
  8.2544E+02
  7.9741E+02
  7.8353E+02
  7.9747E+02
  8.1144E+02
  8.1150E+02
  7.9744E+02
  7.8350E+02
  7.6953E+02
  7.4147E+02
  7.1350E+02
  6.8556E+02
  6.5756E+02
  6.2959E+02
  6.0156E+02
  5.8762E+02
  5.8759E+02
  5.7359E+02
  5.6919E+02
  5.5641E+02
  5.3303E+02
  5.1956E+02
  5.1969E+02
  5.3303E+02
  5.4638E+02
  5.5956E+02
  5.7294E+02
  6.1294E+02
  6.3950E+02
  6.5297E+02
  6.7953E+02
  6.9288E+02
  6.9297E+02
  6.9281E+02
  6.9288E+02
  6.7962E+02
  6.6612E+02
  6.6625E+02
  6.5291E+02
  6.2631E+02
  6.2619E+02
  6.3703E+02
  6.3450E+02
  6.2184E+02
  5.9644E+02
  5.5838E+02
  5.2031E+02
  4.9488E+02
  4.6950E+02
  4.3144E+02
  3.9338E+02
  3.5534E+02
  2.9191E+02
  2.2847E+02
  1.7769E+02
  1.1419E+02
  5.0719E+01
 -1.2719E+01
 -6.3438E+01
 -8.8844E+01
 -1.3962E+02
 -2.0303E+02
 -2.4106E+02
 -2.6650E+02
 -2.9191E+02
 -3.0456E+02
 -3.2997E+02
 -3.4266E+02
 -3.5531E+02
 -3.6797E+02
 -3.6800E+02
 -4.0272E+02
 -4.1809E+02
 -4.2309E+02
 -4.5919E+02
 -4.8344E+02
 -4.9553E+02
 -5.3175E+02
 -5.6803E+02
 -6.0428E+02
 -6.4062E+02
 -6.8881E+02
 -7.6134E+02
 -8.2191E+02
 -8.7072E+02
 -9.1975E+02
 -9.6684E+02
 -1.0014E+03
 -1.0359E+03
 -1.0820E+03
 -1.1280E+03
 -1.1740E+03
 -1.2086E+03
 -1.2316E+03
 -1.2546E+03
 -1.2776E+03
 -1.3122E+03
 -1.3352E+03
 -1.3582E+03
 -1.3928E+03
 -1.3927E+03
 -1.3927E+03
 -1.4042E+03
 -1.3927E+03
 -1.3812E+03
 -1.3812E+03
 -1.3697E+03
 -1.3697E+03
 -1.3813E+03
 -1.3976E+03
 -1.4138E+03
 -1.4260E+03
 -1.4382E+03
 -1.4504E+03
 -1.4747E+03
 -1.4748E+03
 -1.4626E+03
 -1.4503E+03
 -1.4260E+03
 -1.4139E+03
 -1.3915E+03
 -1.3693E+03
 -1.3581E+03
 -1.3464E+03
 -1.3348E+03
 -1.3233E+03
 -1.3233E+03
 -1.3001E+03
 -1.2768E+03
 -1.2652E+03
 -1.2444E+03
 -1.2257E+03
 -1.2050E+03
 -1.1828E+03
 -1.1608E+03
 -1.1497E+03
 -1.1387E+03
 -1.1386E+03
 -1.1276E+03
 -1.1055E+03
 -1.0866E+03
 -1.0603E+03
 -1.0529E+03
 -1.0422E+03
 -1.0213E+03
 -1.0213E+03
 -1.0423E+03
 -1.0423E+03
 -1.0318E+03
 -1.0423E+03
 -1.0451E+03
 -1.0400E+03
 -1.0428E+03
 -1.0428E+03
 -1.0328E+03
 -1.0228E+03
 -1.0228E+03
 -1.0127E+03
 -1.0027E+03
 -1.0028E+03
 -1.0027E+03
 -1.0027E+03
 -1.0127E+03
 -1.0228E+03
 -1.0228E+03
 -1.0228E+03
 -1.0228E+03
 -1.0228E+03
 -1.0328E+03
 -1.0428E+03
 -1.0428E+03
 -1.0528E+03
 -1.0629E+03
 -1.0729E+03
 -1.0729E+03
 -1.0829E+03
 -1.1130E+03
 -1.1230E+03
 -1.1431E+03
 -1.1631E+03
 -1.1832E+03
 -1.2032E+03
 -1.2130E+03
 -1.2251E+03
 -1.2276E+03
 -1.2382E+03
 -1.2488E+03
 -1.2594E+03
 -1.2700E+03
 -1.2700E+03
 -1.2700E+03
 -1.2700E+03
 -1.2594E+03
 -1.2382E+03
 -1.2276E+03
 -1.2170E+03
 -1.2065E+03
 -1.1959E+03
 -1.1747E+03
 -1.1641E+03
 -1.1641E+03
 -1.1430E+03
 -1.1218E+03
 -1.1218E+03
 -1.1112E+03
 -1.1006E+03
 -1.1112E+03
 -1.1112E+03
 -1.1006E+03
 -1.1006E+03
 -1.0900E+03
 -1.0795E+03
 -1.0795E+03
 -1.0689E+03
 -1.0478E+03
 -1.0371E+03
 -1.0265E+03
 -1.0054E+03
 -9.9483E+02
 -9.8423E+02
 -9.6305E+02
 -9.5248E+02
 -9.5247E+02
 -9.3736E+02
 -9.2464E+02
 -9.1717E+02
 -8.9705E+02
 -8.8695E+02
 -8.7691E+02
 -8.5673E+02
 -8.3655E+02
 -8.1641E+02
 -8.0634E+02
 -7.9241E+02
 -7.7327E+02
 -7.5831E+02
 -7.3914E+02
 -7.2955E+02
 -7.3912E+02
 -7.2953E+02
 -7.1995E+02
 -7.1992E+02
 -7.1995E+02
 -7.1995E+02
 -7.0073E+02
 -6.9112E+02
 -6.8153E+02
 -6.7192E+02
 -6.6234E+02
 -6.5275E+02
 -6.5273E+02
 -6.5273E+02
 -6.6236E+02
 -6.7192E+02
 -6.8155E+02
 -7.0073E+02
 -7.1033E+02
 -7.0073E+02
 -7.0075E+02
 -7.0073E+02
 -7.0073E+02
 -7.1031E+02
 -7.1034E+02
 -7.1036E+02
 -7.1992E+02
 -7.1992E+02
 -7.0073E+02
 -6.9112E+02
 -6.9116E+02
 -6.7197E+02
 -6.5273E+02
 -6.4314E+02
 -6.3356E+02
 -6.4312E+02
 -6.5275E+02
 -6.5277E+02
 -6.4314E+02
 -6.4314E+02
 -6.4314E+02
 -6.2391E+02
 -6.0692E+02
 -5.9233E+02
 -5.8509E+02
 -5.7594E+02
 -5.5767E+02
 -5.3939E+02
 -5.2108E+02
 -5.0280E+02
 -4.9369E+02
 -4.8453E+02
 -4.6623E+02
 -4.4797E+02
 -4.4797E+02
 -4.4795E+02
 -4.3881E+02
 -4.3883E+02
 -4.3883E+02
 -4.3881E+02
 -4.4797E+02
 -4.5711E+02
 -4.5708E+02
 -4.5711E+02
 -4.6623E+02
 -4.7541E+02
 -4.7541E+02
 -4.8453E+02
 -4.8452E+02
 -4.7539E+02
 -4.8452E+02
 -4.8452E+02
 -4.7478E+02
 -4.7806E+02
 -4.8189E+02
 -4.7223E+02
 -4.6262E+02
 -4.5297E+02
 -4.5297E+02
 -4.5297E+02
 -4.3372E+02
 -4.2405E+02
 -4.0478E+02
 -3.7588E+02
 -3.4697E+02
 -3.2767E+02
 -3.0841E+02
 -2.7950E+02
 -2.6852E+02
 -2.5319E+02
 -2.2948E+02
 -2.2030E+02
 -2.2028E+02
 -2.0194E+02
 -1.7439E+02
 -1.5605E+02
 -1.3769E+02
 -1.1933E+02
 -1.0095E+02
 -9.1781E+01
 -9.1781E+01
 -8.2625E+01
 -7.3438E+01
 -7.3438E+01
 -6.4250E+01
 -5.5078E+01
 -5.5078E+01
 -4.5891E+01
 -2.7531E+01
  0.0000E+00
  1.8375E+01
  1.8328E+01
  3.6719E+01
  4.5906E+01
  4.5906E+01
  5.5062E+01
  4.5906E+01
  3.6719E+01
  2.7547E+01
  1.8344E+01
  9.1719E+00
 -9.1719E+00
 -2.7531E+01
 -4.5906E+01
 -6.4250E+01
 -7.3422E+01
 -9.1781E+01
 -1.0098E+02
 -1.0097E+02
 -1.1933E+02
 -1.2847E+02
 -1.2850E+02
 -1.3509E+02
 -1.4955E+02
 -1.5736E+02
 -1.6609E+02
 -1.6609E+02
 -1.5734E+02
 -1.4861E+02
 -1.4861E+02
 -1.3986E+02
 -1.3111E+02
 -1.2239E+02
 -1.1366E+02
 -1.1366E+02
 -9.6156E+01
 -8.7422E+01
 -7.8672E+01
 -6.9938E+01
 -6.9938E+01
 -6.1172E+01
 -5.2453E+01
 -4.3719E+01
 -3.4984E+01
 -3.4953E+01
 -2.6234E+01
 -1.7484E+01
 -2.6219E+01
 -3.4969E+01
 -3.4953E+01
 -4.3703E+01
 -6.1203E+01
 -6.1188E+01
 -6.9938E+01
 -8.7422E+01
 -8.7406E+01
 -8.7422E+01
 -8.7422E+01
 -8.7422E+01
 -9.6172E+01
 -8.7406E+01
 -6.9922E+01
 -6.9938E+01
 -6.1188E+01
 -5.2453E+01
 -4.3719E+01
 -3.4969E+01
 -3.4953E+01
 -2.6219E+01
 -8.7500E+00
 -8.7500E+00
 -8.7500E+00
  0.0000E+00
  0.0000E+00
 -8.7500E+00
 -1.7484E+01
 -1.7469E+01
 -1.7484E+01
 -8.7500E+00
 -8.7344E+00
 -1.7469E+01
 -8.7344E+00
 -8.7500E+00
 -2.6234E+01
 -3.4969E+01
 -4.3703E+01
 -5.2453E+01
 -5.2453E+01
 -5.2438E+01
 -5.2453E+01
 -5.2469E+01
 -4.3703E+01
 -4.3688E+01
 -5.2469E+01
 -5.2469E+01
 -6.1172E+01
 -7.8672E+01
 -9.6156E+01
 -9.6156E+01
 -1.0489E+02
 -1.1364E+02
 -1.2239E+02
 -1.3988E+02
 -1.5736E+02
 -1.7483E+02
 -1.9231E+02
 -2.1855E+02
 -2.3602E+02
 -2.5352E+02
 -2.7102E+02
 -2.8848E+02
 -3.1470E+02
 -3.3217E+02
 -3.4091E+02
 -3.4966E+02
 -3.6716E+02
 -3.7589E+02
 -3.8464E+02
 -3.9339E+02
 -4.0211E+02
 -4.2833E+02
 -4.4584E+02
 -4.6331E+02
 -4.8955E+02
 -5.0703E+02
 -5.2448E+02
 -5.4198E+02
 -5.5075E+02
 -5.5947E+02
 -5.7695E+02
 -5.9445E+02
 -5.9444E+02
 -6.0319E+02
 -6.1192E+02
 -6.2066E+02
 -6.2941E+02
 -6.3814E+02
 -6.4686E+02
 -6.4689E+02
 -6.5564E+02
 -6.7311E+02
 -6.7312E+02
 -6.8186E+02
 -6.9933E+02
 -6.9934E+02
 -6.9061E+02
 -6.9059E+02
 -6.9059E+02
 -6.7312E+02
 -6.6438E+02
 -6.6437E+02
 -6.5563E+02
 -6.3816E+02
 -6.2941E+02
 -6.2066E+02
 -6.0317E+02
 -5.8570E+02
 -5.5948E+02
 -5.4200E+02
 -5.3321E+02
 -5.0699E+02
 -4.8080E+02
 -4.6331E+02
 -4.4584E+02
 -4.2789E+02
 -4.0066E+02
 -3.7465E+02
 -3.5801E+02
 -3.4134E+02
 -3.1637E+02
 -2.9138E+02
 -2.7474E+02
 -2.5809E+02
 -2.4145E+02
 -2.2478E+02
 -2.0813E+02
 -1.9148E+02
 -1.8316E+02
 -1.7484E+02
 -1.5818E+02
 -1.4155E+02
 -1.2489E+02
 -1.0823E+02
 -9.9898E+01
 -1.0822E+02
 -1.0823E+02
 -1.0824E+02
 -1.0822E+02
 -1.1655E+02
 -1.2489E+02
 -1.1655E+02
 -1.0822E+02
 -9.1578E+01
 -8.3258E+01
 -7.4938E+01
 -4.9953E+01
 -2.4977E+01
  0.0000E+00
  2.4992E+01
  4.1617E+01
  6.6602E+01
  9.1578E+01
  9.9898E+01
  1.0822E+02
  1.2488E+02
  1.3321E+02
  1.3322E+02
  1.3320E+02
  1.3321E+02
  1.2488E+02
  1.2488E+02
  1.2489E+02
  1.1657E+02
  1.2488E+02
  1.3320E+02
  1.4153E+02
  1.4985E+02
  1.4986E+02
  1.5819E+02
  1.6652E+02
  1.6651E+02
  1.6650E+02
  1.5819E+02
  1.4987E+02
  1.4152E+02
  1.3545E+02
  1.3030E+02
  1.2314E+02
  1.1435E+02
  1.0556E+02
  1.0555E+02
  1.1434E+02
  1.2314E+02
  1.3195E+02
  1.4073E+02
  1.4953E+02
  1.4953E+02
  1.4073E+02
  1.4073E+02
  1.3193E+02
  1.1434E+02
  1.0555E+02
  1.0556E+02
  9.6742E+01
  8.7969E+01
  7.9172E+01
  6.1586E+01
  5.2766E+01
  4.3969E+01
  3.5180E+01
  3.5195E+01
  2.6383E+01
  8.9922E+00
 -1.5625E-02
 -8.3750E+00
 -1.6727E+01
 -1.6781E+01
 -2.5148E+01
 -4.1883E+01
 -5.0258E+01
 -5.0258E+01
 -6.7016E+01
 -8.2016E+01
 -9.5891E+01
 -1.1170E+02
 -1.2765E+02
 -1.5159E+02
 -1.6754E+02
 -1.8774E+02
 -2.0898E+02
 -2.2677E+02
 -2.4360E+02
 -2.6037E+02
 -2.7718E+02
 -2.9398E+02
 -3.0238E+02
 -2.9399E+02
 -2.9398E+02
 -2.8558E+02
 -2.7719E+02
 -2.7719E+02
 -2.6038E+02
 -2.5198E+02
 -2.5199E+02
 -2.4359E+02
 -2.2679E+02
 -2.0998E+02
 -2.0158E+02
 -2.0159E+02
 -2.0159E+02
 -1.9319E+02
 -1.9319E+02
 -2.0159E+02
 -1.9319E+02
 -1.9317E+02
 -1.9320E+02
 -1.8298E+02
 -1.7860E+02
 -1.7598E+02
 -1.6798E+02
 -1.5199E+02
 -1.4399E+02
 -1.3599E+02
 -1.2800E+02
 -1.2798E+02
 -1.2798E+02
 -1.2000E+02
 -1.1199E+02
 -1.1198E+02
 -1.0400E+02
 -9.5992E+01
 -8.0000E+01
 -7.1992E+01
 -7.1992E+01
 -5.5906E+01
 -5.4203E+01
 -5.3328E+01
 -3.8094E+01
 -3.8094E+01
 -3.0477E+01
 -2.2852E+01
 -1.5227E+01
  0.0000E+00
  0.0000E+00
  7.6094E+00
  2.2852E+01
  2.2859E+01
  2.2852E+01
  1.5242E+01
  7.8125E-03
 -7.8125E-03
 -1.5242E+01
 -3.0484E+01
 -3.8102E+01
 -5.3328E+01
 -6.0953E+01
 -7.6195E+01
 -9.9031E+01
 -1.1427E+02
 -1.2951E+02
 -1.4475E+02
 -1.5999E+02
 -1.8284E+02
 -2.0571E+02
 -2.1332E+02
 -2.2855E+02
 -2.4380E+02
 -2.5905E+02
 -2.7426E+02
 -2.8188E+02
 -2.9713E+02
 -3.0475E+02
 -3.0474E+02
 -3.1237E+02
 -3.2759E+02
 -3.2759E+02
 -3.1997E+02
 -3.1998E+02
 -3.1238E+02
 -2.8949E+02
 -2.5902E+02
 -2.4380E+02
 -2.2095E+02
 -1.9046E+02
 -1.6762E+02
 -1.3713E+02
 -1.1427E+02
 -8.3805E+01
 -5.3328E+01
 -2.2859E+01
  7.6172E+00
  3.0477E+01
  5.3328E+01
  6.0953E+01
  6.8578E+01
  7.6172E+01
  7.6172E+01
  8.3805E+01
  9.1438E+01
  9.9047E+01
  1.0666E+02
  9.9039E+01
  9.1422E+01
  9.1414E+01
  8.3805E+01
  7.6195E+01
  6.0953E+01
  3.8086E+01
  2.2859E+01
  1.5242E+01
  0.0000E+00
 -1.5242E+01
 -2.2859E+01
 -3.0469E+01
 -3.0484E+01
 -3.0469E+01
 -3.0469E+01
 -2.2852E+01
 -1.5234E+01
 -1.5242E+01
 -1.5242E+01
 -1.5242E+01
 -1.5234E+01
 -1.5234E+01
 -2.2859E+01
 -2.2859E+01
 -1.5242E+01
 -7.6094E+00
  0.0000E+00
  7.6094E+00
  2.2852E+01
  3.8094E+01
  5.3336E+01
  6.8562E+01
  9.1414E+01
  1.0666E+02
  1.2191E+02
  1.3714E+02
  1.4474E+02
  1.5238E+02
  1.5479E+02
  1.6688E+02
  1.6844E+02
  1.6845E+02
  1.7648E+02
  1.8451E+02
  1.9252E+02
  1.9253E+02
  1.9250E+02
  1.9253E+02
  2.0053E+02
  2.0055E+02
  1.9251E+02
  1.9251E+02
  1.9253E+02
  1.9252E+02
  1.9065E+02
  1.7855E+02
  1.6808E+02
  1.6043E+02
  1.4516E+02
  1.2988E+02
  1.1459E+02
  9.9320E+01
  8.4039E+01
  6.8758E+01
  4.5844E+01
  2.2922E+01
  7.6328E+00
 -7.6328E+00
 -2.2922E+01
 -3.0570E+01
 -3.8203E+01
 -4.6203E+01
 -4.7398E+01
 -5.6312E+01
 -7.2383E+01
 -8.0406E+01
 -8.8477E+01
 -1.0455E+02
 -1.2066E+02
 -1.3673E+02
 -1.4475E+02
 -1.5282E+02
 -1.6890E+02
 -1.7693E+02
 -1.8498E+02
 -1.9302E+02
 -2.0909E+02
 -2.2520E+02
 -2.2520E+02
 -2.3323E+02
 -2.4934E+02
 -2.5736E+02
 -2.6538E+02
 -2.7346E+02
 -2.8150E+02
 -2.8952E+02
 -2.9758E+02
 -2.9758E+02
 -2.8952E+02
 -2.8148E+02
 -2.8150E+02
 -2.8148E+02
 -2.6541E+02
 -2.6539E+02
 -2.6540E+02
 -2.6541E+02
 -2.6540E+02
 -2.6541E+02
 -2.7345E+02
 -2.8149E+02
 -2.8148E+02
 -2.7346E+02
 -2.7344E+02
 -2.8148E+02
 -2.8149E+02
 -2.7344E+02
 -2.6541E+02
 -2.6541E+02
 -2.8148E+02
 -2.8953E+02
 -2.9758E+02
 -3.1364E+02
 -3.2170E+02
 -3.2976E+02
 -3.4581E+02
 -3.5388E+02
 -3.5389E+02
 -3.6189E+02
 -3.7800E+02
 -3.8602E+02
 -3.9409E+02
 -3.9410E+02
 -3.9410E+02
 -4.1016E+02
 -4.1017E+02
 -4.1822E+02
 -4.2623E+02
 -4.2625E+02
 -4.3428E+02
 -4.2625E+02
 -4.1822E+02
 -4.1016E+02
 -3.9409E+02
 -3.7802E+02
 -3.6191E+02
 -3.5388E+02
 -3.3780E+02
 -3.2169E+02
 -3.0562E+02
 -2.8953E+02
 -2.7343E+02
 -2.4932E+02
 -2.3324E+02
 -2.0909E+02
 -1.8498E+02
 -1.6889E+02
 -1.6086E+02
 -1.3673E+02
 -1.0455E+02
 -8.0414E+01
 -5.6305E+01
 -3.2172E+01
 -8.0391E+00
  1.6086E+01
  4.8258E+01
  6.4328E+01
  8.0430E+01
  1.0456E+02
  1.2062E+02
  1.3673E+02
  1.5281E+02
  1.5280E+02
  1.4840E+02
  1.5223E+02
  1.6112E+02
  1.6109E+02
  1.4416E+02
  1.3569E+02
  1.4416E+02
  1.4413E+02
  1.3570E+02
  1.2721E+02
  1.1873E+02
  1.1023E+02
  1.0173E+02
  9.2367E+01
  8.1758E+01
  8.0766E+01
  7.2688E+01
  7.2688E+01
  7.2680E+01
  7.2695E+01
  8.0758E+01
  7.2688E+01
  7.2680E+01
  6.4602E+01
  5.6523E+01
  6.4617E+01
  5.6531E+01
  4.0383E+01
  3.2305E+01
  2.4211E+01
  8.0859E+00
 -8.0781E+00
 -3.2305E+01
 -4.8453E+01
 -6.4609E+01
 -8.8852E+01
 -1.0498E+02
 -1.2114E+02
 -1.2922E+02
 -1.3729E+02
 -1.4537E+02
 -1.3730E+02
 -1.3729E+02
 -1.4537E+02
 -1.3729E+02
 -1.2922E+02
 -1.2116E+02
 -1.1307E+02
 -1.1307E+02
 -1.0499E+02
 -9.6914E+01
 -9.6914E+01
 -9.6922E+01
 -8.8828E+01
 -7.9414E+01
 -7.7469E+01
 -8.4609E+01
 -9.2305E+01
 -8.4609E+01
 -8.4602E+01
 -9.2297E+01
 -8.4602E+01
 -7.6914E+01
 -6.9234E+01
 -6.1539E+01
 -5.3836E+01
 -3.8453E+01
 -2.3070E+01
 -1.5391E+01
 -7.8672E+00
  7.3125E+00
  1.4656E+01
  2.9305E+01
  5.1273E+01
  6.5930E+01
  7.3250E+01
  8.7906E+01
  1.0255E+02
  1.0988E+02
  1.2452E+02
  1.3186E+02
  1.3918E+02
  1.4651E+02
  1.5384E+02
  1.5384E+02
  1.4651E+02
  1.3918E+02
  1.3186E+02
  1.3185E+02
  1.3186E+02
  1.3185E+02
  1.3186E+02
  1.2573E+02
  1.2178E+02
  1.2377E+02
  1.1601E+02
  1.1602E+02
  1.1601E+02
  1.0828E+02
  1.0829E+02
  1.0055E+02
  8.5078E+01
  6.9609E+01
  6.1867E+01
  4.6430E+01
  3.0938E+01
  1.5469E+01
  0.0000E+00
  0.0000E+00
 -7.7344E+00
 -1.5469E+01
 -1.5477E+01
 -1.5469E+01
 -7.7500E+00
 -7.7266E+00
 -7.7344E+00
  7.7344E+00
  7.7422E+00
  7.7344E+00
  1.5469E+01
  1.5477E+01
  1.5461E+01
  1.5477E+01
  1.5453E+01
  1.5477E+01
  1.5477E+01
  3.0930E+01
  4.6414E+01
  5.4141E+01
  6.9609E+01
  7.7359E+01
  8.5078E+01
  9.2828E+01
  1.0054E+02
  1.0055E+02
  1.0055E+02
  1.0055E+02
  8.5094E+01
  7.7344E+01
  7.7344E+01
  6.9609E+01
  6.9602E+01
  6.9617E+01
  5.4141E+01
  5.4141E+01
  5.4156E+01
  4.6391E+01
  4.6414E+01
  4.6398E+01
  4.6406E+01
  4.6422E+01
  5.4141E+01
  5.4133E+01
  5.4148E+01
  6.1875E+01
  6.9609E+01
  7.7336E+01
  8.5078E+01
  1.0055E+02
  1.0828E+02
  1.0830E+02
  1.1602E+02
  1.2375E+02
  1.1603E+02
  1.1602E+02
  1.1603E+02
  1.1601E+02
  1.1601E+02
  1.0830E+02
  1.1602E+02
  1.1602E+02
  1.0056E+02
  1.0055E+02
  9.2828E+01
  8.5070E+01
  8.5086E+01
  6.9609E+01
  6.1859E+01
  5.4156E+01
  3.8672E+01
  2.3195E+01
  7.7500E+00
 -7.8125E-03
 -7.7344E+00
 -1.5484E+01
 -2.3195E+01
 -3.8672E+01
 -4.6398E+01
 -6.1891E+01
 -6.9602E+01
 -7.7352E+01
 -8.5070E+01
 -8.5094E+01
 -1.0055E+02
 -1.0828E+02
 -1.1602E+02
 -1.3148E+02
 -1.3922E+02
 -1.5470E+02
 -1.6241E+02
 -1.6245E+02
 -1.7015E+02
 -1.7791E+02
 -1.7016E+02
 -1.5469E+02
 -1.4697E+02
 -1.3148E+02
 -1.1602E+02
 -1.0055E+02
 -7.7336E+01
 -4.6414E+01
 -1.5461E+01
  7.7266E+00
  3.8672E+01
  6.9617E+01
  9.2812E+01
  1.1603E+02
  1.2374E+02
  1.3148E+02
  1.3923E+02
  1.4695E+02
  1.5470E+02
  1.6242E+02
  1.7016E+02
  1.7790E+02
  1.7788E+02
  1.7016E+02
  1.7017E+02
  1.7016E+02
  1.6661E+02
  1.7141E+02
  1.7139E+02
  1.7140E+02
  1.8773E+02
  1.8772E+02
  1.7141E+02
  1.7141E+02
  1.7957E+02
  1.7139E+02
  1.7141E+02
  1.7140E+02
  1.7140E+02
  1.7957E+02
  1.7956E+02
  1.7958E+02
  1.7138E+02
  1.7141E+02
  1.7141E+02
  1.6325E+02
  1.5508E+02
  1.3875E+02
  1.3877E+02
  1.3874E+02
  1.3060E+02
  1.3059E+02
  1.3059E+02
  1.3057E+02
  1.3877E+02
  1.4691E+02
  1.3875E+02
  1.3877E+02
  1.4690E+02
  1.4692E+02
  1.4692E+02
  1.4693E+02
  1.4691E+02
  1.5507E+02
  1.6325E+02
  1.7138E+02
  1.7141E+02
  1.7141E+02
  1.7140E+02
  1.6323E+02
  1.6327E+02
  1.5508E+02
  1.4691E+02
  1.4691E+02
  1.3875E+02
  1.2245E+02
  1.1427E+02
  1.1427E+02
  1.0610E+02
  9.7945E+01
  8.1617E+01
  6.5289E+01
  5.7141E+01
  4.0805E+01
  2.4492E+01
  8.1562E+00
 -8.1562E+00
 -1.6336E+01
 -3.2648E+01
 -4.0805E+01
 -4.8961E+01
 -6.5289E+01
 -6.5305E+01
 -7.3453E+01
 -8.1617E+01
 -8.9773E+01
 -9.7961E+01
 -1.0610E+02
 -1.1427E+02
 -1.2242E+02
 -1.3058E+02
 -1.3061E+02
 -1.3875E+02
 -1.4693E+02
 -1.5508E+02
 -1.5863E+02
 -1.6332E+02
 -1.7234E+02
 -1.8095E+02
 -1.9818E+02
 -2.0678E+02
 -2.1542E+02
 -2.4127E+02
 -2.5848E+02
 -2.5848E+02
 -2.6709E+02
 -2.7574E+02
 -2.7576E+02
 -2.7571E+02
 -2.7571E+02
 -2.6712E+02
 -2.6713E+02
 -2.6711E+02
 -2.5848E+02
 -2.5849E+02
 -2.4990E+02
 -2.4124E+02
 -2.4126E+02
 -2.3265E+02
 -2.1544E+02
 -2.0679E+02
 -1.8954E+02
 -1.8094E+02
 -1.7236E+02
 -1.5510E+02
 -1.5509E+02
 -1.4649E+02
 -1.2924E+02
 -1.1201E+02
 -8.6156E+01
 -6.8953E+01
 -6.0312E+01
 -3.4461E+01
  1.5625E-02
  1.7227E+01
  3.4461E+01
  6.8930E+01
  8.6180E+01
  8.6156E+01
  1.0339E+02
  1.1202E+02
  1.0341E+02
  1.0339E+02
  1.0339E+02
  9.4773E+01
  9.4797E+01
  1.0339E+02
  1.1202E+02
  1.2064E+02
  1.2926E+02
  1.4648E+02
  1.6028E+02
  1.7308E+02
  1.9696E+02
  2.1338E+02
  2.2158E+02
  2.4618E+02
  2.6259E+02
  2.7078E+02
  2.7899E+02
  2.9544E+02
  3.1185E+02
  3.1184E+02
  3.2825E+02
  3.3647E+02
  3.4468E+02
  3.6102E+02
  3.6927E+02
  3.7634E+02
  3.8297E+02
  3.8298E+02
  3.8297E+02
  3.8298E+02
  3.7512E+02
  3.8293E+02
  3.9079E+02
  3.9079E+02
  3.9074E+02
  3.9861E+02
  3.9861E+02
  3.9075E+02
  3.8292E+02
  3.6734E+02
  3.5953E+02
  3.5004E+02
  3.3412E+02
  3.1262E+02
  2.9029E+02
  2.6796E+02
  2.3818E+02
  2.0841E+02
  1.7864E+02
  1.5631E+02
  1.3398E+02
  1.1165E+02
  8.9328E+01
  6.6977E+01
  4.4656E+01
  2.2328E+01
  7.4375E+00
 -7.4375E+00
 -2.2742E+01
 -3.9000E+01
 -5.5117E+01
 -7.8781E+01
 -8.6625E+01
 -9.4523E+01
 -1.1025E+02
 -1.1814E+02
 -1.3388E+02
 -1.4966E+02
 -1.5752E+02
 -1.7328E+02
 -1.8901E+02
 -1.9691E+02
 -2.1264E+02
 -2.2841E+02
 -2.3627E+02
 -2.3629E+02
 -2.4414E+02
 -2.4416E+02
 -2.4414E+02
 -2.5991E+02
 -2.6777E+02
 -2.8040E+02
 -3.0426E+02
 -3.2392E+02
 -3.4052E+02
 -3.5713E+02
 -3.9036E+02
 -4.1527E+02
 -4.3190E+02
 -4.6512E+02
 -4.8172E+02
 -4.9074E+02
 -5.1227E+02
 -5.1621E+02
 -5.1620E+02
 -5.2493E+02
 -5.2490E+02
 -5.1615E+02
 -5.0745E+02
 -4.9869E+02
 -4.8120E+02
 -4.6370E+02
 -4.3745E+02
 -4.1991E+02
 -4.0241E+02
 -3.7622E+02
 -3.5871E+02
 -3.3247E+02
 -3.1497E+02
 -2.9747E+02
 -2.7994E+02
 -2.7120E+02
 -2.5373E+02
 -2.3622E+02
 -2.2748E+02
 -2.1873E+02
 -2.0123E+02
 -1.9248E+02
 -1.8372E+02
 -1.7091E+02
 -1.5833E+02
 -1.4164E+02
 -1.3331E+02
 -1.2498E+02
 -1.0832E+02
 -9.1648E+01
 -8.3328E+01
 -7.4992E+01
 -5.8328E+01
 -4.9992E+01
 -4.1656E+01
 -2.5000E+01
  0.0000E+00
  1.6664E+01
  2.4992E+01
  4.9992E+01
  6.6656E+01
  7.4992E+01
  9.1648E+01
  1.1380E+02
  1.2759E+02
  1.3491E+02
  1.5870E+02
  1.8252E+02
  1.9044E+02
  2.0631E+02
  2.2220E+02
  2.3806E+02
  2.5394E+02
  2.7156E+02
  2.8859E+02
  3.0232E+02
  3.1741E+02
  3.1741E+02
  3.3252E+02
  3.4764E+02
  3.6280E+02
  3.9301E+02
  4.1564E+02
  4.3832E+02
  4.6099E+02
  4.7616E+02
  4.8371E+02
  4.9122E+02
  4.9878E+02
  5.0634E+02
  5.0634E+02
  5.0640E+02
  4.9883E+02
  4.8366E+02
  4.7612E+02
  4.5344E+02
  4.3402E+02
  4.2198E+02
  4.0605E+02
  3.9013E+02
  3.6621E+02
  3.5030E+02
  3.3439E+02
  3.0252E+02
  2.7865E+02
  2.6274E+02
  2.3884E+02
  2.0699E+02
  1.9108E+02
  1.7516E+02
  1.5127E+02
  1.4328E+02
  1.4330E+02
  1.3535E+02
  1.2740E+02
  1.2739E+02
  1.2738E+02
  1.2738E+02
  1.1942E+02
  1.1147E+02
  1.0349E+02
  9.5531E+01
  9.3734E+01
  8.3875E+01
  6.8234E+01
  5.3086E+01
  3.7914E+01
  3.0320E+01
  2.2742E+01
  1.5164E+01
  7.5859E+00
  0.0000E+00
  0.0000E+00
  7.5781E+00
  7.5781E+00
  1.5172E+01
  3.0336E+01
  3.7914E+01
  4.5867E+01
  5.5227E+01
  7.1945E+01
  8.7945E+01
  9.5922E+01
  1.0392E+02
  1.1992E+02
  1.3591E+02
  1.5188E+02
  1.6786E+02
  1.7588E+02
  1.7589E+02
  1.8387E+02
  1.8387E+02
  1.8387E+02
  1.9988E+02
  2.0438E+02
  2.0694E+02
  2.2080E+02
  2.2841E+02
  2.3602E+02
  2.4364E+02
  2.5125E+02
  2.5886E+02
  2.6647E+02
  2.7409E+02
  2.7409E+02
  2.8170E+02
  2.9691E+02
  3.0452E+02
  3.1216E+02
  3.1977E+02
  3.2739E+02
  3.2697E+02
  3.2817E+02
  3.4509E+02
  3.5314E+02
  3.6112E+02
  3.6917E+02
  3.7720E+02
  3.9326E+02
  4.0933E+02
  4.1730E+02
  4.2534E+02
  4.4143E+02
  4.4939E+02
  4.4941E+02
  4.4945E+02
  4.4945E+02
  4.4945E+02
  4.4939E+02
  4.4943E+02
  4.4946E+02
  4.5741E+02
  4.5744E+02
  4.4945E+02
  4.5748E+02
  4.6544E+02
  4.7350E+02
  4.8958E+02
  4.9759E+02
  5.0556E+02
  5.1362E+02
  5.1365E+02
  5.1366E+02
  5.0555E+02
  4.9758E+02
  4.8958E+02
  4.7352E+02
  4.5742E+02
  4.3336E+02
  4.1734E+02
  4.0933E+02
  3.9320E+02
  3.7720E+02
  3.6116E+02
  3.4510E+02
  3.2902E+02
  3.2102E+02
  3.0498E+02
  2.8091E+02
  2.7284E+02
  2.6484E+02
  2.4880E+02
  2.3275E+02
  2.2468E+02
  2.1670E+02
  2.0868E+02
  2.0065E+02
  1.9258E+02
  1.8459E+02
  1.7657E+02
  1.8460E+02
  1.9362E+02
  1.9886E+02
  2.1988E+02
  2.3680E+02
  2.4527E+02
  2.6219E+02
  2.7061E+02
  2.8753E+02
  3.1292E+02
  3.2986E+02
  3.3828E+02
  3.5520E+02
  3.8056E+02
  3.8902E+02
  3.9748E+02
  4.0595E+02
  4.0594E+02
  4.0594E+02
  3.9750E+02
  3.8056E+02
  3.7214E+02
  3.6366E+02
  3.4675E+02
  3.3827E+02
  3.2981E+02
  3.2138E+02
  3.1291E+02
  3.1291E+02
  3.2138E+02
  3.2138E+02
  3.1977E+02
  3.2016E+02
  3.2220E+02
  3.3023E+02
  3.3024E+02
  3.2216E+02
  3.2217E+02
  3.1411E+02
  3.0608E+02
  3.0609E+02
  2.9798E+02
  2.8189E+02
  2.6578E+02
  2.5775E+02
  2.4162E+02
  2.0942E+02
  1.9331E+02
  1.7719E+02
  1.5303E+02
  1.3692E+02
  1.2084E+02
  9.6672E+01
  8.0531E+01
  6.4438E+01
  4.0266E+01
  3.2234E+01
  2.4156E+01
  1.6125E+01
  1.6094E+01
  1.6109E+01
  3.2203E+01
  4.8297E+01
  5.6406E+01
  7.2484E+01
  8.0562E+01
  8.8594E+01
  1.0472E+02
  1.1278E+02
  1.2081E+02
  1.3694E+02
  1.4495E+02
  1.4498E+02
  1.3694E+02
  1.2886E+02
  1.1277E+02
  8.8594E+01
  8.0562E+01
  6.4422E+01
  4.0281E+01
  2.4156E+01
  1.6109E+01
  8.0469E+00
 -8.0625E+00
 -2.4625E+01
 -3.3516E+01
 -4.2641E+01
 -5.1172E+01
 -5.1172E+01
 -6.8203E+01
 -8.5266E+01
 -9.3812E+01
 -1.1088E+02
 -1.2792E+02
 -1.4498E+02
 -1.6205E+02
 -1.6931E+02
 -1.7323E+02
 -1.7866E+02
 -1.7869E+02
 -1.8681E+02
 -1.9655E+02
 -2.1092E+02
 -2.2317E+02
 -2.3183E+02
 -2.4895E+02
 -2.5330E+02
 -2.5117E+02
 -2.5309E+02
 -2.6214E+02
 -2.7119E+02
 -2.8022E+02
 -2.8930E+02
 -2.8928E+02
 -3.0734E+02
 -3.2542E+02
 -3.3447E+02
 -3.5253E+02
 -3.6158E+02
 -3.7062E+02
 -3.7061E+02
 -3.7067E+02
 -3.7066E+02
 -3.7062E+02
 -3.7061E+02
 -3.5253E+02
 -3.5253E+02
 -3.5255E+02
 -3.3447E+02
 -3.3445E+02
 -3.3448E+02
 -3.3448E+02
 -3.3445E+02
 -3.1638E+02
 -3.0734E+02
 -2.8927E+02
 -2.8022E+02
 -2.7119E+02
 -2.4409E+02
 -2.3328E+02
 -2.2777E+02
 -2.1522E+02
 -2.0661E+02
 -2.0662E+02
 -2.0664E+02
 -2.1525E+02
 -2.1522E+02
 -1.9800E+02
 -1.8941E+02
 -1.8939E+02
 -1.7217E+02
 -1.5497E+02
 -1.5498E+02
 -1.5498E+02
 -1.6356E+02
 -1.6356E+02
 -1.6356E+02
 -1.8078E+02
 -1.8941E+02
 -1.9802E+02
 -2.0662E+02
 -2.1525E+02
 -2.2384E+02
 -2.3242E+02
 -2.3138E+02
 -2.2552E+02
 -2.2958E+02
 -2.2138E+02
 -2.0498E+02
 -1.9677E+02
 -1.9679E+02
 -1.8859E+02
 -1.8038E+02
 -1.8038E+02
 -1.8859E+02
 -2.0498E+02
 -2.1317E+02
 -2.1317E+02
 -2.2138E+02
 -2.3777E+02
 -2.5418E+02
 -2.7058E+02
 -2.9517E+02
 -3.1977E+02
 -3.4437E+02
 -3.7716E+02
 -4.0996E+02
 -4.3455E+02
 -4.5916E+02
 -4.7555E+02
 -4.7555E+02
 -4.8375E+02
 -4.7555E+02
 -4.6736E+02
 -4.5915E+02
 -4.4275E+02
 -4.4277E+02
 -4.2640E+02
 -4.0175E+02
 -3.9356E+02
 -3.7717E+02
 -3.6896E+02
 -3.7834E+02
 -3.6308E+02
 -3.5558E+02
 -3.4693E+02
 -3.2958E+02
 -3.1223E+02
 -2.8620E+02
 -2.6018E+02
 -2.2551E+02
 -2.0816E+02
 -1.9080E+02
 -1.7344E+02
 -1.5610E+02
 -1.3877E+02
 -1.2143E+02
 -9.5406E+01
 -8.6734E+01
 -6.9383E+01
 -6.0703E+01
 -5.2023E+01
 -3.4711E+01
 -3.4695E+01
 -1.7344E+01
  0.0000E+00
  1.7344E+01
  4.3367E+01
  5.2039E+01
  6.0719E+01
  6.9391E+01
  6.0703E+01
  5.2016E+01
  4.3367E+01
  3.4703E+01
  1.7352E+01
  0.0000E+00
 -8.2344E+00
 -2.4844E+01
 -4.1289E+01
 -6.6086E+01
 -8.2602E+01
 -9.9109E+01
 -1.1564E+02
 -1.3216E+02
 -1.4866E+02
 -1.5694E+02
 -1.6521E+02
 -1.6520E+02
 -1.6521E+02
 -1.7347E+02
 -1.7345E+02
 -1.7345E+02
 -1.8998E+02
 -1.8998E+02
 -1.8998E+02
 -2.0649E+02
 -2.0649E+02
 -2.1475E+02
 -2.2302E+02
 -2.2302E+02
 -2.3127E+02
 -2.3129E+02
 -2.3954E+02
 -2.3953E+02
 -2.3955E+02
 -2.3954E+02
 -2.3952E+02
 -2.3952E+02
 -2.2302E+02
 -2.1475E+02
 -2.1371E+02
 -2.0868E+02
 -2.0453E+02
 -2.0452E+02
 -2.0452E+02
 -2.0453E+02
 -2.0452E+02
 -2.1241E+02
 -2.2026E+02
 -2.2813E+02
 -2.4385E+02
 -2.5959E+02
 -2.7537E+02
 -2.7531E+02
 -2.7533E+02
 -2.8319E+02
 -2.8320E+02
 -2.9109E+02
 -2.9891E+02
 -2.9892E+02
 -2.9892E+02
 -3.0680E+02
 -3.0683E+02
 -2.9106E+02
 -2.9105E+02
 -2.9105E+02
 -2.7533E+02
 -2.6746E+02
 -2.5964E+02
 -2.5173E+02
 -2.4385E+02
 -2.3598E+02
 -2.2812E+02
 -2.1243E+02
 -2.0453E+02
 -1.9666E+02
 -1.8092E+02
 -1.7305E+02
 -1.6523E+02
 -1.4946E+02
 -1.4159E+02
 -1.4159E+02
 -1.3372E+02
 -1.2586E+02
 -1.1803E+02
 -1.1012E+02
 -1.1012E+02
 -1.1012E+02
 -1.1012E+02
 -1.1016E+02
 -1.1013E+02
 -1.1012E+02
 -1.1012E+02
 -1.0225E+02
 -8.6555E+01
 -8.6531E+01
 -9.4391E+01
 -8.6531E+01
 -7.8664E+01
 -7.0781E+01
 -6.2961E+01
 -5.5070E+01
 -4.7969E+01
 -3.2484E+01
 -8.2266E+00
  0.0000E+00
  1.7484E+01
  2.6219E+01
  3.4953E+01
  5.2438E+01
  6.1172E+01
  6.9930E+01
  7.8664E+01
  9.6141E+01
  1.2235E+02
  1.3984E+02
  1.4858E+02
  1.6604E+02
  1.8353E+02
  2.0102E+02
  2.1850E+02
  2.3598E+02
  2.4472E+02
  2.5345E+02
  2.7089E+02
  2.8840E+02
  2.9716E+02
  3.0590E+02
  3.2337E+02
  3.4086E+02
  3.5834E+02
  3.5833E+02
  3.5833E+02
  3.6761E+02
  3.6862E+02
  3.6865E+02
  3.5943E+02
  3.5022E+02
  3.5022E+02
  3.4100E+02
  3.3179E+02
  3.2257E+02
  3.0409E+02
  3.0412E+02
  3.0414E+02
  2.9877E+02
  3.0932E+02
  3.1595E+02
  3.2478E+02
  3.2477E+02
  3.2474E+02
  3.3355E+02
  3.3352E+02
  3.3352E+02
  3.2479E+02
  3.1906E+02
  3.1994E+02
  3.0931E+02
  2.9257E+02
  2.7587E+02
  2.5913E+02
  2.4239E+02
  2.2572E+02
  2.1733E+02
  2.1735E+02
  2.0062E+02
  1.8389E+02
  1.8391E+02
  1.7555E+02
  1.5884E+02
  1.4211E+02
  1.3374E+02
  1.1704E+02
  1.0865E+02
  1.0032E+02
  8.3594E+01
  8.3586E+01
  6.6883E+01
  5.8500E+01
  6.6891E+01
  5.8516E+01
  5.8508E+01
  6.6883E+01
  7.5227E+01
  8.3594E+01
  7.5234E+01
  5.8320E+01
  5.6547E+01
  4.7758E+01
  3.1859E+01
  3.1836E+01
  3.1852E+01
  2.3875E+01
  1.5930E+01
  7.9609E+00
  7.8125E-03
 -7.8125E-03
 -1.5922E+01
 -3.1859E+01
 -4.7758E+01
 -6.3695E+01
 -7.9609E+01
 -1.0350E+02
 -1.1235E+02
 -1.0685E+02
 -1.0911E+02
 -1.0914E+02
 -1.0073E+02
 -1.0073E+02
 -1.0073E+02
 -1.0127E+02
 -1.0414E+02
 -1.0638E+02
 -1.1524E+02
 -1.2412E+02
 -1.2410E+02
 -1.2410E+02
 -1.3299E+02
 -1.3297E+02
 -1.3297E+02
 -1.3298E+02
 -1.2412E+02
 -1.2411E+02
 -1.3296E+02
 -1.3299E+02
 -1.2410E+02
 -1.2410E+02
 -1.3299E+02
 -1.4184E+02
 -1.3296E+02
 -1.3298E+02
 -1.3298E+02
 -1.3297E+02
 -1.3298E+02
 -1.2413E+02
 -1.2410E+02
 -1.1523E+02
 -9.7516E+01
 -9.7500E+01
 -8.8266E+01
 -7.7031E+01
 -7.5984E+01
 -6.7547E+01
 -6.7547E+01
 -6.7547E+01
 -5.9094E+01
 -5.9102E+01
 -5.9102E+01
 -5.9094E+01
 -6.7547E+01
 -5.9109E+01
 -5.0664E+01
 -4.2211E+01
 -3.3766E+01
 -2.5328E+01
 -1.6891E+01
 -8.4375E+00
  0.0000E+00
  7.8125E-03
 -8.4453E+00
 -8.4375E+00
 -8.4531E+00
 -2.5328E+01
 -3.3766E+01
 -5.0664E+01
 -6.7539E+01
 -8.4430E+01
 -1.0977E+02
 -1.3509E+02
 -1.6041E+02
 -1.9418E+02
 -2.1951E+02
 -2.3639E+02
 -2.6175E+02
 -2.7863E+02
 -2.9549E+02
 -3.1238E+02
 -3.2927E+02
 -3.5460E+02
 -3.7991E+02
 -3.9680E+02
 -4.1487E+02
 -4.3534E+02
 -4.4573E+02
 -4.5464E+02
 -4.6355E+02
 -4.6355E+02
 -4.6355E+02
 -4.5464E+02
 -4.5464E+02
 -4.5468E+02
 -4.4577E+02
 -4.4573E+02
 -4.3682E+02
 -4.2684E+02
 -4.2513E+02
 -4.1602E+02
 -3.9152E+02
 -3.7638E+02
 -3.5844E+02
 -3.4054E+02
 -3.4052E+02
 -3.3157E+02
 -3.1362E+02
 -2.9573E+02
 -2.8676E+02
 -2.8677E+02
 -2.7716E+02
 -2.7023E+02
 -2.7311E+02
 -2.8163E+02
 -2.9017E+02
 -2.9017E+02
 -2.9016E+02
 -2.9870E+02
 -3.0725E+02
 -3.1577E+02
 -3.2432E+02
 -3.1577E+02
 -3.1578E+02
 -3.1580E+02
 -3.0724E+02
 -3.0725E+02
 -2.9017E+02
 -2.8162E+02
 -2.8164E+02
 -2.7311E+02
 -2.6454E+02
 -2.5296E+02
 -2.4687E+02
 -2.3572E+02
 -2.1945E+02
 -2.0319E+02
 -1.7883E+02
 -1.5445E+02
 -1.3817E+02
 -1.2191E+02
 -1.0567E+02
 -9.7547E+01
 -8.9406E+01
 -8.1266E+01
 -7.3156E+01
 -4.8781E+01
 -3.2500E+01
 -1.6242E+01
  8.1250E+00
  1.6250E+01
  3.2516E+01
  4.8781E+01
  4.8766E+01
  5.6891E+01
  7.3148E+01
  7.3141E+01
  7.3156E+01
  8.9414E+01
  8.9406E+01
  9.7547E+01
  1.0567E+02
  1.0566E+02
  1.1380E+02
  1.2192E+02
  1.2191E+02
  1.1380E+02
  1.0567E+02
  9.7531E+01
  9.7539E+01
  8.1289E+01
  6.5023E+01
  5.6891E+01
  4.0281E+01
  2.3602E+01
  7.7344E+00
  7.8125E-03
 -7.8125E-03
  0.0000E+00
  0.0000E+00
  7.8125E-03
 -7.8125E-03
  0.0000E+00
  7.7500E+00
  7.7578E+00
 -7.8125E-03
  0.0000E+00
 -7.7422E+00
 -1.5492E+01
 -2.3219E+01
 -3.0961E+01
 -3.0945E+01
 -3.0977E+01
 -3.8711E+01
 -4.6453E+01
 -4.6438E+01
 -3.8719E+01
 -3.0977E+01
 -3.0961E+01
 -3.0945E+01
 -3.0977E+01
 -2.3219E+01
 -1.5469E+01
 -1.5477E+01
 -1.5492E+01
 -7.7422E+00
  0.0000E+00
 -7.7422E+00
 -7.7578E+00
  0.0000E+00
  0.0000E+00
  7.8125E-03
 -7.7422E+00
 -7.7344E+00
  0.0000E+00
 -7.7422E+00
 -1.5484E+01
 -1.5492E+01
 -1.5461E+01
 -2.3234E+01
 -3.0969E+01
 -3.8711E+01
 -4.6430E+01
 -5.4188E+01
 -5.4180E+01
 -3.8711E+01
 -3.0961E+01
 -3.8711E+01
 -3.8711E+01
 -2.3227E+01
 -2.3219E+01
 -2.3227E+01
 -7.7344E+00
  0.0000E+00
  7.8125E-03
 -7.8125E-03
  0.0000E+00
  7.7344E+00
  7.7422E+00
  7.7500E+00
  1.5484E+01
  2.3227E+01
  2.3211E+01
  2.3219E+01
  3.0961E+01
  3.0961E+01
  4.6445E+01
  6.1930E+01
  6.1914E+01
  7.7422E+01
  8.5133E+01
  9.2891E+01
  1.0838E+02
  1.1611E+02
  1.3159E+02
  1.3935E+02
  1.4708E+02
  1.5482E+02
  1.5481E+02
  1.6258E+02
  1.7804E+02
  1.7802E+02
  1.7805E+02
  1.8580E+02
  1.9352E+02
  2.0898E+02
  2.1676E+02
  2.3224E+02
  2.4772E+02
  2.5545E+02
  2.7094E+02
  2.7095E+02
  2.7093E+02
  2.8639E+02
  2.8643E+02
  2.7870E+02
  2.7095E+02
  2.6317E+02
  2.5547E+02
  2.4773E+02
  2.3997E+02
  2.1673E+02
  1.9354E+02
  1.7805E+02
  1.6255E+02
  1.4709E+02
  1.2385E+02
  1.0838E+02
  9.2883E+01
  7.7406E+01
  6.9672E+01
  6.1938E+01
  6.1922E+01
  6.1938E+01
  6.1930E+01
  6.9680E+01
  8.5133E+01
  9.2898E+01
  1.0063E+02
  1.1611E+02
  1.3159E+02
  1.3935E+02
  1.5483E+02
  1.6254E+02
  1.7030E+02
  1.9353E+02
  2.0128E+02
  2.0126E+02
  2.0127E+02
  2.0127E+02
  1.9353E+02
  1.8577E+02
  1.7805E+02
  1.7030E+02
  1.6257E+02
  1.5482E+02
  1.5482E+02
  1.5483E+02
  1.4708E+02
  1.4707E+02
  1.3935E+02
  1.3159E+02
  1.3932E+02
  1.3934E+02
  1.3935E+02
  1.3935E+02
  1.4705E+02
  1.5483E+02
  1.6258E+02
  1.7030E+02
  1.7029E+02
  1.7805E+02
  1.9353E+02
  2.0127E+02
  2.0125E+02
  2.0901E+02
  2.1677E+02
  2.1674E+02
  2.1673E+02
  2.0902E+02
  2.0902E+02
  2.0603E+02
  1.8772E+02
  1.7955E+02
  1.7143E+02
  1.5507E+02
  1.3875E+02
  1.2243E+02
  1.0613E+02
  8.9773E+01
  8.1609E+01
  6.5281E+01
  5.7172E+01
  5.7125E+01
  4.8969E+01
  4.8984E+01
  4.0805E+01
  3.2656E+01
  2.4484E+01
  2.4500E+01
  3.2625E+01
  3.2641E+01
  3.2656E+01
  4.8992E+01
  6.5289E+01
  7.3453E+01
  8.1609E+01
  8.9812E+01
  8.9773E+01
  8.9781E+01
  8.9781E+01
  8.1648E+01
  7.3445E+01
  6.5289E+01
  6.5312E+01
  4.8961E+01
  4.0805E+01
  4.0812E+01
  3.2680E+01
  3.2633E+01
  3.2641E+01
  2.4484E+01
  2.4508E+01
  4.0805E+01
  4.8969E+01
  5.7141E+01
  7.3477E+01
  8.9773E+01
  1.0611E+02
  1.2241E+02
  1.3879E+02
  1.5507E+02
  1.7956E+02
  1.8772E+02
  1.9593E+02
  2.1220E+02
  2.0405E+02
  2.0405E+02
  2.1223E+02
  2.0404E+02
  1.9589E+02
  1.9592E+02
  1.9588E+02
  1.8772E+02
  1.7956E+02
  1.7144E+02
  1.5508E+02
  1.3874E+02
  1.1427E+02
  9.7961E+01
  8.9773E+01
  7.3469E+01
  6.5297E+01
  5.7148E+01
  4.8953E+01
  4.8969E+01
  4.0828E+01
  3.2641E+01
  1.6328E+01
  0.0000E+00
 -8.1562E+00
 -2.4500E+01
 -4.0805E+01
 -4.8969E+01
 -6.5289E+01
 -7.3492E+01
 -7.3469E+01
 -8.9781E+01
 -8.9758E+01
 -9.7953E+01
 -1.0611E+02
 -9.7938E+01
 -1.0610E+02
 -1.1642E+02
 -1.1948E+02
 -1.2041E+02
 -1.2041E+02
 -1.2904E+02
 -1.3761E+02
 -1.3760E+02
 -1.2902E+02
 -1.2900E+02
 -1.3761E+02
 -1.4622E+02
 -1.4621E+02
 -1.5480E+02
 -1.7203E+02
 -1.8060E+02
 -1.8921E+02
 -1.9784E+02
 -2.0643E+02
 -2.0641E+02
 -2.0642E+02
 -2.0642E+02
 -2.0641E+02
 -2.0642E+02
 -2.0642E+02
 -2.0641E+02
 -2.0642E+02
 -2.0641E+02
 -2.0641E+02
 -1.9784E+02
 -1.8921E+02
 -1.8921E+02
 -1.8062E+02
 -1.6342E+02
 -1.5481E+02
 -1.4622E+02
 -1.2900E+02
 -1.2041E+02
 -1.2042E+02
 -1.1180E+02
 -9.4602E+01
 -8.6023E+01
 -8.6008E+01
 -7.7398E+01
 -6.8820E+01
 -6.0203E+01
 -5.1602E+01
 -3.4398E+01
 -8.5859E+00
  1.7188E+01
  3.4391E+01
  4.2562E+01
  5.8055E+01
  7.3703E+01
  8.1914E+01
  8.1906E+01
  8.1930E+01
  9.0094E+01
  9.8836E+01
  9.2734E+01
  8.6477E+01
  7.7789E+01
  5.1867E+01
  3.4586E+01
  2.5953E+01
  8.6250E+00
 -8.6328E+00
 -3.4570E+01
 -5.1852E+01
 -6.9180E+01
 -9.5094E+01
 -1.2102E+02
 -1.4697E+02
 -1.5561E+02
 -1.8156E+02
 -2.0745E+02
 -2.1612E+02
 -2.4209E+02
 -2.5934E+02
 -2.7662E+02
 -3.0258E+02
 -3.1125E+02
 -3.1984E+02
 -3.2849E+02
 -3.2850E+02
 -3.3716E+02
 -3.4582E+02
 -3.4577E+02
 -3.4577E+02
 -3.3715E+02
 -3.3718E+02
 -3.2850E+02
 -3.1120E+02
 -3.1122E+02
 -2.9397E+02
 -2.7661E+02
 -2.5932E+02
 -2.3341E+02
 -2.0752E+02
 -1.8154E+02
 -1.6424E+02
 -1.4695E+02
 -1.3834E+02
 -1.2102E+02
 -1.0373E+02
 -9.5078E+01
 -8.5820E+01
 -8.3766E+01
 -8.2328E+01
 -7.4102E+01
 -6.5867E+01
 -6.5852E+01
 -5.7633E+01
 -4.1172E+01
 -3.2930E+01
 -2.4695E+01
 -8.2344E+00
  8.2266E+00
  2.4703E+01
  3.2930E+01
  4.1164E+01
  5.7641E+01
  6.5859E+01
  6.5859E+01
  7.4109E+01
  7.4094E+01
  8.2328E+01
  9.8805E+01
  1.0703E+02
  1.1526E+02
  1.3998E+02
  1.6467E+02
  1.8113E+02
  2.0886E+02
  2.4354E+02
  2.6798E+02
  2.8366E+02
  2.9738E+02
  3.1389E+02
  3.3043E+02
  3.3868E+02
  3.5520E+02
  3.7173E+02
  3.9651E+02
  4.1303E+02
  4.2955E+02
  4.6259E+02
  4.7912E+02
  4.8736E+02
  5.0390E+02
  5.2046E+02
  5.2867E+02
  5.3695E+02
  5.4520E+02
  5.5345E+02
  5.5345E+02
  5.5346E+02
  5.6998E+02
  5.6998E+02
  5.6172E+02
  5.6998E+02
  5.6998E+02
  5.6171E+02
  5.6173E+02
  5.6173E+02
  5.4519E+02
  5.2868E+02
  5.1217E+02
  4.9563E+02
  4.7916E+02
  4.5433E+02
  4.3782E+02
  4.2130E+02
  4.0476E+02
  3.8823E+02
  3.8000E+02
  3.7174E+02
  3.6347E+02
  3.5520E+02
  3.4695E+02
  3.3870E+02
  3.3868E+02
  3.3869E+02
  3.3043E+02
  3.2216E+02
  3.0563E+02
  2.9738E+02
  2.9738E+02
  2.9738E+02
  2.8912E+02
  2.8087E+02
  2.8086E+02
  2.8914E+02
  2.9738E+02
  2.9738E+02
  3.0563E+02
  3.0565E+02
  3.0565E+02
  3.1389E+02
  3.1389E+02
  3.1391E+02
  3.3042E+02
  3.3868E+02
  3.4693E+02
  3.5520E+02
  3.5520E+02
  3.7173E+02
  3.7999E+02
  3.8823E+02
  3.9651E+02
  4.0477E+02
  4.2132E+02
  4.3781E+02
  4.3783E+02
  4.3780E+02
  4.5432E+02
  4.5434E+02
  4.4608E+02
  4.5433E+02
  4.5433E+02
  4.4606E+02
  4.4607E+02
  4.3782E+02
  4.3782E+02
  4.3781E+02
  4.2955E+02
  4.2956E+02
  4.2955E+02
  4.2130E+02
  4.0477E+02
  3.9652E+02
  3.9644E+02
