# CREATED BY GENE DIAGNOSTICS TOOL on Mon Jan 28 14:26:48 2019
# diag: gamdiag, run(s): 0018, time window: 0-125(1203 steps), species: ions
# original data path: /marconi_work/FUA23_ESTRELLA/S-a/q0-0.8/GAM/scan_Lx_R4/
# normalization: R_0
#
# xind= 0, x/a= Infinity, q= 0.80000001
# Fit:    0.2166529,1.67412,1.5760696
# Analytic (Gao, Zhou/Yu): 0.23775713,0.15116022,1.1332299
#  t          Re[phi]     Im[phi]   
  0.0000E+00  3.9999E+00  0.0000E+00
  1.0400E-01  3.8988E+00 -1.1647E-17
  2.0800E-01  3.6116E+00  2.6269E-17
  3.1200E-01  3.1816E+00 -8.9214E-18
  4.1600E-01  2.6671E+00  2.5575E-16
  5.2000E-01  2.1276E+00 -6.0071E-16
  6.2400E-01  1.6154E+00 -3.0531E-16
  7.2800E-01  1.1702E+00  3.0432E-16
  8.3200E-01  8.1855E-01 -2.5773E-17
  9.3600E-01  5.7462E-01  1.5464E-16
  1.0400E+00  4.4203E-01 -1.3382E-17
  1.1440E+00  4.1520E-01 -4.7085E-18
  1.2480E+00  4.8054E-01  5.4520E-18
  1.3520E+00  6.1764E-01  5.6998E-17
  1.4560E+00  8.0130E-01  1.4126E-17
  1.5600E+00  1.0042E+00  7.6514E-18
  1.6640E+00  1.2000E+00  2.0594E-17
  1.7680E+00  1.3660E+00  6.6245E-17
  1.8720E+00  1.4854E+00  3.5345E-17
  1.9760E+00  1.5488E+00  6.9451E-17
  2.0800E+00  1.5543E+00  4.2005E-17
  2.1840E+00  1.5066E+00  9.7392E-17
  2.2880E+00  1.4164E+00  1.1920E-16
  2.3920E+00  1.2977E+00  2.1312E-17
  2.4960E+00  1.1665E+00  9.1940E-17
  2.6000E+00  1.0377E+00 -1.1152E-17
  2.7040E+00  9.2463E-01 -4.1386E-17
  2.8080E+00  8.3677E-01 -8.1780E-17
  2.9120E+00  7.7976E-01 -9.1816E-17
  3.0160E+00  7.5504E-01 -9.8260E-17
  3.1200E+00  7.6029E-01 -1.1610E-16
  3.2240E+00  7.9021E-01 -2.0699E-16
  3.3280E+00  8.3749E-01 -1.2459E-16
  3.4320E+00  8.9389E-01 -1.0545E-16
  3.5360E+00  9.5134E-01 -4.1448E-17
  3.6400E+00  1.0028E+00 -2.6393E-17
  3.7440E+00  1.0428E+00  5.7246E-17
  3.8480E+00  1.0681E+00  1.1307E-16
  3.9520E+00  1.0775E+00  8.9338E-17
  4.0560E+00  1.0717E+00  1.5160E-16
  4.1600E+00  1.0529E+00  1.1387E-16
  4.2640E+00  1.0249E+00  2.0042E-16
  4.3680E+00  9.9175E-01  1.6337E-16
  4.4720E+00  9.5786E-01  1.7948E-16
  4.5760E+00  9.2677E-01  1.3593E-16
  4.6800E+00  9.0109E-01  1.1164E-16
  4.7840E+00  8.8269E-01  3.2526E-17
  4.8880E+00  8.7284E-01  2.4782E-17
  4.9920E+00  8.7181E-01  3.3455E-18
  5.0960E+00  8.7840E-01 -7.0628E-17
  5.2000E+00  8.9020E-01 -8.9524E-17
  5.3040E+00  9.0446E-01 -1.0394E-16
  5.4080E+00  9.1896E-01 -1.0463E-16
  5.5120E+00  9.3219E-01 -1.9255E-16
  5.6160E+00  9.4312E-01 -1.7081E-16
  5.7200E+00  9.5090E-01 -2.1796E-16
  5.8240E+00  9.5491E-01 -2.0587E-16
  5.9280E+00  9.5483E-01 -2.3444E-16
  6.0320E+00  9.5076E-01 -2.7204E-16
  6.1360E+00  9.4326E-01 -2.8716E-16
  6.2400E+00  9.3342E-01 -2.9112E-16
  6.3440E+00  9.2284E-01 -3.0754E-16
  6.4480E+00  9.1324E-01 -2.8604E-16
  6.5520E+00  9.0586E-01 -2.2926E-16
  6.6560E+00  9.0078E-01 -1.8385E-16
  6.7600E+00  8.9685E-01 -1.1437E-16
  6.8640E+00  8.9245E-01 -3.4106E-17
  6.9680E+00  8.8675E-01  4.5289E-17
  7.0720E+00  8.8073E-01  8.8308E-17
  7.1760E+00  8.7713E-01  1.5867E-16
  7.2800E+00  8.7911E-01  1.6021E-16
  7.3840E+00  8.8829E-01  1.9472E-16
  7.4880E+00  9.0318E-01  2.1030E-16
  7.5920E+00  9.1914E-01  1.5368E-16
  7.6960E+00  9.3002E-01  8.4165E-17
  7.8000E+00  9.3072E-01  5.8113E-17
  7.9040E+00  9.1940E-01  6.4928E-17
  8.0080E+00  8.9831E-01 -4.3492E-17
  8.1120E+00  8.7300E-01 -7.5956E-17
  8.2160E+00  8.5024E-01 -1.4039E-16
  8.3200E+00  8.3570E-01 -1.5966E-16
  8.4240E+00  8.3217E-01 -1.7042E-16
  8.5280E+00  8.3915E-01 -1.7332E-16
  8.6320E+00  8.5348E-01 -1.8190E-16
  8.7360E+00  8.7065E-01 -1.5315E-16
  8.8400E+00  8.8620E-01 -1.2948E-16
  8.9440E+00  8.9679E-01 -8.9803E-17
  9.0480E+00  9.0087E-01 -9.3350E-17
  9.1520E+00  8.9863E-01 -6.8026E-17
  9.2560E+00  8.9148E-01 -1.0210E-16
  9.3600E+00  8.8142E-01 -8.1408E-17
  9.4640E+00  8.7055E-01 -1.2217E-16
  9.5680E+00  8.6073E-01 -1.3692E-16
  9.6720E+00  8.5329E-01 -1.4373E-16
  9.7760E+00  8.4878E-01 -1.2887E-16
  9.8800E+00  8.4706E-01 -1.7137E-16
  9.9840E+00  8.4764E-01 -2.0247E-16
  1.0088E+01  8.5005E-01 -2.4633E-16
  1.0192E+01  8.5388E-01 -2.2545E-16
  1.0296E+01  8.5858E-01 -2.6532E-16
  1.0400E+01  8.6347E-01 -2.5723E-16
  1.0504E+01  8.6786E-01 -2.2455E-16
  1.0608E+01  8.7128E-01 -2.0210E-16
  1.0712E+01  8.7357E-01 -1.9063E-16
  1.0816E+01  8.7481E-01 -1.6762E-16
  1.0920E+01  8.7517E-01 -1.2286E-16
  1.1024E+01  8.7477E-01 -9.1631E-17
  1.1128E+01  8.7368E-01 -4.0270E-17
  1.1232E+01  8.7198E-01  7.7443E-18
  1.1336E+01  8.6983E-01  4.2687E-17
  1.1440E+01  8.6746E-01  6.0653E-17
  1.1544E+01  8.6509E-01  4.5753E-17
  1.1648E+01  8.6289E-01  3.5407E-17
  1.1752E+01  8.6087E-01  1.6263E-17
  1.1856E+01  8.5891E-01 -1.3785E-17
  1.1960E+01  8.5682E-01 -7.9271E-17
  1.2064E+01  8.5442E-01 -1.3422E-16
  1.2168E+01  8.5162E-01 -1.5132E-16
  1.2272E+01  8.4846E-01 -1.7769E-16
  1.2376E+01  8.4508E-01 -1.8735E-16
  1.2480E+01  8.4168E-01 -2.2626E-16
  1.2584E+01  8.3851E-01 -2.0885E-16
  1.2688E+01  8.3590E-01 -2.1133E-16
  1.2792E+01  8.3416E-01 -2.1616E-16
  1.2896E+01  8.3346E-01 -2.2471E-16
  1.3000E+01  8.3366E-01 -2.1012E-16
  1.3104E+01  8.3428E-01 -2.1374E-16
  1.3208E+01  8.3462E-01 -2.1173E-16
  1.3312E+01  8.3403E-01 -1.7843E-16
  1.3416E+01  8.3209E-01 -1.6105E-16
  1.3520E+01  8.2864E-01 -1.4507E-16
  1.3624E+01  8.2371E-01 -1.2732E-16
  1.3728E+01  8.1747E-01 -1.2112E-16
  1.3832E+01  8.1033E-01 -9.5751E-17
  1.3936E+01  8.0309E-01 -8.9849E-17
  1.4040E+01  7.9713E-01 -9.9901E-17
  1.4144E+01  7.9430E-01 -1.1109E-16
  1.4248E+01  7.9656E-01 -9.3765E-17
  1.4352E+01  8.0532E-01 -1.1422E-16
  1.4456E+01  8.2072E-01 -1.0343E-16
  1.4560E+01  8.4142E-01 -1.0057E-16
  1.4664E+01  8.6496E-01 -9.7575E-17
  1.4768E+01  8.8845E-01 -1.1093E-16
  1.4872E+01  9.0921E-01 -1.1942E-16
  1.4976E+01  9.2507E-01 -1.2818E-16
  1.5080E+01  9.3428E-01 -1.2230E-16
  1.5184E+01  9.3530E-01 -1.3692E-16
  1.5288E+01  9.2675E-01 -2.3004E-16
  1.5392E+01  9.0757E-01 -2.0693E-16
  1.5496E+01  8.7746E-01 -2.3134E-16
  1.5600E+01  8.3743E-01 -1.9218E-16
  1.5704E+01  7.9019E-01 -2.0841E-16
  1.5808E+01  7.4021E-01 -2.0495E-16
  1.5912E+01  6.9316E-01 -1.9008E-16
  1.6016E+01  6.5498E-01 -2.0098E-16
  1.6120E+01  6.3064E-01 -1.6808E-16
  1.6224E+01  6.2324E-01 -1.3553E-16
  1.6328E+01  6.3343E-01 -1.2694E-16
  1.6432E+01  6.5948E-01 -1.2413E-16
  1.6536E+01  6.9772E-01 -1.1709E-16
  1.6640E+01  7.4333E-01 -1.1201E-16
  1.6744E+01  7.9116E-01 -1.0659E-16
  1.6848E+01  8.3636E-01 -1.1905E-16
  1.6952E+01  8.7491E-01 -1.7749E-16
  1.7056E+01  9.0388E-01 -1.3851E-16
  1.7160E+01  9.2155E-01 -1.7121E-16
  1.7264E+01  9.2742E-01 -1.6808E-16
  1.7368E+01  9.2206E-01 -1.4708E-16
  1.7472E+01  9.0695E-01 -1.3884E-16
  1.7576E+01  8.8432E-01 -1.1635E-16
  1.7680E+01  8.5687E-01 -1.3881E-16
  1.7784E+01  8.2757E-01 -1.3515E-16
  1.7888E+01  7.9938E-01 -1.4219E-16
  1.7992E+01  7.7498E-01 -1.3692E-16
  1.8096E+01  7.5654E-01 -1.3760E-16
  1.8200E+01  7.4544E-01 -1.5476E-16
  1.8304E+01  7.4220E-01 -1.5331E-16
  1.8408E+01  7.4649E-01 -1.6055E-16
  1.8512E+01  7.5719E-01 -1.8853E-16
  1.8616E+01  7.7256E-01 -1.9602E-16
  1.8720E+01  7.9050E-01 -2.1236E-16
  1.8824E+01  8.0871E-01 -2.1192E-16
  1.8928E+01  8.2509E-01 -1.9790E-16
  1.9032E+01  8.3790E-01 -1.8351E-16
  1.9136E+01  8.4600E-01 -1.6090E-16
  1.9240E+01  8.4881E-01 -1.4888E-16
  1.9344E+01  8.4639E-01 -1.3695E-16
  1.9448E+01  8.3940E-01 -1.2657E-16
  1.9552E+01  8.2891E-01 -1.1880E-16
  1.9656E+01  8.1633E-01 -1.6703E-16
  1.9760E+01  8.0316E-01 -1.1960E-16
  1.9864E+01  7.9084E-01 -1.5879E-16
  1.9968E+01  7.8058E-01 -1.7053E-16
  2.0072E+01  7.7323E-01 -1.6179E-16
  2.0176E+01  7.6918E-01 -1.5901E-16
  2.0280E+01  7.6842E-01 -1.4680E-16
  2.0384E+01  7.7060E-01 -1.5104E-16
  2.0488E+01  7.7513E-01 -1.5705E-16
  2.0592E+01  7.8129E-01 -1.6945E-16
  2.0696E+01  7.8817E-01 -1.7409E-16
  2.0800E+01  7.9481E-01 -1.8543E-16
  2.0904E+01  8.0030E-01 -1.8270E-16
  2.1008E+01  8.0392E-01 -2.0423E-16
  2.1112E+01  8.0535E-01 -1.9001E-16
  2.1216E+01  8.0468E-01 -2.0086E-16
  2.1320E+01  8.0226E-01 -2.0138E-16
  2.1424E+01  7.9856E-01 -2.1092E-16
  2.1528E+01  7.9399E-01 -2.1919E-16
  2.1632E+01  7.8892E-01 -2.2050E-16
  2.1736E+01  7.8373E-01 -2.3028E-16
  2.1840E+01  7.7889E-01 -2.2077E-16
  2.1944E+01  7.7499E-01 -2.4147E-16
  2.2048E+01  7.7252E-01 -2.1786E-16
  2.2152E+01  7.7175E-01 -2.2805E-16
  2.2256E+01  7.7257E-01 -1.9900E-16
  2.2360E+01  7.7447E-01 -1.7279E-16
  2.2464E+01  7.7678E-01 -1.6437E-16
  2.2568E+01  7.7886E-01 -1.4466E-16
  2.2672E+01  7.8032E-01 -1.2967E-16
  2.2776E+01  7.8112E-01 -1.2927E-16
  2.2880E+01  7.8143E-01 -1.2955E-16
  2.2984E+01  7.8151E-01 -1.2202E-16
  2.3088E+01  7.8152E-01 -1.5758E-16
  2.3192E+01  7.8142E-01 -1.6334E-16
  2.3296E+01  7.8102E-01 -1.8918E-16
  2.3400E+01  7.8011E-01 -1.8788E-16
  2.3504E+01  7.7860E-01 -2.1805E-16
  2.3608E+01  7.7662E-01 -2.0907E-16
  2.3712E+01  7.7453E-01 -2.2118E-16
  2.3816E+01  7.7281E-01 -2.2350E-16
  2.3920E+01  7.7184E-01 -2.2906E-16
  2.4024E+01  7.7182E-01 -2.2674E-16
  2.4128E+01  7.7266E-01 -2.1871E-16
  2.4232E+01  7.7400E-01 -2.2257E-16
  2.4336E+01  7.7534E-01 -2.1511E-16
  2.4440E+01  7.7617E-01 -2.0451E-16
  2.4544E+01  7.7612E-01 -1.9810E-16
  2.4648E+01  7.7506E-01 -1.9410E-16
  2.4752E+01  7.7315E-01 -1.9571E-16
  2.4856E+01  7.7078E-01 -1.9636E-16
  2.4960E+01  7.6842E-01 -2.1349E-16
  2.5064E+01  7.6648E-01 -1.8828E-16
  2.5168E+01  7.6526E-01 -1.8930E-16
  2.5272E+01  7.6486E-01 -2.0172E-16
  2.5376E+01  7.6520E-01 -2.0160E-16
  2.5480E+01  7.6606E-01 -2.1641E-16
  2.5584E+01  7.6713E-01 -2.1955E-16
  2.5688E+01  7.6810E-01 -2.2415E-16
  2.5792E+01  7.6872E-01 -2.2647E-16
  2.5896E+01  7.6884E-01 -2.3629E-16
  2.6000E+01  7.6842E-01 -2.3313E-16
  2.6104E+01  7.6752E-01 -2.2121E-16
  2.6208E+01  7.6623E-01 -2.2443E-16
  2.6312E+01  7.6470E-01 -2.1604E-16
  2.6416E+01  7.6306E-01 -2.3053E-16
  2.6520E+01  7.6144E-01 -2.0591E-16
  2.6624E+01  7.5995E-01 -2.0126E-16
  2.6728E+01  7.5868E-01 -1.8874E-16
  2.6832E+01  7.5770E-01 -1.9237E-16
  2.6936E+01  7.5701E-01 -1.9262E-16
  2.7040E+01  7.5661E-01 -1.8794E-16
  2.7144E+01  7.5642E-01 -1.8574E-16
  2.7248E+01  7.5638E-01 -1.9547E-16
  2.7352E+01  7.5641E-01 -2.1600E-16
  2.7456E+01  7.5643E-01 -2.3577E-16
  2.7560E+01  7.5642E-01 -2.5432E-16
  2.7664E+01  7.5632E-01 -2.5578E-16
  2.7768E+01  7.5610E-01 -2.5569E-16
  2.7872E+01  7.5572E-01 -2.6188E-16
  2.7976E+01  7.5519E-01 -2.3282E-16
  2.8080E+01  7.5457E-01 -2.4261E-16
  2.8184E+01  7.5398E-01 -2.4354E-16
  2.8288E+01  7.5357E-01 -2.2502E-16
  2.8392E+01  7.5341E-01 -2.2505E-16
  2.8496E+01  7.5355E-01 -2.1625E-16
  2.8600E+01  7.5389E-01 -2.2945E-16
  2.8704E+01  7.5432E-01 -2.2328E-16
  2.8808E+01  7.5470E-01 -2.2666E-16
  2.8912E+01  7.5496E-01 -2.2328E-16
  2.9016E+01  7.5505E-01 -2.2468E-16
  2.9120E+01  7.5496E-01 -2.2043E-16
  2.9224E+01  7.5465E-01 -2.1981E-16
  2.9328E+01  7.5406E-01 -2.2158E-16
  2.9432E+01  7.5318E-01 -2.0680E-16
  2.9536E+01  7.5205E-01 -2.1802E-16
  2.9640E+01  7.5079E-01 -2.2809E-16
  2.9744E+01  7.4959E-01 -2.2821E-16
  2.9848E+01  7.4864E-01 -2.3056E-16
  2.9952E+01  7.4810E-01 -2.1929E-16
  3.0056E+01  7.4799E-01 -2.1904E-16
  3.0160E+01  7.4818E-01 -2.3066E-16
  3.0264E+01  7.4842E-01 -2.2434E-16
  3.0368E+01  7.4846E-01 -2.2443E-16
  3.0472E+01  7.4808E-01 -2.2307E-16
  3.0576E+01  7.4714E-01 -2.4227E-16
  3.0680E+01  7.4566E-01 -2.3115E-16
  3.0784E+01  7.4372E-01 -2.4893E-16
  3.0888E+01  7.4144E-01 -2.4364E-16
  3.0992E+01  7.3897E-01 -2.4661E-16
  3.1096E+01  7.3648E-01 -2.4683E-16
  3.1200E+01  7.3416E-01 -2.4872E-16
  3.1304E+01  7.3223E-01 -2.4320E-16
  3.1408E+01  7.3093E-01 -2.5505E-16
  3.1512E+01  7.3051E-01 -2.4458E-16
  3.1616E+01  7.3117E-01 -2.4020E-16
  3.1720E+01  7.3300E-01 -2.4570E-16
  3.1824E+01  7.3594E-01 -2.4415E-16
  3.1928E+01  7.3974E-01 -2.3190E-16
  3.2032E+01  7.4396E-01 -2.3911E-16
  3.2136E+01  7.4806E-01 -2.4765E-16
  3.2240E+01  7.5148E-01 -2.4289E-16
  3.2344E+01  7.5372E-01 -2.5132E-16
  3.2448E+01  7.5446E-01 -2.5776E-16
  3.2552E+01  7.5357E-01 -2.5897E-16
  3.2656E+01  7.5117E-01 -2.6662E-16
  3.2760E+01  7.4752E-01 -2.4611E-16
  3.2864E+01  7.4301E-01 -2.5764E-16
  3.2968E+01  7.3810E-01 -2.5330E-16
  3.3072E+01  7.3324E-01 -2.4605E-16
  3.3176E+01  7.2884E-01 -2.3995E-16
  3.3280E+01  7.2523E-01 -2.2960E-16
  3.3384E+01  7.2264E-01 -2.2832E-16
  3.3488E+01  7.2119E-01 -2.4343E-16
  3.3592E+01  7.2089E-01 -2.4980E-16
  3.3696E+01  7.2167E-01 -2.4483E-16
  3.3800E+01  7.2335E-01 -2.5541E-16
  3.3904E+01  7.2571E-01 -2.5813E-16
  3.4008E+01  7.2847E-01 -2.6060E-16
  3.4112E+01  7.3129E-01 -2.7296E-16
  3.4216E+01  7.3384E-01 -2.6196E-16
  3.4320E+01  7.3584E-01 -2.6744E-16
  3.4424E+01  7.3704E-01 -2.6801E-16
  3.4528E+01  7.3732E-01 -2.5631E-16
  3.4632E+01  7.3666E-01 -2.6613E-16
  3.4736E+01  7.3512E-01 -2.5860E-16
  3.4840E+01  7.3286E-01 -2.5804E-16
  3.4944E+01  7.3012E-01 -2.5005E-16
  3.5048E+01  7.2716E-01 -2.5541E-16
  3.5152E+01  7.2430E-01 -2.3887E-16
  3.5256E+01  7.2182E-01 -2.5801E-16
  3.5360E+01  7.1995E-01 -2.5200E-16
  3.5464E+01  7.1883E-01 -2.5798E-16
  3.5568E+01  7.1848E-01 -2.6963E-16
  3.5672E+01  7.1884E-01 -2.7313E-16
  3.5776E+01  7.1977E-01 -2.7311E-16
  3.5880E+01  7.2109E-01 -2.6801E-16
  3.5984E+01  7.2259E-01 -2.7585E-16
  3.6088E+01  7.2408E-01 -2.8381E-16
  3.6192E+01  7.2534E-01 -2.6402E-16
  3.6296E+01  7.2621E-01 -2.6673E-16
  3.6400E+01  7.2657E-01 -2.7009E-16
  3.6504E+01  7.2635E-01 -2.6162E-16
  3.6608E+01  7.2556E-01 -2.6753E-16
  3.6712E+01  7.2431E-01 -2.6826E-16
  3.6816E+01  7.2274E-01 -2.7808E-16
  3.6920E+01  7.2103E-01 -2.8403E-16
  3.7024E+01  7.1935E-01 -2.9583E-16
  3.7128E+01  7.1784E-01 -2.7350E-16
  3.7232E+01  7.1659E-01 -2.7644E-16
  3.7336E+01  7.1564E-01 -2.7172E-16
  3.7440E+01  7.1503E-01 -2.7593E-16
  3.7544E+01  7.1476E-01 -2.8104E-16
  3.7648E+01  7.1480E-01 -2.7274E-16
  3.7752E+01  7.1510E-01 -2.8377E-16
  3.7856E+01  7.1556E-01 -2.7509E-16
  3.7960E+01  7.1607E-01 -2.8411E-16
  3.8064E+01  7.1650E-01 -2.7890E-16
  3.8168E+01  7.1674E-01 -2.6662E-16
  3.8272E+01  7.1672E-01 -2.6981E-16
  3.8376E+01  7.1643E-01 -2.6117E-16
  3.8480E+01  7.1590E-01 -2.7248E-16
  3.8584E+01  7.1520E-01 -2.6281E-16
  3.8688E+01  7.1440E-01 -2.7862E-16
  3.8792E+01  7.1359E-01 -2.7336E-16
  3.8896E+01  7.1279E-01 -2.8115E-16
  3.9000E+01  7.1204E-01 -2.8068E-16
  3.9104E+01  7.1134E-01 -3.0226E-16
  3.9208E+01  7.1069E-01 -2.9754E-16
  3.9312E+01  7.1012E-01 -3.0234E-16
  3.9416E+01  7.0964E-01 -3.0359E-16
  3.9520E+01  7.0928E-01 -3.0150E-16
  3.9624E+01  7.0904E-01 -3.0186E-16
  3.9728E+01  7.0890E-01 -2.9825E-16
  3.9832E+01  7.0883E-01 -2.8931E-16
  3.9936E+01  7.0876E-01 -2.9706E-16
  4.0040E+01  7.0864E-01 -2.9312E-16
  4.0144E+01  7.0843E-01 -3.0658E-16
  4.0248E+01  7.0809E-01 -3.0118E-16
  4.0352E+01  7.0763E-01 -2.8580E-16
  4.0456E+01  7.0710E-01 -2.9153E-16
  4.0560E+01  7.0655E-01 -2.9292E-16
  4.0664E+01  7.0602E-01 -2.9922E-16
  4.0768E+01  7.0556E-01 -2.9072E-16
  4.0872E+01  7.0520E-01 -2.9822E-16
  4.0976E+01  7.0492E-01 -2.8624E-16
  4.1080E+01  7.0468E-01 -3.0291E-16
  4.1184E+01  7.0446E-01 -2.9574E-16
  4.1288E+01  7.0420E-01 -3.1324E-16
  4.1392E+01  7.0387E-01 -3.1577E-16
  4.1496E+01  7.0346E-01 -3.1035E-16
  4.1600E+01  7.0298E-01 -3.0345E-16
  4.1704E+01  7.0247E-01 -3.1352E-16
  4.1808E+01  7.0194E-01 -2.9577E-16
  4.1912E+01  7.0144E-01 -3.0990E-16
  4.2016E+01  7.0098E-01 -2.9131E-16
  4.2120E+01  7.0057E-01 -3.0046E-16
  4.2224E+01  7.0024E-01 -2.9605E-16
  4.2328E+01  6.9998E-01 -2.9493E-16
  4.2432E+01  6.9977E-01 -2.9294E-16
  4.2536E+01  6.9960E-01 -3.0096E-16
  4.2640E+01  6.9944E-01 -2.8939E-16
  4.2744E+01  6.9925E-01 -2.9273E-16
  4.2848E+01  6.9903E-01 -2.9328E-16
  4.2952E+01  6.9877E-01 -2.8470E-16
  4.3056E+01  6.9845E-01 -2.9532E-16
  4.3160E+01  6.9810E-01 -2.8973E-16
  4.3264E+01  6.9772E-01 -2.9125E-16
  4.3368E+01  6.9731E-01 -3.0149E-16
  4.3472E+01  6.9687E-01 -3.0760E-16
  4.3576E+01  6.9643E-01 -3.0672E-16
  4.3680E+01  6.9598E-01 -3.0379E-16
  4.3784E+01  6.9557E-01 -3.1213E-16
  4.3888E+01  6.9520E-01 -3.1008E-16
  4.3992E+01  6.9488E-01 -3.0715E-16
  4.4096E+01  6.9461E-01 -3.1522E-16
  4.4200E+01  6.9437E-01 -3.1002E-16
  4.4304E+01  6.9413E-01 -3.1468E-16
  4.4408E+01  6.9388E-01 -3.1262E-16
  4.4512E+01  6.9359E-01 -3.1067E-16
  4.4616E+01  6.9328E-01 -3.0111E-16
  4.4720E+01  6.9293E-01 -3.0170E-16
  4.4824E+01  6.9255E-01 -3.0399E-16
  4.4928E+01  6.9213E-01 -3.0387E-16
  4.5032E+01  6.9170E-01 -3.0390E-16
  4.5136E+01  6.9125E-01 -2.9215E-16
  4.5240E+01  6.9079E-01 -3.0691E-16
  4.5344E+01  6.9035E-01 -3.2185E-16
  4.5448E+01  6.8996E-01 -3.1965E-16
  4.5552E+01  6.8963E-01 -3.1394E-16
  4.5656E+01  6.8935E-01 -3.1477E-16
  4.5760E+01  6.8913E-01 -3.1919E-16
  4.5864E+01  6.8894E-01 -3.3043E-16
  4.5968E+01  6.8875E-01 -3.2145E-16
  4.6072E+01  6.8854E-01 -3.1337E-16
  4.6176E+01  6.8829E-01 -3.2748E-16
  4.6280E+01  6.8799E-01 -3.0988E-16
  4.6384E+01  6.8766E-01 -3.0415E-16
  4.6488E+01  6.8731E-01 -3.1552E-16
  4.6592E+01  6.8695E-01 -3.0158E-16
  4.6696E+01  6.8660E-01 -3.1651E-16
  4.6800E+01  6.8628E-01 -3.1261E-16
  4.6904E+01  6.8599E-01 -3.1072E-16
  4.7008E+01  6.8572E-01 -3.2063E-16
  4.7112E+01  6.8549E-01 -3.0997E-16
  4.7216E+01  6.8530E-01 -3.2363E-16
  4.7320E+01  6.8514E-01 -3.1817E-16
  4.7424E+01  6.8500E-01 -3.2148E-16
  4.7528E+01  6.8486E-01 -3.2700E-16
  4.7632E+01  6.8469E-01 -3.2761E-16
  4.7736E+01  6.8446E-01 -3.2704E-16
  4.7840E+01  6.8415E-01 -3.2758E-16
  4.7944E+01  6.8372E-01 -3.3212E-16
  4.8048E+01  6.8319E-01 -3.3869E-16
  4.8152E+01  6.8255E-01 -3.2822E-16
  4.8256E+01  6.8184E-01 -3.1637E-16
  4.8360E+01  6.8110E-01 -3.3045E-16
  4.8464E+01  6.8040E-01 -3.2983E-16
  4.8568E+01  6.7977E-01 -3.4423E-16
  4.8672E+01  6.7927E-01 -3.3158E-16
  4.8776E+01  6.7891E-01 -3.1566E-16
  4.8880E+01  6.7870E-01 -3.2687E-16
  4.8984E+01  6.7862E-01 -3.2774E-16
  4.9088E+01  6.7865E-01 -3.1175E-16
  4.9192E+01  6.7874E-01 -3.1622E-16
  4.9296E+01  6.7887E-01 -3.2470E-16
  4.9400E+01  6.7899E-01 -3.2391E-16
  4.9504E+01  6.7906E-01 -3.2210E-16
  4.9608E+01  6.7906E-01 -3.2092E-16
  4.9712E+01  6.7896E-01 -3.3833E-16
  4.9816E+01  6.7874E-01 -3.2692E-16
  4.9920E+01  6.7839E-01 -3.3572E-16
  5.0024E+01  6.7794E-01 -3.2487E-16
  5.0128E+01  6.7738E-01 -3.2577E-16
  5.0232E+01  6.7676E-01 -3.2435E-16
  5.0336E+01  6.7610E-01 -3.4416E-16
  5.0440E+01  6.7545E-01 -3.3536E-16
  5.0544E+01  6.7483E-01 -3.2731E-16
  5.0648E+01  6.7429E-01 -3.2467E-16
  5.0752E+01  6.7385E-01 -3.2410E-16
  5.0856E+01  6.7353E-01 -3.3003E-16
  5.0960E+01  6.7334E-01 -3.3539E-16
  5.1064E+01  6.7325E-01 -3.2140E-16
  5.1168E+01  6.7325E-01 -3.2985E-16
  5.1272E+01  6.7330E-01 -3.3287E-16
  5.1376E+01  6.7334E-01 -3.3031E-16
  5.1480E+01  6.7335E-01 -3.3804E-16
  5.1584E+01  6.7330E-01 -3.3853E-16
  5.1688E+01  6.7316E-01 -3.3877E-16
  5.1792E+01  6.7292E-01 -3.5004E-16
  5.1896E+01  6.7257E-01 -3.4724E-16
  5.2000E+01  6.7214E-01 -3.3593E-16
  5.2104E+01  6.7163E-01 -3.5573E-16
  5.2208E+01  6.7108E-01 -3.5300E-16
  5.2312E+01  6.7051E-01 -3.5049E-16
  5.2416E+01  6.6997E-01 -3.6446E-16
  5.2520E+01  6.6948E-01 -3.5624E-16
  5.2624E+01  6.6906E-01 -3.6195E-16
  5.2728E+01  6.6873E-01 -3.5630E-16
  5.2832E+01  6.6848E-01 -3.4465E-16
  5.2936E+01  6.6829E-01 -3.5055E-16
  5.3040E+01  6.6816E-01 -3.4433E-16
  5.3144E+01  6.6807E-01 -3.4352E-16
  5.3248E+01  6.6798E-01 -3.4131E-16
  5.3352E+01  6.6789E-01 -3.3843E-16
  5.3456E+01  6.6777E-01 -3.4168E-16
  5.3560E+01  6.6761E-01 -3.4650E-16
  5.3664E+01  6.6739E-01 -3.3877E-16
  5.3768E+01  6.6713E-01 -3.3946E-16
  5.3872E+01  6.6680E-01 -3.3889E-16
  5.3976E+01  6.6643E-01 -3.4166E-16
  5.4080E+01  6.6603E-01 -3.5593E-16
  5.4184E+01  6.6562E-01 -3.3911E-16
  5.4288E+01  6.6521E-01 -3.4444E-16
  5.4392E+01  6.6483E-01 -3.3663E-16
  5.4496E+01  6.6448E-01 -3.5497E-16
  5.4600E+01  6.6417E-01 -3.5093E-16
  5.4704E+01  6.6390E-01 -3.5927E-16
  5.4808E+01  6.6366E-01 -3.5828E-16
  5.4912E+01  6.6345E-01 -3.6666E-16
  5.5016E+01  6.6325E-01 -3.5907E-16
  5.5120E+01  6.6306E-01 -3.6119E-16
  5.5224E+01  6.6287E-01 -3.6892E-16
  5.5328E+01  6.6268E-01 -3.6993E-16
  5.5432E+01  6.6248E-01 -3.6202E-16
  5.5536E+01  6.6227E-01 -3.6276E-16
  5.5640E+01  6.6203E-01 -3.6198E-16
  5.5744E+01  6.6176E-01 -3.5311E-16
  5.5848E+01  6.6147E-01 -3.5275E-16
  5.5952E+01  6.6116E-01 -3.6717E-16
  5.6056E+01  6.6084E-01 -3.5881E-16
  5.6160E+01  6.6051E-01 -3.5807E-16
  5.6264E+01  6.6019E-01 -3.5653E-16
  5.6368E+01  6.5988E-01 -3.6697E-16
  5.6472E+01  6.5959E-01 -3.6421E-16
  5.6576E+01  6.5932E-01 -3.6957E-16
  5.6680E+01  6.5907E-01 -3.6898E-16
  5.6784E+01  6.5882E-01 -3.6350E-16
  5.6888E+01  6.5859E-01 -3.6140E-16
  5.6992E+01  6.5835E-01 -3.6361E-16
  5.7096E+01  6.5810E-01 -3.6161E-16
  5.7200E+01  6.5785E-01 -3.5834E-16
  5.7304E+01  6.5760E-01 -3.5560E-16
  5.7408E+01  6.5734E-01 -3.5469E-16
  5.7512E+01  6.5708E-01 -3.5580E-16
  5.7616E+01  6.5682E-01 -3.5000E-16
  5.7720E+01  6.5656E-01 -3.5457E-16
  5.7824E+01  6.5630E-01 -3.4879E-16
  5.7928E+01  6.5605E-01 -3.5879E-16
  5.8032E+01  6.5581E-01 -3.5963E-16
  5.8136E+01  6.5556E-01 -3.6251E-16
  5.8240E+01  6.5530E-01 -3.7281E-16
  5.8344E+01  6.5504E-01 -3.6897E-16
  5.8448E+01  6.5478E-01 -3.6387E-16
  5.8552E+01  6.5451E-01 -3.6494E-16
  5.8656E+01  6.5424E-01 -3.7809E-16
  5.8760E+01  6.5398E-01 -3.8635E-16
  5.8864E+01  6.5371E-01 -3.8279E-16
  5.8968E+01  6.5345E-01 -3.8162E-16
  5.9072E+01  6.5319E-01 -3.8032E-16
  5.9176E+01  6.5294E-01 -3.8303E-16
  5.9280E+01  6.5269E-01 -3.8497E-16
  5.9384E+01  6.5245E-01 -3.8577E-16
  5.9488E+01  6.5220E-01 -3.9231E-16
  5.9592E+01  6.5197E-01 -3.8141E-16
  5.9696E+01  6.5173E-01 -3.7323E-16
  5.9800E+01  6.5149E-01 -3.8317E-16
  5.9904E+01  6.5126E-01 -3.8100E-16
  6.0008E+01  6.5101E-01 -3.7709E-16
  6.0112E+01  6.5076E-01 -3.8739E-16
  6.0216E+01  6.5051E-01 -3.8052E-16
  6.0320E+01  6.5025E-01 -3.8641E-16
  6.0424E+01  6.4999E-01 -3.7005E-16
  6.0528E+01  6.4974E-01 -3.7211E-16
  6.0632E+01  6.4948E-01 -3.6759E-16
  6.0736E+01  6.4922E-01 -3.9590E-16
  6.0840E+01  6.4897E-01 -3.7476E-16
  6.0944E+01  6.4872E-01 -3.6965E-16
  6.1048E+01  6.4848E-01 -3.7752E-16
  6.1152E+01  6.4824E-01 -3.8291E-16
  6.1256E+01  6.4801E-01 -3.7928E-16
  6.1360E+01  6.4779E-01 -3.6446E-16
  6.1464E+01  6.4757E-01 -3.7314E-16
  6.1568E+01  6.4734E-01 -3.7355E-16
  6.1672E+01  6.4711E-01 -3.7746E-16
  6.1776E+01  6.4688E-01 -3.7403E-16
  6.1880E+01  6.4663E-01 -3.7306E-16
  6.1984E+01  6.4638E-01 -3.7310E-16
  6.2088E+01  6.4612E-01 -3.8565E-16
  6.2192E+01  6.4586E-01 -3.7613E-16
  6.2296E+01  6.4560E-01 -3.7642E-16
  6.2400E+01  6.4534E-01 -3.9332E-16
  6.2504E+01  6.4509E-01 -3.7867E-16
  6.2608E+01  6.4484E-01 -3.8429E-16
  6.2712E+01  6.4459E-01 -3.8731E-16
  6.2816E+01  6.4435E-01 -3.8790E-16
  6.2920E+01  6.4412E-01 -3.8746E-16
  6.3024E+01  6.4388E-01 -3.8782E-16
  6.3128E+01  6.4365E-01 -3.9470E-16
  6.3232E+01  6.4341E-01 -3.9733E-16
  6.3336E+01  6.4318E-01 -3.9734E-16
  6.3440E+01  6.4294E-01 -3.9789E-16
  6.3544E+01  6.4269E-01 -3.8263E-16
  6.3648E+01  6.4244E-01 -3.7363E-16
  6.3752E+01  6.4219E-01 -3.7190E-16
  6.3856E+01  6.4193E-01 -3.8017E-16
  6.3960E+01  6.4168E-01 -3.7052E-16
  6.4064E+01  6.4143E-01 -3.7775E-16
  6.4168E+01  6.4119E-01 -3.6214E-16
  6.4272E+01  6.4096E-01 -3.7563E-16
  6.4376E+01  6.4075E-01 -3.8560E-16
  6.4480E+01  6.4054E-01 -3.8560E-16
  6.4584E+01  6.4035E-01 -3.9147E-16
  6.4688E+01  6.4015E-01 -3.9155E-16
  6.4792E+01  6.3995E-01 -4.0346E-16
  6.4896E+01  6.3975E-01 -3.8903E-16
  6.5000E+01  6.3953E-01 -3.9559E-16
  6.5104E+01  6.3931E-01 -3.8918E-16
  6.5208E+01  6.3907E-01 -3.8760E-16
  6.5312E+01  6.3882E-01 -3.8314E-16
  6.5416E+01  6.3856E-01 -3.9722E-16
  6.5520E+01  6.3829E-01 -3.8272E-16
  6.5624E+01  6.3802E-01 -3.8632E-16
  6.5728E+01  6.3775E-01 -3.8221E-16
  6.5832E+01  6.3748E-01 -3.9418E-16
  6.5936E+01  6.3723E-01 -3.8200E-16
  6.6040E+01  6.3698E-01 -3.9096E-16
  6.6144E+01  6.3675E-01 -3.8424E-16
  6.6248E+01  6.3653E-01 -3.8187E-16
  6.6352E+01  6.3633E-01 -3.7952E-16
  6.6456E+01  6.3613E-01 -3.7956E-16
  6.6560E+01  6.3595E-01 -3.9502E-16
  6.6664E+01  6.3577E-01 -3.9745E-16
  6.6768E+01  6.3559E-01 -3.9834E-16
  6.6872E+01  6.3540E-01 -4.0568E-16
  6.6976E+01  6.3520E-01 -4.0740E-16
  6.7080E+01  6.3498E-01 -4.0757E-16
  6.7184E+01  6.3475E-01 -4.1508E-16
  6.7288E+01  6.3451E-01 -3.9350E-16
  6.7392E+01  6.3425E-01 -4.0013E-16
  6.7496E+01  6.3398E-01 -3.9206E-16
  6.7600E+01  6.3372E-01 -4.0408E-16
  6.7704E+01  6.3345E-01 -3.8782E-16
  6.7808E+01  6.3319E-01 -3.9315E-16
  6.7912E+01  6.3294E-01 -3.8045E-16
  6.8016E+01  6.3270E-01 -3.9209E-16
  6.8120E+01  6.3248E-01 -3.9542E-16
  6.8224E+01  6.3227E-01 -4.0199E-16
  6.8328E+01  6.3208E-01 -3.9803E-16
  6.8432E+01  6.3189E-01 -4.1348E-16
  6.8536E+01  6.3170E-01 -3.9911E-16
  6.8640E+01  6.3151E-01 -4.0865E-16
  6.8744E+01  6.3132E-01 -3.9903E-16
  6.8848E+01  6.3112E-01 -4.0199E-16
  6.8952E+01  6.3091E-01 -3.9761E-16
  6.9056E+01  6.3069E-01 -3.9767E-16
  6.9160E+01  6.3046E-01 -4.0335E-16
  6.9264E+01  6.3023E-01 -4.0075E-16
  6.9368E+01  6.2998E-01 -3.9727E-16
  6.9472E+01  6.2974E-01 -3.9403E-16
  6.9576E+01  6.2949E-01 -4.0447E-16
  6.9680E+01  6.2925E-01 -3.9420E-16
  6.9784E+01  6.2901E-01 -3.9708E-16
  6.9888E+01  6.2878E-01 -4.0675E-16
  6.9992E+01  6.2856E-01 -4.0458E-16
  7.0096E+01  6.2834E-01 -4.0885E-16
  7.0200E+01  6.2814E-01 -4.0413E-16
  7.0304E+01  6.2794E-01 -3.9728E-16
  7.0408E+01  6.2774E-01 -4.0366E-16
  7.0512E+01  6.2755E-01 -3.9600E-16
  7.0616E+01  6.2735E-01 -3.9431E-16
  7.0720E+01  6.2715E-01 -3.9281E-16
  7.0824E+01  6.2695E-01 -3.8763E-16
  7.0928E+01  6.2674E-01 -3.8032E-16
  7.1032E+01  6.2653E-01 -3.7795E-16
  7.1136E+01  6.2631E-01 -3.8570E-16
  7.1240E+01  6.2608E-01 -3.8722E-16
  7.1344E+01  6.2586E-01 -3.8841E-16
  7.1448E+01  6.2563E-01 -3.8311E-16
  7.1552E+01  6.2540E-01 -4.0074E-16
  7.1656E+01  6.2518E-01 -4.0207E-16
  7.1760E+01  6.2496E-01 -4.0479E-16
  7.1864E+01  6.2474E-01 -4.0752E-16
  7.1968E+01  6.2453E-01 -4.1214E-16
  7.2072E+01  6.2432E-01 -4.0766E-16
  7.2176E+01  6.2411E-01 -4.1537E-16
  7.2280E+01  6.2391E-01 -4.0636E-16
  7.2384E+01  6.2371E-01 -4.1056E-16
  7.2488E+01  6.2351E-01 -4.1571E-16
  7.2592E+01  6.2331E-01 -4.0182E-16
  7.2696E+01  6.2311E-01 -3.9857E-16
  7.2800E+01  6.2290E-01 -3.9626E-16
  7.2904E+01  6.2269E-01 -4.0919E-16
  7.3008E+01  6.2248E-01 -4.0208E-16
  7.3112E+01  6.2227E-01 -4.0826E-16
  7.3216E+01  6.2205E-01 -4.1031E-16
  7.3320E+01  6.2184E-01 -4.1229E-16
  7.3424E+01  6.2163E-01 -4.1046E-16
  7.3528E+01  6.2142E-01 -4.1612E-16
  7.3632E+01  6.2121E-01 -4.2358E-16
  7.3736E+01  6.2100E-01 -4.1751E-16
  7.3840E+01  6.2079E-01 -4.2363E-16
  7.3944E+01  6.2058E-01 -4.2076E-16
  7.4048E+01  6.2038E-01 -4.1804E-16
  7.4152E+01  6.2017E-01 -4.2368E-16
  7.4256E+01  6.1997E-01 -4.1502E-16
  7.4360E+01  6.1976E-01 -4.0743E-16
  7.4464E+01  6.1956E-01 -4.1942E-16
  7.4568E+01  6.1936E-01 -4.0641E-16
  7.4672E+01  6.1915E-01 -4.0946E-16
  7.4776E+01  6.1895E-01 -4.0836E-16
  7.4880E+01  6.1875E-01 -4.0345E-16
  7.4984E+01  6.1854E-01 -4.1167E-16
  7.5088E+01  6.1834E-01 -4.0063E-16
  7.5192E+01  6.1814E-01 -4.0388E-16
  7.5296E+01  6.1793E-01 -3.9745E-16
  7.5400E+01  6.1773E-01 -4.0236E-16
  7.5504E+01  6.1753E-01 -4.0593E-16
  7.5608E+01  6.1732E-01 -4.1237E-16
  7.5712E+01  6.1712E-01 -4.1928E-16
  7.5816E+01  6.1692E-01 -4.2620E-16
  7.5920E+01  6.1671E-01 -4.2659E-16
  7.6024E+01  6.1651E-01 -4.2996E-16
  7.6128E+01  6.1631E-01 -4.2256E-16
  7.6232E+01  6.1611E-01 -4.3772E-16
  7.6336E+01  6.1591E-01 -4.2399E-16
  7.6440E+01  6.1571E-01 -4.1946E-16
  7.6544E+01  6.1551E-01 -4.0789E-16
  7.6648E+01  6.1531E-01 -4.2324E-16
  7.6752E+01  6.1512E-01 -4.1849E-16
  7.6856E+01  6.1492E-01 -4.2905E-16
  7.6960E+01  6.1472E-01 -4.3058E-16
  7.7064E+01  6.1452E-01 -4.1700E-16
  7.7168E+01  6.1433E-01 -4.3692E-16
  7.7272E+01  6.1413E-01 -4.3249E-16
  7.7376E+01  6.1393E-01 -4.3068E-16
  7.7480E+01  6.1373E-01 -4.2069E-16
  7.7584E+01  6.1353E-01 -4.3099E-16
  7.7688E+01  6.1333E-01 -4.2626E-16
  7.7792E+01  6.1313E-01 -4.2363E-16
  7.7896E+01  6.1293E-01 -4.2560E-16
  7.8000E+01  6.1273E-01 -4.3624E-16
  7.8104E+01  6.1254E-01 -4.3188E-16
  7.8208E+01  6.1234E-01 -4.3080E-16
  7.8312E+01  6.1215E-01 -4.3236E-16
  7.8416E+01  6.1195E-01 -4.2529E-16
  7.8520E+01  6.1176E-01 -4.2857E-16
  7.8624E+01  6.1157E-01 -4.3012E-16
  7.8728E+01  6.1137E-01 -4.3351E-16
  7.8832E+01  6.1118E-01 -4.2436E-16
  7.8936E+01  6.1099E-01 -4.2913E-16
  7.9040E+01  6.1079E-01 -4.2749E-16
  7.9144E+01  6.1060E-01 -4.1996E-16
  7.9248E+01  6.1041E-01 -4.3051E-16
  7.9352E+01  6.1021E-01 -4.2781E-16
  7.9456E+01  6.1002E-01 -4.2368E-16
  7.9560E+01  6.0982E-01 -4.2611E-16
  7.9664E+01  6.0963E-01 -4.2513E-16
  7.9768E+01  6.0943E-01 -4.3933E-16
  7.9872E+01  6.0924E-01 -4.3164E-16
  7.9976E+01  6.0905E-01 -4.3498E-16
  8.0080E+01  6.0886E-01 -4.2340E-16
  8.0184E+01  6.0867E-01 -4.2936E-16
  8.0288E+01  6.0848E-01 -4.3461E-16
  8.0392E+01  6.0829E-01 -4.2666E-16
  8.0496E+01  6.0810E-01 -4.3367E-16
  8.0600E+01  6.0791E-01 -4.3535E-16
  8.0704E+01  6.0772E-01 -4.3332E-16
  8.0808E+01  6.0753E-01 -4.3631E-16
  8.0912E+01  6.0733E-01 -4.3686E-16
  8.1016E+01  6.0714E-01 -4.3377E-16
  8.1120E+01  6.0695E-01 -4.3597E-16
  8.1224E+01  6.0676E-01 -4.3893E-16
  8.1328E+01  6.0656E-01 -4.3046E-16
  8.1432E+01  6.0638E-01 -4.3559E-16
  8.1536E+01  6.0619E-01 -4.4060E-16
  8.1640E+01  6.0600E-01 -4.3498E-16
  8.1744E+01  6.0582E-01 -4.4352E-16
  8.1848E+01  6.0563E-01 -4.3896E-16
  8.1952E+01  6.0545E-01 -4.4302E-16
  8.2056E+01  6.0527E-01 -4.3394E-16
  8.2160E+01  6.0508E-01 -4.4059E-16
  8.2264E+01  6.0490E-01 -4.4956E-16
  8.2368E+01  6.0471E-01 -4.4561E-16
  8.2472E+01  6.0453E-01 -4.4812E-16
  8.2576E+01  6.0434E-01 -4.4528E-16
  8.2680E+01  6.0415E-01 -4.3944E-16
  8.2784E+01  6.0396E-01 -4.4937E-16
  8.2888E+01  6.0377E-01 -4.4474E-16
  8.2992E+01  6.0358E-01 -4.4911E-16
  8.3096E+01  6.0339E-01 -4.5523E-16
  8.3200E+01  6.0320E-01 -4.4556E-16
  8.3304E+01  6.0301E-01 -4.4757E-16
  8.3408E+01  6.0283E-01 -4.5880E-16
  8.3512E+01  6.0265E-01 -4.4551E-16
  8.3616E+01  6.0246E-01 -4.5188E-16
  8.3720E+01  6.0228E-01 -4.5278E-16
  8.3824E+01  6.0211E-01 -4.4333E-16
  8.3928E+01  6.0193E-01 -4.5106E-16
  8.4032E+01  6.0175E-01 -4.4050E-16
  8.4136E+01  6.0157E-01 -4.4527E-16
  8.4240E+01  6.0139E-01 -4.3521E-16
  8.4344E+01  6.0121E-01 -4.3867E-16
  8.4448E+01  6.0102E-01 -4.3830E-16
  8.4552E+01  6.0084E-01 -4.3724E-16
  8.4656E+01  6.0065E-01 -4.3890E-16
  8.4760E+01  6.0047E-01 -4.3899E-16
  8.4864E+01  6.0028E-01 -4.3229E-16
  8.4968E+01  6.0010E-01 -4.4043E-16
  8.5072E+01  5.9991E-01 -4.4754E-16
  8.5176E+01  5.9973E-01 -4.5614E-16
  8.5280E+01  5.9955E-01 -4.5098E-16
  8.5384E+01  5.9937E-01 -4.5216E-16
  8.5488E+01  5.9919E-01 -4.5194E-16
  8.5592E+01  5.9901E-01 -4.4237E-16
  8.5696E+01  5.9883E-01 -4.4519E-16
  8.5800E+01  5.9866E-01 -4.4748E-16
  8.5904E+01  5.9848E-01 -4.5138E-16
  8.6008E+01  5.9830E-01 -4.4699E-16
  8.6112E+01  5.9813E-01 -4.5382E-16
  8.6216E+01  5.9795E-01 -4.6117E-16
  8.6320E+01  5.9777E-01 -4.6498E-16
  8.6424E+01  5.9759E-01 -4.5388E-16
  8.6528E+01  5.9741E-01 -4.6393E-16
  8.6632E+01  5.9723E-01 -4.5519E-16
  8.6736E+01  5.9705E-01 -4.5925E-16
  8.6840E+01  5.9687E-01 -4.6277E-16
  8.6944E+01  5.9669E-01 -4.6477E-16
  8.7048E+01  5.9651E-01 -4.6164E-16
  8.7152E+01  5.9633E-01 -4.6491E-16
  8.7256E+01  5.9615E-01 -4.6021E-16
  8.7360E+01  5.9598E-01 -4.5674E-16
  8.7464E+01  5.9580E-01 -4.6501E-16
  8.7568E+01  5.9563E-01 -4.5554E-16
  8.7672E+01  5.9545E-01 -4.5804E-16
  8.7776E+01  5.9528E-01 -4.5826E-16
  8.7880E+01  5.9511E-01 -4.6168E-16
  8.7984E+01  5.9493E-01 -4.5303E-16
  8.8088E+01  5.9476E-01 -4.5529E-16
  8.8192E+01  5.9458E-01 -4.5317E-16
  8.8296E+01  5.9441E-01 -4.6834E-16
  8.8400E+01  5.9423E-01 -4.6659E-16
  8.8504E+01  5.9406E-01 -4.6782E-16
  8.8608E+01  5.9388E-01 -4.7398E-16
  8.8712E+01  5.9370E-01 -4.6910E-16
  8.8816E+01  5.9353E-01 -4.7363E-16
  8.8920E+01  5.9335E-01 -4.8074E-16
  8.9024E+01  5.9318E-01 -4.7082E-16
  8.9128E+01  5.9301E-01 -4.7359E-16
  8.9232E+01  5.9283E-01 -4.7914E-16
  8.9336E+01  5.9266E-01 -4.6903E-16
  8.9440E+01  5.9249E-01 -4.8148E-16
  8.9544E+01  5.9232E-01 -4.7243E-16
  8.9648E+01  5.9214E-01 -4.7666E-16
  8.9752E+01  5.9197E-01 -4.6978E-16
  8.9856E+01  5.9180E-01 -4.6430E-16
  8.9960E+01  5.9163E-01 -4.6616E-16
  9.0064E+01  5.9146E-01 -4.6054E-16
  9.0168E+01  5.9129E-01 -4.6333E-16
  9.0272E+01  5.9112E-01 -4.6743E-16
  9.0376E+01  5.9094E-01 -4.6170E-16
  9.0480E+01  5.9077E-01 -4.6740E-16
  9.0584E+01  5.9060E-01 -4.6381E-16
  9.0688E+01  5.9043E-01 -4.6824E-16
  9.0792E+01  5.9026E-01 -4.7140E-16
  9.0896E+01  5.9009E-01 -4.7152E-16
  9.1000E+01  5.8992E-01 -4.7943E-16
  9.1104E+01  5.8975E-01 -4.7773E-16
  9.1208E+01  5.8958E-01 -4.7820E-16
  9.1312E+01  5.8941E-01 -4.7801E-16
  9.1416E+01  5.8924E-01 -4.8512E-16
  9.1520E+01  5.8907E-01 -4.7415E-16
  9.1624E+01  5.8890E-01 -4.7923E-16
  9.1728E+01  5.8873E-01 -4.7414E-16
  9.1832E+01  5.8857E-01 -4.8303E-16
  9.1936E+01  5.8840E-01 -4.8983E-16
  9.2040E+01  5.8823E-01 -4.7832E-16
  9.2144E+01  5.8806E-01 -4.6759E-16
  9.2248E+01  5.8789E-01 -4.8464E-16
  9.2352E+01  5.8773E-01 -4.9232E-16
  9.2456E+01  5.8756E-01 -5.0352E-16
  9.2560E+01  5.8739E-01 -4.9007E-16
  9.2664E+01  5.8722E-01 -4.9802E-16
  9.2768E+01  5.8706E-01 -4.9754E-16
  9.2872E+01  5.8689E-01 -4.9249E-16
  9.2976E+01  5.8672E-01 -4.9512E-16
  9.3080E+01  5.8655E-01 -4.8964E-16
  9.3184E+01  5.8639E-01 -4.8534E-16
  9.3288E+01  5.8622E-01 -4.7386E-16
  9.3392E+01  5.8606E-01 -4.6997E-16
  9.3496E+01  5.8589E-01 -4.7548E-16
  9.3600E+01  5.8572E-01 -4.6999E-16
  9.3704E+01  5.8556E-01 -4.6359E-16
  9.3808E+01  5.8539E-01 -4.6875E-16
  9.3912E+01  5.8523E-01 -4.6768E-16
  9.4016E+01  5.8506E-01 -4.6802E-16
  9.4120E+01  5.8490E-01 -4.7068E-16
  9.4224E+01  5.8474E-01 -4.7404E-16
  9.4328E+01  5.8457E-01 -4.8179E-16
  9.4432E+01  5.8441E-01 -4.8080E-16
  9.4536E+01  5.8424E-01 -4.9170E-16
  9.4640E+01  5.8408E-01 -4.8659E-16
  9.4744E+01  5.8391E-01 -4.9037E-16
  9.4848E+01  5.8375E-01 -4.8767E-16
  9.4952E+01  5.8359E-01 -4.9252E-16
  9.5056E+01  5.8342E-01 -4.9536E-16
  9.5160E+01  5.8326E-01 -4.9224E-16
  9.5264E+01  5.8310E-01 -4.8808E-16
  9.5368E+01  5.8293E-01 -4.9255E-16
  9.5472E+01  5.8277E-01 -4.8027E-16
  9.5576E+01  5.8261E-01 -4.9511E-16
  9.5680E+01  5.8245E-01 -4.9220E-16
  9.5784E+01  5.8229E-01 -4.9347E-16
  9.5888E+01  5.8212E-01 -4.8887E-16
  9.5992E+01  5.8196E-01 -4.9080E-16
  9.6096E+01  5.8180E-01 -4.8455E-16
  9.6200E+01  5.8164E-01 -4.8981E-16
  9.6304E+01  5.8148E-01 -4.8805E-16
  9.6408E+01  5.8132E-01 -5.0690E-16
  9.6512E+01  5.8116E-01 -4.9424E-16
  9.6616E+01  5.8100E-01 -4.8837E-16
  9.6720E+01  5.8083E-01 -4.9793E-16
  9.6824E+01  5.8067E-01 -5.0189E-16
  9.6928E+01  5.8051E-01 -5.0137E-16
  9.7032E+01  5.8035E-01 -4.9790E-16
  9.7136E+01  5.8019E-01 -5.1058E-16
  9.7240E+01  5.8003E-01 -5.0250E-16
  9.7344E+01  5.7988E-01 -5.0521E-16
  9.7448E+01  5.7972E-01 -5.1242E-16
  9.7552E+01  5.7956E-01 -5.0474E-16
  9.7656E+01  5.7940E-01 -5.1332E-16
  9.7760E+01  5.7924E-01 -5.0347E-16
  9.7864E+01  5.7908E-01 -5.1433E-16
  9.7968E+01  5.7892E-01 -5.1339E-16
  9.8072E+01  5.7876E-01 -5.1349E-16
  9.8176E+01  5.7860E-01 -5.0813E-16
  9.8280E+01  5.7845E-01 -5.0899E-16
  9.8384E+01  5.7829E-01 -5.0118E-16
  9.8488E+01  5.7813E-01 -5.0939E-16
  9.8592E+01  5.7797E-01 -5.0818E-16
  9.8696E+01  5.7781E-01 -5.1289E-16
  9.8800E+01  5.7766E-01 -5.1651E-16
  9.8904E+01  5.7750E-01 -5.0493E-16
  9.9008E+01  5.7734E-01 -5.1098E-16
  9.9112E+01  5.7719E-01 -5.0945E-16
  9.9216E+01  5.7703E-01 -5.1263E-16
  9.9320E+01  5.7687E-01 -5.0632E-16
  9.9424E+01  5.7672E-01 -5.0541E-16
  9.9528E+01  5.7656E-01 -5.0005E-16
  9.9632E+01  5.7641E-01 -5.0961E-16
  9.9736E+01  5.7625E-01 -5.0552E-16
  9.9840E+01  5.7609E-01 -5.0556E-16
  9.9944E+01  5.7594E-01 -5.0950E-16
  1.0005E+02  5.7578E-01 -5.0290E-16
  1.0015E+02  5.7563E-01 -5.1125E-16
  1.0026E+02  5.7547E-01 -5.1191E-16
  1.0036E+02  5.7531E-01 -5.0418E-16
  1.0046E+02  5.7516E-01 -5.1125E-16
  1.0057E+02  5.7500E-01 -5.1196E-16
  1.0067E+02  5.7485E-01 -5.0524E-16
  1.0078E+02  5.7470E-01 -5.0412E-16
  1.0088E+02  5.7454E-01 -5.1125E-16
  1.0098E+02  5.7439E-01 -5.0400E-16
  1.0109E+02  5.7423E-01 -5.0998E-16
  1.0119E+02  5.7408E-01 -5.1146E-16
  1.0130E+02  5.7393E-01 -5.0925E-16
  1.0140E+02  5.7377E-01 -5.1359E-16
  1.0150E+02  5.7362E-01 -5.0947E-16
  1.0161E+02  5.7347E-01 -5.0824E-16
  1.0171E+02  5.7331E-01 -5.0668E-16
  1.0182E+02  5.7316E-01 -5.0936E-16
  1.0192E+02  5.7301E-01 -5.0403E-16
  1.0202E+02  5.7286E-01 -5.1641E-16
  1.0213E+02  5.7270E-01 -5.1529E-16
  1.0223E+02  5.7255E-01 -5.2011E-16
  1.0234E+02  5.7240E-01 -5.1526E-16
  1.0244E+02  5.7224E-01 -5.1205E-16
  1.0254E+02  5.7209E-01 -5.1916E-16
  1.0265E+02  5.7194E-01 -5.1876E-16
  1.0275E+02  5.7179E-01 -5.1270E-16
  1.0286E+02  5.7164E-01 -5.0638E-16
  1.0296E+02  5.7149E-01 -5.1966E-16
  1.0306E+02  5.7134E-01 -5.1667E-16
  1.0317E+02  5.7119E-01 -5.1354E-16
  1.0327E+02  5.7104E-01 -5.0964E-16
  1.0338E+02  5.7088E-01 -5.1109E-16
  1.0348E+02  5.7073E-01 -5.1672E-16
  1.0358E+02  5.7058E-01 -5.1089E-16
  1.0369E+02  5.7043E-01 -5.0899E-16
  1.0379E+02  5.7028E-01 -5.0804E-16
  1.0390E+02  5.7013E-01 -5.0815E-16
  1.0400E+02  5.6998E-01 -5.2135E-16
  1.0410E+02  5.6983E-01 -5.1817E-16
  1.0421E+02  5.6968E-01 -5.1269E-16
  1.0431E+02  5.6953E-01 -5.1668E-16
  1.0442E+02  5.6938E-01 -5.1761E-16
  1.0452E+02  5.6923E-01 -5.2892E-16
  1.0462E+02  5.6909E-01 -5.2557E-16
  1.0473E+02  5.6894E-01 -5.2390E-16
  1.0483E+02  5.6879E-01 -5.2992E-16
  1.0494E+02  5.6864E-01 -5.2976E-16
  1.0504E+02  5.6849E-01 -5.3113E-16
  1.0514E+02  5.6834E-01 -5.2443E-16
  1.0525E+02  5.6820E-01 -5.3257E-16
  1.0535E+02  5.6805E-01 -5.2765E-16
  1.0546E+02  5.6790E-01 -5.2347E-16
  1.0556E+02  5.6775E-01 -5.3683E-16
  1.0566E+02  5.6760E-01 -5.2801E-16
  1.0577E+02  5.6746E-01 -5.3089E-16
  1.0587E+02  5.6731E-01 -5.2429E-16
  1.0598E+02  5.6716E-01 -5.2369E-16
  1.0608E+02  5.6701E-01 -5.3114E-16
  1.0618E+02  5.6687E-01 -5.2835E-16
  1.0629E+02  5.6672E-01 -5.2808E-16
  1.0639E+02  5.6657E-01 -5.2963E-16
  1.0650E+02  5.6643E-01 -5.2928E-16
  1.0660E+02  5.6628E-01 -5.3371E-16
  1.0670E+02  5.6613E-01 -5.3110E-16
  1.0681E+02  5.6599E-01 -5.2980E-16
  1.0691E+02  5.6584E-01 -5.3752E-16
  1.0702E+02  5.6570E-01 -5.3398E-16
  1.0712E+02  5.6555E-01 -5.2991E-16
  1.0722E+02  5.6541E-01 -5.2839E-16
  1.0733E+02  5.6526E-01 -5.2354E-16
  1.0743E+02  5.6512E-01 -5.2248E-16
  1.0754E+02  5.6497E-01 -5.2943E-16
  1.0764E+02  5.6482E-01 -5.3353E-16
  1.0774E+02  5.6468E-01 -5.2630E-16
  1.0785E+02  5.6453E-01 -5.3437E-16
  1.0795E+02  5.6439E-01 -5.2554E-16
  1.0806E+02  5.6425E-01 -5.3146E-16
  1.0816E+02  5.6410E-01 -5.3657E-16
  1.0826E+02  5.6396E-01 -5.3491E-16
  1.0837E+02  5.6381E-01 -5.3965E-16
  1.0847E+02  5.6367E-01 -5.3698E-16
  1.0858E+02  5.6353E-01 -5.3949E-16
  1.0868E+02  5.6338E-01 -5.4085E-16
  1.0878E+02  5.6324E-01 -5.3831E-16
  1.0889E+02  5.6309E-01 -5.4359E-16
  1.0899E+02  5.6295E-01 -5.3934E-16
  1.0910E+02  5.6281E-01 -5.4724E-16
  1.0920E+02  5.6266E-01 -5.3656E-16
  1.0930E+02  5.6252E-01 -5.3370E-16
  1.0941E+02  5.6238E-01 -5.3093E-16
  1.0951E+02  5.6224E-01 -5.3122E-16
  1.0962E+02  5.6209E-01 -5.3289E-16
  1.0972E+02  5.6195E-01 -5.3667E-16
  1.0982E+02  5.6181E-01 -5.3212E-16
  1.0993E+02  5.6167E-01 -5.3794E-16
  1.1003E+02  5.6152E-01 -5.3489E-16
  1.1014E+02  5.6138E-01 -5.3689E-16
  1.1024E+02  5.6124E-01 -5.3624E-16
  1.1034E+02  5.6110E-01 -5.3162E-16
  1.1045E+02  5.6096E-01 -5.4330E-16
  1.1055E+02  5.6082E-01 -5.3980E-16
  1.1066E+02  5.6068E-01 -5.3892E-16
  1.1076E+02  5.6053E-01 -5.2877E-16
  1.1086E+02  5.6039E-01 -5.4410E-16
  1.1097E+02  5.6025E-01 -5.4341E-16
  1.1107E+02  5.6011E-01 -5.3849E-16
  1.1118E+02  5.5997E-01 -5.2955E-16
  1.1128E+02  5.5983E-01 -5.3068E-16
  1.1138E+02  5.5969E-01 -5.3559E-16
  1.1149E+02  5.5955E-01 -5.4275E-16
  1.1159E+02  5.5941E-01 -5.2569E-16
  1.1170E+02  5.5927E-01 -5.3265E-16
  1.1180E+02  5.5913E-01 -5.3887E-16
  1.1190E+02  5.5899E-01 -5.3526E-16
  1.1201E+02  5.5885E-01 -5.4057E-16
  1.1211E+02  5.5871E-01 -5.3242E-16
  1.1222E+02  5.5857E-01 -5.3233E-16
  1.1232E+02  5.5843E-01 -5.3961E-16
  1.1242E+02  5.5829E-01 -5.3277E-16
  1.1253E+02  5.5815E-01 -5.4150E-16
  1.1263E+02  5.5802E-01 -5.3084E-16
  1.1274E+02  5.5788E-01 -5.4322E-16
  1.1284E+02  5.5774E-01 -5.3878E-16
  1.1294E+02  5.5760E-01 -5.3841E-16
  1.1305E+02  5.5746E-01 -5.4243E-16
  1.1315E+02  5.5732E-01 -5.3903E-16
  1.1326E+02  5.5718E-01 -5.4075E-16
  1.1336E+02  5.5705E-01 -5.3702E-16
  1.1346E+02  5.5691E-01 -5.3510E-16
  1.1357E+02  5.5677E-01 -5.3440E-16
  1.1367E+02  5.5663E-01 -5.3282E-16
  1.1378E+02  5.5650E-01 -5.3133E-16
  1.1388E+02  5.5636E-01 -5.2944E-16
  1.1398E+02  5.5622E-01 -5.3244E-16
  1.1409E+02  5.5608E-01 -5.3072E-16
  1.1419E+02  5.5595E-01 -5.4362E-16
  1.1430E+02  5.5581E-01 -5.4863E-16
  1.1440E+02  5.5567E-01 -5.5631E-16
  1.1450E+02  5.5554E-01 -5.5675E-16
  1.1461E+02  5.5540E-01 -5.4548E-16
  1.1471E+02  5.5526E-01 -5.5053E-16
  1.1482E+02  5.5513E-01 -5.5826E-16
  1.1492E+02  5.5499E-01 -5.5275E-16
  1.1502E+02  5.5485E-01 -5.4523E-16
  1.1513E+02  5.5472E-01 -5.4546E-16
  1.1523E+02  5.5458E-01 -5.4267E-16
  1.1534E+02  5.5445E-01 -5.3970E-16
  1.1544E+02  5.5431E-01 -5.5033E-16
  1.1554E+02  5.5418E-01 -5.4566E-16
  1.1565E+02  5.5404E-01 -5.4552E-16
  1.1575E+02  5.5390E-01 -5.4361E-16
  1.1586E+02  5.5377E-01 -5.4143E-16
  1.1596E+02  5.5363E-01 -5.4335E-16
  1.1606E+02  5.5350E-01 -5.4686E-16
  1.1617E+02  5.5336E-01 -5.4811E-16
  1.1627E+02  5.5323E-01 -5.3542E-16
  1.1638E+02  5.5310E-01 -5.3876E-16
  1.1648E+02  5.5296E-01 -5.4544E-16
  1.1658E+02  5.5283E-01 -5.4727E-16
  1.1669E+02  5.5269E-01 -5.4309E-16
  1.1679E+02  5.5256E-01 -5.5108E-16
  1.1690E+02  5.5242E-01 -5.5685E-16
  1.1700E+02  5.5229E-01 -5.5308E-16
  1.1710E+02  5.5216E-01 -5.5743E-16
  1.1721E+02  5.5202E-01 -5.5761E-16
  1.1731E+02  5.5189E-01 -5.5391E-16
  1.1742E+02  5.5176E-01 -5.5665E-16
  1.1752E+02  5.5162E-01 -5.6124E-16
  1.1762E+02  5.5149E-01 -5.7127E-16
  1.1773E+02  5.5136E-01 -5.5656E-16
  1.1783E+02  5.5122E-01 -5.6962E-16
  1.1794E+02  5.5109E-01 -5.6890E-16
  1.1804E+02  5.5096E-01 -5.6677E-16
  1.1814E+02  5.5083E-01 -5.6447E-16
  1.1825E+02  5.5069E-01 -5.6445E-16
  1.1835E+02  5.5056E-01 -5.6465E-16
  1.1846E+02  5.5043E-01 -5.6404E-16
  1.1856E+02  5.5030E-01 -5.6551E-16
  1.1866E+02  5.5016E-01 -5.5941E-16
  1.1877E+02  5.5003E-01 -5.6111E-16
  1.1887E+02  5.4990E-01 -5.6232E-16
  1.1898E+02  5.4977E-01 -5.6660E-16
  1.1908E+02  5.4964E-01 -5.5974E-16
  1.1918E+02  5.4950E-01 -5.7141E-16
  1.1929E+02  5.4937E-01 -5.7152E-16
  1.1939E+02  5.4924E-01 -5.7690E-16
  1.1950E+02  5.4911E-01 -5.7252E-16
  1.1960E+02  5.4898E-01 -5.7086E-16
  1.1970E+02  5.4885E-01 -5.7260E-16
  1.1981E+02  5.4872E-01 -5.6495E-16
  1.1991E+02  5.4859E-01 -5.6124E-16
  1.2002E+02  5.4846E-01 -5.6238E-16
  1.2012E+02  5.4833E-01 -5.6255E-16
  1.2022E+02  5.4820E-01 -5.6099E-16
  1.2033E+02  5.4807E-01 -5.5273E-16
  1.2043E+02  5.4794E-01 -5.6303E-16
  1.2054E+02  5.4780E-01 -5.6701E-16
  1.2064E+02  5.4767E-01 -5.5852E-16
  1.2074E+02  5.4755E-01 -5.5943E-16
  1.2085E+02  5.4742E-01 -5.6802E-16
  1.2095E+02  5.4729E-01 -5.6734E-16
  1.2106E+02  5.4716E-01 -5.6114E-16
  1.2116E+02  5.4703E-01 -5.7508E-16
  1.2126E+02  5.4690E-01 -5.7122E-16
  1.2137E+02  5.4677E-01 -5.8023E-16
  1.2147E+02  5.4664E-01 -5.8470E-16
  1.2158E+02  5.4651E-01 -5.8189E-16
  1.2168E+02  5.4638E-01 -5.8147E-16
  1.2178E+02  5.4625E-01 -5.8425E-16
  1.2189E+02  5.4612E-01 -5.7883E-16
  1.2199E+02  5.4599E-01 -5.8124E-16
  1.2210E+02  5.4587E-01 -5.8018E-16
  1.2220E+02  5.4574E-01 -5.7711E-16
  1.2230E+02  5.4561E-01 -5.7455E-16
  1.2241E+02  5.4548E-01 -5.7410E-16
  1.2251E+02  5.4535E-01 -5.6274E-16
  1.2262E+02  5.4523E-01 -5.7442E-16
  1.2272E+02  5.4510E-01 -5.7015E-16
  1.2282E+02  5.4497E-01 -5.7185E-16
  1.2293E+02  5.4484E-01 -5.7469E-16
  1.2303E+02  5.4471E-01 -5.6957E-16
  1.2314E+02  5.4459E-01 -5.7968E-16
  1.2324E+02  5.4446E-01 -5.7118E-16
  1.2334E+02  5.4433E-01 -5.8009E-16
  1.2345E+02  5.4420E-01 -5.8320E-16
  1.2355E+02  5.4408E-01 -5.7973E-16
  1.2366E+02  5.4395E-01 -5.8145E-16
  1.2376E+02  5.4382E-01 -5.7357E-16
  1.2386E+02  5.4370E-01 -5.7784E-16
  1.2397E+02  5.4357E-01 -5.7119E-16
  1.2407E+02  5.4344E-01 -5.6994E-16
  1.2418E+02  5.4332E-01 -5.8013E-16
  1.2428E+02  5.4319E-01 -5.7715E-16
  1.2438E+02  5.4307E-01 -5.8127E-16
  1.2449E+02  5.4294E-01 -5.7269E-16
  1.2459E+02  5.4281E-01 -5.8253E-16
  1.2470E+02  5.4269E-01 -5.8081E-16
  1.2480E+02  5.4256E-01 -5.8833E-16
  1.2490E+02  5.4244E-01 -5.7869E-16
  1.2500E+02  5.4232E-01 -5.8610E-16
