# CREATED BY GENE DIAGNOSTICS TOOL on Thu May 24 14:22:19 2018
# diag: GAMDIAG, run(s): 0015, time window: 0-499(2013 steps), species: ions
# normalization: L_ref=1.4419m
#
# xind= 0, x/a= -NaN, q= 1.8091675
# Fit:    -NaN,Infinity,Infinity
# Analytic: -NaN,Infinity,Infinity
#  t          Re[phi]     Im[phi]   
  0.0000E+00  9.9988E-01  0.0000E+00
  2.4800E-01  9.9769E-01  7.0287E-04
  4.9600E-01  9.9121E-01  1.3999E-03
  7.4400E-01  9.8060E-01  2.0852E-03
  9.9200E-01  9.6604E-01  2.7531E-03
  1.2400E+00  9.4772E-01  3.3980E-03
  1.4880E+00  9.2580E-01  4.0149E-03
  1.7360E+00  9.0049E-01  4.5989E-03
  1.9840E+00  8.7201E-01  5.1457E-03
  2.2320E+00  8.4060E-01  5.6513E-03
  2.4800E+00  8.0654E-01  6.1121E-03
  2.7280E+00  7.7012E-01  6.5251E-03
  2.9760E+00  7.3164E-01  6.8878E-03
  3.2240E+00  6.9143E-01  7.1983E-03
  3.4720E+00  6.4981E-01  7.4550E-03
  3.7200E+00  6.0711E-01  7.6570E-03
  3.9680E+00  5.6366E-01  7.8040E-03
  4.2160E+00  5.1981E-01  7.8962E-03
  4.4640E+00  4.7587E-01  7.9342E-03
  4.7120E+00  4.3217E-01  7.9192E-03
  4.9600E+00  3.8903E-01  7.8529E-03
  5.2080E+00  3.4673E-01  7.7375E-03
  5.4560E+00  3.0557E-01  7.5755E-03
  5.7040E+00  2.6580E-01  7.3699E-03
  5.9520E+00  2.2768E-01  7.1241E-03
  6.2000E+00  1.9143E-01  6.8417E-03
  6.4480E+00  1.5724E-01  6.5266E-03
  6.6960E+00  1.2531E-01  6.1830E-03
  6.9440E+00  9.5787E-02  5.8153E-03
  7.1920E+00  6.8803E-02  5.4279E-03
  7.4400E+00  4.4468E-02  5.0254E-03
  7.6880E+00  2.2868E-02  4.6126E-03
  7.9360E+00  4.0618E-03  4.1941E-03
  8.1840E+00 -1.1914E-02  3.7745E-03
  8.4320E+00 -2.5042E-02  3.3585E-03
  8.6800E+00 -3.5328E-02  2.9504E-03
  8.9280E+00 -4.2804E-02  2.5545E-03
  9.1760E+00 -4.7527E-02  2.1749E-03
  9.4240E+00 -4.9567E-02  1.8156E-03
  9.6720E+00 -4.9002E-02  1.4801E-03
  9.9200E+00 -4.5924E-02  1.1718E-03
  1.0168E+01 -4.0457E-02  8.9364E-04
  1.0416E+01 -3.2742E-02  6.4827E-04
  1.0664E+01 -2.2934E-02  4.3800E-04
  1.0912E+01 -1.1188E-02  2.6480E-04
  1.1160E+01  2.3312E-03  1.3026E-04
  1.1408E+01  1.7450E-02  3.5537E-05
  1.1656E+01  3.3982E-02 -1.8611E-05
  1.1904E+01  5.1737E-02 -3.1809E-05
  1.2152E+01  7.0518E-02 -4.1094E-06
  1.2400E+01  9.0133E-02  6.4042E-05
  1.2648E+01  1.1039E-01  1.7184E-04
  1.2896E+01  1.3109E-01  3.1810E-04
  1.3144E+01  1.5205E-01  5.0130E-04
  1.3392E+01  1.7306E-01  7.1964E-04
  1.3640E+01  1.9394E-01  9.7103E-04
  1.3888E+01  2.1450E-01  1.2531E-03
  1.4136E+01  2.3458E-01  1.5632E-03
  1.4384E+01  2.5402E-01  1.8982E-03
  1.4632E+01  2.7267E-01  2.2550E-03
  1.4880E+01  2.9036E-01  2.6302E-03
  1.5128E+01  3.0697E-01  3.0201E-03
  1.5376E+01  3.2237E-01  3.4212E-03
  1.5624E+01  3.3643E-01  3.8301E-03
  1.5872E+01  3.4907E-01  4.2430E-03
  1.6120E+01  3.6019E-01  4.6565E-03
  1.6368E+01  3.6973E-01  5.0668E-03
  1.6616E+01  3.7763E-01  5.4705E-03
  1.6864E+01  3.8383E-01  5.8639E-03
  1.7112E+01  3.8833E-01  6.2436E-03
  1.7360E+01  3.9109E-01  6.6064E-03
  1.7608E+01  3.9211E-01  6.9490E-03
  1.7856E+01  3.9141E-01  7.2687E-03
  1.8104E+01  3.8902E-01  7.5627E-03
  1.8352E+01  3.8498E-01  7.8287E-03
  1.8600E+01  3.7933E-01  8.0647E-03
  1.8848E+01  3.7215E-01  8.2687E-03
  1.9096E+01  3.6352E-01  8.4394E-03
  1.9344E+01  3.5351E-01  8.5754E-03
  1.9592E+01  3.4222E-01  8.6759E-03
  1.9840E+01  3.2974E-01  8.7403E-03
  2.0088E+01  3.1618E-01  8.7682E-03
  2.0336E+01  3.0166E-01  8.7598E-03
  2.0584E+01  2.8632E-01  8.7153E-03
  2.0832E+01  2.7028E-01  8.6355E-03
  2.1080E+01  2.5368E-01  8.5213E-03
  2.1328E+01  2.3666E-01  8.3741E-03
  2.1576E+01  2.1935E-01  8.1954E-03
  2.1824E+01  2.0189E-01  7.9871E-03
  2.2072E+01  1.8442E-01  7.7512E-03
  2.2320E+01  1.6705E-01  7.4900E-03
  2.2568E+01  1.4992E-01  7.2060E-03
  2.2816E+01  1.3313E-01  6.9017E-03
  2.3064E+01  1.1681E-01  6.5799E-03
  2.3312E+01  1.0107E-01  6.2435E-03
  2.3560E+01  8.6005E-02  5.8957E-03
  2.3808E+01  7.1726E-02  5.5393E-03
  2.4056E+01  5.8328E-02  5.1777E-03
  2.4304E+01  4.5897E-02  4.8139E-03
  2.4552E+01  3.4511E-02  4.4511E-03
  2.4800E+01  2.4234E-02  4.0924E-03
  2.5048E+01  1.5117E-02  3.7409E-03
  2.5296E+01  7.1995E-03  3.3994E-03
  2.5544E+01  5.1263E-04  3.0708E-03
  2.5792E+01 -4.9217E-03  2.7578E-03
  2.6040E+01 -9.0922E-03  2.4630E-03
  2.6288E+01 -1.2003E-02  2.1886E-03
  2.6536E+01 -1.3670E-02  1.9369E-03
  2.6784E+01 -1.4123E-02  1.7096E-03
  2.7032E+01 -1.3392E-02  1.5086E-03
  2.7280E+01 -1.1513E-02  1.3352E-03
  2.7528E+01 -8.5267E-03  1.1907E-03
  2.7776E+01 -4.4779E-03  1.0760E-03
  2.8024E+01  5.8100E-04  9.9180E-04
  2.8272E+01  6.5841E-03  9.3844E-04
  2.8520E+01  1.3452E-02  9.1605E-04
  2.8768E+01  2.1096E-02  9.2446E-04
  2.9016E+01  2.9428E-02  9.6331E-04
  2.9264E+01  3.8366E-02  1.0320E-03
  2.9512E+01  4.7825E-02  1.1295E-03
  2.9760E+01  5.7717E-02  1.2548E-03
  3.0008E+01  6.7952E-02  1.4064E-03
  3.0256E+01  7.8431E-02  1.5828E-03
  3.0504E+01  8.9059E-02  1.7822E-03
  3.0752E+01  9.9735E-02  2.0028E-03
  3.1000E+01  1.1037E-01  2.2423E-03
  3.1248E+01  1.2085E-01  2.4987E-03
  3.1496E+01  1.3112E-01  2.7694E-03
  3.1744E+01  1.4106E-01  3.0520E-03
  3.1992E+01  1.5063E-01  3.3440E-03
  3.2240E+01  1.5974E-01  3.6426E-03
  3.2488E+01  1.6833E-01  3.9453E-03
  3.2736E+01  1.7635E-01  4.2495E-03
  3.2984E+01  1.8375E-01  4.5524E-03
  3.3232E+01  1.9046E-01  4.8517E-03
  3.3480E+01  1.9646E-01  5.1447E-03
  3.3728E+01  2.0171E-01  5.4290E-03
  3.3976E+01  2.0618E-01  5.7024E-03
  3.4224E+01  2.0984E-01  5.9626E-03
  3.4472E+01  2.1269E-01  6.2076E-03
  3.4720E+01  2.1471E-01  6.4356E-03
  3.4968E+01  2.1592E-01  6.6449E-03
  3.5216E+01  2.1632E-01  6.8340E-03
  3.5464E+01  2.1592E-01  7.0016E-03
  3.5712E+01  2.1475E-01  7.1465E-03
  3.5960E+01  2.1282E-01  7.2678E-03
  3.6208E+01  2.1019E-01  7.3649E-03
  3.6456E+01  2.0687E-01  7.4371E-03
  3.6704E+01  2.0293E-01  7.4844E-03
  3.6952E+01  1.9841E-01  7.5065E-03
  3.7200E+01  1.9335E-01  7.5038E-03
  3.7448E+01  1.8783E-01  7.4764E-03
  3.7696E+01  1.8189E-01  7.4251E-03
  3.7944E+01  1.7559E-01  7.3506E-03
  3.8192E+01  1.6900E-01  7.2538E-03
  3.8440E+01  1.6218E-01  7.1361E-03
  3.8688E+01  1.5521E-01  6.9986E-03
  3.8936E+01  1.4813E-01  6.8429E-03
  3.9184E+01  1.4101E-01  6.6707E-03
  3.9432E+01  1.3391E-01  6.4836E-03
  3.9680E+01  1.2690E-01  6.2836E-03
  3.9928E+01  1.2003E-01  6.0726E-03
  4.0176E+01  1.1336E-01  5.8527E-03
  4.0424E+01  1.0695E-01  5.6259E-03
  4.0672E+01  1.0084E-01  5.3944E-03
  4.0920E+01  9.5069E-02  5.1603E-03
  4.1168E+01  8.9692E-02  4.9258E-03
  4.1416E+01  8.4752E-02  4.6929E-03
  4.1664E+01  8.0285E-02  4.4637E-03
  4.1912E+01  7.6323E-02  4.2403E-03
  4.2160E+01  7.2885E-02  4.0245E-03
  4.2408E+01  6.9988E-02  3.8182E-03
  4.2656E+01  6.7646E-02  3.6232E-03
  4.2904E+01  6.5871E-02  3.4412E-03
  4.3152E+01  6.4672E-02  3.2735E-03
  4.3400E+01  6.4056E-02  3.1216E-03
  4.3648E+01  6.4018E-02  2.9866E-03
  4.3896E+01  6.4551E-02  2.8697E-03
  4.4144E+01  6.5639E-02  2.7716E-03
  4.4392E+01  6.7263E-02  2.6931E-03
  4.4640E+01  6.9401E-02  2.6348E-03
  4.4888E+01  7.2027E-02  2.5970E-03
  4.5136E+01  7.5115E-02  2.5800E-03
  4.5384E+01  7.8632E-02  2.5839E-03
  4.5632E+01  8.2544E-02  2.6084E-03
  4.5880E+01  8.6811E-02  2.6533E-03
  4.6128E+01  9.1390E-02  2.7179E-03
  4.6376E+01  9.6240E-02  2.8018E-03
  4.6624E+01  1.0132E-01  2.9040E-03
  4.6872E+01  1.0659E-01  3.0236E-03
  4.7120E+01  1.1200E-01  3.1597E-03
  4.7368E+01  1.1751E-01  3.3109E-03
  4.7616E+01  1.2309E-01  3.4760E-03
  4.7864E+01  1.2869E-01  3.6535E-03
  4.8112E+01  1.3426E-01  3.8421E-03
  4.8360E+01  1.3976E-01  4.0401E-03
  4.8608E+01  1.4515E-01  4.2459E-03
  4.8856E+01  1.5039E-01  4.4579E-03
  4.9104E+01  1.5544E-01  4.6743E-03
  4.9352E+01  1.6029E-01  4.8935E-03
  4.9600E+01  1.6489E-01  5.1137E-03
  4.9848E+01  1.6921E-01  5.3334E-03
  5.0096E+01  1.7322E-01  5.5508E-03
  5.0344E+01  1.7691E-01  5.7644E-03
  5.0592E+01  1.8026E-01  5.9727E-03
  5.0840E+01  1.8324E-01  6.1742E-03
  5.1088E+01  1.8585E-01  6.3674E-03
  5.1336E+01  1.8807E-01  6.5512E-03
  5.1584E+01  1.8990E-01  6.7243E-03
  5.1832E+01  1.9133E-01  6.8855E-03
  5.2080E+01  1.9237E-01  7.0341E-03
  5.2328E+01  1.9302E-01  7.1689E-03
  5.2576E+01  1.9329E-01  7.2894E-03
  5.2824E+01  1.9317E-01  7.3949E-03
  5.3072E+01  1.9269E-01  7.4849E-03
  5.3320E+01  1.9185E-01  7.5590E-03
  5.3568E+01  1.9067E-01  7.6170E-03
  5.3816E+01  1.8917E-01  7.6589E-03
  5.4064E+01  1.8736E-01  7.6846E-03
  5.4312E+01  1.8527E-01  7.6944E-03
  5.4560E+01  1.8293E-01  7.6886E-03
  5.4808E+01  1.8037E-01  7.6676E-03
  5.5056E+01  1.7762E-01  7.6321E-03
  5.5304E+01  1.7471E-01  7.5825E-03
  5.5552E+01  1.7166E-01  7.5199E-03
  5.5800E+01  1.6850E-01  7.4450E-03
  5.6048E+01  1.6527E-01  7.3588E-03
  5.6296E+01  1.6199E-01  7.2624E-03
  5.6544E+01  1.5870E-01  7.1570E-03
  5.6792E+01  1.5542E-01  7.0438E-03
  5.7040E+01  1.5219E-01  6.9240E-03
  5.7288E+01  1.4903E-01  6.7988E-03
  5.7536E+01  1.4596E-01  6.6697E-03
  5.7784E+01  1.4300E-01  6.5379E-03
  5.8032E+01  1.4018E-01  6.4049E-03
  5.8280E+01  1.3751E-01  6.2718E-03
  5.8528E+01  1.3502E-01  6.1400E-03
  5.8776E+01  1.3274E-01  6.0108E-03
  5.9024E+01  1.3066E-01  5.8854E-03
  5.9272E+01  1.2882E-01  5.7650E-03
  5.9520E+01  1.2721E-01  5.6506E-03
  5.9768E+01  1.2586E-01  5.5434E-03
  6.0016E+01  1.2475E-01  5.4443E-03
  6.0264E+01  1.2390E-01  5.3541E-03
  6.0512E+01  1.2330E-01  5.2736E-03
  6.0760E+01  1.2296E-01  5.2036E-03
  6.1008E+01  1.2286E-01  5.1445E-03
  6.1256E+01  1.2302E-01  5.0969E-03
  6.1504E+01  1.2341E-01  5.0612E-03
  6.1752E+01  1.2404E-01  5.0375E-03
  6.2000E+01  1.2490E-01  5.0262E-03
  6.2248E+01  1.2596E-01  5.0272E-03
  6.2496E+01  1.2723E-01  5.0405E-03
  6.2744E+01  1.2867E-01  5.0660E-03
  6.2992E+01  1.3027E-01  5.1034E-03
  6.3240E+01  1.3202E-01  5.1524E-03
  6.3488E+01  1.3390E-01  5.2125E-03
  6.3736E+01  1.3589E-01  5.2833E-03
  6.3984E+01  1.3798E-01  5.3641E-03
  6.4232E+01  1.4013E-01  5.4542E-03
  6.4480E+01  1.4235E-01  5.5530E-03
  6.4728E+01  1.4460E-01  5.6595E-03
  6.4976E+01  1.4686E-01  5.7730E-03
  6.5224E+01  1.4911E-01  5.8926E-03
  6.5472E+01  1.5134E-01  6.0174E-03
  6.5720E+01  1.5352E-01  6.1463E-03
  6.5968E+01  1.5564E-01  6.2784E-03
  6.6216E+01  1.5767E-01  6.4126E-03
  6.6464E+01  1.5961E-01  6.5479E-03
  6.6712E+01  1.6143E-01  6.6834E-03
  6.6960E+01  1.6313E-01  6.8181E-03
  6.7208E+01  1.6469E-01  6.9510E-03
  6.7456E+01  1.6610E-01  7.0812E-03
  6.7704E+01  1.6735E-01  7.2078E-03
  6.7952E+01  1.6842E-01  7.3298E-03
  6.8200E+01  1.6932E-01  7.4465E-03
  6.8448E+01  1.7002E-01  7.5571E-03
  6.8696E+01  1.7054E-01  7.6609E-03
  6.8944E+01  1.7087E-01  7.7571E-03
  6.9192E+01  1.7100E-01  7.8454E-03
  6.9440E+01  1.7093E-01  7.9250E-03
  6.9688E+01  1.7067E-01  7.9957E-03
  6.9936E+01  1.7022E-01  8.0570E-03
  7.0184E+01  1.6958E-01  8.1086E-03
  7.0432E+01  1.6877E-01  8.1505E-03
  7.0680E+01  1.6779E-01  8.1824E-03
  7.0928E+01  1.6664E-01  8.2044E-03
  7.1176E+01  1.6535E-01  8.2166E-03
  7.1424E+01  1.6392E-01  8.2190E-03
  7.1672E+01  1.6237E-01  8.2119E-03
  7.1920E+01  1.6070E-01  8.1956E-03
  7.2168E+01  1.5894E-01  8.1705E-03
  7.2416E+01  1.5709E-01  8.1370E-03
  7.2664E+01  1.5519E-01  8.0956E-03
  7.2912E+01  1.5323E-01  8.0469E-03
  7.3160E+01  1.5123E-01  7.9915E-03
  7.3408E+01  1.4922E-01  7.9300E-03
  7.3656E+01  1.4720E-01  7.8632E-03
  7.3904E+01  1.4520E-01  7.7918E-03
  7.4152E+01  1.4322E-01  7.7166E-03
  7.4400E+01  1.4128E-01  7.6382E-03
  7.4648E+01  1.3940E-01  7.5576E-03
  7.4896E+01  1.3759E-01  7.4755E-03
  7.5144E+01  1.3585E-01  7.3927E-03
  7.5392E+01  1.3421E-01  7.3099E-03
  7.5640E+01  1.3266E-01  7.2280E-03
  7.5888E+01  1.3121E-01  7.1477E-03
  7.6136E+01  1.2987E-01  7.0697E-03
  7.6384E+01  1.2865E-01  6.9947E-03
  7.6632E+01  1.2754E-01  6.9234E-03
  7.6880E+01  1.2655E-01  6.8563E-03
  7.7128E+01  1.2569E-01  6.7940E-03
  7.7376E+01  1.2494E-01  6.7370E-03
  7.7624E+01  1.2430E-01  6.6857E-03
  7.7872E+01  1.2378E-01  6.6404E-03
  7.8120E+01  1.2337E-01  6.6016E-03
  7.8368E+01  1.2306E-01  6.5695E-03
  7.8616E+01  1.2285E-01  6.5442E-03
  7.8864E+01  1.2274E-01  6.5258E-03
  7.9112E+01  1.2271E-01  6.5145E-03
  7.9360E+01  1.2276E-01  6.5102E-03
  7.9608E+01  1.2288E-01  6.5129E-03
  7.9856E+01  1.2306E-01  6.5224E-03
  8.0104E+01  1.2330E-01  6.5385E-03
  8.0352E+01  1.2358E-01  6.5611E-03
  8.0600E+01  1.2390E-01  6.5898E-03
  8.0848E+01  1.2425E-01  6.6243E-03
  8.1096E+01  1.2462E-01  6.6642E-03
  8.1344E+01  1.2501E-01  6.7092E-03
  8.1592E+01  1.2541E-01  6.7587E-03
  8.1840E+01  1.2582E-01  6.8123E-03
  8.2088E+01  1.2623E-01  6.8696E-03
  8.2336E+01  1.2664E-01  6.9300E-03
  8.2584E+01  1.2705E-01  6.9931E-03
  8.2832E+01  1.2744E-01  7.0581E-03
  8.3080E+01  1.2782E-01  7.1247E-03
  8.3328E+01  1.2819E-01  7.1923E-03
  8.3576E+01  1.2853E-01  7.2604E-03
  8.3824E+01  1.2886E-01  7.3283E-03
  8.4072E+01  1.2916E-01  7.3957E-03
  8.4320E+01  1.2943E-01  7.4620E-03
  8.4568E+01  1.2968E-01  7.5268E-03
  8.4816E+01  1.2990E-01  7.5896E-03
  8.5064E+01  1.3009E-01  7.6499E-03
  8.5312E+01  1.3024E-01  7.7075E-03
  8.5560E+01  1.3037E-01  7.7618E-03
  8.5808E+01  1.3046E-01  7.8127E-03
  8.6056E+01  1.3051E-01  7.8599E-03
  8.6304E+01  1.3052E-01  7.9029E-03
  8.6552E+01  1.3050E-01  7.9417E-03
  8.6800E+01  1.3043E-01  7.9761E-03
  8.7048E+01  1.3032E-01  8.0058E-03
  8.7296E+01  1.3017E-01  8.0309E-03
  8.7544E+01  1.2998E-01  8.0512E-03
  8.7792E+01  1.2974E-01  8.0666E-03
  8.8040E+01  1.2945E-01  8.0773E-03
  8.8288E+01  1.2911E-01  8.0833E-03
  8.8536E+01  1.2873E-01  8.0846E-03
  8.8784E+01  1.2830E-01  8.0813E-03
  8.9032E+01  1.2782E-01  8.0736E-03
  8.9280E+01  1.2729E-01  8.0616E-03
  8.9528E+01  1.2671E-01  8.0455E-03
  8.9776E+01  1.2609E-01  8.0256E-03
  9.0024E+01  1.2542E-01  8.0021E-03
  9.0272E+01  1.2470E-01  7.9753E-03
  9.0520E+01  1.2395E-01  7.9454E-03
  9.0768E+01  1.2316E-01  7.9127E-03
  9.1016E+01  1.2234E-01  7.8776E-03
  9.1264E+01  1.2149E-01  7.8404E-03
  9.1512E+01  1.2061E-01  7.8015E-03
  9.1760E+01  1.1971E-01  7.7611E-03
  9.2008E+01  1.1879E-01  7.7197E-03
  9.2256E+01  1.1786E-01  7.6776E-03
  9.2504E+01  1.1692E-01  7.6352E-03
  9.2752E+01  1.1598E-01  7.5927E-03
  9.3000E+01  1.1505E-01  7.5506E-03
  9.3248E+01  1.1413E-01  7.5092E-03
  9.3496E+01  1.1322E-01  7.4687E-03
  9.3744E+01  1.1234E-01  7.4297E-03
  9.3992E+01  1.1148E-01  7.3922E-03
  9.4240E+01  1.1066E-01  7.3567E-03
  9.4488E+01  1.0987E-01  7.3233E-03
  9.4736E+01  1.0913E-01  7.2924E-03
  9.4984E+01  1.0843E-01  7.2642E-03
  9.5232E+01  1.0779E-01  7.2387E-03
  9.5480E+01  1.0720E-01  7.2164E-03
  9.5728E+01  1.0668E-01  7.1972E-03
  9.5976E+01  1.0621E-01  7.1814E-03
  9.6224E+01  1.0582E-01  7.1690E-03
  9.6472E+01  1.0549E-01  7.1601E-03
  9.6720E+01  1.0522E-01  7.1548E-03
  9.6968E+01  1.0503E-01  7.1531E-03
  9.7216E+01  1.0490E-01  7.1549E-03
  9.7464E+01  1.0483E-01  7.1603E-03
  9.7712E+01  1.0484E-01  7.1692E-03
  9.7960E+01  1.0491E-01  7.1815E-03
  9.8208E+01  1.0504E-01  7.1971E-03
  9.8456E+01  1.0522E-01  7.2159E-03
  9.8704E+01  1.0547E-01  7.2378E-03
  9.8952E+01  1.0577E-01  7.2625E-03
  9.9200E+01  1.0611E-01  7.2899E-03
  9.9448E+01  1.0649E-01  7.3198E-03
  9.9696E+01  1.0692E-01  7.3519E-03
  9.9944E+01  1.0737E-01  7.3860E-03
  1.0019E+02  1.0786E-01  7.4220E-03
  1.0044E+02  1.0836E-01  7.4594E-03
  1.0069E+02  1.0888E-01  7.4980E-03
  1.0094E+02  1.0940E-01  7.5376E-03
  1.0118E+02  1.0993E-01  7.5779E-03
  1.0143E+02  1.1046E-01  7.6186E-03
  1.0168E+02  1.1098E-01  7.6594E-03
  1.0193E+02  1.1149E-01  7.7000E-03
  1.0218E+02  1.1198E-01  7.7402E-03
  1.0242E+02  1.1244E-01  7.7797E-03
  1.0267E+02  1.1288E-01  7.8182E-03
  1.0292E+02  1.1329E-01  7.8554E-03
  1.0317E+02  1.1366E-01  7.8913E-03
  1.0342E+02  1.1399E-01  7.9255E-03
  1.0366E+02  1.1428E-01  7.9578E-03
  1.0391E+02  1.1452E-01  7.9881E-03
  1.0416E+02  1.1471E-01  8.0162E-03
  1.0441E+02  1.1486E-01  8.0420E-03
  1.0466E+02  1.1496E-01  8.0653E-03
  1.0490E+02  1.1501E-01  8.0860E-03
  1.0515E+02  1.1500E-01  8.1041E-03
  1.0540E+02  1.1495E-01  8.1195E-03
  1.0565E+02  1.1485E-01  8.1321E-03
  1.0590E+02  1.1469E-01  8.1420E-03
  1.0614E+02  1.1450E-01  8.1491E-03
  1.0639E+02  1.1425E-01  8.1535E-03
  1.0664E+02  1.1397E-01  8.1552E-03
  1.0689E+02  1.1364E-01  8.1543E-03
  1.0714E+02  1.1327E-01  8.1509E-03
  1.0738E+02  1.1287E-01  8.1451E-03
  1.0763E+02  1.1244E-01  8.1370E-03
  1.0788E+02  1.1198E-01  8.1268E-03
  1.0813E+02  1.1150E-01  8.1146E-03
  1.0838E+02  1.1100E-01  8.1005E-03
  1.0862E+02  1.1048E-01  8.0849E-03
  1.0887E+02  1.0995E-01  8.0678E-03
  1.0912E+02  1.0941E-01  8.0495E-03
  1.0937E+02  1.0887E-01  8.0302E-03
  1.0962E+02  1.0833E-01  8.0101E-03
  1.0986E+02  1.0779E-01  7.9895E-03
  1.1011E+02  1.0727E-01  7.9685E-03
  1.1036E+02  1.0676E-01  7.9475E-03
  1.1061E+02  1.0627E-01  7.9265E-03
  1.1086E+02  1.0579E-01  7.9059E-03
  1.1110E+02  1.0534E-01  7.8859E-03
  1.1135E+02  1.0492E-01  7.8666E-03
  1.1160E+02  1.0452E-01  7.8483E-03
  1.1185E+02  1.0416E-01  7.8312E-03
  1.1210E+02  1.0382E-01  7.8153E-03
  1.1234E+02  1.0352E-01  7.8010E-03
  1.1259E+02  1.0326E-01  7.7884E-03
  1.1284E+02  1.0304E-01  7.7775E-03
  1.1309E+02  1.0285E-01  7.7686E-03
  1.1334E+02  1.0270E-01  7.7616E-03
  1.1358E+02  1.0258E-01  7.7568E-03
  1.1383E+02  1.0251E-01  7.7541E-03
  1.1408E+02  1.0247E-01  7.7536E-03
  1.1433E+02  1.0247E-01  7.7553E-03
  1.1458E+02  1.0250E-01  7.7593E-03
  1.1482E+02  1.0257E-01  7.7655E-03
  1.1507E+02  1.0266E-01  7.7740E-03
  1.1532E+02  1.0279E-01  7.7845E-03
  1.1557E+02  1.0294E-01  7.7972E-03
  1.1582E+02  1.0312E-01  7.8119E-03
  1.1606E+02  1.0332E-01  7.8286E-03
  1.1631E+02  1.0354E-01  7.8471E-03
  1.1656E+02  1.0378E-01  7.8672E-03
  1.1681E+02  1.0403E-01  7.8890E-03
  1.1706E+02  1.0430E-01  7.9122E-03
  1.1730E+02  1.0457E-01  7.9366E-03
  1.1755E+02  1.0485E-01  7.9622E-03
  1.1780E+02  1.0513E-01  7.9888E-03
  1.1805E+02  1.0541E-01  8.0161E-03
  1.1830E+02  1.0569E-01  8.0441E-03
  1.1854E+02  1.0597E-01  8.0724E-03
  1.1879E+02  1.0623E-01  8.1011E-03
  1.1904E+02  1.0649E-01  8.1298E-03
  1.1929E+02  1.0673E-01  8.1584E-03
  1.1954E+02  1.0695E-01  8.1867E-03
  1.1978E+02  1.0716E-01  8.2146E-03
  1.2003E+02  1.0735E-01  8.2419E-03
  1.2028E+02  1.0751E-01  8.2684E-03
  1.2053E+02  1.0766E-01  8.2940E-03
  1.2078E+02  1.0777E-01  8.3186E-03
  1.2102E+02  1.0786E-01  8.3419E-03
  1.2127E+02  1.0792E-01  8.3640E-03
  1.2152E+02  1.0795E-01  8.3846E-03
  1.2177E+02  1.0796E-01  8.4038E-03
  1.2202E+02  1.0793E-01  8.4213E-03
  1.2226E+02  1.0787E-01  8.4371E-03
  1.2251E+02  1.0779E-01  8.4513E-03
  1.2276E+02  1.0767E-01  8.4636E-03
  1.2301E+02  1.0753E-01  8.4742E-03
  1.2326E+02  1.0736E-01  8.4829E-03
  1.2350E+02  1.0716E-01  8.4898E-03
  1.2375E+02  1.0694E-01  8.4949E-03
  1.2400E+02  1.0669E-01  8.4983E-03
  1.2425E+02  1.0642E-01  8.4999E-03
  1.2450E+02  1.0613E-01  8.4998E-03
  1.2474E+02  1.0582E-01  8.4982E-03
  1.2499E+02  1.0549E-01  8.4950E-03
  1.2524E+02  1.0515E-01  8.4903E-03
  1.2549E+02  1.0479E-01  8.4843E-03
  1.2574E+02  1.0443E-01  8.4771E-03
  1.2598E+02  1.0405E-01  8.4687E-03
  1.2623E+02  1.0367E-01  8.4594E-03
  1.2648E+02  1.0329E-01  8.4492E-03
  1.2673E+02  1.0290E-01  8.4382E-03
  1.2698E+02  1.0252E-01  8.4267E-03
  1.2722E+02  1.0213E-01  8.4147E-03
  1.2747E+02  1.0175E-01  8.4024E-03
  1.2772E+02  1.0138E-01  8.3899E-03
  1.2797E+02  1.0102E-01  8.3774E-03
  1.2822E+02  1.0067E-01  8.3650E-03
  1.2846E+02  1.0033E-01  8.3528E-03
  1.2871E+02  1.0000E-01  8.3411E-03
  1.2896E+02  9.9689E-02  8.3298E-03
  1.2921E+02  9.9395E-02  8.3192E-03
  1.2946E+02  9.9118E-02  8.3093E-03
  1.2970E+02  9.8860E-02  8.3002E-03
  1.2995E+02  9.8621E-02  8.2921E-03
  1.3020E+02  9.8402E-02  8.2850E-03
  1.3045E+02  9.8204E-02  8.2790E-03
  1.3070E+02  9.8027E-02  8.2742E-03
  1.3094E+02  9.7870E-02  8.2706E-03
  1.3119E+02  9.7734E-02  8.2683E-03
  1.3144E+02  9.7617E-02  8.2673E-03
  1.3169E+02  9.7521E-02  8.2676E-03
  1.3194E+02  9.7443E-02  8.2692E-03
  1.3218E+02  9.7384E-02  8.2722E-03
  1.3243E+02  9.7343E-02  8.2765E-03
  1.3268E+02  9.7318E-02  8.2821E-03
  1.3293E+02  9.7308E-02  8.2890E-03
  1.3318E+02  9.7313E-02  8.2971E-03
  1.3342E+02  9.7330E-02  8.3064E-03
  1.3367E+02  9.7358E-02  8.3169E-03
  1.3392E+02  9.7395E-02  8.3283E-03
  1.3417E+02  9.7440E-02  8.3407E-03
  1.3442E+02  9.7492E-02  8.3541E-03
  1.3466E+02  9.7547E-02  8.3681E-03
  1.3491E+02  9.7606E-02  8.3829E-03
  1.3516E+02  9.7666E-02  8.3983E-03
  1.3541E+02  9.7725E-02  8.4141E-03
  1.3566E+02  9.7782E-02  8.4303E-03
  1.3590E+02  9.7835E-02  8.4468E-03
  1.3615E+02  9.7882E-02  8.4634E-03
  1.3640E+02  9.7923E-02  8.4801E-03
  1.3665E+02  9.7955E-02  8.4967E-03
  1.3690E+02  9.7978E-02  8.5130E-03
  1.3714E+02  9.7990E-02  8.5291E-03
  1.3739E+02  9.7990E-02  8.5448E-03
  1.3764E+02  9.7977E-02  8.5600E-03
  1.3789E+02  9.7949E-02  8.5746E-03
  1.3814E+02  9.7906E-02  8.5885E-03
  1.3838E+02  9.7848E-02  8.6016E-03
  1.3863E+02  9.7772E-02  8.6139E-03
  1.3888E+02  9.7680E-02  8.6253E-03
  1.3913E+02  9.7571E-02  8.6356E-03
  1.3938E+02  9.7444E-02  8.6450E-03
  1.3962E+02  9.7301E-02  8.6532E-03
  1.3987E+02  9.7140E-02  8.6603E-03
  1.4012E+02  9.6963E-02  8.6663E-03
  1.4037E+02  9.6770E-02  8.6712E-03
  1.4062E+02  9.6562E-02  8.6748E-03
  1.4086E+02  9.6338E-02  8.6773E-03
  1.4111E+02  9.6101E-02  8.6786E-03
  1.4136E+02  9.5851E-02  8.6788E-03
  1.4161E+02  9.5589E-02  8.6778E-03
  1.4186E+02  9.5316E-02  8.6758E-03
  1.4210E+02  9.5034E-02  8.6728E-03
  1.4235E+02  9.4744E-02  8.6687E-03
  1.4260E+02  9.4446E-02  8.6638E-03
  1.4285E+02  9.4143E-02  8.6580E-03
  1.4310E+02  9.3836E-02  8.6514E-03
  1.4334E+02  9.3526E-02  8.6440E-03
  1.4359E+02  9.3216E-02  8.6361E-03
  1.4384E+02  9.2905E-02  8.6276E-03
  1.4409E+02  9.2598E-02  8.6187E-03
  1.4434E+02  9.2293E-02  8.6094E-03
  1.4458E+02  9.1994E-02  8.5998E-03
  1.4483E+02  9.1701E-02  8.5901E-03
  1.4508E+02  9.1417E-02  8.5803E-03
  1.4533E+02  9.1142E-02  8.5705E-03
  1.4558E+02  9.0877E-02  8.5609E-03
  1.4582E+02  9.0625E-02  8.5514E-03
  1.4607E+02  9.0385E-02  8.5422E-03
  1.4632E+02  9.0159E-02  8.5335E-03
  1.4657E+02  8.9948E-02  8.5252E-03
  1.4682E+02  8.9753E-02  8.5174E-03
  1.4706E+02  8.9573E-02  8.5103E-03
  1.4731E+02  8.9410E-02  8.5039E-03
  1.4756E+02  8.9264E-02  8.4982E-03
  1.4781E+02  8.9134E-02  8.4933E-03
  1.4806E+02  8.9022E-02  8.4893E-03
  1.4830E+02  8.8926E-02  8.4862E-03
  1.4855E+02  8.8847E-02  8.4840E-03
  1.4880E+02  8.8785E-02  8.4827E-03
  1.4905E+02  8.8737E-02  8.4824E-03
  1.4930E+02  8.8705E-02  8.4831E-03
  1.4954E+02  8.8686E-02  8.4847E-03
  1.4979E+02  8.8680E-02  8.4873E-03
  1.5004E+02  8.8686E-02  8.4908E-03
  1.5029E+02  8.8703E-02  8.4953E-03
  1.5054E+02  8.8729E-02  8.5006E-03
  1.5078E+02  8.8763E-02  8.5068E-03
  1.5103E+02  8.8804E-02  8.5138E-03
  1.5128E+02  8.8850E-02  8.5215E-03
  1.5153E+02  8.8899E-02  8.5299E-03
  1.5178E+02  8.8952E-02  8.5390E-03
  1.5202E+02  8.9005E-02  8.5485E-03
  1.5227E+02  8.9057E-02  8.5586E-03
  1.5252E+02  8.9107E-02  8.5691E-03
  1.5277E+02  8.9153E-02  8.5799E-03
  1.5302E+02  8.9195E-02  8.5909E-03
  1.5326E+02  8.9229E-02  8.6021E-03
  1.5351E+02  8.9256E-02  8.6134E-03
  1.5376E+02  8.9273E-02  8.6247E-03
  1.5401E+02  8.9281E-02  8.6359E-03
  1.5426E+02  8.9276E-02  8.6469E-03
  1.5450E+02  8.9260E-02  8.6577E-03
  1.5475E+02  8.9230E-02  8.6681E-03
  1.5500E+02  8.9187E-02  8.6781E-03
  1.5525E+02  8.9129E-02  8.6877E-03
  1.5550E+02  8.9056E-02  8.6966E-03
  1.5574E+02  8.8967E-02  8.7050E-03
  1.5599E+02  8.8863E-02  8.7127E-03
  1.5624E+02  8.8742E-02  8.7197E-03
  1.5649E+02  8.8606E-02  8.7260E-03
  1.5674E+02  8.8454E-02  8.7314E-03
  1.5698E+02  8.8285E-02  8.7360E-03
  1.5723E+02  8.8102E-02  8.7397E-03
  1.5748E+02  8.7902E-02  8.7425E-03
  1.5773E+02  8.7689E-02  8.7445E-03
  1.5798E+02  8.7461E-02  8.7455E-03
  1.5822E+02  8.7219E-02  8.7457E-03
  1.5847E+02  8.6966E-02  8.7449E-03
  1.5872E+02  8.6701E-02  8.7433E-03
  1.5897E+02  8.6426E-02  8.7408E-03
  1.5922E+02  8.6141E-02  8.7375E-03
  1.5946E+02  8.5849E-02  8.7335E-03
  1.5971E+02  8.5550E-02  8.7286E-03
  1.5996E+02  8.5246E-02  8.7231E-03
  1.6021E+02  8.4938E-02  8.7170E-03
  1.6046E+02  8.4628E-02  8.7102E-03
  1.6070E+02  8.4317E-02  8.7030E-03
  1.6095E+02  8.4006E-02  8.6953E-03
  1.6120E+02  8.3698E-02  8.6872E-03
  1.6145E+02  8.3394E-02  8.6788E-03
  1.6170E+02  8.3096E-02  8.6702E-03
  1.6194E+02  8.2804E-02  8.6614E-03
  1.6219E+02  8.2522E-02  8.6525E-03
  1.6244E+02  8.2249E-02  8.6436E-03
  1.6269E+02  8.1989E-02  8.6349E-03
  1.6294E+02  8.1741E-02  8.6262E-03
  1.6318E+02  8.1509E-02  8.6179E-03
  1.6343E+02  8.1292E-02  8.6098E-03
  1.6368E+02  8.1092E-02  8.6021E-03
  1.6393E+02  8.0910E-02  8.5949E-03
  1.6418E+02  8.0747E-02  8.5883E-03
  1.6442E+02  8.0603E-02  8.5822E-03
  1.6467E+02  8.0479E-02  8.5767E-03
  1.6492E+02  8.0376E-02  8.5720E-03
  1.6517E+02  8.0293E-02  8.5680E-03
  1.6542E+02  8.0231E-02  8.5648E-03
  1.6566E+02  8.0190E-02  8.5624E-03
  1.6591E+02  8.0168E-02  8.5609E-03
  1.6616E+02  8.0166E-02  8.5603E-03
  1.6641E+02  8.0183E-02  8.5605E-03
  1.6666E+02  8.0217E-02  8.5616E-03
  1.6690E+02  8.0269E-02  8.5636E-03
  1.6715E+02  8.0337E-02  8.5665E-03
  1.6740E+02  8.0420E-02  8.5702E-03
  1.6765E+02  8.0515E-02  8.5748E-03
  1.6790E+02  8.0623E-02  8.5802E-03
  1.6814E+02  8.0741E-02  8.5864E-03
  1.6839E+02  8.0867E-02  8.5933E-03
  1.6864E+02  8.1000E-02  8.6009E-03
  1.6889E+02  8.1138E-02  8.6090E-03
  1.6914E+02  8.1279E-02  8.6178E-03
  1.6938E+02  8.1421E-02  8.6271E-03
  1.6963E+02  8.1562E-02  8.6368E-03
  1.6988E+02  8.1701E-02  8.6468E-03
  1.7013E+02  8.1835E-02  8.6571E-03
  1.7038E+02  8.1963E-02  8.6677E-03
  1.7062E+02  8.2084E-02  8.6783E-03
  1.7087E+02  8.2195E-02  8.6890E-03
  1.7112E+02  8.2295E-02  8.6997E-03
  1.7137E+02  8.2383E-02  8.7103E-03
  1.7162E+02  8.2457E-02  8.7207E-03
  1.7186E+02  8.2517E-02  8.7308E-03
  1.7211E+02  8.2561E-02  8.7406E-03
  1.7236E+02  8.2588E-02  8.7499E-03
  1.7261E+02  8.2599E-02  8.7589E-03
  1.7286E+02  8.2592E-02  8.7672E-03
  1.7310E+02  8.2567E-02  8.7750E-03
  1.7335E+02  8.2523E-02  8.7822E-03
  1.7360E+02  8.2462E-02  8.7886E-03
  1.7385E+02  8.2382E-02  8.7944E-03
  1.7410E+02  8.2284E-02  8.7994E-03
  1.7434E+02  8.2169E-02  8.8036E-03
  1.7459E+02  8.2037E-02  8.8070E-03
  1.7484E+02  8.1889E-02  8.8095E-03
  1.7509E+02  8.1726E-02  8.8113E-03
  1.7534E+02  8.1548E-02  8.8122E-03
  1.7558E+02  8.1357E-02  8.8123E-03
  1.7583E+02  8.1155E-02  8.8116E-03
  1.7608E+02  8.0941E-02  8.8101E-03
  1.7633E+02  8.0718E-02  8.8079E-03
  1.7658E+02  8.0486E-02  8.8049E-03
  1.7682E+02  8.0248E-02  8.8013E-03
  1.7707E+02  8.0005E-02  8.7970E-03
  1.7732E+02  7.9757E-02  8.7921E-03
  1.7757E+02  7.9508E-02  8.7867E-03
  1.7782E+02  7.9257E-02  8.7808E-03
  1.7806E+02  7.9008E-02  8.7745E-03
  1.7831E+02  7.8760E-02  8.7678E-03
  1.7856E+02  7.8516E-02  8.7609E-03
  1.7881E+02  7.8277E-02  8.7537E-03
  1.7906E+02  7.8044E-02  8.7464E-03
  1.7930E+02  7.7818E-02  8.7390E-03
  1.7955E+02  7.7601E-02  8.7316E-03
  1.7980E+02  7.7393E-02  8.7243E-03
  1.8005E+02  7.7195E-02  8.7171E-03
  1.8030E+02  7.7009E-02  8.7101E-03
  1.8054E+02  7.6835E-02  8.7034E-03
  1.8079E+02  7.6673E-02  8.6970E-03
  1.8104E+02  7.6524E-02  8.6909E-03
  1.8129E+02  7.6389E-02  8.6854E-03
  1.8154E+02  7.6268E-02  8.6803E-03
  1.8178E+02  7.6161E-02  8.6758E-03
  1.8203E+02  7.6067E-02  8.6719E-03
  1.8228E+02  7.5988E-02  8.6685E-03
  1.8253E+02  7.5923E-02  8.6659E-03
  1.8278E+02  7.5871E-02  8.6639E-03
  1.8302E+02  7.5833E-02  8.6626E-03
  1.8327E+02  7.5807E-02  8.6620E-03
  1.8352E+02  7.5794E-02  8.6621E-03
  1.8377E+02  7.5792E-02  8.6630E-03
  1.8402E+02  7.5801E-02  8.6646E-03
  1.8426E+02  7.5820E-02  8.6668E-03
  1.8451E+02  7.5848E-02  8.6698E-03
  1.8476E+02  7.5885E-02  8.6734E-03
  1.8501E+02  7.5929E-02  8.6776E-03
  1.8526E+02  7.5979E-02  8.6825E-03
  1.8550E+02  7.6035E-02  8.6879E-03
  1.8575E+02  7.6094E-02  8.6939E-03
  1.8600E+02  7.6157E-02  8.7003E-03
  1.8625E+02  7.6223E-02  8.7071E-03
  1.8650E+02  7.6289E-02  8.7144E-03
  1.8674E+02  7.6355E-02  8.7219E-03
  1.8699E+02  7.6420E-02  8.7298E-03
  1.8724E+02  7.6483E-02  8.7378E-03
  1.8749E+02  7.6542E-02  8.7460E-03
  1.8774E+02  7.6598E-02  8.7542E-03
  1.8798E+02  7.6648E-02  8.7625E-03
  1.8823E+02  7.6693E-02  8.7708E-03
  1.8848E+02  7.6731E-02  8.7789E-03
  1.8873E+02  7.6761E-02  8.7869E-03
  1.8898E+02  7.6783E-02  8.7947E-03
  1.8922E+02  7.6797E-02  8.8022E-03
  1.8947E+02  7.6800E-02  8.8093E-03
  1.8972E+02  7.6794E-02  8.8162E-03
  1.8997E+02  7.6778E-02  8.8225E-03
  1.9022E+02  7.6752E-02  8.8285E-03
  1.9046E+02  7.6715E-02  8.8339E-03
  1.9071E+02  7.6667E-02  8.8388E-03
  1.9096E+02  7.6608E-02  8.8432E-03
  1.9121E+02  7.6538E-02  8.8469E-03
  1.9146E+02  7.6458E-02  8.8500E-03
  1.9170E+02  7.6367E-02  8.8526E-03
  1.9195E+02  7.6266E-02  8.8544E-03
  1.9220E+02  7.6156E-02  8.8557E-03
  1.9245E+02  7.6035E-02  8.8563E-03
  1.9270E+02  7.5906E-02  8.8563E-03
  1.9294E+02  7.5769E-02  8.8557E-03
  1.9319E+02  7.5624E-02  8.8544E-03
  1.9344E+02  7.5472E-02  8.8526E-03
  1.9369E+02  7.5314E-02  8.8502E-03
  1.9394E+02  7.5150E-02  8.8472E-03
  1.9418E+02  7.4981E-02  8.8438E-03
  1.9443E+02  7.4809E-02  8.8399E-03
  1.9468E+02  7.4633E-02  8.8356E-03
  1.9493E+02  7.4456E-02  8.8309E-03
  1.9518E+02  7.4277E-02  8.8258E-03
  1.9542E+02  7.4097E-02  8.8205E-03
  1.9567E+02  7.3918E-02  8.8149E-03
  1.9592E+02  7.3741E-02  8.8092E-03
  1.9617E+02  7.3565E-02  8.8033E-03
  1.9642E+02  7.3392E-02  8.7973E-03
  1.9666E+02  7.3223E-02  8.7912E-03
  1.9691E+02  7.3058E-02  8.7852E-03
  1.9716E+02  7.2898E-02  8.7793E-03
  1.9741E+02  7.2744E-02  8.7734E-03
  1.9766E+02  7.2596E-02  8.7678E-03
  1.9790E+02  7.2454E-02  8.7623E-03
  1.9815E+02  7.2320E-02  8.7571E-03
  1.9840E+02  7.2194E-02  8.7522E-03
  1.9865E+02  7.2075E-02  8.7477E-03
  1.9890E+02  7.1964E-02  8.7435E-03
  1.9914E+02  7.1862E-02  8.7397E-03
  1.9939E+02  7.1769E-02  8.7363E-03
  1.9964E+02  7.1684E-02  8.7334E-03
  1.9989E+02  7.1607E-02  8.7310E-03
  2.0014E+02  7.1539E-02  8.7291E-03
  2.0038E+02  7.1480E-02  8.7276E-03
  2.0063E+02  7.1428E-02  8.7267E-03
  2.0088E+02  7.1384E-02  8.7263E-03
  2.0113E+02  7.1348E-02  8.7264E-03
  2.0138E+02  7.1318E-02  8.7270E-03
  2.0162E+02  7.1296E-02  8.7281E-03
  2.0187E+02  7.1279E-02  8.7297E-03
  2.0212E+02  7.1268E-02  8.7318E-03
  2.0237E+02  7.1262E-02  8.7343E-03
  2.0262E+02  7.1260E-02  8.7372E-03
  2.0286E+02  7.1262E-02  8.7405E-03
  2.0311E+02  7.1268E-02  8.7442E-03
  2.0336E+02  7.1275E-02  8.7482E-03
  2.0361E+02  7.1284E-02  8.7525E-03
  2.0386E+02  7.1295E-02  8.7570E-03
  2.0410E+02  7.1305E-02  8.7618E-03
  2.0435E+02  7.1316E-02  8.7667E-03
  2.0460E+02  7.1325E-02  8.7718E-03
  2.0485E+02  7.1333E-02  8.7769E-03
  2.0510E+02  7.1338E-02  8.7821E-03
  2.0534E+02  7.1341E-02  8.7873E-03
  2.0559E+02  7.1340E-02  8.7924E-03
  2.0584E+02  7.1336E-02  8.7975E-03
  2.0609E+02  7.1327E-02  8.8024E-03
  2.0634E+02  7.1313E-02  8.8072E-03
  2.0658E+02  7.1294E-02  8.8117E-03
  2.0683E+02  7.1269E-02  8.8160E-03
  2.0708E+02  7.1239E-02  8.8200E-03
  2.0733E+02  7.1202E-02  8.8237E-03
  2.0758E+02  7.1159E-02  8.8271E-03
  2.0782E+02  7.1109E-02  8.8301E-03
  2.0807E+02  7.1053E-02  8.8328E-03
  2.0832E+02  7.0990E-02  8.8350E-03
  2.0857E+02  7.0921E-02  8.8368E-03
  2.0882E+02  7.0845E-02  8.8382E-03
  2.0906E+02  7.0763E-02  8.8391E-03
  2.0931E+02  7.0674E-02  8.8396E-03
  2.0956E+02  7.0580E-02  8.8396E-03
  2.0981E+02  7.0480E-02  8.8392E-03
  2.1006E+02  7.0375E-02  8.8383E-03
  2.1030E+02  7.0265E-02  8.8370E-03
  2.1055E+02  7.0150E-02  8.8353E-03
  2.1080E+02  7.0032E-02  8.8332E-03
  2.1105E+02  6.9909E-02  8.8307E-03
  2.1130E+02  6.9784E-02  8.8279E-03
  2.1154E+02  6.9656E-02  8.8247E-03
  2.1179E+02  6.9526E-02  8.8212E-03
  2.1204E+02  6.9394E-02  8.8174E-03
  2.1229E+02  6.9261E-02  8.8133E-03
  2.1254E+02  6.9128E-02  8.8091E-03
  2.1278E+02  6.8995E-02  8.8046E-03
  2.1303E+02  6.8862E-02  8.8000E-03
  2.1328E+02  6.8731E-02  8.7953E-03
  2.1353E+02  6.8601E-02  8.7905E-03
  2.1378E+02  6.8473E-02  8.7857E-03
  2.1402E+02  6.8348E-02  8.7809E-03
  2.1427E+02  6.8227E-02  8.7761E-03
  2.1452E+02  6.8108E-02  8.7714E-03
  2.1477E+02  6.7994E-02  8.7668E-03
  2.1502E+02  6.7883E-02  8.7623E-03
  2.1526E+02  6.7777E-02  8.7579E-03
  2.1551E+02  6.7676E-02  8.7538E-03
  2.1576E+02  6.7580E-02  8.7499E-03
  2.1601E+02  6.7489E-02  8.7463E-03
  2.1626E+02  6.7404E-02  8.7429E-03
  2.1650E+02  6.7324E-02  8.7398E-03
  2.1675E+02  6.7250E-02  8.7370E-03
  2.1700E+02  6.7181E-02  8.7346E-03
  2.1725E+02  6.7118E-02  8.7325E-03
  2.1750E+02  6.7060E-02  8.7308E-03
  2.1774E+02  6.7008E-02  8.7294E-03
  2.1799E+02  6.6961E-02  8.7284E-03
  2.1824E+02  6.6919E-02  8.7277E-03
  2.1849E+02  6.6882E-02  8.7274E-03
  2.1874E+02  6.6850E-02  8.7275E-03
  2.1898E+02  6.6822E-02  8.7279E-03
  2.1923E+02  6.6798E-02  8.7286E-03
  2.1948E+02  6.6778E-02  8.7297E-03
  2.1973E+02  6.6762E-02  8.7311E-03
  2.1998E+02  6.6748E-02  8.7327E-03
  2.2022E+02  6.6737E-02  8.7347E-03
  2.2047E+02  6.6729E-02  8.7369E-03
  2.2072E+02  6.6722E-02  8.7393E-03
  2.2097E+02  6.6717E-02  8.7419E-03
  2.2122E+02  6.6713E-02  8.7448E-03
  2.2146E+02  6.6709E-02  8.7477E-03
  2.2171E+02  6.6706E-02  8.7508E-03
  2.2196E+02  6.6702E-02  8.7539E-03
  2.2221E+02  6.6698E-02  8.7571E-03
  2.2246E+02  6.6693E-02  8.7604E-03
  2.2270E+02  6.6686E-02  8.7636E-03
  2.2295E+02  6.6678E-02  8.7669E-03
  2.2320E+02  6.6668E-02  8.7700E-03
  2.2345E+02  6.6656E-02  8.7731E-03
  2.2370E+02  6.6640E-02  8.7761E-03
  2.2394E+02  6.6622E-02  8.7789E-03
  2.2419E+02  6.6601E-02  8.7816E-03
  2.2444E+02  6.6577E-02  8.7840E-03
  2.2469E+02  6.6550E-02  8.7863E-03
  2.2494E+02  6.6518E-02  8.7884E-03
  2.2518E+02  6.6484E-02  8.7902E-03
  2.2543E+02  6.6445E-02  8.7917E-03
  2.2568E+02  6.6403E-02  8.7930E-03
  2.2593E+02  6.6358E-02  8.7941E-03
  2.2618E+02  6.6308E-02  8.7948E-03
  2.2642E+02  6.6255E-02  8.7952E-03
  2.2667E+02  6.6199E-02  8.7954E-03
  2.2692E+02  6.6139E-02  8.7953E-03
  2.2717E+02  6.6077E-02  8.7949E-03
  2.2742E+02  6.6011E-02  8.7942E-03
  2.2766E+02  6.5942E-02  8.7932E-03
  2.2791E+02  6.5871E-02  8.7919E-03
  2.2816E+02  6.5798E-02  8.7904E-03
  2.2841E+02  6.5723E-02  8.7887E-03
  2.2866E+02  6.5646E-02  8.7867E-03
  2.2890E+02  6.5567E-02  8.7845E-03
  2.2915E+02  6.5487E-02  8.7821E-03
  2.2940E+02  6.5407E-02  8.7796E-03
  2.2965E+02  6.5326E-02  8.7769E-03
  2.2990E+02  6.5244E-02  8.7740E-03
  2.3014E+02  6.5163E-02  8.7711E-03
  2.3039E+02  6.5081E-02  8.7680E-03
  2.3064E+02  6.5001E-02  8.7649E-03
  2.3089E+02  6.4921E-02  8.7618E-03
  2.3114E+02  6.4843E-02  8.7586E-03
  2.3138E+02  6.4765E-02  8.7555E-03
  2.3163E+02  6.4690E-02  8.7524E-03
  2.3188E+02  6.4616E-02  8.7493E-03
  2.3213E+02  6.4545E-02  8.7463E-03
  2.3238E+02  6.4476E-02  8.7434E-03
  2.3262E+02  6.4409E-02  8.7407E-03
  2.3287E+02  6.4345E-02  8.7380E-03
  2.3312E+02  6.4284E-02  8.7356E-03
  2.3337E+02  6.4225E-02  8.7333E-03
  2.3362E+02  6.4170E-02  8.7311E-03
  2.3386E+02  6.4118E-02  8.7292E-03
  2.3411E+02  6.4068E-02  8.7275E-03
  2.3436E+02  6.4022E-02  8.7260E-03
  2.3461E+02  6.3979E-02  8.7247E-03
  2.3486E+02  6.3939E-02  8.7237E-03
  2.3510E+02  6.3902E-02  8.7229E-03
  2.3535E+02  6.3868E-02  8.7223E-03
  2.3560E+02  6.3837E-02  8.7220E-03
  2.3585E+02  6.3808E-02  8.7219E-03
  2.3610E+02  6.3782E-02  8.7221E-03
  2.3634E+02  6.3759E-02  8.7225E-03
  2.3659E+02  6.3738E-02  8.7231E-03
  2.3684E+02  6.3719E-02  8.7239E-03
  2.3709E+02  6.3701E-02  8.7249E-03
  2.3734E+02  6.3686E-02  8.7261E-03
  2.3758E+02  6.3672E-02  8.7274E-03
  2.3783E+02  6.3659E-02  8.7290E-03
  2.3808E+02  6.3647E-02  8.7306E-03
  2.3833E+02  6.3636E-02  8.7324E-03
  2.3858E+02  6.3626E-02  8.7344E-03
  2.3882E+02  6.3615E-02  8.7364E-03
  2.3907E+02  6.3605E-02  8.7384E-03
  2.3932E+02  6.3594E-02  8.7406E-03
  2.3957E+02  6.3583E-02  8.7427E-03
  2.3982E+02  6.3571E-02  8.7449E-03
  2.4006E+02  6.3558E-02  8.7471E-03
  2.4031E+02  6.3544E-02  8.7492E-03
  2.4056E+02  6.3529E-02  8.7513E-03
  2.4081E+02  6.3512E-02  8.7534E-03
  2.4106E+02  6.3493E-02  8.7554E-03
  2.4130E+02  6.3473E-02  8.7572E-03
  2.4155E+02  6.3450E-02  8.7590E-03
  2.4180E+02  6.3425E-02  8.7607E-03
  2.4205E+02  6.3398E-02  8.7622E-03
  2.4230E+02  6.3369E-02  8.7635E-03
  2.4254E+02  6.3337E-02  8.7647E-03
  2.4279E+02  6.3303E-02  8.7657E-03
  2.4304E+02  6.3266E-02  8.7666E-03
  2.4329E+02  6.3227E-02  8.7673E-03
  2.4354E+02  6.3186E-02  8.7677E-03
  2.4378E+02  6.3142E-02  8.7680E-03
  2.4403E+02  6.3095E-02  8.7681E-03
  2.4428E+02  6.3047E-02  8.7680E-03
  2.4453E+02  6.2996E-02  8.7677E-03
  2.4478E+02  6.2943E-02  8.7673E-03
  2.4502E+02  6.2888E-02  8.7666E-03
  2.4527E+02  6.2831E-02  8.7657E-03
  2.4552E+02  6.2772E-02  8.7647E-03
  2.4577E+02  6.2712E-02  8.7635E-03
  2.4602E+02  6.2651E-02  8.7622E-03
  2.4626E+02  6.2588E-02  8.7607E-03
  2.4651E+02  6.2524E-02  8.7591E-03
  2.4676E+02  6.2459E-02  8.7574E-03
  2.4701E+02  6.2394E-02  8.7556E-03
  2.4726E+02  6.2328E-02  8.7536E-03
  2.4750E+02  6.2261E-02  8.7516E-03
  2.4775E+02  6.2194E-02  8.7495E-03
  2.4800E+02  6.2127E-02  8.7474E-03
  2.4825E+02  6.2060E-02  8.7453E-03
  2.4850E+02  6.1994E-02  8.7431E-03
  2.4874E+02  6.1928E-02  8.7409E-03
  2.4899E+02  6.1862E-02  8.7387E-03
  2.4924E+02  6.1797E-02  8.7366E-03
  2.4949E+02  6.1733E-02  8.7345E-03
  2.4974E+02  6.1669E-02  8.7324E-03
  2.4998E+02  6.1607E-02  8.7304E-03
  2.5023E+02  6.1545E-02  8.7285E-03
  2.5048E+02  6.1485E-02  8.7266E-03
  2.5073E+02  6.1426E-02  8.7249E-03
  2.5098E+02  6.1368E-02  8.7233E-03
  2.5122E+02  6.1312E-02  8.7217E-03
  2.5147E+02  6.1256E-02  8.7203E-03
  2.5172E+02  6.1202E-02  8.7191E-03
  2.5197E+02  6.1150E-02  8.7179E-03
  2.5222E+02  6.1099E-02  8.7169E-03
  2.5246E+02  6.1049E-02  8.7160E-03
  2.5271E+02  6.1000E-02  8.7153E-03
  2.5296E+02  6.0952E-02  8.7147E-03
  2.5321E+02  6.0906E-02  8.7142E-03
  2.5346E+02  6.0860E-02  8.7139E-03
  2.5370E+02  6.0816E-02  8.7137E-03
  2.5395E+02  6.0773E-02  8.7136E-03
  2.5420E+02  6.0730E-02  8.7137E-03
  2.5445E+02  6.0689E-02  8.7138E-03
  2.5470E+02  6.0648E-02  8.7141E-03
  2.5494E+02  6.0607E-02  8.7145E-03
  2.5519E+02  6.0567E-02  8.7149E-03
  2.5544E+02  6.0527E-02  8.7154E-03
  2.5569E+02  6.0488E-02  8.7160E-03
  2.5594E+02  6.0448E-02  8.7167E-03
  2.5618E+02  6.0409E-02  8.7174E-03
  2.5643E+02  6.0369E-02  8.7181E-03
  2.5668E+02  6.0330E-02  8.7189E-03
  2.5693E+02  6.0290E-02  8.7197E-03
  2.5718E+02  6.0249E-02  8.7204E-03
  2.5742E+02  6.0208E-02  8.7212E-03
  2.5767E+02  6.0166E-02  8.7219E-03
  2.5792E+02  6.0123E-02  8.7226E-03
  2.5817E+02  6.0079E-02  8.7233E-03
  2.5842E+02  6.0035E-02  8.7239E-03
  2.5866E+02  5.9989E-02  8.7244E-03
  2.5891E+02  5.9942E-02  8.7249E-03
  2.5916E+02  5.9894E-02  8.7253E-03
  2.5941E+02  5.9845E-02  8.7255E-03
  2.5966E+02  5.9794E-02  8.7257E-03
  2.5990E+02  5.9742E-02  8.7258E-03
  2.6015E+02  5.9688E-02  8.7257E-03
  2.6040E+02  5.9633E-02  8.7256E-03
  2.6065E+02  5.9576E-02  8.7253E-03
  2.6090E+02  5.9518E-02  8.7249E-03
  2.6114E+02  5.9459E-02  8.7244E-03
  2.6139E+02  5.9398E-02  8.7237E-03
  2.6164E+02  5.9336E-02  8.7229E-03
  2.6189E+02  5.9272E-02  8.7220E-03
  2.6214E+02  5.9207E-02  8.7209E-03
  2.6238E+02  5.9141E-02  8.7198E-03
  2.6263E+02  5.9073E-02  8.7185E-03
  2.6288E+02  5.9004E-02  8.7171E-03
  2.6313E+02  5.8935E-02  8.7156E-03
  2.6338E+02  5.8864E-02  8.7139E-03
  2.6362E+02  5.8792E-02  8.7122E-03
  2.6387E+02  5.8720E-02  8.7104E-03
  2.6412E+02  5.8647E-02  8.7085E-03
  2.6437E+02  5.8574E-02  8.7065E-03
  2.6462E+02  5.8500E-02  8.7044E-03
  2.6486E+02  5.8426E-02  8.7023E-03
  2.6511E+02  5.8351E-02  8.7002E-03
  2.6536E+02  5.8277E-02  8.6980E-03
  2.6561E+02  5.8203E-02  8.6957E-03
  2.6586E+02  5.8129E-02  8.6935E-03
  2.6610E+02  5.8055E-02  8.6912E-03
  2.6635E+02  5.7982E-02  8.6889E-03
  2.6660E+02  5.7909E-02  8.6867E-03
  2.6685E+02  5.7837E-02  8.6844E-03
  2.6710E+02  5.7765E-02  8.6822E-03
  2.6734E+02  5.7695E-02  8.6800E-03
  2.6759E+02  5.7626E-02  8.6779E-03
  2.6784E+02  5.7557E-02  8.6758E-03
  2.6809E+02  5.7490E-02  8.6737E-03
  2.6834E+02  5.7424E-02  8.6717E-03
  2.6858E+02  5.7359E-02  8.6698E-03
  2.6883E+02  5.7296E-02  8.6680E-03
  2.6908E+02  5.7234E-02  8.6663E-03
  2.6933E+02  5.7173E-02  8.6646E-03
  2.6958E+02  5.7114E-02  8.6630E-03
  2.6982E+02  5.7056E-02  8.6615E-03
  2.7007E+02  5.7000E-02  8.6601E-03
  2.7032E+02  5.6945E-02  8.6588E-03
  2.7057E+02  5.6891E-02  8.6576E-03
  2.7082E+02  5.6839E-02  8.6564E-03
  2.7106E+02  5.6788E-02  8.6554E-03
  2.7131E+02  5.6739E-02  8.6544E-03
  2.7156E+02  5.6690E-02  8.6536E-03
  2.7181E+02  5.6643E-02  8.6528E-03
  2.7206E+02  5.6597E-02  8.6521E-03
  2.7230E+02  5.6552E-02  8.6514E-03
  2.7255E+02  5.6509E-02  8.6508E-03
  2.7280E+02  5.6466E-02  8.6503E-03
  2.7305E+02  5.6423E-02  8.6499E-03
  2.7330E+02  5.6382E-02  8.6495E-03
  2.7354E+02  5.6341E-02  8.6491E-03
  2.7379E+02  5.6301E-02  8.6488E-03
  2.7404E+02  5.6261E-02  8.6485E-03
  2.7429E+02  5.6221E-02  8.6482E-03
  2.7454E+02  5.6182E-02  8.6480E-03
  2.7478E+02  5.6143E-02  8.6477E-03
  2.7503E+02  5.6104E-02  8.6474E-03
  2.7528E+02  5.6066E-02  8.6472E-03
  2.7553E+02  5.6027E-02  8.6469E-03
  2.7578E+02  5.5988E-02  8.6466E-03
  2.7602E+02  5.5949E-02  8.6463E-03
  2.7627E+02  5.5909E-02  8.6459E-03
  2.7652E+02  5.5870E-02  8.6455E-03
  2.7677E+02  5.5830E-02  8.6450E-03
  2.7702E+02  5.5789E-02  8.6445E-03
  2.7726E+02  5.5748E-02  8.6439E-03
  2.7751E+02  5.5707E-02  8.6433E-03
  2.7776E+02  5.5665E-02  8.6426E-03
  2.7801E+02  5.5623E-02  8.6419E-03
  2.7826E+02  5.5581E-02  8.6410E-03
  2.7850E+02  5.5537E-02  8.6401E-03
  2.7875E+02  5.5494E-02  8.6392E-03
  2.7900E+02  5.5450E-02  8.6381E-03
  2.7925E+02  5.5405E-02  8.6370E-03
  2.7950E+02  5.5360E-02  8.6358E-03
  2.7974E+02  5.5315E-02  8.6346E-03
  2.7999E+02  5.5270E-02  8.6332E-03
  2.8024E+02  5.5224E-02  8.6319E-03
  2.8049E+02  5.5178E-02  8.6304E-03
  2.8074E+02  5.5132E-02  8.6289E-03
  2.8098E+02  5.5085E-02  8.6273E-03
  2.8123E+02  5.5039E-02  8.6257E-03
  2.8148E+02  5.4993E-02  8.6240E-03
  2.8173E+02  5.4946E-02  8.6223E-03
  2.8198E+02  5.4900E-02  8.6206E-03
  2.8222E+02  5.4855E-02  8.6188E-03
  2.8247E+02  5.4809E-02  8.6171E-03
  2.8272E+02  5.4764E-02  8.6152E-03
  2.8297E+02  5.4719E-02  8.6134E-03
  2.8322E+02  5.4675E-02  8.6116E-03
  2.8346E+02  5.4631E-02  8.6098E-03
  2.8371E+02  5.4588E-02  8.6080E-03
  2.8396E+02  5.4546E-02  8.6062E-03
  2.8421E+02  5.4504E-02  8.6044E-03
  2.8446E+02  5.4463E-02  8.6027E-03
  2.8470E+02  5.4423E-02  8.6009E-03
  2.8495E+02  5.4384E-02  8.5993E-03
  2.8520E+02  5.4346E-02  8.5976E-03
  2.8545E+02  5.4309E-02  8.5960E-03
  2.8570E+02  5.4272E-02  8.5945E-03
  2.8594E+02  5.4237E-02  8.5930E-03
  2.8619E+02  5.4203E-02  8.5916E-03
  2.8644E+02  5.4169E-02  8.5902E-03
  2.8669E+02  5.4137E-02  8.5889E-03
  2.8694E+02  5.4106E-02  8.5877E-03
  2.8718E+02  5.4075E-02  8.5865E-03
  2.8743E+02  5.4046E-02  8.5854E-03
  2.8768E+02  5.4018E-02  8.5844E-03
  2.8793E+02  5.3990E-02  8.5834E-03
  2.8818E+02  5.3964E-02  8.5825E-03
  2.8842E+02  5.3938E-02  8.5817E-03
  2.8867E+02  5.3914E-02  8.5809E-03
  2.8892E+02  5.3890E-02  8.5802E-03
  2.8917E+02  5.3866E-02  8.5796E-03
  2.8942E+02  5.3844E-02  8.5790E-03
  2.8966E+02  5.3822E-02  8.5785E-03
  2.8991E+02  5.3800E-02  8.5780E-03
  2.9016E+02  5.3780E-02  8.5776E-03
  2.9041E+02  5.3759E-02  8.5772E-03
  2.9066E+02  5.3739E-02  8.5769E-03
  2.9090E+02  5.3720E-02  8.5766E-03
  2.9115E+02  5.3700E-02  8.5763E-03
  2.9140E+02  5.3681E-02  8.5760E-03
  2.9165E+02  5.3662E-02  8.5758E-03
  2.9190E+02  5.3643E-02  8.5756E-03
  2.9214E+02  5.3624E-02  8.5754E-03
  2.9239E+02  5.3605E-02  8.5752E-03
  2.9264E+02  5.3586E-02  8.5750E-03
  2.9289E+02  5.3567E-02  8.5748E-03
  2.9314E+02  5.3548E-02  8.5746E-03
  2.9338E+02  5.3528E-02  8.5744E-03
  2.9363E+02  5.3508E-02  8.5742E-03
  2.9388E+02  5.3488E-02  8.5739E-03
  2.9413E+02  5.3468E-02  8.5736E-03
  2.9438E+02  5.3447E-02  8.5733E-03
  2.9462E+02  5.3425E-02  8.5729E-03
  2.9487E+02  5.3403E-02  8.5726E-03
  2.9512E+02  5.3381E-02  8.5721E-03
  2.9537E+02  5.3358E-02  8.5717E-03
  2.9562E+02  5.3335E-02  8.5712E-03
  2.9586E+02  5.3312E-02  8.5706E-03
  2.9611E+02  5.3287E-02  8.5700E-03
  2.9636E+02  5.3263E-02  8.5694E-03
  2.9661E+02  5.3237E-02  8.5687E-03
  2.9686E+02  5.3212E-02  8.5680E-03
  2.9710E+02  5.3186E-02  8.5672E-03
  2.9735E+02  5.3159E-02  8.5664E-03
  2.9760E+02  5.3132E-02  8.5655E-03
  2.9785E+02  5.3105E-02  8.5646E-03
  2.9810E+02  5.3077E-02  8.5637E-03
  2.9834E+02  5.3049E-02  8.5627E-03
  2.9859E+02  5.3021E-02  8.5617E-03
  2.9884E+02  5.2992E-02  8.5606E-03
  2.9909E+02  5.2963E-02  8.5595E-03
  2.9934E+02  5.2934E-02  8.5584E-03
  2.9958E+02  5.2904E-02  8.5573E-03
  2.9983E+02  5.2875E-02  8.5562E-03
  3.0008E+02  5.2845E-02  8.5550E-03
  3.0033E+02  5.2816E-02  8.5539E-03
  3.0058E+02  5.2786E-02  8.5527E-03
  3.0082E+02  5.2756E-02  8.5515E-03
  3.0107E+02  5.2727E-02  8.5503E-03
  3.0132E+02  5.2697E-02  8.5492E-03
  3.0157E+02  5.2668E-02  8.5480E-03
  3.0182E+02  5.2638E-02  8.5468E-03
  3.0206E+02  5.2609E-02  8.5457E-03
  3.0231E+02  5.2580E-02  8.5446E-03
  3.0256E+02  5.2551E-02  8.5435E-03
  3.0281E+02  5.2522E-02  8.5424E-03
  3.0306E+02  5.2493E-02  8.5413E-03
  3.0330E+02  5.2465E-02  8.5403E-03
  3.0355E+02  5.2437E-02  8.5393E-03
  3.0380E+02  5.2409E-02  8.5384E-03
  3.0405E+02  5.2381E-02  8.5374E-03
  3.0430E+02  5.2354E-02  8.5366E-03
  3.0454E+02  5.2326E-02  8.5357E-03
  3.0479E+02  5.2299E-02  8.5349E-03
  3.0504E+02  5.2272E-02  8.5341E-03
  3.0529E+02  5.2245E-02  8.5333E-03
  3.0554E+02  5.2219E-02  8.5326E-03
  3.0578E+02  5.2192E-02  8.5320E-03
  3.0603E+02  5.2166E-02  8.5313E-03
  3.0628E+02  5.2139E-02  8.5307E-03
  3.0653E+02  5.2113E-02  8.5301E-03
  3.0678E+02  5.2087E-02  8.5296E-03
  3.0702E+02  5.2060E-02  8.5290E-03
  3.0727E+02  5.2034E-02  8.5285E-03
  3.0752E+02  5.2007E-02  8.5281E-03
  3.0777E+02  5.1981E-02  8.5276E-03
  3.0802E+02  5.1954E-02  8.5271E-03
  3.0826E+02  5.1927E-02  8.5267E-03
  3.0851E+02  5.1899E-02  8.5263E-03
  3.0876E+02  5.1872E-02  8.5259E-03
  3.0901E+02  5.1844E-02  8.5255E-03
  3.0926E+02  5.1816E-02  8.5250E-03
  3.0950E+02  5.1788E-02  8.5246E-03
  3.0975E+02  5.1759E-02  8.5242E-03
  3.1000E+02  5.1729E-02  8.5238E-03
  3.1025E+02  5.1700E-02  8.5233E-03
  3.1050E+02  5.1669E-02  8.5228E-03
  3.1074E+02  5.1639E-02  8.5224E-03
  3.1099E+02  5.1607E-02  8.5219E-03
  3.1124E+02  5.1576E-02  8.5213E-03
  3.1149E+02  5.1543E-02  8.5208E-03
  3.1174E+02  5.1510E-02  8.5202E-03
  3.1198E+02  5.1477E-02  8.5195E-03
  3.1223E+02  5.1443E-02  8.5189E-03
  3.1248E+02  5.1408E-02  8.5182E-03
  3.1273E+02  5.1373E-02  8.5175E-03
  3.1298E+02  5.1337E-02  8.5167E-03
  3.1322E+02  5.1300E-02  8.5159E-03
  3.1347E+02  5.1263E-02  8.5150E-03
  3.1372E+02  5.1226E-02  8.5141E-03
  3.1397E+02  5.1188E-02  8.5132E-03
  3.1422E+02  5.1149E-02  8.5122E-03
  3.1446E+02  5.1110E-02  8.5112E-03
  3.1471E+02  5.1070E-02  8.5102E-03
  3.1496E+02  5.1030E-02  8.5091E-03
  3.1521E+02  5.0990E-02  8.5080E-03
  3.1546E+02  5.0949E-02  8.5068E-03
  3.1570E+02  5.0907E-02  8.5056E-03
  3.1595E+02  5.0866E-02  8.5044E-03
  3.1620E+02  5.0824E-02  8.5031E-03
  3.1645E+02  5.0781E-02  8.5019E-03
  3.1670E+02  5.0739E-02  8.5006E-03
  3.1694E+02  5.0696E-02  8.4992E-03
  3.1719E+02  5.0653E-02  8.4979E-03
  3.1744E+02  5.0610E-02  8.4965E-03
  3.1769E+02  5.0566E-02  8.4951E-03
  3.1794E+02  5.0523E-02  8.4937E-03
  3.1818E+02  5.0480E-02  8.4923E-03
  3.1843E+02  5.0436E-02  8.4909E-03
  3.1868E+02  5.0393E-02  8.4895E-03
  3.1893E+02  5.0350E-02  8.4881E-03
  3.1918E+02  5.0307E-02  8.4866E-03
  3.1942E+02  5.0263E-02  8.4852E-03
  3.1967E+02  5.0220E-02  8.4838E-03
  3.1992E+02  5.0178E-02  8.4824E-03
  3.2017E+02  5.0135E-02  8.4810E-03
  3.2042E+02  5.0092E-02  8.4796E-03
  3.2066E+02  5.0050E-02  8.4782E-03
  3.2091E+02  5.0008E-02  8.4769E-03
  3.2116E+02  4.9966E-02  8.4755E-03
  3.2141E+02  4.9925E-02  8.4742E-03
  3.2166E+02  4.9883E-02  8.4729E-03
  3.2190E+02  4.9842E-02  8.4716E-03
  3.2215E+02  4.9801E-02  8.4703E-03
  3.2240E+02  4.9761E-02  8.4691E-03
  3.2265E+02  4.9721E-02  8.4678E-03
  3.2290E+02  4.9681E-02  8.4666E-03
  3.2314E+02  4.9641E-02  8.4654E-03
  3.2339E+02  4.9602E-02  8.4643E-03
  3.2364E+02  4.9562E-02  8.4631E-03
  3.2389E+02  4.9523E-02  8.4620E-03
  3.2414E+02  4.9485E-02  8.4609E-03
  3.2438E+02  4.9446E-02  8.4597E-03
  3.2463E+02  4.9408E-02  8.4587E-03
  3.2488E+02  4.9370E-02  8.4576E-03
  3.2513E+02  4.9332E-02  8.4565E-03
  3.2538E+02  4.9294E-02  8.4555E-03
  3.2562E+02  4.9256E-02  8.4544E-03
  3.2587E+02  4.9219E-02  8.4534E-03
  3.2612E+02  4.9182E-02  8.4523E-03
  3.2637E+02  4.9144E-02  8.4513E-03
  3.2662E+02  4.9107E-02  8.4503E-03
  3.2686E+02  4.9070E-02  8.4492E-03
  3.2711E+02  4.9033E-02  8.4482E-03
  3.2736E+02  4.8997E-02  8.4471E-03
  3.2761E+02  4.8960E-02  8.4461E-03
  3.2786E+02  4.8923E-02  8.4450E-03
  3.2810E+02  4.8886E-02  8.4439E-03
  3.2835E+02  4.8849E-02  8.4429E-03
  3.2860E+02  4.8813E-02  8.4418E-03
  3.2885E+02  4.8776E-02  8.4406E-03
  3.2910E+02  4.8739E-02  8.4395E-03
  3.2934E+02  4.8703E-02  8.4384E-03
  3.2959E+02  4.8666E-02  8.4372E-03
  3.2984E+02  4.8629E-02  8.4360E-03
  3.3009E+02  4.8592E-02  8.4348E-03
  3.3034E+02  4.8556E-02  8.4336E-03
  3.3058E+02  4.8519E-02  8.4323E-03
  3.3083E+02  4.8482E-02  8.4310E-03
  3.3108E+02  4.8446E-02  8.4297E-03
  3.3133E+02  4.8409E-02  8.4284E-03
  3.3158E+02  4.8372E-02  8.4271E-03
  3.3182E+02  4.8336E-02  8.4257E-03
  3.3207E+02  4.8299E-02  8.4243E-03
  3.3232E+02  4.8263E-02  8.4229E-03
  3.3257E+02  4.8227E-02  8.4215E-03
  3.3282E+02  4.8191E-02  8.4201E-03
  3.3306E+02  4.8155E-02  8.4186E-03
  3.3331E+02  4.8119E-02  8.4172E-03
  3.3356E+02  4.8083E-02  8.4157E-03
  3.3381E+02  4.8048E-02  8.4142E-03
  3.3406E+02  4.8012E-02  8.4127E-03
  3.3430E+02  4.7977E-02  8.4112E-03
  3.3455E+02  4.7943E-02  8.4097E-03
  3.3480E+02  4.7908E-02  8.4082E-03
  3.3505E+02  4.7874E-02  8.4067E-03
  3.3530E+02  4.7840E-02  8.4052E-03
  3.3554E+02  4.7807E-02  8.4037E-03
  3.3579E+02  4.7773E-02  8.4021E-03
  3.3604E+02  4.7741E-02  8.4006E-03
  3.3629E+02  4.7708E-02  8.3992E-03
  3.3654E+02  4.7676E-02  8.3977E-03
  3.3678E+02  4.7644E-02  8.3962E-03
  3.3703E+02  4.7613E-02  8.3947E-03
  3.3728E+02  4.7582E-02  8.3933E-03
  3.3753E+02  4.7552E-02  8.3919E-03
  3.3778E+02  4.7522E-02  8.3904E-03
  3.3802E+02  4.7493E-02  8.3890E-03
  3.3827E+02  4.7464E-02  8.3877E-03
  3.3852E+02  4.7435E-02  8.3863E-03
  3.3877E+02  4.7407E-02  8.3850E-03
  3.3902E+02  4.7380E-02  8.3837E-03
  3.3926E+02  4.7352E-02  8.3824E-03
  3.3951E+02  4.7326E-02  8.3811E-03
  3.3976E+02  4.7299E-02  8.3799E-03
  3.4001E+02  4.7273E-02  8.3786E-03
  3.4026E+02  4.7248E-02  8.3774E-03
  3.4050E+02  4.7223E-02  8.3763E-03
  3.4075E+02  4.7198E-02  8.3751E-03
  3.4100E+02  4.7174E-02  8.3740E-03
  3.4125E+02  4.7150E-02  8.3729E-03
  3.4150E+02  4.7127E-02  8.3718E-03
  3.4174E+02  4.7103E-02  8.3707E-03
  3.4199E+02  4.7080E-02  8.3697E-03
  3.4224E+02  4.7058E-02  8.3686E-03
  3.4249E+02  4.7036E-02  8.3676E-03
  3.4274E+02  4.7013E-02  8.3666E-03
  3.4298E+02  4.6992E-02  8.3656E-03
  3.4323E+02  4.6970E-02  8.3646E-03
  3.4348E+02  4.6949E-02  8.3637E-03
  3.4373E+02  4.6927E-02  8.3627E-03
  3.4398E+02  4.6906E-02  8.3618E-03
  3.4422E+02  4.6885E-02  8.3608E-03
  3.4447E+02  4.6864E-02  8.3599E-03
  3.4472E+02  4.6844E-02  8.3590E-03
  3.4497E+02  4.6823E-02  8.3580E-03
  3.4522E+02  4.6802E-02  8.3571E-03
  3.4546E+02  4.6782E-02  8.3562E-03
  3.4571E+02  4.6761E-02  8.3552E-03
  3.4596E+02  4.6741E-02  8.3543E-03
  3.4621E+02  4.6721E-02  8.3533E-03
  3.4646E+02  4.6700E-02  8.3524E-03
  3.4670E+02  4.6680E-02  8.3514E-03
  3.4695E+02  4.6659E-02  8.3505E-03
  3.4720E+02  4.6639E-02  8.3495E-03
  3.4745E+02  4.6618E-02  8.3485E-03
  3.4770E+02  4.6597E-02  8.3475E-03
  3.4794E+02  4.6577E-02  8.3465E-03
  3.4819E+02  4.6556E-02  8.3455E-03
  3.4844E+02  4.6535E-02  8.3445E-03
  3.4869E+02  4.6515E-02  8.3435E-03
  3.4894E+02  4.6494E-02  8.3425E-03
  3.4918E+02  4.6473E-02  8.3414E-03
  3.4943E+02  4.6452E-02  8.3404E-03
  3.4968E+02  4.6431E-02  8.3393E-03
  3.4993E+02  4.6410E-02  8.3382E-03
  3.5018E+02  4.6389E-02  8.3371E-03
  3.5042E+02  4.6368E-02  8.3360E-03
  3.5067E+02  4.6347E-02  8.3350E-03
  3.5092E+02  4.6325E-02  8.3339E-03
  3.5117E+02  4.6304E-02  8.3327E-03
  3.5142E+02  4.6283E-02  8.3316E-03
  3.5166E+02  4.6262E-02  8.3305E-03
  3.5191E+02  4.6241E-02  8.3294E-03
  3.5216E+02  4.6219E-02  8.3283E-03
  3.5241E+02  4.6198E-02  8.3272E-03
  3.5266E+02  4.6177E-02  8.3261E-03
  3.5290E+02  4.6156E-02  8.3250E-03
  3.5315E+02  4.6134E-02  8.3238E-03
  3.5340E+02  4.6113E-02  8.3227E-03
  3.5365E+02  4.6092E-02  8.3216E-03
  3.5390E+02  4.6071E-02  8.3206E-03
  3.5414E+02  4.6050E-02  8.3195E-03
  3.5439E+02  4.6029E-02  8.3184E-03
  3.5464E+02  4.6008E-02  8.3173E-03
  3.5489E+02  4.5987E-02  8.3163E-03
  3.5514E+02  4.5965E-02  8.3152E-03
  3.5538E+02  4.5944E-02  8.3142E-03
  3.5563E+02  4.5923E-02  8.3132E-03
  3.5588E+02  4.5903E-02  8.3122E-03
  3.5613E+02  4.5882E-02  8.3112E-03
  3.5638E+02  4.5861E-02  8.3102E-03
  3.5662E+02  4.5840E-02  8.3092E-03
  3.5687E+02  4.5819E-02  8.3082E-03
  3.5712E+02  4.5798E-02  8.3073E-03
  3.5737E+02  4.5777E-02  8.3063E-03
  3.5762E+02  4.5756E-02  8.3054E-03
  3.5786E+02  4.5735E-02  8.3045E-03
  3.5811E+02  4.5714E-02  8.3036E-03
  3.5836E+02  4.5693E-02  8.3027E-03
  3.5861E+02  4.5671E-02  8.3018E-03
  3.5886E+02  4.5650E-02  8.3009E-03
  3.5910E+02  4.5629E-02  8.3001E-03
  3.5935E+02  4.5607E-02  8.2992E-03
  3.5960E+02  4.5586E-02  8.2984E-03
  3.5985E+02  4.5564E-02  8.2975E-03
  3.6010E+02  4.5542E-02  8.2967E-03
  3.6034E+02  4.5521E-02  8.2958E-03
  3.6059E+02  4.5499E-02  8.2950E-03
  3.6084E+02  4.5476E-02  8.2942E-03
  3.6109E+02  4.5454E-02  8.2933E-03
  3.6134E+02  4.5432E-02  8.2925E-03
  3.6158E+02  4.5409E-02  8.2917E-03
  3.6183E+02  4.5386E-02  8.2908E-03
  3.6208E+02  4.5363E-02  8.2900E-03
  3.6233E+02  4.5340E-02  8.2891E-03
  3.6258E+02  4.5316E-02  8.2883E-03
  3.6282E+02  4.5292E-02  8.2874E-03
  3.6307E+02  4.5268E-02  8.2865E-03
  3.6332E+02  4.5244E-02  8.2856E-03
  3.6357E+02  4.5220E-02  8.2848E-03
  3.6382E+02  4.5195E-02  8.2839E-03
  3.6406E+02  4.5170E-02  8.2829E-03
  3.6431E+02  4.5145E-02  8.2820E-03
  3.6456E+02  4.5120E-02  8.2811E-03
  3.6481E+02  4.5094E-02  8.2801E-03
  3.6506E+02  4.5068E-02  8.2792E-03
  3.6530E+02  4.5042E-02  8.2782E-03
  3.6555E+02  4.5016E-02  8.2772E-03
  3.6580E+02  4.4990E-02  8.2762E-03
  3.6605E+02  4.4963E-02  8.2752E-03
  3.6630E+02  4.4936E-02  8.2741E-03
  3.6654E+02  4.4909E-02  8.2731E-03
  3.6679E+02  4.4881E-02  8.2720E-03
  3.6704E+02  4.4854E-02  8.2710E-03
  3.6729E+02  4.4826E-02  8.2699E-03
  3.6754E+02  4.4798E-02  8.2688E-03
  3.6778E+02  4.4770E-02  8.2677E-03
  3.6803E+02  4.4741E-02  8.2665E-03
  3.6828E+02  4.4713E-02  8.2654E-03
  3.6853E+02  4.4684E-02  8.2643E-03
  3.6878E+02  4.4655E-02  8.2631E-03
  3.6902E+02  4.4627E-02  8.2619E-03
  3.6927E+02  4.4598E-02  8.2608E-03
  3.6952E+02  4.4568E-02  8.2596E-03
  3.6977E+02  4.4539E-02  8.2584E-03
  3.7002E+02  4.4510E-02  8.2572E-03
  3.7026E+02  4.4481E-02  8.2560E-03
  3.7051E+02  4.4451E-02  8.2548E-03
  3.7076E+02  4.4422E-02  8.2536E-03
  3.7101E+02  4.4392E-02  8.2524E-03
  3.7126E+02  4.4363E-02  8.2512E-03
  3.7150E+02  4.4334E-02  8.2500E-03
  3.7175E+02  4.4304E-02  8.2488E-03
  3.7200E+02  4.4275E-02  8.2476E-03
  3.7225E+02  4.4245E-02  8.2464E-03
  3.7250E+02  4.4216E-02  8.2452E-03
  3.7274E+02  4.4186E-02  8.2440E-03
  3.7299E+02  4.4157E-02  8.2428E-03
  3.7324E+02  4.4128E-02  8.2416E-03
  3.7349E+02  4.4099E-02  8.2405E-03
  3.7374E+02  4.4069E-02  8.2393E-03
  3.7398E+02  4.4040E-02  8.2381E-03
  3.7423E+02  4.4011E-02  8.2369E-03
  3.7448E+02  4.3983E-02  8.2357E-03
  3.7473E+02  4.3954E-02  8.2346E-03
  3.7498E+02  4.3925E-02  8.2334E-03
  3.7522E+02  4.3896E-02  8.2323E-03
  3.7547E+02  4.3868E-02  8.2311E-03
  3.7572E+02  4.3840E-02  8.2299E-03
  3.7597E+02  4.3811E-02  8.2288E-03
  3.7622E+02  4.3783E-02  8.2277E-03
  3.7646E+02  4.3755E-02  8.2265E-03
  3.7671E+02  4.3727E-02  8.2254E-03
  3.7696E+02  4.3699E-02  8.2242E-03
  3.7721E+02  4.3672E-02  8.2231E-03
  3.7746E+02  4.3644E-02  8.2220E-03
  3.7770E+02  4.3617E-02  8.2208E-03
  3.7795E+02  4.3589E-02  8.2197E-03
  3.7820E+02  4.3562E-02  8.2186E-03
  3.7845E+02  4.3535E-02  8.2175E-03
  3.7870E+02  4.3508E-02  8.2163E-03
  3.7894E+02  4.3481E-02  8.2152E-03
  3.7919E+02  4.3454E-02  8.2141E-03
  3.7944E+02  4.3428E-02  8.2129E-03
  3.7969E+02  4.3401E-02  8.2118E-03
  3.7994E+02  4.3375E-02  8.2106E-03
  3.8018E+02  4.3348E-02  8.2095E-03
  3.8043E+02  4.3322E-02  8.2083E-03
  3.8068E+02  4.3296E-02  8.2072E-03
  3.8093E+02  4.3270E-02  8.2060E-03
  3.8118E+02  4.3244E-02  8.2049E-03
  3.8142E+02  4.3219E-02  8.2037E-03
  3.8167E+02  4.3193E-02  8.2025E-03
  3.8192E+02  4.3167E-02  8.2013E-03
  3.8217E+02  4.3142E-02  8.2001E-03
  3.8242E+02  4.3117E-02  8.1989E-03
  3.8266E+02  4.3092E-02  8.1977E-03
  3.8291E+02  4.3067E-02  8.1965E-03
  3.8316E+02  4.3042E-02  8.1953E-03
  3.8341E+02  4.3017E-02  8.1941E-03
  3.8366E+02  4.2992E-02  8.1929E-03
  3.8390E+02  4.2968E-02  8.1916E-03
  3.8415E+02  4.2944E-02  8.1904E-03
  3.8440E+02  4.2920E-02  8.1892E-03
  3.8465E+02  4.2895E-02  8.1879E-03
  3.8490E+02  4.2872E-02  8.1867E-03
  3.8514E+02  4.2848E-02  8.1854E-03
  3.8539E+02  4.2824E-02  8.1842E-03
  3.8564E+02  4.2801E-02  8.1829E-03
  3.8589E+02  4.2778E-02  8.1817E-03
  3.8614E+02  4.2755E-02  8.1804E-03
  3.8638E+02  4.2732E-02  8.1791E-03
  3.8663E+02  4.2709E-02  8.1779E-03
  3.8688E+02  4.2687E-02  8.1766E-03
  3.8713E+02  4.2664E-02  8.1753E-03
  3.8738E+02  4.2642E-02  8.1741E-03
  3.8762E+02  4.2620E-02  8.1728E-03
  3.8787E+02  4.2599E-02  8.1716E-03
  3.8812E+02  4.2577E-02  8.1703E-03
  3.8837E+02  4.2556E-02  8.1691E-03
  3.8862E+02  4.2535E-02  8.1678E-03
  3.8886E+02  4.2514E-02  8.1666E-03
  3.8911E+02  4.2493E-02  8.1654E-03
  3.8936E+02  4.2473E-02  8.1641E-03
  3.8961E+02  4.2453E-02  8.1629E-03
  3.8986E+02  4.2433E-02  8.1617E-03
  3.9010E+02  4.2413E-02  8.1605E-03
  3.9035E+02  4.2393E-02  8.1593E-03
  3.9060E+02  4.2374E-02  8.1581E-03
  3.9085E+02  4.2355E-02  8.1569E-03
  3.9110E+02  4.2336E-02  8.1557E-03
  3.9134E+02  4.2318E-02  8.1546E-03
  3.9159E+02  4.2299E-02  8.1534E-03
  3.9184E+02  4.2281E-02  8.1523E-03
  3.9209E+02  4.2263E-02  8.1511E-03
  3.9234E+02  4.2246E-02  8.1500E-03
  3.9258E+02  4.2228E-02  8.1489E-03
  3.9283E+02  4.2211E-02  8.1478E-03
  3.9308E+02  4.2194E-02  8.1467E-03
  3.9333E+02  4.2177E-02  8.1456E-03
  3.9358E+02  4.2161E-02  8.1445E-03
  3.9382E+02  4.2144E-02  8.1434E-03
  3.9407E+02  4.2128E-02  8.1424E-03
  3.9432E+02  4.2112E-02  8.1413E-03
  3.9457E+02  4.2096E-02  8.1403E-03
  3.9482E+02  4.2080E-02  8.1392E-03
  3.9506E+02  4.2065E-02  8.1382E-03
  3.9531E+02  4.2049E-02  8.1371E-03
  3.9556E+02  4.2034E-02  8.1361E-03
  3.9581E+02  4.2019E-02  8.1351E-03
  3.9606E+02  4.2004E-02  8.1341E-03
  3.9630E+02  4.1989E-02  8.1331E-03
  3.9655E+02  4.1974E-02  8.1321E-03
  3.9680E+02  4.1960E-02  8.1311E-03
  3.9705E+02  4.1945E-02  8.1301E-03
  3.9730E+02  4.1931E-02  8.1291E-03
  3.9754E+02  4.1917E-02  8.1281E-03
  3.9779E+02  4.1902E-02  8.1271E-03
  3.9804E+02  4.1888E-02  8.1261E-03
  3.9829E+02  4.1874E-02  8.1251E-03
  3.9854E+02  4.1860E-02  8.1241E-03
  3.9878E+02  4.1846E-02  8.1232E-03
  3.9903E+02  4.1832E-02  8.1222E-03
  3.9928E+02  4.1818E-02  8.1212E-03
  3.9953E+02  4.1805E-02  8.1202E-03
  3.9978E+02  4.1791E-02  8.1192E-03
  4.0002E+02  4.1777E-02  8.1183E-03
  4.0027E+02  4.1763E-02  8.1173E-03
  4.0052E+02  4.1749E-02  8.1163E-03
  4.0077E+02  4.1736E-02  8.1153E-03
  4.0102E+02  4.1722E-02  8.1143E-03
  4.0126E+02  4.1708E-02  8.1133E-03
  4.0151E+02  4.1694E-02  8.1124E-03
  4.0176E+02  4.1680E-02  8.1114E-03
  4.0201E+02  4.1667E-02  8.1104E-03
  4.0226E+02  4.1653E-02  8.1094E-03
  4.0250E+02  4.1639E-02  8.1084E-03
  4.0275E+02  4.1625E-02  8.1074E-03
  4.0300E+02  4.1611E-02  8.1065E-03
  4.0325E+02  4.1597E-02  8.1055E-03
  4.0350E+02  4.1582E-02  8.1045E-03
  4.0374E+02  4.1568E-02  8.1035E-03
  4.0399E+02  4.1554E-02  8.1025E-03
  4.0424E+02  4.1540E-02  8.1016E-03
  4.0449E+02  4.1525E-02  8.1006E-03
  4.0474E+02  4.1511E-02  8.0996E-03
  4.0498E+02  4.1496E-02  8.0986E-03
  4.0523E+02  4.1482E-02  8.0977E-03
  4.0548E+02  4.1467E-02  8.0967E-03
  4.0573E+02  4.1452E-02  8.0957E-03
  4.0598E+02  4.1437E-02  8.0947E-03
  4.0622E+02  4.1422E-02  8.0938E-03
  4.0647E+02  4.1407E-02  8.0928E-03
  4.0672E+02  4.1392E-02  8.0919E-03
  4.0697E+02  4.1377E-02  8.0909E-03
  4.0722E+02  4.1361E-02  8.0899E-03
  4.0746E+02  4.1346E-02  8.0890E-03
  4.0771E+02  4.1330E-02  8.0880E-03
  4.0796E+02  4.1314E-02  8.0871E-03
  4.0821E+02  4.1299E-02  8.0862E-03
  4.0846E+02  4.1283E-02  8.0852E-03
  4.0870E+02  4.1266E-02  8.0843E-03
  4.0895E+02  4.1250E-02  8.0834E-03
  4.0920E+02  4.1234E-02  8.0824E-03
  4.0945E+02  4.1218E-02  8.0815E-03
  4.0970E+02  4.1201E-02  8.0806E-03
  4.0994E+02  4.1184E-02  8.0797E-03
  4.1019E+02  4.1167E-02  8.0787E-03
  4.1044E+02  4.1150E-02  8.0778E-03
  4.1069E+02  4.1133E-02  8.0769E-03
  4.1094E+02  4.1116E-02  8.0760E-03
  4.1118E+02  4.1098E-02  8.0751E-03
  4.1143E+02  4.1081E-02  8.0742E-03
  4.1168E+02  4.1063E-02  8.0733E-03
  4.1193E+02  4.1045E-02  8.0724E-03
  4.1218E+02  4.1027E-02  8.0715E-03
  4.1242E+02  4.1009E-02  8.0706E-03
  4.1267E+02  4.0990E-02  8.0696E-03
  4.1292E+02  4.0972E-02  8.0687E-03
  4.1317E+02  4.0953E-02  8.0678E-03
  4.1342E+02  4.0934E-02  8.0669E-03
  4.1366E+02  4.0915E-02  8.0660E-03
  4.1391E+02  4.0895E-02  8.0651E-03
  4.1416E+02  4.0876E-02  8.0642E-03
  4.1441E+02  4.0856E-02  8.0632E-03
  4.1466E+02  4.0836E-02  8.0623E-03
  4.1490E+02  4.0816E-02  8.0614E-03
  4.1515E+02  4.0795E-02  8.0604E-03
  4.1540E+02  4.0774E-02  8.0595E-03
  4.1565E+02  4.0754E-02  8.0586E-03
  4.1590E+02  4.0733E-02  8.0576E-03
  4.1614E+02  4.0711E-02  8.0567E-03
  4.1639E+02  4.0690E-02  8.0557E-03
  4.1664E+02  4.0668E-02  8.0547E-03
  4.1689E+02  4.0646E-02  8.0538E-03
  4.1714E+02  4.0624E-02  8.0528E-03
  4.1738E+02  4.0602E-02  8.0518E-03
  4.1763E+02  4.0579E-02  8.0508E-03
  4.1788E+02  4.0557E-02  8.0498E-03
  4.1813E+02  4.0534E-02  8.0488E-03
  4.1838E+02  4.0511E-02  8.0478E-03
  4.1862E+02  4.0487E-02  8.0468E-03
  4.1887E+02  4.0464E-02  8.0457E-03
  4.1912E+02  4.0440E-02  8.0447E-03
  4.1937E+02  4.0416E-02  8.0437E-03
  4.1962E+02  4.0392E-02  8.0426E-03
  4.1986E+02  4.0368E-02  8.0416E-03
  4.2011E+02  4.0343E-02  8.0405E-03
  4.2036E+02  4.0319E-02  8.0394E-03
  4.2061E+02  4.0294E-02  8.0384E-03
  4.2086E+02  4.0269E-02  8.0373E-03
  4.2110E+02  4.0244E-02  8.0362E-03
  4.2135E+02  4.0218E-02  8.0351E-03
  4.2160E+02  4.0193E-02  8.0340E-03
  4.2185E+02  4.0167E-02  8.0329E-03
  4.2210E+02  4.0142E-02  8.0318E-03
  4.2234E+02  4.0116E-02  8.0307E-03
  4.2259E+02  4.0090E-02  8.0296E-03
  4.2284E+02  4.0064E-02  8.0284E-03
  4.2309E+02  4.0037E-02  8.0273E-03
  4.2334E+02  4.0011E-02  8.0262E-03
  4.2358E+02  3.9985E-02  8.0251E-03
  4.2383E+02  3.9958E-02  8.0239E-03
  4.2408E+02  3.9932E-02  8.0228E-03
  4.2433E+02  3.9905E-02  8.0216E-03
  4.2458E+02  3.9879E-02  8.0205E-03
  4.2482E+02  3.9852E-02  8.0193E-03
  4.2507E+02  3.9825E-02  8.0182E-03
  4.2532E+02  3.9798E-02  8.0170E-03
  4.2557E+02  3.9772E-02  8.0158E-03
  4.2582E+02  3.9745E-02  8.0147E-03
  4.2606E+02  3.9718E-02  8.0135E-03
  4.2631E+02  3.9691E-02  8.0123E-03
  4.2656E+02  3.9664E-02  8.0112E-03
  4.2681E+02  3.9637E-02  8.0100E-03
  4.2706E+02  3.9611E-02  8.0088E-03
  4.2730E+02  3.9584E-02  8.0077E-03
  4.2755E+02  3.9557E-02  8.0065E-03
  4.2780E+02  3.9530E-02  8.0053E-03
  4.2805E+02  3.9504E-02  8.0041E-03
  4.2830E+02  3.9477E-02  8.0029E-03
  4.2854E+02  3.9451E-02  8.0018E-03
  4.2879E+02  3.9424E-02  8.0006E-03
  4.2904E+02  3.9398E-02  7.9994E-03
  4.2929E+02  3.9371E-02  7.9982E-03
  4.2954E+02  3.9345E-02  7.9970E-03
  4.2978E+02  3.9319E-02  7.9958E-03
  4.3003E+02  3.9293E-02  7.9947E-03
  4.3028E+02  3.9267E-02  7.9935E-03
  4.3053E+02  3.9241E-02  7.9923E-03
  4.3078E+02  3.9215E-02  7.9911E-03
  4.3102E+02  3.9190E-02  7.9899E-03
  4.3127E+02  3.9164E-02  7.9887E-03
  4.3152E+02  3.9139E-02  7.9875E-03
  4.3177E+02  3.9114E-02  7.9863E-03
  4.3202E+02  3.9088E-02  7.9851E-03
  4.3226E+02  3.9063E-02  7.9839E-03
  4.3251E+02  3.9039E-02  7.9827E-03
  4.3276E+02  3.9014E-02  7.9815E-03
  4.3301E+02  3.8989E-02  7.9803E-03
  4.3326E+02  3.8965E-02  7.9791E-03
  4.3350E+02  3.8941E-02  7.9778E-03
  4.3375E+02  3.8917E-02  7.9766E-03
  4.3400E+02  3.8893E-02  7.9754E-03
  4.3425E+02  3.8869E-02  7.9742E-03
  4.3450E+02  3.8846E-02  7.9730E-03
  4.3474E+02  3.8822E-02  7.9718E-03
  4.3499E+02  3.8799E-02  7.9705E-03
  4.3524E+02  3.8776E-02  7.9693E-03
  4.3549E+02  3.8753E-02  7.9681E-03
  4.3574E+02  3.8731E-02  7.9669E-03
  4.3598E+02  3.8708E-02  7.9657E-03
  4.3623E+02  3.8686E-02  7.9644E-03
  4.3648E+02  3.8664E-02  7.9632E-03
  4.3673E+02  3.8642E-02  7.9620E-03
  4.3698E+02  3.8621E-02  7.9608E-03
  4.3722E+02  3.8599E-02  7.9595E-03
  4.3747E+02  3.8578E-02  7.9583E-03
  4.3772E+02  3.8557E-02  7.9571E-03
  4.3797E+02  3.8537E-02  7.9559E-03
  4.3822E+02  3.8516E-02  7.9546E-03
  4.3846E+02  3.8496E-02  7.9534E-03
  4.3871E+02  3.8476E-02  7.9522E-03
  4.3896E+02  3.8457E-02  7.9510E-03
  4.3921E+02  3.8437E-02  7.9498E-03
  4.3946E+02  3.8418E-02  7.9486E-03
  4.3970E+02  3.8399E-02  7.9473E-03
  4.3995E+02  3.8380E-02  7.9461E-03
  4.4020E+02  3.8362E-02  7.9449E-03
  4.4045E+02  3.8344E-02  7.9437E-03
  4.4070E+02  3.8326E-02  7.9425E-03
  4.4094E+02  3.8308E-02  7.9414E-03
  4.4119E+02  3.8291E-02  7.9402E-03
  4.4144E+02  3.8274E-02  7.9390E-03
  4.4169E+02  3.8257E-02  7.9378E-03
  4.4194E+02  3.8240E-02  7.9366E-03
  4.4218E+02  3.8224E-02  7.9355E-03
  4.4243E+02  3.8208E-02  7.9343E-03
  4.4268E+02  3.8192E-02  7.9331E-03
  4.4293E+02  3.8177E-02  7.9320E-03
  4.4318E+02  3.8162E-02  7.9308E-03
  4.4342E+02  3.8147E-02  7.9297E-03
  4.4367E+02  3.8132E-02  7.9286E-03
  4.4392E+02  3.8118E-02  7.9274E-03
  4.4417E+02  3.8104E-02  7.9263E-03
  4.4442E+02  3.8090E-02  7.9252E-03
  4.4466E+02  3.8076E-02  7.9241E-03
  4.4491E+02  3.8063E-02  7.9230E-03
  4.4516E+02  3.8050E-02  7.9219E-03
  4.4541E+02  3.8037E-02  7.9208E-03
  4.4566E+02  3.8025E-02  7.9197E-03
  4.4590E+02  3.8013E-02  7.9187E-03
  4.4615E+02  3.8001E-02  7.9176E-03
  4.4640E+02  3.7989E-02  7.9165E-03
  4.4665E+02  3.7978E-02  7.9155E-03
  4.4690E+02  3.7966E-02  7.9145E-03
  4.4714E+02  3.7955E-02  7.9134E-03
  4.4739E+02  3.7945E-02  7.9124E-03
  4.4764E+02  3.7934E-02  7.9114E-03
  4.4789E+02  3.7924E-02  7.9103E-03
  4.4814E+02  3.7914E-02  7.9093E-03
  4.4838E+02  3.7904E-02  7.9083E-03
  4.4863E+02  3.7894E-02  7.9073E-03
  4.4888E+02  3.7885E-02  7.9063E-03
  4.4913E+02  3.7875E-02  7.9054E-03
  4.4938E+02  3.7866E-02  7.9044E-03
  4.4962E+02  3.7857E-02  7.9034E-03
  4.4987E+02  3.7849E-02  7.9024E-03
  4.5012E+02  3.7840E-02  7.9015E-03
  4.5037E+02  3.7832E-02  7.9005E-03
  4.5062E+02  3.7824E-02  7.8996E-03
  4.5086E+02  3.7815E-02  7.8986E-03
  4.5111E+02  3.7808E-02  7.8977E-03
  4.5136E+02  3.7800E-02  7.8967E-03
  4.5161E+02  3.7792E-02  7.8958E-03
  4.5186E+02  3.7785E-02  7.8949E-03
  4.5210E+02  3.7777E-02  7.8940E-03
  4.5235E+02  3.7770E-02  7.8930E-03
  4.5260E+02  3.7763E-02  7.8921E-03
  4.5285E+02  3.7756E-02  7.8912E-03
  4.5310E+02  3.7749E-02  7.8903E-03
  4.5334E+02  3.7742E-02  7.8894E-03
  4.5359E+02  3.7735E-02  7.8885E-03
  4.5384E+02  3.7728E-02  7.8877E-03
  4.5409E+02  3.7722E-02  7.8868E-03
  4.5434E+02  3.7715E-02  7.8859E-03
  4.5458E+02  3.7708E-02  7.8850E-03
  4.5483E+02  3.7702E-02  7.8841E-03
  4.5508E+02  3.7695E-02  7.8833E-03
  4.5533E+02  3.7689E-02  7.8824E-03
  4.5558E+02  3.7683E-02  7.8816E-03
  4.5582E+02  3.7676E-02  7.8807E-03
  4.5607E+02  3.7670E-02  7.8798E-03
  4.5632E+02  3.7664E-02  7.8790E-03
  4.5657E+02  3.7657E-02  7.8782E-03
  4.5682E+02  3.7651E-02  7.8773E-03
  4.5706E+02  3.7644E-02  7.8765E-03
  4.5731E+02  3.7638E-02  7.8756E-03
  4.5756E+02  3.7632E-02  7.8748E-03
  4.5781E+02  3.7625E-02  7.8740E-03
  4.5806E+02  3.7619E-02  7.8732E-03
  4.5830E+02  3.7612E-02  7.8724E-03
  4.5855E+02  3.7606E-02  7.8715E-03
  4.5880E+02  3.7599E-02  7.8707E-03
  4.5905E+02  3.7592E-02  7.8699E-03
  4.5930E+02  3.7585E-02  7.8691E-03
  4.5954E+02  3.7579E-02  7.8683E-03
  4.5979E+02  3.7572E-02  7.8675E-03
  4.6004E+02  3.7565E-02  7.8667E-03
  4.6029E+02  3.7558E-02  7.8659E-03
  4.6054E+02  3.7550E-02  7.8652E-03
  4.6078E+02  3.7543E-02  7.8644E-03
  4.6103E+02  3.7536E-02  7.8636E-03
  4.6128E+02  3.7528E-02  7.8628E-03
  4.6153E+02  3.7520E-02  7.8620E-03
  4.6178E+02  3.7513E-02  7.8613E-03
  4.6202E+02  3.7505E-02  7.8605E-03
  4.6227E+02  3.7496E-02  7.8597E-03
  4.6252E+02  3.7488E-02  7.8589E-03
  4.6277E+02  3.7480E-02  7.8582E-03
  4.6302E+02  3.7471E-02  7.8574E-03
  4.6326E+02  3.7462E-02  7.8566E-03
  4.6351E+02  3.7453E-02  7.8559E-03
  4.6376E+02  3.7444E-02  7.8551E-03
  4.6401E+02  3.7435E-02  7.8543E-03
  4.6426E+02  3.7426E-02  7.8536E-03
  4.6450E+02  3.7416E-02  7.8528E-03
  4.6475E+02  3.7406E-02  7.8520E-03
  4.6500E+02  3.7396E-02  7.8513E-03
  4.6525E+02  3.7385E-02  7.8505E-03
  4.6550E+02  3.7375E-02  7.8498E-03
  4.6574E+02  3.7364E-02  7.8490E-03
  4.6599E+02  3.7353E-02  7.8482E-03
  4.6624E+02  3.7342E-02  7.8474E-03
  4.6649E+02  3.7330E-02  7.8467E-03
  4.6674E+02  3.7319E-02  7.8459E-03
  4.6698E+02  3.7307E-02  7.8451E-03
  4.6723E+02  3.7295E-02  7.8443E-03
  4.6748E+02  3.7282E-02  7.8436E-03
  4.6773E+02  3.7269E-02  7.8428E-03
  4.6798E+02  3.7256E-02  7.8420E-03
  4.6822E+02  3.7243E-02  7.8412E-03
  4.6847E+02  3.7230E-02  7.8404E-03
  4.6872E+02  3.7216E-02  7.8396E-03
  4.6897E+02  3.7202E-02  7.8388E-03
  4.6922E+02  3.7188E-02  7.8380E-03
  4.6946E+02  3.7173E-02  7.8372E-03
  4.6971E+02  3.7159E-02  7.8364E-03
  4.6996E+02  3.7143E-02  7.8355E-03
  4.7021E+02  3.7128E-02  7.8347E-03
  4.7046E+02  3.7113E-02  7.8339E-03
  4.7070E+02  3.7097E-02  7.8331E-03
  4.7095E+02  3.7081E-02  7.8322E-03
  4.7120E+02  3.7064E-02  7.8314E-03
  4.7145E+02  3.7048E-02  7.8305E-03
  4.7170E+02  3.7031E-02  7.8297E-03
  4.7194E+02  3.7013E-02  7.8288E-03
  4.7219E+02  3.6996E-02  7.8279E-03
  4.7244E+02  3.6978E-02  7.8271E-03
  4.7269E+02  3.6960E-02  7.8262E-03
  4.7294E+02  3.6942E-02  7.8253E-03
  4.7318E+02  3.6924E-02  7.8244E-03
  4.7343E+02  3.6905E-02  7.8235E-03
  4.7368E+02  3.6886E-02  7.8226E-03
  4.7393E+02  3.6867E-02  7.8217E-03
  4.7418E+02  3.6848E-02  7.8208E-03
  4.7442E+02  3.6828E-02  7.8199E-03
  4.7467E+02  3.6808E-02  7.8189E-03
  4.7492E+02  3.6788E-02  7.8180E-03
  4.7517E+02  3.6768E-02  7.8171E-03
  4.7542E+02  3.6747E-02  7.8161E-03
  4.7566E+02  3.6727E-02  7.8152E-03
  4.7591E+02  3.6706E-02  7.8142E-03
  4.7616E+02  3.6685E-02  7.8132E-03
  4.7641E+02  3.6663E-02  7.8123E-03
  4.7666E+02  3.6642E-02  7.8113E-03
  4.7690E+02  3.6620E-02  7.8103E-03
  4.7715E+02  3.6598E-02  7.8093E-03
  4.7740E+02  3.6576E-02  7.8084E-03
  4.7765E+02  3.6554E-02  7.8074E-03
  4.7790E+02  3.6532E-02  7.8064E-03
  4.7814E+02  3.6509E-02  7.8054E-03
  4.7839E+02  3.6486E-02  7.8044E-03
  4.7864E+02  3.6463E-02  7.8033E-03
  4.7889E+02  3.6441E-02  7.8023E-03
  4.7914E+02  3.6417E-02  7.8013E-03
  4.7938E+02  3.6394E-02  7.8003E-03
  4.7963E+02  3.6371E-02  7.7992E-03
  4.7988E+02  3.6347E-02  7.7982E-03
  4.8013E+02  3.6324E-02  7.7971E-03
  4.8038E+02  3.6300E-02  7.7961E-03
  4.8062E+02  3.6276E-02  7.7950E-03
  4.8087E+02  3.6253E-02  7.7940E-03
  4.8112E+02  3.6229E-02  7.7929E-03
  4.8137E+02  3.6205E-02  7.7918E-03
  4.8162E+02  3.6181E-02  7.7908E-03
  4.8186E+02  3.6156E-02  7.7897E-03
  4.8211E+02  3.6132E-02  7.7886E-03
  4.8236E+02  3.6108E-02  7.7875E-03
  4.8261E+02  3.6084E-02  7.7864E-03
  4.8286E+02  3.6060E-02  7.7853E-03
  4.8310E+02  3.6035E-02  7.7842E-03
  4.8335E+02  3.6011E-02  7.7831E-03
  4.8360E+02  3.5987E-02  7.7820E-03
  4.8385E+02  3.5962E-02  7.7809E-03
  4.8410E+02  3.5938E-02  7.7798E-03
  4.8434E+02  3.5914E-02  7.7786E-03
  4.8459E+02  3.5889E-02  7.7775E-03
  4.8484E+02  3.5865E-02  7.7764E-03
  4.8509E+02  3.5841E-02  7.7752E-03
  4.8534E+02  3.5817E-02  7.7741E-03
  4.8558E+02  3.5793E-02  7.7730E-03
  4.8583E+02  3.5769E-02  7.7718E-03
  4.8608E+02  3.5745E-02  7.7707E-03
  4.8633E+02  3.5721E-02  7.7695E-03
  4.8658E+02  3.5697E-02  7.7683E-03
  4.8682E+02  3.5673E-02  7.7672E-03
  4.8707E+02  3.5649E-02  7.7660E-03
  4.8732E+02  3.5626E-02  7.7648E-03
  4.8757E+02  3.5602E-02  7.7637E-03
  4.8782E+02  3.5579E-02  7.7625E-03
  4.8806E+02  3.5556E-02  7.7613E-03
  4.8831E+02  3.5533E-02  7.7602E-03
  4.8856E+02  3.5510E-02  7.7590E-03
  4.8881E+02  3.5487E-02  7.7578E-03
  4.8906E+02  3.5465E-02  7.7566E-03
  4.8930E+02  3.5442E-02  7.7554E-03
  4.8955E+02  3.5420E-02  7.7543E-03
  4.8980E+02  3.5398E-02  7.7531E-03
  4.9005E+02  3.5376E-02  7.7519E-03
  4.9030E+02  3.5354E-02  7.7507E-03
  4.9054E+02  3.5333E-02  7.7495E-03
  4.9079E+02  3.5311E-02  7.7483E-03
  4.9104E+02  3.5290E-02  7.7471E-03
  4.9129E+02  3.5269E-02  7.7459E-03
  4.9154E+02  3.5248E-02  7.7448E-03
  4.9178E+02  3.5228E-02  7.7436E-03
  4.9203E+02  3.5208E-02  7.7424E-03
  4.9228E+02  3.5188E-02  7.7412E-03
  4.9253E+02  3.5168E-02  7.7400E-03
  4.9278E+02  3.5148E-02  7.7388E-03
  4.9302E+02  3.5129E-02  7.7377E-03
  4.9327E+02  3.5110E-02  7.7365E-03
  4.9352E+02  3.5091E-02  7.7353E-03
  4.9377E+02  3.5072E-02  7.7341E-03
  4.9402E+02  3.5054E-02  7.7330E-03
  4.9426E+02  3.5036E-02  7.7318E-03
  4.9451E+02  3.5018E-02  7.7306E-03
  4.9476E+02  3.5001E-02  7.7295E-03
  4.9501E+02  3.4983E-02  7.7283E-03
  4.9526E+02  3.4966E-02  7.7272E-03
  4.9550E+02  3.4950E-02  7.7260E-03
  4.9575E+02  3.4933E-02  7.7249E-03
  4.9600E+02  3.4917E-02  7.7237E-03
  4.9625E+02  3.4901E-02  7.7226E-03
  4.9650E+02  3.4886E-02  7.7215E-03
  4.9674E+02  3.4870E-02  7.7203E-03
  4.9699E+02  3.4855E-02  7.7192E-03
  4.9724E+02  3.4841E-02  7.7181E-03
  4.9749E+02  3.4826E-02  7.7170E-03
  4.9774E+02  3.4812E-02  7.7159E-03
  4.9798E+02  3.4798E-02  7.7148E-03
  4.9823E+02  3.4785E-02  7.7137E-03
  4.9848E+02  3.4771E-02  7.7126E-03
  4.9873E+02  3.4758E-02  7.7115E-03
  4.9898E+02  3.4746E-02  7.7104E-03
