# CREATED BY GENE DIAGNOSTICS TOOL on Thu May 24 14:23:32 2018
# diag: GAMDIAG, run(s): 0025, time window: 0-499(2062 steps), species: ions
# normalization: L_ref=1.4419m
#
# xind= 0, x/a= -NaN, q= 1.8091675
# Fit:    -NaN,Infinity,Infinity
# Analytic: -NaN,Infinity,Infinity
#  t          Re[phi]     Im[phi]   
  0.0000E+00  9.9990E-01  0.0000E+00
  2.4200E-01  9.9563E-01  6.6115E-05
  4.8400E-01  9.8310E-01  1.3015E-04
  7.2600E-01  9.6284E-01  1.9601E-04
  9.6800E-01  9.3541E-01  2.6497E-04
  1.2100E+00  9.0182E-01  3.3599E-04
  1.4520E+00  8.6364E-01  4.0917E-04
  1.6940E+00  8.2273E-01  4.8450E-04
  1.9360E+00  7.8083E-01  5.5939E-04
  2.1780E+00  7.3923E-01  6.2881E-04
  2.4200E+00  6.9872E-01  6.8750E-04
  2.6620E+00  6.5973E-01  7.3201E-04
  2.9040E+00  6.2246E-01  7.6137E-04
  3.1460E+00  5.8702E-01  7.7673E-04
  3.3880E+00  5.5346E-01  7.8045E-04
  3.6300E+00  5.2187E-01  7.7535E-04
  3.8720E+00  4.9226E-01  7.6399E-04
  4.1140E+00  4.6465E-01  7.4865E-04
  4.3560E+00  4.3901E-01  7.3068E-04
  4.5980E+00  4.1529E-01  7.1147E-04
  4.8400E+00  3.9336E-01  6.9262E-04
  5.0820E+00  3.7301E-01  6.7070E-04
  5.3240E+00  3.5443E-01  6.4832E-04
  5.5660E+00  3.3741E-01  6.3072E-04
  5.8080E+00  3.2103E-01  6.0693E-04
  6.0500E+00  3.0561E-01  5.7349E-04
  6.2920E+00  2.9208E-01  5.4422E-04
  6.5340E+00  2.7982E-01  5.2210E-04
  6.7760E+00  2.6753E-01  4.9962E-04
  7.0180E+00  2.5517E-01  4.7561E-04
  7.2600E+00  2.4354E-01  4.5283E-04
  7.5020E+00  2.3307E-01  4.3040E-04
  7.7440E+00  2.2371E-01  4.0614E-04
  7.9860E+00  2.1515E-01  3.8101E-04
  8.2280E+00  2.0709E-01  3.5715E-04
  8.4700E+00  1.9934E-01  3.3415E-04
  8.7120E+00  1.9199E-01  3.0974E-04
  8.9540E+00  1.8535E-01  2.8257E-04
  9.1960E+00  1.7971E-01  2.5292E-04
  9.4380E+00  1.7483E-01  2.2067E-04
  9.6800E+00  1.6996E-01  1.8411E-04
  9.9220E+00  1.6425E-01  1.4343E-04
  1.0164E+01  1.5746E-01  1.0156E-04
  1.0406E+01  1.5008E-01  6.2470E-05
  1.0648E+01  1.4293E-01  3.2425E-05
  1.0890E+01  1.3641E-01  1.0941E-05
  1.1132E+01  1.3044E-01 -1.2945E-05
  1.1374E+01  1.2515E-01 -4.3728E-05
  1.1616E+01  1.2110E-01 -7.2305E-05
  1.1858E+01  1.1860E-01 -8.6327E-05
  1.2100E+01  1.1712E-01 -8.3344E-05
  1.2342E+01  1.1552E-01 -7.5723E-05
  1.2584E+01  1.1292E-01 -7.5511E-05
  1.2826E+01  1.0916E-01 -8.2081E-05
  1.3068E+01  1.0450E-01 -9.2591E-05
  1.3310E+01  9.9523E-02 -1.0749E-04
  1.3552E+01  9.5265E-02 -1.2081E-04
  1.3794E+01  9.2957E-02 -1.1981E-04
  1.4036E+01  9.3316E-02 -9.6537E-05
  1.4278E+01  9.6088E-02 -5.4671E-05
  1.4520E+01  1.0018E-01 -6.3293E-06
  1.4762E+01  1.0423E-01  3.5938E-05
  1.5004E+01  1.0717E-01  6.3151E-05
  1.5246E+01  1.0856E-01  6.9528E-05
  1.5488E+01  1.0852E-01  5.2750E-05
  1.5730E+01  1.0752E-01  1.6855E-05
  1.5972E+01  1.0630E-01 -2.4238E-05
  1.6214E+01  1.0567E-01 -5.3167E-05
  1.6456E+01  1.0625E-01 -6.0882E-05
  1.6698E+01  1.0827E-01 -4.4599E-05
  1.6940E+01  1.1164E-01 -1.6621E-06
  1.7182E+01  1.1592E-01  6.4672E-05
  1.7424E+01  1.2045E-01  1.4257E-04
  1.7666E+01  1.2468E-01  2.2017E-04
  1.7908E+01  1.2822E-01  2.9003E-04
  1.8150E+01  1.3082E-01  3.4708E-04
  1.8392E+01  1.3252E-01  3.8966E-04
  1.8634E+01  1.3363E-01  4.2035E-04
  1.8876E+01  1.3457E-01  4.4291E-04
  1.9118E+01  1.3553E-01  4.6002E-04
  1.9360E+01  1.3662E-01  4.7455E-04
  1.9602E+01  1.3812E-01  4.9079E-04
  1.9844E+01  1.4056E-01  5.1364E-04
  2.0086E+01  1.4440E-01  5.4615E-04
  2.0328E+01  1.4965E-01  5.8773E-04
  2.0570E+01  1.5585E-01  6.3460E-04
  2.0812E+01  1.6239E-01  6.8081E-04
  2.1054E+01  1.6865E-01  7.2110E-04
  2.1296E+01  1.7421E-01  7.5600E-04
  2.1538E+01  1.7886E-01  7.9161E-04
  2.1780E+01  1.8259E-01  8.3310E-04
  2.2022E+01  1.8552E-01  8.8191E-04
  2.2264E+01  1.8770E-01  9.3678E-04
  2.2506E+01  1.8898E-01  9.9303E-04
  2.2748E+01  1.8908E-01  1.0436E-03
  2.2990E+01  1.8794E-01  1.0847E-03
  2.3232E+01  1.8594E-01  1.1193E-03
  2.3474E+01  1.8361E-01  1.1520E-03
  2.3716E+01  1.8120E-01  1.1832E-03
  2.3958E+01  1.7860E-01  1.2075E-03
  2.4200E+01  1.7556E-01  1.2172E-03
  2.4442E+01  1.7192E-01  1.2071E-03
  2.4684E+01  1.6775E-01  1.1793E-03
  2.4926E+01  1.6337E-01  1.1419E-03
  2.5168E+01  1.5926E-01  1.1036E-03
  2.5410E+01  1.5584E-01  1.0689E-03
  2.5652E+01  1.5327E-01  1.0389E-03
  2.5894E+01  1.5144E-01  1.0137E-03
  2.6136E+01  1.5012E-01  9.9285E-04
  2.6378E+01  1.4914E-01  9.7627E-04
  2.6620E+01  1.4854E-01  9.6655E-04
  2.6862E+01  1.4842E-01  9.6872E-04
  2.7104E+01  1.4889E-01  9.8596E-04
  2.7346E+01  1.5002E-01  1.0168E-03
  2.7588E+01  1.5166E-01  1.0555E-03
  2.7830E+01  1.5340E-01  1.0940E-03
  2.8072E+01  1.5470E-01  1.1246E-03
  2.8314E+01  1.5517E-01  1.1451E-03
  2.8556E+01  1.5481E-01  1.1599E-03
  2.8798E+01  1.5387E-01  1.1762E-03
  2.9040E+01  1.5264E-01  1.1976E-03
  2.9282E+01  1.5117E-01  1.2222E-03
  2.9524E+01  1.4936E-01  1.2441E-03
  2.9766E+01  1.4719E-01  1.2589E-03
  3.0008E+01  1.4479E-01  1.2641E-03
  3.0250E+01  1.4231E-01  1.2573E-03
  3.0492E+01  1.3976E-01  1.2361E-03
  3.0734E+01  1.3692E-01  1.1993E-03
  3.0976E+01  1.3361E-01  1.1500E-03
  3.1218E+01  1.2978E-01  1.0942E-03
  3.1460E+01  1.2552E-01  1.0380E-03
  3.1702E+01  1.2098E-01  9.8274E-04
  3.1944E+01  1.1629E-01  9.2674E-04
  3.2186E+01  1.1162E-01  8.6933E-04
  3.2428E+01  1.0714E-01  8.1157E-04
  3.2670E+01  1.0302E-01  7.5474E-04
  3.2912E+01  9.9412E-02  7.0052E-04
  3.3154E+01  9.6446E-02  6.5230E-04
  3.3396E+01  9.4353E-02  6.1519E-04
  3.3638E+01  9.3400E-02  5.9434E-04
  3.3880E+01  9.3730E-02  5.9248E-04
  3.4122E+01  9.5217E-02  6.0754E-04
  3.4364E+01  9.7484E-02  6.3299E-04
  3.4606E+01  1.0013E-01  6.6256E-04
  3.4848E+01  1.0296E-01  6.9502E-04
  3.5090E+01  1.0600E-01  7.3282E-04
  3.5332E+01  1.0928E-01  7.7645E-04
  3.5574E+01  1.1266E-01  8.2164E-04
  3.5816E+01  1.1582E-01  8.6173E-04
  3.6058E+01  1.1845E-01  8.9112E-04
  3.6300E+01  1.2034E-01  9.0706E-04
  3.6542E+01  1.2148E-01  9.1023E-04
  3.6784E+01  1.2201E-01  9.0445E-04
  3.7026E+01  1.2226E-01  8.9554E-04
  3.7268E+01  1.2256E-01  8.8973E-04
  3.7510E+01  1.2317E-01  8.9185E-04
  3.7752E+01  1.2413E-01  9.0387E-04
  3.7994E+01  1.2540E-01  9.2502E-04
  3.8236E+01  1.2687E-01  9.5303E-04
  3.8478E+01  1.2844E-01  9.8485E-04
  3.8720E+01  1.3001E-01  1.0168E-03
  3.8962E+01  1.3145E-01  1.0459E-03
  3.9204E+01  1.3268E-01  1.0707E-03
  3.9446E+01  1.3368E-01  1.0911E-03
  3.9688E+01  1.3450E-01  1.1072E-03
  3.9930E+01  1.3517E-01  1.1194E-03
  4.0172E+01  1.3577E-01  1.1290E-03
  4.0414E+01  1.3630E-01  1.1380E-03
  4.0656E+01  1.3677E-01  1.1472E-03
  4.0898E+01  1.3709E-01  1.1551E-03
  4.1140E+01  1.3721E-01  1.1588E-03
  4.1382E+01  1.3714E-01  1.1568E-03
  4.1624E+01  1.3702E-01  1.1513E-03
  4.1866E+01  1.3707E-01  1.1469E-03
  4.2108E+01  1.3743E-01  1.1465E-03
  4.2350E+01  1.3808E-01  1.1494E-03
  4.2592E+01  1.3894E-01  1.1528E-03
  4.2834E+01  1.3993E-01  1.1552E-03
  4.3076E+01  1.4109E-01  1.1566E-03
  4.3318E+01  1.4253E-01  1.1586E-03
  4.3560E+01  1.4435E-01  1.1634E-03
  4.3802E+01  1.4663E-01  1.1741E-03
  4.4044E+01  1.4940E-01  1.1927E-03
  4.4286E+01  1.5256E-01  1.2180E-03
  4.4528E+01  1.5591E-01  1.2460E-03
  4.4770E+01  1.5927E-01  1.2708E-03
  4.5012E+01  1.6246E-01  1.2883E-03
  4.5254E+01  1.6541E-01  1.2977E-03
  4.5496E+01  1.6808E-01  1.3008E-03
  4.5738E+01  1.7046E-01  1.3006E-03
  4.5980E+01  1.7253E-01  1.2995E-03
  4.6222E+01  1.7427E-01  1.2992E-03
  4.6464E+01  1.7570E-01  1.3012E-03
  4.6706E+01  1.7684E-01  1.3069E-03
  4.6948E+01  1.7776E-01  1.3177E-03
  4.7190E+01  1.7858E-01  1.3348E-03
  4.7432E+01  1.7939E-01  1.3574E-03
  4.7674E+01  1.8021E-01  1.3812E-03
  4.7916E+01  1.8096E-01  1.3996E-03
  4.8158E+01  1.8149E-01  1.4068E-03
  4.8400E+01  1.8173E-01  1.4006E-03
  4.8642E+01  1.8166E-01  1.3824E-03
  4.8884E+01  1.8135E-01  1.3553E-03
  4.9126E+01  1.8087E-01  1.3233E-03
  4.9368E+01  1.8032E-01  1.2902E-03
  4.9610E+01  1.7976E-01  1.2585E-03
  4.9852E+01  1.7920E-01  1.2296E-03
  5.0094E+01  1.7859E-01  1.2033E-03
  5.0336E+01  1.7793E-01  1.1802E-03
  5.0578E+01  1.7726E-01  1.1614E-03
  5.0820E+01  1.7674E-01  1.1493E-03
  5.1062E+01  1.7648E-01  1.1455E-03
  5.1304E+01  1.7656E-01  1.1503E-03
  5.1546E+01  1.7696E-01  1.1627E-03
  5.1788E+01  1.7762E-01  1.1810E-03
  5.2030E+01  1.7848E-01  1.2049E-03
  5.2272E+01  1.7949E-01  1.2342E-03
  5.2514E+01  1.8061E-01  1.2687E-03
  5.2756E+01  1.8175E-01  1.3057E-03
  5.2998E+01  1.8275E-01  1.3409E-03
  5.3240E+01  1.8345E-01  1.3696E-03
  5.3482E+01  1.8373E-01  1.3882E-03
  5.3724E+01  1.8350E-01  1.3952E-03
  5.3966E+01  1.8280E-01  1.3910E-03
  5.4208E+01  1.8171E-01  1.3780E-03
  5.4450E+01  1.8042E-01  1.3602E-03
  5.4692E+01  1.7910E-01  1.3418E-03
  5.4934E+01  1.7789E-01  1.3254E-03
  5.5176E+01  1.7687E-01  1.3123E-03
  5.5418E+01  1.7608E-01  1.3039E-03
  5.5660E+01  1.7553E-01  1.3015E-03
  5.5902E+01  1.7519E-01  1.3054E-03
  5.6144E+01  1.7500E-01  1.3146E-03
  5.6386E+01  1.7491E-01  1.3276E-03
  5.6628E+01  1.7489E-01  1.3433E-03
  5.6870E+01  1.7496E-01  1.3615E-03
  5.7112E+01  1.7516E-01  1.3828E-03
  5.7354E+01  1.7547E-01  1.4061E-03
  5.7596E+01  1.7578E-01  1.4283E-03
  5.7838E+01  1.7594E-01  1.4444E-03
  5.8080E+01  1.7584E-01  1.4506E-03
  5.8322E+01  1.7542E-01  1.4469E-03
  5.8564E+01  1.7476E-01  1.4369E-03
  5.8806E+01  1.7396E-01  1.4260E-03
  5.9048E+01  1.7317E-01  1.4187E-03
  5.9290E+01  1.7249E-01  1.4173E-03
  5.9532E+01  1.7198E-01  1.4220E-03
  5.9774E+01  1.7165E-01  1.4308E-03
  6.0016E+01  1.7146E-01  1.4413E-03
  6.0258E+01  1.7138E-01  1.4520E-03
  6.0500E+01  1.7141E-01  1.4627E-03
  6.0742E+01  1.7156E-01  1.4742E-03
  6.0984E+01  1.7180E-01  1.4871E-03
  6.1226E+01  1.7209E-01  1.5013E-03
  6.1468E+01  1.7230E-01  1.5150E-03
  6.1710E+01  1.7231E-01  1.5257E-03
  6.1952E+01  1.7199E-01  1.5305E-03
  6.2194E+01  1.7133E-01  1.5289E-03
  6.2436E+01  1.7039E-01  1.5230E-03
  6.2678E+01  1.6931E-01  1.5169E-03
  6.2920E+01  1.6824E-01  1.5142E-03
  6.3162E+01  1.6724E-01  1.5166E-03
  6.3404E+01  1.6630E-01  1.5237E-03
  6.3646E+01  1.6540E-01  1.5341E-03
  6.3888E+01  1.6448E-01  1.5461E-03
  6.4130E+01  1.6351E-01  1.5578E-03
  6.4372E+01  1.6248E-01  1.5674E-03
  6.4614E+01  1.6143E-01  1.5736E-03
  6.4856E+01  1.6043E-01  1.5766E-03
  6.5098E+01  1.5959E-01  1.5782E-03
  6.5340E+01  1.5899E-01  1.5809E-03
  6.5582E+01  1.5870E-01  1.5873E-03
  6.5824E+01  1.5876E-01  1.5998E-03
  6.6066E+01  1.5919E-01  1.6200E-03
  6.6308E+01  1.5998E-01  1.6483E-03
  6.6550E+01  1.6107E-01  1.6828E-03
  6.6792E+01  1.6236E-01  1.7202E-03
  6.7034E+01  1.6372E-01  1.7566E-03
  6.7276E+01  1.6504E-01  1.7890E-03
  6.7518E+01  1.6623E-01  1.8159E-03
  6.7760E+01  1.6724E-01  1.8367E-03
  6.8002E+01  1.6806E-01  1.8515E-03
  6.8244E+01  1.6869E-01  1.8603E-03
  6.8486E+01  1.6912E-01  1.8632E-03
  6.8728E+01  1.6940E-01  1.8617E-03
  6.8970E+01  1.6961E-01  1.8586E-03
  6.9212E+01  1.6985E-01  1.8573E-03
  6.9454E+01  1.7019E-01  1.8599E-03
  6.9696E+01  1.7066E-01  1.8669E-03
  6.9938E+01  1.7123E-01  1.8776E-03
  7.0180E+01  1.7187E-01  1.8905E-03
  7.0422E+01  1.7252E-01  1.9037E-03
  7.0664E+01  1.7313E-01  1.9148E-03
  7.0906E+01  1.7364E-01  1.9216E-03
  7.1148E+01  1.7400E-01  1.9230E-03
  7.1390E+01  1.7419E-01  1.9188E-03
  7.1632E+01  1.7422E-01  1.9100E-03
  7.1874E+01  1.7410E-01  1.8980E-03
  7.2116E+01  1.7386E-01  1.8838E-03
  7.2358E+01  1.7352E-01  1.8678E-03
  7.2600E+01  1.7311E-01  1.8506E-03
  7.2842E+01  1.7268E-01  1.8325E-03
  7.3084E+01  1.7226E-01  1.8145E-03
  7.3326E+01  1.7189E-01  1.7980E-03
  7.3568E+01  1.7160E-01  1.7847E-03
  7.3810E+01  1.7141E-01  1.7766E-03
  7.4052E+01  1.7136E-01  1.7756E-03
  7.4294E+01  1.7146E-01  1.7822E-03
  7.4536E+01  1.7168E-01  1.7949E-03
  7.4778E+01  1.7195E-01  1.8107E-03
  7.5020E+01  1.7218E-01  1.8266E-03
  7.5262E+01  1.7229E-01  1.8406E-03
  7.5504E+01  1.7224E-01  1.8527E-03
  7.5746E+01  1.7199E-01  1.8632E-03
  7.5988E+01  1.7154E-01  1.8716E-03
  7.6230E+01  1.7084E-01  1.8759E-03
  7.6472E+01  1.6989E-01  1.8743E-03
  7.6714E+01  1.6869E-01  1.8665E-03
  7.6956E+01  1.6732E-01  1.8543E-03
  7.7198E+01  1.6589E-01  1.8405E-03
  7.7440E+01  1.6450E-01  1.8282E-03
  7.7682E+01  1.6324E-01  1.8203E-03
  7.7924E+01  1.6218E-01  1.8185E-03
  7.8166E+01  1.6130E-01  1.8221E-03
  7.8408E+01  1.6055E-01  1.8290E-03
  7.8650E+01  1.5988E-01  1.8366E-03
  7.8892E+01  1.5926E-01  1.8441E-03
  7.9134E+01  1.5866E-01  1.8515E-03
  7.9376E+01  1.5808E-01  1.8593E-03
  7.9618E+01  1.5750E-01  1.8671E-03
  7.9860E+01  1.5688E-01  1.8740E-03
  8.0102E+01  1.5623E-01  1.8798E-03
  8.0344E+01  1.5555E-01  1.8851E-03
  8.0586E+01  1.5486E-01  1.8904E-03
  8.0828E+01  1.5419E-01  1.8954E-03
  8.1070E+01  1.5350E-01  1.8986E-03
  8.1312E+01  1.5277E-01  1.8982E-03
  8.1554E+01  1.5200E-01  1.8935E-03
  8.1796E+01  1.5119E-01  1.8849E-03
  8.2038E+01  1.5040E-01  1.8745E-03
  8.2280E+01  1.4968E-01  1.8648E-03
  8.2522E+01  1.4908E-01  1.8584E-03
  8.2764E+01  1.4862E-01  1.8558E-03
  8.3006E+01  1.4830E-01  1.8558E-03
  8.3248E+01  1.4806E-01  1.8562E-03
  8.3490E+01  1.4787E-01  1.8553E-03
  8.3732E+01  1.4770E-01  1.8524E-03
  8.3974E+01  1.4756E-01  1.8482E-03
  8.4216E+01  1.4746E-01  1.8437E-03
  8.4458E+01  1.4740E-01  1.8397E-03
  8.4700E+01  1.4738E-01  1.8365E-03
  8.4942E+01  1.4736E-01  1.8337E-03
  8.5184E+01  1.4730E-01  1.8300E-03
  8.5426E+01  1.4717E-01  1.8244E-03
  8.5668E+01  1.4696E-01  1.8167E-03
  8.5910E+01  1.4669E-01  1.8076E-03
  8.6152E+01  1.4640E-01  1.7987E-03
  8.6394E+01  1.4615E-01  1.7914E-03
  8.6636E+01  1.4596E-01  1.7867E-03
  8.6878E+01  1.4588E-01  1.7856E-03
  8.7120E+01  1.4592E-01  1.7888E-03
  8.7362E+01  1.4613E-01  1.7967E-03
  8.7604E+01  1.4650E-01  1.8096E-03
  8.7846E+01  1.4704E-01  1.8273E-03
  8.8088E+01  1.4774E-01  1.8495E-03
  8.8330E+01  1.4859E-01  1.8764E-03
  8.8572E+01  1.4957E-01  1.9073E-03
  8.8814E+01  1.5063E-01  1.9412E-03
  8.9056E+01  1.5170E-01  1.9759E-03
  8.9298E+01  1.5271E-01  2.0086E-03
  8.9540E+01  1.5359E-01  2.0366E-03
  8.9782E+01  1.5428E-01  2.0577E-03
  9.0024E+01  1.5477E-01  2.0708E-03
  9.0266E+01  1.5507E-01  2.0764E-03
  9.0508E+01  1.5523E-01  2.0762E-03
  9.0750E+01  1.5531E-01  2.0731E-03
  9.0992E+01  1.5538E-01  2.0700E-03
  9.1234E+01  1.5547E-01  2.0688E-03
  9.1476E+01  1.5560E-01  2.0701E-03
  9.1718E+01  1.5578E-01  2.0736E-03
  9.1960E+01  1.5600E-01  2.0791E-03
  9.2202E+01  1.5626E-01  2.0868E-03
  9.2444E+01  1.5656E-01  2.0967E-03
  9.2686E+01  1.5686E-01  2.1086E-03
  9.2928E+01  1.5715E-01  2.1217E-03
  9.3170E+01  1.5739E-01  2.1350E-03
  9.3412E+01  1.5756E-01  2.1473E-03
  9.3654E+01  1.5764E-01  2.1576E-03
  9.3896E+01  1.5761E-01  2.1648E-03
  9.4138E+01  1.5746E-01  2.1682E-03
  9.4380E+01  1.5719E-01  2.1672E-03
  9.4622E+01  1.5680E-01  2.1619E-03
  9.4864E+01  1.5632E-01  2.1536E-03
  9.5106E+01  1.5581E-01  2.1443E-03
  9.5348E+01  1.5530E-01  2.1361E-03
  9.5590E+01  1.5484E-01  2.1305E-03
  9.5832E+01  1.5444E-01  2.1277E-03
  9.6074E+01  1.5412E-01  2.1277E-03
  9.6316E+01  1.5386E-01  2.1302E-03
  9.6558E+01  1.5365E-01  2.1344E-03
  9.6800E+01  1.5347E-01  2.1392E-03
  9.7042E+01  1.5331E-01  2.1431E-03
  9.7284E+01  1.5313E-01  2.1456E-03
  9.7526E+01  1.5297E-01  2.1468E-03
  9.7768E+01  1.5282E-01  2.1477E-03
  9.8010E+01  1.5271E-01  2.1488E-03
  9.8252E+01  1.5264E-01  2.1508E-03
  9.8494E+01  1.5261E-01  2.1545E-03
  9.8736E+01  1.5263E-01  2.1606E-03
  9.8978E+01  1.5271E-01  2.1699E-03
  9.9220E+01  1.5284E-01  2.1825E-03
  9.9462E+01  1.5302E-01  2.1979E-03
  9.9704E+01  1.5325E-01  2.2157E-03
  9.9946E+01  1.5350E-01  2.2349E-03
  1.0019E+02  1.5376E-01  2.2540E-03
  1.0043E+02  1.5398E-01  2.2715E-03
  1.0067E+02  1.5414E-01  2.2859E-03
  1.0091E+02  1.5423E-01  2.2965E-03
  1.0116E+02  1.5424E-01  2.3032E-03
  1.0140E+02  1.5418E-01  2.3065E-03
  1.0164E+02  1.5408E-01  2.3066E-03
  1.0188E+02  1.5393E-01  2.3042E-03
  1.0212E+02  1.5377E-01  2.3000E-03
  1.0237E+02  1.5360E-01  2.2954E-03
  1.0261E+02  1.5346E-01  2.2913E-03
  1.0285E+02  1.5336E-01  2.2886E-03
  1.0309E+02  1.5329E-01  2.2874E-03
  1.0333E+02  1.5327E-01  2.2874E-03
  1.0358E+02  1.5328E-01  2.2885E-03
  1.0382E+02  1.5332E-01  2.2906E-03
  1.0406E+02  1.5339E-01  2.2936E-03
  1.0430E+02  1.5350E-01  2.2973E-03
  1.0454E+02  1.5364E-01  2.3018E-03
  1.0479E+02  1.5383E-01  2.3074E-03
  1.0503E+02  1.5406E-01  2.3143E-03
  1.0527E+02  1.5433E-01  2.3229E-03
  1.0551E+02  1.5465E-01  2.3334E-03
  1.0575E+02  1.5502E-01  2.3458E-03
  1.0600E+02  1.5541E-01  2.3595E-03
  1.0624E+02  1.5581E-01  2.3737E-03
  1.0648E+02  1.5618E-01  2.3871E-03
  1.0672E+02  1.5652E-01  2.3984E-03
  1.0696E+02  1.5679E-01  2.4068E-03
  1.0721E+02  1.5699E-01  2.4119E-03
  1.0745E+02  1.5712E-01  2.4140E-03
  1.0769E+02  1.5720E-01  2.4137E-03
  1.0793E+02  1.5725E-01  2.4121E-03
  1.0817E+02  1.5729E-01  2.4105E-03
  1.0842E+02  1.5733E-01  2.4098E-03
  1.0866E+02  1.5739E-01  2.4108E-03
  1.0890E+02  1.5748E-01  2.4139E-03
  1.0914E+02  1.5761E-01  2.4193E-03
  1.0938E+02  1.5778E-01  2.4270E-03
  1.0963E+02  1.5799E-01  2.4364E-03
  1.0987E+02  1.5823E-01  2.4467E-03
  1.1011E+02  1.5848E-01  2.4571E-03
  1.1035E+02  1.5872E-01  2.4669E-03
  1.1059E+02  1.5894E-01  2.4758E-03
  1.1084E+02  1.5914E-01  2.4837E-03
  1.1108E+02  1.5930E-01  2.4907E-03
  1.1132E+02  1.5942E-01  2.4970E-03
  1.1156E+02  1.5951E-01  2.5028E-03
  1.1180E+02  1.5957E-01  2.5078E-03
  1.1205E+02  1.5959E-01  2.5117E-03
  1.1229E+02  1.5956E-01  2.5143E-03
  1.1253E+02  1.5951E-01  2.5154E-03
  1.1277E+02  1.5942E-01  2.5156E-03
  1.1301E+02  1.5932E-01  2.5153E-03
  1.1326E+02  1.5921E-01  2.5149E-03
  1.1350E+02  1.5910E-01  2.5147E-03
  1.1374E+02  1.5900E-01  2.5147E-03
  1.1398E+02  1.5891E-01  2.5154E-03
  1.1422E+02  1.5885E-01  2.5174E-03
  1.1447E+02  1.5882E-01  2.5216E-03
  1.1471E+02  1.5884E-01  2.5287E-03
  1.1495E+02  1.5889E-01  2.5386E-03
  1.1519E+02  1.5896E-01  2.5506E-03
  1.1543E+02  1.5902E-01  2.5634E-03
  1.1568E+02  1.5907E-01  2.5758E-03
  1.1592E+02  1.5907E-01  2.5869E-03
  1.1616E+02  1.5904E-01  2.5965E-03
  1.1640E+02  1.5897E-01  2.6044E-03
  1.1664E+02  1.5887E-01  2.6106E-03
  1.1689E+02  1.5872E-01  2.6150E-03
  1.1713E+02  1.5855E-01  2.6178E-03
  1.1737E+02  1.5834E-01  2.6191E-03
  1.1761E+02  1.5812E-01  2.6195E-03
  1.1785E+02  1.5787E-01  2.6194E-03
  1.1810E+02  1.5763E-01  2.6195E-03
  1.1834E+02  1.5741E-01  2.6206E-03
  1.1858E+02  1.5721E-01  2.6231E-03
  1.1882E+02  1.5704E-01  2.6271E-03
  1.1906E+02  1.5689E-01  2.6321E-03
  1.1931E+02  1.5675E-01  2.6375E-03
  1.1955E+02  1.5662E-01  2.6428E-03
  1.1979E+02  1.5649E-01  2.6479E-03
  1.2003E+02  1.5636E-01  2.6526E-03
  1.2027E+02  1.5623E-01  2.6570E-03
  1.2052E+02  1.5609E-01  2.6612E-03
  1.2076E+02  1.5594E-01  2.6652E-03
  1.2100E+02  1.5578E-01  2.6691E-03
  1.2124E+02  1.5561E-01  2.6728E-03
  1.2148E+02  1.5542E-01  2.6764E-03
  1.2173E+02  1.5523E-01  2.6796E-03
  1.2197E+02  1.5502E-01  2.6822E-03
  1.2221E+02  1.5478E-01  2.6839E-03
  1.2245E+02  1.5452E-01  2.6843E-03
  1.2269E+02  1.5423E-01  2.6833E-03
  1.2294E+02  1.5393E-01  2.6813E-03
  1.2318E+02  1.5362E-01  2.6788E-03
  1.2342E+02  1.5331E-01  2.6765E-03
  1.2366E+02  1.5303E-01  2.6748E-03
  1.2390E+02  1.5276E-01  2.6739E-03
  1.2415E+02  1.5252E-01  2.6736E-03
  1.2439E+02  1.5230E-01  2.6739E-03
  1.2463E+02  1.5209E-01  2.6746E-03
  1.2487E+02  1.5190E-01  2.6756E-03
  1.2511E+02  1.5170E-01  2.6763E-03
  1.2536E+02  1.5150E-01  2.6762E-03
  1.2560E+02  1.5129E-01  2.6750E-03
  1.2584E+02  1.5106E-01  2.6725E-03
  1.2608E+02  1.5082E-01  2.6692E-03
  1.2632E+02  1.5059E-01  2.6658E-03
  1.2657E+02  1.5037E-01  2.6631E-03
  1.2681E+02  1.5019E-01  2.6619E-03
  1.2705E+02  1.5005E-01  2.6628E-03
  1.2729E+02  1.4995E-01  2.6658E-03
  1.2753E+02  1.4990E-01  2.6708E-03
  1.2778E+02  1.4987E-01  2.6773E-03
  1.2802E+02  1.4987E-01  2.6848E-03
  1.2826E+02  1.4988E-01  2.6926E-03
  1.2850E+02  1.4990E-01  2.7002E-03
  1.2874E+02  1.4991E-01  2.7071E-03
  1.2899E+02  1.4991E-01  2.7132E-03
  1.2923E+02  1.4991E-01  2.7182E-03
  1.2947E+02  1.4989E-01  2.7222E-03
  1.2971E+02  1.4986E-01  2.7254E-03
  1.2995E+02  1.4982E-01  2.7279E-03
  1.3020E+02  1.4977E-01  2.7298E-03
  1.3044E+02  1.4971E-01  2.7310E-03
  1.3068E+02  1.4964E-01  2.7315E-03
  1.3092E+02  1.4957E-01  2.7312E-03
  1.3116E+02  1.4950E-01  2.7308E-03
  1.3141E+02  1.4943E-01  2.7310E-03
  1.3165E+02  1.4939E-01  2.7324E-03
  1.3189E+02  1.4938E-01  2.7353E-03
  1.3213E+02  1.4938E-01  2.7396E-03
  1.3237E+02  1.4939E-01  2.7447E-03
  1.3262E+02  1.4941E-01  2.7502E-03
  1.3286E+02  1.4943E-01  2.7557E-03
  1.3310E+02  1.4944E-01  2.7610E-03
  1.3334E+02  1.4944E-01  2.7658E-03
  1.3358E+02  1.4943E-01  2.7700E-03
  1.3383E+02  1.4940E-01  2.7733E-03
  1.3407E+02  1.4936E-01  2.7758E-03
  1.3431E+02  1.4931E-01  2.7776E-03
  1.3455E+02  1.4926E-01  2.7792E-03
  1.3479E+02  1.4922E-01  2.7812E-03
  1.3504E+02  1.4919E-01  2.7842E-03
  1.3528E+02  1.4919E-01  2.7883E-03
  1.3552E+02  1.4920E-01  2.7936E-03
  1.3576E+02  1.4923E-01  2.7997E-03
  1.3600E+02  1.4926E-01  2.8063E-03
  1.3625E+02  1.4929E-01  2.8131E-03
  1.3649E+02  1.4932E-01  2.8199E-03
  1.3673E+02  1.4934E-01  2.8264E-03
  1.3697E+02  1.4934E-01  2.8322E-03
  1.3721E+02  1.4932E-01  2.8372E-03
  1.3746E+02  1.4928E-01  2.8412E-03
  1.3770E+02  1.4923E-01  2.8443E-03
  1.3794E+02  1.4916E-01  2.8468E-03
  1.3818E+02  1.4909E-01  2.8489E-03
  1.3842E+02  1.4901E-01  2.8508E-03
  1.3867E+02  1.4892E-01  2.8526E-03
  1.3891E+02  1.4883E-01  2.8541E-03
  1.3915E+02  1.4874E-01  2.8553E-03
  1.3939E+02  1.4865E-01  2.8563E-03
  1.3963E+02  1.4856E-01  2.8574E-03
  1.3988E+02  1.4849E-01  2.8588E-03
  1.4012E+02  1.4842E-01  2.8607E-03
  1.4036E+02  1.4837E-01  2.8635E-03
  1.4060E+02  1.4834E-01  2.8672E-03
  1.4084E+02  1.4833E-01  2.8719E-03
  1.4109E+02  1.4834E-01  2.8777E-03
  1.4133E+02  1.4836E-01  2.8844E-03
  1.4157E+02  1.4840E-01  2.8920E-03
  1.4181E+02  1.4845E-01  2.9000E-03
  1.4205E+02  1.4851E-01  2.9081E-03
  1.4230E+02  1.4856E-01  2.9161E-03
  1.4254E+02  1.4861E-01  2.9236E-03
  1.4278E+02  1.4865E-01  2.9304E-03
  1.4302E+02  1.4868E-01  2.9364E-03
  1.4326E+02  1.4871E-01  2.9417E-03
  1.4351E+02  1.4872E-01  2.9462E-03
  1.4375E+02  1.4873E-01  2.9502E-03
  1.4399E+02  1.4873E-01  2.9536E-03
  1.4423E+02  1.4873E-01  2.9569E-03
  1.4447E+02  1.4874E-01  2.9603E-03
  1.4472E+02  1.4875E-01  2.9640E-03
  1.4496E+02  1.4877E-01  2.9683E-03
  1.4520E+02  1.4881E-01  2.9733E-03
  1.4544E+02  1.4886E-01  2.9791E-03
  1.4568E+02  1.4892E-01  2.9856E-03
  1.4593E+02  1.4898E-01  2.9926E-03
  1.4617E+02  1.4906E-01  3.0000E-03
  1.4641E+02  1.4913E-01  3.0075E-03
  1.4665E+02  1.4921E-01  3.0149E-03
  1.4689E+02  1.4927E-01  3.0217E-03
  1.4714E+02  1.4933E-01  3.0279E-03
  1.4738E+02  1.4937E-01  3.0332E-03
  1.4762E+02  1.4940E-01  3.0377E-03
  1.4786E+02  1.4942E-01  3.0417E-03
  1.4810E+02  1.4944E-01  3.0456E-03
  1.4835E+02  1.4946E-01  3.0496E-03
  1.4859E+02  1.4948E-01  3.0538E-03
  1.4883E+02  1.4950E-01  3.0585E-03
  1.4907E+02  1.4954E-01  3.0635E-03
  1.4931E+02  1.4959E-01  3.0689E-03
  1.4956E+02  1.4964E-01  3.0747E-03
  1.4980E+02  1.4970E-01  3.0810E-03
  1.5004E+02  1.4978E-01  3.0879E-03
  1.5028E+02  1.4985E-01  3.0953E-03
  1.5052E+02  1.4993E-01  3.1031E-03
  1.5077E+02  1.5001E-01  3.1113E-03
  1.5101E+02  1.5009E-01  3.1198E-03
  1.5125E+02  1.5017E-01  3.1284E-03
  1.5149E+02  1.5023E-01  3.1367E-03
  1.5173E+02  1.5028E-01  3.1447E-03
  1.5198E+02  1.5032E-01  3.1519E-03
  1.5222E+02  1.5034E-01  3.1582E-03
  1.5246E+02  1.5034E-01  3.1636E-03
  1.5270E+02  1.5033E-01  3.1682E-03
  1.5294E+02  1.5031E-01  3.1722E-03
  1.5319E+02  1.5028E-01  3.1757E-03
  1.5343E+02  1.5024E-01  3.1792E-03
  1.5367E+02  1.5020E-01  3.1829E-03
  1.5391E+02  1.5016E-01  3.1869E-03
  1.5415E+02  1.5013E-01  3.1913E-03
  1.5440E+02  1.5010E-01  3.1963E-03
  1.5464E+02  1.5008E-01  3.2017E-03
  1.5488E+02  1.5006E-01  3.2075E-03
  1.5512E+02  1.5005E-01  3.2136E-03
  1.5536E+02  1.5004E-01  3.2199E-03
  1.5561E+02  1.5002E-01  3.2261E-03
  1.5585E+02  1.5001E-01  3.2319E-03
  1.5609E+02  1.4998E-01  3.2373E-03
  1.5633E+02  1.4995E-01  3.2422E-03
  1.5657E+02  1.4992E-01  3.2468E-03
  1.5682E+02  1.4988E-01  3.2512E-03
  1.5706E+02  1.4984E-01  3.2559E-03
  1.5730E+02  1.4980E-01  3.2611E-03
  1.5754E+02  1.4977E-01  3.2667E-03
  1.5778E+02  1.4974E-01  3.2728E-03
  1.5803E+02  1.4971E-01  3.2790E-03
  1.5827E+02  1.4969E-01  3.2853E-03
  1.5851E+02  1.4965E-01  3.2912E-03
  1.5875E+02  1.4962E-01  3.2967E-03
  1.5899E+02  1.4958E-01  3.3017E-03
  1.5924E+02  1.4954E-01  3.3064E-03
  1.5948E+02  1.4950E-01  3.3111E-03
  1.5972E+02  1.4946E-01  3.3160E-03
  1.5996E+02  1.4943E-01  3.3213E-03
  1.6020E+02  1.4940E-01  3.3270E-03
  1.6045E+02  1.4937E-01  3.3328E-03
  1.6069E+02  1.4934E-01  3.3385E-03
  1.6093E+02  1.4931E-01  3.3441E-03
  1.6117E+02  1.4928E-01  3.3493E-03
  1.6141E+02  1.4924E-01  3.3543E-03
  1.6166E+02  1.4920E-01  3.3592E-03
  1.6190E+02  1.4916E-01  3.3639E-03
  1.6214E+02  1.4911E-01  3.3682E-03
  1.6238E+02  1.4905E-01  3.3719E-03
  1.6262E+02  1.4898E-01  3.3749E-03
  1.6287E+02  1.4890E-01  3.3772E-03
  1.6311E+02  1.4881E-01  3.3790E-03
  1.6335E+02  1.4872E-01  3.3803E-03
  1.6359E+02  1.4862E-01  3.3815E-03
  1.6383E+02  1.4852E-01  3.3826E-03
  1.6408E+02  1.4841E-01  3.3837E-03
  1.6432E+02  1.4831E-01  3.3848E-03
  1.6456E+02  1.4820E-01  3.3856E-03
  1.6480E+02  1.4809E-01  3.3863E-03
  1.6504E+02  1.4798E-01  3.3867E-03
  1.6529E+02  1.4786E-01  3.3868E-03
  1.6553E+02  1.4774E-01  3.3866E-03
  1.6577E+02  1.4762E-01  3.3861E-03
  1.6601E+02  1.4750E-01  3.3855E-03
  1.6625E+02  1.4738E-01  3.3849E-03
  1.6650E+02  1.4726E-01  3.3845E-03
  1.6674E+02  1.4715E-01  3.3844E-03
  1.6698E+02  1.4705E-01  3.3849E-03
  1.6722E+02  1.4696E-01  3.3859E-03
  1.6746E+02  1.4687E-01  3.3873E-03
  1.6771E+02  1.4679E-01  3.3892E-03
  1.6795E+02  1.4672E-01  3.3914E-03
  1.6819E+02  1.4665E-01  3.3940E-03
  1.6843E+02  1.4659E-01  3.3970E-03
  1.6867E+02  1.4654E-01  3.4002E-03
  1.6892E+02  1.4648E-01  3.4035E-03
  1.6916E+02  1.4643E-01  3.4067E-03
  1.6940E+02  1.4637E-01  3.4095E-03
  1.6964E+02  1.4631E-01  3.4121E-03
  1.6988E+02  1.4625E-01  3.4145E-03
  1.7013E+02  1.4619E-01  3.4171E-03
  1.7037E+02  1.4614E-01  3.4201E-03
  1.7061E+02  1.4609E-01  3.4236E-03
  1.7085E+02  1.4605E-01  3.4277E-03
  1.7109E+02  1.4602E-01  3.4324E-03
  1.7134E+02  1.4599E-01  3.4375E-03
  1.7158E+02  1.4597E-01  3.4429E-03
  1.7182E+02  1.4595E-01  3.4484E-03
  1.7206E+02  1.4594E-01  3.4541E-03
  1.7230E+02  1.4593E-01  3.4600E-03
  1.7255E+02  1.4592E-01  3.4660E-03
  1.7279E+02  1.4591E-01  3.4722E-03
  1.7303E+02  1.4590E-01  3.4784E-03
  1.7327E+02  1.4589E-01  3.4846E-03
  1.7351E+02  1.4589E-01  3.4908E-03
  1.7376E+02  1.4587E-01  3.4968E-03
  1.7400E+02  1.4586E-01  3.5026E-03
  1.7424E+02  1.4584E-01  3.5080E-03
  1.7448E+02  1.4581E-01  3.5131E-03
  1.7472E+02  1.4578E-01  3.5178E-03
  1.7497E+02  1.4574E-01  3.5224E-03
  1.7521E+02  1.4571E-01  3.5268E-03
  1.7545E+02  1.4567E-01  3.5312E-03
  1.7569E+02  1.4563E-01  3.5356E-03
  1.7593E+02  1.4559E-01  3.5402E-03
  1.7618E+02  1.4556E-01  3.5451E-03
  1.7642E+02  1.4553E-01  3.5501E-03
  1.7666E+02  1.4550E-01  3.5553E-03
  1.7690E+02  1.4547E-01  3.5607E-03
  1.7714E+02  1.4545E-01  3.5662E-03
  1.7739E+02  1.4543E-01  3.5717E-03
  1.7763E+02  1.4541E-01  3.5772E-03
  1.7787E+02  1.4539E-01  3.5826E-03
  1.7811E+02  1.4537E-01  3.5879E-03
  1.7835E+02  1.4535E-01  3.5931E-03
  1.7860E+02  1.4533E-01  3.5982E-03
  1.7884E+02  1.4531E-01  3.6033E-03
  1.7908E+02  1.4529E-01  3.6085E-03
  1.7932E+02  1.4528E-01  3.6138E-03
  1.7956E+02  1.4526E-01  3.6191E-03
  1.7981E+02  1.4525E-01  3.6244E-03
  1.8005E+02  1.4524E-01  3.6298E-03
  1.8029E+02  1.4524E-01  3.6352E-03
  1.8053E+02  1.4523E-01  3.6407E-03
  1.8077E+02  1.4523E-01  3.6463E-03
  1.8102E+02  1.4523E-01  3.6518E-03
  1.8126E+02  1.4523E-01  3.6574E-03
  1.8150E+02  1.4523E-01  3.6628E-03
  1.8174E+02  1.4523E-01  3.6683E-03
  1.8198E+02  1.4523E-01  3.6736E-03
  1.8223E+02  1.4523E-01  3.6790E-03
  1.8247E+02  1.4523E-01  3.6843E-03
  1.8271E+02  1.4522E-01  3.6896E-03
  1.8295E+02  1.4522E-01  3.6946E-03
  1.8319E+02  1.4520E-01  3.6993E-03
  1.8344E+02  1.4518E-01  3.7035E-03
  1.8368E+02  1.4516E-01  3.7073E-03
  1.8392E+02  1.4512E-01  3.7106E-03
  1.8416E+02  1.4509E-01  3.7134E-03
  1.8440E+02  1.4504E-01  3.7159E-03
  1.8465E+02  1.4499E-01  3.7183E-03
  1.8489E+02  1.4495E-01  3.7208E-03
  1.8513E+02  1.4490E-01  3.7233E-03
  1.8537E+02  1.4485E-01  3.7261E-03
  1.8561E+02  1.4481E-01  3.7290E-03
  1.8586E+02  1.4477E-01  3.7320E-03
  1.8610E+02  1.4473E-01  3.7351E-03
  1.8634E+02  1.4468E-01  3.7383E-03
  1.8658E+02  1.4464E-01  3.7414E-03
  1.8682E+02  1.4460E-01  3.7446E-03
  1.8707E+02  1.4456E-01  3.7479E-03
  1.8731E+02  1.4452E-01  3.7511E-03
  1.8755E+02  1.4447E-01  3.7544E-03
  1.8779E+02  1.4443E-01  3.7576E-03
  1.8803E+02  1.4438E-01  3.7608E-03
  1.8828E+02  1.4434E-01  3.7638E-03
  1.8852E+02  1.4429E-01  3.7666E-03
  1.8876E+02  1.4425E-01  3.7695E-03
  1.8900E+02  1.4420E-01  3.7723E-03
  1.8924E+02  1.4416E-01  3.7752E-03
  1.8949E+02  1.4411E-01  3.7781E-03
  1.8973E+02  1.4407E-01  3.7813E-03
  1.8997E+02  1.4404E-01  3.7846E-03
  1.9021E+02  1.4400E-01  3.7881E-03
  1.9045E+02  1.4396E-01  3.7918E-03
  1.9070E+02  1.4393E-01  3.7956E-03
  1.9094E+02  1.4390E-01  3.7994E-03
  1.9118E+02  1.4386E-01  3.8033E-03
  1.9142E+02  1.4382E-01  3.8070E-03
  1.9166E+02  1.4379E-01  3.8105E-03
  1.9191E+02  1.4375E-01  3.8140E-03
  1.9215E+02  1.4370E-01  3.8174E-03
  1.9239E+02  1.4366E-01  3.8208E-03
  1.9263E+02  1.4362E-01  3.8241E-03
  1.9287E+02  1.4358E-01  3.8276E-03
  1.9312E+02  1.4355E-01  3.8313E-03
  1.9336E+02  1.4351E-01  3.8352E-03
  1.9360E+02  1.4348E-01  3.8393E-03
  1.9384E+02  1.4345E-01  3.8435E-03
  1.9408E+02  1.4342E-01  3.8479E-03
  1.9433E+02  1.4340E-01  3.8523E-03
  1.9457E+02  1.4337E-01  3.8567E-03
  1.9481E+02  1.4334E-01  3.8611E-03
  1.9505E+02  1.4332E-01  3.8654E-03
  1.9529E+02  1.4329E-01  3.8696E-03
  1.9554E+02  1.4327E-01  3.8738E-03
  1.9578E+02  1.4324E-01  3.8780E-03
  1.9602E+02  1.4322E-01  3.8822E-03
  1.9626E+02  1.4320E-01  3.8864E-03
  1.9650E+02  1.4318E-01  3.8907E-03
  1.9675E+02  1.4316E-01  3.8952E-03
  1.9699E+02  1.4314E-01  3.8997E-03
  1.9723E+02  1.4313E-01  3.9044E-03
  1.9747E+02  1.4312E-01  3.9092E-03
  1.9771E+02  1.4311E-01  3.9140E-03
  1.9796E+02  1.4310E-01  3.9190E-03
  1.9820E+02  1.4309E-01  3.9240E-03
  1.9844E+02  1.4308E-01  3.9292E-03
  1.9868E+02  1.4308E-01  3.9344E-03
  1.9892E+02  1.4308E-01  3.9396E-03
  1.9917E+02  1.4308E-01  3.9448E-03
  1.9941E+02  1.4308E-01  3.9499E-03
  1.9965E+02  1.4308E-01  3.9550E-03
  1.9989E+02  1.4308E-01  3.9599E-03
  2.0013E+02  1.4307E-01  3.9648E-03
  2.0038E+02  1.4307E-01  3.9697E-03
  2.0062E+02  1.4307E-01  3.9746E-03
  2.0086E+02  1.4307E-01  3.9794E-03
  2.0110E+02  1.4306E-01  3.9842E-03
  2.0134E+02  1.4306E-01  3.9889E-03
  2.0159E+02  1.4305E-01  3.9935E-03
  2.0183E+02  1.4304E-01  3.9979E-03
  2.0207E+02  1.4304E-01  4.0022E-03
  2.0231E+02  1.4303E-01  4.0065E-03
  2.0255E+02  1.4302E-01  4.0109E-03
  2.0280E+02  1.4301E-01  4.0154E-03
  2.0304E+02  1.4300E-01  4.0201E-03
  2.0328E+02  1.4300E-01  4.0248E-03
  2.0352E+02  1.4300E-01  4.0297E-03
  2.0376E+02  1.4299E-01  4.0344E-03
  2.0401E+02  1.4299E-01  4.0391E-03
  2.0425E+02  1.4298E-01  4.0436E-03
  2.0449E+02  1.4297E-01  4.0479E-03
  2.0473E+02  1.4296E-01  4.0521E-03
  2.0497E+02  1.4295E-01  4.0560E-03
  2.0522E+02  1.4294E-01  4.0597E-03
  2.0546E+02  1.4292E-01  4.0632E-03
  2.0570E+02  1.4291E-01  4.0667E-03
  2.0594E+02  1.4289E-01  4.0703E-03
  2.0618E+02  1.4288E-01  4.0740E-03
  2.0643E+02  1.4287E-01  4.0779E-03
  2.0667E+02  1.4286E-01  4.0820E-03
  2.0691E+02  1.4285E-01  4.0863E-03
  2.0715E+02  1.4284E-01  4.0908E-03
  2.0739E+02  1.4283E-01  4.0953E-03
  2.0764E+02  1.4282E-01  4.1000E-03
  2.0788E+02  1.4281E-01  4.1046E-03
  2.0812E+02  1.4280E-01  4.1092E-03
  2.0836E+02  1.4279E-01  4.1138E-03
  2.0860E+02  1.4278E-01  4.1183E-03
  2.0885E+02  1.4277E-01  4.1229E-03
  2.0909E+02  1.4276E-01  4.1273E-03
  2.0933E+02  1.4274E-01  4.1318E-03
  2.0957E+02  1.4273E-01  4.1361E-03
  2.0981E+02  1.4271E-01  4.1405E-03
  2.1006E+02  1.4269E-01  4.1449E-03
  2.1030E+02  1.4267E-01  4.1492E-03
  2.1054E+02  1.4265E-01  4.1535E-03
  2.1078E+02  1.4263E-01  4.1576E-03
  2.1102E+02  1.4260E-01  4.1617E-03
  2.1127E+02  1.4258E-01  4.1658E-03
  2.1151E+02  1.4255E-01  4.1697E-03
  2.1175E+02  1.4252E-01  4.1737E-03
  2.1199E+02  1.4249E-01  4.1777E-03
  2.1223E+02  1.4247E-01  4.1817E-03
  2.1248E+02  1.4244E-01  4.1857E-03
  2.1272E+02  1.4241E-01  4.1899E-03
  2.1296E+02  1.4238E-01  4.1942E-03
  2.1320E+02  1.4236E-01  4.1985E-03
  2.1344E+02  1.4233E-01  4.2028E-03
  2.1369E+02  1.4230E-01  4.2072E-03
  2.1393E+02  1.4227E-01  4.2116E-03
  2.1417E+02  1.4224E-01  4.2158E-03
  2.1441E+02  1.4221E-01  4.2200E-03
  2.1465E+02  1.4218E-01  4.2240E-03
  2.1490E+02  1.4215E-01  4.2279E-03
  2.1514E+02  1.4211E-01  4.2318E-03
  2.1538E+02  1.4208E-01  4.2356E-03
  2.1562E+02  1.4204E-01  4.2394E-03
  2.1586E+02  1.4201E-01  4.2433E-03
  2.1611E+02  1.4197E-01  4.2472E-03
  2.1635E+02  1.4194E-01  4.2511E-03
  2.1659E+02  1.4190E-01  4.2550E-03
  2.1683E+02  1.4187E-01  4.2589E-03
  2.1707E+02  1.4183E-01  4.2628E-03
  2.1732E+02  1.4180E-01  4.2668E-03
  2.1756E+02  1.4177E-01  4.2708E-03
  2.1780E+02  1.4174E-01  4.2748E-03
  2.1804E+02  1.4170E-01  4.2788E-03
  2.1828E+02  1.4167E-01  4.2828E-03
  2.1853E+02  1.4165E-01  4.2869E-03
  2.1877E+02  1.4162E-01  4.2909E-03
  2.1901E+02  1.4159E-01  4.2950E-03
  2.1925E+02  1.4156E-01  4.2991E-03
  2.1949E+02  1.4153E-01  4.3033E-03
  2.1974E+02  1.4151E-01  4.3076E-03
  2.1998E+02  1.4148E-01  4.3118E-03
  2.2022E+02  1.4146E-01  4.3161E-03
  2.2046E+02  1.4143E-01  4.3203E-03
  2.2070E+02  1.4141E-01  4.3244E-03
  2.2095E+02  1.4138E-01  4.3285E-03
  2.2119E+02  1.4136E-01  4.3325E-03
  2.2143E+02  1.4133E-01  4.3364E-03
  2.2167E+02  1.4131E-01  4.3404E-03
  2.2191E+02  1.4128E-01  4.3444E-03
  2.2216E+02  1.4126E-01  4.3484E-03
  2.2240E+02  1.4123E-01  4.3523E-03
  2.2264E+02  1.4121E-01  4.3563E-03
  2.2288E+02  1.4118E-01  4.3603E-03
  2.2312E+02  1.4116E-01  4.3642E-03
  2.2337E+02  1.4113E-01  4.3681E-03
  2.2361E+02  1.4110E-01  4.3720E-03
  2.2385E+02  1.4107E-01  4.3759E-03
  2.2409E+02  1.4105E-01  4.3798E-03
  2.2433E+02  1.4102E-01  4.3837E-03
  2.2458E+02  1.4099E-01  4.3877E-03
  2.2482E+02  1.4096E-01  4.3916E-03
  2.2506E+02  1.4094E-01  4.3955E-03
  2.2530E+02  1.4091E-01  4.3994E-03
  2.2554E+02  1.4088E-01  4.4033E-03
  2.2579E+02  1.4086E-01  4.4073E-03
  2.2603E+02  1.4083E-01  4.4114E-03
  2.2627E+02  1.4080E-01  4.4155E-03
  2.2651E+02  1.4078E-01  4.4196E-03
  2.2675E+02  1.4075E-01  4.4237E-03
  2.2700E+02  1.4073E-01  4.4278E-03
  2.2724E+02  1.4070E-01  4.4319E-03
  2.2748E+02  1.4067E-01  4.4359E-03
  2.2772E+02  1.4065E-01  4.4400E-03
  2.2796E+02  1.4062E-01  4.4442E-03
  2.2821E+02  1.4060E-01  4.4484E-03
  2.2845E+02  1.4057E-01  4.4527E-03
  2.2869E+02  1.4054E-01  4.4570E-03
  2.2893E+02  1.4052E-01  4.4613E-03
  2.2917E+02  1.4049E-01  4.4657E-03
  2.2942E+02  1.4047E-01  4.4700E-03
  2.2966E+02  1.4044E-01  4.4745E-03
  2.2990E+02  1.4042E-01  4.4790E-03
  2.3014E+02  1.4039E-01  4.4835E-03
  2.3038E+02  1.4037E-01  4.4880E-03
  2.3063E+02  1.4034E-01  4.4925E-03
  2.3087E+02  1.4031E-01  4.4970E-03
  2.3111E+02  1.4029E-01  4.5013E-03
  2.3135E+02  1.4026E-01  4.5056E-03
  2.3159E+02  1.4023E-01  4.5099E-03
  2.3184E+02  1.4020E-01  4.5141E-03
  2.3208E+02  1.4016E-01  4.5182E-03
  2.3232E+02  1.4013E-01  4.5224E-03
  2.3256E+02  1.4010E-01  4.5265E-03
  2.3280E+02  1.4006E-01  4.5306E-03
  2.3305E+02  1.4003E-01  4.5346E-03
  2.3329E+02  1.3999E-01  4.5387E-03
  2.3353E+02  1.3996E-01  4.5427E-03
  2.3377E+02  1.3992E-01  4.5467E-03
  2.3401E+02  1.3989E-01  4.5506E-03
  2.3426E+02  1.3985E-01  4.5546E-03
  2.3450E+02  1.3982E-01  4.5586E-03
  2.3474E+02  1.3978E-01  4.5625E-03
  2.3498E+02  1.3975E-01  4.5665E-03
  2.3522E+02  1.3971E-01  4.5704E-03
  2.3547E+02  1.3968E-01  4.5743E-03
  2.3571E+02  1.3964E-01  4.5782E-03
  2.3595E+02  1.3961E-01  4.5821E-03
  2.3619E+02  1.3957E-01  4.5860E-03
  2.3643E+02  1.3954E-01  4.5899E-03
  2.3668E+02  1.3950E-01  4.5937E-03
  2.3692E+02  1.3947E-01  4.5976E-03
  2.3716E+02  1.3943E-01  4.6014E-03
  2.3740E+02  1.3940E-01  4.6052E-03
  2.3764E+02  1.3936E-01  4.6091E-03
  2.3789E+02  1.3933E-01  4.6129E-03
  2.3813E+02  1.3930E-01  4.6168E-03
  2.3837E+02  1.3927E-01  4.6206E-03
  2.3861E+02  1.3923E-01  4.6245E-03
  2.3885E+02  1.3920E-01  4.6284E-03
  2.3910E+02  1.3917E-01  4.6324E-03
  2.3934E+02  1.3914E-01  4.6363E-03
  2.3958E+02  1.3911E-01  4.6403E-03
  2.3982E+02  1.3908E-01  4.6444E-03
  2.4006E+02  1.3905E-01  4.6484E-03
  2.4031E+02  1.3903E-01  4.6525E-03
  2.4055E+02  1.3900E-01  4.6565E-03
  2.4079E+02  1.3897E-01  4.6606E-03
  2.4103E+02  1.3894E-01  4.6645E-03
  2.4127E+02  1.3891E-01  4.6685E-03
  2.4152E+02  1.3889E-01  4.6724E-03
  2.4176E+02  1.3886E-01  4.6762E-03
  2.4200E+02  1.3883E-01  4.6800E-03
  2.4224E+02  1.3880E-01  4.6838E-03
  2.4248E+02  1.3877E-01  4.6876E-03
  2.4273E+02  1.3875E-01  4.6914E-03
  2.4297E+02  1.3872E-01  4.6952E-03
  2.4321E+02  1.3869E-01  4.6990E-03
  2.4345E+02  1.3866E-01  4.7028E-03
  2.4369E+02  1.3863E-01  4.7066E-03
  2.4394E+02  1.3861E-01  4.7104E-03
  2.4418E+02  1.3858E-01  4.7142E-03
  2.4442E+02  1.3855E-01  4.7179E-03
  2.4466E+02  1.3852E-01  4.7216E-03
  2.4490E+02  1.3850E-01  4.7252E-03
  2.4515E+02  1.3847E-01  4.7289E-03
  2.4539E+02  1.3844E-01  4.7326E-03
  2.4563E+02  1.3841E-01  4.7363E-03
  2.4587E+02  1.3839E-01  4.7401E-03
  2.4611E+02  1.3836E-01  4.7439E-03
  2.4636E+02  1.3834E-01  4.7477E-03
  2.4660E+02  1.3831E-01  4.7515E-03
  2.4684E+02  1.3829E-01  4.7554E-03
  2.4708E+02  1.3826E-01  4.7593E-03
  2.4732E+02  1.3824E-01  4.7632E-03
  2.4757E+02  1.3821E-01  4.7672E-03
  2.4781E+02  1.3819E-01  4.7712E-03
  2.4805E+02  1.3817E-01  4.7753E-03
  2.4829E+02  1.3814E-01  4.7794E-03
  2.4853E+02  1.3812E-01  4.7835E-03
  2.4878E+02  1.3810E-01  4.7876E-03
  2.4902E+02  1.3807E-01  4.7916E-03
  2.4926E+02  1.3805E-01  4.7957E-03
  2.4950E+02  1.3803E-01  4.7998E-03
  2.4974E+02  1.3801E-01  4.8039E-03
  2.4999E+02  1.3798E-01  4.8081E-03
  2.5023E+02  1.3796E-01  4.8122E-03
  2.5047E+02  1.3794E-01  4.8163E-03
  2.5071E+02  1.3792E-01  4.8205E-03
  2.5095E+02  1.3790E-01  4.8246E-03
  2.5120E+02  1.3788E-01  4.8288E-03
  2.5144E+02  1.3785E-01  4.8329E-03
  2.5168E+02  1.3783E-01  4.8371E-03
  2.5192E+02  1.3781E-01  4.8413E-03
  2.5216E+02  1.3779E-01  4.8454E-03
  2.5241E+02  1.3777E-01  4.8496E-03
  2.5265E+02  1.3775E-01  4.8537E-03
  2.5289E+02  1.3772E-01  4.8578E-03
  2.5313E+02  1.3770E-01  4.8619E-03
  2.5337E+02  1.3768E-01  4.8659E-03
  2.5362E+02  1.3766E-01  4.8699E-03
  2.5386E+02  1.3763E-01  4.8739E-03
  2.5410E+02  1.3761E-01  4.8779E-03
  2.5434E+02  1.3759E-01  4.8818E-03
  2.5458E+02  1.3757E-01  4.8857E-03
  2.5483E+02  1.3754E-01  4.8897E-03
  2.5507E+02  1.3752E-01  4.8936E-03
  2.5531E+02  1.3750E-01  4.8976E-03
  2.5555E+02  1.3747E-01  4.9015E-03
  2.5579E+02  1.3745E-01  4.9055E-03
  2.5604E+02  1.3743E-01  4.9095E-03
  2.5628E+02  1.3741E-01  4.9134E-03
  2.5652E+02  1.3738E-01  4.9174E-03
  2.5676E+02  1.3736E-01  4.9213E-03
  2.5700E+02  1.3734E-01  4.9252E-03
  2.5725E+02  1.3732E-01  4.9290E-03
  2.5749E+02  1.3729E-01  4.9329E-03
  2.5773E+02  1.3727E-01  4.9367E-03
  2.5797E+02  1.3725E-01  4.9406E-03
  2.5821E+02  1.3722E-01  4.9444E-03
  2.5846E+02  1.3720E-01  4.9482E-03
  2.5870E+02  1.3718E-01  4.9521E-03
  2.5894E+02  1.3716E-01  4.9560E-03
  2.5918E+02  1.3713E-01  4.9599E-03
  2.5942E+02  1.3711E-01  4.9638E-03
  2.5967E+02  1.3709E-01  4.9677E-03
  2.5991E+02  1.3707E-01  4.9716E-03
  2.6015E+02  1.3704E-01  4.9755E-03
  2.6039E+02  1.3702E-01  4.9793E-03
  2.6063E+02  1.3700E-01  4.9832E-03
  2.6088E+02  1.3698E-01  4.9870E-03
  2.6112E+02  1.3696E-01  4.9909E-03
  2.6136E+02  1.3693E-01  4.9948E-03
  2.6160E+02  1.3691E-01  4.9986E-03
  2.6184E+02  1.3689E-01  5.0025E-03
  2.6209E+02  1.3687E-01  5.0065E-03
  2.6233E+02  1.3685E-01  5.0104E-03
  2.6257E+02  1.3683E-01  5.0143E-03
  2.6281E+02  1.3681E-01  5.0183E-03
  2.6305E+02  1.3678E-01  5.0222E-03
  2.6330E+02  1.3676E-01  5.0261E-03
  2.6354E+02  1.3674E-01  5.0301E-03
  2.6378E+02  1.3672E-01  5.0340E-03
  2.6402E+02  1.3670E-01  5.0380E-03
  2.6426E+02  1.3668E-01  5.0419E-03
  2.6451E+02  1.3666E-01  5.0459E-03
  2.6475E+02  1.3664E-01  5.0499E-03
  2.6499E+02  1.3662E-01  5.0539E-03
  2.6523E+02  1.3660E-01  5.0580E-03
  2.6547E+02  1.3658E-01  5.0621E-03
  2.6572E+02  1.3656E-01  5.0661E-03
  2.6596E+02  1.3654E-01  5.0702E-03
  2.6620E+02  1.3653E-01  5.0742E-03
  2.6644E+02  1.3651E-01  5.0782E-03
  2.6668E+02  1.3649E-01  5.0822E-03
  2.6693E+02  1.3647E-01  5.0862E-03
  2.6717E+02  1.3645E-01  5.0902E-03
  2.6741E+02  1.3643E-01  5.0943E-03
  2.6765E+02  1.3641E-01  5.0983E-03
  2.6789E+02  1.3640E-01  5.1024E-03
  2.6814E+02  1.3638E-01  5.1065E-03
  2.6838E+02  1.3636E-01  5.1106E-03
  2.6862E+02  1.3634E-01  5.1147E-03
  2.6886E+02  1.3632E-01  5.1188E-03
  2.6910E+02  1.3631E-01  5.1229E-03
  2.6935E+02  1.3629E-01  5.1270E-03
  2.6959E+02  1.3627E-01  5.1311E-03
  2.6983E+02  1.3625E-01  5.1352E-03
  2.7007E+02  1.3624E-01  5.1393E-03
  2.7031E+02  1.3622E-01  5.1433E-03
  2.7056E+02  1.3620E-01  5.1474E-03
  2.7080E+02  1.3618E-01  5.1515E-03
  2.7104E+02  1.3616E-01  5.1556E-03
  2.7128E+02  1.3615E-01  5.1596E-03
  2.7152E+02  1.3613E-01  5.1637E-03
  2.7177E+02  1.3611E-01  5.1678E-03
  2.7201E+02  1.3609E-01  5.1718E-03
  2.7225E+02  1.3607E-01  5.1759E-03
  2.7249E+02  1.3605E-01  5.1799E-03
  2.7273E+02  1.3604E-01  5.1839E-03
  2.7298E+02  1.3602E-01  5.1878E-03
  2.7322E+02  1.3600E-01  5.1918E-03
  2.7346E+02  1.3598E-01  5.1958E-03
  2.7370E+02  1.3596E-01  5.1997E-03
  2.7394E+02  1.3594E-01  5.2037E-03
  2.7419E+02  1.3592E-01  5.2076E-03
  2.7443E+02  1.3590E-01  5.2116E-03
  2.7467E+02  1.3588E-01  5.2155E-03
  2.7491E+02  1.3586E-01  5.2195E-03
  2.7515E+02  1.3584E-01  5.2234E-03
  2.7540E+02  1.3582E-01  5.2274E-03
  2.7564E+02  1.3580E-01  5.2313E-03
  2.7588E+02  1.3578E-01  5.2353E-03
  2.7612E+02  1.3576E-01  5.2392E-03
  2.7636E+02  1.3574E-01  5.2431E-03
  2.7661E+02  1.3572E-01  5.2470E-03
  2.7685E+02  1.3570E-01  5.2509E-03
  2.7709E+02  1.3568E-01  5.2548E-03
  2.7733E+02  1.3566E-01  5.2587E-03
  2.7757E+02  1.3564E-01  5.2626E-03
  2.7782E+02  1.3562E-01  5.2664E-03
  2.7806E+02  1.3559E-01  5.2703E-03
  2.7830E+02  1.3557E-01  5.2741E-03
  2.7854E+02  1.3555E-01  5.2780E-03
  2.7878E+02  1.3553E-01  5.2818E-03
  2.7903E+02  1.3551E-01  5.2856E-03
  2.7927E+02  1.3548E-01  5.2894E-03
  2.7951E+02  1.3546E-01  5.2933E-03
  2.7975E+02  1.3544E-01  5.2971E-03
  2.7999E+02  1.3542E-01  5.3009E-03
  2.8024E+02  1.3539E-01  5.3047E-03
  2.8048E+02  1.3537E-01  5.3085E-03
  2.8072E+02  1.3535E-01  5.3123E-03
  2.8096E+02  1.3532E-01  5.3161E-03
  2.8120E+02  1.3530E-01  5.3199E-03
  2.8145E+02  1.3528E-01  5.3237E-03
  2.8169E+02  1.3525E-01  5.3275E-03
  2.8193E+02  1.3523E-01  5.3314E-03
  2.8217E+02  1.3521E-01  5.3352E-03
  2.8241E+02  1.3518E-01  5.3390E-03
  2.8266E+02  1.3516E-01  5.3429E-03
  2.8290E+02  1.3514E-01  5.3468E-03
  2.8314E+02  1.3512E-01  5.3506E-03
  2.8338E+02  1.3509E-01  5.3545E-03
  2.8362E+02  1.3507E-01  5.3584E-03
  2.8387E+02  1.3505E-01  5.3623E-03
  2.8411E+02  1.3502E-01  5.3662E-03
  2.8435E+02  1.3500E-01  5.3701E-03
  2.8459E+02  1.3498E-01  5.3740E-03
  2.8483E+02  1.3495E-01  5.3779E-03
  2.8508E+02  1.3493E-01  5.3819E-03
  2.8532E+02  1.3491E-01  5.3858E-03
  2.8556E+02  1.3489E-01  5.3898E-03
  2.8580E+02  1.3486E-01  5.3937E-03
  2.8604E+02  1.3484E-01  5.3976E-03
  2.8629E+02  1.3482E-01  5.4016E-03
  2.8653E+02  1.3480E-01  5.4055E-03
  2.8677E+02  1.3477E-01  5.4095E-03
  2.8701E+02  1.3475E-01  5.4134E-03
  2.8725E+02  1.3473E-01  5.4174E-03
  2.8750E+02  1.3471E-01  5.4214E-03
  2.8774E+02  1.3468E-01  5.4254E-03
  2.8798E+02  1.3466E-01  5.4293E-03
  2.8822E+02  1.3464E-01  5.4333E-03
  2.8846E+02  1.3462E-01  5.4373E-03
  2.8871E+02  1.3459E-01  5.4412E-03
  2.8895E+02  1.3457E-01  5.4452E-03
  2.8919E+02  1.3455E-01  5.4492E-03
  2.8943E+02  1.3453E-01  5.4531E-03
  2.8967E+02  1.3451E-01  5.4571E-03
  2.8992E+02  1.3448E-01  5.4610E-03
  2.9016E+02  1.3446E-01  5.4650E-03
  2.9040E+02  1.3444E-01  5.4689E-03
  2.9064E+02  1.3442E-01  5.4728E-03
  2.9088E+02  1.3440E-01  5.4768E-03
  2.9113E+02  1.3437E-01  5.4807E-03
  2.9137E+02  1.3435E-01  5.4846E-03
  2.9161E+02  1.3433E-01  5.4885E-03
  2.9185E+02  1.3431E-01  5.4924E-03
  2.9209E+02  1.3429E-01  5.4963E-03
  2.9234E+02  1.3426E-01  5.5002E-03
  2.9258E+02  1.3424E-01  5.5042E-03
  2.9282E+02  1.3422E-01  5.5081E-03
  2.9306E+02  1.3420E-01  5.5120E-03
  2.9330E+02  1.3418E-01  5.5159E-03
  2.9355E+02  1.3416E-01  5.5199E-03
  2.9379E+02  1.3414E-01  5.5238E-03
  2.9403E+02  1.3412E-01  5.5277E-03
  2.9427E+02  1.3409E-01  5.5316E-03
  2.9451E+02  1.3407E-01  5.5355E-03
  2.9476E+02  1.3405E-01  5.5394E-03
  2.9500E+02  1.3403E-01  5.5434E-03
  2.9524E+02  1.3401E-01  5.5473E-03
  2.9548E+02  1.3399E-01  5.5512E-03
  2.9572E+02  1.3397E-01  5.5551E-03
  2.9597E+02  1.3395E-01  5.5590E-03
  2.9621E+02  1.3393E-01  5.5629E-03
  2.9645E+02  1.3391E-01  5.5668E-03
  2.9669E+02  1.3389E-01  5.5707E-03
  2.9693E+02  1.3387E-01  5.5745E-03
  2.9718E+02  1.3385E-01  5.5784E-03
  2.9742E+02  1.3383E-01  5.5822E-03
  2.9766E+02  1.3381E-01  5.5861E-03
  2.9790E+02  1.3378E-01  5.5899E-03
  2.9814E+02  1.3376E-01  5.5937E-03
  2.9839E+02  1.3374E-01  5.5976E-03
  2.9863E+02  1.3372E-01  5.6014E-03
  2.9887E+02  1.3370E-01  5.6053E-03
  2.9911E+02  1.3368E-01  5.6091E-03
  2.9935E+02  1.3366E-01  5.6129E-03
  2.9960E+02  1.3364E-01  5.6168E-03
  2.9984E+02  1.3362E-01  5.6206E-03
  3.0008E+02  1.3360E-01  5.6244E-03
  3.0032E+02  1.3358E-01  5.6283E-03
  3.0056E+02  1.3356E-01  5.6321E-03
  3.0081E+02  1.3354E-01  5.6360E-03
  3.0105E+02  1.3352E-01  5.6398E-03
  3.0129E+02  1.3350E-01  5.6437E-03
  3.0153E+02  1.3348E-01  5.6475E-03
  3.0177E+02  1.3346E-01  5.6514E-03
  3.0202E+02  1.3344E-01  5.6552E-03
  3.0226E+02  1.3342E-01  5.6591E-03
  3.0250E+02  1.3339E-01  5.6629E-03
  3.0274E+02  1.3337E-01  5.6667E-03
  3.0298E+02  1.3335E-01  5.6706E-03
  3.0323E+02  1.3333E-01  5.6744E-03
  3.0347E+02  1.3331E-01  5.6783E-03
  3.0371E+02  1.3329E-01  5.6821E-03
  3.0395E+02  1.3327E-01  5.6860E-03
  3.0419E+02  1.3325E-01  5.6899E-03
  3.0444E+02  1.3323E-01  5.6937E-03
  3.0468E+02  1.3321E-01  5.6976E-03
  3.0492E+02  1.3319E-01  5.7015E-03
  3.0516E+02  1.3317E-01  5.7053E-03
  3.0540E+02  1.3315E-01  5.7092E-03
  3.0565E+02  1.3313E-01  5.7131E-03
  3.0589E+02  1.3311E-01  5.7169E-03
  3.0613E+02  1.3309E-01  5.7208E-03
  3.0637E+02  1.3307E-01  5.7246E-03
  3.0661E+02  1.3305E-01  5.7284E-03
  3.0686E+02  1.3303E-01  5.7323E-03
  3.0710E+02  1.3301E-01  5.7361E-03
  3.0734E+02  1.3299E-01  5.7400E-03
  3.0758E+02  1.3296E-01  5.7438E-03
  3.0782E+02  1.3294E-01  5.7477E-03
  3.0807E+02  1.3292E-01  5.7515E-03
  3.0831E+02  1.3290E-01  5.7554E-03
  3.0855E+02  1.3288E-01  5.7593E-03
  3.0879E+02  1.3286E-01  5.7631E-03
  3.0903E+02  1.3284E-01  5.7670E-03
  3.0928E+02  1.3282E-01  5.7708E-03
  3.0952E+02  1.3280E-01  5.7747E-03
  3.0976E+02  1.3278E-01  5.7785E-03
  3.1000E+02  1.3276E-01  5.7823E-03
  3.1024E+02  1.3274E-01  5.7862E-03
  3.1049E+02  1.3272E-01  5.7900E-03
  3.1073E+02  1.3270E-01  5.7938E-03
  3.1097E+02  1.3268E-01  5.7977E-03
  3.1121E+02  1.3266E-01  5.8015E-03
  3.1145E+02  1.3264E-01  5.8054E-03
  3.1170E+02  1.3262E-01  5.8092E-03
  3.1194E+02  1.3260E-01  5.8131E-03
  3.1218E+02  1.3258E-01  5.8169E-03
  3.1242E+02  1.3256E-01  5.8208E-03
  3.1266E+02  1.3254E-01  5.8246E-03
  3.1291E+02  1.3253E-01  5.8284E-03
  3.1315E+02  1.3251E-01  5.8323E-03
  3.1339E+02  1.3249E-01  5.8361E-03
  3.1363E+02  1.3247E-01  5.8399E-03
  3.1387E+02  1.3245E-01  5.8437E-03
  3.1412E+02  1.3243E-01  5.8475E-03
  3.1436E+02  1.3241E-01  5.8513E-03
  3.1460E+02  1.3239E-01  5.8551E-03
  3.1484E+02  1.3237E-01  5.8589E-03
  3.1508E+02  1.3235E-01  5.8627E-03
  3.1533E+02  1.3233E-01  5.8665E-03
  3.1557E+02  1.3231E-01  5.8703E-03
  3.1581E+02  1.3229E-01  5.8741E-03
  3.1605E+02  1.3227E-01  5.8779E-03
  3.1629E+02  1.3225E-01  5.8817E-03
  3.1654E+02  1.3223E-01  5.8855E-03
  3.1678E+02  1.3221E-01  5.8893E-03
  3.1702E+02  1.3220E-01  5.8931E-03
  3.1726E+02  1.3218E-01  5.8969E-03
  3.1750E+02  1.3216E-01  5.9007E-03
  3.1775E+02  1.3214E-01  5.9045E-03
  3.1799E+02  1.3212E-01  5.9083E-03
  3.1823E+02  1.3210E-01  5.9121E-03
  3.1847E+02  1.3208E-01  5.9159E-03
  3.1871E+02  1.3206E-01  5.9197E-03
  3.1896E+02  1.3204E-01  5.9234E-03
  3.1920E+02  1.3202E-01  5.9272E-03
  3.1944E+02  1.3200E-01  5.9310E-03
  3.1968E+02  1.3198E-01  5.9348E-03
  3.1992E+02  1.3197E-01  5.9386E-03
  3.2017E+02  1.3195E-01  5.9424E-03
  3.2041E+02  1.3193E-01  5.9463E-03
  3.2065E+02  1.3191E-01  5.9501E-03
  3.2089E+02  1.3189E-01  5.9539E-03
  3.2113E+02  1.3187E-01  5.9577E-03
  3.2138E+02  1.3185E-01  5.9615E-03
  3.2162E+02  1.3183E-01  5.9653E-03
  3.2186E+02  1.3181E-01  5.9691E-03
  3.2210E+02  1.3179E-01  5.9729E-03
  3.2234E+02  1.3177E-01  5.9767E-03
  3.2259E+02  1.3175E-01  5.9805E-03
  3.2283E+02  1.3173E-01  5.9844E-03
  3.2307E+02  1.3171E-01  5.9882E-03
  3.2331E+02  1.3169E-01  5.9920E-03
  3.2355E+02  1.3167E-01  5.9958E-03
  3.2380E+02  1.3165E-01  5.9996E-03
  3.2404E+02  1.3163E-01  6.0034E-03
  3.2428E+02  1.3161E-01  6.0072E-03
  3.2452E+02  1.3159E-01  6.0110E-03
  3.2476E+02  1.3157E-01  6.0148E-03
  3.2501E+02  1.3155E-01  6.0186E-03
  3.2525E+02  1.3153E-01  6.0223E-03
  3.2549E+02  1.3151E-01  6.0261E-03
  3.2573E+02  1.3149E-01  6.0299E-03
  3.2597E+02  1.3147E-01  6.0337E-03
  3.2622E+02  1.3145E-01  6.0375E-03
  3.2646E+02  1.3143E-01  6.0412E-03
  3.2670E+02  1.3141E-01  6.0450E-03
  3.2694E+02  1.3139E-01  6.0488E-03
  3.2718E+02  1.3137E-01  6.0525E-03
  3.2743E+02  1.3135E-01  6.0563E-03
  3.2767E+02  1.3133E-01  6.0601E-03
  3.2791E+02  1.3131E-01  6.0638E-03
  3.2815E+02  1.3129E-01  6.0676E-03
  3.2839E+02  1.3127E-01  6.0714E-03
  3.2864E+02  1.3125E-01  6.0751E-03
  3.2888E+02  1.3123E-01  6.0789E-03
  3.2912E+02  1.3121E-01  6.0827E-03
  3.2936E+02  1.3119E-01  6.0865E-03
  3.2960E+02  1.3117E-01  6.0902E-03
  3.2985E+02  1.3115E-01  6.0940E-03
  3.3009E+02  1.3113E-01  6.0978E-03
  3.3033E+02  1.3111E-01  6.1015E-03
  3.3057E+02  1.3109E-01  6.1053E-03
  3.3081E+02  1.3107E-01  6.1091E-03
  3.3106E+02  1.3105E-01  6.1129E-03
  3.3130E+02  1.3103E-01  6.1167E-03
  3.3154E+02  1.3101E-01  6.1204E-03
  3.3178E+02  1.3099E-01  6.1242E-03
  3.3202E+02  1.3097E-01  6.1280E-03
  3.3227E+02  1.3096E-01  6.1317E-03
  3.3251E+02  1.3094E-01  6.1355E-03
  3.3275E+02  1.3092E-01  6.1393E-03
  3.3299E+02  1.3090E-01  6.1430E-03
  3.3323E+02  1.3088E-01  6.1468E-03
  3.3348E+02  1.3086E-01  6.1505E-03
  3.3372E+02  1.3084E-01  6.1543E-03
  3.3396E+02  1.3082E-01  6.1580E-03
  3.3420E+02  1.3080E-01  6.1618E-03
  3.3444E+02  1.3078E-01  6.1656E-03
  3.3469E+02  1.3076E-01  6.1693E-03
  3.3493E+02  1.3074E-01  6.1731E-03
  3.3517E+02  1.3072E-01  6.1768E-03
  3.3541E+02  1.3070E-01  6.1806E-03
  3.3565E+02  1.3069E-01  6.1843E-03
  3.3590E+02  1.3067E-01  6.1881E-03
  3.3614E+02  1.3065E-01  6.1918E-03
  3.3638E+02  1.3063E-01  6.1955E-03
  3.3662E+02  1.3061E-01  6.1993E-03
  3.3686E+02  1.3059E-01  6.2030E-03
  3.3711E+02  1.3057E-01  6.2067E-03
  3.3735E+02  1.3055E-01  6.2105E-03
  3.3759E+02  1.3053E-01  6.2142E-03
  3.3783E+02  1.3052E-01  6.2179E-03
  3.3807E+02  1.3050E-01  6.2217E-03
  3.3832E+02  1.3048E-01  6.2254E-03
  3.3856E+02  1.3046E-01  6.2292E-03
  3.3880E+02  1.3044E-01  6.2329E-03
  3.3904E+02  1.3042E-01  6.2366E-03
  3.3928E+02  1.3040E-01  6.2404E-03
  3.3953E+02  1.3038E-01  6.2441E-03
  3.3977E+02  1.3037E-01  6.2479E-03
  3.4001E+02  1.3035E-01  6.2516E-03
  3.4025E+02  1.3033E-01  6.2554E-03
  3.4049E+02  1.3031E-01  6.2591E-03
  3.4074E+02  1.3029E-01  6.2629E-03
  3.4098E+02  1.3027E-01  6.2666E-03
  3.4122E+02  1.3025E-01  6.2704E-03
  3.4146E+02  1.3024E-01  6.2741E-03
  3.4170E+02  1.3022E-01  6.2779E-03
  3.4195E+02  1.3020E-01  6.2816E-03
  3.4219E+02  1.3018E-01  6.2854E-03
  3.4243E+02  1.3016E-01  6.2891E-03
  3.4267E+02  1.3014E-01  6.2929E-03
  3.4291E+02  1.3013E-01  6.2966E-03
  3.4316E+02  1.3011E-01  6.3004E-03
  3.4340E+02  1.3009E-01  6.3042E-03
  3.4364E+02  1.3007E-01  6.3079E-03
  3.4388E+02  1.3005E-01  6.3117E-03
  3.4412E+02  1.3003E-01  6.3154E-03
  3.4437E+02  1.3002E-01  6.3192E-03
  3.4461E+02  1.3000E-01  6.3229E-03
  3.4485E+02  1.2998E-01  6.3267E-03
  3.4509E+02  1.2996E-01  6.3304E-03
  3.4533E+02  1.2994E-01  6.3342E-03
  3.4558E+02  1.2992E-01  6.3379E-03
  3.4582E+02  1.2991E-01  6.3417E-03
  3.4606E+02  1.2989E-01  6.3454E-03
  3.4630E+02  1.2987E-01  6.3491E-03
  3.4654E+02  1.2985E-01  6.3529E-03
  3.4679E+02  1.2983E-01  6.3566E-03
  3.4703E+02  1.2981E-01  6.3604E-03
  3.4727E+02  1.2980E-01  6.3641E-03
  3.4751E+02  1.2978E-01  6.3678E-03
  3.4775E+02  1.2976E-01  6.3716E-03
  3.4800E+02  1.2974E-01  6.3753E-03
  3.4824E+02  1.2972E-01  6.3790E-03
  3.4848E+02  1.2970E-01  6.3827E-03
  3.4872E+02  1.2969E-01  6.3865E-03
  3.4896E+02  1.2967E-01  6.3902E-03
  3.4921E+02  1.2965E-01  6.3939E-03
  3.4945E+02  1.2963E-01  6.3976E-03
  3.4969E+02  1.2961E-01  6.4013E-03
  3.4993E+02  1.2959E-01  6.4050E-03
  3.5017E+02  1.2957E-01  6.4087E-03
  3.5042E+02  1.2956E-01  6.4124E-03
  3.5066E+02  1.2954E-01  6.4161E-03
  3.5090E+02  1.2952E-01  6.4198E-03
  3.5114E+02  1.2950E-01  6.4235E-03
  3.5138E+02  1.2948E-01  6.4272E-03
  3.5163E+02  1.2946E-01  6.4309E-03
  3.5187E+02  1.2945E-01  6.4346E-03
  3.5211E+02  1.2943E-01  6.4383E-03
  3.5235E+02  1.2941E-01  6.4420E-03
  3.5259E+02  1.2939E-01  6.4457E-03
  3.5284E+02  1.2937E-01  6.4494E-03
  3.5308E+02  1.2935E-01  6.4531E-03
  3.5332E+02  1.2933E-01  6.4568E-03
  3.5356E+02  1.2932E-01  6.4605E-03
  3.5380E+02  1.2930E-01  6.4642E-03
  3.5405E+02  1.2928E-01  6.4679E-03
  3.5429E+02  1.2926E-01  6.4716E-03
  3.5453E+02  1.2924E-01  6.4752E-03
  3.5477E+02  1.2922E-01  6.4789E-03
  3.5501E+02  1.2921E-01  6.4826E-03
  3.5526E+02  1.2919E-01  6.4863E-03
  3.5550E+02  1.2917E-01  6.4900E-03
  3.5574E+02  1.2915E-01  6.4936E-03
  3.5598E+02  1.2913E-01  6.4973E-03
  3.5622E+02  1.2911E-01  6.5010E-03
  3.5647E+02  1.2910E-01  6.5047E-03
  3.5671E+02  1.2908E-01  6.5084E-03
  3.5695E+02  1.2906E-01  6.5121E-03
  3.5719E+02  1.2904E-01  6.5158E-03
  3.5743E+02  1.2902E-01  6.5195E-03
  3.5768E+02  1.2901E-01  6.5232E-03
  3.5792E+02  1.2899E-01  6.5268E-03
  3.5816E+02  1.2897E-01  6.5305E-03
  3.5840E+02  1.2895E-01  6.5342E-03
  3.5864E+02  1.2893E-01  6.5379E-03
  3.5889E+02  1.2892E-01  6.5416E-03
  3.5913E+02  1.2890E-01  6.5453E-03
  3.5937E+02  1.2888E-01  6.5490E-03
  3.5961E+02  1.2886E-01  6.5527E-03
  3.5985E+02  1.2884E-01  6.5564E-03
  3.6010E+02  1.2883E-01  6.5601E-03
  3.6034E+02  1.2881E-01  6.5638E-03
  3.6058E+02  1.2879E-01  6.5675E-03
  3.6082E+02  1.2877E-01  6.5712E-03
  3.6106E+02  1.2875E-01  6.5749E-03
  3.6131E+02  1.2874E-01  6.5786E-03
  3.6155E+02  1.2872E-01  6.5822E-03
  3.6179E+02  1.2870E-01  6.5859E-03
  3.6203E+02  1.2868E-01  6.5896E-03
  3.6227E+02  1.2867E-01  6.5933E-03
  3.6252E+02  1.2865E-01  6.5970E-03
  3.6276E+02  1.2863E-01  6.6007E-03
  3.6300E+02  1.2861E-01  6.6044E-03
  3.6324E+02  1.2859E-01  6.6081E-03
  3.6348E+02  1.2858E-01  6.6118E-03
  3.6373E+02  1.2856E-01  6.6155E-03
  3.6397E+02  1.2854E-01  6.6192E-03
  3.6421E+02  1.2852E-01  6.6229E-03
  3.6445E+02  1.2851E-01  6.6265E-03
  3.6469E+02  1.2849E-01  6.6302E-03
  3.6494E+02  1.2847E-01  6.6339E-03
  3.6518E+02  1.2845E-01  6.6376E-03
  3.6542E+02  1.2844E-01  6.6413E-03
  3.6566E+02  1.2842E-01  6.6450E-03
  3.6590E+02  1.2840E-01  6.6487E-03
  3.6615E+02  1.2838E-01  6.6523E-03
  3.6639E+02  1.2836E-01  6.6560E-03
  3.6663E+02  1.2835E-01  6.6597E-03
  3.6687E+02  1.2833E-01  6.6634E-03
  3.6711E+02  1.2831E-01  6.6670E-03
  3.6736E+02  1.2829E-01  6.6707E-03
  3.6760E+02  1.2828E-01  6.6744E-03
  3.6784E+02  1.2826E-01  6.6781E-03
  3.6808E+02  1.2824E-01  6.6817E-03
  3.6832E+02  1.2822E-01  6.6854E-03
  3.6857E+02  1.2820E-01  6.6891E-03
  3.6881E+02  1.2819E-01  6.6927E-03
  3.6905E+02  1.2817E-01  6.6964E-03
  3.6929E+02  1.2815E-01  6.7000E-03
  3.6953E+02  1.2813E-01  6.7037E-03
  3.6978E+02  1.2812E-01  6.7074E-03
  3.7002E+02  1.2810E-01  6.7110E-03
  3.7026E+02  1.2808E-01  6.7147E-03
  3.7050E+02  1.2806E-01  6.7183E-03
  3.7074E+02  1.2804E-01  6.7220E-03
  3.7099E+02  1.2803E-01  6.7256E-03
  3.7123E+02  1.2801E-01  6.7293E-03
  3.7147E+02  1.2799E-01  6.7329E-03
  3.7171E+02  1.2797E-01  6.7366E-03
  3.7195E+02  1.2796E-01  6.7402E-03
  3.7220E+02  1.2794E-01  6.7439E-03
  3.7244E+02  1.2792E-01  6.7475E-03
  3.7268E+02  1.2790E-01  6.7511E-03
  3.7292E+02  1.2788E-01  6.7548E-03
  3.7316E+02  1.2787E-01  6.7584E-03
  3.7341E+02  1.2785E-01  6.7621E-03
  3.7365E+02  1.2783E-01  6.7657E-03
  3.7389E+02  1.2781E-01  6.7693E-03
  3.7413E+02  1.2779E-01  6.7730E-03
  3.7437E+02  1.2778E-01  6.7766E-03
  3.7462E+02  1.2776E-01  6.7802E-03
  3.7486E+02  1.2774E-01  6.7839E-03
  3.7510E+02  1.2772E-01  6.7875E-03
  3.7534E+02  1.2771E-01  6.7912E-03
  3.7558E+02  1.2769E-01  6.7948E-03
  3.7583E+02  1.2767E-01  6.7984E-03
  3.7607E+02  1.2765E-01  6.8021E-03
  3.7631E+02  1.2763E-01  6.8057E-03
  3.7655E+02  1.2762E-01  6.8093E-03
  3.7679E+02  1.2760E-01  6.8130E-03
  3.7704E+02  1.2758E-01  6.8166E-03
  3.7728E+02  1.2756E-01  6.8202E-03
  3.7752E+02  1.2755E-01  6.8239E-03
  3.7776E+02  1.2753E-01  6.8275E-03
  3.7800E+02  1.2751E-01  6.8312E-03
  3.7825E+02  1.2749E-01  6.8348E-03
  3.7849E+02  1.2747E-01  6.8384E-03
  3.7873E+02  1.2746E-01  6.8421E-03
  3.7897E+02  1.2744E-01  6.8457E-03
  3.7921E+02  1.2742E-01  6.8494E-03
  3.7946E+02  1.2740E-01  6.8530E-03
  3.7970E+02  1.2739E-01  6.8566E-03
  3.7994E+02  1.2737E-01  6.8603E-03
  3.8018E+02  1.2735E-01  6.8639E-03
  3.8042E+02  1.2733E-01  6.8676E-03
  3.8067E+02  1.2732E-01  6.8712E-03
  3.8091E+02  1.2730E-01  6.8748E-03
  3.8115E+02  1.2728E-01  6.8785E-03
  3.8139E+02  1.2726E-01  6.8821E-03
  3.8163E+02  1.2725E-01  6.8858E-03
  3.8188E+02  1.2723E-01  6.8894E-03
  3.8212E+02  1.2721E-01  6.8930E-03
  3.8236E+02  1.2719E-01  6.8967E-03
  3.8260E+02  1.2718E-01  6.9003E-03
  3.8284E+02  1.2716E-01  6.9040E-03
  3.8309E+02  1.2714E-01  6.9076E-03
  3.8333E+02  1.2712E-01  6.9112E-03
  3.8357E+02  1.2711E-01  6.9149E-03
  3.8381E+02  1.2709E-01  6.9185E-03
  3.8405E+02  1.2707E-01  6.9221E-03
  3.8430E+02  1.2706E-01  6.9258E-03
  3.8454E+02  1.2704E-01  6.9294E-03
  3.8478E+02  1.2702E-01  6.9330E-03
  3.8502E+02  1.2700E-01  6.9367E-03
  3.8526E+02  1.2699E-01  6.9403E-03
  3.8551E+02  1.2697E-01  6.9439E-03
  3.8575E+02  1.2695E-01  6.9475E-03
  3.8599E+02  1.2693E-01  6.9512E-03
  3.8623E+02  1.2692E-01  6.9548E-03
  3.8647E+02  1.2690E-01  6.9584E-03
  3.8672E+02  1.2688E-01  6.9620E-03
  3.8696E+02  1.2686E-01  6.9656E-03
  3.8720E+02  1.2685E-01  6.9693E-03
  3.8744E+02  1.2683E-01  6.9729E-03
  3.8768E+02  1.2681E-01  6.9765E-03
  3.8793E+02  1.2679E-01  6.9801E-03
  3.8817E+02  1.2678E-01  6.9837E-03
  3.8841E+02  1.2676E-01  6.9873E-03
  3.8865E+02  1.2674E-01  6.9909E-03
  3.8889E+02  1.2673E-01  6.9945E-03
  3.8914E+02  1.2671E-01  6.9982E-03
  3.8938E+02  1.2669E-01  7.0018E-03
  3.8962E+02  1.2667E-01  7.0054E-03
  3.8986E+02  1.2666E-01  7.0090E-03
  3.9010E+02  1.2664E-01  7.0126E-03
  3.9035E+02  1.2662E-01  7.0162E-03
  3.9059E+02  1.2660E-01  7.0198E-03
  3.9083E+02  1.2659E-01  7.0234E-03
  3.9107E+02  1.2657E-01  7.0270E-03
  3.9131E+02  1.2655E-01  7.0306E-03
  3.9156E+02  1.2653E-01  7.0342E-03
  3.9180E+02  1.2652E-01  7.0378E-03
  3.9204E+02  1.2650E-01  7.0414E-03
  3.9228E+02  1.2648E-01  7.0450E-03
  3.9252E+02  1.2647E-01  7.0485E-03
  3.9277E+02  1.2645E-01  7.0521E-03
  3.9301E+02  1.2643E-01  7.0557E-03
  3.9325E+02  1.2641E-01  7.0593E-03
  3.9349E+02  1.2640E-01  7.0629E-03
  3.9373E+02  1.2638E-01  7.0665E-03
  3.9398E+02  1.2636E-01  7.0701E-03
  3.9422E+02  1.2634E-01  7.0737E-03
  3.9446E+02  1.2633E-01  7.0773E-03
  3.9470E+02  1.2631E-01  7.0809E-03
  3.9494E+02  1.2629E-01  7.0844E-03
  3.9519E+02  1.2628E-01  7.0880E-03
  3.9543E+02  1.2626E-01  7.0916E-03
  3.9567E+02  1.2624E-01  7.0952E-03
  3.9591E+02  1.2622E-01  7.0988E-03
  3.9615E+02  1.2621E-01  7.1024E-03
  3.9640E+02  1.2619E-01  7.1060E-03
  3.9664E+02  1.2617E-01  7.1095E-03
  3.9688E+02  1.2615E-01  7.1131E-03
  3.9712E+02  1.2614E-01  7.1167E-03
  3.9736E+02  1.2612E-01  7.1203E-03
  3.9761E+02  1.2610E-01  7.1239E-03
  3.9785E+02  1.2609E-01  7.1274E-03
  3.9809E+02  1.2607E-01  7.1310E-03
  3.9833E+02  1.2605E-01  7.1346E-03
  3.9857E+02  1.2603E-01  7.1382E-03
  3.9882E+02  1.2602E-01  7.1418E-03
  3.9906E+02  1.2600E-01  7.1453E-03
  3.9930E+02  1.2598E-01  7.1489E-03
  3.9954E+02  1.2597E-01  7.1525E-03
  3.9978E+02  1.2595E-01  7.1561E-03
  4.0003E+02  1.2593E-01  7.1597E-03
  4.0027E+02  1.2591E-01  7.1633E-03
  4.0051E+02  1.2590E-01  7.1668E-03
  4.0075E+02  1.2588E-01  7.1704E-03
  4.0099E+02  1.2586E-01  7.1740E-03
  4.0124E+02  1.2585E-01  7.1776E-03
  4.0148E+02  1.2583E-01  7.1811E-03
  4.0172E+02  1.2581E-01  7.1847E-03
  4.0196E+02  1.2579E-01  7.1883E-03
  4.0220E+02  1.2578E-01  7.1919E-03
  4.0245E+02  1.2576E-01  7.1955E-03
  4.0269E+02  1.2574E-01  7.1990E-03
  4.0293E+02  1.2573E-01  7.2026E-03
  4.0317E+02  1.2571E-01  7.2062E-03
  4.0341E+02  1.2569E-01  7.2098E-03
  4.0366E+02  1.2567E-01  7.2133E-03
  4.0390E+02  1.2566E-01  7.2169E-03
  4.0414E+02  1.2564E-01  7.2205E-03
  4.0438E+02  1.2562E-01  7.2241E-03
  4.0462E+02  1.2561E-01  7.2276E-03
  4.0487E+02  1.2559E-01  7.2312E-03
  4.0511E+02  1.2557E-01  7.2348E-03
  4.0535E+02  1.2556E-01  7.2383E-03
  4.0559E+02  1.2554E-01  7.2419E-03
  4.0583E+02  1.2552E-01  7.2455E-03
  4.0608E+02  1.2551E-01  7.2490E-03
  4.0632E+02  1.2549E-01  7.2526E-03
  4.0656E+02  1.2547E-01  7.2562E-03
  4.0680E+02  1.2545E-01  7.2597E-03
  4.0704E+02  1.2544E-01  7.2633E-03
  4.0729E+02  1.2542E-01  7.2668E-03
  4.0753E+02  1.2540E-01  7.2704E-03
  4.0777E+02  1.2539E-01  7.2740E-03
  4.0801E+02  1.2537E-01  7.2775E-03
  4.0825E+02  1.2535E-01  7.2811E-03
  4.0850E+02  1.2534E-01  7.2846E-03
  4.0874E+02  1.2532E-01  7.2882E-03
  4.0898E+02  1.2530E-01  7.2917E-03
  4.0922E+02  1.2529E-01  7.2953E-03
  4.0946E+02  1.2527E-01  7.2989E-03
  4.0971E+02  1.2525E-01  7.3024E-03
  4.0995E+02  1.2524E-01  7.3060E-03
  4.1019E+02  1.2522E-01  7.3095E-03
  4.1043E+02  1.2520E-01  7.3131E-03
  4.1067E+02  1.2519E-01  7.3166E-03
  4.1092E+02  1.2517E-01  7.3202E-03
  4.1116E+02  1.2515E-01  7.3237E-03
  4.1140E+02  1.2514E-01  7.3273E-03
  4.1164E+02  1.2512E-01  7.3308E-03
  4.1188E+02  1.2510E-01  7.3343E-03
  4.1213E+02  1.2508E-01  7.3379E-03
  4.1237E+02  1.2507E-01  7.3414E-03
  4.1261E+02  1.2505E-01  7.3450E-03
  4.1285E+02  1.2503E-01  7.3485E-03
  4.1309E+02  1.2502E-01  7.3521E-03
  4.1334E+02  1.2500E-01  7.3556E-03
  4.1358E+02  1.2498E-01  7.3592E-03
  4.1382E+02  1.2497E-01  7.3627E-03
  4.1406E+02  1.2495E-01  7.3662E-03
  4.1430E+02  1.2493E-01  7.3698E-03
  4.1455E+02  1.2492E-01  7.3733E-03
  4.1479E+02  1.2490E-01  7.3769E-03
  4.1503E+02  1.2488E-01  7.3804E-03
  4.1527E+02  1.2487E-01  7.3839E-03
  4.1551E+02  1.2485E-01  7.3875E-03
  4.1576E+02  1.2483E-01  7.3910E-03
  4.1600E+02  1.2482E-01  7.3945E-03
  4.1624E+02  1.2480E-01  7.3981E-03
  4.1648E+02  1.2478E-01  7.4016E-03
  4.1672E+02  1.2477E-01  7.4052E-03
  4.1697E+02  1.2475E-01  7.4087E-03
  4.1721E+02  1.2473E-01  7.4122E-03
  4.1745E+02  1.2472E-01  7.4158E-03
  4.1769E+02  1.2470E-01  7.4193E-03
  4.1793E+02  1.2468E-01  7.4228E-03
  4.1818E+02  1.2467E-01  7.4264E-03
  4.1842E+02  1.2465E-01  7.4299E-03
  4.1866E+02  1.2463E-01  7.4334E-03
  4.1890E+02  1.2462E-01  7.4369E-03
  4.1914E+02  1.2460E-01  7.4405E-03
  4.1939E+02  1.2458E-01  7.4440E-03
  4.1963E+02  1.2457E-01  7.4475E-03
  4.1987E+02  1.2455E-01  7.4511E-03
  4.2011E+02  1.2453E-01  7.4546E-03
  4.2035E+02  1.2452E-01  7.4581E-03
  4.2060E+02  1.2450E-01  7.4616E-03
  4.2084E+02  1.2448E-01  7.4652E-03
  4.2108E+02  1.2447E-01  7.4687E-03
  4.2132E+02  1.2445E-01  7.4722E-03
  4.2156E+02  1.2444E-01  7.4757E-03
  4.2181E+02  1.2442E-01  7.4793E-03
  4.2205E+02  1.2440E-01  7.4828E-03
  4.2229E+02  1.2439E-01  7.4863E-03
  4.2253E+02  1.2437E-01  7.4898E-03
  4.2277E+02  1.2435E-01  7.4934E-03
  4.2302E+02  1.2434E-01  7.4969E-03
  4.2326E+02  1.2432E-01  7.5004E-03
  4.2350E+02  1.2430E-01  7.5039E-03
  4.2374E+02  1.2429E-01  7.5074E-03
  4.2398E+02  1.2427E-01  7.5110E-03
  4.2423E+02  1.2425E-01  7.5145E-03
  4.2447E+02  1.2424E-01  7.5180E-03
  4.2471E+02  1.2422E-01  7.5215E-03
  4.2495E+02  1.2420E-01  7.5250E-03
  4.2519E+02  1.2419E-01  7.5285E-03
  4.2544E+02  1.2417E-01  7.5321E-03
  4.2568E+02  1.2415E-01  7.5356E-03
  4.2592E+02  1.2414E-01  7.5391E-03
  4.2616E+02  1.2412E-01  7.5426E-03
  4.2640E+02  1.2411E-01  7.5461E-03
  4.2665E+02  1.2409E-01  7.5496E-03
  4.2689E+02  1.2407E-01  7.5531E-03
  4.2713E+02  1.2406E-01  7.5566E-03
  4.2737E+02  1.2404E-01  7.5601E-03
  4.2761E+02  1.2402E-01  7.5637E-03
  4.2786E+02  1.2401E-01  7.5672E-03
  4.2810E+02  1.2399E-01  7.5707E-03
  4.2834E+02  1.2397E-01  7.5742E-03
  4.2858E+02  1.2396E-01  7.5777E-03
  4.2882E+02  1.2394E-01  7.5812E-03
  4.2907E+02  1.2393E-01  7.5847E-03
  4.2931E+02  1.2391E-01  7.5882E-03
  4.2955E+02  1.2389E-01  7.5917E-03
  4.2979E+02  1.2388E-01  7.5952E-03
  4.3003E+02  1.2386E-01  7.5987E-03
  4.3028E+02  1.2384E-01  7.6022E-03
  4.3052E+02  1.2383E-01  7.6057E-03
  4.3076E+02  1.2381E-01  7.6092E-03
  4.3100E+02  1.2380E-01  7.6127E-03
  4.3124E+02  1.2378E-01  7.6162E-03
  4.3149E+02  1.2376E-01  7.6197E-03
  4.3173E+02  1.2375E-01  7.6232E-03
  4.3197E+02  1.2373E-01  7.6267E-03
  4.3221E+02  1.2371E-01  7.6302E-03
  4.3245E+02  1.2370E-01  7.6337E-03
  4.3270E+02  1.2368E-01  7.6372E-03
  4.3294E+02  1.2367E-01  7.6407E-03
  4.3318E+02  1.2365E-01  7.6442E-03
  4.3342E+02  1.2363E-01  7.6477E-03
  4.3366E+02  1.2362E-01  7.6512E-03
  4.3391E+02  1.2360E-01  7.6546E-03
  4.3415E+02  1.2358E-01  7.6581E-03
  4.3439E+02  1.2357E-01  7.6616E-03
  4.3463E+02  1.2355E-01  7.6651E-03
  4.3487E+02  1.2354E-01  7.6686E-03
  4.3512E+02  1.2352E-01  7.6721E-03
  4.3536E+02  1.2350E-01  7.6756E-03
  4.3560E+02  1.2349E-01  7.6791E-03
  4.3584E+02  1.2347E-01  7.6826E-03
  4.3608E+02  1.2345E-01  7.6861E-03
  4.3633E+02  1.2344E-01  7.6895E-03
  4.3657E+02  1.2342E-01  7.6930E-03
  4.3681E+02  1.2341E-01  7.6965E-03
  4.3705E+02  1.2339E-01  7.7000E-03
  4.3729E+02  1.2337E-01  7.7035E-03
  4.3754E+02  1.2336E-01  7.7070E-03
  4.3778E+02  1.2334E-01  7.7105E-03
  4.3802E+02  1.2333E-01  7.7140E-03
  4.3826E+02  1.2331E-01  7.7174E-03
  4.3850E+02  1.2329E-01  7.7209E-03
  4.3875E+02  1.2328E-01  7.7244E-03
  4.3899E+02  1.2326E-01  7.7279E-03
  4.3923E+02  1.2325E-01  7.7314E-03
  4.3947E+02  1.2323E-01  7.7348E-03
  4.3971E+02  1.2321E-01  7.7383E-03
  4.3996E+02  1.2320E-01  7.7418E-03
  4.4020E+02  1.2318E-01  7.7453E-03
  4.4044E+02  1.2316E-01  7.7488E-03
  4.4068E+02  1.2315E-01  7.7522E-03
  4.4092E+02  1.2313E-01  7.7557E-03
  4.4117E+02  1.2312E-01  7.7592E-03
  4.4141E+02  1.2310E-01  7.7627E-03
  4.4165E+02  1.2308E-01  7.7662E-03
  4.4189E+02  1.2307E-01  7.7696E-03
  4.4213E+02  1.2305E-01  7.7731E-03
  4.4238E+02  1.2304E-01  7.7766E-03
  4.4262E+02  1.2302E-01  7.7800E-03
  4.4286E+02  1.2300E-01  7.7835E-03
  4.4310E+02  1.2299E-01  7.7870E-03
  4.4334E+02  1.2297E-01  7.7905E-03
  4.4359E+02  1.2296E-01  7.7939E-03
  4.4383E+02  1.2294E-01  7.7974E-03
  4.4407E+02  1.2292E-01  7.8009E-03
  4.4431E+02  1.2291E-01  7.8043E-03
  4.4455E+02  1.2289E-01  7.8078E-03
  4.4480E+02  1.2288E-01  7.8113E-03
  4.4504E+02  1.2286E-01  7.8147E-03
  4.4528E+02  1.2284E-01  7.8182E-03
  4.4552E+02  1.2283E-01  7.8217E-03
  4.4576E+02  1.2281E-01  7.8251E-03
  4.4601E+02  1.2280E-01  7.8286E-03
  4.4625E+02  1.2278E-01  7.8321E-03
  4.4649E+02  1.2276E-01  7.8355E-03
  4.4673E+02  1.2275E-01  7.8390E-03
  4.4697E+02  1.2273E-01  7.8424E-03
  4.4722E+02  1.2272E-01  7.8459E-03
  4.4746E+02  1.2270E-01  7.8494E-03
  4.4770E+02  1.2268E-01  7.8528E-03
  4.4794E+02  1.2267E-01  7.8563E-03
  4.4818E+02  1.2265E-01  7.8597E-03
  4.4843E+02  1.2264E-01  7.8632E-03
  4.4867E+02  1.2262E-01  7.8666E-03
  4.4891E+02  1.2260E-01  7.8701E-03
  4.4915E+02  1.2259E-01  7.8735E-03
  4.4939E+02  1.2257E-01  7.8770E-03
  4.4964E+02  1.2256E-01  7.8805E-03
  4.4988E+02  1.2254E-01  7.8839E-03
  4.5012E+02  1.2252E-01  7.8874E-03
  4.5036E+02  1.2251E-01  7.8908E-03
  4.5060E+02  1.2249E-01  7.8943E-03
  4.5085E+02  1.2248E-01  7.8977E-03
  4.5109E+02  1.2246E-01  7.9012E-03
  4.5133E+02  1.2245E-01  7.9046E-03
  4.5157E+02  1.2243E-01  7.9081E-03
  4.5181E+02  1.2241E-01  7.9115E-03
  4.5206E+02  1.2240E-01  7.9150E-03
  4.5230E+02  1.2238E-01  7.9184E-03
  4.5254E+02  1.2237E-01  7.9218E-03
  4.5278E+02  1.2235E-01  7.9253E-03
  4.5302E+02  1.2233E-01  7.9287E-03
  4.5327E+02  1.2232E-01  7.9322E-03
  4.5351E+02  1.2230E-01  7.9356E-03
  4.5375E+02  1.2229E-01  7.9391E-03
  4.5399E+02  1.2227E-01  7.9425E-03
  4.5423E+02  1.2226E-01  7.9460E-03
  4.5448E+02  1.2224E-01  7.9494E-03
  4.5472E+02  1.2222E-01  7.9529E-03
  4.5496E+02  1.2221E-01  7.9563E-03
  4.5520E+02  1.2219E-01  7.9597E-03
  4.5544E+02  1.2218E-01  7.9632E-03
  4.5569E+02  1.2216E-01  7.9666E-03
  4.5593E+02  1.2215E-01  7.9701E-03
  4.5617E+02  1.2213E-01  7.9735E-03
  4.5641E+02  1.2211E-01  7.9769E-03
  4.5665E+02  1.2210E-01  7.9804E-03
  4.5690E+02  1.2208E-01  7.9838E-03
  4.5714E+02  1.2207E-01  7.9873E-03
  4.5738E+02  1.2205E-01  7.9907E-03
  4.5762E+02  1.2204E-01  7.9941E-03
  4.5786E+02  1.2202E-01  7.9976E-03
  4.5811E+02  1.2200E-01  8.0010E-03
  4.5835E+02  1.2199E-01  8.0044E-03
  4.5859E+02  1.2197E-01  8.0079E-03
  4.5883E+02  1.2196E-01  8.0113E-03
  4.5907E+02  1.2194E-01  8.0147E-03
  4.5932E+02  1.2193E-01  8.0182E-03
  4.5956E+02  1.2191E-01  8.0216E-03
  4.5980E+02  1.2190E-01  8.0250E-03
  4.6004E+02  1.2188E-01  8.0285E-03
  4.6028E+02  1.2186E-01  8.0319E-03
  4.6053E+02  1.2185E-01  8.0353E-03
  4.6077E+02  1.2183E-01  8.0387E-03
  4.6101E+02  1.2182E-01  8.0422E-03
  4.6125E+02  1.2180E-01  8.0456E-03
  4.6149E+02  1.2179E-01  8.0490E-03
  4.6174E+02  1.2177E-01  8.0525E-03
  4.6198E+02  1.2175E-01  8.0559E-03
  4.6222E+02  1.2174E-01  8.0593E-03
  4.6246E+02  1.2172E-01  8.0627E-03
  4.6270E+02  1.2171E-01  8.0662E-03
  4.6295E+02  1.2169E-01  8.0696E-03
  4.6319E+02  1.2168E-01  8.0730E-03
  4.6343E+02  1.2166E-01  8.0764E-03
  4.6367E+02  1.2165E-01  8.0798E-03
  4.6391E+02  1.2163E-01  8.0833E-03
  4.6416E+02  1.2161E-01  8.0867E-03
  4.6440E+02  1.2160E-01  8.0901E-03
  4.6464E+02  1.2158E-01  8.0935E-03
  4.6488E+02  1.2157E-01  8.0969E-03
  4.6512E+02  1.2155E-01  8.1003E-03
  4.6537E+02  1.2154E-01  8.1038E-03
  4.6561E+02  1.2152E-01  8.1072E-03
  4.6585E+02  1.2151E-01  8.1106E-03
  4.6609E+02  1.2149E-01  8.1140E-03
  4.6633E+02  1.2148E-01  8.1174E-03
  4.6658E+02  1.2146E-01  8.1208E-03
  4.6682E+02  1.2144E-01  8.1243E-03
  4.6706E+02  1.2143E-01  8.1277E-03
  4.6730E+02  1.2141E-01  8.1311E-03
  4.6754E+02  1.2140E-01  8.1345E-03
  4.6779E+02  1.2138E-01  8.1379E-03
  4.6803E+02  1.2137E-01  8.1413E-03
  4.6827E+02  1.2135E-01  8.1447E-03
  4.6851E+02  1.2134E-01  8.1481E-03
  4.6875E+02  1.2132E-01  8.1515E-03
  4.6900E+02  1.2131E-01  8.1549E-03
  4.6924E+02  1.2129E-01  8.1583E-03
  4.6948E+02  1.2127E-01  8.1618E-03
  4.6972E+02  1.2126E-01  8.1652E-03
  4.6996E+02  1.2124E-01  8.1686E-03
  4.7021E+02  1.2123E-01  8.1720E-03
  4.7045E+02  1.2121E-01  8.1754E-03
  4.7069E+02  1.2120E-01  8.1788E-03
  4.7093E+02  1.2118E-01  8.1822E-03
  4.7117E+02  1.2117E-01  8.1856E-03
  4.7142E+02  1.2115E-01  8.1890E-03
  4.7166E+02  1.2114E-01  8.1924E-03
  4.7190E+02  1.2112E-01  8.1958E-03
  4.7214E+02  1.2111E-01  8.1992E-03
  4.7238E+02  1.2109E-01  8.2026E-03
  4.7263E+02  1.2108E-01  8.2060E-03
  4.7287E+02  1.2106E-01  8.2094E-03
  4.7311E+02  1.2104E-01  8.2128E-03
  4.7335E+02  1.2103E-01  8.2162E-03
  4.7359E+02  1.2101E-01  8.2196E-03
  4.7384E+02  1.2100E-01  8.2230E-03
  4.7408E+02  1.2098E-01  8.2264E-03
  4.7432E+02  1.2097E-01  8.2298E-03
  4.7456E+02  1.2095E-01  8.2332E-03
  4.7480E+02  1.2094E-01  8.2366E-03
  4.7505E+02  1.2092E-01  8.2400E-03
  4.7529E+02  1.2091E-01  8.2434E-03
  4.7553E+02  1.2089E-01  8.2468E-03
  4.7577E+02  1.2088E-01  8.2501E-03
  4.7601E+02  1.2086E-01  8.2535E-03
  4.7626E+02  1.2085E-01  8.2569E-03
  4.7650E+02  1.2083E-01  8.2603E-03
  4.7674E+02  1.2082E-01  8.2637E-03
  4.7698E+02  1.2080E-01  8.2671E-03
  4.7722E+02  1.2079E-01  8.2705E-03
  4.7747E+02  1.2077E-01  8.2739E-03
  4.7771E+02  1.2076E-01  8.2773E-03
  4.7795E+02  1.2074E-01  8.2807E-03
  4.7819E+02  1.2072E-01  8.2841E-03
  4.7843E+02  1.2071E-01  8.2874E-03
  4.7868E+02  1.2069E-01  8.2908E-03
  4.7892E+02  1.2068E-01  8.2942E-03
  4.7916E+02  1.2066E-01  8.2976E-03
  4.7940E+02  1.2065E-01  8.3010E-03
  4.7964E+02  1.2063E-01  8.3044E-03
  4.7989E+02  1.2062E-01  8.3078E-03
  4.8013E+02  1.2060E-01  8.3111E-03
  4.8037E+02  1.2059E-01  8.3145E-03
  4.8061E+02  1.2057E-01  8.3179E-03
  4.8085E+02  1.2056E-01  8.3213E-03
  4.8110E+02  1.2054E-01  8.3247E-03
  4.8134E+02  1.2053E-01  8.3280E-03
  4.8158E+02  1.2051E-01  8.3314E-03
  4.8182E+02  1.2050E-01  8.3348E-03
  4.8206E+02  1.2048E-01  8.3382E-03
  4.8231E+02  1.2047E-01  8.3416E-03
  4.8255E+02  1.2045E-01  8.3449E-03
  4.8279E+02  1.2044E-01  8.3483E-03
  4.8303E+02  1.2042E-01  8.3517E-03
  4.8327E+02  1.2041E-01  8.3551E-03
  4.8352E+02  1.2039E-01  8.3584E-03
  4.8376E+02  1.2038E-01  8.3618E-03
  4.8400E+02  1.2036E-01  8.3652E-03
  4.8424E+02  1.2035E-01  8.3686E-03
  4.8448E+02  1.2033E-01  8.3719E-03
  4.8473E+02  1.2032E-01  8.3753E-03
  4.8497E+02  1.2030E-01  8.3787E-03
  4.8521E+02  1.2029E-01  8.3820E-03
  4.8545E+02  1.2027E-01  8.3854E-03
  4.8569E+02  1.2026E-01  8.3888E-03
  4.8594E+02  1.2024E-01  8.3922E-03
  4.8618E+02  1.2023E-01  8.3955E-03
  4.8642E+02  1.2021E-01  8.3989E-03
  4.8666E+02  1.2020E-01  8.4023E-03
  4.8690E+02  1.2018E-01  8.4056E-03
  4.8715E+02  1.2017E-01  8.4090E-03
  4.8739E+02  1.2015E-01  8.4124E-03
  4.8763E+02  1.2014E-01  8.4157E-03
  4.8787E+02  1.2012E-01  8.4191E-03
  4.8811E+02  1.2011E-01  8.4224E-03
  4.8836E+02  1.2009E-01  8.4258E-03
  4.8860E+02  1.2008E-01  8.4292E-03
  4.8884E+02  1.2006E-01  8.4325E-03
  4.8908E+02  1.2005E-01  8.4359E-03
  4.8932E+02  1.2003E-01  8.4393E-03
  4.8957E+02  1.2002E-01  8.4426E-03
  4.8981E+02  1.2000E-01  8.4460E-03
  4.9005E+02  1.1999E-01  8.4493E-03
  4.9029E+02  1.1997E-01  8.4527E-03
  4.9053E+02  1.1996E-01  8.4561E-03
  4.9078E+02  1.1994E-01  8.4594E-03
  4.9102E+02  1.1993E-01  8.4628E-03
  4.9126E+02  1.1991E-01  8.4661E-03
  4.9150E+02  1.1990E-01  8.4695E-03
  4.9174E+02  1.1988E-01  8.4728E-03
  4.9199E+02  1.1987E-01  8.4762E-03
  4.9223E+02  1.1985E-01  8.4796E-03
  4.9247E+02  1.1984E-01  8.4829E-03
  4.9271E+02  1.1982E-01  8.4863E-03
  4.9295E+02  1.1981E-01  8.4896E-03
  4.9320E+02  1.1979E-01  8.4930E-03
  4.9344E+02  1.1978E-01  8.4963E-03
  4.9368E+02  1.1976E-01  8.4997E-03
  4.9392E+02  1.1975E-01  8.5030E-03
  4.9416E+02  1.1973E-01  8.5064E-03
  4.9441E+02  1.1972E-01  8.5097E-03
  4.9465E+02  1.1970E-01  8.5131E-03
  4.9489E+02  1.1969E-01  8.5164E-03
  4.9513E+02  1.1967E-01  8.5198E-03
  4.9537E+02  1.1966E-01  8.5231E-03
  4.9562E+02  1.1964E-01  8.5265E-03
  4.9586E+02  1.1963E-01  8.5298E-03
  4.9610E+02  1.1961E-01  8.5332E-03
  4.9634E+02  1.1960E-01  8.5365E-03
  4.9658E+02  1.1958E-01  8.5399E-03
  4.9683E+02  1.1957E-01  8.5432E-03
  4.9707E+02  1.1955E-01  8.5466E-03
  4.9731E+02  1.1954E-01  8.5499E-03
  4.9755E+02  1.1952E-01  8.5532E-03
  4.9779E+02  1.1951E-01  8.5566E-03
  4.9804E+02  1.1950E-01  8.5599E-03
  4.9828E+02  1.1948E-01  8.5633E-03
  4.9852E+02  1.1947E-01  8.5666E-03
  4.9876E+02  1.1945E-01  8.5700E-03
