# CREATED BY GENE DIAGNOSTICS TOOL on Thu Jun 14 14:11:40 2018
# diag: GAMDIAG, run(s): 0005, time window: 0-500(1635 steps), species: ions
# normalization: L_ref=1.2115m
#
# xind= 0, x/a= Infinity, q= 0.9505375
# Fit:    1,0.25995323,3.134726
# Analytic: 1,0.25995323,3.134726
#  t          Re[phi]     Im[phi]   
  0.0000E+00  9.9998E-01  0.0000E+00
  3.0600E-01  9.9585E-01  5.8737E-04
  6.1200E-01  9.8368E-01  1.1706E-03
  9.1800E-01  9.6405E-01  1.7428E-03
  1.2240E+00  9.3786E-01  2.2950E-03
  1.5300E+00  9.0621E-01  2.8185E-03
  1.8360E+00  8.7031E-01  3.3054E-03
  2.1420E+00  8.3143E-01  3.7502E-03
  2.4480E+00  7.9083E-01  4.1504E-03
  2.7540E+00  7.4970E-01  4.5077E-03
  3.0600E+00  7.0913E-01  4.8270E-03
  3.3660E+00  6.7010E-01  5.1157E-03
  3.6720E+00  6.3342E-01  5.3835E-03
  3.9780E+00  5.9978E-01  5.6406E-03
  4.2840E+00  5.6973E-01  5.8966E-03
  4.5900E+00  5.4363E-01  6.1597E-03
  4.8960E+00  5.2172E-01  6.4356E-03
  5.2020E+00  5.0408E-01  6.7271E-03
  5.5080E+00  4.9065E-01  7.0339E-03
  5.8140E+00  4.8125E-01  7.3531E-03
  6.1200E+00  4.7559E-01  7.6797E-03
  6.4260E+00  4.7328E-01  8.0074E-03
  6.7320E+00  4.7387E-01  8.3290E-03
  7.0380E+00  4.7684E-01  8.6377E-03
  7.3440E+00  4.8166E-01  8.9269E-03
  7.6500E+00  4.8780E-01  9.1913E-03
  7.9560E+00  4.9473E-01  9.4266E-03
  8.2620E+00  5.0197E-01  9.6304E-03
  8.5680E+00  5.0909E-01  9.8018E-03
  8.8740E+00  5.1570E-01  9.9414E-03
  9.1800E+00  5.2150E-01  1.0051E-02
  9.4860E+00  5.2626E-01  1.0134E-02
  9.7920E+00  5.2981E-01  1.0195E-02
  1.0098E+01  5.3206E-01  1.0239E-02
  1.0404E+01  5.3298E-01  1.0272E-02
  1.0710E+01  5.3259E-01  1.0299E-02
  1.1016E+01  5.3099E-01  1.0326E-02
  1.1322E+01  5.2827E-01  1.0357E-02
  1.1628E+01  5.2460E-01  1.0397E-02
  1.1934E+01  5.2012E-01  1.0449E-02
  1.2240E+01  5.1503E-01  1.0516E-02
  1.2546E+01  5.0949E-01  1.0601E-02
  1.2852E+01  5.0368E-01  1.0703E-02
  1.3158E+01  4.9777E-01  1.0823E-02
  1.3464E+01  4.9189E-01  1.0960E-02
  1.3770E+01  4.8617E-01  1.1113E-02
  1.4076E+01  4.8072E-01  1.1280E-02
  1.4382E+01  4.7562E-01  1.1458E-02
  1.4688E+01  4.7093E-01  1.1646E-02
  1.4994E+01  4.6669E-01  1.1841E-02
  1.5300E+01  4.6292E-01  1.2040E-02
  1.5606E+01  4.5962E-01  1.2240E-02
  1.5912E+01  4.5678E-01  1.2440E-02
  1.6218E+01  4.5436E-01  1.2637E-02
  1.6524E+01  4.5234E-01  1.2830E-02
  1.6830E+01  4.5066E-01  1.3018E-02
  1.7136E+01  4.4927E-01  1.3198E-02
  1.7442E+01  4.4813E-01  1.3372E-02
  1.7748E+01  4.4718E-01  1.3538E-02
  1.8054E+01  4.4637E-01  1.3698E-02
  1.8360E+01  4.4566E-01  1.3850E-02
  1.8666E+01  4.4501E-01  1.3998E-02
  1.8972E+01  4.4438E-01  1.4139E-02
  1.9278E+01  4.4375E-01  1.4274E-02
  1.9584E+01  4.4307E-01  1.4405E-02
  1.9890E+01  4.4235E-01  1.4533E-02
  2.0196E+01  4.4156E-01  1.4659E-02
  2.0502E+01  4.4071E-01  1.4786E-02
  2.0808E+01  4.3978E-01  1.4914E-02
  2.1114E+01  4.3880E-01  1.5044E-02
  2.1420E+01  4.3775E-01  1.5177E-02
  2.1726E+01  4.3665E-01  1.5312E-02
  2.2032E+01  4.3551E-01  1.5448E-02
  2.2338E+01  4.3435E-01  1.5588E-02
  2.2644E+01  4.3319E-01  1.5732E-02
  2.2950E+01  4.3203E-01  1.5879E-02
  2.3256E+01  4.3090E-01  1.6030E-02
  2.3562E+01  4.2978E-01  1.6184E-02
  2.3868E+01  4.2868E-01  1.6341E-02
  2.4174E+01  4.2761E-01  1.6499E-02
  2.4480E+01  4.2658E-01  1.6659E-02
  2.4786E+01  4.2560E-01  1.6819E-02
  2.5092E+01  4.2469E-01  1.6981E-02
  2.5398E+01  4.2386E-01  1.7145E-02
  2.5704E+01  4.2312E-01  1.7311E-02
  2.6010E+01  4.2247E-01  1.7480E-02
  2.6316E+01  4.2187E-01  1.7648E-02
  2.6622E+01  4.2130E-01  1.7815E-02
  2.6928E+01  4.2074E-01  1.7979E-02
  2.7234E+01  4.2017E-01  1.8139E-02
  2.7540E+01  4.1958E-01  1.8295E-02
  2.7846E+01  4.1898E-01  1.8448E-02
  2.8152E+01  4.1838E-01  1.8599E-02
  2.8458E+01  4.1780E-01  1.8749E-02
  2.8764E+01  4.1727E-01  1.8900E-02
  2.9070E+01  4.1680E-01  1.9054E-02
  2.9376E+01  4.1638E-01  1.9210E-02
  2.9682E+01  4.1601E-01  1.9367E-02
  2.9988E+01  4.1567E-01  1.9524E-02
  3.0294E+01  4.1535E-01  1.9679E-02
  3.0600E+01  4.1501E-01  1.9830E-02
  3.0906E+01  4.1465E-01  1.9978E-02
  3.1212E+01  4.1424E-01  2.0121E-02
  3.1518E+01  4.1377E-01  2.0261E-02
  3.1824E+01  4.1323E-01  2.0398E-02
  3.2130E+01  4.1265E-01  2.0534E-02
  3.2436E+01  4.1205E-01  2.0672E-02
  3.2742E+01  4.1144E-01  2.0814E-02
  3.3048E+01  4.1085E-01  2.0962E-02
  3.3354E+01  4.1031E-01  2.1115E-02
  3.3660E+01  4.0984E-01  2.1274E-02
  3.3966E+01  4.0944E-01  2.1435E-02
  3.4272E+01  4.0910E-01  2.1596E-02
  3.4578E+01  4.0881E-01  2.1752E-02
  3.4884E+01  4.0855E-01  2.1901E-02
  3.5190E+01  4.0829E-01  2.2040E-02
  3.5496E+01  4.0799E-01  2.2168E-02
  3.5802E+01  4.0764E-01  2.2286E-02
  3.6108E+01  4.0722E-01  2.2398E-02
  3.6414E+01  4.0673E-01  2.2506E-02
  3.6720E+01  4.0618E-01  2.2616E-02
  3.7026E+01  4.0557E-01  2.2732E-02
  3.7332E+01  4.0494E-01  2.2858E-02
  3.7638E+01  4.0430E-01  2.2994E-02
  3.7944E+01  4.0368E-01  2.3141E-02
  3.8250E+01  4.0310E-01  2.3295E-02
  3.8556E+01  4.0258E-01  2.3454E-02
  3.8862E+01  4.0212E-01  2.3613E-02
  3.9168E+01  4.0174E-01  2.3768E-02
  3.9474E+01  4.0143E-01  2.3918E-02
  3.9780E+01  4.0120E-01  2.4061E-02
  4.0086E+01  4.0104E-01  2.4198E-02
  4.0392E+01  4.0095E-01  2.4331E-02
  4.0698E+01  4.0091E-01  2.4462E-02
  4.1004E+01  4.0092E-01  2.4595E-02
  4.1310E+01  4.0094E-01  2.4730E-02
  4.1616E+01  4.0096E-01  2.4871E-02
  4.1922E+01  4.0096E-01  2.5016E-02
  4.2228E+01  4.0091E-01  2.5166E-02
  4.2534E+01  4.0079E-01  2.5320E-02
  4.2840E+01  4.0058E-01  2.5473E-02
  4.3146E+01  4.0028E-01  2.5625E-02
  4.3452E+01  3.9988E-01  2.5771E-02
  4.3758E+01  3.9940E-01  2.5908E-02
  4.4064E+01  3.9884E-01  2.6036E-02
  4.4370E+01  3.9822E-01  2.6153E-02
  4.4676E+01  3.9758E-01  2.6260E-02
  4.4982E+01  3.9694E-01  2.6358E-02
  4.5288E+01  3.9632E-01  2.6449E-02
  4.5594E+01  3.9575E-01  2.6537E-02
  4.5900E+01  3.9524E-01  2.6623E-02
  4.6206E+01  3.9480E-01  2.6711E-02
  4.6512E+01  3.9443E-01  2.6801E-02
  4.6818E+01  3.9414E-01  2.6897E-02
  4.7124E+01  3.9392E-01  2.6999E-02
  4.7430E+01  3.9375E-01  2.7107E-02
  4.7736E+01  3.9362E-01  2.7221E-02
  4.8042E+01  3.9353E-01  2.7340E-02
  4.8348E+01  3.9344E-01  2.7462E-02
  4.8654E+01  3.9337E-01  2.7587E-02
  4.8960E+01  3.9329E-01  2.7714E-02
  4.9266E+01  3.9322E-01  2.7843E-02
  4.9572E+01  3.9315E-01  2.7975E-02
  4.9878E+01  3.9309E-01  2.8110E-02
  5.0184E+01  3.9305E-01  2.8248E-02
  5.0490E+01  3.9300E-01  2.8389E-02
  5.0796E+01  3.9296E-01  2.8533E-02
  5.1102E+01  3.9292E-01  2.8679E-02
  5.1408E+01  3.9287E-01  2.8828E-02
  5.1714E+01  3.9281E-01  2.8979E-02
  5.2020E+01  3.9274E-01  2.9132E-02
  5.2326E+01  3.9264E-01  2.9287E-02
  5.2632E+01  3.9252E-01  2.9444E-02
  5.2938E+01  3.9237E-01  2.9600E-02
  5.3244E+01  3.9216E-01  2.9756E-02
  5.3550E+01  3.9190E-01  2.9907E-02
  5.3856E+01  3.9155E-01  3.0052E-02
  5.4162E+01  3.9114E-01  3.0188E-02
  5.4468E+01  3.9064E-01  3.0313E-02
  5.4774E+01  3.9007E-01  3.0427E-02
  5.5080E+01  3.8944E-01  3.0529E-02
  5.5386E+01  3.8878E-01  3.0622E-02
  5.5692E+01  3.8811E-01  3.0707E-02
  5.5998E+01  3.8745E-01  3.0786E-02
  5.6304E+01  3.8683E-01  3.0863E-02
  5.6610E+01  3.8628E-01  3.0938E-02
  5.6916E+01  3.8580E-01  3.1015E-02
  5.7222E+01  3.8540E-01  3.1095E-02
  5.7528E+01  3.8511E-01  3.1182E-02
  5.7834E+01  3.8490E-01  3.1276E-02
  5.8140E+01  3.8480E-01  3.1381E-02
  5.8446E+01  3.8478E-01  3.1497E-02
  5.8752E+01  3.8486E-01  3.1626E-02
  5.9058E+01  3.8501E-01  3.1769E-02
  5.9364E+01  3.8523E-01  3.1926E-02
  5.9670E+01  3.8550E-01  3.2098E-02
  5.9976E+01  3.8580E-01  3.2284E-02
  6.0282E+01  3.8612E-01  3.2482E-02
  6.0588E+01  3.8642E-01  3.2689E-02
  6.0894E+01  3.8668E-01  3.2902E-02
  6.1200E+01  3.8688E-01  3.3116E-02
  6.1506E+01  3.8698E-01  3.3327E-02
  6.1812E+01  3.8696E-01  3.3531E-02
  6.2118E+01  3.8682E-01  3.3724E-02
  6.2424E+01  3.8653E-01  3.3903E-02
  6.2730E+01  3.8610E-01  3.4066E-02
  6.3036E+01  3.8553E-01  3.4210E-02
  6.3342E+01  3.8482E-01  3.4334E-02
  6.3648E+01  3.8400E-01  3.4438E-02
  6.3954E+01  3.8309E-01  3.4521E-02
  6.4260E+01  3.8211E-01  3.4586E-02
  6.4566E+01  3.8111E-01  3.4635E-02
  6.4872E+01  3.8012E-01  3.4674E-02
  6.5178E+01  3.7917E-01  3.4706E-02
  6.5484E+01  3.7832E-01  3.4740E-02
  6.5790E+01  3.7760E-01  3.4780E-02
  6.6096E+01  3.7704E-01  3.4833E-02
  6.6402E+01  3.7669E-01  3.4906E-02
  6.6708E+01  3.7654E-01  3.5003E-02
  6.7014E+01  3.7663E-01  3.5128E-02
  6.7320E+01  3.7693E-01  3.5282E-02
  6.7626E+01  3.7744E-01  3.5467E-02
  6.7932E+01  3.7814E-01  3.5682E-02
  6.8238E+01  3.7900E-01  3.5925E-02
  6.8544E+01  3.7997E-01  3.6191E-02
  6.8850E+01  3.8100E-01  3.6477E-02
  6.9156E+01  3.8205E-01  3.6775E-02
  6.9462E+01  3.8305E-01  3.7079E-02
  6.9768E+01  3.8396E-01  3.7380E-02
  7.0074E+01  3.8470E-01  3.7668E-02
  7.0380E+01  3.8523E-01  3.7936E-02
  7.0686E+01  3.8548E-01  3.8174E-02
  7.0992E+01  3.8543E-01  3.8375E-02
  7.1298E+01  3.8502E-01  3.8532E-02
  7.1604E+01  3.8425E-01  3.8641E-02
  7.1910E+01  3.8309E-01  3.8699E-02
  7.2216E+01  3.8157E-01  3.8708E-02
  7.2522E+01  3.7970E-01  3.8670E-02
  7.2828E+01  3.7753E-01  3.8590E-02
  7.3134E+01  3.7511E-01  3.8475E-02
  7.3440E+01  3.7251E-01  3.8335E-02
  7.3746E+01  3.6982E-01  3.8180E-02
  7.4052E+01  3.6711E-01  3.8021E-02
  7.4358E+01  3.6447E-01  3.7868E-02
  7.4664E+01  3.6197E-01  3.7732E-02
  7.4970E+01  3.5969E-01  3.7621E-02
  7.5276E+01  3.5770E-01  3.7543E-02
  7.5582E+01  3.5603E-01  3.7503E-02
  7.5888E+01  3.5473E-01  3.7506E-02
  7.6194E+01  3.5383E-01  3.7554E-02
  7.6500E+01  3.5333E-01  3.7649E-02
  7.6806E+01  3.5322E-01  3.7789E-02
  7.7112E+01  3.5350E-01  3.7972E-02
  7.7418E+01  3.5413E-01  3.8193E-02
  7.7724E+01  3.5508E-01  3.8447E-02
  7.8030E+01  3.5629E-01  3.8727E-02
  7.8336E+01  3.5771E-01  3.9026E-02
  7.8642E+01  3.5930E-01  3.9339E-02
  7.8948E+01  3.6100E-01  3.9659E-02
  7.9254E+01  3.6275E-01  3.9978E-02
  7.9560E+01  3.6450E-01  4.0292E-02
  7.9866E+01  3.6620E-01  4.0595E-02
  8.0172E+01  3.6779E-01  4.0881E-02
  8.0478E+01  3.6922E-01  4.1144E-02
  8.0784E+01  3.7046E-01  4.1381E-02
  8.1090E+01  3.7148E-01  4.1588E-02
  8.1396E+01  3.7223E-01  4.1762E-02
  8.1702E+01  3.7272E-01  4.1902E-02
  8.2008E+01  3.7295E-01  4.2009E-02
  8.2314E+01  3.7291E-01  4.2086E-02
  8.2620E+01  3.7262E-01  4.2136E-02
  8.2926E+01  3.7213E-01  4.2163E-02
  8.3232E+01  3.7144E-01  4.2172E-02
  8.3538E+01  3.7060E-01  4.2170E-02
  8.3844E+01  3.6965E-01  4.2162E-02
  8.4150E+01  3.6861E-01  4.2153E-02
  8.4456E+01  3.6753E-01  4.2148E-02
  8.4762E+01  3.6643E-01  4.2150E-02
  8.5068E+01  3.6534E-01  4.2163E-02
  8.5374E+01  3.6428E-01  4.2188E-02
  8.5680E+01  3.6327E-01  4.2227E-02
  8.5986E+01  3.6234E-01  4.2280E-02
  8.6292E+01  3.6148E-01  4.2347E-02
  8.6598E+01  3.6072E-01  4.2428E-02
  8.6904E+01  3.6006E-01  4.2521E-02
  8.7210E+01  3.5950E-01  4.2625E-02
  8.7516E+01  3.5905E-01  4.2739E-02
  8.7822E+01  3.5870E-01  4.2862E-02
  8.8128E+01  3.5845E-01  4.2992E-02
  8.8434E+01  3.5829E-01  4.3128E-02
  8.8740E+01  3.5822E-01  4.3267E-02
  8.9046E+01  3.5822E-01  4.3410E-02
  8.9352E+01  3.5828E-01  4.3556E-02
  8.9658E+01  3.5840E-01  4.3702E-02
  8.9964E+01  3.5854E-01  4.3848E-02
  9.0270E+01  3.5871E-01  4.3993E-02
  9.0576E+01  3.5889E-01  4.4137E-02
  9.0882E+01  3.5906E-01  4.4279E-02
  9.1188E+01  3.5922E-01  4.4417E-02
  9.1494E+01  3.5935E-01  4.4553E-02
  9.1800E+01  3.5945E-01  4.4684E-02
  9.2106E+01  3.5950E-01  4.4810E-02
  9.2412E+01  3.5951E-01  4.4932E-02
  9.2718E+01  3.5947E-01  4.5048E-02
  9.3024E+01  3.5937E-01  4.5160E-02
  9.3330E+01  3.5923E-01  4.5267E-02
  9.3636E+01  3.5904E-01  4.5369E-02
  9.3942E+01  3.5881E-01  4.5468E-02
  9.4248E+01  3.5854E-01  4.5564E-02
  9.4554E+01  3.5825E-01  4.5659E-02
  9.4860E+01  3.5794E-01  4.5752E-02
  9.5166E+01  3.5761E-01  4.5844E-02
  9.5472E+01  3.5728E-01  4.5937E-02
  9.5778E+01  3.5695E-01  4.6030E-02
  9.6084E+01  3.5662E-01  4.6124E-02
  9.6390E+01  3.5630E-01  4.6219E-02
  9.6696E+01  3.5599E-01  4.6315E-02
  9.7002E+01  3.5570E-01  4.6412E-02
  9.7308E+01  3.5542E-01  4.6511E-02
  9.7614E+01  3.5515E-01  4.6611E-02
  9.7920E+01  3.5491E-01  4.6713E-02
  9.8226E+01  3.5468E-01  4.6818E-02
  9.8532E+01  3.5447E-01  4.6927E-02
  9.8838E+01  3.5429E-01  4.7038E-02
  9.9144E+01  3.5412E-01  4.7153E-02
  9.9450E+01  3.5396E-01  4.7270E-02
  9.9756E+01  3.5382E-01  4.7388E-02
  1.0006E+02  3.5368E-01  4.7508E-02
  1.0037E+02  3.5355E-01  4.7628E-02
  1.0067E+02  3.5342E-01  4.7748E-02
  1.0098E+02  3.5328E-01  4.7869E-02
  1.0129E+02  3.5315E-01  4.7989E-02
  1.0159E+02  3.5301E-01  4.8108E-02
  1.0190E+02  3.5287E-01  4.8228E-02
  1.0220E+02  3.5272E-01  4.8346E-02
  1.0251E+02  3.5256E-01  4.8464E-02
  1.0282E+02  3.5240E-01  4.8580E-02
  1.0312E+02  3.5223E-01  4.8695E-02
  1.0343E+02  3.5206E-01  4.8810E-02
  1.0373E+02  3.5189E-01  4.8924E-02
  1.0404E+02  3.5171E-01  4.9037E-02
  1.0435E+02  3.5153E-01  4.9151E-02
  1.0465E+02  3.5136E-01  4.9265E-02
  1.0496E+02  3.5118E-01  4.9379E-02
  1.0526E+02  3.5100E-01  4.9495E-02
  1.0557E+02  3.5082E-01  4.9612E-02
  1.0588E+02  3.5065E-01  4.9730E-02
  1.0618E+02  3.5048E-01  4.9850E-02
  1.0649E+02  3.5032E-01  4.9972E-02
  1.0679E+02  3.5015E-01  5.0094E-02
  1.0710E+02  3.4999E-01  5.0217E-02
  1.0741E+02  3.4983E-01  5.0339E-02
  1.0771E+02  3.4965E-01  5.0458E-02
  1.0802E+02  3.4948E-01  5.0576E-02
  1.0832E+02  3.4929E-01  5.0689E-02
  1.0863E+02  3.4908E-01  5.0798E-02
  1.0894E+02  3.4887E-01  5.0903E-02
  1.0924E+02  3.4864E-01  5.1005E-02
  1.0955E+02  3.4841E-01  5.1103E-02
  1.0985E+02  3.4818E-01  5.1199E-02
  1.1016E+02  3.4795E-01  5.1293E-02
  1.1047E+02  3.4773E-01  5.1387E-02
  1.1077E+02  3.4751E-01  5.1482E-02
  1.1108E+02  3.4731E-01  5.1578E-02
  1.1138E+02  3.4713E-01  5.1675E-02
  1.1169E+02  3.4696E-01  5.1775E-02
  1.1200E+02  3.4681E-01  5.1876E-02
  1.1230E+02  3.4667E-01  5.1978E-02
  1.1261E+02  3.4653E-01  5.2083E-02
  1.1291E+02  3.4641E-01  5.2189E-02
  1.1322E+02  3.4629E-01  5.2297E-02
  1.1353E+02  3.4618E-01  5.2407E-02
  1.1383E+02  3.4607E-01  5.2518E-02
  1.1414E+02  3.4596E-01  5.2630E-02
  1.1444E+02  3.4584E-01  5.2744E-02
  1.1475E+02  3.4572E-01  5.2859E-02
  1.1506E+02  3.4560E-01  5.2974E-02
  1.1536E+02  3.4547E-01  5.3090E-02
  1.1567E+02  3.4534E-01  5.3206E-02
  1.1597E+02  3.4520E-01  5.3321E-02
  1.1628E+02  3.4505E-01  5.3435E-02
  1.1659E+02  3.4490E-01  5.3548E-02
  1.1689E+02  3.4474E-01  5.3659E-02
  1.1720E+02  3.4457E-01  5.3769E-02
  1.1750E+02  3.4441E-01  5.3877E-02
  1.1781E+02  3.4424E-01  5.3985E-02
  1.1812E+02  3.4408E-01  5.4093E-02
  1.1842E+02  3.4392E-01  5.4201E-02
  1.1873E+02  3.4376E-01  5.4310E-02
  1.1903E+02  3.4361E-01  5.4420E-02
  1.1934E+02  3.4347E-01  5.4531E-02
  1.1965E+02  3.4333E-01  5.4643E-02
  1.1995E+02  3.4320E-01  5.4756E-02
  1.2026E+02  3.4306E-01  5.4869E-02
  1.2056E+02  3.4293E-01  5.4983E-02
  1.2087E+02  3.4280E-01  5.5096E-02
  1.2118E+02  3.4267E-01  5.5209E-02
  1.2148E+02  3.4254E-01  5.5322E-02
  1.2179E+02  3.4241E-01  5.5433E-02
  1.2209E+02  3.4228E-01  5.5544E-02
  1.2240E+02  3.4214E-01  5.5654E-02
  1.2271E+02  3.4199E-01  5.5764E-02
  1.2301E+02  3.4185E-01  5.5872E-02
  1.2332E+02  3.4169E-01  5.5980E-02
  1.2362E+02  3.4153E-01  5.6086E-02
  1.2393E+02  3.4136E-01  5.6191E-02
  1.2424E+02  3.4118E-01  5.6295E-02
  1.2454E+02  3.4100E-01  5.6398E-02
  1.2485E+02  3.4081E-01  5.6499E-02
  1.2515E+02  3.4061E-01  5.6600E-02
  1.2546E+02  3.4041E-01  5.6700E-02
  1.2577E+02  3.4021E-01  5.6800E-02
  1.2607E+02  3.4001E-01  5.6900E-02
  1.2638E+02  3.3981E-01  5.7001E-02
  1.2668E+02  3.3961E-01  5.7102E-02
  1.2699E+02  3.3942E-01  5.7203E-02
  1.2730E+02  3.3923E-01  5.7306E-02
  1.2760E+02  3.3906E-01  5.7411E-02
  1.2791E+02  3.3889E-01  5.7517E-02
  1.2821E+02  3.3873E-01  5.7624E-02
  1.2852E+02  3.3858E-01  5.7732E-02
  1.2883E+02  3.3844E-01  5.7841E-02
  1.2913E+02  3.3830E-01  5.7950E-02
  1.2944E+02  3.3816E-01  5.8060E-02
  1.2974E+02  3.3803E-01  5.8169E-02
  1.3005E+02  3.3790E-01  5.8277E-02
  1.3036E+02  3.3776E-01  5.8386E-02
  1.3066E+02  3.3763E-01  5.8495E-02
  1.3097E+02  3.3750E-01  5.8604E-02
  1.3127E+02  3.3738E-01  5.8714E-02
  1.3158E+02  3.3725E-01  5.8824E-02
  1.3189E+02  3.3712E-01  5.8935E-02
  1.3219E+02  3.3700E-01  5.9047E-02
  1.3250E+02  3.3687E-01  5.9159E-02
  1.3280E+02  3.3674E-01  5.9272E-02
  1.3311E+02  3.3661E-01  5.9385E-02
  1.3342E+02  3.3648E-01  5.9498E-02
  1.3372E+02  3.3634E-01  5.9611E-02
  1.3403E+02  3.3619E-01  5.9723E-02
  1.3433E+02  3.3604E-01  5.9834E-02
  1.3464E+02  3.3589E-01  5.9943E-02
  1.3495E+02  3.3573E-01  6.0051E-02
  1.3525E+02  3.3555E-01  6.0156E-02
  1.3556E+02  3.3538E-01  6.0257E-02
  1.3586E+02  3.3519E-01  6.0354E-02
  1.3617E+02  3.3499E-01  6.0448E-02
  1.3648E+02  3.3479E-01  6.0538E-02
  1.3678E+02  3.3459E-01  6.0626E-02
  1.3709E+02  3.3439E-01  6.0711E-02
  1.3739E+02  3.3419E-01  6.0795E-02
  1.3770E+02  3.3399E-01  6.0879E-02
  1.3801E+02  3.3381E-01  6.0965E-02
  1.3831E+02  3.3364E-01  6.1054E-02
  1.3862E+02  3.3348E-01  6.1146E-02
  1.3892E+02  3.3334E-01  6.1243E-02
  1.3923E+02  3.3322E-01  6.1344E-02
  1.3954E+02  3.3311E-01  6.1451E-02
  1.3984E+02  3.3302E-01  6.1563E-02
  1.4015E+02  3.3295E-01  6.1680E-02
  1.4045E+02  3.3288E-01  6.1802E-02
  1.4076E+02  3.3282E-01  6.1927E-02
  1.4107E+02  3.3276E-01  6.2055E-02
  1.4137E+02  3.3270E-01  6.2184E-02
  1.4168E+02  3.3264E-01  6.2313E-02
  1.4198E+02  3.3257E-01  6.2442E-02
  1.4229E+02  3.3249E-01  6.2569E-02
  1.4260E+02  3.3238E-01  6.2692E-02
  1.4290E+02  3.3226E-01  6.2810E-02
  1.4321E+02  3.3212E-01  6.2923E-02
  1.4351E+02  3.3195E-01  6.3029E-02
  1.4382E+02  3.3176E-01  6.3128E-02
  1.4413E+02  3.3154E-01  6.3220E-02
  1.4443E+02  3.3130E-01  6.3305E-02
  1.4474E+02  3.3104E-01  6.3384E-02
  1.4504E+02  3.3076E-01  6.3457E-02
  1.4535E+02  3.3048E-01  6.3526E-02
  1.4566E+02  3.3018E-01  6.3592E-02
  1.4596E+02  3.2989E-01  6.3657E-02
  1.4627E+02  3.2961E-01  6.3722E-02
  1.4657E+02  3.2933E-01  6.3790E-02
  1.4688E+02  3.2907E-01  6.3860E-02
  1.4719E+02  3.2884E-01  6.3935E-02
  1.4749E+02  3.2863E-01  6.4016E-02
  1.4780E+02  3.2844E-01  6.4103E-02
  1.4810E+02  3.2829E-01  6.4197E-02
  1.4841E+02  3.2816E-01  6.4299E-02
  1.4872E+02  3.2806E-01  6.4406E-02
  1.4902E+02  3.2799E-01  6.4521E-02
  1.4933E+02  3.2794E-01  6.4641E-02
  1.4963E+02  3.2791E-01  6.4766E-02
  1.4994E+02  3.2790E-01  6.4895E-02
  1.5025E+02  3.2790E-01  6.5027E-02
  1.5055E+02  3.2790E-01  6.5160E-02
  1.5086E+02  3.2791E-01  6.5293E-02
  1.5116E+02  3.2791E-01  6.5425E-02
  1.5147E+02  3.2790E-01  6.5555E-02
  1.5178E+02  3.2788E-01  6.5682E-02
  1.5208E+02  3.2784E-01  6.5804E-02
  1.5239E+02  3.2778E-01  6.5922E-02
  1.5269E+02  3.2770E-01  6.6035E-02
  1.5300E+02  3.2760E-01  6.6142E-02
  1.5331E+02  3.2747E-01  6.6244E-02
  1.5361E+02  3.2732E-01  6.6341E-02
  1.5392E+02  3.2715E-01  6.6432E-02
  1.5422E+02  3.2695E-01  6.6518E-02
  1.5453E+02  3.2673E-01  6.6600E-02
  1.5484E+02  3.2649E-01  6.6678E-02
  1.5514E+02  3.2624E-01  6.6754E-02
  1.5545E+02  3.2597E-01  6.6826E-02
  1.5575E+02  3.2570E-01  6.6898E-02
  1.5606E+02  3.2542E-01  6.6969E-02
  1.5637E+02  3.2514E-01  6.7040E-02
  1.5667E+02  3.2486E-01  6.7113E-02
  1.5698E+02  3.2459E-01  6.7187E-02
  1.5728E+02  3.2432E-01  6.7265E-02
  1.5759E+02  3.2407E-01  6.7345E-02
  1.5790E+02  3.2383E-01  6.7429E-02
  1.5820E+02  3.2361E-01  6.7517E-02
  1.5851E+02  3.2341E-01  6.7609E-02
  1.5881E+02  3.2323E-01  6.7705E-02
  1.5912E+02  3.2306E-01  6.7804E-02
  1.5943E+02  3.2291E-01  6.7906E-02
  1.5973E+02  3.2277E-01  6.8011E-02
  1.6004E+02  3.2265E-01  6.8118E-02
  1.6034E+02  3.2254E-01  6.8228E-02
  1.6065E+02  3.2244E-01  6.8338E-02
  1.6096E+02  3.2234E-01  6.8450E-02
  1.6126E+02  3.2226E-01  6.8562E-02
  1.6157E+02  3.2217E-01  6.8674E-02
  1.6187E+02  3.2209E-01  6.8785E-02
  1.6218E+02  3.2200E-01  6.8894E-02
  1.6249E+02  3.2191E-01  6.9003E-02
  1.6279E+02  3.2182E-01  6.9109E-02
  1.6310E+02  3.2171E-01  6.9213E-02
  1.6340E+02  3.2160E-01  6.9314E-02
  1.6371E+02  3.2148E-01  6.9413E-02
  1.6402E+02  3.2135E-01  6.9509E-02
  1.6432E+02  3.2121E-01  6.9603E-02
  1.6463E+02  3.2107E-01  6.9695E-02
  1.6493E+02  3.2091E-01  6.9785E-02
  1.6524E+02  3.2075E-01  6.9873E-02
  1.6555E+02  3.2059E-01  6.9961E-02
  1.6585E+02  3.2042E-01  7.0049E-02
  1.6616E+02  3.2025E-01  7.0136E-02
  1.6646E+02  3.2007E-01  7.0224E-02
  1.6677E+02  3.1990E-01  7.0312E-02
  1.6708E+02  3.1973E-01  7.0401E-02
  1.6738E+02  3.1956E-01  7.0492E-02
  1.6769E+02  3.1939E-01  7.0583E-02
  1.6799E+02  3.1922E-01  7.0675E-02
  1.6830E+02  3.1905E-01  7.0768E-02
  1.6861E+02  3.1889E-01  7.0861E-02
  1.6891E+02  3.1873E-01  7.0956E-02
  1.6922E+02  3.1857E-01  7.1050E-02
  1.6952E+02  3.1841E-01  7.1145E-02
  1.6983E+02  3.1826E-01  7.1241E-02
  1.7014E+02  3.1810E-01  7.1336E-02
  1.7044E+02  3.1795E-01  7.1432E-02
  1.7075E+02  3.1781E-01  7.1528E-02
  1.7105E+02  3.1766E-01  7.1624E-02
  1.7136E+02  3.1751E-01  7.1720E-02
  1.7167E+02  3.1737E-01  7.1816E-02
  1.7197E+02  3.1723E-01  7.1912E-02
  1.7228E+02  3.1709E-01  7.2008E-02
  1.7258E+02  3.1695E-01  7.2104E-02
  1.7289E+02  3.1681E-01  7.2199E-02
  1.7320E+02  3.1667E-01  7.2293E-02
  1.7350E+02  3.1653E-01  7.2388E-02
  1.7381E+02  3.1638E-01  7.2482E-02
  1.7411E+02  3.1624E-01  7.2575E-02
  1.7442E+02  3.1610E-01  7.2669E-02
  1.7473E+02  3.1596E-01  7.2762E-02
  1.7503E+02  3.1581E-01  7.2855E-02
  1.7534E+02  3.1567E-01  7.2948E-02
  1.7564E+02  3.1553E-01  7.3041E-02
  1.7595E+02  3.1538E-01  7.3133E-02
  1.7626E+02  3.1524E-01  7.3226E-02
  1.7656E+02  3.1509E-01  7.3318E-02
  1.7687E+02  3.1495E-01  7.3411E-02
  1.7717E+02  3.1480E-01  7.3504E-02
  1.7748E+02  3.1465E-01  7.3596E-02
  1.7779E+02  3.1451E-01  7.3689E-02
  1.7809E+02  3.1436E-01  7.3781E-02
  1.7840E+02  3.1421E-01  7.3874E-02
  1.7870E+02  3.1406E-01  7.3967E-02
  1.7901E+02  3.1391E-01  7.4059E-02
  1.7932E+02  3.1376E-01  7.4152E-02
  1.7962E+02  3.1361E-01  7.4244E-02
  1.7993E+02  3.1347E-01  7.4336E-02
  1.8023E+02  3.1332E-01  7.4428E-02
  1.8054E+02  3.1317E-01  7.4520E-02
  1.8085E+02  3.1302E-01  7.4612E-02
  1.8115E+02  3.1287E-01  7.4703E-02
  1.8146E+02  3.1272E-01  7.4795E-02
  1.8176E+02  3.1258E-01  7.4887E-02
  1.8207E+02  3.1243E-01  7.4978E-02
  1.8238E+02  3.1229E-01  7.5071E-02
  1.8268E+02  3.1215E-01  7.5163E-02
  1.8299E+02  3.1201E-01  7.5256E-02
  1.8329E+02  3.1187E-01  7.5350E-02
  1.8360E+02  3.1173E-01  7.5444E-02
  1.8391E+02  3.1160E-01  7.5538E-02
  1.8421E+02  3.1146E-01  7.5633E-02
  1.8452E+02  3.1133E-01  7.5728E-02
  1.8482E+02  3.1120E-01  7.5822E-02
  1.8513E+02  3.1106E-01  7.5917E-02
  1.8544E+02  3.1093E-01  7.6012E-02
  1.8574E+02  3.1079E-01  7.6106E-02
  1.8605E+02  3.1066E-01  7.6200E-02
  1.8635E+02  3.1052E-01  7.6294E-02
  1.8666E+02  3.1038E-01  7.6386E-02
  1.8697E+02  3.1024E-01  7.6478E-02
  1.8727E+02  3.1009E-01  7.6570E-02
  1.8758E+02  3.0995E-01  7.6661E-02
  1.8788E+02  3.0980E-01  7.6751E-02
  1.8819E+02  3.0966E-01  7.6841E-02
  1.8850E+02  3.0951E-01  7.6931E-02
  1.8880E+02  3.0936E-01  7.7021E-02
  1.8911E+02  3.0922E-01  7.7110E-02
  1.8941E+02  3.0907E-01  7.7200E-02
  1.8972E+02  3.0893E-01  7.7289E-02
  1.9003E+02  3.0878E-01  7.7379E-02
  1.9033E+02  3.0864E-01  7.7469E-02
  1.9064E+02  3.0850E-01  7.7559E-02
  1.9094E+02  3.0835E-01  7.7649E-02
  1.9125E+02  3.0821E-01  7.7739E-02
  1.9156E+02  3.0807E-01  7.7830E-02
  1.9186E+02  3.0794E-01  7.7921E-02
  1.9217E+02  3.0780E-01  7.8012E-02
  1.9247E+02  3.0766E-01  7.8103E-02
  1.9278E+02  3.0752E-01  7.8194E-02
  1.9309E+02  3.0739E-01  7.8285E-02
  1.9339E+02  3.0725E-01  7.8376E-02
  1.9370E+02  3.0711E-01  7.8467E-02
  1.9400E+02  3.0698E-01  7.8557E-02
  1.9431E+02  3.0684E-01  7.8647E-02
  1.9462E+02  3.0670E-01  7.8737E-02
  1.9492E+02  3.0656E-01  7.8826E-02
  1.9523E+02  3.0643E-01  7.8915E-02
  1.9553E+02  3.0629E-01  7.9004E-02
  1.9584E+02  3.0615E-01  7.9093E-02
  1.9615E+02  3.0601E-01  7.9182E-02
  1.9645E+02  3.0587E-01  7.9270E-02
  1.9676E+02  3.0574E-01  7.9359E-02
  1.9706E+02  3.0560E-01  7.9448E-02
  1.9737E+02  3.0546E-01  7.9538E-02
  1.9768E+02  3.0533E-01  7.9627E-02
  1.9798E+02  3.0519E-01  7.9717E-02
  1.9829E+02  3.0505E-01  7.9807E-02
  1.9859E+02  3.0492E-01  7.9896E-02
  1.9890E+02  3.0478E-01  7.9986E-02
  1.9921E+02  3.0465E-01  8.0077E-02
  1.9951E+02  3.0452E-01  8.0167E-02
  1.9982E+02  3.0438E-01  8.0257E-02
  2.0012E+02  3.0425E-01  8.0347E-02
  2.0043E+02  3.0412E-01  8.0437E-02
  2.0074E+02  3.0398E-01  8.0526E-02
  2.0104E+02  3.0385E-01  8.0616E-02
  2.0135E+02  3.0372E-01  8.0705E-02
  2.0165E+02  3.0359E-01  8.0794E-02
  2.0196E+02  3.0345E-01  8.0883E-02
  2.0227E+02  3.0332E-01  8.0972E-02
  2.0257E+02  3.0319E-01  8.1060E-02
  2.0288E+02  3.0305E-01  8.1148E-02
  2.0318E+02  3.0292E-01  8.1237E-02
  2.0349E+02  3.0279E-01  8.1325E-02
  2.0380E+02  3.0265E-01  8.1413E-02
  2.0410E+02  3.0252E-01  8.1502E-02
  2.0441E+02  3.0239E-01  8.1590E-02
  2.0471E+02  3.0225E-01  8.1679E-02
  2.0502E+02  3.0212E-01  8.1767E-02
  2.0533E+02  3.0199E-01  8.1855E-02
  2.0563E+02  3.0185E-01  8.1944E-02
  2.0594E+02  3.0172E-01  8.2032E-02
  2.0624E+02  3.0158E-01  8.2120E-02
  2.0655E+02  3.0145E-01  8.2208E-02
  2.0686E+02  3.0131E-01  8.2295E-02
  2.0716E+02  3.0117E-01  8.2382E-02
  2.0747E+02  3.0104E-01  8.2469E-02
  2.0777E+02  3.0090E-01  8.2556E-02
  2.0808E+02  3.0077E-01  8.2642E-02
  2.0839E+02  3.0063E-01  8.2728E-02
  2.0869E+02  3.0049E-01  8.2813E-02
  2.0900E+02  3.0036E-01  8.2899E-02
  2.0930E+02  3.0022E-01  8.2984E-02
  2.0961E+02  3.0009E-01  8.3069E-02
  2.0992E+02  2.9995E-01  8.3155E-02
  2.1022E+02  2.9982E-01  8.3241E-02
  2.1053E+02  2.9969E-01  8.3327E-02
  2.1083E+02  2.9956E-01  8.3414E-02
  2.1114E+02  2.9943E-01  8.3501E-02
  2.1145E+02  2.9930E-01  8.3589E-02
  2.1175E+02  2.9917E-01  8.3677E-02
  2.1206E+02  2.9905E-01  8.3766E-02
  2.1236E+02  2.9892E-01  8.3855E-02
  2.1267E+02  2.9880E-01  8.3944E-02
  2.1298E+02  2.9867E-01  8.4033E-02
  2.1328E+02  2.9855E-01  8.4123E-02
  2.1359E+02  2.9842E-01  8.4212E-02
  2.1389E+02  2.9830E-01  8.4302E-02
  2.1420E+02  2.9817E-01  8.4391E-02
  2.1451E+02  2.9804E-01  8.4480E-02
  2.1481E+02  2.9792E-01  8.4568E-02
  2.1512E+02  2.9779E-01  8.4655E-02
  2.1542E+02  2.9766E-01  8.4742E-02
  2.1573E+02  2.9752E-01  8.4828E-02
  2.1604E+02  2.9739E-01  8.4913E-02
  2.1634E+02  2.9725E-01  8.4997E-02
  2.1665E+02  2.9712E-01  8.5081E-02
  2.1695E+02  2.9698E-01  8.5164E-02
  2.1726E+02  2.9684E-01  8.5246E-02
  2.1757E+02  2.9670E-01  8.5327E-02
  2.1787E+02  2.9656E-01  8.5409E-02
  2.1818E+02  2.9642E-01  8.5490E-02
  2.1848E+02  2.9628E-01  8.5571E-02
  2.1879E+02  2.9614E-01  8.5652E-02
  2.1910E+02  2.9601E-01  8.5733E-02
  2.1940E+02  2.9587E-01  8.5815E-02
  2.1971E+02  2.9574E-01  8.5898E-02
  2.2001E+02  2.9561E-01  8.5981E-02
  2.2032E+02  2.9548E-01  8.6065E-02
  2.2063E+02  2.9535E-01  8.6151E-02
  2.2093E+02  2.9523E-01  8.6236E-02
  2.2124E+02  2.9511E-01  8.6323E-02
  2.2154E+02  2.9499E-01  8.6410E-02
  2.2185E+02  2.9487E-01  8.6498E-02
  2.2216E+02  2.9475E-01  8.6586E-02
  2.2246E+02  2.9463E-01  8.6674E-02
  2.2277E+02  2.9451E-01  8.6762E-02
  2.2307E+02  2.9439E-01  8.6850E-02
  2.2338E+02  2.9427E-01  8.6938E-02
  2.2369E+02  2.9415E-01  8.7025E-02
  2.2399E+02  2.9403E-01  8.7112E-02
  2.2430E+02  2.9390E-01  8.7198E-02
  2.2460E+02  2.9378E-01  8.7283E-02
  2.2491E+02  2.9365E-01  8.7368E-02
  2.2522E+02  2.9352E-01  8.7451E-02
  2.2552E+02  2.9339E-01  8.7534E-02
  2.2583E+02  2.9325E-01  8.7616E-02
  2.2613E+02  2.9312E-01  8.7697E-02
  2.2644E+02  2.9298E-01  8.7778E-02
  2.2675E+02  2.9284E-01  8.7858E-02
  2.2705E+02  2.9270E-01  8.7938E-02
  2.2736E+02  2.9257E-01  8.8018E-02
  2.2766E+02  2.9243E-01  8.8097E-02
  2.2797E+02  2.9229E-01  8.8177E-02
  2.2828E+02  2.9215E-01  8.8257E-02
  2.2858E+02  2.9201E-01  8.8337E-02
  2.2889E+02  2.9188E-01  8.8418E-02
  2.2919E+02  2.9175E-01  8.8499E-02
  2.2950E+02  2.9161E-01  8.8580E-02
  2.2981E+02  2.9148E-01  8.8662E-02
  2.3011E+02  2.9135E-01  8.8745E-02
  2.3042E+02  2.9123E-01  8.8828E-02
  2.3072E+02  2.9110E-01  8.8912E-02
  2.3103E+02  2.9098E-01  8.8996E-02
  2.3134E+02  2.9085E-01  8.9080E-02
  2.3164E+02  2.9073E-01  8.9165E-02
  2.3195E+02  2.9061E-01  8.9250E-02
  2.3225E+02  2.9049E-01  8.9335E-02
  2.3256E+02  2.9037E-01  8.9420E-02
  2.3287E+02  2.9025E-01  8.9505E-02
  2.3317E+02  2.9013E-01  8.9589E-02
  2.3348E+02  2.9002E-01  8.9674E-02
  2.3378E+02  2.8990E-01  8.9758E-02
  2.3409E+02  2.8978E-01  8.9841E-02
  2.3440E+02  2.8965E-01  8.9925E-02
  2.3470E+02  2.8953E-01  9.0007E-02
  2.3501E+02  2.8941E-01  9.0090E-02
  2.3531E+02  2.8928E-01  9.0172E-02
  2.3562E+02  2.8916E-01  9.0253E-02
  2.3593E+02  2.8903E-01  9.0334E-02
  2.3623E+02  2.8891E-01  9.0415E-02
  2.3654E+02  2.8878E-01  9.0495E-02
  2.3684E+02  2.8865E-01  9.0576E-02
  2.3715E+02  2.8852E-01  9.0656E-02
  2.3746E+02  2.8839E-01  9.0735E-02
  2.3776E+02  2.8826E-01  9.0815E-02
  2.3807E+02  2.8813E-01  9.0895E-02
  2.3837E+02  2.8800E-01  9.0974E-02
  2.3868E+02  2.8787E-01  9.1054E-02
  2.3899E+02  2.8774E-01  9.1133E-02
  2.3929E+02  2.8762E-01  9.1213E-02
  2.3960E+02  2.8749E-01  9.1293E-02
  2.3990E+02  2.8736E-01  9.1373E-02
  2.4021E+02  2.8723E-01  9.1453E-02
  2.4052E+02  2.8710E-01  9.1534E-02
  2.4082E+02  2.8698E-01  9.1614E-02
  2.4113E+02  2.8685E-01  9.1694E-02
  2.4143E+02  2.8672E-01  9.1775E-02
  2.4174E+02  2.8660E-01  9.1855E-02
  2.4205E+02  2.8647E-01  9.1936E-02
  2.4235E+02  2.8635E-01  9.2016E-02
  2.4266E+02  2.8623E-01  9.2097E-02
  2.4296E+02  2.8610E-01  9.2178E-02
  2.4327E+02  2.8598E-01  9.2258E-02
  2.4358E+02  2.8585E-01  9.2338E-02
  2.4388E+02  2.8573E-01  9.2419E-02
  2.4419E+02  2.8561E-01  9.2499E-02
  2.4449E+02  2.8548E-01  9.2579E-02
  2.4480E+02  2.8536E-01  9.2660E-02
  2.4511E+02  2.8524E-01  9.2739E-02
  2.4541E+02  2.8511E-01  9.2819E-02
  2.4572E+02  2.8499E-01  9.2899E-02
  2.4602E+02  2.8487E-01  9.2978E-02
  2.4633E+02  2.8474E-01  9.3058E-02
  2.4664E+02  2.8462E-01  9.3137E-02
  2.4694E+02  2.8449E-01  9.3216E-02
  2.4725E+02  2.8437E-01  9.3295E-02
  2.4755E+02  2.8424E-01  9.3374E-02
  2.4786E+02  2.8412E-01  9.3453E-02
  2.4817E+02  2.8399E-01  9.3531E-02
  2.4847E+02  2.8387E-01  9.3610E-02
  2.4878E+02  2.8374E-01  9.3689E-02
  2.4908E+02  2.8362E-01  9.3767E-02
  2.4939E+02  2.8349E-01  9.3846E-02
  2.4970E+02  2.8337E-01  9.3924E-02
  2.5000E+02  2.8324E-01  9.4003E-02
  2.5031E+02  2.8312E-01  9.4081E-02
  2.5061E+02  2.8299E-01  9.4159E-02
  2.5092E+02  2.8287E-01  9.4238E-02
  2.5123E+02  2.8274E-01  9.4316E-02
  2.5153E+02  2.8262E-01  9.4394E-02
  2.5184E+02  2.8249E-01  9.4472E-02
  2.5214E+02  2.8237E-01  9.4550E-02
  2.5245E+02  2.8225E-01  9.4628E-02
  2.5276E+02  2.8212E-01  9.4707E-02
  2.5306E+02  2.8200E-01  9.4785E-02
  2.5337E+02  2.8187E-01  9.4863E-02
  2.5367E+02  2.8175E-01  9.4941E-02
  2.5398E+02  2.8163E-01  9.5019E-02
  2.5429E+02  2.8150E-01  9.5097E-02
  2.5459E+02  2.8138E-01  9.5175E-02
  2.5490E+02  2.8126E-01  9.5253E-02
  2.5520E+02  2.8114E-01  9.5331E-02
  2.5551E+02  2.8101E-01  9.5409E-02
  2.5582E+02  2.8089E-01  9.5487E-02
  2.5612E+02  2.8077E-01  9.5565E-02
  2.5643E+02  2.8065E-01  9.5642E-02
  2.5673E+02  2.8052E-01  9.5720E-02
  2.5704E+02  2.8040E-01  9.5798E-02
  2.5735E+02  2.8028E-01  9.5875E-02
  2.5765E+02  2.8016E-01  9.5953E-02
  2.5796E+02  2.8003E-01  9.6030E-02
  2.5826E+02  2.7991E-01  9.6107E-02
  2.5857E+02  2.7979E-01  9.6184E-02
  2.5888E+02  2.7967E-01  9.6261E-02
  2.5918E+02  2.7954E-01  9.6338E-02
  2.5949E+02  2.7942E-01  9.6415E-02
  2.5979E+02  2.7930E-01  9.6491E-02
  2.6010E+02  2.7917E-01  9.6568E-02
  2.6041E+02  2.7905E-01  9.6644E-02
  2.6071E+02  2.7893E-01  9.6720E-02
  2.6102E+02  2.7880E-01  9.6796E-02
  2.6132E+02  2.7868E-01  9.6873E-02
  2.6163E+02  2.7856E-01  9.6949E-02
  2.6194E+02  2.7843E-01  9.7025E-02
  2.6224E+02  2.7831E-01  9.7101E-02
  2.6255E+02  2.7819E-01  9.7177E-02
  2.6285E+02  2.7807E-01  9.7253E-02
  2.6316E+02  2.7795E-01  9.7330E-02
  2.6347E+02  2.7782E-01  9.7406E-02
  2.6377E+02  2.7770E-01  9.7482E-02
  2.6408E+02  2.7758E-01  9.7558E-02
  2.6438E+02  2.7746E-01  9.7634E-02
  2.6469E+02  2.7734E-01  9.7710E-02
  2.6500E+02  2.7721E-01  9.7786E-02
  2.6530E+02  2.7709E-01  9.7862E-02
  2.6561E+02  2.7697E-01  9.7938E-02
  2.6591E+02  2.7685E-01  9.8014E-02
  2.6622E+02  2.7673E-01  9.8089E-02
  2.6653E+02  2.7661E-01  9.8165E-02
  2.6683E+02  2.7649E-01  9.8240E-02
  2.6714E+02  2.7636E-01  9.8315E-02
  2.6744E+02  2.7624E-01  9.8390E-02
  2.6775E+02  2.7612E-01  9.8465E-02
  2.6806E+02  2.7600E-01  9.8540E-02
  2.6836E+02  2.7588E-01  9.8615E-02
  2.6867E+02  2.7575E-01  9.8690E-02
  2.6897E+02  2.7563E-01  9.8765E-02
  2.6928E+02  2.7551E-01  9.8840E-02
  2.6959E+02  2.7539E-01  9.8915E-02
  2.6989E+02  2.7527E-01  9.8990E-02
  2.7020E+02  2.7515E-01  9.9064E-02
  2.7050E+02  2.7502E-01  9.9139E-02
  2.7081E+02  2.7490E-01  9.9214E-02
  2.7112E+02  2.7478E-01  9.9289E-02
  2.7142E+02  2.7466E-01  9.9363E-02
  2.7173E+02  2.7454E-01  9.9438E-02
  2.7203E+02  2.7442E-01  9.9513E-02
  2.7234E+02  2.7430E-01  9.9587E-02
  2.7265E+02  2.7418E-01  9.9662E-02
  2.7295E+02  2.7405E-01  9.9736E-02
  2.7326E+02  2.7393E-01  9.9810E-02
  2.7356E+02  2.7381E-01  9.9884E-02
  2.7387E+02  2.7369E-01  9.9958E-02
  2.7418E+02  2.7357E-01  1.0003E-01
  2.7448E+02  2.7345E-01  1.0011E-01
  2.7479E+02  2.7333E-01  1.0018E-01
  2.7509E+02  2.7321E-01  1.0025E-01
  2.7540E+02  2.7309E-01  1.0033E-01
  2.7571E+02  2.7296E-01  1.0040E-01
  2.7601E+02  2.7284E-01  1.0047E-01
  2.7632E+02  2.7272E-01  1.0055E-01
  2.7662E+02  2.7260E-01  1.0062E-01
  2.7693E+02  2.7248E-01  1.0070E-01
  2.7724E+02  2.7236E-01  1.0077E-01
  2.7754E+02  2.7224E-01  1.0084E-01
  2.7785E+02  2.7212E-01  1.0092E-01
  2.7815E+02  2.7200E-01  1.0099E-01
  2.7846E+02  2.7188E-01  1.0106E-01
  2.7877E+02  2.7176E-01  1.0114E-01
  2.7907E+02  2.7164E-01  1.0121E-01
  2.7938E+02  2.7152E-01  1.0128E-01
  2.7968E+02  2.7140E-01  1.0136E-01
  2.7999E+02  2.7128E-01  1.0143E-01
  2.8030E+02  2.7116E-01  1.0150E-01
  2.8060E+02  2.7104E-01  1.0157E-01
  2.8091E+02  2.7092E-01  1.0165E-01
  2.8121E+02  2.7080E-01  1.0172E-01
  2.8152E+02  2.7067E-01  1.0179E-01
  2.8183E+02  2.7055E-01  1.0186E-01
  2.8213E+02  2.7043E-01  1.0194E-01
  2.8244E+02  2.7031E-01  1.0201E-01
  2.8274E+02  2.7019E-01  1.0208E-01
  2.8305E+02  2.7008E-01  1.0215E-01
  2.8336E+02  2.6996E-01  1.0223E-01
  2.8366E+02  2.6984E-01  1.0230E-01
  2.8397E+02  2.6972E-01  1.0237E-01
  2.8427E+02  2.6960E-01  1.0244E-01
  2.8458E+02  2.6948E-01  1.0252E-01
  2.8489E+02  2.6936E-01  1.0259E-01
  2.8519E+02  2.6924E-01  1.0266E-01
  2.8550E+02  2.6912E-01  1.0273E-01
  2.8580E+02  2.6900E-01  1.0280E-01
  2.8611E+02  2.6888E-01  1.0288E-01
  2.8642E+02  2.6876E-01  1.0295E-01
  2.8672E+02  2.6864E-01  1.0302E-01
  2.8703E+02  2.6852E-01  1.0309E-01
  2.8733E+02  2.6840E-01  1.0316E-01
  2.8764E+02  2.6828E-01  1.0323E-01
  2.8795E+02  2.6816E-01  1.0331E-01
  2.8825E+02  2.6804E-01  1.0338E-01
  2.8856E+02  2.6792E-01  1.0345E-01
  2.8886E+02  2.6780E-01  1.0352E-01
  2.8917E+02  2.6768E-01  1.0359E-01
  2.8948E+02  2.6757E-01  1.0366E-01
  2.8978E+02  2.6745E-01  1.0373E-01
  2.9009E+02  2.6733E-01  1.0380E-01
  2.9039E+02  2.6721E-01  1.0387E-01
  2.9070E+02  2.6709E-01  1.0394E-01
  2.9101E+02  2.6697E-01  1.0401E-01
  2.9131E+02  2.6685E-01  1.0408E-01
  2.9162E+02  2.6673E-01  1.0416E-01
  2.9192E+02  2.6661E-01  1.0423E-01
  2.9223E+02  2.6649E-01  1.0430E-01
  2.9254E+02  2.6637E-01  1.0437E-01
  2.9284E+02  2.6625E-01  1.0444E-01
  2.9315E+02  2.6614E-01  1.0451E-01
  2.9345E+02  2.6602E-01  1.0458E-01
  2.9376E+02  2.6590E-01  1.0465E-01
  2.9407E+02  2.6578E-01  1.0472E-01
  2.9437E+02  2.6567E-01  1.0479E-01
  2.9468E+02  2.6555E-01  1.0486E-01
  2.9498E+02  2.6543E-01  1.0493E-01
  2.9529E+02  2.6531E-01  1.0500E-01
  2.9560E+02  2.6519E-01  1.0507E-01
  2.9590E+02  2.6508E-01  1.0515E-01
  2.9621E+02  2.6496E-01  1.0522E-01
  2.9651E+02  2.6484E-01  1.0529E-01
  2.9682E+02  2.6472E-01  1.0536E-01
  2.9713E+02  2.6460E-01  1.0542E-01
  2.9743E+02  2.6448E-01  1.0549E-01
  2.9774E+02  2.6436E-01  1.0556E-01
  2.9804E+02  2.6424E-01  1.0563E-01
  2.9835E+02  2.6413E-01  1.0570E-01
  2.9866E+02  2.6401E-01  1.0577E-01
  2.9896E+02  2.6389E-01  1.0584E-01
  2.9927E+02  2.6377E-01  1.0591E-01
  2.9957E+02  2.6365E-01  1.0598E-01
  2.9988E+02  2.6353E-01  1.0605E-01
  3.0019E+02  2.6341E-01  1.0612E-01
  3.0049E+02  2.6329E-01  1.0619E-01
  3.0080E+02  2.6318E-01  1.0625E-01
  3.0110E+02  2.6306E-01  1.0632E-01
  3.0141E+02  2.6294E-01  1.0639E-01
  3.0172E+02  2.6282E-01  1.0646E-01
  3.0202E+02  2.6270E-01  1.0653E-01
  3.0233E+02  2.6259E-01  1.0660E-01
  3.0263E+02  2.6247E-01  1.0667E-01
  3.0294E+02  2.6235E-01  1.0674E-01
  3.0325E+02  2.6223E-01  1.0681E-01
  3.0355E+02  2.6212E-01  1.0687E-01
  3.0386E+02  2.6200E-01  1.0694E-01
  3.0416E+02  2.6188E-01  1.0701E-01
  3.0447E+02  2.6177E-01  1.0708E-01
  3.0478E+02  2.6165E-01  1.0715E-01
  3.0508E+02  2.6153E-01  1.0722E-01
  3.0539E+02  2.6142E-01  1.0729E-01
  3.0569E+02  2.6130E-01  1.0736E-01
  3.0600E+02  2.6118E-01  1.0742E-01
  3.0631E+02  2.6106E-01  1.0749E-01
  3.0661E+02  2.6095E-01  1.0756E-01
  3.0692E+02  2.6083E-01  1.0763E-01
  3.0722E+02  2.6071E-01  1.0770E-01
  3.0753E+02  2.6060E-01  1.0776E-01
  3.0784E+02  2.6048E-01  1.0783E-01
  3.0814E+02  2.6036E-01  1.0790E-01
  3.0845E+02  2.6024E-01  1.0797E-01
  3.0875E+02  2.6013E-01  1.0804E-01
  3.0906E+02  2.6001E-01  1.0810E-01
  3.0937E+02  2.5989E-01  1.0817E-01
  3.0967E+02  2.5977E-01  1.0824E-01
  3.0998E+02  2.5966E-01  1.0830E-01
  3.1028E+02  2.5954E-01  1.0837E-01
  3.1059E+02  2.5942E-01  1.0844E-01
  3.1090E+02  2.5930E-01  1.0851E-01
  3.1120E+02  2.5919E-01  1.0857E-01
  3.1151E+02  2.5907E-01  1.0864E-01
  3.1181E+02  2.5895E-01  1.0871E-01
  3.1212E+02  2.5884E-01  1.0877E-01
  3.1243E+02  2.5872E-01  1.0884E-01
  3.1273E+02  2.5860E-01  1.0891E-01
  3.1304E+02  2.5849E-01  1.0898E-01
  3.1334E+02  2.5837E-01  1.0904E-01
  3.1365E+02  2.5825E-01  1.0911E-01
  3.1396E+02  2.5814E-01  1.0918E-01
  3.1426E+02  2.5802E-01  1.0924E-01
  3.1457E+02  2.5790E-01  1.0931E-01
  3.1487E+02  2.5779E-01  1.0938E-01
  3.1518E+02  2.5767E-01  1.0944E-01
  3.1549E+02  2.5755E-01  1.0951E-01
  3.1579E+02  2.5744E-01  1.0958E-01
  3.1610E+02  2.5732E-01  1.0964E-01
  3.1640E+02  2.5721E-01  1.0971E-01
  3.1671E+02  2.5709E-01  1.0978E-01
  3.1702E+02  2.5697E-01  1.0984E-01
  3.1732E+02  2.5686E-01  1.0991E-01
  3.1763E+02  2.5674E-01  1.0997E-01
  3.1793E+02  2.5663E-01  1.1004E-01
  3.1824E+02  2.5651E-01  1.1011E-01
  3.1855E+02  2.5639E-01  1.1017E-01
  3.1885E+02  2.5628E-01  1.1024E-01
  3.1916E+02  2.5616E-01  1.1030E-01
  3.1946E+02  2.5604E-01  1.1037E-01
  3.1977E+02  2.5593E-01  1.1043E-01
  3.2008E+02  2.5581E-01  1.1050E-01
  3.2038E+02  2.5570E-01  1.1057E-01
  3.2069E+02  2.5558E-01  1.1063E-01
  3.2099E+02  2.5546E-01  1.1070E-01
  3.2130E+02  2.5535E-01  1.1076E-01
  3.2161E+02  2.5523E-01  1.1083E-01
  3.2191E+02  2.5512E-01  1.1089E-01
  3.2222E+02  2.5500E-01  1.1096E-01
  3.2252E+02  2.5489E-01  1.1102E-01
  3.2283E+02  2.5477E-01  1.1109E-01
  3.2314E+02  2.5465E-01  1.1115E-01
  3.2344E+02  2.5454E-01  1.1122E-01
  3.2375E+02  2.5442E-01  1.1128E-01
  3.2405E+02  2.5431E-01  1.1135E-01
  3.2436E+02  2.5419E-01  1.1141E-01
  3.2467E+02  2.5408E-01  1.1148E-01
  3.2497E+02  2.5396E-01  1.1154E-01
  3.2528E+02  2.5384E-01  1.1161E-01
  3.2558E+02  2.5373E-01  1.1167E-01
  3.2589E+02  2.5361E-01  1.1174E-01
  3.2620E+02  2.5350E-01  1.1180E-01
  3.2650E+02  2.5338E-01  1.1187E-01
  3.2681E+02  2.5327E-01  1.1193E-01
  3.2711E+02  2.5315E-01  1.1200E-01
  3.2742E+02  2.5304E-01  1.1206E-01
  3.2773E+02  2.5292E-01  1.1213E-01
  3.2803E+02  2.5281E-01  1.1219E-01
  3.2834E+02  2.5269E-01  1.1225E-01
  3.2864E+02  2.5258E-01  1.1232E-01
  3.2895E+02  2.5246E-01  1.1238E-01
  3.2926E+02  2.5235E-01  1.1245E-01
  3.2956E+02  2.5223E-01  1.1251E-01
  3.2987E+02  2.5212E-01  1.1257E-01
  3.3017E+02  2.5200E-01  1.1264E-01
  3.3048E+02  2.5189E-01  1.1270E-01
  3.3079E+02  2.5177E-01  1.1277E-01
  3.3109E+02  2.5166E-01  1.1283E-01
  3.3140E+02  2.5154E-01  1.1289E-01
  3.3170E+02  2.5143E-01  1.1296E-01
  3.3201E+02  2.5131E-01  1.1302E-01
  3.3232E+02  2.5120E-01  1.1308E-01
  3.3262E+02  2.5108E-01  1.1315E-01
  3.3293E+02  2.5097E-01  1.1321E-01
  3.3323E+02  2.5085E-01  1.1327E-01
  3.3354E+02  2.5074E-01  1.1334E-01
  3.3385E+02  2.5062E-01  1.1340E-01
  3.3415E+02  2.5051E-01  1.1346E-01
  3.3446E+02  2.5039E-01  1.1353E-01
  3.3476E+02  2.5028E-01  1.1359E-01
  3.3507E+02  2.5016E-01  1.1365E-01
  3.3538E+02  2.5005E-01  1.1372E-01
  3.3568E+02  2.4994E-01  1.1378E-01
  3.3599E+02  2.4982E-01  1.1384E-01
  3.3629E+02  2.4971E-01  1.1390E-01
  3.3660E+02  2.4959E-01  1.1397E-01
  3.3691E+02  2.4948E-01  1.1403E-01
  3.3721E+02  2.4936E-01  1.1409E-01
  3.3752E+02  2.4925E-01  1.1416E-01
  3.3782E+02  2.4914E-01  1.1422E-01
  3.3813E+02  2.4902E-01  1.1428E-01
  3.3844E+02  2.4891E-01  1.1434E-01
  3.3874E+02  2.4879E-01  1.1441E-01
  3.3905E+02  2.4868E-01  1.1447E-01
  3.3935E+02  2.4856E-01  1.1453E-01
  3.3966E+02  2.4845E-01  1.1459E-01
  3.3997E+02  2.4834E-01  1.1465E-01
  3.4027E+02  2.4822E-01  1.1472E-01
  3.4058E+02  2.4811E-01  1.1478E-01
  3.4088E+02  2.4799E-01  1.1484E-01
  3.4119E+02  2.4788E-01  1.1490E-01
  3.4150E+02  2.4776E-01  1.1496E-01
  3.4180E+02  2.4765E-01  1.1503E-01
  3.4211E+02  2.4754E-01  1.1509E-01
  3.4241E+02  2.4742E-01  1.1515E-01
  3.4272E+02  2.4731E-01  1.1521E-01
  3.4303E+02  2.4719E-01  1.1527E-01
  3.4333E+02  2.4708E-01  1.1533E-01
  3.4364E+02  2.4697E-01  1.1540E-01
  3.4394E+02  2.4685E-01  1.1546E-01
  3.4425E+02  2.4674E-01  1.1552E-01
  3.4456E+02  2.4663E-01  1.1558E-01
  3.4486E+02  2.4651E-01  1.1564E-01
  3.4517E+02  2.4640E-01  1.1570E-01
  3.4547E+02  2.4628E-01  1.1576E-01
  3.4578E+02  2.4617E-01  1.1582E-01
  3.4609E+02  2.4606E-01  1.1589E-01
  3.4639E+02  2.4594E-01  1.1595E-01
  3.4670E+02  2.4583E-01  1.1601E-01
  3.4700E+02  2.4572E-01  1.1607E-01
  3.4731E+02  2.4560E-01  1.1613E-01
  3.4762E+02  2.4549E-01  1.1619E-01
  3.4792E+02  2.4538E-01  1.1625E-01
  3.4823E+02  2.4526E-01  1.1631E-01
  3.4853E+02  2.4515E-01  1.1637E-01
  3.4884E+02  2.4503E-01  1.1643E-01
  3.4915E+02  2.4492E-01  1.1649E-01
  3.4945E+02  2.4481E-01  1.1655E-01
  3.4976E+02  2.4469E-01  1.1661E-01
  3.5006E+02  2.4458E-01  1.1667E-01
  3.5037E+02  2.4447E-01  1.1674E-01
  3.5068E+02  2.4435E-01  1.1680E-01
  3.5098E+02  2.4424E-01  1.1686E-01
  3.5129E+02  2.4413E-01  1.1692E-01
  3.5159E+02  2.4401E-01  1.1698E-01
  3.5190E+02  2.4390E-01  1.1704E-01
  3.5221E+02  2.4379E-01  1.1710E-01
  3.5251E+02  2.4368E-01  1.1716E-01
  3.5282E+02  2.4356E-01  1.1722E-01
  3.5312E+02  2.4345E-01  1.1728E-01
  3.5343E+02  2.4334E-01  1.1734E-01
  3.5374E+02  2.4322E-01  1.1740E-01
  3.5404E+02  2.4311E-01  1.1745E-01
  3.5435E+02  2.4300E-01  1.1751E-01
  3.5465E+02  2.4288E-01  1.1757E-01
  3.5496E+02  2.4277E-01  1.1763E-01
  3.5527E+02  2.4266E-01  1.1769E-01
  3.5557E+02  2.4254E-01  1.1775E-01
  3.5588E+02  2.4243E-01  1.1781E-01
  3.5618E+02  2.4232E-01  1.1787E-01
  3.5649E+02  2.4221E-01  1.1793E-01
  3.5680E+02  2.4209E-01  1.1799E-01
  3.5710E+02  2.4198E-01  1.1805E-01
  3.5741E+02  2.4187E-01  1.1811E-01
  3.5771E+02  2.4175E-01  1.1817E-01
  3.5802E+02  2.4164E-01  1.1823E-01
  3.5833E+02  2.4153E-01  1.1829E-01
  3.5863E+02  2.4142E-01  1.1834E-01
  3.5894E+02  2.4130E-01  1.1840E-01
  3.5924E+02  2.4119E-01  1.1846E-01
  3.5955E+02  2.4108E-01  1.1852E-01
  3.5986E+02  2.4097E-01  1.1858E-01
  3.6016E+02  2.4085E-01  1.1864E-01
  3.6047E+02  2.4074E-01  1.1870E-01
  3.6077E+02  2.4063E-01  1.1875E-01
  3.6108E+02  2.4052E-01  1.1881E-01
  3.6139E+02  2.4040E-01  1.1887E-01
  3.6169E+02  2.4029E-01  1.1893E-01
  3.6200E+02  2.4018E-01  1.1899E-01
  3.6230E+02  2.4007E-01  1.1905E-01
  3.6261E+02  2.3995E-01  1.1910E-01
  3.6292E+02  2.3984E-01  1.1916E-01
  3.6322E+02  2.3973E-01  1.1922E-01
  3.6353E+02  2.3962E-01  1.1928E-01
  3.6383E+02  2.3950E-01  1.1934E-01
  3.6414E+02  2.3939E-01  1.1939E-01
  3.6445E+02  2.3928E-01  1.1945E-01
  3.6475E+02  2.3917E-01  1.1951E-01
  3.6506E+02  2.3905E-01  1.1957E-01
  3.6536E+02  2.3894E-01  1.1963E-01
  3.6567E+02  2.3883E-01  1.1968E-01
  3.6598E+02  2.3872E-01  1.1974E-01
  3.6628E+02  2.3861E-01  1.1980E-01
  3.6659E+02  2.3849E-01  1.1986E-01
  3.6689E+02  2.3838E-01  1.1991E-01
  3.6720E+02  2.3827E-01  1.1997E-01
  3.6751E+02  2.3816E-01  1.2003E-01
  3.6781E+02  2.3805E-01  1.2009E-01
  3.6812E+02  2.3793E-01  1.2014E-01
  3.6842E+02  2.3782E-01  1.2020E-01
  3.6873E+02  2.3771E-01  1.2026E-01
  3.6904E+02  2.3760E-01  1.2031E-01
  3.6934E+02  2.3748E-01  1.2037E-01
  3.6965E+02  2.3737E-01  1.2043E-01
  3.6995E+02  2.3726E-01  1.2049E-01
  3.7026E+02  2.3715E-01  1.2054E-01
  3.7057E+02  2.3704E-01  1.2060E-01
  3.7087E+02  2.3693E-01  1.2066E-01
  3.7118E+02  2.3681E-01  1.2071E-01
  3.7148E+02  2.3670E-01  1.2077E-01
  3.7179E+02  2.3659E-01  1.2083E-01
  3.7210E+02  2.3648E-01  1.2088E-01
  3.7240E+02  2.3637E-01  1.2094E-01
  3.7271E+02  2.3625E-01  1.2099E-01
  3.7301E+02  2.3614E-01  1.2105E-01
  3.7332E+02  2.3603E-01  1.2111E-01
  3.7363E+02  2.3592E-01  1.2116E-01
  3.7393E+02  2.3581E-01  1.2122E-01
  3.7424E+02  2.3570E-01  1.2128E-01
  3.7454E+02  2.3558E-01  1.2133E-01
  3.7485E+02  2.3547E-01  1.2139E-01
  3.7516E+02  2.3536E-01  1.2144E-01
  3.7546E+02  2.3525E-01  1.2150E-01
  3.7577E+02  2.3514E-01  1.2156E-01
  3.7607E+02  2.3503E-01  1.2161E-01
  3.7638E+02  2.3492E-01  1.2167E-01
  3.7669E+02  2.3480E-01  1.2172E-01
  3.7699E+02  2.3469E-01  1.2178E-01
  3.7730E+02  2.3458E-01  1.2184E-01
  3.7760E+02  2.3447E-01  1.2189E-01
  3.7791E+02  2.3436E-01  1.2195E-01
  3.7822E+02  2.3425E-01  1.2200E-01
  3.7852E+02  2.3414E-01  1.2206E-01
  3.7883E+02  2.3402E-01  1.2211E-01
  3.7913E+02  2.3391E-01  1.2217E-01
  3.7944E+02  2.3380E-01  1.2222E-01
  3.7975E+02  2.3369E-01  1.2228E-01
  3.8005E+02  2.3358E-01  1.2233E-01
  3.8036E+02  2.3347E-01  1.2239E-01
  3.8066E+02  2.3336E-01  1.2244E-01
  3.8097E+02  2.3325E-01  1.2250E-01
  3.8128E+02  2.3314E-01  1.2255E-01
  3.8158E+02  2.3302E-01  1.2261E-01
  3.8189E+02  2.3291E-01  1.2266E-01
  3.8219E+02  2.3280E-01  1.2272E-01
  3.8250E+02  2.3269E-01  1.2277E-01
  3.8281E+02  2.3258E-01  1.2283E-01
  3.8311E+02  2.3247E-01  1.2288E-01
  3.8342E+02  2.3236E-01  1.2294E-01
  3.8372E+02  2.3225E-01  1.2299E-01
  3.8403E+02  2.3214E-01  1.2305E-01
  3.8434E+02  2.3202E-01  1.2310E-01
  3.8464E+02  2.3191E-01  1.2316E-01
  3.8495E+02  2.3180E-01  1.2321E-01
  3.8525E+02  2.3169E-01  1.2326E-01
  3.8556E+02  2.3158E-01  1.2332E-01
  3.8587E+02  2.3147E-01  1.2337E-01
  3.8617E+02  2.3136E-01  1.2343E-01
  3.8648E+02  2.3125E-01  1.2348E-01
  3.8678E+02  2.3114E-01  1.2353E-01
  3.8709E+02  2.3103E-01  1.2359E-01
  3.8740E+02  2.3092E-01  1.2364E-01
  3.8770E+02  2.3081E-01  1.2370E-01
  3.8801E+02  2.3070E-01  1.2375E-01
  3.8831E+02  2.3058E-01  1.2380E-01
  3.8862E+02  2.3047E-01  1.2386E-01
  3.8893E+02  2.3036E-01  1.2391E-01
  3.8923E+02  2.3025E-01  1.2397E-01
  3.8954E+02  2.3014E-01  1.2402E-01
  3.8984E+02  2.3003E-01  1.2407E-01
  3.9015E+02  2.2992E-01  1.2413E-01
  3.9046E+02  2.2981E-01  1.2418E-01
  3.9076E+02  2.2970E-01  1.2423E-01
  3.9107E+02  2.2959E-01  1.2429E-01
  3.9137E+02  2.2948E-01  1.2434E-01
  3.9168E+02  2.2937E-01  1.2439E-01
  3.9199E+02  2.2926E-01  1.2445E-01
  3.9229E+02  2.2915E-01  1.2450E-01
  3.9260E+02  2.2904E-01  1.2455E-01
  3.9290E+02  2.2893E-01  1.2460E-01
  3.9321E+02  2.2882E-01  1.2466E-01
  3.9352E+02  2.2871E-01  1.2471E-01
  3.9382E+02  2.2860E-01  1.2476E-01
  3.9413E+02  2.2849E-01  1.2482E-01
  3.9443E+02  2.2837E-01  1.2487E-01
  3.9474E+02  2.2826E-01  1.2492E-01
  3.9505E+02  2.2815E-01  1.2497E-01
  3.9535E+02  2.2804E-01  1.2503E-01
  3.9566E+02  2.2793E-01  1.2508E-01
  3.9596E+02  2.2782E-01  1.2513E-01
  3.9627E+02  2.2771E-01  1.2518E-01
  3.9658E+02  2.2760E-01  1.2524E-01
  3.9688E+02  2.2749E-01  1.2529E-01
  3.9719E+02  2.2738E-01  1.2534E-01
  3.9749E+02  2.2727E-01  1.2539E-01
  3.9780E+02  2.2716E-01  1.2545E-01
  3.9811E+02  2.2705E-01  1.2550E-01
  3.9841E+02  2.2694E-01  1.2555E-01
  3.9872E+02  2.2683E-01  1.2560E-01
  3.9902E+02  2.2672E-01  1.2565E-01
  3.9933E+02  2.2661E-01  1.2571E-01
  3.9964E+02  2.2650E-01  1.2576E-01
  3.9994E+02  2.2639E-01  1.2581E-01
  4.0025E+02  2.2628E-01  1.2586E-01
  4.0055E+02  2.2617E-01  1.2591E-01
  4.0086E+02  2.2606E-01  1.2596E-01
  4.0117E+02  2.2595E-01  1.2602E-01
  4.0147E+02  2.2584E-01  1.2607E-01
  4.0178E+02  2.2573E-01  1.2612E-01
  4.0208E+02  2.2562E-01  1.2617E-01
  4.0239E+02  2.2551E-01  1.2622E-01
  4.0270E+02  2.2540E-01  1.2627E-01
  4.0300E+02  2.2530E-01  1.2632E-01
  4.0331E+02  2.2519E-01  1.2638E-01
  4.0361E+02  2.2508E-01  1.2643E-01
  4.0392E+02  2.2497E-01  1.2648E-01
  4.0423E+02  2.2486E-01  1.2653E-01
  4.0453E+02  2.2475E-01  1.2658E-01
  4.0484E+02  2.2464E-01  1.2663E-01
  4.0514E+02  2.2453E-01  1.2668E-01
  4.0545E+02  2.2442E-01  1.2673E-01
  4.0576E+02  2.2431E-01  1.2678E-01
  4.0606E+02  2.2420E-01  1.2684E-01
  4.0637E+02  2.2409E-01  1.2689E-01
  4.0667E+02  2.2398E-01  1.2694E-01
  4.0698E+02  2.2387E-01  1.2699E-01
  4.0729E+02  2.2376E-01  1.2704E-01
  4.0759E+02  2.2365E-01  1.2709E-01
  4.0790E+02  2.2354E-01  1.2714E-01
  4.0820E+02  2.2343E-01  1.2719E-01
  4.0851E+02  2.2332E-01  1.2724E-01
  4.0882E+02  2.2321E-01  1.2729E-01
  4.0912E+02  2.2310E-01  1.2734E-01
  4.0943E+02  2.2299E-01  1.2739E-01
  4.0973E+02  2.2289E-01  1.2744E-01
  4.1004E+02  2.2278E-01  1.2749E-01
  4.1035E+02  2.2267E-01  1.2754E-01
  4.1065E+02  2.2256E-01  1.2759E-01
  4.1096E+02  2.2245E-01  1.2764E-01
  4.1126E+02  2.2234E-01  1.2769E-01
  4.1157E+02  2.2223E-01  1.2774E-01
  4.1188E+02  2.2212E-01  1.2779E-01
  4.1218E+02  2.2201E-01  1.2784E-01
  4.1249E+02  2.2190E-01  1.2789E-01
  4.1279E+02  2.2179E-01  1.2794E-01
  4.1310E+02  2.2168E-01  1.2799E-01
  4.1341E+02  2.2158E-01  1.2804E-01
  4.1371E+02  2.2147E-01  1.2809E-01
  4.1402E+02  2.2136E-01  1.2814E-01
  4.1432E+02  2.2125E-01  1.2819E-01
  4.1463E+02  2.2114E-01  1.2824E-01
  4.1494E+02  2.2103E-01  1.2829E-01
  4.1524E+02  2.2092E-01  1.2833E-01
  4.1555E+02  2.2081E-01  1.2838E-01
  4.1585E+02  2.2070E-01  1.2843E-01
  4.1616E+02  2.2059E-01  1.2848E-01
  4.1647E+02  2.2049E-01  1.2853E-01
  4.1677E+02  2.2038E-01  1.2858E-01
  4.1708E+02  2.2027E-01  1.2863E-01
  4.1738E+02  2.2016E-01  1.2868E-01
  4.1769E+02  2.2005E-01  1.2873E-01
  4.1800E+02  2.1994E-01  1.2878E-01
  4.1830E+02  2.1983E-01  1.2882E-01
  4.1861E+02  2.1972E-01  1.2887E-01
  4.1891E+02  2.1961E-01  1.2892E-01
  4.1922E+02  2.1951E-01  1.2897E-01
  4.1953E+02  2.1940E-01  1.2902E-01
  4.1983E+02  2.1929E-01  1.2907E-01
  4.2014E+02  2.1918E-01  1.2912E-01
  4.2044E+02  2.1907E-01  1.2916E-01
  4.2075E+02  2.1896E-01  1.2921E-01
  4.2106E+02  2.1885E-01  1.2926E-01
  4.2136E+02  2.1874E-01  1.2931E-01
  4.2167E+02  2.1864E-01  1.2936E-01
  4.2197E+02  2.1853E-01  1.2941E-01
  4.2228E+02  2.1842E-01  1.2945E-01
  4.2259E+02  2.1831E-01  1.2950E-01
  4.2289E+02  2.1820E-01  1.2955E-01
  4.2320E+02  2.1809E-01  1.2960E-01
  4.2350E+02  2.1798E-01  1.2964E-01
  4.2381E+02  2.1788E-01  1.2969E-01
  4.2412E+02  2.1777E-01  1.2974E-01
  4.2442E+02  2.1766E-01  1.2979E-01
  4.2473E+02  2.1755E-01  1.2984E-01
  4.2503E+02  2.1744E-01  1.2988E-01
  4.2534E+02  2.1733E-01  1.2993E-01
  4.2565E+02  2.1723E-01  1.2998E-01
  4.2595E+02  2.1712E-01  1.3003E-01
  4.2626E+02  2.1701E-01  1.3007E-01
  4.2656E+02  2.1690E-01  1.3012E-01
  4.2687E+02  2.1679E-01  1.3017E-01
  4.2718E+02  2.1668E-01  1.3022E-01
  4.2748E+02  2.1658E-01  1.3026E-01
  4.2779E+02  2.1647E-01  1.3031E-01
  4.2809E+02  2.1636E-01  1.3036E-01
  4.2840E+02  2.1625E-01  1.3040E-01
  4.2871E+02  2.1614E-01  1.3045E-01
  4.2901E+02  2.1603E-01  1.3050E-01
  4.2932E+02  2.1593E-01  1.3054E-01
  4.2962E+02  2.1582E-01  1.3059E-01
  4.2993E+02  2.1571E-01  1.3064E-01
  4.3024E+02  2.1560E-01  1.3069E-01
  4.3054E+02  2.1549E-01  1.3073E-01
  4.3085E+02  2.1539E-01  1.3078E-01
  4.3115E+02  2.1528E-01  1.3083E-01
  4.3146E+02  2.1517E-01  1.3087E-01
  4.3177E+02  2.1506E-01  1.3092E-01
  4.3207E+02  2.1495E-01  1.3096E-01
  4.3238E+02  2.1485E-01  1.3101E-01
  4.3268E+02  2.1474E-01  1.3106E-01
  4.3299E+02  2.1463E-01  1.3110E-01
  4.3330E+02  2.1452E-01  1.3115E-01
  4.3360E+02  2.1441E-01  1.3120E-01
  4.3391E+02  2.1431E-01  1.3124E-01
  4.3421E+02  2.1420E-01  1.3129E-01
  4.3452E+02  2.1409E-01  1.3133E-01
  4.3483E+02  2.1398E-01  1.3138E-01
  4.3513E+02  2.1387E-01  1.3143E-01
  4.3544E+02  2.1377E-01  1.3147E-01
  4.3574E+02  2.1366E-01  1.3152E-01
  4.3605E+02  2.1355E-01  1.3156E-01
  4.3636E+02  2.1344E-01  1.3161E-01
  4.3666E+02  2.1334E-01  1.3166E-01
  4.3697E+02  2.1323E-01  1.3170E-01
  4.3727E+02  2.1312E-01  1.3175E-01
  4.3758E+02  2.1301E-01  1.3179E-01
  4.3789E+02  2.1291E-01  1.3184E-01
  4.3819E+02  2.1280E-01  1.3188E-01
  4.3850E+02  2.1269E-01  1.3193E-01
  4.3880E+02  2.1258E-01  1.3197E-01
  4.3911E+02  2.1247E-01  1.3202E-01
  4.3942E+02  2.1237E-01  1.3206E-01
  4.3972E+02  2.1226E-01  1.3211E-01
  4.4003E+02  2.1215E-01  1.3215E-01
  4.4033E+02  2.1204E-01  1.3220E-01
  4.4064E+02  2.1194E-01  1.3224E-01
  4.4095E+02  2.1183E-01  1.3229E-01
  4.4125E+02  2.1172E-01  1.3233E-01
  4.4156E+02  2.1161E-01  1.3238E-01
  4.4186E+02  2.1151E-01  1.3242E-01
  4.4217E+02  2.1140E-01  1.3247E-01
  4.4248E+02  2.1129E-01  1.3251E-01
  4.4278E+02  2.1118E-01  1.3256E-01
  4.4309E+02  2.1108E-01  1.3260E-01
  4.4339E+02  2.1097E-01  1.3265E-01
  4.4370E+02  2.1086E-01  1.3269E-01
  4.4401E+02  2.1076E-01  1.3274E-01
  4.4431E+02  2.1065E-01  1.3278E-01
  4.4462E+02  2.1054E-01  1.3283E-01
  4.4492E+02  2.1043E-01  1.3287E-01
  4.4523E+02  2.1033E-01  1.3291E-01
  4.4554E+02  2.1022E-01  1.3296E-01
  4.4584E+02  2.1011E-01  1.3300E-01
  4.4615E+02  2.1000E-01  1.3305E-01
  4.4645E+02  2.0990E-01  1.3309E-01
  4.4676E+02  2.0979E-01  1.3313E-01
  4.4707E+02  2.0968E-01  1.3318E-01
  4.4737E+02  2.0958E-01  1.3322E-01
  4.4768E+02  2.0947E-01  1.3327E-01
  4.4798E+02  2.0936E-01  1.3331E-01
  4.4829E+02  2.0925E-01  1.3335E-01
  4.4860E+02  2.0915E-01  1.3340E-01
  4.4890E+02  2.0904E-01  1.3344E-01
  4.4921E+02  2.0893E-01  1.3348E-01
  4.4951E+02  2.0883E-01  1.3353E-01
  4.4982E+02  2.0872E-01  1.3357E-01
  4.5013E+02  2.0861E-01  1.3362E-01
  4.5043E+02  2.0851E-01  1.3366E-01
  4.5074E+02  2.0840E-01  1.3370E-01
  4.5104E+02  2.0829E-01  1.3375E-01
  4.5135E+02  2.0818E-01  1.3379E-01
  4.5166E+02  2.0808E-01  1.3383E-01
  4.5196E+02  2.0797E-01  1.3388E-01
  4.5227E+02  2.0786E-01  1.3392E-01
  4.5257E+02  2.0776E-01  1.3396E-01
  4.5288E+02  2.0765E-01  1.3400E-01
  4.5319E+02  2.0754E-01  1.3405E-01
  4.5349E+02  2.0744E-01  1.3409E-01
  4.5380E+02  2.0733E-01  1.3413E-01
  4.5410E+02  2.0722E-01  1.3418E-01
  4.5441E+02  2.0712E-01  1.3422E-01
  4.5472E+02  2.0701E-01  1.3426E-01
  4.5502E+02  2.0690E-01  1.3430E-01
  4.5533E+02  2.0680E-01  1.3435E-01
  4.5563E+02  2.0669E-01  1.3439E-01
  4.5594E+02  2.0658E-01  1.3443E-01
  4.5625E+02  2.0648E-01  1.3447E-01
  4.5655E+02  2.0637E-01  1.3452E-01
  4.5686E+02  2.0626E-01  1.3456E-01
  4.5716E+02  2.0616E-01  1.3460E-01
  4.5747E+02  2.0605E-01  1.3464E-01
  4.5778E+02  2.0594E-01  1.3469E-01
  4.5808E+02  2.0584E-01  1.3473E-01
  4.5839E+02  2.0573E-01  1.3477E-01
  4.5869E+02  2.0562E-01  1.3481E-01
  4.5900E+02  2.0552E-01  1.3485E-01
  4.5931E+02  2.0541E-01  1.3490E-01
  4.5961E+02  2.0530E-01  1.3494E-01
  4.5992E+02  2.0520E-01  1.3498E-01
  4.6022E+02  2.0509E-01  1.3502E-01
  4.6053E+02  2.0498E-01  1.3506E-01
  4.6084E+02  2.0488E-01  1.3511E-01
  4.6114E+02  2.0477E-01  1.3515E-01
  4.6145E+02  2.0467E-01  1.3519E-01
  4.6175E+02  2.0456E-01  1.3523E-01
  4.6206E+02  2.0445E-01  1.3527E-01
  4.6237E+02  2.0435E-01  1.3531E-01
  4.6267E+02  2.0424E-01  1.3535E-01
  4.6298E+02  2.0413E-01  1.3540E-01
  4.6328E+02  2.0403E-01  1.3544E-01
  4.6359E+02  2.0392E-01  1.3548E-01
  4.6390E+02  2.0381E-01  1.3552E-01
  4.6420E+02  2.0371E-01  1.3556E-01
  4.6451E+02  2.0360E-01  1.3560E-01
  4.6481E+02  2.0350E-01  1.3564E-01
  4.6512E+02  2.0339E-01  1.3568E-01
  4.6543E+02  2.0328E-01  1.3573E-01
  4.6573E+02  2.0318E-01  1.3577E-01
  4.6604E+02  2.0307E-01  1.3581E-01
  4.6634E+02  2.0297E-01  1.3585E-01
  4.6665E+02  2.0286E-01  1.3589E-01
  4.6696E+02  2.0275E-01  1.3593E-01
  4.6726E+02  2.0265E-01  1.3597E-01
  4.6757E+02  2.0254E-01  1.3601E-01
  4.6787E+02  2.0243E-01  1.3605E-01
  4.6818E+02  2.0233E-01  1.3609E-01
  4.6849E+02  2.0222E-01  1.3613E-01
  4.6879E+02  2.0212E-01  1.3617E-01
  4.6910E+02  2.0201E-01  1.3621E-01
  4.6940E+02  2.0191E-01  1.3625E-01
  4.6971E+02  2.0180E-01  1.3629E-01
  4.7002E+02  2.0169E-01  1.3633E-01
  4.7032E+02  2.0159E-01  1.3637E-01
  4.7063E+02  2.0148E-01  1.3641E-01
  4.7093E+02  2.0138E-01  1.3645E-01
  4.7124E+02  2.0127E-01  1.3649E-01
  4.7155E+02  2.0116E-01  1.3653E-01
  4.7185E+02  2.0106E-01  1.3657E-01
  4.7216E+02  2.0095E-01  1.3661E-01
  4.7246E+02  2.0085E-01  1.3665E-01
  4.7277E+02  2.0074E-01  1.3669E-01
  4.7308E+02  2.0063E-01  1.3673E-01
  4.7338E+02  2.0053E-01  1.3677E-01
  4.7369E+02  2.0042E-01  1.3681E-01
  4.7399E+02  2.0032E-01  1.3685E-01
  4.7430E+02  2.0021E-01  1.3689E-01
  4.7461E+02  2.0011E-01  1.3693E-01
  4.7491E+02  2.0000E-01  1.3697E-01
  4.7522E+02  1.9990E-01  1.3701E-01
  4.7552E+02  1.9979E-01  1.3705E-01
  4.7583E+02  1.9968E-01  1.3709E-01
  4.7614E+02  1.9958E-01  1.3713E-01
  4.7644E+02  1.9947E-01  1.3717E-01
  4.7675E+02  1.9937E-01  1.3721E-01
  4.7705E+02  1.9926E-01  1.3725E-01
  4.7736E+02  1.9916E-01  1.3729E-01
  4.7767E+02  1.9905E-01  1.3732E-01
  4.7797E+02  1.9895E-01  1.3736E-01
  4.7828E+02  1.9884E-01  1.3740E-01
  4.7858E+02  1.9873E-01  1.3744E-01
  4.7889E+02  1.9863E-01  1.3748E-01
  4.7920E+02  1.9852E-01  1.3752E-01
  4.7950E+02  1.9842E-01  1.3756E-01
  4.7981E+02  1.9831E-01  1.3760E-01
  4.8011E+02  1.9821E-01  1.3763E-01
  4.8042E+02  1.9810E-01  1.3767E-01
  4.8073E+02  1.9800E-01  1.3771E-01
  4.8103E+02  1.9789E-01  1.3775E-01
  4.8134E+02  1.9779E-01  1.3779E-01
  4.8164E+02  1.9768E-01  1.3783E-01
  4.8195E+02  1.9758E-01  1.3787E-01
  4.8226E+02  1.9747E-01  1.3790E-01
  4.8256E+02  1.9736E-01  1.3794E-01
  4.8287E+02  1.9726E-01  1.3798E-01
  4.8317E+02  1.9715E-01  1.3802E-01
  4.8348E+02  1.9705E-01  1.3806E-01
  4.8379E+02  1.9694E-01  1.3809E-01
  4.8409E+02  1.9684E-01  1.3813E-01
  4.8440E+02  1.9673E-01  1.3817E-01
  4.8470E+02  1.9663E-01  1.3821E-01
  4.8501E+02  1.9652E-01  1.3825E-01
  4.8532E+02  1.9642E-01  1.3828E-01
  4.8562E+02  1.9631E-01  1.3832E-01
  4.8593E+02  1.9621E-01  1.3836E-01
  4.8623E+02  1.9610E-01  1.3840E-01
  4.8654E+02  1.9600E-01  1.3843E-01
  4.8685E+02  1.9589E-01  1.3847E-01
  4.8715E+02  1.9579E-01  1.3851E-01
  4.8746E+02  1.9568E-01  1.3855E-01
  4.8776E+02  1.9558E-01  1.3858E-01
  4.8807E+02  1.9547E-01  1.3862E-01
  4.8838E+02  1.9537E-01  1.3866E-01
  4.8868E+02  1.9526E-01  1.3870E-01
  4.8899E+02  1.9516E-01  1.3873E-01
  4.8929E+02  1.9505E-01  1.3877E-01
  4.8960E+02  1.9495E-01  1.3881E-01
  4.8991E+02  1.9484E-01  1.3884E-01
  4.9021E+02  1.9474E-01  1.3888E-01
  4.9052E+02  1.9463E-01  1.3892E-01
  4.9082E+02  1.9453E-01  1.3896E-01
  4.9113E+02  1.9442E-01  1.3899E-01
  4.9144E+02  1.9432E-01  1.3903E-01
  4.9174E+02  1.9422E-01  1.3907E-01
  4.9205E+02  1.9411E-01  1.3910E-01
  4.9235E+02  1.9401E-01  1.3914E-01
  4.9266E+02  1.9390E-01  1.3918E-01
  4.9297E+02  1.9380E-01  1.3921E-01
  4.9327E+02  1.9369E-01  1.3925E-01
  4.9358E+02  1.9359E-01  1.3929E-01
  4.9388E+02  1.9348E-01  1.3932E-01
  4.9419E+02  1.9338E-01  1.3936E-01
  4.9450E+02  1.9327E-01  1.3939E-01
  4.9480E+02  1.9317E-01  1.3943E-01
  4.9511E+02  1.9306E-01  1.3947E-01
  4.9541E+02  1.9296E-01  1.3950E-01
  4.9572E+02  1.9286E-01  1.3954E-01
  4.9603E+02  1.9275E-01  1.3958E-01
  4.9633E+02  1.9265E-01  1.3961E-01
  4.9664E+02  1.9254E-01  1.3965E-01
  4.9694E+02  1.9244E-01  1.3968E-01
  4.9725E+02  1.9233E-01  1.3972E-01
  4.9756E+02  1.9223E-01  1.3975E-01
  4.9786E+02  1.9212E-01  1.3979E-01
  4.9817E+02  1.9202E-01  1.3983E-01
  4.9847E+02  1.9191E-01  1.3986E-01
  4.9878E+02  1.9181E-01  1.3990E-01
  4.9909E+02  1.9171E-01  1.3993E-01
  4.9939E+02  1.9160E-01  1.3997E-01
  4.9970E+02  1.9150E-01  1.4000E-01
  5.0000E+02  1.9139E-01  1.4004E-01
