# CREATED BY GENE DIAGNOSTICS TOOL on Thu Jun 14 14:12:05 2018
# diag: GAMDIAG, run(s): 0010, time window: 0-500(1775 steps), species: ions
# normalization: L_ref=1.2115m
#
# xind= 0, x/a= Infinity, q= 0.9505375
# Fit:    1,0.25995323,3.134726
# Analytic: 1,0.25995323,3.134726
#  t          Re[phi]     Im[phi]   
  0.0000E+00  9.9999E-01  0.0000E+00
  2.8200E-01  9.9494E-01  4.2306E-04
  5.6400E-01  9.8022E-01  8.4062E-04
  8.4600E-01  9.5699E-01  1.2433E-03
  1.1280E+00  9.2683E-01  1.6194E-03
  1.4100E+00  8.9153E-01  1.9584E-03
  1.6920E+00  8.5282E-01  2.2532E-03
  1.9740E+00  8.1224E-01  2.5007E-03
  2.2560E+00  7.7111E-01  2.7018E-03
  2.5380E+00  7.3050E-01  2.8608E-03
  2.8200E+00  6.9122E-01  2.9850E-03
  3.1020E+00  6.5392E-01  3.0834E-03
  3.3840E+00  6.1905E-01  3.1671E-03
  3.6660E+00  5.8692E-01  3.2482E-03
  3.9480E+00  5.5776E-01  3.3397E-03
  4.2300E+00  5.3170E-01  3.4539E-03
  4.5120E+00  5.0878E-01  3.6011E-03
  4.7940E+00  4.8901E-01  3.7881E-03
  5.0760E+00  4.7234E-01  4.0172E-03
  5.3580E+00  4.5867E-01  4.2868E-03
  5.6400E+00  4.4788E-01  4.5913E-03
  5.9220E+00  4.3981E-01  4.9225E-03
  6.2040E+00  4.3428E-01  5.2704E-03
  6.4860E+00  4.3107E-01  5.6244E-03
  6.7680E+00  4.2994E-01  5.9739E-03
  7.0500E+00  4.3062E-01  6.3090E-03
  7.3320E+00  4.3284E-01  6.6210E-03
  7.6140E+00  4.3631E-01  6.9028E-03
  7.8960E+00  4.4075E-01  7.1490E-03
  8.1780E+00  4.4587E-01  7.3559E-03
  8.4600E+00  4.5142E-01  7.5216E-03
  8.7420E+00  4.5714E-01  7.6460E-03
  9.0240E+00  4.6283E-01  7.7302E-03
  9.3060E+00  4.6829E-01  7.7764E-03
  9.5880E+00  4.7337E-01  7.7885E-03
  9.8700E+00  4.7793E-01  7.7712E-03
  1.0152E+01  4.8190E-01  7.7297E-03
  1.0434E+01  4.8521E-01  7.6701E-03
  1.0716E+01  4.8782E-01  7.5987E-03
  1.0998E+01  4.8973E-01  7.5217E-03
  1.1280E+01  4.9096E-01  7.4443E-03
  1.1562E+01  4.9153E-01  7.3710E-03
  1.1844E+01  4.9149E-01  7.3061E-03
  1.2126E+01  4.9091E-01  7.2538E-03
  1.2408E+01  4.8985E-01  7.2174E-03
  1.2690E+01  4.8838E-01  7.1994E-03
  1.2972E+01  4.8659E-01  7.2012E-03
  1.3254E+01  4.8453E-01  7.2226E-03
  1.3536E+01  4.8228E-01  7.2631E-03
  1.3818E+01  4.7989E-01  7.3217E-03
  1.4100E+01  4.7743E-01  7.3986E-03
  1.4382E+01  4.7495E-01  7.4933E-03
  1.4664E+01  4.7249E-01  7.6041E-03
  1.4946E+01  4.7009E-01  7.7277E-03
  1.5228E+01  4.6777E-01  7.8598E-03
  1.5510E+01  4.6556E-01  7.9971E-03
  1.5792E+01  4.6347E-01  8.1381E-03
  1.6074E+01  4.6150E-01  8.2823E-03
  1.6356E+01  4.5967E-01  8.4297E-03
  1.6638E+01  4.5797E-01  8.5791E-03
  1.6920E+01  4.5642E-01  8.7281E-03
  1.7202E+01  4.5499E-01  8.8741E-03
  1.7484E+01  4.5367E-01  9.0150E-03
  1.7766E+01  4.5246E-01  9.1507E-03
  1.8048E+01  4.5135E-01  9.2828E-03
  1.8330E+01  4.5034E-01  9.4136E-03
  1.8612E+01  4.4945E-01  9.5432E-03
  1.8894E+01  4.4865E-01  9.6692E-03
  1.9176E+01  4.4791E-01  9.7870E-03
  1.9458E+01  4.4719E-01  9.8929E-03
  1.9740E+01  4.4647E-01  9.9869E-03
  2.0022E+01  4.4575E-01  1.0074E-02
  2.0304E+01  4.4505E-01  1.0160E-02
  2.0586E+01  4.4438E-01  1.0252E-02
  2.0868E+01  4.4375E-01  1.0354E-02
  2.1150E+01  4.4315E-01  1.0461E-02
  2.1432E+01  4.4251E-01  1.0568E-02
  2.1714E+01  4.4181E-01  1.0669E-02
  2.1996E+01  4.4104E-01  1.0760E-02
  2.2278E+01  4.4020E-01  1.0844E-02
  2.2560E+01  4.3935E-01  1.0925E-02
  2.2842E+01  4.3853E-01  1.1010E-02
  2.3124E+01  4.3777E-01  1.1104E-02
  2.3406E+01  4.3707E-01  1.1205E-02
  2.3688E+01  4.3641E-01  1.1311E-02
  2.3970E+01  4.3577E-01  1.1414E-02
  2.4252E+01  4.3512E-01  1.1509E-02
  2.4534E+01  4.3447E-01  1.1593E-02
  2.4816E+01  4.3385E-01  1.1671E-02
  2.5098E+01  4.3333E-01  1.1750E-02
  2.5380E+01  4.3297E-01  1.1841E-02
  2.5662E+01  4.3279E-01  1.1952E-02
  2.5944E+01  4.3277E-01  1.2087E-02
  2.6226E+01  4.3285E-01  1.2240E-02
  2.6508E+01  4.3292E-01  1.2402E-02
  2.6790E+01  4.3288E-01  1.2559E-02
  2.7072E+01  4.3265E-01  1.2699E-02
  2.7354E+01  4.3218E-01  1.2811E-02
  2.7636E+01  4.3149E-01  1.2896E-02
  2.7918E+01  4.3066E-01  1.2957E-02
  2.8200E+01  4.2979E-01  1.3009E-02
  2.8482E+01  4.2900E-01  1.3067E-02
  2.8764E+01  4.2840E-01  1.3147E-02
  2.9046E+01  4.2806E-01  1.3257E-02
  2.9328E+01  4.2800E-01  1.3405E-02
  2.9610E+01  4.2817E-01  1.3586E-02
  2.9892E+01  4.2849E-01  1.3794E-02
  3.0174E+01  4.2887E-01  1.4014E-02
  3.0456E+01  4.2917E-01  1.4232E-02
  3.0738E+01  4.2929E-01  1.4433E-02
  3.1020E+01  4.2915E-01  1.4604E-02
  3.1302E+01  4.2867E-01  1.4738E-02
  3.1584E+01  4.2786E-01  1.4830E-02
  3.1866E+01  4.2673E-01  1.4885E-02
  3.2148E+01  4.2536E-01  1.4913E-02
  3.2430E+01  4.2386E-01  1.4927E-02
  3.2712E+01  4.2234E-01  1.4943E-02
  3.2994E+01  4.2092E-01  1.4977E-02
  3.3276E+01  4.1972E-01  1.5039E-02
  3.3558E+01  4.1881E-01  1.5133E-02
  3.3840E+01  4.1822E-01  1.5260E-02
  3.4122E+01  4.1796E-01  1.5413E-02
  3.4404E+01  4.1802E-01  1.5584E-02
  3.4686E+01  4.1833E-01  1.5761E-02
  3.4968E+01  4.1882E-01  1.5934E-02
  3.5250E+01  4.1940E-01  1.6089E-02
  3.5532E+01  4.1997E-01  1.6222E-02
  3.5814E+01  4.2046E-01  1.6328E-02
  3.6096E+01  4.2081E-01  1.6411E-02
  3.6378E+01  4.2099E-01  1.6479E-02
  3.6660E+01  4.2098E-01  1.6541E-02
  3.6942E+01  4.2079E-01  1.6605E-02
  3.7224E+01  4.2044E-01  1.6679E-02
  3.7506E+01  4.1996E-01  1.6768E-02
  3.7788E+01  4.1940E-01  1.6877E-02
  3.8070E+01  4.1883E-01  1.7004E-02
  3.8352E+01  4.1830E-01  1.7146E-02
  3.8634E+01  4.1786E-01  1.7296E-02
  3.8916E+01  4.1753E-01  1.7444E-02
  3.9198E+01  4.1734E-01  1.7585E-02
  3.9480E+01  4.1731E-01  1.7713E-02
  3.9762E+01  4.1743E-01  1.7830E-02
  4.0044E+01  4.1772E-01  1.7940E-02
  4.0326E+01  4.1819E-01  1.8052E-02
  4.0608E+01  4.1880E-01  1.8170E-02
  4.0890E+01  4.1954E-01  1.8302E-02
  4.1172E+01  4.2037E-01  1.8451E-02
  4.1454E+01  4.2124E-01  1.8618E-02
  4.1736E+01  4.2210E-01  1.8804E-02
  4.2018E+01  4.2290E-01  1.9004E-02
  4.2300E+01  4.2357E-01  1.9213E-02
  4.2582E+01  4.2406E-01  1.9423E-02
  4.2864E+01  4.2432E-01  1.9623E-02
  4.3146E+01  4.2431E-01  1.9802E-02
  4.3428E+01  4.2401E-01  1.9949E-02
  4.3710E+01  4.2341E-01  2.0057E-02
  4.3992E+01  4.2254E-01  2.0125E-02
  4.4274E+01  4.2147E-01  2.0154E-02
  4.4556E+01  4.2026E-01  2.0152E-02
  4.4838E+01  4.1900E-01  2.0128E-02
  4.5120E+01  4.1776E-01  2.0094E-02
  4.5402E+01  4.1660E-01  2.0058E-02
  4.5684E+01  4.1559E-01  2.0031E-02
  4.5966E+01  4.1476E-01  2.0020E-02
  4.6248E+01  4.1415E-01  2.0031E-02
  4.6530E+01  4.1376E-01  2.0069E-02
  4.6812E+01  4.1362E-01  2.0137E-02
  4.7094E+01  4.1369E-01  2.0234E-02
  4.7376E+01  4.1395E-01  2.0358E-02
  4.7658E+01  4.1436E-01  2.0505E-02
  4.7940E+01  4.1487E-01  2.0665E-02
  4.8222E+01  4.1543E-01  2.0830E-02
  4.8504E+01  4.1599E-01  2.0991E-02
  4.8786E+01  4.1654E-01  2.1144E-02
  4.9068E+01  4.1705E-01  2.1289E-02
  4.9350E+01  4.1753E-01  2.1429E-02
  4.9632E+01  4.1798E-01  2.1571E-02
  4.9914E+01  4.1841E-01  2.1718E-02
  5.0196E+01  4.1881E-01  2.1874E-02
  5.0478E+01  4.1915E-01  2.2036E-02
  5.0760E+01  4.1942E-01  2.2201E-02
  5.1042E+01  4.1960E-01  2.2365E-02
  5.1324E+01  4.1968E-01  2.2523E-02
  5.1606E+01  4.1965E-01  2.2675E-02
  5.1888E+01  4.1954E-01  2.2824E-02
  5.2170E+01  4.1938E-01  2.2973E-02
  5.2452E+01  4.1916E-01  2.3126E-02
  5.2734E+01  4.1891E-01  2.3284E-02
  5.3016E+01  4.1862E-01  2.3446E-02
  5.3298E+01  4.1826E-01  2.3606E-02
  5.3580E+01  4.1782E-01  2.3758E-02
  5.3862E+01  4.1727E-01  2.3894E-02
  5.4144E+01  4.1659E-01  2.4005E-02
  5.4426E+01  4.1577E-01  2.4085E-02
  5.4708E+01  4.1481E-01  2.4130E-02
  5.4990E+01  4.1372E-01  2.4140E-02
  5.5272E+01  4.1255E-01  2.4117E-02
  5.5554E+01  4.1134E-01  2.4071E-02
  5.5836E+01  4.1016E-01  2.4012E-02
  5.6118E+01  4.0906E-01  2.3952E-02
  5.6400E+01  4.0808E-01  2.3901E-02
  5.6682E+01  4.0727E-01  2.3865E-02
  5.6964E+01  4.0662E-01  2.3849E-02
  5.7246E+01  4.0614E-01  2.3855E-02
  5.7528E+01  4.0583E-01  2.3882E-02
  5.7810E+01  4.0567E-01  2.3929E-02
  5.8092E+01  4.0564E-01  2.3996E-02
  5.8374E+01  4.0574E-01  2.4080E-02
  5.8656E+01  4.0595E-01  2.4182E-02
  5.8938E+01  4.0626E-01  2.4302E-02
  5.9220E+01  4.0668E-01  2.4444E-02
  5.9502E+01  4.0719E-01  2.4610E-02
  5.9784E+01  4.0778E-01  2.4801E-02
  6.0066E+01  4.0846E-01  2.5019E-02
  6.0348E+01  4.0919E-01  2.5261E-02
  6.0630E+01  4.0995E-01  2.5523E-02
  6.0912E+01  4.1071E-01  2.5797E-02
  6.1194E+01  4.1144E-01  2.6075E-02
  6.1476E+01  4.1210E-01  2.6347E-02
  6.1758E+01  4.1265E-01  2.6605E-02
  6.2040E+01  4.1307E-01  2.6840E-02
  6.2322E+01  4.1333E-01  2.7045E-02
  6.2604E+01  4.1341E-01  2.7216E-02
  6.2886E+01  4.1333E-01  2.7349E-02
  6.3168E+01  4.1308E-01  2.7446E-02
  6.3450E+01  4.1268E-01  2.7509E-02
  6.3732E+01  4.1217E-01  2.7541E-02
  6.4014E+01  4.1159E-01  2.7548E-02
  6.4296E+01  4.1096E-01  2.7537E-02
  6.4578E+01  4.1032E-01  2.7514E-02
  6.4860E+01  4.0970E-01  2.7486E-02
  6.5142E+01  4.0914E-01  2.7459E-02
  6.5424E+01  4.0863E-01  2.7438E-02
  6.5706E+01  4.0822E-01  2.7428E-02
  6.5988E+01  4.0790E-01  2.7435E-02
  6.6270E+01  4.0769E-01  2.7464E-02
  6.6552E+01  4.0760E-01  2.7518E-02
  6.6834E+01  4.0762E-01  2.7601E-02
  6.7116E+01  4.0775E-01  2.7712E-02
  6.7398E+01  4.0798E-01  2.7850E-02
  6.7680E+01  4.0831E-01  2.8015E-02
  6.7962E+01  4.0870E-01  2.8204E-02
  6.8244E+01  4.0917E-01  2.8416E-02
  6.8526E+01  4.0969E-01  2.8650E-02
  6.8808E+01  4.1026E-01  2.8906E-02
  6.9090E+01  4.1086E-01  2.9183E-02
  6.9372E+01  4.1148E-01  2.9478E-02
  6.9654E+01  4.1211E-01  2.9786E-02
  6.9936E+01  4.1271E-01  3.0103E-02
  7.0218E+01  4.1327E-01  3.0419E-02
  7.0500E+01  4.1376E-01  3.0725E-02
  7.0782E+01  4.1413E-01  3.1011E-02
  7.1064E+01  4.1437E-01  3.1270E-02
  7.1346E+01  4.1443E-01  3.1493E-02
  7.1628E+01  4.1429E-01  3.1674E-02
  7.1910E+01  4.1393E-01  3.1806E-02
  7.2192E+01  4.1332E-01  3.1883E-02
  7.2474E+01  4.1245E-01  3.1901E-02
  7.2756E+01  4.1131E-01  3.1860E-02
  7.3038E+01  4.0993E-01  3.1762E-02
  7.3320E+01  4.0834E-01  3.1617E-02
  7.3602E+01  4.0658E-01  3.1438E-02
  7.3884E+01  4.0471E-01  3.1238E-02
  7.4166E+01  4.0278E-01  3.1032E-02
  7.4448E+01  4.0085E-01  3.0831E-02
  7.4730E+01  3.9897E-01  3.0646E-02
  7.5012E+01  3.9718E-01  3.0484E-02
  7.5294E+01  3.9551E-01  3.0350E-02
  7.5576E+01  3.9399E-01  3.0249E-02
  7.5858E+01  3.9267E-01  3.0185E-02
  7.6140E+01  3.9155E-01  3.0162E-02
  7.6422E+01  3.9066E-01  3.0182E-02
  7.6704E+01  3.9000E-01  3.0246E-02
  7.6986E+01  3.8956E-01  3.0351E-02
  7.7268E+01  3.8934E-01  3.0493E-02
  7.7550E+01  3.8932E-01  3.0667E-02
  7.7832E+01  3.8948E-01  3.0869E-02
  7.8114E+01  3.8980E-01  3.1092E-02
  7.8396E+01  3.9027E-01  3.1333E-02
  7.8678E+01  3.9088E-01  3.1590E-02
  7.8960E+01  3.9162E-01  3.1864E-02
  7.9242E+01  3.9247E-01  3.2155E-02
  7.9524E+01  3.9342E-01  3.2461E-02
  7.9806E+01  3.9446E-01  3.2782E-02
  8.0088E+01  3.9557E-01  3.3114E-02
  8.0370E+01  3.9671E-01  3.3450E-02
  8.0652E+01  3.9785E-01  3.3783E-02
  8.0934E+01  3.9896E-01  3.4104E-02
  8.1216E+01  4.0002E-01  3.4404E-02
  8.1498E+01  4.0097E-01  3.4674E-02
  8.1780E+01  4.0182E-01  3.4907E-02
  8.2062E+01  4.0253E-01  3.5099E-02
  8.2344E+01  4.0310E-01  3.5249E-02
  8.2626E+01  4.0353E-01  3.5360E-02
  8.2908E+01  4.0384E-01  3.5438E-02
  8.3190E+01  4.0404E-01  3.5489E-02
  8.3472E+01  4.0416E-01  3.5523E-02
  8.3754E+01  4.0421E-01  3.5549E-02
  8.4036E+01  4.0419E-01  3.5572E-02
  8.4318E+01  4.0413E-01  3.5599E-02
  8.4600E+01  4.0403E-01  3.5633E-02
  8.4882E+01  4.0388E-01  3.5673E-02
  8.5164E+01  4.0367E-01  3.5720E-02
  8.5446E+01  4.0342E-01  3.5771E-02
  8.5728E+01  4.0311E-01  3.5824E-02
  8.6010E+01  4.0275E-01  3.5876E-02
  8.6292E+01  4.0234E-01  3.5926E-02
  8.6574E+01  4.0187E-01  3.5972E-02
  8.6856E+01  4.0137E-01  3.6014E-02
  8.7138E+01  4.0084E-01  3.6054E-02
  8.7420E+01  4.0030E-01  3.6091E-02
  8.7702E+01  3.9976E-01  3.6130E-02
  8.7984E+01  3.9924E-01  3.6172E-02
  8.8266E+01  3.9874E-01  3.6219E-02
  8.8548E+01  3.9828E-01  3.6273E-02
  8.8830E+01  3.9787E-01  3.6335E-02
  8.9112E+01  3.9752E-01  3.6406E-02
  8.9394E+01  3.9723E-01  3.6486E-02
  8.9676E+01  3.9700E-01  3.6577E-02
  8.9958E+01  3.9684E-01  3.6679E-02
  9.0240E+01  3.9675E-01  3.6792E-02
  9.0522E+01  3.9671E-01  3.6916E-02
  9.0804E+01  3.9673E-01  3.7051E-02
  9.1086E+01  3.9681E-01  3.7199E-02
  9.1368E+01  3.9692E-01  3.7357E-02
  9.1650E+01  3.9707E-01  3.7526E-02
  9.1932E+01  3.9724E-01  3.7701E-02
  9.2214E+01  3.9742E-01  3.7879E-02
  9.2496E+01  3.9758E-01  3.8055E-02
  9.2778E+01  3.9773E-01  3.8227E-02
  9.3060E+01  3.9785E-01  3.8391E-02
  9.3342E+01  3.9793E-01  3.8544E-02
  9.3624E+01  3.9797E-01  3.8686E-02
  9.3906E+01  3.9796E-01  3.8816E-02
  9.4188E+01  3.9791E-01  3.8933E-02
  9.4470E+01  3.9782E-01  3.9039E-02
  9.4752E+01  3.9769E-01  3.9136E-02
  9.5034E+01  3.9754E-01  3.9226E-02
  9.5316E+01  3.9737E-01  3.9313E-02
  9.5598E+01  3.9720E-01  3.9398E-02
  9.5880E+01  3.9703E-01  3.9486E-02
  9.6162E+01  3.9686E-01  3.9575E-02
  9.6444E+01  3.9671E-01  3.9667E-02
  9.6726E+01  3.9656E-01  3.9758E-02
  9.7008E+01  3.9642E-01  3.9848E-02
  9.7290E+01  3.9629E-01  3.9936E-02
  9.7572E+01  3.9616E-01  4.0022E-02
  9.7854E+01  3.9603E-01  4.0108E-02
  9.8136E+01  3.9591E-01  4.0196E-02
  9.8418E+01  3.9580E-01  4.0290E-02
  9.8700E+01  3.9570E-01  4.0389E-02
  9.8982E+01  3.9560E-01  4.0495E-02
  9.9264E+01  3.9551E-01  4.0604E-02
  9.9546E+01  3.9542E-01  4.0716E-02
  9.9828E+01  3.9532E-01  4.0827E-02
  1.0011E+02  3.9522E-01  4.0938E-02
  1.0039E+02  3.9512E-01  4.1048E-02
  1.0067E+02  3.9502E-01  4.1160E-02
  1.0096E+02  3.9492E-01  4.1272E-02
  1.0124E+02  3.9481E-01  4.1387E-02
  1.0152E+02  3.9471E-01  4.1503E-02
  1.0180E+02  3.9461E-01  4.1620E-02
  1.0208E+02  3.9450E-01  4.1736E-02
  1.0237E+02  3.9439E-01  4.1851E-02
  1.0265E+02  3.9427E-01  4.1963E-02
  1.0293E+02  3.9414E-01  4.2072E-02
  1.0321E+02  3.9401E-01  4.2178E-02
  1.0349E+02  3.9387E-01  4.2281E-02
  1.0378E+02  3.9373E-01  4.2383E-02
  1.0406E+02  3.9358E-01  4.2484E-02
  1.0434E+02  3.9343E-01  4.2585E-02
  1.0462E+02  3.9328E-01  4.2685E-02
  1.0490E+02  3.9313E-01  4.2787E-02
  1.0519E+02  3.9298E-01  4.2889E-02
  1.0547E+02  3.9283E-01  4.2994E-02
  1.0575E+02  3.9269E-01  4.3102E-02
  1.0603E+02  3.9255E-01  4.3216E-02
  1.0631E+02  3.9243E-01  4.3336E-02
  1.0660E+02  3.9233E-01  4.3464E-02
  1.0688E+02  3.9224E-01  4.3599E-02
  1.0716E+02  3.9217E-01  4.3740E-02
  1.0744E+02  3.9211E-01  4.3885E-02
  1.0772E+02  3.9205E-01  4.4031E-02
  1.0801E+02  3.9199E-01  4.4173E-02
  1.0829E+02  3.9191E-01  4.4309E-02
  1.0857E+02  3.9182E-01  4.4436E-02
  1.0885E+02  3.9170E-01  4.4551E-02
  1.0913E+02  3.9155E-01  4.4655E-02
  1.0942E+02  3.9137E-01  4.4747E-02
  1.0970E+02  3.9117E-01  4.4829E-02
  1.0998E+02  3.9094E-01  4.4903E-02
  1.1026E+02  3.9070E-01  4.4972E-02
  1.1054E+02  3.9046E-01  4.5037E-02
  1.1083E+02  3.9021E-01  4.5102E-02
  1.1111E+02  3.8998E-01  4.5170E-02
  1.1139E+02  3.8975E-01  4.5240E-02
  1.1167E+02  3.8955E-01  4.5316E-02
  1.1195E+02  3.8936E-01  4.5396E-02
  1.1224E+02  3.8919E-01  4.5480E-02
  1.1252E+02  3.8903E-01  4.5567E-02
  1.1280E+02  3.8888E-01  4.5657E-02
  1.1308E+02  3.8874E-01  4.5750E-02
  1.1336E+02  3.8860E-01  4.5844E-02
  1.1365E+02  3.8847E-01  4.5939E-02
  1.1393E+02  3.8834E-01  4.6035E-02
  1.1421E+02  3.8821E-01  4.6132E-02
  1.1449E+02  3.8808E-01  4.6231E-02
  1.1477E+02  3.8795E-01  4.6332E-02
  1.1506E+02  3.8782E-01  4.6435E-02
  1.1534E+02  3.8769E-01  4.6541E-02
  1.1562E+02  3.8756E-01  4.6649E-02
  1.1590E+02  3.8742E-01  4.6758E-02
  1.1618E+02  3.8729E-01  4.6868E-02
  1.1647E+02  3.8716E-01  4.6977E-02
  1.1675E+02  3.8703E-01  4.7083E-02
  1.1703E+02  3.8689E-01  4.7188E-02
  1.1731E+02  3.8676E-01  4.7291E-02
  1.1759E+02  3.8663E-01  4.7392E-02
  1.1788E+02  3.8650E-01  4.7495E-02
  1.1816E+02  3.8639E-01  4.7600E-02
  1.1844E+02  3.8628E-01  4.7709E-02
  1.1872E+02  3.8617E-01  4.7820E-02
  1.1900E+02  3.8608E-01  4.7934E-02
  1.1929E+02  3.8598E-01  4.8050E-02
  1.1957E+02  3.8589E-01  4.8168E-02
  1.1985E+02  3.8580E-01  4.8285E-02
  1.2013E+02  3.8570E-01  4.8400E-02
  1.2041E+02  3.8560E-01  4.8513E-02
  1.2070E+02  3.8550E-01  4.8621E-02
  1.2098E+02  3.8538E-01  4.8724E-02
  1.2126E+02  3.8525E-01  4.8821E-02
  1.2154E+02  3.8512E-01  4.8914E-02
  1.2182E+02  3.8498E-01  4.9004E-02
  1.2211E+02  3.8484E-01  4.9092E-02
  1.2239E+02  3.8470E-01  4.9182E-02
  1.2267E+02  3.8457E-01  4.9274E-02
  1.2295E+02  3.8443E-01  4.9371E-02
  1.2323E+02  3.8430E-01  4.9472E-02
  1.2352E+02  3.8417E-01  4.9575E-02
  1.2380E+02  3.8403E-01  4.9680E-02
  1.2408E+02  3.8390E-01  4.9784E-02
  1.2436E+02  3.8375E-01  4.9886E-02
  1.2464E+02  3.8360E-01  4.9985E-02
  1.2493E+02  3.8344E-01  5.0081E-02
  1.2521E+02  3.8327E-01  5.0173E-02
  1.2549E+02  3.8310E-01  5.0262E-02
  1.2577E+02  3.8293E-01  5.0348E-02
  1.2605E+02  3.8275E-01  5.0431E-02
  1.2634E+02  3.8257E-01  5.0512E-02
  1.2662E+02  3.8239E-01  5.0593E-02
  1.2690E+02  3.8223E-01  5.0675E-02
  1.2718E+02  3.8207E-01  5.0760E-02
  1.2746E+02  3.8193E-01  5.0850E-02
  1.2775E+02  3.8181E-01  5.0946E-02
  1.2803E+02  3.8170E-01  5.1048E-02
  1.2831E+02  3.8160E-01  5.1157E-02
  1.2859E+02  3.8152E-01  5.1271E-02
  1.2887E+02  3.8144E-01  5.1387E-02
  1.2916E+02  3.8137E-01  5.1505E-02
  1.2944E+02  3.8129E-01  5.1622E-02
  1.2972E+02  3.8121E-01  5.1735E-02
  1.3000E+02  3.8113E-01  5.1845E-02
  1.3028E+02  3.8103E-01  5.1952E-02
  1.3057E+02  3.8093E-01  5.2055E-02
  1.3085E+02  3.8083E-01  5.2156E-02
  1.3113E+02  3.8071E-01  5.2256E-02
  1.3141E+02  3.8060E-01  5.2357E-02
  1.3169E+02  3.8048E-01  5.2457E-02
  1.3198E+02  3.8036E-01  5.2558E-02
  1.3226E+02  3.8024E-01  5.2659E-02
  1.3254E+02  3.8011E-01  5.2759E-02
  1.3282E+02  3.7998E-01  5.2859E-02
  1.3310E+02  3.7984E-01  5.2957E-02
  1.3339E+02  3.7971E-01  5.3056E-02
  1.3367E+02  3.7957E-01  5.3156E-02
  1.3395E+02  3.7943E-01  5.3256E-02
  1.3423E+02  3.7929E-01  5.3357E-02
  1.3451E+02  3.7916E-01  5.3460E-02
  1.3480E+02  3.7902E-01  5.3562E-02
  1.3508E+02  3.7888E-01  5.3664E-02
  1.3536E+02  3.7873E-01  5.3764E-02
  1.3564E+02  3.7858E-01  5.3861E-02
  1.3592E+02  3.7842E-01  5.3952E-02
  1.3621E+02  3.7825E-01  5.4038E-02
  1.3649E+02  3.7807E-01  5.4117E-02
  1.3677E+02  3.7788E-01  5.4190E-02
  1.3705E+02  3.7769E-01  5.4257E-02
  1.3733E+02  3.7749E-01  5.4321E-02
  1.3762E+02  3.7729E-01  5.4383E-02
  1.3790E+02  3.7710E-01  5.4446E-02
  1.3818E+02  3.7691E-01  5.4510E-02
  1.3846E+02  3.7674E-01  5.4578E-02
  1.3874E+02  3.7657E-01  5.4651E-02
  1.3903E+02  3.7642E-01  5.4730E-02
  1.3931E+02  3.7628E-01  5.4814E-02
  1.3959E+02  3.7616E-01  5.4905E-02
  1.3987E+02  3.7605E-01  5.5003E-02
  1.4015E+02  3.7595E-01  5.5106E-02
  1.4044E+02  3.7587E-01  5.5215E-02
  1.4072E+02  3.7579E-01  5.5329E-02
  1.4100E+02  3.7572E-01  5.5447E-02
  1.4128E+02  3.7566E-01  5.5569E-02
  1.4156E+02  3.7561E-01  5.5695E-02
  1.4185E+02  3.7556E-01  5.5824E-02
  1.4213E+02  3.7551E-01  5.5955E-02
  1.4241E+02  3.7547E-01  5.6088E-02
  1.4269E+02  3.7543E-01  5.6221E-02
  1.4297E+02  3.7538E-01  5.6353E-02
  1.4326E+02  3.7533E-01  5.6483E-02
  1.4354E+02  3.7527E-01  5.6609E-02
  1.4382E+02  3.7520E-01  5.6729E-02
  1.4410E+02  3.7511E-01  5.6843E-02
  1.4438E+02  3.7501E-01  5.6949E-02
  1.4467E+02  3.7490E-01  5.7048E-02
  1.4495E+02  3.7477E-01  5.7138E-02
  1.4523E+02  3.7462E-01  5.7220E-02
  1.4551E+02  3.7445E-01  5.7293E-02
  1.4579E+02  3.7427E-01  5.7360E-02
  1.4608E+02  3.7408E-01  5.7421E-02
  1.4636E+02  3.7388E-01  5.7479E-02
  1.4664E+02  3.7368E-01  5.7535E-02
  1.4692E+02  3.7348E-01  5.7590E-02
  1.4720E+02  3.7327E-01  5.7648E-02
  1.4749E+02  3.7308E-01  5.7708E-02
  1.4777E+02  3.7289E-01  5.7772E-02
  1.4805E+02  3.7271E-01  5.7840E-02
  1.4833E+02  3.7254E-01  5.7912E-02
  1.4861E+02  3.7239E-01  5.7989E-02
  1.4890E+02  3.7225E-01  5.8071E-02
  1.4918E+02  3.7212E-01  5.8159E-02
  1.4946E+02  3.7201E-01  5.8254E-02
  1.4974E+02  3.7192E-01  5.8355E-02
  1.5002E+02  3.7184E-01  5.8462E-02
  1.5031E+02  3.7178E-01  5.8574E-02
  1.5059E+02  3.7172E-01  5.8691E-02
  1.5087E+02  3.7168E-01  5.8810E-02
  1.5115E+02  3.7164E-01  5.8933E-02
  1.5143E+02  3.7161E-01  5.9056E-02
  1.5172E+02  3.7158E-01  5.9180E-02
  1.5200E+02  3.7156E-01  5.9305E-02
  1.5228E+02  3.7154E-01  5.9430E-02
  1.5256E+02  3.7152E-01  5.9554E-02
  1.5284E+02  3.7149E-01  5.9678E-02
  1.5313E+02  3.7146E-01  5.9802E-02
  1.5341E+02  3.7143E-01  5.9924E-02
  1.5369E+02  3.7140E-01  6.0044E-02
  1.5397E+02  3.7135E-01  6.0161E-02
  1.5425E+02  3.7130E-01  6.0275E-02
  1.5454E+02  3.7123E-01  6.0384E-02
  1.5482E+02  3.7116E-01  6.0490E-02
  1.5510E+02  3.7108E-01  6.0591E-02
  1.5538E+02  3.7098E-01  6.0688E-02
  1.5566E+02  3.7088E-01  6.0780E-02
  1.5595E+02  3.7076E-01  6.0868E-02
  1.5623E+02  3.7063E-01  6.0951E-02
  1.5651E+02  3.7049E-01  6.1029E-02
  1.5679E+02  3.7034E-01  6.1104E-02
  1.5707E+02  3.7018E-01  6.1177E-02
  1.5736E+02  3.7001E-01  6.1247E-02
  1.5764E+02  3.6984E-01  6.1316E-02
  1.5792E+02  3.6966E-01  6.1386E-02
  1.5820E+02  3.6948E-01  6.1456E-02
  1.5848E+02  3.6931E-01  6.1529E-02
  1.5877E+02  3.6913E-01  6.1603E-02
  1.5905E+02  3.6896E-01  6.1680E-02
  1.5933E+02  3.6879E-01  6.1760E-02
  1.5961E+02  3.6863E-01  6.1842E-02
  1.5989E+02  3.6847E-01  6.1928E-02
  1.6018E+02  3.6831E-01  6.2015E-02
  1.6046E+02  3.6817E-01  6.2106E-02
  1.6074E+02  3.6802E-01  6.2199E-02
  1.6102E+02  3.6789E-01  6.2294E-02
  1.6130E+02  3.6776E-01  6.2392E-02
  1.6159E+02  3.6763E-01  6.2493E-02
  1.6187E+02  3.6751E-01  6.2596E-02
  1.6215E+02  3.6740E-01  6.2700E-02
  1.6243E+02  3.6729E-01  6.2807E-02
  1.6271E+02  3.6719E-01  6.2914E-02
  1.6300E+02  3.6708E-01  6.3021E-02
  1.6328E+02  3.6698E-01  6.3127E-02
  1.6356E+02  3.6688E-01  6.3232E-02
  1.6384E+02  3.6678E-01  6.3336E-02
  1.6412E+02  3.6668E-01  6.3437E-02
  1.6441E+02  3.6658E-01  6.3536E-02
  1.6469E+02  3.6647E-01  6.3633E-02
  1.6497E+02  3.6637E-01  6.3727E-02
  1.6525E+02  3.6626E-01  6.3820E-02
  1.6553E+02  3.6615E-01  6.3911E-02
  1.6582E+02  3.6605E-01  6.4002E-02
  1.6610E+02  3.6594E-01  6.4093E-02
  1.6638E+02  3.6583E-01  6.4185E-02
  1.6666E+02  3.6573E-01  6.4277E-02
  1.6694E+02  3.6562E-01  6.4370E-02
  1.6723E+02  3.6551E-01  6.4464E-02
  1.6751E+02  3.6541E-01  6.4559E-02
  1.6779E+02  3.6530E-01  6.4653E-02
  1.6807E+02  3.6519E-01  6.4748E-02
  1.6835E+02  3.6508E-01  6.4843E-02
  1.6864E+02  3.6497E-01  6.4937E-02
  1.6892E+02  3.6486E-01  6.5032E-02
  1.6920E+02  3.6474E-01  6.5125E-02
  1.6948E+02  3.6463E-01  6.5218E-02
  1.6976E+02  3.6452E-01  6.5311E-02
  1.7005E+02  3.6440E-01  6.5404E-02
  1.7033E+02  3.6429E-01  6.5496E-02
  1.7061E+02  3.6417E-01  6.5589E-02
  1.7089E+02  3.6406E-01  6.5682E-02
  1.7117E+02  3.6395E-01  6.5776E-02
  1.7146E+02  3.6383E-01  6.5871E-02
  1.7174E+02  3.6372E-01  6.5967E-02
  1.7202E+02  3.6361E-01  6.6063E-02
  1.7230E+02  3.6350E-01  6.6159E-02
  1.7258E+02  3.6338E-01  6.6255E-02
  1.7287E+02  3.6327E-01  6.6349E-02
  1.7315E+02  3.6315E-01  6.6443E-02
  1.7343E+02  3.6304E-01  6.6536E-02
  1.7371E+02  3.6292E-01  6.6628E-02
  1.7399E+02  3.6280E-01  6.6719E-02
  1.7428E+02  3.6268E-01  6.6810E-02
  1.7456E+02  3.6256E-01  6.6901E-02
  1.7484E+02  3.6244E-01  6.6991E-02
  1.7512E+02  3.6232E-01  6.7081E-02
  1.7540E+02  3.6220E-01  6.7171E-02
  1.7569E+02  3.6208E-01  6.7260E-02
  1.7597E+02  3.6196E-01  6.7349E-02
  1.7625E+02  3.6184E-01  6.7438E-02
  1.7653E+02  3.6172E-01  6.7528E-02
  1.7681E+02  3.6160E-01  6.7618E-02
  1.7710E+02  3.6149E-01  6.7708E-02
  1.7738E+02  3.6137E-01  6.7800E-02
  1.7766E+02  3.6126E-01  6.7892E-02
  1.7794E+02  3.6115E-01  6.7985E-02
  1.7822E+02  3.6104E-01  6.8078E-02
  1.7851E+02  3.6093E-01  6.8172E-02
  1.7879E+02  3.6082E-01  6.8266E-02
  1.7907E+02  3.6071E-01  6.8361E-02
  1.7935E+02  3.6061E-01  6.8456E-02
  1.7963E+02  3.6050E-01  6.8551E-02
  1.7992E+02  3.6040E-01  6.8646E-02
  1.8020E+02  3.6029E-01  6.8741E-02
  1.8048E+02  3.6018E-01  6.8836E-02
  1.8076E+02  3.6007E-01  6.8929E-02
  1.8104E+02  3.5997E-01  6.9023E-02
  1.8133E+02  3.5986E-01  6.9115E-02
  1.8161E+02  3.5975E-01  6.9207E-02
  1.8189E+02  3.5964E-01  6.9298E-02
  1.8217E+02  3.5952E-01  6.9389E-02
  1.8245E+02  3.5941E-01  6.9481E-02
  1.8274E+02  3.5930E-01  6.9572E-02
  1.8302E+02  3.5919E-01  6.9664E-02
  1.8330E+02  3.5908E-01  6.9755E-02
  1.8358E+02  3.5897E-01  6.9847E-02
  1.8386E+02  3.5886E-01  6.9940E-02
  1.8415E+02  3.5875E-01  7.0032E-02
  1.8443E+02  3.5864E-01  7.0125E-02
  1.8471E+02  3.5853E-01  7.0219E-02
  1.8499E+02  3.5842E-01  7.0312E-02
  1.8527E+02  3.5832E-01  7.0406E-02
  1.8556E+02  3.5821E-01  7.0500E-02
  1.8584E+02  3.5810E-01  7.0594E-02
  1.8612E+02  3.5800E-01  7.0689E-02
  1.8640E+02  3.5789E-01  7.0783E-02
  1.8668E+02  3.5778E-01  7.0877E-02
  1.8697E+02  3.5768E-01  7.0970E-02
  1.8725E+02  3.5757E-01  7.1062E-02
  1.8753E+02  3.5746E-01  7.1153E-02
  1.8781E+02  3.5734E-01  7.1244E-02
  1.8809E+02  3.5723E-01  7.1334E-02
  1.8838E+02  3.5712E-01  7.1424E-02
  1.8866E+02  3.5700E-01  7.1514E-02
  1.8894E+02  3.5689E-01  7.1603E-02
  1.8922E+02  3.5678E-01  7.1693E-02
  1.8950E+02  3.5666E-01  7.1784E-02
  1.8979E+02  3.5655E-01  7.1875E-02
  1.9007E+02  3.5644E-01  7.1966E-02
  1.9035E+02  3.5633E-01  7.2057E-02
  1.9063E+02  3.5622E-01  7.2149E-02
  1.9091E+02  3.5611E-01  7.2241E-02
  1.9120E+02  3.5600E-01  7.2332E-02
  1.9148E+02  3.5589E-01  7.2424E-02
  1.9176E+02  3.5578E-01  7.2516E-02
  1.9204E+02  3.5567E-01  7.2607E-02
  1.9232E+02  3.5556E-01  7.2698E-02
  1.9261E+02  3.5545E-01  7.2789E-02
  1.9289E+02  3.5534E-01  7.2880E-02
  1.9317E+02  3.5523E-01  7.2971E-02
  1.9345E+02  3.5512E-01  7.3061E-02
  1.9373E+02  3.5501E-01  7.3152E-02
  1.9402E+02  3.5490E-01  7.3242E-02
  1.9430E+02  3.5479E-01  7.3331E-02
  1.9458E+02  3.5469E-01  7.3421E-02
  1.9486E+02  3.5458E-01  7.3510E-02
  1.9514E+02  3.5447E-01  7.3599E-02
  1.9543E+02  3.5436E-01  7.3688E-02
  1.9571E+02  3.5425E-01  7.3778E-02
  1.9599E+02  3.5414E-01  7.3868E-02
  1.9627E+02  3.5403E-01  7.3958E-02
  1.9655E+02  3.5392E-01  7.4049E-02
  1.9684E+02  3.5381E-01  7.4140E-02
  1.9712E+02  3.5370E-01  7.4231E-02
  1.9740E+02  3.5359E-01  7.4322E-02
  1.9768E+02  3.5349E-01  7.4413E-02
  1.9796E+02  3.5338E-01  7.4504E-02
  1.9825E+02  3.5327E-01  7.4594E-02
  1.9853E+02  3.5316E-01  7.4684E-02
  1.9881E+02  3.5305E-01  7.4774E-02
  1.9909E+02  3.5294E-01  7.4864E-02
  1.9937E+02  3.5283E-01  7.4954E-02
  1.9966E+02  3.5272E-01  7.5043E-02
  1.9994E+02  3.5261E-01  7.5133E-02
  2.0022E+02  3.5250E-01  7.5223E-02
  2.0050E+02  3.5240E-01  7.5313E-02
  2.0078E+02  3.5229E-01  7.5403E-02
  2.0107E+02  3.5218E-01  7.5493E-02
  2.0135E+02  3.5208E-01  7.5584E-02
  2.0163E+02  3.5197E-01  7.5674E-02
  2.0191E+02  3.5186E-01  7.5764E-02
  2.0219E+02  3.5175E-01  7.5854E-02
  2.0248E+02  3.5165E-01  7.5944E-02
  2.0276E+02  3.5154E-01  7.6033E-02
  2.0304E+02  3.5143E-01  7.6123E-02
  2.0332E+02  3.5133E-01  7.6212E-02
  2.0360E+02  3.5122E-01  7.6302E-02
  2.0389E+02  3.5111E-01  7.6392E-02
  2.0417E+02  3.5101E-01  7.6482E-02
  2.0445E+02  3.5090E-01  7.6572E-02
  2.0473E+02  3.5079E-01  7.6662E-02
  2.0501E+02  3.5068E-01  7.6753E-02
  2.0530E+02  3.5058E-01  7.6843E-02
  2.0558E+02  3.5047E-01  7.6933E-02
  2.0586E+02  3.5036E-01  7.7023E-02
  2.0614E+02  3.5025E-01  7.7113E-02
  2.0642E+02  3.5014E-01  7.7203E-02
  2.0671E+02  3.5003E-01  7.7293E-02
  2.0699E+02  3.4992E-01  7.7382E-02
  2.0727E+02  3.4981E-01  7.7471E-02
  2.0755E+02  3.4970E-01  7.7559E-02
  2.0783E+02  3.4959E-01  7.7647E-02
  2.0812E+02  3.4948E-01  7.7734E-02
  2.0840E+02  3.4937E-01  7.7821E-02
  2.0868E+02  3.4926E-01  7.7907E-02
  2.0896E+02  3.4914E-01  7.7993E-02
  2.0924E+02  3.4903E-01  7.8078E-02
  2.0953E+02  3.4892E-01  7.8163E-02
  2.0981E+02  3.4881E-01  7.8249E-02
  2.1009E+02  3.4870E-01  7.8334E-02
  2.1037E+02  3.4859E-01  7.8420E-02
  2.1065E+02  3.4848E-01  7.8506E-02
  2.1094E+02  3.4837E-01  7.8593E-02
  2.1122E+02  3.4826E-01  7.8679E-02
  2.1150E+02  3.4815E-01  7.8766E-02
  2.1178E+02  3.4804E-01  7.8854E-02
  2.1206E+02  3.4794E-01  7.8941E-02
  2.1235E+02  3.4783E-01  7.9030E-02
  2.1263E+02  3.4773E-01  7.9118E-02
  2.1291E+02  3.4762E-01  7.9208E-02
  2.1319E+02  3.4752E-01  7.9298E-02
  2.1347E+02  3.4742E-01  7.9388E-02
  2.1376E+02  3.4731E-01  7.9479E-02
  2.1404E+02  3.4721E-01  7.9571E-02
  2.1432E+02  3.4711E-01  7.9662E-02
  2.1460E+02  3.4701E-01  7.9754E-02
  2.1488E+02  3.4690E-01  7.9846E-02
  2.1517E+02  3.4680E-01  7.9937E-02
  2.1545E+02  3.4670E-01  8.0029E-02
  2.1573E+02  3.4660E-01  8.0121E-02
  2.1601E+02  3.4649E-01  8.0212E-02
  2.1629E+02  3.4639E-01  8.0302E-02
  2.1658E+02  3.4629E-01  8.0392E-02
  2.1686E+02  3.4618E-01  8.0482E-02
  2.1714E+02  3.4607E-01  8.0570E-02
  2.1742E+02  3.4597E-01  8.0657E-02
  2.1770E+02  3.4586E-01  8.0743E-02
  2.1799E+02  3.4575E-01  8.0828E-02
  2.1827E+02  3.4563E-01  8.0913E-02
  2.1855E+02  3.4552E-01  8.0996E-02
  2.1883E+02  3.4541E-01  8.1078E-02
  2.1911E+02  3.4529E-01  8.1159E-02
  2.1940E+02  3.4518E-01  8.1240E-02
  2.1968E+02  3.4506E-01  8.1321E-02
  2.1996E+02  3.4495E-01  8.1402E-02
  2.2024E+02  3.4484E-01  8.1484E-02
  2.2052E+02  3.4472E-01  8.1566E-02
  2.2081E+02  3.4461E-01  8.1649E-02
  2.2109E+02  3.4450E-01  8.1732E-02
  2.2137E+02  3.4439E-01  8.1817E-02
  2.2165E+02  3.4429E-01  8.1903E-02
  2.2193E+02  3.4418E-01  8.1989E-02
  2.2222E+02  3.4407E-01  8.2076E-02
  2.2250E+02  3.4397E-01  8.2164E-02
  2.2278E+02  3.4386E-01  8.2252E-02
  2.2306E+02  3.4376E-01  8.2341E-02
  2.2334E+02  3.4366E-01  8.2431E-02
  2.2363E+02  3.4356E-01  8.2521E-02
  2.2391E+02  3.4346E-01  8.2610E-02
  2.2419E+02  3.4335E-01  8.2700E-02
  2.2447E+02  3.4325E-01  8.2790E-02
  2.2475E+02  3.4315E-01  8.2880E-02
  2.2504E+02  3.4305E-01  8.2969E-02
  2.2532E+02  3.4295E-01  8.3058E-02
  2.2560E+02  3.4284E-01  8.3147E-02
  2.2588E+02  3.4274E-01  8.3236E-02
  2.2616E+02  3.4264E-01  8.3324E-02
  2.2645E+02  3.4253E-01  8.3411E-02
  2.2673E+02  3.4243E-01  8.3498E-02
  2.2701E+02  3.4232E-01  8.3584E-02
  2.2729E+02  3.4222E-01  8.3670E-02
  2.2757E+02  3.4211E-01  8.3755E-02
  2.2786E+02  3.4200E-01  8.3839E-02
  2.2814E+02  3.4189E-01  8.3924E-02
  2.2842E+02  3.4178E-01  8.4007E-02
  2.2870E+02  3.4168E-01  8.4091E-02
  2.2898E+02  3.4157E-01  8.4174E-02
  2.2927E+02  3.4145E-01  8.4256E-02
  2.2955E+02  3.4134E-01  8.4339E-02
  2.2983E+02  3.4123E-01  8.4421E-02
  2.3011E+02  3.4112E-01  8.4504E-02
  2.3039E+02  3.4101E-01  8.4586E-02
  2.3068E+02  3.4090E-01  8.4669E-02
  2.3096E+02  3.4079E-01  8.4752E-02
  2.3124E+02  3.4068E-01  8.4835E-02
  2.3152E+02  3.4057E-01  8.4918E-02
  2.3180E+02  3.4046E-01  8.5002E-02
  2.3209E+02  3.4035E-01  8.5086E-02
  2.3237E+02  3.4024E-01  8.5171E-02
  2.3265E+02  3.4013E-01  8.5255E-02
  2.3293E+02  3.4002E-01  8.5340E-02
  2.3321E+02  3.3991E-01  8.5425E-02
  2.3350E+02  3.3981E-01  8.5510E-02
  2.3378E+02  3.3970E-01  8.5595E-02
  2.3406E+02  3.3959E-01  8.5681E-02
  2.3434E+02  3.3949E-01  8.5766E-02
  2.3462E+02  3.3938E-01  8.5852E-02
  2.3491E+02  3.3928E-01  8.5938E-02
  2.3519E+02  3.3917E-01  8.6023E-02
  2.3547E+02  3.3907E-01  8.6109E-02
  2.3575E+02  3.3896E-01  8.6195E-02
  2.3603E+02  3.3886E-01  8.6281E-02
  2.3632E+02  3.3875E-01  8.6366E-02
  2.3660E+02  3.3865E-01  8.6451E-02
  2.3688E+02  3.3855E-01  8.6537E-02
  2.3716E+02  3.3844E-01  8.6622E-02
  2.3744E+02  3.3834E-01  8.6707E-02
  2.3773E+02  3.3824E-01  8.6791E-02
  2.3801E+02  3.3813E-01  8.6876E-02
  2.3829E+02  3.3803E-01  8.6960E-02
  2.3857E+02  3.3792E-01  8.7044E-02
  2.3885E+02  3.3782E-01  8.7128E-02
  2.3914E+02  3.3771E-01  8.7212E-02
  2.3942E+02  3.3761E-01  8.7296E-02
  2.3970E+02  3.3750E-01  8.7380E-02
  2.3998E+02  3.3740E-01  8.7463E-02
  2.4026E+02  3.3729E-01  8.7547E-02
  2.4055E+02  3.3719E-01  8.7630E-02
  2.4083E+02  3.3708E-01  8.7714E-02
  2.4111E+02  3.3697E-01  8.7797E-02
  2.4139E+02  3.3687E-01  8.7880E-02
  2.4167E+02  3.3676E-01  8.7963E-02
  2.4196E+02  3.3666E-01  8.8046E-02
  2.4224E+02  3.3655E-01  8.8129E-02
  2.4252E+02  3.3644E-01  8.8211E-02
  2.4280E+02  3.3634E-01  8.8294E-02
  2.4308E+02  3.3623E-01  8.8376E-02
  2.4337E+02  3.3612E-01  8.8459E-02
  2.4365E+02  3.3602E-01  8.8541E-02
  2.4393E+02  3.3591E-01  8.8624E-02
  2.4421E+02  3.3580E-01  8.8707E-02
  2.4449E+02  3.3570E-01  8.8790E-02
  2.4478E+02  3.3559E-01  8.8874E-02
  2.4506E+02  3.3549E-01  8.8957E-02
  2.4534E+02  3.3538E-01  8.9040E-02
  2.4562E+02  3.3528E-01  8.9123E-02
  2.4590E+02  3.3517E-01  8.9206E-02
  2.4619E+02  3.3506E-01  8.9289E-02
  2.4647E+02  3.3496E-01  8.9371E-02
  2.4675E+02  3.3485E-01  8.9454E-02
  2.4703E+02  3.3475E-01  8.9536E-02
  2.4731E+02  3.3464E-01  8.9618E-02
  2.4760E+02  3.3454E-01  8.9701E-02
  2.4788E+02  3.3443E-01  8.9783E-02
  2.4816E+02  3.3432E-01  8.9866E-02
  2.4844E+02  3.3422E-01  8.9948E-02
  2.4872E+02  3.3411E-01  9.0031E-02
  2.4901E+02  3.3401E-01  9.0114E-02
  2.4929E+02  3.3390E-01  9.0196E-02
  2.4957E+02  3.3380E-01  9.0279E-02
  2.4985E+02  3.3369E-01  9.0361E-02
  2.5013E+02  3.3359E-01  9.0444E-02
  2.5042E+02  3.3348E-01  9.0526E-02
  2.5070E+02  3.3338E-01  9.0608E-02
  2.5098E+02  3.3327E-01  9.0691E-02
  2.5126E+02  3.3317E-01  9.0773E-02
  2.5154E+02  3.3306E-01  9.0855E-02
  2.5183E+02  3.3296E-01  9.0936E-02
  2.5211E+02  3.3285E-01  9.1018E-02
  2.5239E+02  3.3275E-01  9.1100E-02
  2.5267E+02  3.3264E-01  9.1182E-02
  2.5295E+02  3.3254E-01  9.1263E-02
  2.5324E+02  3.3243E-01  9.1345E-02
  2.5352E+02  3.3233E-01  9.1426E-02
  2.5380E+02  3.3222E-01  9.1508E-02
  2.5408E+02  3.3212E-01  9.1589E-02
  2.5436E+02  3.3201E-01  9.1671E-02
  2.5465E+02  3.3190E-01  9.1752E-02
  2.5493E+02  3.3180E-01  9.1833E-02
  2.5521E+02  3.3169E-01  9.1915E-02
  2.5549E+02  3.3159E-01  9.1996E-02
  2.5577E+02  3.3148E-01  9.2077E-02
  2.5606E+02  3.3138E-01  9.2158E-02
  2.5634E+02  3.3127E-01  9.2239E-02
  2.5662E+02  3.3117E-01  9.2321E-02
  2.5690E+02  3.3106E-01  9.2402E-02
  2.5718E+02  3.3096E-01  9.2483E-02
  2.5747E+02  3.3085E-01  9.2564E-02
  2.5775E+02  3.3075E-01  9.2645E-02
  2.5803E+02  3.3064E-01  9.2726E-02
  2.5831E+02  3.3054E-01  9.2807E-02
  2.5859E+02  3.3043E-01  9.2887E-02
  2.5888E+02  3.3033E-01  9.2968E-02
  2.5916E+02  3.3022E-01  9.3049E-02
  2.5944E+02  3.3012E-01  9.3130E-02
  2.5972E+02  3.3001E-01  9.3210E-02
  2.6000E+02  3.2991E-01  9.3291E-02
  2.6029E+02  3.2980E-01  9.3371E-02
  2.6057E+02  3.2970E-01  9.3451E-02
  2.6085E+02  3.2959E-01  9.3532E-02
  2.6113E+02  3.2949E-01  9.3612E-02
  2.6141E+02  3.2938E-01  9.3692E-02
  2.6170E+02  3.2928E-01  9.3772E-02
  2.6198E+02  3.2917E-01  9.3853E-02
  2.6226E+02  3.2907E-01  9.3933E-02
  2.6254E+02  3.2896E-01  9.4013E-02
  2.6282E+02  3.2886E-01  9.4094E-02
  2.6311E+02  3.2875E-01  9.4174E-02
  2.6339E+02  3.2865E-01  9.4254E-02
  2.6367E+02  3.2854E-01  9.4334E-02
  2.6395E+02  3.2844E-01  9.4415E-02
  2.6423E+02  3.2833E-01  9.4495E-02
  2.6452E+02  3.2823E-01  9.4575E-02
  2.6480E+02  3.2813E-01  9.4655E-02
  2.6508E+02  3.2802E-01  9.4735E-02
  2.6536E+02  3.2792E-01  9.4815E-02
  2.6564E+02  3.2781E-01  9.4895E-02
  2.6593E+02  3.2771E-01  9.4975E-02
  2.6621E+02  3.2760E-01  9.5055E-02
  2.6649E+02  3.2750E-01  9.5134E-02
  2.6677E+02  3.2739E-01  9.5214E-02
  2.6705E+02  3.2729E-01  9.5293E-02
  2.6734E+02  3.2719E-01  9.5372E-02
  2.6762E+02  3.2708E-01  9.5452E-02
  2.6790E+02  3.2698E-01  9.5531E-02
  2.6818E+02  3.2687E-01  9.5610E-02
  2.6846E+02  3.2677E-01  9.5690E-02
  2.6875E+02  3.2666E-01  9.5769E-02
  2.6903E+02  3.2656E-01  9.5848E-02
  2.6931E+02  3.2645E-01  9.5927E-02
  2.6959E+02  3.2635E-01  9.6007E-02
  2.6987E+02  3.2625E-01  9.6086E-02
  2.7016E+02  3.2614E-01  9.6165E-02
  2.7044E+02  3.2604E-01  9.6244E-02
  2.7072E+02  3.2593E-01  9.6323E-02
  2.7100E+02  3.2583E-01  9.6402E-02
  2.7128E+02  3.2572E-01  9.6481E-02
  2.7157E+02  3.2562E-01  9.6560E-02
  2.7185E+02  3.2552E-01  9.6640E-02
  2.7213E+02  3.2541E-01  9.6719E-02
  2.7241E+02  3.2531E-01  9.6797E-02
  2.7269E+02  3.2520E-01  9.6876E-02
  2.7298E+02  3.2510E-01  9.6955E-02
  2.7326E+02  3.2500E-01  9.7034E-02
  2.7354E+02  3.2489E-01  9.7112E-02
  2.7382E+02  3.2479E-01  9.7191E-02
  2.7410E+02  3.2468E-01  9.7269E-02
  2.7439E+02  3.2458E-01  9.7347E-02
  2.7467E+02  3.2447E-01  9.7426E-02
  2.7495E+02  3.2437E-01  9.7504E-02
  2.7523E+02  3.2427E-01  9.7582E-02
  2.7551E+02  3.2416E-01  9.7661E-02
  2.7580E+02  3.2406E-01  9.7739E-02
  2.7608E+02  3.2395E-01  9.7817E-02
  2.7636E+02  3.2385E-01  9.7895E-02
  2.7664E+02  3.2375E-01  9.7974E-02
  2.7692E+02  3.2364E-01  9.8052E-02
  2.7721E+02  3.2354E-01  9.8130E-02
  2.7749E+02  3.2343E-01  9.8208E-02
  2.7777E+02  3.2333E-01  9.8286E-02
  2.7805E+02  3.2323E-01  9.8364E-02
  2.7833E+02  3.2312E-01  9.8442E-02
  2.7862E+02  3.2302E-01  9.8520E-02
  2.7890E+02  3.2291E-01  9.8598E-02
  2.7918E+02  3.2281E-01  9.8676E-02
  2.7946E+02  3.2271E-01  9.8754E-02
  2.7974E+02  3.2260E-01  9.8832E-02
  2.8003E+02  3.2250E-01  9.8910E-02
  2.8031E+02  3.2239E-01  9.8987E-02
  2.8059E+02  3.2229E-01  9.9065E-02
  2.8087E+02  3.2219E-01  9.9142E-02
  2.8115E+02  3.2208E-01  9.9219E-02
  2.8144E+02  3.2198E-01  9.9296E-02
  2.8172E+02  3.2187E-01  9.9373E-02
  2.8200E+02  3.2177E-01  9.9450E-02
  2.8228E+02  3.2167E-01  9.9527E-02
  2.8256E+02  3.2156E-01  9.9604E-02
  2.8285E+02  3.2146E-01  9.9681E-02
  2.8313E+02  3.2135E-01  9.9758E-02
  2.8341E+02  3.2125E-01  9.9835E-02
  2.8369E+02  3.2115E-01  9.9912E-02
  2.8397E+02  3.2104E-01  9.9989E-02
  2.8426E+02  3.2094E-01  1.0007E-01
  2.8454E+02  3.2083E-01  1.0014E-01
  2.8482E+02  3.2073E-01  1.0022E-01
  2.8510E+02  3.2063E-01  1.0030E-01
  2.8538E+02  3.2052E-01  1.0037E-01
  2.8567E+02  3.2042E-01  1.0045E-01
  2.8595E+02  3.2032E-01  1.0053E-01
  2.8623E+02  3.2021E-01  1.0060E-01
  2.8651E+02  3.2011E-01  1.0068E-01
  2.8679E+02  3.2001E-01  1.0076E-01
  2.8708E+02  3.1990E-01  1.0084E-01
  2.8736E+02  3.1980E-01  1.0091E-01
  2.8764E+02  3.1970E-01  1.0099E-01
  2.8792E+02  3.1959E-01  1.0107E-01
  2.8820E+02  3.1949E-01  1.0114E-01
  2.8849E+02  3.1939E-01  1.0122E-01
  2.8877E+02  3.1928E-01  1.0130E-01
  2.8905E+02  3.1918E-01  1.0137E-01
  2.8933E+02  3.1907E-01  1.0145E-01
  2.8961E+02  3.1897E-01  1.0152E-01
  2.8990E+02  3.1887E-01  1.0160E-01
  2.9018E+02  3.1876E-01  1.0168E-01
  2.9046E+02  3.1866E-01  1.0175E-01
  2.9074E+02  3.1856E-01  1.0183E-01
  2.9102E+02  3.1845E-01  1.0190E-01
  2.9131E+02  3.1835E-01  1.0198E-01
  2.9159E+02  3.1824E-01  1.0205E-01
  2.9187E+02  3.1814E-01  1.0213E-01
  2.9215E+02  3.1804E-01  1.0221E-01
  2.9243E+02  3.1793E-01  1.0228E-01
  2.9272E+02  3.1783E-01  1.0236E-01
  2.9300E+02  3.1772E-01  1.0243E-01
  2.9328E+02  3.1762E-01  1.0251E-01
  2.9356E+02  3.1752E-01  1.0258E-01
  2.9384E+02  3.1741E-01  1.0266E-01
  2.9413E+02  3.1731E-01  1.0273E-01
  2.9441E+02  3.1721E-01  1.0281E-01
  2.9469E+02  3.1710E-01  1.0288E-01
  2.9497E+02  3.1700E-01  1.0296E-01
  2.9525E+02  3.1690E-01  1.0304E-01
  2.9554E+02  3.1679E-01  1.0311E-01
  2.9582E+02  3.1669E-01  1.0319E-01
  2.9610E+02  3.1659E-01  1.0326E-01
  2.9638E+02  3.1648E-01  1.0334E-01
  2.9666E+02  3.1638E-01  1.0341E-01
  2.9695E+02  3.1628E-01  1.0349E-01
  2.9723E+02  3.1617E-01  1.0356E-01
  2.9751E+02  3.1607E-01  1.0364E-01
  2.9779E+02  3.1597E-01  1.0371E-01
  2.9807E+02  3.1586E-01  1.0379E-01
  2.9836E+02  3.1576E-01  1.0386E-01
  2.9864E+02  3.1566E-01  1.0394E-01
  2.9892E+02  3.1555E-01  1.0401E-01
  2.9920E+02  3.1545E-01  1.0409E-01
  2.9948E+02  3.1535E-01  1.0416E-01
  2.9977E+02  3.1524E-01  1.0424E-01
  3.0005E+02  3.1514E-01  1.0431E-01
  3.0033E+02  3.1504E-01  1.0439E-01
  3.0061E+02  3.1493E-01  1.0446E-01
  3.0089E+02  3.1483E-01  1.0454E-01
  3.0118E+02  3.1473E-01  1.0461E-01
  3.0146E+02  3.1462E-01  1.0468E-01
  3.0174E+02  3.1452E-01  1.0476E-01
  3.0202E+02  3.1441E-01  1.0483E-01
  3.0230E+02  3.1431E-01  1.0491E-01
  3.0259E+02  3.1421E-01  1.0498E-01
  3.0287E+02  3.1410E-01  1.0505E-01
  3.0315E+02  3.1400E-01  1.0513E-01
  3.0343E+02  3.1390E-01  1.0520E-01
  3.0371E+02  3.1379E-01  1.0528E-01
  3.0400E+02  3.1369E-01  1.0535E-01
  3.0428E+02  3.1359E-01  1.0542E-01
  3.0456E+02  3.1348E-01  1.0550E-01
  3.0484E+02  3.1338E-01  1.0557E-01
  3.0512E+02  3.1328E-01  1.0564E-01
  3.0541E+02  3.1317E-01  1.0572E-01
  3.0569E+02  3.1307E-01  1.0579E-01
  3.0597E+02  3.1297E-01  1.0587E-01
  3.0625E+02  3.1286E-01  1.0594E-01
  3.0653E+02  3.1276E-01  1.0601E-01
  3.0682E+02  3.1266E-01  1.0609E-01
  3.0710E+02  3.1255E-01  1.0616E-01
  3.0738E+02  3.1245E-01  1.0623E-01
  3.0766E+02  3.1235E-01  1.0631E-01
  3.0794E+02  3.1224E-01  1.0638E-01
  3.0823E+02  3.1214E-01  1.0646E-01
  3.0851E+02  3.1204E-01  1.0653E-01
  3.0879E+02  3.1193E-01  1.0660E-01
  3.0907E+02  3.1183E-01  1.0668E-01
  3.0935E+02  3.1173E-01  1.0675E-01
  3.0964E+02  3.1163E-01  1.0682E-01
  3.0992E+02  3.1152E-01  1.0690E-01
  3.1020E+02  3.1142E-01  1.0697E-01
  3.1048E+02  3.1132E-01  1.0704E-01
  3.1076E+02  3.1121E-01  1.0711E-01
  3.1105E+02  3.1111E-01  1.0719E-01
  3.1133E+02  3.1101E-01  1.0726E-01
  3.1161E+02  3.1090E-01  1.0733E-01
  3.1189E+02  3.1080E-01  1.0741E-01
  3.1217E+02  3.1070E-01  1.0748E-01
  3.1246E+02  3.1059E-01  1.0755E-01
  3.1274E+02  3.1049E-01  1.0762E-01
  3.1302E+02  3.1039E-01  1.0770E-01
  3.1330E+02  3.1028E-01  1.0777E-01
  3.1358E+02  3.1018E-01  1.0784E-01
  3.1387E+02  3.1008E-01  1.0791E-01
  3.1415E+02  3.0997E-01  1.0799E-01
  3.1443E+02  3.0987E-01  1.0806E-01
  3.1471E+02  3.0977E-01  1.0813E-01
  3.1499E+02  3.0967E-01  1.0820E-01
  3.1528E+02  3.0956E-01  1.0827E-01
  3.1556E+02  3.0946E-01  1.0835E-01
  3.1584E+02  3.0936E-01  1.0842E-01
  3.1612E+02  3.0925E-01  1.0849E-01
  3.1640E+02  3.0915E-01  1.0856E-01
  3.1669E+02  3.0905E-01  1.0863E-01
  3.1697E+02  3.0894E-01  1.0871E-01
  3.1725E+02  3.0884E-01  1.0878E-01
  3.1753E+02  3.0874E-01  1.0885E-01
  3.1781E+02  3.0863E-01  1.0892E-01
  3.1810E+02  3.0853E-01  1.0899E-01
  3.1838E+02  3.0843E-01  1.0907E-01
  3.1866E+02  3.0832E-01  1.0914E-01
  3.1894E+02  3.0822E-01  1.0921E-01
  3.1922E+02  3.0812E-01  1.0928E-01
  3.1951E+02  3.0801E-01  1.0935E-01
  3.1979E+02  3.0791E-01  1.0942E-01
  3.2007E+02  3.0781E-01  1.0950E-01
  3.2035E+02  3.0771E-01  1.0957E-01
  3.2063E+02  3.0760E-01  1.0964E-01
  3.2092E+02  3.0750E-01  1.0971E-01
  3.2120E+02  3.0740E-01  1.0978E-01
  3.2148E+02  3.0729E-01  1.0985E-01
  3.2176E+02  3.0719E-01  1.0992E-01
  3.2204E+02  3.0709E-01  1.0999E-01
  3.2233E+02  3.0698E-01  1.1007E-01
  3.2261E+02  3.0688E-01  1.1014E-01
  3.2289E+02  3.0678E-01  1.1021E-01
  3.2317E+02  3.0667E-01  1.1028E-01
  3.2345E+02  3.0657E-01  1.1035E-01
  3.2374E+02  3.0647E-01  1.1042E-01
  3.2402E+02  3.0637E-01  1.1049E-01
  3.2430E+02  3.0626E-01  1.1056E-01
  3.2458E+02  3.0616E-01  1.1063E-01
  3.2486E+02  3.0606E-01  1.1070E-01
  3.2515E+02  3.0595E-01  1.1078E-01
  3.2543E+02  3.0585E-01  1.1085E-01
  3.2571E+02  3.0575E-01  1.1092E-01
  3.2599E+02  3.0564E-01  1.1099E-01
  3.2627E+02  3.0554E-01  1.1106E-01
  3.2656E+02  3.0544E-01  1.1113E-01
  3.2684E+02  3.0534E-01  1.1120E-01
  3.2712E+02  3.0523E-01  1.1127E-01
  3.2740E+02  3.0513E-01  1.1134E-01
  3.2768E+02  3.0503E-01  1.1141E-01
  3.2797E+02  3.0492E-01  1.1148E-01
  3.2825E+02  3.0482E-01  1.1155E-01
  3.2853E+02  3.0472E-01  1.1162E-01
  3.2881E+02  3.0462E-01  1.1169E-01
  3.2909E+02  3.0451E-01  1.1176E-01
  3.2938E+02  3.0441E-01  1.1183E-01
  3.2966E+02  3.0431E-01  1.1190E-01
  3.2994E+02  3.0420E-01  1.1197E-01
  3.3022E+02  3.0410E-01  1.1204E-01
  3.3050E+02  3.0400E-01  1.1211E-01
  3.3079E+02  3.0389E-01  1.1218E-01
  3.3107E+02  3.0379E-01  1.1225E-01
  3.3135E+02  3.0369E-01  1.1232E-01
  3.3163E+02  3.0359E-01  1.1239E-01
  3.3191E+02  3.0348E-01  1.1246E-01
  3.3220E+02  3.0338E-01  1.1253E-01
  3.3248E+02  3.0328E-01  1.1260E-01
  3.3276E+02  3.0317E-01  1.1267E-01
  3.3304E+02  3.0307E-01  1.1274E-01
  3.3332E+02  3.0297E-01  1.1281E-01
  3.3361E+02  3.0287E-01  1.1288E-01
  3.3389E+02  3.0276E-01  1.1294E-01
  3.3417E+02  3.0266E-01  1.1301E-01
  3.3445E+02  3.0256E-01  1.1308E-01
  3.3473E+02  3.0245E-01  1.1315E-01
  3.3502E+02  3.0235E-01  1.1322E-01
  3.3530E+02  3.0225E-01  1.1329E-01
  3.3558E+02  3.0215E-01  1.1336E-01
  3.3586E+02  3.0204E-01  1.1343E-01
  3.3614E+02  3.0194E-01  1.1350E-01
  3.3643E+02  3.0184E-01  1.1357E-01
  3.3671E+02  3.0173E-01  1.1364E-01
  3.3699E+02  3.0163E-01  1.1370E-01
  3.3727E+02  3.0153E-01  1.1377E-01
  3.3755E+02  3.0143E-01  1.1384E-01
  3.3784E+02  3.0132E-01  1.1391E-01
  3.3812E+02  3.0122E-01  1.1398E-01
  3.3840E+02  3.0112E-01  1.1405E-01
  3.3868E+02  3.0101E-01  1.1412E-01
  3.3896E+02  3.0091E-01  1.1418E-01
  3.3925E+02  3.0081E-01  1.1425E-01
  3.3953E+02  3.0071E-01  1.1432E-01
  3.3981E+02  3.0060E-01  1.1439E-01
  3.4009E+02  3.0050E-01  1.1446E-01
  3.4037E+02  3.0040E-01  1.1453E-01
  3.4066E+02  3.0030E-01  1.1459E-01
  3.4094E+02  3.0019E-01  1.1466E-01
  3.4122E+02  3.0009E-01  1.1473E-01
  3.4150E+02  2.9999E-01  1.1480E-01
  3.4178E+02  2.9988E-01  1.1487E-01
  3.4207E+02  2.9978E-01  1.1494E-01
  3.4235E+02  2.9968E-01  1.1500E-01
  3.4263E+02  2.9958E-01  1.1507E-01
  3.4291E+02  2.9947E-01  1.1514E-01
  3.4319E+02  2.9937E-01  1.1521E-01
  3.4348E+02  2.9927E-01  1.1528E-01
  3.4376E+02  2.9916E-01  1.1534E-01
  3.4404E+02  2.9906E-01  1.1541E-01
  3.4432E+02  2.9896E-01  1.1548E-01
  3.4460E+02  2.9886E-01  1.1555E-01
  3.4489E+02  2.9875E-01  1.1561E-01
  3.4517E+02  2.9865E-01  1.1568E-01
  3.4545E+02  2.9855E-01  1.1575E-01
  3.4573E+02  2.9845E-01  1.1582E-01
  3.4601E+02  2.9834E-01  1.1588E-01
  3.4630E+02  2.9824E-01  1.1595E-01
  3.4658E+02  2.9814E-01  1.1602E-01
  3.4686E+02  2.9803E-01  1.1609E-01
  3.4714E+02  2.9793E-01  1.1615E-01
  3.4742E+02  2.9783E-01  1.1622E-01
  3.4771E+02  2.9773E-01  1.1629E-01
  3.4799E+02  2.9762E-01  1.1635E-01
  3.4827E+02  2.9752E-01  1.1642E-01
  3.4855E+02  2.9742E-01  1.1649E-01
  3.4883E+02  2.9732E-01  1.1656E-01
  3.4912E+02  2.9721E-01  1.1662E-01
  3.4940E+02  2.9711E-01  1.1669E-01
  3.4968E+02  2.9701E-01  1.1676E-01
  3.4996E+02  2.9691E-01  1.1682E-01
  3.5024E+02  2.9680E-01  1.1689E-01
  3.5053E+02  2.9670E-01  1.1696E-01
  3.5081E+02  2.9660E-01  1.1702E-01
  3.5109E+02  2.9649E-01  1.1709E-01
  3.5137E+02  2.9639E-01  1.1716E-01
  3.5165E+02  2.9629E-01  1.1722E-01
  3.5194E+02  2.9619E-01  1.1729E-01
  3.5222E+02  2.9608E-01  1.1736E-01
  3.5250E+02  2.9598E-01  1.1742E-01
  3.5278E+02  2.9588E-01  1.1749E-01
  3.5306E+02  2.9578E-01  1.1755E-01
  3.5335E+02  2.9567E-01  1.1762E-01
  3.5363E+02  2.9557E-01  1.1769E-01
  3.5391E+02  2.9547E-01  1.1775E-01
  3.5419E+02  2.9537E-01  1.1782E-01
  3.5447E+02  2.9526E-01  1.1788E-01
  3.5476E+02  2.9516E-01  1.1795E-01
  3.5504E+02  2.9506E-01  1.1802E-01
  3.5532E+02  2.9496E-01  1.1808E-01
  3.5560E+02  2.9485E-01  1.1815E-01
  3.5588E+02  2.9475E-01  1.1821E-01
  3.5617E+02  2.9465E-01  1.1828E-01
  3.5645E+02  2.9454E-01  1.1835E-01
  3.5673E+02  2.9444E-01  1.1841E-01
  3.5701E+02  2.9434E-01  1.1848E-01
  3.5729E+02  2.9424E-01  1.1854E-01
  3.5758E+02  2.9413E-01  1.1861E-01
  3.5786E+02  2.9403E-01  1.1867E-01
  3.5814E+02  2.9393E-01  1.1874E-01
  3.5842E+02  2.9383E-01  1.1881E-01
  3.5870E+02  2.9372E-01  1.1887E-01
  3.5899E+02  2.9362E-01  1.1894E-01
  3.5927E+02  2.9352E-01  1.1900E-01
  3.5955E+02  2.9342E-01  1.1907E-01
  3.5983E+02  2.9331E-01  1.1913E-01
  3.6011E+02  2.9321E-01  1.1920E-01
  3.6040E+02  2.9311E-01  1.1926E-01
  3.6068E+02  2.9301E-01  1.1933E-01
  3.6096E+02  2.9290E-01  1.1939E-01
  3.6124E+02  2.9280E-01  1.1946E-01
  3.6152E+02  2.9270E-01  1.1952E-01
  3.6181E+02  2.9260E-01  1.1959E-01
  3.6209E+02  2.9249E-01  1.1965E-01
  3.6237E+02  2.9239E-01  1.1972E-01
  3.6265E+02  2.9229E-01  1.1978E-01
  3.6293E+02  2.9219E-01  1.1985E-01
  3.6322E+02  2.9208E-01  1.1991E-01
  3.6350E+02  2.9198E-01  1.1998E-01
  3.6378E+02  2.9188E-01  1.2004E-01
  3.6406E+02  2.9178E-01  1.2010E-01
  3.6434E+02  2.9167E-01  1.2017E-01
  3.6463E+02  2.9157E-01  1.2023E-01
  3.6491E+02  2.9147E-01  1.2030E-01
  3.6519E+02  2.9137E-01  1.2036E-01
  3.6547E+02  2.9126E-01  1.2043E-01
  3.6575E+02  2.9116E-01  1.2049E-01
  3.6604E+02  2.9106E-01  1.2056E-01
  3.6632E+02  2.9096E-01  1.2062E-01
  3.6660E+02  2.9085E-01  1.2068E-01
  3.6688E+02  2.9075E-01  1.2075E-01
  3.6716E+02  2.9065E-01  1.2081E-01
  3.6745E+02  2.9055E-01  1.2088E-01
  3.6773E+02  2.9044E-01  1.2094E-01
  3.6801E+02  2.9034E-01  1.2100E-01
  3.6829E+02  2.9024E-01  1.2107E-01
  3.6857E+02  2.9014E-01  1.2113E-01
  3.6886E+02  2.9003E-01  1.2120E-01
  3.6914E+02  2.8993E-01  1.2126E-01
  3.6942E+02  2.8983E-01  1.2132E-01
  3.6970E+02  2.8973E-01  1.2139E-01
  3.6998E+02  2.8962E-01  1.2145E-01
  3.7027E+02  2.8952E-01  1.2151E-01
  3.7055E+02  2.8942E-01  1.2158E-01
  3.7083E+02  2.8932E-01  1.2164E-01
  3.7111E+02  2.8921E-01  1.2170E-01
  3.7139E+02  2.8911E-01  1.2177E-01
  3.7168E+02  2.8901E-01  1.2183E-01
  3.7196E+02  2.8891E-01  1.2189E-01
  3.7224E+02  2.8880E-01  1.2196E-01
  3.7252E+02  2.8870E-01  1.2202E-01
  3.7280E+02  2.8860E-01  1.2208E-01
  3.7309E+02  2.8850E-01  1.2215E-01
  3.7337E+02  2.8839E-01  1.2221E-01
  3.7365E+02  2.8829E-01  1.2227E-01
  3.7393E+02  2.8819E-01  1.2234E-01
  3.7421E+02  2.8809E-01  1.2240E-01
  3.7450E+02  2.8799E-01  1.2246E-01
  3.7478E+02  2.8788E-01  1.2252E-01
  3.7506E+02  2.8778E-01  1.2259E-01
  3.7534E+02  2.8768E-01  1.2265E-01
  3.7562E+02  2.8758E-01  1.2271E-01
  3.7591E+02  2.8747E-01  1.2278E-01
  3.7619E+02  2.8737E-01  1.2284E-01
  3.7647E+02  2.8727E-01  1.2290E-01
  3.7675E+02  2.8717E-01  1.2296E-01
  3.7703E+02  2.8706E-01  1.2303E-01
  3.7732E+02  2.8696E-01  1.2309E-01
  3.7760E+02  2.8686E-01  1.2315E-01
  3.7788E+02  2.8676E-01  1.2321E-01
  3.7816E+02  2.8665E-01  1.2328E-01
  3.7844E+02  2.8655E-01  1.2334E-01
  3.7873E+02  2.8645E-01  1.2340E-01
  3.7901E+02  2.8635E-01  1.2346E-01
  3.7929E+02  2.8624E-01  1.2352E-01
  3.7957E+02  2.8614E-01  1.2359E-01
  3.7985E+02  2.8604E-01  1.2365E-01
  3.8014E+02  2.8594E-01  1.2371E-01
  3.8042E+02  2.8584E-01  1.2377E-01
  3.8070E+02  2.8573E-01  1.2383E-01
  3.8098E+02  2.8563E-01  1.2390E-01
  3.8126E+02  2.8553E-01  1.2396E-01
  3.8155E+02  2.8543E-01  1.2402E-01
  3.8183E+02  2.8532E-01  1.2408E-01
  3.8211E+02  2.8522E-01  1.2414E-01
  3.8239E+02  2.8512E-01  1.2420E-01
  3.8267E+02  2.8502E-01  1.2427E-01
  3.8296E+02  2.8491E-01  1.2433E-01
  3.8324E+02  2.8481E-01  1.2439E-01
  3.8352E+02  2.8471E-01  1.2445E-01
  3.8380E+02  2.8461E-01  1.2451E-01
  3.8408E+02  2.8451E-01  1.2457E-01
  3.8437E+02  2.8440E-01  1.2463E-01
  3.8465E+02  2.8430E-01  1.2470E-01
  3.8493E+02  2.8420E-01  1.2476E-01
  3.8521E+02  2.8410E-01  1.2482E-01
  3.8549E+02  2.8399E-01  1.2488E-01
  3.8578E+02  2.8389E-01  1.2494E-01
  3.8606E+02  2.8379E-01  1.2500E-01
  3.8634E+02  2.8369E-01  1.2506E-01
  3.8662E+02  2.8358E-01  1.2512E-01
  3.8690E+02  2.8348E-01  1.2518E-01
  3.8719E+02  2.8338E-01  1.2525E-01
  3.8747E+02  2.8328E-01  1.2531E-01
  3.8775E+02  2.8318E-01  1.2537E-01
  3.8803E+02  2.8307E-01  1.2543E-01
  3.8831E+02  2.8297E-01  1.2549E-01
  3.8860E+02  2.8287E-01  1.2555E-01
  3.8888E+02  2.8277E-01  1.2561E-01
  3.8916E+02  2.8266E-01  1.2567E-01
  3.8944E+02  2.8256E-01  1.2573E-01
  3.8972E+02  2.8246E-01  1.2579E-01
  3.9001E+02  2.8236E-01  1.2585E-01
  3.9029E+02  2.8225E-01  1.2591E-01
  3.9057E+02  2.8215E-01  1.2597E-01
  3.9085E+02  2.8205E-01  1.2603E-01
  3.9113E+02  2.8195E-01  1.2609E-01
  3.9142E+02  2.8185E-01  1.2615E-01
  3.9170E+02  2.8174E-01  1.2621E-01
  3.9198E+02  2.8164E-01  1.2627E-01
  3.9226E+02  2.8154E-01  1.2633E-01
  3.9254E+02  2.8144E-01  1.2639E-01
  3.9283E+02  2.8133E-01  1.2645E-01
  3.9311E+02  2.8123E-01  1.2651E-01
  3.9339E+02  2.8113E-01  1.2657E-01
  3.9367E+02  2.8103E-01  1.2663E-01
  3.9395E+02  2.8093E-01  1.2669E-01
  3.9424E+02  2.8082E-01  1.2675E-01
  3.9452E+02  2.8072E-01  1.2681E-01
  3.9480E+02  2.8062E-01  1.2687E-01
  3.9508E+02  2.8052E-01  1.2693E-01
  3.9536E+02  2.8041E-01  1.2699E-01
  3.9565E+02  2.8031E-01  1.2705E-01
  3.9593E+02  2.8021E-01  1.2711E-01
  3.9621E+02  2.8011E-01  1.2717E-01
  3.9649E+02  2.8001E-01  1.2723E-01
  3.9677E+02  2.7990E-01  1.2729E-01
  3.9706E+02  2.7980E-01  1.2735E-01
  3.9734E+02  2.7970E-01  1.2741E-01
  3.9762E+02  2.7960E-01  1.2747E-01
  3.9790E+02  2.7949E-01  1.2753E-01
  3.9818E+02  2.7939E-01  1.2758E-01
  3.9847E+02  2.7929E-01  1.2764E-01
  3.9875E+02  2.7919E-01  1.2770E-01
  3.9903E+02  2.7909E-01  1.2776E-01
  3.9931E+02  2.7898E-01  1.2782E-01
  3.9959E+02  2.7888E-01  1.2788E-01
  3.9988E+02  2.7878E-01  1.2794E-01
  4.0016E+02  2.7868E-01  1.2800E-01
  4.0044E+02  2.7858E-01  1.2806E-01
  4.0072E+02  2.7847E-01  1.2811E-01
  4.0100E+02  2.7837E-01  1.2817E-01
  4.0129E+02  2.7827E-01  1.2823E-01
  4.0157E+02  2.7817E-01  1.2829E-01
  4.0185E+02  2.7806E-01  1.2835E-01
  4.0213E+02  2.7796E-01  1.2841E-01
  4.0241E+02  2.7786E-01  1.2847E-01
  4.0270E+02  2.7776E-01  1.2852E-01
  4.0298E+02  2.7766E-01  1.2858E-01
  4.0326E+02  2.7755E-01  1.2864E-01
  4.0354E+02  2.7745E-01  1.2870E-01
  4.0382E+02  2.7735E-01  1.2876E-01
  4.0411E+02  2.7725E-01  1.2882E-01
  4.0439E+02  2.7715E-01  1.2887E-01
  4.0467E+02  2.7704E-01  1.2893E-01
  4.0495E+02  2.7694E-01  1.2899E-01
  4.0523E+02  2.7684E-01  1.2905E-01
  4.0552E+02  2.7674E-01  1.2911E-01
  4.0580E+02  2.7663E-01  1.2916E-01
  4.0608E+02  2.7653E-01  1.2922E-01
  4.0636E+02  2.7643E-01  1.2928E-01
  4.0664E+02  2.7633E-01  1.2934E-01
  4.0693E+02  2.7623E-01  1.2939E-01
  4.0721E+02  2.7612E-01  1.2945E-01
  4.0749E+02  2.7602E-01  1.2951E-01
  4.0777E+02  2.7592E-01  1.2957E-01
  4.0805E+02  2.7582E-01  1.2962E-01
  4.0834E+02  2.7572E-01  1.2968E-01
  4.0862E+02  2.7561E-01  1.2974E-01
  4.0890E+02  2.7551E-01  1.2980E-01
  4.0918E+02  2.7541E-01  1.2985E-01
  4.0946E+02  2.7531E-01  1.2991E-01
  4.0975E+02  2.7521E-01  1.2997E-01
  4.1003E+02  2.7510E-01  1.3003E-01
  4.1031E+02  2.7500E-01  1.3008E-01
  4.1059E+02  2.7490E-01  1.3014E-01
  4.1087E+02  2.7480E-01  1.3020E-01
  4.1116E+02  2.7470E-01  1.3025E-01
  4.1144E+02  2.7459E-01  1.3031E-01
  4.1172E+02  2.7449E-01  1.3037E-01
  4.1200E+02  2.7439E-01  1.3043E-01
  4.1228E+02  2.7429E-01  1.3048E-01
  4.1257E+02  2.7418E-01  1.3054E-01
  4.1285E+02  2.7408E-01  1.3060E-01
  4.1313E+02  2.7398E-01  1.3065E-01
  4.1341E+02  2.7388E-01  1.3071E-01
  4.1369E+02  2.7378E-01  1.3077E-01
  4.1398E+02  2.7367E-01  1.3082E-01
  4.1426E+02  2.7357E-01  1.3088E-01
  4.1454E+02  2.7347E-01  1.3094E-01
  4.1482E+02  2.7337E-01  1.3099E-01
  4.1510E+02  2.7327E-01  1.3105E-01
  4.1539E+02  2.7316E-01  1.3110E-01
  4.1567E+02  2.7306E-01  1.3116E-01
  4.1595E+02  2.7296E-01  1.3122E-01
  4.1623E+02  2.7286E-01  1.3127E-01
  4.1651E+02  2.7276E-01  1.3133E-01
  4.1680E+02  2.7265E-01  1.3139E-01
  4.1708E+02  2.7255E-01  1.3144E-01
  4.1736E+02  2.7245E-01  1.3150E-01
  4.1764E+02  2.7235E-01  1.3155E-01
  4.1792E+02  2.7225E-01  1.3161E-01
  4.1821E+02  2.7214E-01  1.3167E-01
  4.1849E+02  2.7204E-01  1.3172E-01
  4.1877E+02  2.7194E-01  1.3178E-01
  4.1905E+02  2.7184E-01  1.3183E-01
  4.1933E+02  2.7174E-01  1.3189E-01
  4.1962E+02  2.7163E-01  1.3194E-01
  4.1990E+02  2.7153E-01  1.3200E-01
  4.2018E+02  2.7143E-01  1.3206E-01
  4.2046E+02  2.7133E-01  1.3211E-01
  4.2074E+02  2.7123E-01  1.3217E-01
  4.2103E+02  2.7113E-01  1.3222E-01
  4.2131E+02  2.7102E-01  1.3228E-01
  4.2159E+02  2.7092E-01  1.3233E-01
  4.2187E+02  2.7082E-01  1.3239E-01
  4.2215E+02  2.7072E-01  1.3244E-01
  4.2244E+02  2.7062E-01  1.3250E-01
  4.2272E+02  2.7051E-01  1.3255E-01
  4.2300E+02  2.7041E-01  1.3261E-01
  4.2328E+02  2.7031E-01  1.3266E-01
  4.2356E+02  2.7021E-01  1.3272E-01
  4.2385E+02  2.7011E-01  1.3277E-01
  4.2413E+02  2.7000E-01  1.3283E-01
  4.2441E+02  2.6990E-01  1.3288E-01
  4.2469E+02  2.6980E-01  1.3294E-01
  4.2497E+02  2.6970E-01  1.3299E-01
  4.2526E+02  2.6960E-01  1.3305E-01
  4.2554E+02  2.6949E-01  1.3310E-01
  4.2582E+02  2.6939E-01  1.3316E-01
  4.2610E+02  2.6929E-01  1.3321E-01
  4.2638E+02  2.6919E-01  1.3327E-01
  4.2667E+02  2.6909E-01  1.3332E-01
  4.2695E+02  2.6899E-01  1.3338E-01
  4.2723E+02  2.6888E-01  1.3343E-01
  4.2751E+02  2.6878E-01  1.3349E-01
  4.2779E+02  2.6868E-01  1.3354E-01
  4.2808E+02  2.6858E-01  1.3359E-01
  4.2836E+02  2.6848E-01  1.3365E-01
  4.2864E+02  2.6837E-01  1.3370E-01
  4.2892E+02  2.6827E-01  1.3376E-01
  4.2920E+02  2.6817E-01  1.3381E-01
  4.2949E+02  2.6807E-01  1.3386E-01
  4.2977E+02  2.6797E-01  1.3392E-01
  4.3005E+02  2.6786E-01  1.3397E-01
  4.3033E+02  2.6776E-01  1.3403E-01
  4.3061E+02  2.6766E-01  1.3408E-01
  4.3090E+02  2.6756E-01  1.3413E-01
  4.3118E+02  2.6746E-01  1.3419E-01
  4.3146E+02  2.6736E-01  1.3424E-01
  4.3174E+02  2.6725E-01  1.3430E-01
  4.3202E+02  2.6715E-01  1.3435E-01
  4.3231E+02  2.6705E-01  1.3440E-01
  4.3259E+02  2.6695E-01  1.3446E-01
  4.3287E+02  2.6685E-01  1.3451E-01
  4.3315E+02  2.6674E-01  1.3456E-01
  4.3343E+02  2.6664E-01  1.3462E-01
  4.3372E+02  2.6654E-01  1.3467E-01
  4.3400E+02  2.6644E-01  1.3472E-01
  4.3428E+02  2.6634E-01  1.3478E-01
  4.3456E+02  2.6624E-01  1.3483E-01
  4.3484E+02  2.6613E-01  1.3488E-01
  4.3513E+02  2.6603E-01  1.3494E-01
  4.3541E+02  2.6593E-01  1.3499E-01
  4.3569E+02  2.6583E-01  1.3504E-01
  4.3597E+02  2.6573E-01  1.3510E-01
  4.3625E+02  2.6563E-01  1.3515E-01
  4.3654E+02  2.6552E-01  1.3520E-01
  4.3682E+02  2.6542E-01  1.3526E-01
  4.3710E+02  2.6532E-01  1.3531E-01
  4.3738E+02  2.6522E-01  1.3536E-01
  4.3766E+02  2.6512E-01  1.3541E-01
  4.3795E+02  2.6501E-01  1.3547E-01
  4.3823E+02  2.6491E-01  1.3552E-01
  4.3851E+02  2.6481E-01  1.3557E-01
  4.3879E+02  2.6471E-01  1.3562E-01
  4.3907E+02  2.6461E-01  1.3568E-01
  4.3936E+02  2.6451E-01  1.3573E-01
  4.3964E+02  2.6440E-01  1.3578E-01
  4.3992E+02  2.6430E-01  1.3583E-01
  4.4020E+02  2.6420E-01  1.3589E-01
  4.4048E+02  2.6410E-01  1.3594E-01
  4.4077E+02  2.6400E-01  1.3599E-01
  4.4105E+02  2.6390E-01  1.3604E-01
  4.4133E+02  2.6379E-01  1.3610E-01
  4.4161E+02  2.6369E-01  1.3615E-01
  4.4189E+02  2.6359E-01  1.3620E-01
  4.4218E+02  2.6349E-01  1.3625E-01
  4.4246E+02  2.6339E-01  1.3630E-01
  4.4274E+02  2.6329E-01  1.3636E-01
  4.4302E+02  2.6318E-01  1.3641E-01
  4.4330E+02  2.6308E-01  1.3646E-01
  4.4359E+02  2.6298E-01  1.3651E-01
  4.4387E+02  2.6288E-01  1.3656E-01
  4.4415E+02  2.6278E-01  1.3662E-01
  4.4443E+02  2.6268E-01  1.3667E-01
  4.4471E+02  2.6257E-01  1.3672E-01
  4.4500E+02  2.6247E-01  1.3677E-01
  4.4528E+02  2.6237E-01  1.3682E-01
  4.4556E+02  2.6227E-01  1.3687E-01
  4.4584E+02  2.6217E-01  1.3693E-01
  4.4612E+02  2.6207E-01  1.3698E-01
  4.4641E+02  2.6196E-01  1.3703E-01
  4.4669E+02  2.6186E-01  1.3708E-01
  4.4697E+02  2.6176E-01  1.3713E-01
  4.4725E+02  2.6166E-01  1.3718E-01
  4.4753E+02  2.6156E-01  1.3723E-01
  4.4782E+02  2.6146E-01  1.3728E-01
  4.4810E+02  2.6135E-01  1.3734E-01
  4.4838E+02  2.6125E-01  1.3739E-01
  4.4866E+02  2.6115E-01  1.3744E-01
  4.4894E+02  2.6105E-01  1.3749E-01
  4.4923E+02  2.6095E-01  1.3754E-01
  4.4951E+02  2.6085E-01  1.3759E-01
  4.4979E+02  2.6075E-01  1.3764E-01
  4.5007E+02  2.6064E-01  1.3769E-01
  4.5035E+02  2.6054E-01  1.3774E-01
  4.5064E+02  2.6044E-01  1.3779E-01
  4.5092E+02  2.6034E-01  1.3784E-01
  4.5120E+02  2.6024E-01  1.3789E-01
  4.5148E+02  2.6014E-01  1.3795E-01
  4.5176E+02  2.6003E-01  1.3800E-01
  4.5205E+02  2.5993E-01  1.3805E-01
  4.5233E+02  2.5983E-01  1.3810E-01
  4.5261E+02  2.5973E-01  1.3815E-01
  4.5289E+02  2.5963E-01  1.3820E-01
  4.5317E+02  2.5953E-01  1.3825E-01
  4.5346E+02  2.5943E-01  1.3830E-01
  4.5374E+02  2.5932E-01  1.3835E-01
  4.5402E+02  2.5922E-01  1.3840E-01
  4.5430E+02  2.5912E-01  1.3845E-01
  4.5458E+02  2.5902E-01  1.3850E-01
  4.5487E+02  2.5892E-01  1.3855E-01
  4.5515E+02  2.5882E-01  1.3860E-01
  4.5543E+02  2.5871E-01  1.3865E-01
  4.5571E+02  2.5861E-01  1.3870E-01
  4.5599E+02  2.5851E-01  1.3875E-01
  4.5628E+02  2.5841E-01  1.3880E-01
  4.5656E+02  2.5831E-01  1.3885E-01
  4.5684E+02  2.5821E-01  1.3890E-01
  4.5712E+02  2.5811E-01  1.3895E-01
  4.5740E+02  2.5800E-01  1.3900E-01
  4.5769E+02  2.5790E-01  1.3905E-01
  4.5797E+02  2.5780E-01  1.3910E-01
  4.5825E+02  2.5770E-01  1.3915E-01
  4.5853E+02  2.5760E-01  1.3920E-01
  4.5881E+02  2.5750E-01  1.3924E-01
  4.5910E+02  2.5740E-01  1.3929E-01
  4.5938E+02  2.5729E-01  1.3934E-01
  4.5966E+02  2.5719E-01  1.3939E-01
  4.5994E+02  2.5709E-01  1.3944E-01
  4.6022E+02  2.5699E-01  1.3949E-01
  4.6051E+02  2.5689E-01  1.3954E-01
  4.6079E+02  2.5679E-01  1.3959E-01
  4.6107E+02  2.5669E-01  1.3964E-01
  4.6135E+02  2.5658E-01  1.3969E-01
  4.6163E+02  2.5648E-01  1.3974E-01
  4.6192E+02  2.5638E-01  1.3978E-01
  4.6220E+02  2.5628E-01  1.3983E-01
  4.6248E+02  2.5618E-01  1.3988E-01
  4.6276E+02  2.5608E-01  1.3993E-01
  4.6304E+02  2.5598E-01  1.3998E-01
  4.6333E+02  2.5588E-01  1.4003E-01
  4.6361E+02  2.5577E-01  1.4008E-01
  4.6389E+02  2.5567E-01  1.4013E-01
  4.6417E+02  2.5557E-01  1.4017E-01
  4.6445E+02  2.5547E-01  1.4022E-01
  4.6474E+02  2.5537E-01  1.4027E-01
  4.6502E+02  2.5527E-01  1.4032E-01
  4.6530E+02  2.5517E-01  1.4037E-01
  4.6558E+02  2.5506E-01  1.4042E-01
  4.6586E+02  2.5496E-01  1.4046E-01
  4.6615E+02  2.5486E-01  1.4051E-01
  4.6643E+02  2.5476E-01  1.4056E-01
  4.6671E+02  2.5466E-01  1.4061E-01
  4.6699E+02  2.5456E-01  1.4066E-01
  4.6727E+02  2.5446E-01  1.4071E-01
  4.6756E+02  2.5436E-01  1.4075E-01
  4.6784E+02  2.5425E-01  1.4080E-01
  4.6812E+02  2.5415E-01  1.4085E-01
  4.6840E+02  2.5405E-01  1.4090E-01
  4.6868E+02  2.5395E-01  1.4095E-01
  4.6897E+02  2.5385E-01  1.4099E-01
  4.6925E+02  2.5375E-01  1.4104E-01
  4.6953E+02  2.5365E-01  1.4109E-01
  4.6981E+02  2.5355E-01  1.4114E-01
  4.7009E+02  2.5344E-01  1.4118E-01
  4.7038E+02  2.5334E-01  1.4123E-01
  4.7066E+02  2.5324E-01  1.4128E-01
  4.7094E+02  2.5314E-01  1.4133E-01
  4.7122E+02  2.5304E-01  1.4137E-01
  4.7150E+02  2.5294E-01  1.4142E-01
  4.7179E+02  2.5284E-01  1.4147E-01
  4.7207E+02  2.5274E-01  1.4152E-01
  4.7235E+02  2.5263E-01  1.4156E-01
  4.7263E+02  2.5253E-01  1.4161E-01
  4.7291E+02  2.5243E-01  1.4166E-01
  4.7320E+02  2.5233E-01  1.4170E-01
  4.7348E+02  2.5223E-01  1.4175E-01
  4.7376E+02  2.5213E-01  1.4180E-01
  4.7404E+02  2.5203E-01  1.4185E-01
  4.7432E+02  2.5193E-01  1.4189E-01
  4.7461E+02  2.5183E-01  1.4194E-01
  4.7489E+02  2.5172E-01  1.4199E-01
  4.7517E+02  2.5162E-01  1.4203E-01
  4.7545E+02  2.5152E-01  1.4208E-01
  4.7573E+02  2.5142E-01  1.4213E-01
  4.7602E+02  2.5132E-01  1.4217E-01
  4.7630E+02  2.5122E-01  1.4222E-01
  4.7658E+02  2.5112E-01  1.4227E-01
  4.7686E+02  2.5102E-01  1.4231E-01
  4.7714E+02  2.5091E-01  1.4236E-01
  4.7743E+02  2.5081E-01  1.4241E-01
  4.7771E+02  2.5071E-01  1.4245E-01
  4.7799E+02  2.5061E-01  1.4250E-01
  4.7827E+02  2.5051E-01  1.4254E-01
  4.7855E+02  2.5041E-01  1.4259E-01
  4.7884E+02  2.5031E-01  1.4264E-01
  4.7912E+02  2.5021E-01  1.4268E-01
  4.7940E+02  2.5011E-01  1.4273E-01
  4.7968E+02  2.5001E-01  1.4278E-01
  4.7996E+02  2.4990E-01  1.4282E-01
  4.8025E+02  2.4980E-01  1.4287E-01
  4.8053E+02  2.4970E-01  1.4291E-01
  4.8081E+02  2.4960E-01  1.4296E-01
  4.8109E+02  2.4950E-01  1.4301E-01
  4.8137E+02  2.4940E-01  1.4305E-01
  4.8166E+02  2.4930E-01  1.4310E-01
  4.8194E+02  2.4920E-01  1.4314E-01
  4.8222E+02  2.4910E-01  1.4319E-01
  4.8250E+02  2.4899E-01  1.4323E-01
  4.8278E+02  2.4889E-01  1.4328E-01
  4.8307E+02  2.4879E-01  1.4332E-01
  4.8335E+02  2.4869E-01  1.4337E-01
  4.8363E+02  2.4859E-01  1.4342E-01
  4.8391E+02  2.4849E-01  1.4346E-01
  4.8419E+02  2.4839E-01  1.4351E-01
  4.8448E+02  2.4829E-01  1.4355E-01
  4.8476E+02  2.4819E-01  1.4360E-01
  4.8504E+02  2.4809E-01  1.4364E-01
  4.8532E+02  2.4799E-01  1.4369E-01
  4.8560E+02  2.4788E-01  1.4373E-01
  4.8589E+02  2.4778E-01  1.4378E-01
  4.8617E+02  2.4768E-01  1.4382E-01
  4.8645E+02  2.4758E-01  1.4387E-01
  4.8673E+02  2.4748E-01  1.4391E-01
  4.8701E+02  2.4738E-01  1.4396E-01
  4.8730E+02  2.4728E-01  1.4400E-01
  4.8758E+02  2.4718E-01  1.4405E-01
  4.8786E+02  2.4708E-01  1.4409E-01
  4.8814E+02  2.4698E-01  1.4414E-01
  4.8842E+02  2.4688E-01  1.4418E-01
  4.8871E+02  2.4677E-01  1.4423E-01
  4.8899E+02  2.4667E-01  1.4427E-01
  4.8927E+02  2.4657E-01  1.4432E-01
  4.8955E+02  2.4647E-01  1.4436E-01
  4.8983E+02  2.4637E-01  1.4440E-01
  4.9012E+02  2.4627E-01  1.4445E-01
  4.9040E+02  2.4617E-01  1.4449E-01
  4.9068E+02  2.4607E-01  1.4454E-01
  4.9096E+02  2.4597E-01  1.4458E-01
  4.9124E+02  2.4587E-01  1.4463E-01
  4.9153E+02  2.4577E-01  1.4467E-01
  4.9181E+02  2.4566E-01  1.4471E-01
  4.9209E+02  2.4556E-01  1.4476E-01
  4.9237E+02  2.4546E-01  1.4480E-01
  4.9265E+02  2.4536E-01  1.4485E-01
  4.9294E+02  2.4526E-01  1.4489E-01
  4.9322E+02  2.4516E-01  1.4493E-01
  4.9350E+02  2.4506E-01  1.4498E-01
  4.9378E+02  2.4496E-01  1.4502E-01
  4.9406E+02  2.4486E-01  1.4507E-01
  4.9435E+02  2.4476E-01  1.4511E-01
  4.9463E+02  2.4466E-01  1.4515E-01
  4.9491E+02  2.4456E-01  1.4520E-01
  4.9519E+02  2.4446E-01  1.4524E-01
  4.9547E+02  2.4435E-01  1.4528E-01
  4.9576E+02  2.4425E-01  1.4533E-01
  4.9604E+02  2.4415E-01  1.4537E-01
  4.9632E+02  2.4405E-01  1.4541E-01
  4.9660E+02  2.4395E-01  1.4546E-01
  4.9688E+02  2.4385E-01  1.4550E-01
  4.9717E+02  2.4375E-01  1.4554E-01
  4.9745E+02  2.4365E-01  1.4559E-01
  4.9773E+02  2.4355E-01  1.4563E-01
  4.9801E+02  2.4345E-01  1.4567E-01
  4.9829E+02  2.4335E-01  1.4572E-01
  4.9858E+02  2.4325E-01  1.4576E-01
  4.9886E+02  2.4315E-01  1.4580E-01
  4.9914E+02  2.4305E-01  1.4585E-01
  4.9942E+02  2.4294E-01  1.4589E-01
  4.9970E+02  2.4284E-01  1.4593E-01
  4.9999E+02  2.4274E-01  1.4598E-01
  5.0000E+02  2.4274E-01  1.4598E-01
