# CREATED BY GENE DIAGNOSTICS TOOL on Mon Nov 19 14:21:57 2018
# diag: gamdiag, run(s): 0007, time window: 0-87.058(1103 steps), species: ions
# normalization: R_0
#
# xind= 0, x/a= Infinity, q= 1.2
# Fit:    0.095405603,0.59668221,2.4752089
# Analytic: 0.12068711,0.03583616,0.71653003
#  t          Re[phi]     Im[phi]   
  0.0000E+00  3.9995E+00  0.0000E+00
  7.9000E-02  3.9372E+00  7.4132E-18
  1.5800E-01  3.7543E+00 -7.1530E-17
  2.3700E-01  3.4625E+00  1.9841E-17
  3.1600E-01  3.0798E+00 -4.8193E-17
  3.9500E-01  2.6287E+00 -4.3856E-17
  4.7400E-01  2.1344E+00  5.0914E-16
  5.5300E-01  1.6230E+00  6.1870E-16
  6.3200E-01  1.1190E+00 -5.9534E-16
  7.1100E-01  6.4461E-01  4.4815E-16
  7.9000E-01  2.1830E-01 -7.4458E-16
  8.6900E-01 -1.4567E-01 -4.7477E-16
  9.4800E-01 -4.3757E-01  1.6624E-16
  1.0270E+00 -6.5210E-01 -7.9124E-16
  1.1060E+00 -7.8814E-01 -2.5956E-16
  1.1850E+00 -8.4816E-01  1.2875E-18
  1.2640E+00 -8.3769E-01  2.2311E-18
  1.3430E+00 -7.6451E-01 -1.0368E-17
  1.4220E+00 -6.3809E-01 -1.0842E-17
  1.5010E+00 -4.6885E-01 -1.8581E-17
  1.5800E+00 -2.6767E-01  6.2518E-17
  1.6590E+00 -4.5424E-02 -1.2352E-16
  1.7380E+00  1.8737E-01 -1.4515E-17
  1.8170E+00  4.2083E-01 -5.3329E-18
  1.8960E+00  6.4591E-01  1.8836E-16
  1.9750E+00  8.5454E-01 -5.5748E-17
  2.0540E+00  1.0398E+00  1.8803E-17
  2.1330E+00  1.1960E+00 -6.8037E-17
  2.2120E+00  1.3188E+00 -9.6155E-18
  2.2910E+00  1.4053E+00 -4.4073E-17
  2.3700E+00  1.4540E+00 -8.2657E-17
  2.4490E+00  1.4647E+00 -6.1827E-17
  2.5280E+00  1.4389E+00 -1.3479E-16
  2.6070E+00  1.3790E+00 -1.2986E-16
  2.6860E+00  1.2889E+00 -1.3341E-16
  2.7650E+00  1.1733E+00 -2.6982E-16
  2.8440E+00  1.0377E+00  1.7754E-18
  2.9230E+00  8.8813E-01 -7.2018E-17
  3.0020E+00  7.3110E-01 -1.0862E-16
  3.0810E+00  5.7300E-01 -1.1919E-16
  3.1600E+00  4.2007E-01 -1.3269E-16
  3.2390E+00  2.7811E-01  9.9916E-17
  3.3180E+00  1.5225E-01 -3.4003E-17
  3.3970E+00  4.6798E-02  6.6760E-17
  3.4760E+00 -3.4958E-02  8.1012E-17
  3.5550E+00 -9.0809E-02 -7.4663E-17
  3.6340E+00 -1.1970E-01 -4.3948E-18
  3.7130E+00 -1.2172E-01 -3.0891E-17
  3.7920E+00 -9.8076E-02 -5.7969E-17
  3.8710E+00 -5.0985E-02 -1.0805E-16
  3.9500E+00  1.6461E-02 -1.6889E-16
  4.0290E+00  1.0046E-01 -1.2913E-16
  4.1080E+00  1.9668E-01 -1.8443E-16
  4.1870E+00  3.0047E-01 -1.3146E-16
  4.2660E+00  4.0710E-01 -1.9179E-16
  4.3450E+00  5.1192E-01 -1.5211E-16
  4.4240E+00  6.1057E-01 -2.1477E-16
  4.5030E+00  6.9919E-01 -2.9108E-16
  4.5820E+00  7.7447E-01 -2.7858E-16
  4.6610E+00  8.3387E-01 -3.0891E-16
  4.7400E+00  8.7562E-01 -2.6876E-16
  4.8190E+00  8.9876E-01 -2.3634E-16
  4.8980E+00  9.0321E-01 -2.2538E-16
  4.9770E+00  8.8962E-01 -7.3448E-17
  5.0560E+00  8.5941E-01 -2.0031E-17
  5.1350E+00  8.1458E-01  5.7337E-17
  5.2140E+00  7.5766E-01  6.0593E-17
  5.2930E+00  6.9160E-01  1.3586E-16
  5.3720E+00  6.1958E-01  1.3832E-16
  5.4510E+00  5.4489E-01  1.4051E-16
  5.5300E+00  4.7078E-01  1.4563E-16
  5.6090E+00  4.0029E-01  1.4709E-16
  5.6880E+00  3.3616E-01  2.0570E-16
  5.7670E+00  2.8072E-01  2.1424E-16
  5.8460E+00  2.3582E-01  1.4732E-16
  5.9250E+00  2.0279E-01  1.1633E-16
  6.0040E+00  1.8240E-01  5.5002E-17
  6.0830E+00  1.7485E-01  5.5908E-17
  6.1620E+00  1.7983E-01  2.9302E-17
  6.2410E+00  1.9652E-01 -1.3561E-17
  6.3200E+00  2.2368E-01 -1.9013E-17
  6.3990E+00  2.5974E-01 -4.4342E-17
  6.4780E+00  3.0282E-01 -5.8713E-17
  6.5570E+00  3.5081E-01 -5.8179E-17
  6.6360E+00  4.0145E-01 -5.4556E-17
  6.7150E+00  4.5237E-01 -7.4068E-17
  6.7940E+00  5.0128E-01 -1.0345E-16
  6.8730E+00  5.4608E-01 -3.6297E-17
  6.9520E+00  5.8499E-01 -5.4292E-17
  7.0310E+00  6.1668E-01 -3.1411E-17
  7.1100E+00  6.4031E-01 -3.1074E-17
  7.1890E+00  6.5552E-01 -2.7918E-17
  7.2680E+00  6.6235E-01 -2.5635E-17
  7.3470E+00  6.6112E-01 -5.3505E-17
  7.4260E+00  6.5233E-01 -5.1622E-17
  7.5050E+00  6.3660E-01 -7.5206E-17
  7.5840E+00  6.1467E-01 -4.4012E-17
  7.6630E+00  5.8741E-01 -4.0891E-17
  7.7420E+00  5.5587E-01 -7.8830E-17
  7.8210E+00  5.2130E-01 -7.3243E-17
  7.9000E+00  4.8521E-01 -2.9702E-17
  7.9790E+00  4.4921E-01 -1.6217E-16
  8.0580E+00  4.1498E-01 -1.2644E-16
  8.1370E+00  3.8414E-01 -1.4083E-17
  8.2160E+00  3.5807E-01 -5.7844E-17
  8.2950E+00  3.3784E-01 -1.0935E-16
  8.3740E+00  3.2413E-01 -6.9873E-17
  8.4530E+00  3.1723E-01 -1.2825E-16
  8.5320E+00  3.1704E-01 -1.1418E-16
  8.6110E+00  3.2313E-01 -1.6764E-16
  8.6900E+00  3.3479E-01 -1.9467E-16
  8.7690E+00  3.5113E-01 -2.2630E-16
  8.8480E+00  3.7108E-01 -2.3910E-16
  8.9270E+00  3.9353E-01 -2.8120E-16
  9.0060E+00  4.1733E-01 -2.9560E-16
  9.0850E+00  4.4137E-01 -3.1214E-16
  9.1640E+00  4.6463E-01 -3.2282E-16
  9.2430E+00  4.8623E-01 -3.3564E-16
  9.3220E+00  5.0542E-01 -3.5400E-16
  9.4010E+00  5.2164E-01 -3.3012E-16
  9.4800E+00  5.3451E-01 -3.2947E-16
  9.5590E+00  5.4377E-01 -3.0083E-16
  9.6380E+00  5.4932E-01 -2.8344E-16
  9.7170E+00  5.5114E-01 -2.2549E-16
  9.7960E+00  5.4923E-01 -1.9708E-16
  9.8750E+00  5.4366E-01 -1.5719E-16
  9.9540E+00  5.3452E-01 -1.4271E-16
  1.0033E+01  5.2196E-01 -1.0445E-16
  1.0112E+01  5.0622E-01 -3.3549E-17
  1.0191E+01  4.8771E-01 -3.0053E-18
  1.0270E+01  4.6704E-01  3.9201E-18
  1.0349E+01  4.4505E-01  1.0192E-16
  1.0428E+01  4.2284E-01  5.3397E-17
  1.0507E+01  4.0171E-01  7.2711E-17
  1.0586E+01  3.8311E-01  1.0405E-16
  1.0665E+01  3.6848E-01  7.0819E-17
  1.0744E+01  3.5913E-01  7.3466E-17
  1.0823E+01  3.5601E-01  6.6742E-17
  1.0902E+01  3.5963E-01  6.5115E-17
  1.0981E+01  3.6987E-01  4.7742E-17
  1.1060E+01  3.8600E-01  2.8869E-17
  1.1139E+01  4.0667E-01 -3.3141E-17
  1.1218E+01  4.3002E-01 -3.6378E-17
  1.1297E+01  4.5385E-01 -8.5892E-17
  1.1376E+01  4.7584E-01 -9.6945E-17
  1.1455E+01  4.9381E-01 -1.2556E-16
  1.1534E+01  5.0594E-01 -1.5937E-16
  1.1613E+01  5.1099E-01 -1.6210E-16
  1.1692E+01  5.0844E-01 -1.8877E-16
  1.1771E+01  4.9857E-01 -2.2492E-16
  1.1850E+01  4.8241E-01 -2.0182E-16
  1.1929E+01  4.6165E-01 -1.7689E-16
  1.2008E+01  4.3845E-01 -2.1498E-16
  1.2087E+01  4.1518E-01 -1.9704E-16
  1.2166E+01  3.9421E-01 -1.7439E-16
  1.2245E+01  3.7761E-01 -2.2450E-16
  1.2324E+01  3.6699E-01 -1.6805E-16
  1.2403E+01  3.6331E-01 -1.5912E-16
  1.2482E+01  3.6686E-01 -1.5967E-16
  1.2561E+01  3.7720E-01 -1.1223E-16
  1.2640E+01  3.9328E-01 -8.6831E-17
  1.2719E+01  4.1352E-01 -1.2563E-16
  1.2798E+01  4.3603E-01 -9.0002E-17
  1.2877E+01  4.5878E-01 -8.7326E-17
  1.2956E+01  4.7973E-01 -9.4915E-17
  1.3035E+01  4.9709E-01 -5.2523E-17
  1.3114E+01  5.0940E-01 -5.3383E-17
  1.3193E+01  5.1569E-01 -7.2537E-17
  1.3272E+01  5.1551E-01 -8.7759E-17
  1.3351E+01  5.0896E-01 -7.5264E-17
  1.3430E+01  4.9667E-01 -1.0578E-16
  1.3509E+01  4.7965E-01 -1.2339E-16
  1.3588E+01  4.5923E-01 -2.0626E-16
  1.3667E+01  4.3692E-01 -1.6624E-16
  1.3746E+01  4.1425E-01 -1.7324E-16
  1.3825E+01  3.9271E-01 -1.8190E-16
  1.3904E+01  3.7363E-01 -1.8314E-16
  1.3983E+01  3.5811E-01 -2.4100E-16
  1.4062E+01  3.4700E-01 -2.0962E-16
  1.4141E+01  3.4083E-01 -2.1595E-16
  1.4220E+01  3.3982E-01 -2.2762E-16
  1.4299E+01  3.4385E-01 -2.2967E-16
  1.4378E+01  3.5247E-01 -2.1117E-16
  1.4457E+01  3.6495E-01 -1.8572E-16
  1.4536E+01  3.8033E-01 -1.6938E-16
  1.4615E+01  3.9756E-01 -1.8303E-16
  1.4694E+01  4.1551E-01 -1.8156E-16
  1.4773E+01  4.3314E-01 -1.4947E-16
  1.4852E+01  4.4955E-01 -1.3171E-16
  1.4931E+01  4.6397E-01 -1.3942E-16
  1.5010E+01  4.7585E-01 -1.4829E-16
  1.5089E+01  4.8480E-01 -1.4483E-16
  1.5168E+01  4.9060E-01 -1.4826E-16
  1.5247E+01  4.9313E-01 -1.7043E-16
  1.5326E+01  4.9245E-01 -1.5866E-16
  1.5405E+01  4.8868E-01 -1.5348E-16
  1.5484E+01  4.8211E-01 -1.9091E-16
  1.5563E+01  4.7312E-01 -1.5374E-16
  1.5642E+01  4.6220E-01 -1.4921E-16
  1.5721E+01  4.4996E-01 -1.6254E-16
  1.5800E+01  4.3703E-01 -1.7879E-16
  1.5879E+01  4.2410E-01 -1.7247E-16
  1.5958E+01  4.1182E-01 -1.9264E-16
  1.6037E+01  4.0078E-01 -1.9655E-16
  1.6116E+01  3.9146E-01 -2.0533E-16
  1.6195E+01  3.8422E-01 -2.0274E-16
  1.6274E+01  3.7926E-01 -1.9395E-16
  1.6353E+01  3.7668E-01 -1.9249E-16
  1.6432E+01  3.7643E-01 -1.8549E-16
  1.6511E+01  3.7838E-01 -1.4766E-16
  1.6590E+01  3.8229E-01 -1.3347E-16
  1.6669E+01  3.8787E-01 -1.4344E-16
  1.6748E+01  3.9478E-01 -1.2606E-16
  1.6827E+01  4.0264E-01 -1.1011E-16
  1.6906E+01  4.1107E-01 -8.7620E-17
  1.6985E+01  4.1968E-01 -9.8459E-17
  1.7064E+01  4.2811E-01 -9.0389E-17
  1.7143E+01  4.3601E-01 -9.8193E-17
  1.7222E+01  4.4304E-01 -9.8861E-17
  1.7301E+01  4.4894E-01 -9.9422E-17
  1.7380E+01  4.5345E-01 -1.1803E-16
  1.7459E+01  4.5639E-01 -1.2809E-16
  1.7538E+01  4.5765E-01 -1.5361E-16
  1.7617E+01  4.5716E-01 -1.7213E-16
  1.7696E+01  4.5496E-01 -1.8404E-16
  1.7775E+01  4.5114E-01 -1.9226E-16
  1.7854E+01  4.4587E-01 -2.4471E-16
  1.7933E+01  4.3941E-01 -2.0315E-16
  1.8012E+01  4.3202E-01 -2.4682E-16
  1.8091E+01  4.2405E-01 -2.2175E-16
  1.8170E+01  4.1582E-01 -2.1082E-16
  1.8249E+01  4.0768E-01 -2.4609E-16
  1.8328E+01  3.9997E-01 -2.1525E-16
  1.8407E+01  3.9298E-01 -2.2658E-16
  1.8486E+01  3.8697E-01 -2.0524E-16
  1.8565E+01  3.8216E-01 -2.2022E-16
  1.8644E+01  3.7870E-01 -1.9563E-16
  1.8723E+01  3.7667E-01 -2.1313E-16
  1.8802E+01  3.7610E-01 -1.9026E-16
  1.8881E+01  3.7697E-01 -1.9081E-16
  1.8960E+01  3.7917E-01 -1.9955E-16
  1.9039E+01  3.8259E-01 -2.0563E-16
  1.9118E+01  3.8703E-01 -2.1426E-16
  1.9197E+01  3.9227E-01 -2.2053E-16
  1.9276E+01  3.9806E-01 -2.2185E-16
  1.9355E+01  4.0411E-01 -2.1657E-16
  1.9434E+01  4.1010E-01 -2.2193E-16
  1.9513E+01  4.1575E-01 -2.2497E-16
  1.9592E+01  4.2075E-01 -2.1710E-16
  1.9671E+01  4.2484E-01 -2.1633E-16
  1.9750E+01  4.2783E-01 -2.2384E-16
  1.9829E+01  4.2956E-01 -2.1280E-16
  1.9908E+01  4.2996E-01 -2.2182E-16
  1.9987E+01  4.2902E-01 -2.1674E-16
  2.0066E+01  4.2680E-01 -2.1466E-16
  2.0145E+01  4.2341E-01 -1.8217E-16
  2.0224E+01  4.1903E-01 -2.0632E-16
  2.0303E+01  4.1386E-01 -1.9744E-16
  2.0382E+01  4.0814E-01 -1.8818E-16
  2.0461E+01  4.0211E-01 -1.9387E-16
  2.0540E+01  3.9601E-01 -1.9530E-16
  2.0619E+01  3.9010E-01 -2.0080E-16
  2.0698E+01  3.8459E-01 -2.0467E-16
  2.0777E+01  3.7971E-01 -1.9776E-16
  2.0856E+01  3.7566E-01 -1.9938E-16
  2.0935E+01  3.7267E-01 -1.9382E-16
  2.1014E+01  3.7093E-01 -1.9173E-16
  2.1093E+01  3.7066E-01 -1.9414E-16
  2.1172E+01  3.7200E-01 -1.9603E-16
  2.1251E+01  3.7507E-01 -1.9618E-16
  2.1330E+01  3.7986E-01 -2.0405E-16
  2.1409E+01  3.8628E-01 -1.9448E-16
  2.1488E+01  3.9408E-01 -1.9674E-16
  2.1567E+01  4.0293E-01 -2.0295E-16
  2.1646E+01  4.1238E-01 -2.0716E-16
  2.1725E+01  4.2194E-01 -1.9249E-16
  2.1804E+01  4.3109E-01 -1.9780E-16
  2.1883E+01  4.3937E-01 -1.9876E-16
  2.1962E+01  4.4633E-01 -1.9829E-16
  2.2041E+01  4.5164E-01 -2.0119E-16
  2.2120E+01  4.5507E-01 -1.9875E-16
  2.2199E+01  4.5649E-01 -2.1288E-16
  2.2278E+01  4.5589E-01 -2.0948E-16
  2.2357E+01  4.5336E-01 -2.2152E-16
  2.2436E+01  4.4905E-01 -2.3098E-16
  2.2515E+01  4.4319E-01 -2.2884E-16
  2.2594E+01  4.3602E-01 -2.2427E-16
  2.2673E+01  4.2780E-01 -2.0791E-16
  2.2752E+01  4.1877E-01 -2.5691E-16
  2.2831E+01  4.0915E-01 -2.2487E-16
  2.2910E+01  3.9911E-01 -2.3111E-16
  2.2989E+01  3.8881E-01 -2.1243E-16
  2.3068E+01  3.7839E-01 -2.4429E-16
  2.3147E+01  3.6802E-01 -2.1622E-16
  2.3226E+01  3.5787E-01 -2.3720E-16
  2.3305E+01  3.4819E-01 -2.2961E-16
  2.3384E+01  3.3929E-01 -2.5575E-16
  2.3463E+01  3.3152E-01 -2.4052E-16
  2.3542E+01  3.2532E-01 -2.4461E-16
  2.3621E+01  3.2110E-01 -2.3773E-16
  2.3700E+01  3.1927E-01 -2.3750E-16
  2.3779E+01  3.2014E-01 -2.3333E-16
  2.3858E+01  3.2394E-01 -2.3469E-16
  2.3937E+01  3.3070E-01 -2.2551E-16
  2.4016E+01  3.4028E-01 -2.3008E-16
  2.4095E+01  3.5238E-01 -2.2076E-16
  2.4174E+01  3.6648E-01 -2.3630E-16
  2.4253E+01  3.8194E-01 -2.2151E-16
  2.4332E+01  3.9801E-01 -2.4175E-16
  2.4411E+01  4.1386E-01 -2.2018E-16
  2.4490E+01  4.2867E-01 -2.2390E-16
  2.4569E+01  4.4170E-01 -2.2076E-16
  2.4648E+01  4.5226E-01 -2.2541E-16
  2.4727E+01  4.5987E-01 -2.2490E-16
  2.4806E+01  4.6418E-01 -2.2742E-16
  2.4885E+01  4.6505E-01 -2.3261E-16
  2.4964E+01  4.6254E-01 -2.2976E-16
  2.5043E+01  4.5688E-01 -2.4568E-16
  2.5122E+01  4.4848E-01 -2.3733E-16
  2.5201E+01  4.3786E-01 -2.4442E-16
  2.5280E+01  4.2565E-01 -2.6371E-16
  2.5359E+01  4.1252E-01 -2.6650E-16
  2.5438E+01  3.9916E-01 -2.7344E-16
  2.5517E+01  3.8623E-01 -2.7432E-16
  2.5596E+01  3.7432E-01 -2.5552E-16
  2.5675E+01  3.6394E-01 -2.7188E-16
  2.5754E+01  3.5548E-01 -2.6462E-16
  2.5833E+01  3.4922E-01 -2.5339E-16
  2.5912E+01  3.4529E-01 -2.4304E-16
  2.5991E+01  3.4371E-01 -2.4006E-16
  2.6070E+01  3.4440E-01 -2.4250E-16
  2.6149E+01  3.4714E-01 -2.3382E-16
  2.6228E+01  3.5166E-01 -2.3426E-16
  2.6307E+01  3.5764E-01 -2.1760E-16
  2.6386E+01  3.6468E-01 -2.3662E-16
  2.6465E+01  3.7242E-01 -2.2654E-16
  2.6544E+01  3.8045E-01 -2.3345E-16
  2.6623E+01  3.8843E-01 -2.2817E-16
  2.6702E+01  3.9603E-01 -2.3949E-16
  2.6781E+01  4.0297E-01 -2.4314E-16
  2.6860E+01  4.0903E-01 -2.4292E-16
  2.6939E+01  4.1404E-01 -2.5017E-16
  2.7018E+01  4.1788E-01 -2.5293E-16
  2.7097E+01  4.2047E-01 -2.5775E-16
  2.7176E+01  4.2179E-01 -2.6267E-16
  2.7255E+01  4.2186E-01 -2.5939E-16
  2.7334E+01  4.2074E-01 -2.5970E-16
  2.7413E+01  4.1854E-01 -2.5381E-16
  2.7492E+01  4.1537E-01 -2.5136E-16
  2.7571E+01  4.1140E-01 -2.6315E-16
  2.7650E+01  4.0679E-01 -2.4571E-16
  2.7729E+01  4.0173E-01 -2.4864E-16
  2.7808E+01  3.9641E-01 -2.6489E-16
  2.7887E+01  3.9101E-01 -2.4173E-16
  2.7966E+01  3.8571E-01 -2.5701E-16
  2.8045E+01  3.8069E-01 -2.3421E-16
  2.8124E+01  3.7611E-01 -2.5755E-16
  2.8203E+01  3.7213E-01 -2.4668E-16
  2.8282E+01  3.6887E-01 -2.4774E-16
  2.8361E+01  3.6642E-01 -2.5415E-16
  2.8440E+01  3.6483E-01 -2.3317E-16
  2.8519E+01  3.6414E-01 -2.4484E-16
  2.8598E+01  3.6432E-01 -2.3814E-16
  2.8677E+01  3.6535E-01 -2.3431E-16
  2.8756E+01  3.6714E-01 -2.4095E-16
  2.8835E+01  3.6960E-01 -2.4896E-16
  2.8914E+01  3.7264E-01 -2.5718E-16
  2.8993E+01  3.7610E-01 -2.4841E-16
  2.9072E+01  3.7984E-01 -2.6097E-16
  2.9151E+01  3.8370E-01 -2.5335E-16
  2.9230E+01  3.8752E-01 -2.7145E-16
  2.9309E+01  3.9113E-01 -2.6836E-16
  2.9388E+01  3.9438E-01 -2.7659E-16
  2.9467E+01  3.9713E-01 -2.7707E-16
  2.9546E+01  3.9929E-01 -2.8044E-16
  2.9625E+01  4.0079E-01 -2.8235E-16
  2.9704E+01  4.0157E-01 -2.7588E-16
  2.9783E+01  4.0164E-01 -2.8977E-16
  2.9862E+01  4.0101E-01 -2.6957E-16
  2.9941E+01  3.9973E-01 -2.6180E-16
  3.0020E+01  3.9785E-01 -2.6504E-16
  3.0099E+01  3.9545E-01 -2.6426E-16
  3.0178E+01  3.9263E-01 -2.6457E-16
  3.0257E+01  3.8949E-01 -2.5692E-16
  3.0336E+01  3.8617E-01 -2.5075E-16
  3.0415E+01  3.8278E-01 -2.5492E-16
  3.0494E+01  3.7948E-01 -2.5634E-16
  3.0573E+01  3.7638E-01 -2.5219E-16
  3.0652E+01  3.7363E-01 -2.5938E-16
  3.0731E+01  3.7133E-01 -2.6371E-16
  3.0810E+01  3.6955E-01 -2.6529E-16
  3.0889E+01  3.6835E-01 -2.6870E-16
  3.0968E+01  3.6772E-01 -2.7488E-16
  3.1047E+01  3.6767E-01 -2.8619E-16
  3.1126E+01  3.6814E-01 -2.8096E-16
  3.1205E+01  3.6907E-01 -2.7955E-16
  3.1284E+01  3.7038E-01 -2.9220E-16
  3.1363E+01  3.7198E-01 -2.8136E-16
  3.1442E+01  3.7380E-01 -2.8729E-16
  3.1521E+01  3.7575E-01 -2.8963E-16
  3.1600E+01  3.7776E-01 -2.9520E-16
  3.1679E+01  3.7976E-01 -2.9215E-16
  3.1758E+01  3.8169E-01 -2.9573E-16
  3.1837E+01  3.8348E-01 -2.8984E-16
  3.1916E+01  3.8506E-01 -2.8669E-16
  3.1995E+01  3.8639E-01 -2.8731E-16
  3.2074E+01  3.8741E-01 -2.8466E-16
  3.2153E+01  3.8806E-01 -2.9387E-16
  3.2232E+01  3.8831E-01 -2.9798E-16
  3.2311E+01  3.8814E-01 -2.8437E-16
  3.2390E+01  3.8755E-01 -2.8960E-16
  3.2469E+01  3.8656E-01 -2.8350E-16
  3.2548E+01  3.8522E-01 -2.9323E-16
  3.2627E+01  3.8359E-01 -2.7418E-16
  3.2706E+01  3.8177E-01 -2.9928E-16
  3.2785E+01  3.7984E-01 -2.8767E-16
  3.2864E+01  3.7792E-01 -2.7422E-16
  3.2943E+01  3.7608E-01 -2.6998E-16
  3.3022E+01  3.7441E-01 -2.8494E-16
  3.3101E+01  3.7298E-01 -2.8149E-16
  3.3180E+01  3.7180E-01 -2.8025E-16
  3.3259E+01  3.7091E-01 -2.6939E-16
  3.3338E+01  3.7028E-01 -2.8529E-16
  3.3417E+01  3.6990E-01 -2.7762E-16
  3.3496E+01  3.6974E-01 -2.7312E-16
  3.3575E+01  3.6975E-01 -2.8272E-16
  3.3654E+01  3.6990E-01 -2.7987E-16
  3.3733E+01  3.7017E-01 -2.7335E-16
  3.3812E+01  3.7054E-01 -2.8010E-16
  3.3891E+01  3.7100E-01 -2.7738E-16
  3.3970E+01  3.7156E-01 -2.7996E-16
  3.4049E+01  3.7223E-01 -2.9272E-16
  3.4128E+01  3.7299E-01 -2.8853E-16
  3.4207E+01  3.7386E-01 -2.7970E-16
  3.4286E+01  3.7482E-01 -2.7258E-16
  3.4365E+01  3.7583E-01 -2.7759E-16
  3.4444E+01  3.7687E-01 -2.8778E-16
  3.4523E+01  3.7787E-01 -2.7860E-16
  3.4602E+01  3.7877E-01 -2.7739E-16
  3.4681E+01  3.7952E-01 -2.8763E-16
  3.4760E+01  3.8004E-01 -2.8448E-16
  3.4839E+01  3.8029E-01 -2.8232E-16
  3.4918E+01  3.8023E-01 -2.7557E-16
  3.4997E+01  3.7985E-01 -2.8272E-16
  3.5076E+01  3.7915E-01 -2.9185E-16
  3.5155E+01  3.7817E-01 -2.8461E-16
  3.5234E+01  3.7697E-01 -2.8080E-16
  3.5313E+01  3.7563E-01 -2.9040E-16
  3.5392E+01  3.7423E-01 -2.9323E-16
  3.5471E+01  3.7285E-01 -2.9919E-16
  3.5550E+01  3.7156E-01 -3.0312E-16
  3.5629E+01  3.7044E-01 -3.0418E-16
  3.5708E+01  3.6954E-01 -2.9458E-16
  3.5787E+01  3.6887E-01 -2.8246E-16
  3.5866E+01  3.6844E-01 -2.9487E-16
  3.5945E+01  3.6825E-01 -3.0124E-16
  3.6024E+01  3.6825E-01 -2.9489E-16
  3.6103E+01  3.6840E-01 -3.0392E-16
  3.6182E+01  3.6865E-01 -2.9429E-16
  3.6261E+01  3.6893E-01 -2.9278E-16
  3.6340E+01  3.6919E-01 -2.8563E-16
  3.6419E+01  3.6940E-01 -2.8432E-16
  3.6498E+01  3.6953E-01 -2.9645E-16
  3.6577E+01  3.6956E-01 -2.9599E-16
  3.6656E+01  3.6952E-01 -2.8985E-16
  3.6735E+01  3.6942E-01 -2.8488E-16
  3.6814E+01  3.6930E-01 -2.8446E-16
  3.6893E+01  3.6921E-01 -2.9849E-16
  3.6972E+01  3.6918E-01 -2.9204E-16
  3.7051E+01  3.6924E-01 -3.0000E-16
  3.7130E+01  3.6942E-01 -2.9801E-16
  3.7209E+01  3.6974E-01 -2.9108E-16
  3.7288E+01  3.7017E-01 -2.9717E-16
  3.7367E+01  3.7071E-01 -3.0180E-16
  3.7446E+01  3.7131E-01 -3.0095E-16
  3.7525E+01  3.7193E-01 -3.0438E-16
  3.7604E+01  3.7252E-01 -2.9831E-16
  3.7683E+01  3.7301E-01 -2.9569E-16
  3.7762E+01  3.7336E-01 -3.0937E-16
  3.7841E+01  3.7351E-01 -3.0376E-16
  3.7920E+01  3.7342E-01 -2.9994E-16
  3.7999E+01  3.7306E-01 -3.0640E-16
  3.8078E+01  3.7242E-01 -3.0964E-16
  3.8157E+01  3.7153E-01 -3.0988E-16
  3.8236E+01  3.7040E-01 -2.9846E-16
  3.8315E+01  3.6909E-01 -3.1377E-16
  3.8394E+01  3.6767E-01 -3.0942E-16
  3.8473E+01  3.6620E-01 -3.2154E-16
  3.8552E+01  3.6475E-01 -3.1306E-16
  3.8631E+01  3.6341E-01 -3.0423E-16
  3.8710E+01  3.6225E-01 -3.1682E-16
  3.8789E+01  3.6130E-01 -3.0578E-16
  3.8868E+01  3.6063E-01 -3.0394E-16
  3.8947E+01  3.6025E-01 -3.1040E-16
  3.9026E+01  3.6017E-01 -3.0124E-16
  3.9105E+01  3.6039E-01 -3.0813E-16
  3.9184E+01  3.6088E-01 -2.9792E-16
  3.9263E+01  3.6161E-01 -3.0296E-16
  3.9342E+01  3.6252E-01 -3.1388E-16
  3.9421E+01  3.6357E-01 -2.9981E-16
  3.9500E+01  3.6470E-01 -3.0665E-16
  3.9579E+01  3.6583E-01 -3.1256E-16
  3.9658E+01  3.6690E-01 -3.1250E-16
  3.9737E+01  3.6786E-01 -3.1398E-16
  3.9816E+01  3.6866E-01 -3.1521E-16
  3.9895E+01  3.6924E-01 -3.2380E-16
  3.9974E+01  3.6959E-01 -3.2150E-16
  4.0053E+01  3.6969E-01 -3.3647E-16
  4.0132E+01  3.6953E-01 -3.3067E-16
  4.0211E+01  3.6912E-01 -3.2818E-16
  4.0290E+01  3.6850E-01 -3.2702E-16
  4.0369E+01  3.6769E-01 -3.3424E-16
  4.0448E+01  3.6673E-01 -3.3244E-16
  4.0527E+01  3.6567E-01 -3.2313E-16
  4.0606E+01  3.6455E-01 -3.2621E-16
  4.0685E+01  3.6343E-01 -3.1681E-16
  4.0764E+01  3.6234E-01 -3.2652E-16
  4.0843E+01  3.6133E-01 -3.2258E-16
  4.0922E+01  3.6043E-01 -3.2471E-16
  4.1001E+01  3.5967E-01 -3.1565E-16
  4.1080E+01  3.5908E-01 -3.2212E-16
  4.1159E+01  3.5866E-01 -3.1775E-16
  4.1238E+01  3.5843E-01 -3.1348E-16
  4.1317E+01  3.5838E-01 -3.1542E-16
  4.1396E+01  3.5850E-01 -3.2378E-16
  4.1475E+01  3.5878E-01 -3.1926E-16
  4.1554E+01  3.5920E-01 -3.1348E-16
  4.1633E+01  3.5972E-01 -3.1426E-16
  4.1712E+01  3.6032E-01 -3.2713E-16
  4.1791E+01  3.6096E-01 -3.2420E-16
  4.1870E+01  3.6161E-01 -3.1784E-16
  4.1949E+01  3.6224E-01 -3.1972E-16
  4.2028E+01  3.6282E-01 -3.3329E-16
  4.2107E+01  3.6332E-01 -3.4717E-16
  4.2186E+01  3.6373E-01 -3.3783E-16
  4.2265E+01  3.6403E-01 -3.4779E-16
  4.2344E+01  3.6421E-01 -3.3470E-16
  4.2423E+01  3.6427E-01 -3.3675E-16
  4.2502E+01  3.6420E-01 -3.4478E-16
  4.2581E+01  3.6401E-01 -3.3756E-16
  4.2660E+01  3.6371E-01 -3.4055E-16
  4.2739E+01  3.6329E-01 -3.3295E-16
  4.2818E+01  3.6278E-01 -3.3956E-16
  4.2897E+01  3.6219E-01 -3.4361E-16
  4.2976E+01  3.6154E-01 -3.4190E-16
  4.3055E+01  3.6086E-01 -3.3415E-16
  4.3134E+01  3.6018E-01 -3.2299E-16
  4.3213E+01  3.5952E-01 -3.2890E-16
  4.3292E+01  3.5890E-01 -3.3199E-16
  4.3371E+01  3.5836E-01 -3.3725E-16
  4.3450E+01  3.5790E-01 -3.3694E-16
  4.3529E+01  3.5753E-01 -3.3267E-16
  4.3608E+01  3.5728E-01 -3.2791E-16
  4.3687E+01  3.5714E-01 -3.3508E-16
  4.3766E+01  3.5710E-01 -3.4265E-16
  4.3845E+01  3.5715E-01 -3.4082E-16
  4.3924E+01  3.5728E-01 -3.4232E-16
  4.4003E+01  3.5746E-01 -3.4360E-16
  4.4082E+01  3.5768E-01 -3.5231E-16
  4.4161E+01  3.5792E-01 -3.4672E-16
  4.4240E+01  3.5815E-01 -3.5246E-16
  4.4319E+01  3.5835E-01 -3.4987E-16
  4.4398E+01  3.5853E-01 -3.4662E-16
  4.4477E+01  3.5866E-01 -3.5529E-16
  4.4556E+01  3.5875E-01 -3.5468E-16
  4.4635E+01  3.5879E-01 -3.4146E-16
  4.4714E+01  3.5877E-01 -3.5028E-16
  4.4793E+01  3.5870E-01 -3.4738E-16
  4.4872E+01  3.5857E-01 -3.3709E-16
  4.4951E+01  3.5837E-01 -3.4694E-16
  4.5030E+01  3.5812E-01 -3.5287E-16
  4.5109E+01  3.5780E-01 -3.5165E-16
  4.5188E+01  3.5743E-01 -3.5043E-16
  4.5267E+01  3.5701E-01 -3.4570E-16
  4.5346E+01  3.5654E-01 -3.4870E-16
  4.5425E+01  3.5605E-01 -3.4816E-16
  4.5504E+01  3.5555E-01 -3.4234E-16
  4.5583E+01  3.5507E-01 -3.4798E-16
  4.5662E+01  3.5461E-01 -3.5386E-16
  4.5741E+01  3.5421E-01 -3.5202E-16
  4.5820E+01  3.5388E-01 -3.5026E-16
  4.5899E+01  3.5363E-01 -3.5422E-16
  4.5978E+01  3.5348E-01 -3.5044E-16
  4.6057E+01  3.5341E-01 -3.5008E-16
  4.6136E+01  3.5345E-01 -3.4657E-16
  4.6215E+01  3.5356E-01 -3.5915E-16
  4.6294E+01  3.5375E-01 -3.5415E-16
  4.6373E+01  3.5399E-01 -3.5704E-16
  4.6452E+01  3.5425E-01 -3.5087E-16
  4.6531E+01  3.5454E-01 -3.6163E-16
  4.6610E+01  3.5481E-01 -3.6023E-16
  4.6689E+01  3.5505E-01 -3.6336E-16
  4.6768E+01  3.5524E-01 -3.5079E-16
  4.6847E+01  3.5539E-01 -3.6551E-16
  4.6926E+01  3.5547E-01 -3.6347E-16
  4.7005E+01  3.5550E-01 -3.6237E-16
  4.7084E+01  3.5546E-01 -3.5862E-16
  4.7163E+01  3.5537E-01 -3.5483E-16
  4.7242E+01  3.5524E-01 -3.5139E-16
  4.7321E+01  3.5507E-01 -3.4594E-16
  4.7400E+01  3.5487E-01 -3.5627E-16
  4.7479E+01  3.5464E-01 -3.5219E-16
  4.7558E+01  3.5439E-01 -3.5707E-16
  4.7637E+01  3.5412E-01 -3.5167E-16
  4.7716E+01  3.5383E-01 -3.5165E-16
  4.7795E+01  3.5352E-01 -3.4847E-16
  4.7874E+01  3.5319E-01 -3.4990E-16
  4.7953E+01  3.5284E-01 -3.5697E-16
  4.8032E+01  3.5247E-01 -3.6171E-16
  4.8111E+01  3.5209E-01 -3.6806E-16
  4.8190E+01  3.5171E-01 -3.6632E-16
  4.8269E+01  3.5134E-01 -3.6280E-16
  4.8348E+01  3.5098E-01 -3.5740E-16
  4.8427E+01  3.5067E-01 -3.6615E-16
  4.8506E+01  3.5040E-01 -3.6195E-16
  4.8585E+01  3.5019E-01 -3.6707E-16
  4.8664E+01  3.5005E-01 -3.6354E-16
  4.8743E+01  3.4999E-01 -3.6583E-16
  4.8822E+01  3.5001E-01 -3.6797E-16
  4.8901E+01  3.5010E-01 -3.8270E-16
  4.8980E+01  3.5025E-01 -3.7628E-16
  4.9059E+01  3.5046E-01 -3.7228E-16
  4.9138E+01  3.5070E-01 -3.8128E-16
  4.9217E+01  3.5097E-01 -3.7504E-16
  4.9296E+01  3.5122E-01 -3.7565E-16
  4.9375E+01  3.5146E-01 -3.8236E-16
  4.9454E+01  3.5164E-01 -3.6995E-16
  4.9533E+01  3.5177E-01 -3.8339E-16
  4.9612E+01  3.5182E-01 -3.6555E-16
  4.9691E+01  3.5179E-01 -3.7432E-16
  4.9770E+01  3.5168E-01 -3.8146E-16
  4.9849E+01  3.5148E-01 -3.7386E-16
  4.9928E+01  3.5120E-01 -3.7044E-16
  5.0007E+01  3.5086E-01 -3.7240E-16
  5.0086E+01  3.5046E-01 -3.7299E-16
  5.0165E+01  3.5003E-01 -3.7425E-16
  5.0244E+01  3.4958E-01 -3.7295E-16
  5.0323E+01  3.4914E-01 -3.6782E-16
  5.0402E+01  3.4871E-01 -3.7735E-16
  5.0481E+01  3.4832E-01 -3.7334E-16
  5.0560E+01  3.4798E-01 -3.6829E-16
  5.0639E+01  3.4769E-01 -3.7918E-16
  5.0718E+01  3.4747E-01 -3.7914E-16
  5.0797E+01  3.4732E-01 -3.7704E-16
  5.0876E+01  3.4723E-01 -3.7763E-16
  5.0955E+01  3.4720E-01 -3.8222E-16
  5.1034E+01  3.4722E-01 -3.7482E-16
  5.1113E+01  3.4728E-01 -3.7353E-16
  5.1192E+01  3.4737E-01 -3.8706E-16
  5.1271E+01  3.4747E-01 -3.8262E-16
  5.1350E+01  3.4757E-01 -3.7755E-16
  5.1429E+01  3.4767E-01 -3.8732E-16
  5.1508E+01  3.4775E-01 -3.7899E-16
  5.1587E+01  3.4781E-01 -3.7365E-16
  5.1666E+01  3.4784E-01 -3.8135E-16
  5.1745E+01  3.4785E-01 -3.7790E-16
  5.1824E+01  3.4782E-01 -3.7132E-16
  5.1903E+01  3.4776E-01 -3.8230E-16
  5.1982E+01  3.4767E-01 -3.8673E-16
  5.2061E+01  3.4755E-01 -3.8960E-16
  5.2140E+01  3.4741E-01 -3.8535E-16
  5.2219E+01  3.4724E-01 -3.8736E-16
  5.2298E+01  3.4706E-01 -3.7622E-16
  5.2377E+01  3.4687E-01 -3.8008E-16
  5.2456E+01  3.4667E-01 -3.7950E-16
  5.2535E+01  3.4646E-01 -3.9134E-16
  5.2614E+01  3.4625E-01 -3.8579E-16
  5.2693E+01  3.4604E-01 -3.8823E-16
  5.2772E+01  3.4584E-01 -3.9069E-16
  5.2851E+01  3.4565E-01 -3.8826E-16
  5.2930E+01  3.4547E-01 -3.8498E-16
  5.3009E+01  3.4530E-01 -3.8961E-16
  5.3088E+01  3.4515E-01 -3.8215E-16
  5.3167E+01  3.4501E-01 -3.9033E-16
  5.3246E+01  3.4488E-01 -4.0028E-16
  5.3325E+01  3.4476E-01 -3.9053E-16
  5.3404E+01  3.4466E-01 -3.9493E-16
  5.3483E+01  3.4457E-01 -3.9666E-16
  5.3562E+01  3.4449E-01 -4.0118E-16
  5.3641E+01  3.4442E-01 -4.0520E-16
  5.3720E+01  3.4437E-01 -3.9222E-16
  5.3799E+01  3.4432E-01 -3.9388E-16
  5.3878E+01  3.4428E-01 -3.9646E-16
  5.3957E+01  3.4425E-01 -3.9459E-16
  5.4036E+01  3.4423E-01 -3.9462E-16
  5.4115E+01  3.4420E-01 -3.9034E-16
  5.4194E+01  3.4418E-01 -3.9192E-16
  5.4273E+01  3.4416E-01 -3.9264E-16
  5.4352E+01  3.4413E-01 -3.8967E-16
  5.4431E+01  3.4409E-01 -3.9084E-16
  5.4510E+01  3.4404E-01 -3.8849E-16
  5.4589E+01  3.4397E-01 -3.9306E-16
  5.4668E+01  3.4388E-01 -3.9717E-16
  5.4747E+01  3.4378E-01 -3.9512E-16
  5.4826E+01  3.4365E-01 -3.9641E-16
  5.4905E+01  3.4351E-01 -3.8746E-16
  5.4984E+01  3.4336E-01 -3.9469E-16
  5.5063E+01  3.4320E-01 -3.9494E-16
  5.5142E+01  3.4303E-01 -3.9467E-16
  5.5221E+01  3.4286E-01 -3.9936E-16
  5.5300E+01  3.4269E-01 -3.9938E-16
  5.5379E+01  3.4252E-01 -3.9305E-16
  5.5458E+01  3.4235E-01 -4.0885E-16
  5.5537E+01  3.4219E-01 -4.1179E-16
  5.5616E+01  3.4204E-01 -4.0940E-16
  5.5695E+01  3.4189E-01 -4.0779E-16
  5.5774E+01  3.4175E-01 -4.0313E-16
  5.5853E+01  3.4162E-01 -4.0606E-16
  5.5932E+01  3.4150E-01 -4.0738E-16
  5.6011E+01  3.4139E-01 -4.0556E-16
  5.6090E+01  3.4129E-01 -4.0354E-16
  5.6169E+01  3.4120E-01 -4.0612E-16
  5.6248E+01  3.4113E-01 -4.0539E-16
  5.6327E+01  3.4107E-01 -4.0647E-16
  5.6406E+01  3.4102E-01 -4.0402E-16
  5.6485E+01  3.4099E-01 -3.9779E-16
  5.6564E+01  3.4096E-01 -4.1298E-16
  5.6643E+01  3.4093E-01 -4.1057E-16
  5.6722E+01  3.4090E-01 -4.0364E-16
  5.6801E+01  3.4087E-01 -4.0556E-16
  5.6880E+01  3.4083E-01 -4.0874E-16
  5.6959E+01  3.4079E-01 -3.9933E-16
  5.7038E+01  3.4072E-01 -3.9747E-16
  5.7117E+01  3.4064E-01 -4.0658E-16
  5.7196E+01  3.4055E-01 -4.0886E-16
  5.7275E+01  3.4045E-01 -4.1801E-16
  5.7354E+01  3.4033E-01 -4.0838E-16
  5.7433E+01  3.4020E-01 -4.0790E-16
  5.7512E+01  3.4006E-01 -4.0997E-16
  5.7591E+01  3.3992E-01 -4.1840E-16
  5.7670E+01  3.3978E-01 -4.1315E-16
  5.7749E+01  3.3963E-01 -4.1272E-16
  5.7828E+01  3.3949E-01 -4.1475E-16
  5.7907E+01  3.3935E-01 -4.1399E-16
  5.7986E+01  3.3921E-01 -4.2149E-16
  5.8065E+01  3.3908E-01 -4.2518E-16
  5.8144E+01  3.3894E-01 -4.1920E-16
  5.8223E+01  3.3881E-01 -4.1700E-16
  5.8302E+01  3.3869E-01 -4.2096E-16
  5.8381E+01  3.3856E-01 -4.1328E-16
  5.8460E+01  3.3844E-01 -4.1275E-16
  5.8539E+01  3.3832E-01 -4.1432E-16
  5.8618E+01  3.3821E-01 -4.1640E-16
  5.8697E+01  3.3811E-01 -4.0695E-16
  5.8776E+01  3.3802E-01 -4.1006E-16
  5.8855E+01  3.3793E-01 -4.0810E-16
  5.8934E+01  3.3786E-01 -4.1765E-16
  5.9013E+01  3.3780E-01 -4.0725E-16
  5.9092E+01  3.3775E-01 -4.1244E-16
  5.9171E+01  3.3771E-01 -4.1507E-16
  5.9250E+01  3.3767E-01 -4.1668E-16
  5.9329E+01  3.3764E-01 -4.2459E-16
  5.9408E+01  3.3760E-01 -4.2127E-16
  5.9487E+01  3.3757E-01 -4.2717E-16
  5.9566E+01  3.3753E-01 -4.2770E-16
  5.9645E+01  3.3748E-01 -4.2547E-16
  5.9724E+01  3.3741E-01 -4.2065E-16
  5.9803E+01  3.3733E-01 -4.2611E-16
  5.9882E+01  3.3724E-01 -4.3580E-16
  5.9961E+01  3.3713E-01 -4.2786E-16
  6.0040E+01  3.3701E-01 -4.4058E-16
  6.0119E+01  3.3687E-01 -4.2413E-16
  6.0198E+01  3.3673E-01 -4.2766E-16
  6.0277E+01  3.3658E-01 -4.3015E-16
  6.0356E+01  3.3643E-01 -4.3102E-16
  6.0435E+01  3.3628E-01 -4.3003E-16
  6.0514E+01  3.3613E-01 -4.2836E-16
  6.0593E+01  3.3599E-01 -4.2972E-16
  6.0672E+01  3.3586E-01 -4.2118E-16
  6.0751E+01  3.3574E-01 -4.2339E-16
  6.0830E+01  3.3563E-01 -4.2241E-16
  6.0909E+01  3.3552E-01 -4.2972E-16
  6.0988E+01  3.3542E-01 -4.2500E-16
  6.1067E+01  3.3533E-01 -4.2151E-16
  6.1146E+01  3.3524E-01 -4.2684E-16
  6.1225E+01  3.3516E-01 -4.2472E-16
  6.1304E+01  3.3508E-01 -4.3621E-16
  6.1383E+01  3.3500E-01 -4.3009E-16
  6.1462E+01  3.3492E-01 -4.3173E-16
  6.1541E+01  3.3485E-01 -4.2523E-16
  6.1620E+01  3.3477E-01 -4.3501E-16
  6.1699E+01  3.3470E-01 -4.3642E-16
  6.1778E+01  3.3462E-01 -4.2910E-16
  6.1857E+01  3.3456E-01 -4.3591E-16
  6.1936E+01  3.3449E-01 -4.3212E-16
  6.2015E+01  3.3442E-01 -4.4073E-16
  6.2094E+01  3.3436E-01 -4.3989E-16
  6.2173E+01  3.3430E-01 -4.4058E-16
  6.2252E+01  3.3425E-01 -4.4092E-16
  6.2331E+01  3.3419E-01 -4.4110E-16
  6.2410E+01  3.3413E-01 -4.4060E-16
  6.2489E+01  3.3407E-01 -4.4123E-16
  6.2568E+01  3.3400E-01 -4.3844E-16
  6.2647E+01  3.3392E-01 -4.3236E-16
  6.2726E+01  3.3383E-01 -4.3913E-16
  6.2805E+01  3.3373E-01 -4.4563E-16
  6.2884E+01  3.3362E-01 -4.4584E-16
  6.2963E+01  3.3350E-01 -4.3644E-16
  6.3042E+01  3.3337E-01 -4.4043E-16
  6.3121E+01  3.3323E-01 -4.4163E-16
  6.3200E+01  3.3308E-01 -4.5038E-16
  6.3279E+01  3.3294E-01 -4.4284E-16
  6.3358E+01  3.3279E-01 -4.4547E-16
  6.3437E+01  3.3264E-01 -4.4936E-16
  6.3516E+01  3.3250E-01 -4.4943E-16
  6.3595E+01  3.3237E-01 -4.4332E-16
  6.3674E+01  3.3225E-01 -4.5123E-16
  6.3753E+01  3.3214E-01 -4.3996E-16
  6.3832E+01  3.3204E-01 -4.4963E-16
  6.3911E+01  3.3196E-01 -4.4981E-16
  6.3990E+01  3.3189E-01 -4.4778E-16
  6.4069E+01  3.3184E-01 -4.4609E-16
  6.4148E+01  3.3179E-01 -4.4448E-16
  6.4227E+01  3.3175E-01 -4.3745E-16
  6.4306E+01  3.3172E-01 -4.4803E-16
  6.4385E+01  3.3169E-01 -4.3939E-16
  6.4464E+01  3.3167E-01 -4.4733E-16
  6.4543E+01  3.3164E-01 -4.4520E-16
  6.4622E+01  3.3160E-01 -4.4891E-16
  6.4701E+01  3.3156E-01 -4.4060E-16
  6.4780E+01  3.3150E-01 -4.4263E-16
  6.4859E+01  3.3144E-01 -4.4735E-16
  6.4938E+01  3.3136E-01 -4.4784E-16
  6.5017E+01  3.3128E-01 -4.4031E-16
  6.5096E+01  3.3118E-01 -4.5079E-16
  6.5175E+01  3.3106E-01 -4.5375E-16
  6.5254E+01  3.3094E-01 -4.5218E-16
  6.5333E+01  3.3081E-01 -4.4777E-16
  6.5412E+01  3.3068E-01 -4.4975E-16
  6.5491E+01  3.3054E-01 -4.5000E-16
  6.5570E+01  3.3040E-01 -4.4822E-16
  6.5649E+01  3.3027E-01 -4.6097E-16
  6.5728E+01  3.3014E-01 -4.5128E-16
  6.5807E+01  3.3001E-01 -4.6071E-16
  6.5886E+01  3.2989E-01 -4.6673E-16
  6.5965E+01  3.2978E-01 -4.5915E-16
  6.6044E+01  3.2967E-01 -4.5565E-16
  6.6123E+01  3.2958E-01 -4.6096E-16
  6.6202E+01  3.2949E-01 -4.6337E-16
  6.6281E+01  3.2941E-01 -4.6523E-16
  6.6360E+01  3.2934E-01 -4.5557E-16
  6.6439E+01  3.2928E-01 -4.6406E-16
  6.6518E+01  3.2922E-01 -4.5944E-16
  6.6597E+01  3.2916E-01 -4.6973E-16
  6.6676E+01  3.2911E-01 -4.6072E-16
  6.6755E+01  3.2906E-01 -4.7135E-16
  6.6834E+01  3.2901E-01 -4.6474E-16
  6.6913E+01  3.2895E-01 -4.6478E-16
  6.6992E+01  3.2890E-01 -4.6422E-16
  6.7071E+01  3.2884E-01 -4.6019E-16
  6.7150E+01  3.2878E-01 -4.6281E-16
  6.7229E+01  3.2872E-01 -4.5747E-16
  6.7308E+01  3.2864E-01 -4.5883E-16
  6.7387E+01  3.2856E-01 -4.5849E-16
  6.7466E+01  3.2848E-01 -4.6527E-16
  6.7545E+01  3.2839E-01 -4.6756E-16
  6.7624E+01  3.2829E-01 -4.6058E-16
  6.7703E+01  3.2818E-01 -4.6294E-16
  6.7782E+01  3.2808E-01 -4.6260E-16
  6.7861E+01  3.2797E-01 -4.5702E-16
  6.7940E+01  3.2786E-01 -4.6041E-16
  6.8019E+01  3.2774E-01 -4.6428E-16
  6.8098E+01  3.2764E-01 -4.6242E-16
  6.8177E+01  3.2753E-01 -4.6128E-16
  6.8256E+01  3.2743E-01 -4.6315E-16
  6.8335E+01  3.2733E-01 -4.7150E-16
  6.8414E+01  3.2723E-01 -4.6851E-16
  6.8493E+01  3.2714E-01 -4.6245E-16
  6.8572E+01  3.2706E-01 -4.7269E-16
  6.8651E+01  3.2697E-01 -4.6297E-16
  6.8730E+01  3.2690E-01 -4.7032E-16
  6.8809E+01  3.2682E-01 -4.7219E-16
  6.8888E+01  3.2675E-01 -4.6898E-16
  6.8967E+01  3.2668E-01 -4.7052E-16
  6.9046E+01  3.2661E-01 -4.6516E-16
  6.9125E+01  3.2654E-01 -4.7224E-16
  6.9204E+01  3.2648E-01 -4.7231E-16
  6.9283E+01  3.2641E-01 -4.7801E-16
  6.9362E+01  3.2635E-01 -4.6904E-16
  6.9441E+01  3.2628E-01 -4.7469E-16
  6.9520E+01  3.2621E-01 -4.7286E-16
  6.9599E+01  3.2614E-01 -4.7172E-16
  6.9678E+01  3.2606E-01 -4.7830E-16
  6.9757E+01  3.2599E-01 -4.7813E-16
  6.9836E+01  3.2591E-01 -4.7637E-16
  6.9915E+01  3.2582E-01 -4.7631E-16
  6.9994E+01  3.2573E-01 -4.7607E-16
  7.0073E+01  3.2564E-01 -4.8885E-16
  7.0152E+01  3.2555E-01 -4.8048E-16
  7.0231E+01  3.2545E-01 -4.7638E-16
  7.0310E+01  3.2535E-01 -4.7902E-16
  7.0389E+01  3.2525E-01 -4.7859E-16
  7.0468E+01  3.2515E-01 -4.7706E-16
  7.0547E+01  3.2505E-01 -4.7821E-16
  7.0626E+01  3.2495E-01 -4.8601E-16
  7.0705E+01  3.2486E-01 -4.8106E-16
  7.0784E+01  3.2477E-01 -4.7673E-16
  7.0863E+01  3.2468E-01 -4.7085E-16
  7.0942E+01  3.2460E-01 -4.8450E-16
  7.1021E+01  3.2452E-01 -4.7581E-16
  7.1100E+01  3.2444E-01 -4.7897E-16
  7.1179E+01  3.2437E-01 -4.7793E-16
  7.1258E+01  3.2430E-01 -4.6940E-16
  7.1337E+01  3.2423E-01 -4.7435E-16
  7.1416E+01  3.2416E-01 -4.8700E-16
  7.1495E+01  3.2409E-01 -4.8526E-16
  7.1574E+01  3.2402E-01 -4.8405E-16
  7.1653E+01  3.2395E-01 -4.8163E-16
  7.1732E+01  3.2388E-01 -4.8984E-16
  7.1811E+01  3.2381E-01 -4.8555E-16
  7.1890E+01  3.2373E-01 -4.9163E-16
  7.1969E+01  3.2365E-01 -4.9082E-16
  7.2048E+01  3.2357E-01 -4.9442E-16
  7.2127E+01  3.2350E-01 -4.9236E-16
  7.2206E+01  3.2342E-01 -4.9065E-16
  7.2285E+01  3.2334E-01 -4.8983E-16
  7.2364E+01  3.2325E-01 -4.9274E-16
  7.2443E+01  3.2317E-01 -4.9249E-16
  7.2522E+01  3.2309E-01 -4.9138E-16
  7.2601E+01  3.2301E-01 -4.8497E-16
  7.2680E+01  3.2293E-01 -4.9387E-16
  7.2759E+01  3.2284E-01 -4.8246E-16
  7.2838E+01  3.2276E-01 -4.8951E-16
  7.2917E+01  3.2268E-01 -4.9948E-16
  7.2996E+01  3.2259E-01 -4.8764E-16
  7.3075E+01  3.2251E-01 -4.9360E-16
  7.3154E+01  3.2242E-01 -4.9387E-16
  7.3233E+01  3.2234E-01 -4.8334E-16
  7.3312E+01  3.2225E-01 -4.8319E-16
  7.3391E+01  3.2217E-01 -4.8551E-16
  7.3470E+01  3.2208E-01 -4.9118E-16
  7.3549E+01  3.2200E-01 -4.8854E-16
  7.3628E+01  3.2192E-01 -4.8906E-16
  7.3707E+01  3.2185E-01 -4.9826E-16
  7.3786E+01  3.2177E-01 -4.9529E-16
  7.3865E+01  3.2170E-01 -4.9463E-16
  7.3944E+01  3.2163E-01 -4.9106E-16
  7.4023E+01  3.2156E-01 -4.9346E-16
  7.4102E+01  3.2149E-01 -4.8962E-16
  7.4181E+01  3.2142E-01 -4.9649E-16
  7.4260E+01  3.2135E-01 -4.9311E-16
  7.4339E+01  3.2128E-01 -5.0292E-16
  7.4418E+01  3.2121E-01 -5.0590E-16
  7.4497E+01  3.2114E-01 -5.0078E-16
  7.4576E+01  3.2106E-01 -4.9584E-16
  7.4655E+01  3.2099E-01 -5.0053E-16
  7.4734E+01  3.2091E-01 -4.9809E-16
  7.4813E+01  3.2083E-01 -5.0682E-16
  7.4892E+01  3.2075E-01 -5.0001E-16
  7.4971E+01  3.2066E-01 -5.0461E-16
  7.5050E+01  3.2058E-01 -5.0712E-16
  7.5129E+01  3.2049E-01 -5.0056E-16
  7.5208E+01  3.2041E-01 -5.0860E-16
  7.5287E+01  3.2033E-01 -5.0913E-16
  7.5366E+01  3.2024E-01 -5.0192E-16
  7.5445E+01  3.2016E-01 -5.0664E-16
  7.5524E+01  3.2008E-01 -4.9580E-16
  7.5603E+01  3.2000E-01 -4.9911E-16
  7.5682E+01  3.1993E-01 -5.0890E-16
  7.5761E+01  3.1985E-01 -5.0087E-16
  7.5840E+01  3.1978E-01 -5.0082E-16
  7.5919E+01  3.1970E-01 -5.0959E-16
  7.5998E+01  3.1963E-01 -5.0046E-16
  7.6077E+01  3.1956E-01 -5.0681E-16
  7.6156E+01  3.1948E-01 -4.9862E-16
  7.6235E+01  3.1941E-01 -5.1794E-16
  7.6314E+01  3.1934E-01 -5.1991E-16
  7.6393E+01  3.1927E-01 -5.0719E-16
  7.6472E+01  3.1919E-01 -5.0945E-16
  7.6551E+01  3.1912E-01 -5.1415E-16
  7.6630E+01  3.1904E-01 -5.1745E-16
  7.6709E+01  3.1897E-01 -5.1148E-16
  7.6788E+01  3.1889E-01 -5.2283E-16
  7.6867E+01  3.1881E-01 -5.1817E-16
  7.6946E+01  3.1874E-01 -5.2094E-16
  7.7025E+01  3.1866E-01 -5.1377E-16
  7.7104E+01  3.1858E-01 -5.2180E-16
  7.7183E+01  3.1851E-01 -5.2208E-16
  7.7262E+01  3.1843E-01 -5.1959E-16
  7.7341E+01  3.1835E-01 -5.2036E-16
  7.7420E+01  3.1828E-01 -5.1801E-16
  7.7499E+01  3.1820E-01 -5.2500E-16
  7.7578E+01  3.1813E-01 -5.2633E-16
  7.7657E+01  3.1805E-01 -5.1343E-16
  7.7736E+01  3.1798E-01 -5.1802E-16
  7.7815E+01  3.1790E-01 -5.2322E-16
  7.7894E+01  3.1783E-01 -5.2479E-16
  7.7973E+01  3.1776E-01 -5.2482E-16
  7.8052E+01  3.1768E-01 -5.2888E-16
  7.8131E+01  3.1761E-01 -5.2592E-16
  7.8210E+01  3.1753E-01 -5.1578E-16
  7.8289E+01  3.1745E-01 -5.2687E-16
  7.8368E+01  3.1738E-01 -5.2498E-16
  7.8447E+01  3.1730E-01 -5.3186E-16
  7.8526E+01  3.1723E-01 -5.1557E-16
  7.8605E+01  3.1715E-01 -5.2846E-16
  7.8684E+01  3.1708E-01 -5.2914E-16
  7.8763E+01  3.1701E-01 -5.2722E-16
  7.8842E+01  3.1693E-01 -5.1752E-16
  7.8921E+01  3.1686E-01 -5.1600E-16
  7.9000E+01  3.1679E-01 -5.2465E-16
  7.9079E+01  3.1671E-01 -5.2037E-16
  7.9158E+01  3.1664E-01 -5.2654E-16
  7.9237E+01  3.1657E-01 -5.2117E-16
  7.9316E+01  3.1650E-01 -5.1818E-16
  7.9395E+01  3.1643E-01 -5.2238E-16
  7.9474E+01  3.1635E-01 -5.1589E-16
  7.9553E+01  3.1628E-01 -5.2222E-16
  7.9632E+01  3.1621E-01 -5.1871E-16
  7.9711E+01  3.1614E-01 -5.1332E-16
  7.9790E+01  3.1607E-01 -5.2265E-16
  7.9869E+01  3.1599E-01 -5.1626E-16
  7.9948E+01  3.1592E-01 -5.2454E-16
  8.0027E+01  3.1585E-01 -5.2191E-16
  8.0106E+01  3.1578E-01 -5.2875E-16
  8.0185E+01  3.1570E-01 -5.3515E-16
  8.0264E+01  3.1563E-01 -5.2637E-16
  8.0343E+01  3.1556E-01 -5.3308E-16
  8.0422E+01  3.1548E-01 -5.3385E-16
  8.0501E+01  3.1541E-01 -5.2848E-16
  8.0580E+01  3.1533E-01 -5.2643E-16
  8.0659E+01  3.1526E-01 -5.2445E-16
  8.0738E+01  3.1518E-01 -5.2727E-16
  8.0817E+01  3.1511E-01 -5.3296E-16
  8.0896E+01  3.1504E-01 -5.3274E-16
  8.0975E+01  3.1496E-01 -5.2892E-16
  8.1054E+01  3.1489E-01 -5.2960E-16
  8.1133E+01  3.1482E-01 -5.2110E-16
  8.1212E+01  3.1475E-01 -5.3334E-16
  8.1291E+01  3.1468E-01 -5.4235E-16
  8.1370E+01  3.1461E-01 -5.4486E-16
  8.1449E+01  3.1454E-01 -5.2932E-16
  8.1528E+01  3.1447E-01 -5.3429E-16
  8.1607E+01  3.1440E-01 -5.3979E-16
  8.1686E+01  3.1433E-01 -5.3816E-16
  8.1765E+01  3.1426E-01 -5.3616E-16
  8.1844E+01  3.1419E-01 -5.3992E-16
  8.1923E+01  3.1412E-01 -5.3600E-16
  8.2002E+01  3.1405E-01 -5.3791E-16
  8.2081E+01  3.1398E-01 -5.4184E-16
  8.2160E+01  3.1391E-01 -5.3764E-16
  8.2239E+01  3.1384E-01 -5.4235E-16
  8.2318E+01  3.1377E-01 -5.3567E-16
  8.2397E+01  3.1370E-01 -5.4055E-16
  8.2476E+01  3.1362E-01 -5.4498E-16
  8.2555E+01  3.1355E-01 -5.4930E-16
  8.2634E+01  3.1348E-01 -5.4642E-16
  8.2713E+01  3.1341E-01 -5.5478E-16
  8.2792E+01  3.1334E-01 -5.5696E-16
  8.2871E+01  3.1327E-01 -5.5497E-16
  8.2950E+01  3.1320E-01 -5.5577E-16
  8.3029E+01  3.1313E-01 -5.4724E-16
  8.3108E+01  3.1305E-01 -5.4632E-16
  8.3187E+01  3.1298E-01 -5.5123E-16
  8.3266E+01  3.1291E-01 -5.4929E-16
  8.3345E+01  3.1284E-01 -5.4857E-16
  8.3424E+01  3.1277E-01 -5.5373E-16
  8.3503E+01  3.1270E-01 -5.5592E-16
  8.3582E+01  3.1262E-01 -5.4890E-16
  8.3661E+01  3.1255E-01 -5.4727E-16
  8.3740E+01  3.1248E-01 -5.4681E-16
  8.3819E+01  3.1241E-01 -5.4850E-16
  8.3898E+01  3.1234E-01 -5.4485E-16
  8.3977E+01  3.1228E-01 -5.4182E-16
  8.4056E+01  3.1221E-01 -5.3326E-16
  8.4135E+01  3.1214E-01 -5.4447E-16
  8.4214E+01  3.1207E-01 -5.4859E-16
  8.4293E+01  3.1200E-01 -5.5109E-16
  8.4372E+01  3.1194E-01 -5.4948E-16
  8.4451E+01  3.1187E-01 -5.4412E-16
  8.4530E+01  3.1180E-01 -5.4518E-16
  8.4609E+01  3.1174E-01 -5.5159E-16
  8.4688E+01  3.1167E-01 -5.5205E-16
  8.4767E+01  3.1160E-01 -5.5513E-16
  8.4846E+01  3.1153E-01 -5.5114E-16
  8.4925E+01  3.1146E-01 -5.5575E-16
  8.5004E+01  3.1139E-01 -5.5828E-16
  8.5083E+01  3.1132E-01 -5.5046E-16
  8.5162E+01  3.1125E-01 -5.5364E-16
  8.5241E+01  3.1118E-01 -5.5093E-16
  8.5320E+01  3.1111E-01 -5.5934E-16
  8.5399E+01  3.1104E-01 -5.5139E-16
  8.5478E+01  3.1097E-01 -5.6653E-16
  8.5557E+01  3.1090E-01 -5.5180E-16
  8.5636E+01  3.1083E-01 -5.5834E-16
  8.5715E+01  3.1076E-01 -5.6007E-16
  8.5794E+01  3.1069E-01 -5.5566E-16
  8.5873E+01  3.1062E-01 -5.6237E-16
  8.5952E+01  3.1056E-01 -5.5046E-16
  8.6031E+01  3.1049E-01 -5.5724E-16
  8.6110E+01  3.1042E-01 -5.5555E-16
  8.6189E+01  3.1035E-01 -5.6226E-16
  8.6268E+01  3.1028E-01 -5.6327E-16
  8.6347E+01  3.1022E-01 -5.5823E-16
  8.6426E+01  3.1015E-01 -5.6444E-16
  8.6505E+01  3.1008E-01 -5.5841E-16
  8.6584E+01  3.1001E-01 -5.6178E-16
  8.6663E+01  3.0995E-01 -5.6223E-16
  8.6742E+01  3.0988E-01 -5.5810E-16
  8.6821E+01  3.0981E-01 -5.6092E-16
  8.6900E+01  3.0975E-01 -5.5127E-16
  8.6979E+01  3.0968E-01 -5.5370E-16
  8.7058E+01  3.0961E-01 -5.5618E-16
