# CREATED BY GENE DIAGNOSTICS TOOL on Mon Nov 19 14:22:15 2018
# diag: gamdiag, run(s): 0009, time window: 0-87.06285(1121 steps), species: ions
# normalization: R_0
#
# xind= 0, x/a= Infinity, q= 1.2
# Fit:    0.10166698,0.73326405,2.2120602
# Analytic: 0.12068711,0.03583616,0.71653003
#  t          Re[phi]     Im[phi]   
  0.0000E+00  3.9995E+00  0.0000E+00
  7.7700E-02  3.9408E+00  7.7927E-17
  1.5540E-01  3.7691E+00  1.1184E-16
  2.3310E-01  3.4962E+00 -3.3719E-17
  3.1080E-01  3.1402E+00 -1.0246E-17
  3.8850E-01  2.7233E+00  2.7387E-16
  4.6620E-01  2.2694E+00 -7.1015E-18
  5.4390E-01  1.8022E+00 -2.4720E-16
  6.2160E-01  1.3433E+00 -9.3241E-18
  6.9930E-01  9.1121E-01  1.5667E-17
  7.7700E-01  5.2075E-01 -9.5952E-18
  8.5470E-01  1.8253E-01 -6.9714E-17
  9.3240E-01 -9.6794E-02  1.8583E-16
  1.0101E+00 -3.1427E-01  6.2748E-17
  1.0878E+00 -4.7015E-01  3.8598E-17
  1.1655E+00 -5.6732E-01  8.1363E-17
  1.2432E+00 -6.1066E-01 -5.3970E-17
  1.3209E+00 -6.0633E-01  6.5276E-17
  1.3986E+00 -5.6127E-01 -4.6655E-17
  1.4763E+00 -4.8260E-01 -5.3302E-17
  1.5540E+00 -3.7727E-01 -3.3055E-17
  1.6317E+00 -2.5177E-01  2.8867E-18
  1.7094E+00 -1.1205E-01 -2.6434E-17
  1.7871E+00  3.6548E-02 -6.1617E-17
  1.8648E+00  1.8921E-01 -9.4529E-18
  1.9425E+00  3.4159E-01 -2.3548E-19
  2.0202E+00  4.8975E-01 -3.9973E-17
  2.0979E+00  6.3009E-01 -1.2448E-16
  2.1756E+00  7.5934E-01 -8.3836E-17
  2.2533E+00  8.7459E-01 -1.0149E-16
  2.3310E+00  9.7331E-01 -1.1452E-16
  2.4087E+00  1.0534E+00 -8.9704E-17
  2.4864E+00  1.1134E+00 -1.2894E-16
  2.5641E+00  1.1521E+00 -1.2540E-16
  2.6418E+00  1.1693E+00 -1.1933E-16
  2.7195E+00  1.1651E+00 -1.5089E-16
  2.7972E+00  1.1405E+00 -4.8017E-17
  2.8749E+00  1.0969E+00 -4.1267E-17
  2.9526E+00  1.0366E+00 -1.8838E-17
  3.0303E+00  9.6201E-01  6.5154E-17
  3.1080E+00  8.7625E-01  7.4539E-20
  3.1857E+00  7.8261E-01 -1.0719E-16
  3.2634E+00  6.8456E-01 -1.0194E-16
  3.3411E+00  5.8559E-01  7.2994E-17
  3.4188E+00  4.8911E-01  2.0254E-17
  3.4965E+00  3.9830E-01  1.4173E-17
  3.5742E+00  3.1601E-01 -2.5919E-18
  3.6519E+00  2.4464E-01  2.4181E-17
  3.7296E+00  1.8609E-01 -1.0051E-17
  3.8073E+00  1.4170E-01 -2.9313E-17
  3.8850E+00  1.1224E-01 -7.8413E-17
  3.9627E+00  9.7882E-02 -1.1511E-16
  4.0404E+00  9.8267E-02 -1.8258E-16
  4.1181E+00  1.1250E-01 -1.6665E-16
  4.1958E+00  1.3924E-01 -2.0396E-16
  4.2735E+00  1.7678E-01 -2.5977E-16
  4.3512E+00  2.2316E-01 -2.7908E-16
  4.4289E+00  2.7620E-01 -2.9577E-16
  4.5066E+00  3.3362E-01 -2.8787E-16
  4.5843E+00  3.9309E-01 -3.3099E-16
  4.6620E+00  4.5235E-01 -3.2630E-16
  4.7397E+00  5.0931E-01 -2.9977E-16
  4.8174E+00  5.6211E-01 -2.4956E-16
  4.8951E+00  6.0918E-01 -2.4550E-16
  4.9728E+00  6.4920E-01 -1.7910E-16
  5.0505E+00  6.8118E-01 -1.4332E-16
  5.1282E+00  7.0439E-01 -8.2180E-17
  5.2059E+00  7.1849E-01 -4.9730E-17
  5.2836E+00  7.2349E-01  1.0728E-17
  5.3613E+00  7.1978E-01  4.7869E-17
  5.4390E+00  7.0806E-01  1.0587E-16
  5.5167E+00  6.8927E-01  1.0429E-16
  5.5944E+00  6.6450E-01  1.4872E-16
  5.6721E+00  6.3492E-01  1.4882E-16
  5.7498E+00  6.0175E-01  1.5966E-16
  5.8275E+00  5.6625E-01  1.4937E-16
  5.9052E+00  5.2972E-01  9.7524E-17
  5.9829E+00  4.9343E-01  6.2353E-17
  6.0606E+00  4.5863E-01  7.4270E-17
  6.1383E+00  4.2646E-01  4.1561E-17
  6.2160E+00  3.9791E-01  2.9676E-17
  6.2937E+00  3.7387E-01  2.1459E-17
  6.3714E+00  3.5503E-01 -4.7355E-17
  6.4491E+00  3.4189E-01 -3.3942E-17
  6.5268E+00  3.3465E-01 -6.7349E-17
  6.6045E+00  3.3321E-01 -4.3795E-17
  6.6822E+00  3.3712E-01 -3.5284E-17
  6.7599E+00  3.4562E-01 -2.5743E-17
  6.8376E+00  3.5780E-01 -2.1754E-17
  6.9153E+00  3.7274E-01  1.0485E-17
  6.9930E+00  3.8966E-01 -2.0384E-18
  7.0707E+00  4.0801E-01  2.5490E-18
  7.1484E+00  4.2748E-01 -9.7900E-18
  7.2261E+00  4.4788E-01 -8.6109E-18
  7.3038E+00  4.6895E-01 -2.1323E-17
  7.3815E+00  4.9025E-01 -5.0160E-17
  7.4592E+00  5.1101E-01 -5.8723E-17
  7.5369E+00  5.3020E-01 -7.6186E-17
  7.6146E+00  5.4662E-01 -1.0911E-16
  7.6923E+00  5.5914E-01 -1.0949E-16
  7.7700E+00  5.6690E-01 -1.1496E-16
  7.8477E+00  5.6950E-01 -1.2897E-16
  7.9254E+00  5.6706E-01 -1.1225E-16
  8.0031E+00  5.6022E-01 -1.1772E-16
  8.0808E+00  5.4995E-01 -1.2507E-16
  8.1585E+00  5.3742E-01 -9.1715E-17
  8.2362E+00  5.2380E-01 -9.3943E-17
  8.3139E+00  5.1006E-01 -9.5837E-17
  8.3916E+00  4.9695E-01 -6.8457E-17
  8.4693E+00  4.8491E-01 -8.4668E-17
  8.5470E+00  4.7418E-01 -1.0210E-16
  8.6247E+00  4.6480E-01 -1.0196E-16
  8.7024E+00  4.5670E-01 -1.2904E-16
  8.7801E+00  4.4980E-01 -1.4447E-16
  8.8578E+00  4.4398E-01 -1.7316E-16
  8.9355E+00  4.3920E-01 -1.6612E-16
  9.0132E+00  4.3544E-01 -1.9612E-16
  9.0909E+00  4.3276E-01 -2.4823E-16
  9.1686E+00  4.3125E-01 -2.7572E-16
  9.2463E+00  4.3104E-01 -3.2062E-16
  9.3240E+00  4.3224E-01 -3.2353E-16
  9.4017E+00  4.3497E-01 -3.1524E-16
  9.4794E+00  4.3928E-01 -3.1247E-16
  9.5571E+00  4.4514E-01 -3.2105E-16
  9.6348E+00  4.5240E-01 -3.2362E-16
  9.7125E+00  4.6077E-01 -3.1589E-16
  9.7902E+00  4.6976E-01 -2.9215E-16
  9.8679E+00  4.7875E-01 -2.8081E-16
  9.9456E+00  4.8700E-01 -2.4551E-16
  1.0023E+01  4.9374E-01 -2.3409E-16
  1.0101E+01  4.9826E-01 -1.9054E-16
  1.0179E+01  5.0000E-01 -1.8765E-16
  1.0256E+01  4.9866E-01 -1.4691E-16
  1.0334E+01  4.9426E-01 -8.4778E-17
  1.0412E+01  4.8723E-01 -8.4234E-17
  1.0490E+01  4.7834E-01 -5.0710E-17
  1.0567E+01  4.6874E-01 -2.9068E-17
  1.0645E+01  4.5976E-01 -1.2016E-17
  1.0723E+01  4.5280E-01  6.7271E-18
  1.0800E+01  4.4905E-01  1.8650E-17
  1.0878E+01  4.4937E-01  2.0925E-17
  1.0956E+01  4.5410E-01  3.5474E-17
  1.1033E+01  4.6298E-01  1.3024E-17
  1.1111E+01  4.7519E-01  2.2777E-17
  1.1189E+01  4.8935E-01 -1.2119E-17
  1.1267E+01  5.0373E-01  3.8557E-18
  1.1344E+01  5.1637E-01 -6.9457E-18
  1.1422E+01  5.2534E-01 -4.2101E-17
  1.1500E+01  5.2894E-01 -5.0429E-17
  1.1577E+01  5.2598E-01 -9.6054E-17
  1.1655E+01  5.1592E-01 -1.0515E-16
  1.1733E+01  4.9899E-01 -1.4487E-16
  1.1810E+01  4.7621E-01 -1.5795E-16
  1.1888E+01  4.4928E-01 -1.8774E-16
  1.1966E+01  4.2046E-01 -2.2939E-16
  1.2044E+01  3.9228E-01 -2.3733E-16
  1.2121E+01  3.6730E-01 -2.2532E-16
  1.2199E+01  3.4785E-01 -2.4650E-16
  1.2277E+01  3.3578E-01 -2.6255E-16
  1.2354E+01  3.3229E-01 -2.5833E-16
  1.2432E+01  3.3783E-01 -2.3751E-16
  1.2510E+01  3.5205E-01 -2.3814E-16
  1.2587E+01  3.7391E-01 -2.3533E-16
  1.2665E+01  4.0176E-01 -2.1374E-16
  1.2743E+01  4.3350E-01 -2.0897E-16
  1.2821E+01  4.6678E-01 -1.1870E-16
  1.2898E+01  4.9920E-01 -1.6875E-16
  1.2976E+01  5.2848E-01 -1.5797E-16
  1.3054E+01  5.5264E-01 -1.2326E-16
  1.3131E+01  5.7016E-01 -8.7292E-17
  1.3209E+01  5.8006E-01 -9.7582E-17
  1.3287E+01  5.8201E-01 -1.0488E-16
  1.3364E+01  5.7625E-01 -1.1195E-16
  1.3442E+01  5.6356E-01 -9.2645E-17
  1.3520E+01  5.4515E-01 -1.1452E-16
  1.3598E+01  5.2247E-01 -1.6657E-16
  1.3675E+01  4.9713E-01 -1.4959E-16
  1.3753E+01  4.7071E-01 -1.2178E-16
  1.3831E+01  4.4472E-01 -1.5194E-16
  1.3908E+01  4.2052E-01 -1.6694E-16
  1.3986E+01  3.9927E-01 -1.7236E-16
  1.4064E+01  3.8192E-01 -1.8652E-16
  1.4141E+01  3.6916E-01 -2.0184E-16
  1.4219E+01  3.6140E-01 -2.1179E-16
  1.4297E+01  3.5872E-01 -2.2014E-16
  1.4375E+01  3.6089E-01 -2.2081E-16
  1.4452E+01  3.6736E-01 -2.0634E-16
  1.4530E+01  3.7735E-01 -1.9723E-16
  1.4608E+01  3.8994E-01 -1.9807E-16
  1.4685E+01  4.0415E-01 -1.8548E-16
  1.4763E+01  4.1913E-01 -1.8053E-16
  1.4841E+01  4.3412E-01 -1.9636E-16
  1.4918E+01  4.4859E-01 -1.8000E-16
  1.4996E+01  4.6213E-01 -1.8700E-16
  1.5074E+01  4.7447E-01 -1.8060E-16
  1.5152E+01  4.8536E-01 -1.6262E-16
  1.5229E+01  4.9460E-01 -1.9070E-16
  1.5307E+01  5.0197E-01 -1.8247E-16
  1.5385E+01  5.0728E-01 -1.9592E-16
  1.5462E+01  5.1038E-01 -1.9414E-16
  1.5540E+01  5.1117E-01 -2.0465E-16
  1.5618E+01  5.0971E-01 -2.1365E-16
  1.5695E+01  5.0616E-01 -2.1393E-16
  1.5773E+01  5.0084E-01 -2.1517E-16
  1.5851E+01  4.9416E-01 -2.1044E-16
  1.5929E+01  4.8663E-01 -2.2998E-16
  1.6006E+01  4.7871E-01 -2.2543E-16
  1.6084E+01  4.7085E-01 -2.4382E-16
  1.6162E+01  4.6340E-01 -2.3985E-16
  1.6239E+01  4.5660E-01 -2.2325E-16
  1.6317E+01  4.5061E-01 -2.1907E-16
  1.6395E+01  4.4551E-01 -2.3060E-16
  1.6472E+01  4.4132E-01 -2.0157E-16
  1.6550E+01  4.3805E-01 -1.7765E-16
  1.6628E+01  4.3564E-01 -1.6542E-16
  1.6705E+01  4.3408E-01 -1.6379E-16
  1.6783E+01  4.3329E-01 -1.3507E-16
  1.6861E+01  4.3327E-01 -1.1967E-16
  1.6939E+01  4.3396E-01 -9.9313E-17
  1.7016E+01  4.3535E-01 -8.9506E-17
  1.7094E+01  4.3741E-01 -9.3889E-17
  1.7172E+01  4.4007E-01 -8.4332E-17
  1.7249E+01  4.4325E-01 -8.5550E-17
  1.7327E+01  4.4681E-01 -1.0222E-16
  1.7405E+01  4.5059E-01 -1.0941E-16
  1.7482E+01  4.5438E-01 -1.2936E-16
  1.7560E+01  4.5799E-01 -1.4648E-16
  1.7638E+01  4.6122E-01 -1.6943E-16
  1.7716E+01  4.6389E-01 -1.9902E-16
  1.7793E+01  4.6588E-01 -2.2659E-16
  1.7871E+01  4.6710E-01 -2.2905E-16
  1.7949E+01  4.6751E-01 -2.4638E-16
  1.8026E+01  4.6710E-01 -2.4268E-16
  1.8104E+01  4.6589E-01 -2.6980E-16
  1.8182E+01  4.6394E-01 -2.5602E-16
  1.8259E+01  4.6133E-01 -2.5077E-16
  1.8337E+01  4.5817E-01 -2.5164E-16
  1.8415E+01  4.5458E-01 -2.3467E-16
  1.8493E+01  4.5069E-01 -2.2503E-16
  1.8570E+01  4.4663E-01 -2.2562E-16
  1.8648E+01  4.4253E-01 -2.0163E-16
  1.8726E+01  4.3853E-01 -2.2625E-16
  1.8803E+01  4.3472E-01 -2.1223E-16
  1.8881E+01  4.3123E-01 -2.1359E-16
  1.8959E+01  4.2814E-01 -2.1471E-16
  1.9036E+01  4.2553E-01 -2.1936E-16
  1.9114E+01  4.2349E-01 -2.1767E-16
  1.9192E+01  4.2205E-01 -2.0638E-16
  1.9270E+01  4.2123E-01 -2.1110E-16
  1.9347E+01  4.2102E-01 -2.2233E-16
  1.9425E+01  4.2137E-01 -2.3140E-16
  1.9503E+01  4.2219E-01 -2.3355E-16
  1.9580E+01  4.2338E-01 -2.2750E-16
  1.9658E+01  4.2483E-01 -2.2518E-16
  1.9736E+01  4.2644E-01 -2.2938E-16
  1.9813E+01  4.2810E-01 -2.1665E-16
  1.9891E+01  4.2973E-01 -2.1814E-16
  1.9969E+01  4.3123E-01 -2.1441E-16
  2.0047E+01  4.3254E-01 -2.0946E-16
  2.0124E+01  4.3360E-01 -2.0387E-16
  2.0202E+01  4.3436E-01 -1.8779E-16
  2.0280E+01  4.3479E-01 -1.9102E-16
  2.0357E+01  4.3487E-01 -1.9849E-16
  2.0435E+01  4.3460E-01 -1.9125E-16
  2.0513E+01  4.3397E-01 -2.0384E-16
  2.0590E+01  4.3297E-01 -2.0898E-16
  2.0668E+01  4.3163E-01 -2.1495E-16
  2.0746E+01  4.2995E-01 -2.1191E-16
  2.0824E+01  4.2798E-01 -2.2411E-16
  2.0901E+01  4.2583E-01 -2.3255E-16
  2.0979E+01  4.2366E-01 -2.3057E-16
  2.1057E+01  4.2168E-01 -2.3431E-16
  2.1134E+01  4.2015E-01 -2.4067E-16
  2.1212E+01  4.1934E-01 -2.3962E-16
  2.1290E+01  4.1947E-01 -2.3630E-16
  2.1367E+01  4.2066E-01 -2.3686E-16
  2.1445E+01  4.2294E-01 -2.3814E-16
  2.1523E+01  4.2620E-01 -2.3862E-16
  2.1601E+01  4.3026E-01 -2.3275E-16
  2.1678E+01  4.3484E-01 -2.2320E-16
  2.1756E+01  4.3965E-01 -2.2503E-16
  2.1834E+01  4.4440E-01 -2.2127E-16
  2.1911E+01  4.4883E-01 -2.1977E-16
  2.1989E+01  4.5273E-01 -2.1408E-16
  2.2067E+01  4.5597E-01 -2.1419E-16
  2.2144E+01  4.5845E-01 -2.1172E-16
  2.2222E+01  4.6015E-01 -2.0734E-16
  2.2300E+01  4.6109E-01 -2.1619E-16
  2.2378E+01  4.6133E-01 -2.1978E-16
  2.2455E+01  4.6092E-01 -2.3512E-16
  2.2533E+01  4.5995E-01 -1.9997E-16
  2.2611E+01  4.5846E-01 -2.1528E-16
  2.2688E+01  4.5649E-01 -2.2987E-16
  2.2766E+01  4.5400E-01 -2.2905E-16
  2.2844E+01  4.5094E-01 -2.2181E-16
  2.2921E+01  4.4719E-01 -2.6745E-16
  2.2999E+01  4.4260E-01 -2.4038E-16
  2.3077E+01  4.3703E-01 -2.5853E-16
  2.3155E+01  4.3037E-01 -2.5927E-16
  2.3232E+01  4.2256E-01 -2.8462E-16
  2.3310E+01  4.1367E-01 -2.8812E-16
  2.3388E+01  4.0391E-01 -2.7700E-16
  2.3465E+01  3.9363E-01 -2.8704E-16
  2.3543E+01  3.8330E-01 -2.7082E-16
  2.3621E+01  3.7352E-01 -2.6028E-16
  2.3698E+01  3.6490E-01 -2.6637E-16
  2.3776E+01  3.5808E-01 -2.5616E-16
  2.3854E+01  3.5356E-01 -2.6915E-16
  2.3932E+01  3.5176E-01 -2.5874E-16
  2.4009E+01  3.5289E-01 -2.5826E-16
  2.4087E+01  3.5696E-01 -2.5821E-16
  2.4165E+01  3.6379E-01 -2.5129E-16
  2.4242E+01  3.7300E-01 -2.4492E-16
  2.4320E+01  3.8408E-01 -2.3885E-16
  2.4398E+01  3.9639E-01 -2.4110E-16
  2.4475E+01  4.0926E-01 -2.4824E-16
  2.4553E+01  4.2199E-01 -2.4784E-16
  2.4631E+01  4.3397E-01 -2.3788E-16
  2.4709E+01  4.4464E-01 -2.4942E-16
  2.4786E+01  4.5358E-01 -2.3997E-16
  2.4864E+01  4.6049E-01 -2.5352E-16
  2.4942E+01  4.6522E-01 -2.4209E-16
  2.5019E+01  4.6776E-01 -2.6198E-16
  2.5097E+01  4.6821E-01 -2.5444E-16
  2.5175E+01  4.6678E-01 -2.6002E-16
  2.5252E+01  4.6374E-01 -2.7261E-16
  2.5330E+01  4.5941E-01 -2.6915E-16
  2.5408E+01  4.5414E-01 -2.6988E-16
  2.5486E+01  4.4829E-01 -2.8317E-16
  2.5563E+01  4.4217E-01 -2.8630E-16
  2.5641E+01  4.3606E-01 -2.7899E-16
  2.5719E+01  4.3020E-01 -2.8228E-16
  2.5796E+01  4.2477E-01 -2.8023E-16
  2.5874E+01  4.1988E-01 -2.7954E-16
  2.5952E+01  4.1561E-01 -2.8521E-16
  2.6029E+01  4.1197E-01 -2.7531E-16
  2.6107E+01  4.0896E-01 -2.8192E-16
  2.6185E+01  4.0653E-01 -2.7227E-16
  2.6263E+01  4.0464E-01 -2.6123E-16
  2.6340E+01  4.0322E-01 -2.6508E-16
  2.6418E+01  4.0222E-01 -2.5589E-16
  2.6496E+01  4.0159E-01 -2.6213E-16
  2.6573E+01  4.0130E-01 -2.6190E-16
  2.6651E+01  4.0133E-01 -2.6635E-16
  2.6729E+01  4.0167E-01 -2.6242E-16
  2.6806E+01  4.0235E-01 -2.6659E-16
  2.6884E+01  4.0336E-01 -2.7040E-16
  2.6962E+01  4.0473E-01 -2.7717E-16
  2.7040E+01  4.0644E-01 -2.7766E-16
  2.7117E+01  4.0848E-01 -2.8012E-16
  2.7195E+01  4.1081E-01 -2.8917E-16
  2.7273E+01  4.1338E-01 -2.8496E-16
  2.7350E+01  4.1610E-01 -2.9440E-16
  2.7428E+01  4.1892E-01 -2.9454E-16
  2.7506E+01  4.2174E-01 -3.0192E-16
  2.7583E+01  4.2446E-01 -3.0019E-16
  2.7661E+01  4.2698E-01 -3.1322E-16
  2.7739E+01  4.2920E-01 -3.0425E-16
  2.7817E+01  4.3101E-01 -3.0052E-16
  2.7894E+01  4.3234E-01 -2.9842E-16
  2.7972E+01  4.3310E-01 -2.9767E-16
  2.8050E+01  4.3327E-01 -2.9258E-16
  2.8127E+01  4.3285E-01 -2.9237E-16
  2.8205E+01  4.3185E-01 -2.7869E-16
  2.8283E+01  4.3033E-01 -2.8230E-16
  2.8360E+01  4.2835E-01 -2.7200E-16
  2.8438E+01  4.2598E-01 -2.8327E-16
  2.8516E+01  4.2331E-01 -2.8533E-16
  2.8594E+01  4.2040E-01 -2.8512E-16
  2.8671E+01  4.1738E-01 -2.7316E-16
  2.8749E+01  4.1433E-01 -2.6152E-16
  2.8827E+01  4.1139E-01 -2.6862E-16
  2.8904E+01  4.0865E-01 -2.7979E-16
  2.8982E+01  4.0624E-01 -2.7664E-16
  2.9060E+01  4.0422E-01 -2.8104E-16
  2.9137E+01  4.0267E-01 -2.9233E-16
  2.9215E+01  4.0160E-01 -2.9170E-16
  2.9293E+01  4.0102E-01 -2.9462E-16
  2.9371E+01  4.0091E-01 -3.1244E-16
  2.9448E+01  4.0124E-01 -3.2105E-16
  2.9526E+01  4.0196E-01 -3.1755E-16
  2.9604E+01  4.0304E-01 -3.1610E-16
  2.9681E+01  4.0442E-01 -3.2712E-16
  2.9759E+01  4.0606E-01 -3.1735E-16
  2.9837E+01  4.0789E-01 -3.1268E-16
  2.9914E+01  4.0986E-01 -3.1020E-16
  2.9992E+01  4.1187E-01 -3.1221E-16
  3.0070E+01  4.1383E-01 -2.9711E-16
  3.0148E+01  4.1567E-01 -2.9700E-16
  3.0225E+01  4.1728E-01 -2.8932E-16
  3.0303E+01  4.1860E-01 -2.9245E-16
  3.0381E+01  4.1960E-01 -2.9131E-16
  3.0458E+01  4.2024E-01 -2.8667E-16
  3.0536E+01  4.2054E-01 -2.8304E-16
  3.0614E+01  4.2051E-01 -2.7506E-16
  3.0691E+01  4.2020E-01 -2.8216E-16
  3.0769E+01  4.1963E-01 -2.8070E-16
  3.0847E+01  4.1885E-01 -2.9554E-16
  3.0925E+01  4.1788E-01 -3.0104E-16
  3.1002E+01  4.1673E-01 -3.1284E-16
  3.1080E+01  4.1543E-01 -3.0553E-16
  3.1158E+01  4.1400E-01 -3.1058E-16
  3.1235E+01  4.1245E-01 -3.1333E-16
  3.1313E+01  4.1081E-01 -3.2419E-16
  3.1391E+01  4.0914E-01 -3.2187E-16
  3.1468E+01  4.0750E-01 -3.1812E-16
  3.1546E+01  4.0594E-01 -3.2411E-16
  3.1624E+01  4.0453E-01 -3.3001E-16
  3.1702E+01  4.0336E-01 -3.2100E-16
  3.1779E+01  4.0245E-01 -3.2592E-16
  3.1857E+01  4.0186E-01 -3.2209E-16
  3.1935E+01  4.0158E-01 -3.2627E-16
  3.2012E+01  4.0161E-01 -3.2413E-16
  3.2090E+01  4.0190E-01 -3.3474E-16
  3.2168E+01  4.0240E-01 -3.2979E-16
  3.2245E+01  4.0306E-01 -3.2819E-16
  3.2323E+01  4.0380E-01 -3.3816E-16
  3.2401E+01  4.0458E-01 -3.2520E-16
  3.2479E+01  4.0535E-01 -3.3422E-16
  3.2556E+01  4.0607E-01 -3.2340E-16
  3.2634E+01  4.0675E-01 -3.2874E-16
  3.2712E+01  4.0738E-01 -3.2851E-16
  3.2789E+01  4.0797E-01 -3.3110E-16
  3.2867E+01  4.0853E-01 -3.2839E-16
  3.2945E+01  4.0906E-01 -3.2138E-16
  3.3022E+01  4.0957E-01 -3.2389E-16
  3.3100E+01  4.1003E-01 -3.2884E-16
  3.3178E+01  4.1041E-01 -3.2568E-16
  3.3256E+01  4.1067E-01 -3.1790E-16
  3.3333E+01  4.1077E-01 -3.2876E-16
  3.3411E+01  4.1066E-01 -3.2104E-16
  3.3489E+01  4.1031E-01 -3.2627E-16
  3.3566E+01  4.0968E-01 -3.2854E-16
  3.3644E+01  4.0880E-01 -3.1914E-16
  3.3722E+01  4.0766E-01 -3.2347E-16
  3.3799E+01  4.0634E-01 -3.1323E-16
  3.3877E+01  4.0490E-01 -3.3356E-16
  3.3955E+01  4.0343E-01 -3.2557E-16
  3.4033E+01  4.0201E-01 -3.2654E-16
  3.4110E+01  4.0075E-01 -3.2222E-16
  3.4188E+01  3.9971E-01 -3.2363E-16
  3.4266E+01  3.9895E-01 -3.2544E-16
  3.4343E+01  3.9850E-01 -3.2611E-16
  3.4421E+01  3.9838E-01 -3.4094E-16
  3.4499E+01  3.9856E-01 -3.4916E-16
  3.4576E+01  3.9899E-01 -3.3548E-16
  3.4654E+01  3.9963E-01 -3.4890E-16
  3.4732E+01  4.0039E-01 -3.4855E-16
  3.4810E+01  4.0118E-01 -3.4684E-16
  3.4887E+01  4.0195E-01 -3.5093E-16
  3.4965E+01  4.0263E-01 -3.5094E-16
  3.5043E+01  4.0318E-01 -3.4971E-16
  3.5120E+01  4.0359E-01 -3.5228E-16
  3.5198E+01  4.0385E-01 -3.4859E-16
  3.5276E+01  4.0401E-01 -3.4259E-16
  3.5353E+01  4.0408E-01 -3.4405E-16
  3.5431E+01  4.0411E-01 -3.5453E-16
  3.5509E+01  4.0414E-01 -3.5067E-16
  3.5587E+01  4.0419E-01 -3.4886E-16
  3.5664E+01  4.0428E-01 -3.5549E-16
  3.5742E+01  4.0442E-01 -3.5888E-16
  3.5820E+01  4.0459E-01 -3.4667E-16
  3.5897E+01  4.0477E-01 -3.5583E-16
  3.5975E+01  4.0493E-01 -3.5277E-16
  3.6053E+01  4.0501E-01 -3.5570E-16
  3.6130E+01  4.0497E-01 -3.4922E-16
  3.6208E+01  4.0477E-01 -3.5395E-16
  3.6286E+01  4.0435E-01 -3.5759E-16
  3.6364E+01  4.0369E-01 -3.6593E-16
  3.6441E+01  4.0279E-01 -3.6697E-16
  3.6519E+01  4.0167E-01 -3.5743E-16
  3.6597E+01  4.0037E-01 -3.5339E-16
  3.6674E+01  3.9895E-01 -3.6326E-16
  3.6752E+01  3.9750E-01 -3.7434E-16
  3.6830E+01  3.9610E-01 -3.6997E-16
  3.6907E+01  3.9484E-01 -3.6699E-16
  3.6985E+01  3.9381E-01 -3.6655E-16
  3.7063E+01  3.9307E-01 -3.6465E-16
  3.7141E+01  3.9266E-01 -3.6928E-16
  3.7218E+01  3.9262E-01 -3.6505E-16
  3.7296E+01  3.9293E-01 -3.6210E-16
  3.7374E+01  3.9358E-01 -3.6496E-16
  3.7451E+01  3.9454E-01 -3.7456E-16
  3.7529E+01  3.9573E-01 -3.6873E-16
  3.7607E+01  3.9710E-01 -3.7390E-16
  3.7684E+01  3.9855E-01 -3.7109E-16
  3.7762E+01  4.0000E-01 -3.6964E-16
  3.7840E+01  4.0136E-01 -3.7464E-16
  3.7918E+01  4.0255E-01 -3.7430E-16
  3.7995E+01  4.0349E-01 -3.7713E-16
  3.8073E+01  4.0413E-01 -3.8686E-16
  3.8151E+01  4.0444E-01 -3.8131E-16
  3.8228E+01  4.0442E-01 -3.8153E-16
  3.8306E+01  4.0406E-01 -3.8629E-16
  3.8384E+01  4.0341E-01 -3.8026E-16
  3.8461E+01  4.0250E-01 -3.7713E-16
  3.8539E+01  4.0139E-01 -3.8257E-16
  3.8617E+01  4.0014E-01 -3.8347E-16
  3.8695E+01  3.9882E-01 -3.8551E-16
  3.8772E+01  3.9749E-01 -3.8781E-16
  3.8850E+01  3.9619E-01 -3.8038E-16
  3.8928E+01  3.9498E-01 -3.8273E-16
  3.9005E+01  3.9388E-01 -3.7127E-16
  3.9083E+01  3.9293E-01 -3.8146E-16
  3.9161E+01  3.9214E-01 -3.8594E-16
  3.9238E+01  3.9153E-01 -3.8468E-16
  3.9316E+01  3.9111E-01 -3.8142E-16
  3.9394E+01  3.9086E-01 -3.9260E-16
  3.9472E+01  3.9079E-01 -3.8500E-16
  3.9549E+01  3.9087E-01 -3.8623E-16
  3.9627E+01  3.9109E-01 -3.8633E-16
  3.9705E+01  3.9142E-01 -3.8768E-16
  3.9782E+01  3.9183E-01 -3.8449E-16
  3.9860E+01  3.9230E-01 -3.7834E-16
  3.9938E+01  3.9279E-01 -3.8851E-16
  4.0015E+01  3.9328E-01 -3.8610E-16
  4.0093E+01  3.9375E-01 -3.8759E-16
  4.0171E+01  3.9418E-01 -3.8310E-16
  4.0249E+01  3.9457E-01 -3.8910E-16
  4.0326E+01  3.9489E-01 -3.8815E-16
  4.0404E+01  3.9514E-01 -3.7556E-16
  4.0482E+01  3.9533E-01 -3.9064E-16
  4.0559E+01  3.9544E-01 -3.8812E-16
  4.0637E+01  3.9548E-01 -3.8887E-16
  4.0715E+01  3.9545E-01 -3.8674E-16
  4.0792E+01  3.9536E-01 -3.9385E-16
  4.0870E+01  3.9520E-01 -3.9428E-16
  4.0948E+01  3.9497E-01 -3.9402E-16
  4.1026E+01  3.9469E-01 -4.0294E-16
  4.1103E+01  3.9435E-01 -3.9944E-16
  4.1181E+01  3.9396E-01 -4.0358E-16
  4.1259E+01  3.9353E-01 -4.1798E-16
  4.1336E+01  3.9307E-01 -4.0850E-16
  4.1414E+01  3.9259E-01 -4.1612E-16
  4.1492E+01  3.9210E-01 -4.0913E-16
  4.1569E+01  3.9163E-01 -4.1370E-16
  4.1647E+01  3.9117E-01 -4.0627E-16
  4.1725E+01  3.9075E-01 -4.0780E-16
  4.1803E+01  3.9037E-01 -4.1071E-16
  4.1880E+01  3.9004E-01 -3.9981E-16
  4.1958E+01  3.8977E-01 -4.0100E-16
  4.2036E+01  3.8957E-01 -3.9792E-16
  4.2113E+01  3.8944E-01 -3.9601E-16
  4.2191E+01  3.8939E-01 -3.9407E-16
  4.2269E+01  3.8942E-01 -3.9684E-16
  4.2346E+01  3.8952E-01 -3.9279E-16
  4.2424E+01  3.8970E-01 -3.9635E-16
  4.2502E+01  3.8992E-01 -4.0196E-16
  4.2580E+01  3.9019E-01 -3.9564E-16
  4.2657E+01  3.9047E-01 -4.0065E-16
  4.2735E+01  3.9076E-01 -4.0817E-16
  4.2813E+01  3.9104E-01 -4.0172E-16
  4.2890E+01  3.9128E-01 -4.0657E-16
  4.2968E+01  3.9149E-01 -4.0321E-16
  4.3046E+01  3.9165E-01 -4.0799E-16
  4.3123E+01  3.9175E-01 -4.0402E-16
  4.3201E+01  3.9180E-01 -4.1127E-16
  4.3279E+01  3.9179E-01 -4.1287E-16
  4.3357E+01  3.9172E-01 -4.0952E-16
  4.3434E+01  3.9160E-01 -4.0505E-16
  4.3512E+01  3.9143E-01 -4.0111E-16
  4.3590E+01  3.9122E-01 -4.0719E-16
  4.3667E+01  3.9097E-01 -4.0828E-16
  4.3745E+01  3.9069E-01 -4.0014E-16
  4.3823E+01  3.9037E-01 -4.0541E-16
  4.3900E+01  3.9003E-01 -4.0793E-16
  4.3978E+01  3.8967E-01 -4.0905E-16
  4.4056E+01  3.8928E-01 -4.1787E-16
  4.4134E+01  3.8889E-01 -4.1634E-16
  4.4211E+01  3.8848E-01 -4.0897E-16
  4.4289E+01  3.8808E-01 -4.1100E-16
  4.4367E+01  3.8770E-01 -4.0979E-16
  4.4444E+01  3.8734E-01 -4.1636E-16
  4.4522E+01  3.8703E-01 -4.1341E-16
  4.4600E+01  3.8678E-01 -4.1368E-16
  4.4677E+01  3.8660E-01 -4.1263E-16
  4.4755E+01  3.8648E-01 -4.1746E-16
  4.4833E+01  3.8643E-01 -4.1660E-16
  4.4911E+01  3.8643E-01 -4.1936E-16
  4.4988E+01  3.8646E-01 -4.2188E-16
  4.5066E+01  3.8652E-01 -4.1969E-16
  4.5144E+01  3.8659E-01 -4.2194E-16
  4.5221E+01  3.8665E-01 -4.1849E-16
  4.5299E+01  3.8668E-01 -4.2505E-16
  4.5377E+01  3.8669E-01 -4.1876E-16
  4.5454E+01  3.8667E-01 -4.2694E-16
  4.5532E+01  3.8662E-01 -4.2358E-16
  4.5610E+01  3.8654E-01 -4.1901E-16
  4.5688E+01  3.8644E-01 -4.2207E-16
  4.5765E+01  3.8632E-01 -4.2453E-16
  4.5843E+01  3.8619E-01 -4.2475E-16
  4.5921E+01  3.8607E-01 -4.3403E-16
  4.5998E+01  3.8594E-01 -4.3499E-16
  4.6076E+01  3.8583E-01 -4.3076E-16
  4.6154E+01  3.8571E-01 -4.3494E-16
  4.6231E+01  3.8560E-01 -4.3220E-16
  4.6309E+01  3.8549E-01 -4.3094E-16
  4.6387E+01  3.8537E-01 -4.3163E-16
  4.6465E+01  3.8523E-01 -4.3437E-16
  4.6542E+01  3.8508E-01 -4.3109E-16
  4.6620E+01  3.8491E-01 -4.3716E-16
  4.6698E+01  3.8472E-01 -4.4083E-16
  4.6775E+01  3.8452E-01 -4.4924E-16
  4.6853E+01  3.8430E-01 -4.4547E-16
  4.6931E+01  3.8408E-01 -4.3811E-16
  4.7008E+01  3.8387E-01 -4.4602E-16
  4.7086E+01  3.8368E-01 -4.4331E-16
  4.7164E+01  3.8353E-01 -4.4526E-16
  4.7242E+01  3.8343E-01 -4.4012E-16
  4.7319E+01  3.8338E-01 -4.4484E-16
  4.7397E+01  3.8339E-01 -4.3986E-16
  4.7475E+01  3.8345E-01 -4.4030E-16
  4.7552E+01  3.8356E-01 -4.4681E-16
  4.7630E+01  3.8370E-01 -4.5530E-16
  4.7708E+01  3.8386E-01 -4.4507E-16
  4.7785E+01  3.8401E-01 -4.3394E-16
  4.7863E+01  3.8414E-01 -4.3979E-16
  4.7941E+01  3.8423E-01 -4.3998E-16
  4.8019E+01  3.8426E-01 -4.4915E-16
  4.8096E+01  3.8423E-01 -4.3994E-16
  4.8174E+01  3.8413E-01 -4.4170E-16
  4.8252E+01  3.8395E-01 -4.4275E-16
  4.8329E+01  3.8372E-01 -4.4514E-16
  4.8407E+01  3.8343E-01 -4.3439E-16
  4.8485E+01  3.8310E-01 -4.3685E-16
  4.8562E+01  3.8276E-01 -4.4505E-16
  4.8640E+01  3.8241E-01 -4.3963E-16
  4.8718E+01  3.8208E-01 -4.4867E-16
  4.8796E+01  3.8177E-01 -4.4271E-16
  4.8873E+01  3.8149E-01 -4.4435E-16
  4.8951E+01  3.8126E-01 -4.4790E-16
  4.9029E+01  3.8107E-01 -4.5098E-16
  4.9106E+01  3.8093E-01 -4.4771E-16
  4.9184E+01  3.8082E-01 -4.5065E-16
  4.9262E+01  3.8075E-01 -4.5517E-16
  4.9339E+01  3.8070E-01 -4.4993E-16
  4.9417E+01  3.8067E-01 -4.5475E-16
  4.9495E+01  3.8064E-01 -4.5716E-16
  4.9573E+01  3.8061E-01 -4.4913E-16
  4.9650E+01  3.8056E-01 -4.5386E-16
  4.9728E+01  3.8051E-01 -4.5846E-16
  4.9806E+01  3.8044E-01 -4.4562E-16
  4.9883E+01  3.8035E-01 -4.5569E-16
  4.9961E+01  3.8025E-01 -4.5683E-16
  5.0039E+01  3.8014E-01 -4.5505E-16
  5.0116E+01  3.8002E-01 -4.6121E-16
  5.0194E+01  3.7990E-01 -4.5530E-16
  5.0272E+01  3.7979E-01 -4.5342E-16
  5.0350E+01  3.7969E-01 -4.5677E-16
  5.0427E+01  3.7959E-01 -4.4824E-16
  5.0505E+01  3.7952E-01 -4.5502E-16
  5.0583E+01  3.7945E-01 -4.5695E-16
  5.0660E+01  3.7941E-01 -4.5867E-16
  5.0738E+01  3.7938E-01 -4.5496E-16
  5.0816E+01  3.7936E-01 -4.7447E-16
  5.0893E+01  3.7934E-01 -4.7080E-16
  5.0971E+01  3.7932E-01 -4.6766E-16
  5.1049E+01  3.7929E-01 -4.6953E-16
  5.1127E+01  3.7925E-01 -4.7369E-16
  5.1204E+01  3.7918E-01 -4.6836E-16
  5.1282E+01  3.7909E-01 -4.6789E-16
  5.1360E+01  3.7896E-01 -4.7688E-16
  5.1437E+01  3.7881E-01 -4.7151E-16
  5.1515E+01  3.7864E-01 -4.8033E-16
  5.1593E+01  3.7844E-01 -4.8230E-16
  5.1670E+01  3.7822E-01 -4.7227E-16
  5.1748E+01  3.7800E-01 -4.8546E-16
  5.1826E+01  3.7777E-01 -4.8863E-16
  5.1904E+01  3.7755E-01 -4.7918E-16
  5.1981E+01  3.7733E-01 -4.7929E-16
  5.2059E+01  3.7713E-01 -4.7672E-16
  5.2137E+01  3.7694E-01 -4.8365E-16
  5.2214E+01  3.7677E-01 -4.8455E-16
  5.2292E+01  3.7663E-01 -4.8048E-16
  5.2370E+01  3.7651E-01 -4.7995E-16
  5.2447E+01  3.7642E-01 -4.8168E-16
  5.2525E+01  3.7635E-01 -4.8138E-16
  5.2603E+01  3.7630E-01 -4.7609E-16
  5.2681E+01  3.7627E-01 -4.8071E-16
  5.2758E+01  3.7626E-01 -4.8331E-16
  5.2836E+01  3.7625E-01 -4.7765E-16
  5.2914E+01  3.7626E-01 -4.9259E-16
  5.2991E+01  3.7626E-01 -4.7857E-16
  5.3069E+01  3.7626E-01 -4.8738E-16
  5.3147E+01  3.7625E-01 -4.7665E-16
  5.3224E+01  3.7622E-01 -4.7819E-16
  5.3302E+01  3.7619E-01 -4.7581E-16
  5.3380E+01  3.7613E-01 -4.7953E-16
  5.3458E+01  3.7606E-01 -4.8051E-16
  5.3535E+01  3.7597E-01 -4.8211E-16
  5.3613E+01  3.7586E-01 -4.8499E-16
  5.3691E+01  3.7573E-01 -4.9260E-16
  5.3768E+01  3.7559E-01 -4.9194E-16
  5.3846E+01  3.7544E-01 -4.8708E-16
  5.3924E+01  3.7529E-01 -4.9612E-16
  5.4001E+01  3.7513E-01 -4.9212E-16
  5.4079E+01  3.7496E-01 -4.9761E-16
  5.4157E+01  3.7480E-01 -4.9760E-16
  5.4235E+01  3.7464E-01 -5.0062E-16
  5.4312E+01  3.7449E-01 -4.9746E-16
  5.4390E+01  3.7434E-01 -4.9302E-16
  5.4468E+01  3.7420E-01 -4.9587E-16
  5.4545E+01  3.7406E-01 -4.9912E-16
  5.4623E+01  3.7393E-01 -4.9245E-16
  5.4701E+01  3.7381E-01 -4.9576E-16
  5.4778E+01  3.7369E-01 -4.9608E-16
  5.4856E+01  3.7358E-01 -4.9437E-16
  5.4934E+01  3.7348E-01 -4.9077E-16
  5.5012E+01  3.7339E-01 -4.9112E-16
  5.5089E+01  3.7332E-01 -4.9614E-16
  5.5167E+01  3.7325E-01 -4.9463E-16
  5.5245E+01  3.7320E-01 -4.9776E-16
  5.5322E+01  3.7315E-01 -4.9348E-16
  5.5400E+01  3.7311E-01 -4.9644E-16
  5.5478E+01  3.7308E-01 -4.9637E-16
  5.5555E+01  3.7304E-01 -4.9049E-16
  5.5633E+01  3.7300E-01 -5.0071E-16
  5.5711E+01  3.7295E-01 -4.9855E-16
  5.5789E+01  3.7289E-01 -4.9952E-16
  5.5866E+01  3.7282E-01 -4.9650E-16
  5.5944E+01  3.7274E-01 -4.9165E-16
  5.6022E+01  3.7264E-01 -5.0480E-16
  5.6099E+01  3.7254E-01 -5.1120E-16
  5.6177E+01  3.7243E-01 -4.9836E-16
  5.6255E+01  3.7231E-01 -5.0721E-16
  5.6332E+01  3.7219E-01 -5.0914E-16
  5.6410E+01  3.7207E-01 -5.0110E-16
  5.6488E+01  3.7195E-01 -5.0363E-16
  5.6566E+01  3.7183E-01 -5.0487E-16
  5.6643E+01  3.7171E-01 -5.0709E-16
  5.6721E+01  3.7158E-01 -5.0755E-16
  5.6799E+01  3.7146E-01 -5.1131E-16
  5.6876E+01  3.7134E-01 -5.0881E-16
  5.6954E+01  3.7121E-01 -5.0760E-16
  5.7032E+01  3.7108E-01 -5.1527E-16
  5.7109E+01  3.7096E-01 -5.1549E-16
  5.7187E+01  3.7083E-01 -5.1527E-16
  5.7265E+01  3.7071E-01 -5.2193E-16
  5.7343E+01  3.7060E-01 -5.2030E-16
  5.7420E+01  3.7049E-01 -5.2327E-16
  5.7498E+01  3.7040E-01 -5.1810E-16
  5.7576E+01  3.7032E-01 -5.1850E-16
  5.7653E+01  3.7025E-01 -5.1712E-16
  5.7731E+01  3.7019E-01 -5.1546E-16
  5.7809E+01  3.7015E-01 -5.2644E-16
  5.7886E+01  3.7011E-01 -5.2240E-16
  5.7964E+01  3.7007E-01 -5.1432E-16
  5.8042E+01  3.7003E-01 -5.2430E-16
  5.8120E+01  3.6999E-01 -5.1362E-16
  5.8197E+01  3.6994E-01 -5.1913E-16
  5.8275E+01  3.6988E-01 -5.2198E-16
  5.8353E+01  3.6981E-01 -5.1995E-16
  5.8430E+01  3.6972E-01 -5.2560E-16
  5.8508E+01  3.6962E-01 -5.2070E-16
  5.8586E+01  3.6950E-01 -5.1893E-16
  5.8663E+01  3.6938E-01 -5.2304E-16
  5.8741E+01  3.6925E-01 -5.2199E-16
  5.8819E+01  3.6911E-01 -5.1722E-16
  5.8897E+01  3.6897E-01 -5.2512E-16
  5.8974E+01  3.6884E-01 -5.2137E-16
  5.9052E+01  3.6871E-01 -5.2583E-16
  5.9130E+01  3.6858E-01 -5.2257E-16
  5.9207E+01  3.6847E-01 -5.2908E-16
  5.9285E+01  3.6835E-01 -5.2615E-16
  5.9363E+01  3.6825E-01 -5.2591E-16
  5.9440E+01  3.6816E-01 -5.2757E-16
  5.9518E+01  3.6806E-01 -5.2954E-16
  5.9596E+01  3.6798E-01 -5.2869E-16
  5.9674E+01  3.6789E-01 -5.2887E-16
  5.9751E+01  3.6780E-01 -5.2869E-16
  5.9829E+01  3.6772E-01 -5.3580E-16
  5.9907E+01  3.6763E-01 -5.3660E-16
  5.9984E+01  3.6754E-01 -5.3391E-16
  6.0062E+01  3.6745E-01 -5.4128E-16
  6.0140E+01  3.6736E-01 -5.3970E-16
  6.0217E+01  3.6728E-01 -5.3981E-16
  6.0295E+01  3.6720E-01 -5.3957E-16
  6.0373E+01  3.6712E-01 -5.3676E-16
  6.0451E+01  3.6706E-01 -5.4765E-16
  6.0528E+01  3.6699E-01 -5.4137E-16
  6.0606E+01  3.6693E-01 -5.4057E-16
  6.0684E+01  3.6688E-01 -5.4031E-16
  6.0761E+01  3.6683E-01 -5.3489E-16
  6.0839E+01  3.6677E-01 -5.3580E-16
  6.0917E+01  3.6671E-01 -5.4419E-16
  6.0994E+01  3.6665E-01 -5.3615E-16
  6.1072E+01  3.6657E-01 -5.3809E-16
  6.1150E+01  3.6649E-01 -5.3408E-16
  6.1228E+01  3.6639E-01 -5.2779E-16
  6.1305E+01  3.6629E-01 -5.4307E-16
  6.1383E+01  3.6617E-01 -5.3667E-16
  6.1461E+01  3.6604E-01 -5.3451E-16
  6.1538E+01  3.6590E-01 -5.4390E-16
  6.1616E+01  3.6575E-01 -5.4121E-16
  6.1694E+01  3.6560E-01 -5.4438E-16
  6.1771E+01  3.6545E-01 -5.4073E-16
  6.1849E+01  3.6530E-01 -5.5097E-16
  6.1927E+01  3.6516E-01 -5.4934E-16
  6.2005E+01  3.6503E-01 -5.4656E-16
  6.2082E+01  3.6491E-01 -5.5300E-16
  6.2160E+01  3.6481E-01 -5.4941E-16
  6.2238E+01  3.6471E-01 -5.5642E-16
  6.2315E+01  3.6464E-01 -5.4672E-16
  6.2393E+01  3.6457E-01 -5.4538E-16
  6.2471E+01  3.6452E-01 -5.5028E-16
  6.2548E+01  3.6448E-01 -5.5540E-16
  6.2626E+01  3.6444E-01 -5.5333E-16
  6.2704E+01  3.6441E-01 -5.5102E-16
  6.2782E+01  3.6438E-01 -5.6305E-16
  6.2859E+01  3.6434E-01 -5.5848E-16
  6.2937E+01  3.6430E-01 -5.6179E-16
  6.3015E+01  3.6426E-01 -5.4880E-16
  6.3092E+01  3.6420E-01 -5.5306E-16
  6.3170E+01  3.6414E-01 -5.4624E-16
  6.3248E+01  3.6407E-01 -5.4448E-16
  6.3325E+01  3.6399E-01 -5.5469E-16
  6.3403E+01  3.6390E-01 -5.5852E-16
  6.3481E+01  3.6381E-01 -5.5486E-16
  6.3559E+01  3.6371E-01 -5.5569E-16
  6.3636E+01  3.6360E-01 -5.6180E-16
  6.3714E+01  3.6349E-01 -5.5364E-16
  6.3792E+01  3.6337E-01 -5.5952E-16
  6.3869E+01  3.6326E-01 -5.6003E-16
  6.3947E+01  3.6314E-01 -5.6226E-16
  6.4025E+01  3.6302E-01 -5.6500E-16
  6.4102E+01  3.6291E-01 -5.5945E-16
  6.4180E+01  3.6279E-01 -5.6327E-16
  6.4258E+01  3.6268E-01 -5.6632E-16
  6.4336E+01  3.6258E-01 -5.6350E-16
  6.4413E+01  3.6248E-01 -5.6022E-16
  6.4491E+01  3.6238E-01 -5.6169E-16
  6.4569E+01  3.6229E-01 -5.6847E-16
  6.4646E+01  3.6220E-01 -5.7080E-16
  6.4724E+01  3.6211E-01 -5.6608E-16
  6.4802E+01  3.6203E-01 -5.7349E-16
  6.4879E+01  3.6195E-01 -5.6954E-16
  6.4957E+01  3.6187E-01 -5.7056E-16
  6.5035E+01  3.6179E-01 -5.7183E-16
  6.5113E+01  3.6172E-01 -5.6852E-16
  6.5190E+01  3.6165E-01 -5.7159E-16
  6.5268E+01  3.6158E-01 -5.7213E-16
  6.5346E+01  3.6151E-01 -5.7446E-16
  6.5423E+01  3.6144E-01 -5.7924E-16
  6.5501E+01  3.6137E-01 -5.8044E-16
  6.5579E+01  3.6131E-01 -5.7268E-16
  6.5656E+01  3.6124E-01 -5.8064E-16
  6.5734E+01  3.6118E-01 -5.7320E-16
  6.5812E+01  3.6111E-01 -5.7322E-16
  6.5890E+01  3.6104E-01 -5.7429E-16
  6.5967E+01  3.6097E-01 -5.7481E-16
  6.6045E+01  3.6089E-01 -5.8121E-16
  6.6123E+01  3.6081E-01 -5.7403E-16
  6.6200E+01  3.6072E-01 -5.7911E-16
  6.6278E+01  3.6063E-01 -5.8145E-16
  6.6356E+01  3.6054E-01 -5.8714E-16
  6.6433E+01  3.6044E-01 -5.7672E-16
  6.6511E+01  3.6034E-01 -5.7768E-16
  6.6589E+01  3.6024E-01 -5.8629E-16
  6.6667E+01  3.6014E-01 -5.8287E-16
  6.6744E+01  3.6003E-01 -5.7545E-16
  6.6822E+01  3.5993E-01 -5.7847E-16
  6.6900E+01  3.5983E-01 -5.7999E-16
  6.6977E+01  3.5972E-01 -5.8427E-16
  6.7055E+01  3.5963E-01 -5.9076E-16
  6.7133E+01  3.5953E-01 -5.7826E-16
  6.7210E+01  3.5944E-01 -5.8447E-16
  6.7288E+01  3.5935E-01 -5.8677E-16
  6.7366E+01  3.5926E-01 -5.9111E-16
  6.7444E+01  3.5917E-01 -5.8398E-16
  6.7521E+01  3.5909E-01 -5.8216E-16
  6.7599E+01  3.5901E-01 -5.8925E-16
  6.7677E+01  3.5894E-01 -5.9183E-16
  6.7754E+01  3.5886E-01 -5.9620E-16
  6.7832E+01  3.5879E-01 -5.9867E-16
  6.7910E+01  3.5872E-01 -5.9282E-16
  6.7987E+01  3.5866E-01 -5.9558E-16
  6.8065E+01  3.5859E-01 -5.8617E-16
  6.8143E+01  3.5853E-01 -5.8620E-16
  6.8221E+01  3.5846E-01 -5.9626E-16
  6.8298E+01  3.5840E-01 -5.9273E-16
  6.8376E+01  3.5834E-01 -5.9258E-16
  6.8454E+01  3.5827E-01 -5.9725E-16
  6.8531E+01  3.5820E-01 -5.8993E-16
  6.8609E+01  3.5813E-01 -5.9392E-16
  6.8687E+01  3.5806E-01 -5.9221E-16
  6.8764E+01  3.5798E-01 -5.9000E-16
  6.8842E+01  3.5789E-01 -5.9564E-16
  6.8920E+01  3.5781E-01 -5.9334E-16
  6.8998E+01  3.5772E-01 -5.9704E-16
  6.9075E+01  3.5763E-01 -5.8784E-16
  6.9153E+01  3.5753E-01 -6.0043E-16
  6.9231E+01  3.5744E-01 -5.8774E-16
  6.9308E+01  3.5734E-01 -5.8957E-16
  6.9386E+01  3.5725E-01 -5.9891E-16
  6.9464E+01  3.5716E-01 -5.9434E-16
  6.9541E+01  3.5707E-01 -6.0025E-16
  6.9619E+01  3.5698E-01 -6.0262E-16
  6.9697E+01  3.5689E-01 -5.9652E-16
  6.9775E+01  3.5680E-01 -5.9859E-16
  6.9852E+01  3.5671E-01 -5.9580E-16
  6.9930E+01  3.5663E-01 -5.9738E-16
  7.0008E+01  3.5655E-01 -5.9518E-16
  7.0085E+01  3.5646E-01 -5.9931E-16
  7.0163E+01  3.5638E-01 -5.9803E-16
  7.0241E+01  3.5630E-01 -6.0451E-16
  7.0318E+01  3.5623E-01 -6.0244E-16
  7.0396E+01  3.5615E-01 -6.0729E-16
  7.0474E+01  3.5607E-01 -6.1043E-16
  7.0552E+01  3.5600E-01 -6.1304E-16
  7.0629E+01  3.5593E-01 -6.1402E-16
  7.0707E+01  3.5586E-01 -6.1598E-16
  7.0785E+01  3.5579E-01 -6.2284E-16
  7.0862E+01  3.5572E-01 -6.3075E-16
  7.0940E+01  3.5565E-01 -6.2659E-16
  7.1018E+01  3.5559E-01 -6.2704E-16
  7.1095E+01  3.5552E-01 -6.2564E-16
  7.1173E+01  3.5545E-01 -6.1209E-16
  7.1251E+01  3.5538E-01 -6.2293E-16
  7.1329E+01  3.5531E-01 -6.2425E-16
  7.1406E+01  3.5523E-01 -6.2057E-16
  7.1484E+01  3.5515E-01 -6.2313E-16
  7.1562E+01  3.5506E-01 -6.1405E-16
  7.1639E+01  3.5497E-01 -6.1352E-16
  7.1717E+01  3.5488E-01 -6.1514E-16
  7.1795E+01  3.5479E-01 -6.1201E-16
  7.1872E+01  3.5470E-01 -6.1357E-16
  7.1950E+01  3.5461E-01 -6.0984E-16
  7.2028E+01  3.5451E-01 -6.0716E-16
  7.2106E+01  3.5442E-01 -6.1418E-16
  7.2183E+01  3.5433E-01 -6.1031E-16
  7.2261E+01  3.5425E-01 -6.1422E-16
  7.2339E+01  3.5416E-01 -6.1096E-16
  7.2416E+01  3.5408E-01 -6.1256E-16
  7.2494E+01  3.5400E-01 -6.1442E-16
  7.2572E+01  3.5393E-01 -6.1753E-16
  7.2649E+01  3.5385E-01 -6.2029E-16
  7.2727E+01  3.5378E-01 -6.1441E-16
  7.2805E+01  3.5371E-01 -6.1375E-16
  7.2883E+01  3.5364E-01 -6.1703E-16
  7.2960E+01  3.5357E-01 -6.1636E-16
  7.3038E+01  3.5350E-01 -6.1780E-16
  7.3116E+01  3.5343E-01 -6.2032E-16
  7.3193E+01  3.5336E-01 -6.1775E-16
  7.3271E+01  3.5329E-01 -6.2333E-16
  7.3349E+01  3.5322E-01 -6.2563E-16
  7.3426E+01  3.5315E-01 -6.2415E-16
  7.3504E+01  3.5308E-01 -6.2631E-16
  7.3582E+01  3.5300E-01 -6.2413E-16
  7.3660E+01  3.5293E-01 -6.2508E-16
  7.3737E+01  3.5286E-01 -6.1670E-16
  7.3815E+01  3.5278E-01 -6.2028E-16
  7.3893E+01  3.5271E-01 -6.1719E-16
  7.3970E+01  3.5263E-01 -6.2729E-16
  7.4048E+01  3.5256E-01 -6.1826E-16
  7.4126E+01  3.5248E-01 -6.2655E-16
  7.4203E+01  3.5241E-01 -6.2634E-16
  7.4281E+01  3.5233E-01 -6.2667E-16
  7.4359E+01  3.5225E-01 -6.2981E-16
  7.4437E+01  3.5217E-01 -6.3621E-16
  7.4514E+01  3.5209E-01 -6.3159E-16
  7.4592E+01  3.5201E-01 -6.4395E-16
  7.4670E+01  3.5193E-01 -6.3936E-16
  7.4747E+01  3.5184E-01 -6.3917E-16
  7.4825E+01  3.5176E-01 -6.3714E-16
  7.4903E+01  3.5167E-01 -6.4033E-16
  7.4980E+01  3.5159E-01 -6.4164E-16
  7.5058E+01  3.5150E-01 -6.3789E-16
  7.5136E+01  3.5142E-01 -6.4086E-16
  7.5214E+01  3.5134E-01 -6.3488E-16
  7.5291E+01  3.5126E-01 -6.3792E-16
  7.5369E+01  3.5119E-01 -6.3797E-16
  7.5447E+01  3.5111E-01 -6.4055E-16
  7.5524E+01  3.5104E-01 -6.4561E-16
  7.5602E+01  3.5097E-01 -6.4374E-16
  7.5680E+01  3.5090E-01 -6.4607E-16
  7.5757E+01  3.5083E-01 -6.4725E-16
  7.5835E+01  3.5076E-01 -6.4023E-16
  7.5913E+01  3.5070E-01 -6.4325E-16
  7.5991E+01  3.5063E-01 -6.3748E-16
  7.6068E+01  3.5057E-01 -6.4379E-16
  7.6146E+01  3.5050E-01 -6.4597E-16
  7.6224E+01  3.5043E-01 -6.5173E-16
  7.6301E+01  3.5036E-01 -6.4355E-16
  7.6379E+01  3.5029E-01 -6.4391E-16
  7.6457E+01  3.5022E-01 -6.4799E-16
  7.6534E+01  3.5015E-01 -6.4885E-16
  7.6612E+01  3.5007E-01 -6.4477E-16
  7.6690E+01  3.5000E-01 -6.5003E-16
  7.6768E+01  3.4992E-01 -6.5032E-16
  7.6845E+01  3.4984E-01 -6.4449E-16
  7.6923E+01  3.4976E-01 -6.5256E-16
  7.7001E+01  3.4968E-01 -6.5005E-16
  7.7078E+01  3.4960E-01 -6.5523E-16
  7.7156E+01  3.4952E-01 -6.4538E-16
  7.7234E+01  3.4944E-01 -6.5345E-16
  7.7311E+01  3.4936E-01 -6.5506E-16
  7.7389E+01  3.4928E-01 -6.5780E-16
  7.7467E+01  3.4920E-01 -6.5292E-16
  7.7545E+01  3.4913E-01 -6.6376E-16
  7.7622E+01  3.4905E-01 -6.5702E-16
  7.7700E+01  3.4898E-01 -6.5884E-16
  7.7778E+01  3.4890E-01 -6.5031E-16
  7.7855E+01  3.4883E-01 -6.5683E-16
  7.7933E+01  3.4875E-01 -6.6115E-16
  7.8011E+01  3.4868E-01 -6.6041E-16
  7.8088E+01  3.4861E-01 -6.5649E-16
  7.8166E+01  3.4854E-01 -6.6580E-16
  7.8244E+01  3.4847E-01 -6.6497E-16
  7.8322E+01  3.4840E-01 -6.6292E-16
  7.8399E+01  3.4833E-01 -6.5809E-16
  7.8477E+01  3.4826E-01 -6.6085E-16
  7.8555E+01  3.4819E-01 -6.5622E-16
  7.8632E+01  3.4812E-01 -6.5862E-16
  7.8710E+01  3.4805E-01 -6.6284E-16
  7.8788E+01  3.4798E-01 -6.6094E-16
  7.8865E+01  3.4791E-01 -6.5881E-16
  7.8943E+01  3.4784E-01 -6.6893E-16
  7.9021E+01  3.4777E-01 -6.6894E-16
  7.9099E+01  3.4770E-01 -6.6430E-16
  7.9176E+01  3.4763E-01 -6.6564E-16
  7.9254E+01  3.4755E-01 -6.6919E-16
  7.9332E+01  3.4748E-01 -6.6733E-16
  7.9409E+01  3.4741E-01 -6.6444E-16
  7.9487E+01  3.4733E-01 -6.6324E-16
  7.9565E+01  3.4726E-01 -6.6924E-16
  7.9642E+01  3.4718E-01 -6.5864E-16
  7.9720E+01  3.4711E-01 -6.6763E-16
  7.9798E+01  3.4704E-01 -6.5760E-16
  7.9876E+01  3.4696E-01 -6.6535E-16
  7.9953E+01  3.4689E-01 -6.6115E-16
  8.0031E+01  3.4682E-01 -6.7101E-16
  8.0109E+01  3.4674E-01 -6.6979E-16
  8.0186E+01  3.4667E-01 -6.7321E-16
  8.0264E+01  3.4660E-01 -6.6995E-16
  8.0342E+01  3.4653E-01 -6.6601E-16
  8.0419E+01  3.4645E-01 -6.7664E-16
  8.0497E+01  3.4638E-01 -6.7611E-16
  8.0575E+01  3.4631E-01 -6.7858E-16
  8.0653E+01  3.4624E-01 -6.7696E-16
  8.0730E+01  3.4617E-01 -6.7875E-16
  8.0808E+01  3.4610E-01 -6.7057E-16
  8.0886E+01  3.4603E-01 -6.7632E-16
  8.0963E+01  3.4596E-01 -6.7505E-16
  8.1041E+01  3.4589E-01 -6.6954E-16
  8.1119E+01  3.4582E-01 -6.7696E-16
  8.1196E+01  3.4575E-01 -6.7461E-16
  8.1274E+01  3.4568E-01 -6.7750E-16
  8.1352E+01  3.4562E-01 -6.7603E-16
  8.1430E+01  3.4555E-01 -6.8425E-16
  8.1507E+01  3.4548E-01 -6.8308E-16
  8.1585E+01  3.4541E-01 -6.8160E-16
  8.1663E+01  3.4534E-01 -6.7897E-16
  8.1740E+01  3.4527E-01 -6.8559E-16
  8.1818E+01  3.4520E-01 -6.8129E-16
  8.1896E+01  3.4513E-01 -6.7681E-16
  8.1973E+01  3.4505E-01 -6.8983E-16
  8.2051E+01  3.4498E-01 -6.8609E-16
  8.2129E+01  3.4491E-01 -6.8734E-16
  8.2207E+01  3.4484E-01 -6.9123E-16
  8.2284E+01  3.4477E-01 -6.8637E-16
  8.2362E+01  3.4469E-01 -6.9262E-16
  8.2440E+01  3.4462E-01 -6.8839E-16
  8.2517E+01  3.4455E-01 -6.9274E-16
  8.2595E+01  3.4448E-01 -6.8672E-16
  8.2673E+01  3.4441E-01 -6.9290E-16
  8.2750E+01  3.4434E-01 -6.8598E-16
  8.2828E+01  3.4427E-01 -6.8681E-16
  8.2906E+01  3.4421E-01 -6.8947E-16
  8.2984E+01  3.4414E-01 -6.9060E-16
  8.3061E+01  3.4407E-01 -6.8908E-16
  8.3139E+01  3.4400E-01 -6.8550E-16
  8.3217E+01  3.4393E-01 -6.8805E-16
  8.3294E+01  3.4386E-01 -6.9205E-16
  8.3372E+01  3.4379E-01 -6.8792E-16
  8.3450E+01  3.4372E-01 -6.9442E-16
  8.3527E+01  3.4366E-01 -6.8949E-16
  8.3605E+01  3.4359E-01 -6.9194E-16
  8.3683E+01  3.4352E-01 -6.9728E-16
  8.3761E+01  3.4345E-01 -7.0617E-16
  8.3838E+01  3.4338E-01 -6.9907E-16
  8.3916E+01  3.4331E-01 -6.9949E-16
  8.3994E+01  3.4324E-01 -7.0864E-16
  8.4071E+01  3.4317E-01 -6.9704E-16
  8.4149E+01  3.4311E-01 -7.0708E-16
  8.4227E+01  3.4304E-01 -7.0900E-16
  8.4304E+01  3.4297E-01 -7.1605E-16
  8.4382E+01  3.4290E-01 -7.0200E-16
  8.4460E+01  3.4283E-01 -7.1161E-16
  8.4538E+01  3.4276E-01 -6.9993E-16
  8.4615E+01  3.4269E-01 -7.0984E-16
  8.4693E+01  3.4262E-01 -7.0733E-16
  8.4771E+01  3.4256E-01 -7.0877E-16
  8.4848E+01  3.4249E-01 -7.1437E-16
  8.4926E+01  3.4242E-01 -7.0552E-16
  8.5004E+01  3.4235E-01 -7.0630E-16
  8.5081E+01  3.4228E-01 -7.0949E-16
  8.5159E+01  3.4221E-01 -7.0445E-16
  8.5237E+01  3.4214E-01 -7.0887E-16
  8.5315E+01  3.4207E-01 -7.0748E-16
  8.5392E+01  3.4200E-01 -7.0939E-16
  8.5470E+01  3.4194E-01 -7.0760E-16
  8.5548E+01  3.4187E-01 -7.1384E-16
  8.5625E+01  3.4180E-01 -7.1143E-16
  8.5703E+01  3.4174E-01 -7.0916E-16
  8.5781E+01  3.4167E-01 -7.1254E-16
  8.5858E+01  3.4161E-01 -7.1193E-16
  8.5936E+01  3.4154E-01 -7.0636E-16
  8.6014E+01  3.4147E-01 -7.1253E-16
  8.6092E+01  3.4141E-01 -7.1268E-16
  8.6169E+01  3.4134E-01 -7.0864E-16
  8.6247E+01  3.4127E-01 -7.1175E-16
  8.6325E+01  3.4121E-01 -7.1712E-16
  8.6402E+01  3.4114E-01 -7.1044E-16
  8.6480E+01  3.4107E-01 -7.1391E-16
  8.6558E+01  3.4100E-01 -7.1348E-16
  8.6635E+01  3.4093E-01 -7.2048E-16
  8.6713E+01  3.4087E-01 -7.2346E-16
  8.6791E+01  3.4080E-01 -7.2265E-16
  8.6869E+01  3.4073E-01 -7.2850E-16
  8.6946E+01  3.4066E-01 -7.2577E-16
  8.7024E+01  3.4059E-01 -7.3036E-16
