# CREATED BY GENE DIAGNOSTICS TOOL on Sat Jun 23 12:20:26 2018
# diag: GAMDIAG, run(s): 0029, time window: 0-500(1332 steps), species: ions
# original data path: /ptmp/cmor/PoP/scanfiles0001/
# normalization: L_ref=5.4832m
#
# xind= 0, x/a= 0.70710677, q= 1.1018624
# Fit:    0.29095138,1.9072175,0.0046911424
# Analytic (Gao, Zhou/Yu): 0.32199362,-0.0079590173,1.918047
#  t          Re[phi]     Im[phi]   
  0.0000E+00  9.9992E-01  0.0000E+00
  3.7580E-01  9.9740E-01  4.7764E-03
  7.5160E-01  9.9024E-01  9.5161E-03
  1.1274E+00  9.7919E-01  1.4174E-02
  1.5032E+00  9.6507E-01  1.8713E-02
  1.8790E+00  9.4876E-01  2.3109E-02
  2.2548E+00  9.3112E-01  2.7346E-02
  2.6306E+00  9.1295E-01  3.1417E-02
  3.0064E+00  8.9489E-01  3.5319E-02
  3.3822E+00  8.7748E-01  3.9054E-02
  3.7580E+00  8.6108E-01  4.2631E-02
  4.1338E+00  8.4587E-01  4.6058E-02
  4.5096E+00  8.3187E-01  4.9349E-02
  4.8854E+00  8.1899E-01  5.2515E-02
  5.2612E+00  8.0705E-01  5.5568E-02
  5.6370E+00  7.9582E-01  5.8521E-02
  6.0128E+00  7.8503E-01  6.1380E-02
  6.3886E+00  7.7446E-01  6.4152E-02
  6.7644E+00  7.6392E-01  6.6841E-02
  7.1402E+00  7.5324E-01  6.9447E-02
  7.5160E+00  7.4234E-01  7.1969E-02
  7.8918E+00  7.3118E-01  7.4405E-02
  8.2676E+00  7.1976E-01  7.6752E-02
  8.6434E+00  7.0813E-01  7.9008E-02
  9.0192E+00  6.9637E-01  8.1169E-02
  9.3950E+00  6.8456E-01  8.3235E-02
  9.7708E+00  6.7280E-01  8.5204E-02
  1.0147E+01  6.6120E-01  8.7078E-02
  1.0522E+01  6.4985E-01  8.8859E-02
  1.0898E+01  6.3883E-01  9.0548E-02
  1.1274E+01  6.2822E-01  9.2152E-02
  1.1650E+01  6.1809E-01  9.3675E-02
  1.2026E+01  6.0847E-01  9.5121E-02
  1.2401E+01  5.9939E-01  9.6498E-02
  1.2777E+01  5.9088E-01  9.7812E-02
  1.3153E+01  5.8295E-01  9.9070E-02
  1.3529E+01  5.7561E-01  1.0028E-01
  1.3905E+01  5.6884E-01  1.0144E-01
  1.4280E+01  5.6264E-01  1.0257E-01
  1.4656E+01  5.5700E-01  1.0366E-01
  1.5032E+01  5.5189E-01  1.0473E-01
  1.5408E+01  5.4732E-01  1.0579E-01
  1.5784E+01  5.4326E-01  1.0682E-01
  1.6159E+01  5.3969E-01  1.0785E-01
  1.6535E+01  5.3659E-01  1.0887E-01
  1.6911E+01  5.3394E-01  1.0989E-01
  1.7287E+01  5.3173E-01  1.1091E-01
  1.7663E+01  5.2993E-01  1.1194E-01
  1.8038E+01  5.2854E-01  1.1299E-01
  1.8414E+01  5.2753E-01  1.1404E-01
  1.8790E+01  5.2690E-01  1.1512E-01
  1.9166E+01  5.2661E-01  1.1622E-01
  1.9542E+01  5.2663E-01  1.1733E-01
  1.9917E+01  5.2696E-01  1.1847E-01
  2.0293E+01  5.2757E-01  1.1965E-01
  2.0669E+01  5.2844E-01  1.2085E-01
  2.1045E+01  5.2953E-01  1.2208E-01
  2.1421E+01  5.3083E-01  1.2335E-01
  2.1796E+01  5.3230E-01  1.2464E-01
  2.2172E+01  5.3394E-01  1.2597E-01
  2.2548E+01  5.3573E-01  1.2733E-01
  2.2924E+01  5.3763E-01  1.2873E-01
  2.3300E+01  5.3961E-01  1.3016E-01
  2.3675E+01  5.4162E-01  1.3162E-01
  2.4051E+01  5.4364E-01  1.3311E-01
  2.4427E+01  5.4564E-01  1.3464E-01
  2.4803E+01  5.4761E-01  1.3619E-01
  2.5179E+01  5.4956E-01  1.3777E-01
  2.5554E+01  5.5149E-01  1.3938E-01
  2.5930E+01  5.5335E-01  1.4101E-01
  2.6306E+01  5.5514E-01  1.4266E-01
  2.6682E+01  5.5680E-01  1.4433E-01
  2.7058E+01  5.5832E-01  1.4602E-01
  2.7433E+01  5.5966E-01  1.4773E-01
  2.7809E+01  5.6083E-01  1.4944E-01
  2.8185E+01  5.6182E-01  1.5117E-01
  2.8561E+01  5.6264E-01  1.5290E-01
  2.8937E+01  5.6326E-01  1.5464E-01
  2.9312E+01  5.6370E-01  1.5639E-01
  2.9688E+01  5.6393E-01  1.5814E-01
  3.0064E+01  5.6394E-01  1.5988E-01
  3.0440E+01  5.6373E-01  1.6162E-01
  3.0816E+01  5.6330E-01  1.6335E-01
  3.1191E+01  5.6266E-01  1.6507E-01
  3.1567E+01  5.6181E-01  1.6678E-01
  3.1943E+01  5.6076E-01  1.6847E-01
  3.2319E+01  5.5951E-01  1.7015E-01
  3.2695E+01  5.5805E-01  1.7181E-01
  3.3070E+01  5.5640E-01  1.7345E-01
  3.3446E+01  5.5454E-01  1.7507E-01
  3.3822E+01  5.5247E-01  1.7666E-01
  3.4198E+01  5.5017E-01  1.7823E-01
  3.4574E+01  5.4766E-01  1.7978E-01
  3.4949E+01  5.4497E-01  1.8129E-01
  3.5325E+01  5.4213E-01  1.8278E-01
  3.5701E+01  5.3917E-01  1.8424E-01
  3.6077E+01  5.3610E-01  1.8566E-01
  3.6453E+01  5.3294E-01  1.8706E-01
  3.6828E+01  5.2969E-01  1.8843E-01
  3.7204E+01  5.2635E-01  1.8976E-01
  3.7580E+01  5.2294E-01  1.9106E-01
  3.7956E+01  5.1946E-01  1.9233E-01
  3.8332E+01  5.1590E-01  1.9357E-01
  3.8707E+01  5.1227E-01  1.9478E-01
  3.9083E+01  5.0855E-01  1.9596E-01
  3.9459E+01  5.0476E-01  1.9711E-01
  3.9835E+01  5.0092E-01  1.9822E-01
  4.0211E+01  4.9702E-01  1.9931E-01
  4.0586E+01  4.9310E-01  2.0036E-01
  4.0962E+01  4.8916E-01  2.0139E-01
  4.1338E+01  4.8523E-01  2.0238E-01
  4.1714E+01  4.8132E-01  2.0335E-01
  4.2090E+01  4.7745E-01  2.0429E-01
  4.2465E+01  4.7364E-01  2.0521E-01
  4.2841E+01  4.6991E-01  2.0610E-01
  4.3217E+01  4.6629E-01  2.0698E-01
  4.3593E+01  4.6281E-01  2.0783E-01
  4.3969E+01  4.5949E-01  2.0867E-01
  4.4344E+01  4.5631E-01  2.0950E-01
  4.4720E+01  4.5326E-01  2.1031E-01
  4.5096E+01  4.5033E-01  2.1111E-01
  4.5472E+01  4.4747E-01  2.1190E-01
  4.5848E+01  4.4465E-01  2.1267E-01
  4.6223E+01  4.4180E-01  2.1343E-01
  4.6599E+01  4.3890E-01  2.1417E-01
  4.6975E+01  4.3590E-01  2.1490E-01
  4.7351E+01  4.3280E-01  2.1561E-01
  4.7727E+01  4.2959E-01  2.1630E-01
  4.8102E+01  4.2632E-01  2.1698E-01
  4.8478E+01  4.2304E-01  2.1765E-01
  4.8854E+01  4.1981E-01  2.1831E-01
  4.9230E+01  4.1670E-01  2.1896E-01
  4.9606E+01  4.1376E-01  2.1961E-01
  4.9981E+01  4.1102E-01  2.2025E-01
  5.0357E+01  4.0850E-01  2.2089E-01
  5.0733E+01  4.0620E-01  2.2153E-01
  5.1109E+01  4.0411E-01  2.2218E-01
  5.1485E+01  4.0219E-01  2.2282E-01
  5.1860E+01  4.0042E-01  2.2346E-01
  5.2236E+01  3.9876E-01  2.2410E-01
  5.2612E+01  3.9715E-01  2.2473E-01
  5.2988E+01  3.9555E-01  2.2537E-01
  5.3364E+01  3.9394E-01  2.2600E-01
  5.3739E+01  3.9229E-01  2.2662E-01
  5.4115E+01  3.9061E-01  2.2724E-01
  5.4491E+01  3.8890E-01  2.2786E-01
  5.4867E+01  3.8718E-01  2.2848E-01
  5.5243E+01  3.8547E-01  2.2910E-01
  5.5618E+01  3.8378E-01  2.2972E-01
  5.5994E+01  3.8213E-01  2.3034E-01
  5.6370E+01  3.8052E-01  2.3096E-01
  5.6746E+01  3.7893E-01  2.3159E-01
  5.7122E+01  3.7736E-01  2.3222E-01
  5.7497E+01  3.7577E-01  2.3284E-01
  5.7873E+01  3.7414E-01  2.3347E-01
  5.8249E+01  3.7243E-01  2.3409E-01
  5.8625E+01  3.7062E-01  2.3471E-01
  5.9001E+01  3.6867E-01  2.3531E-01
  5.9376E+01  3.6659E-01  2.3590E-01
  5.9752E+01  3.6437E-01  2.3647E-01
  6.0128E+01  3.6200E-01  2.3703E-01
  6.0504E+01  3.5953E-01  2.3757E-01
  6.0880E+01  3.5697E-01  2.3809E-01
  6.1255E+01  3.5437E-01  2.3859E-01
  6.1631E+01  3.5176E-01  2.3907E-01
  6.2007E+01  3.4918E-01  2.3954E-01
  6.2383E+01  3.4667E-01  2.3999E-01
  6.2759E+01  3.4426E-01  2.4043E-01
  6.3134E+01  3.4194E-01  2.4085E-01
  6.3510E+01  3.3975E-01  2.4127E-01
  6.3886E+01  3.3766E-01  2.4168E-01
  6.4262E+01  3.3567E-01  2.4209E-01
  6.4638E+01  3.3375E-01  2.4248E-01
  6.5013E+01  3.3188E-01  2.4287E-01
  6.5389E+01  3.3003E-01  2.4326E-01
  6.5765E+01  3.2816E-01  2.4363E-01
  6.6141E+01  3.2625E-01  2.4400E-01
  6.6517E+01  3.2428E-01  2.4435E-01
  6.6892E+01  3.2221E-01  2.4469E-01
  6.7268E+01  3.2004E-01  2.4502E-01
  6.7644E+01  3.1775E-01  2.4534E-01
  6.8020E+01  3.1535E-01  2.4564E-01
  6.8396E+01  3.1283E-01  2.4592E-01
  6.8771E+01  3.1020E-01  2.4619E-01
  6.9147E+01  3.0751E-01  2.4643E-01
  6.9523E+01  3.0475E-01  2.4666E-01
  6.9899E+01  3.0197E-01  2.4688E-01
  7.0275E+01  2.9916E-01  2.4707E-01
  7.0650E+01  2.9636E-01  2.4725E-01
  7.1026E+01  2.9356E-01  2.4741E-01
  7.1402E+01  2.9078E-01  2.4756E-01
  7.1778E+01  2.8803E-01  2.4769E-01
  7.2154E+01  2.8531E-01  2.4781E-01
  7.2529E+01  2.8262E-01  2.4791E-01
  7.2905E+01  2.7998E-01  2.4800E-01
  7.3281E+01  2.7736E-01  2.4808E-01
  7.3657E+01  2.7477E-01  2.4815E-01
  7.4033E+01  2.7221E-01  2.4820E-01
  7.4408E+01  2.6965E-01  2.4824E-01
  7.4784E+01  2.6711E-01  2.4828E-01
  7.5160E+01  2.6457E-01  2.4830E-01
  7.5536E+01  2.6204E-01  2.4831E-01
  7.5912E+01  2.5950E-01  2.4831E-01
  7.6287E+01  2.5697E-01  2.4829E-01
  7.6663E+01  2.5443E-01  2.4827E-01
  7.7039E+01  2.5189E-01  2.4823E-01
  7.7415E+01  2.4934E-01  2.4819E-01
  7.7791E+01  2.4678E-01  2.4813E-01
  7.8166E+01  2.4421E-01  2.4806E-01
  7.8542E+01  2.4162E-01  2.4798E-01
  7.8918E+01  2.3902E-01  2.4789E-01
  7.9294E+01  2.3642E-01  2.4778E-01
  7.9670E+01  2.3381E-01  2.4767E-01
  8.0045E+01  2.3122E-01  2.4754E-01
  8.0421E+01  2.2865E-01  2.4740E-01
  8.0797E+01  2.2609E-01  2.4726E-01
  8.1173E+01  2.2357E-01  2.4710E-01
  8.1549E+01  2.2107E-01  2.4693E-01
  8.1924E+01  2.1860E-01  2.4676E-01
  8.2300E+01  2.1616E-01  2.4657E-01
  8.2676E+01  2.1374E-01  2.4638E-01
  8.3052E+01  2.1135E-01  2.4618E-01
  8.3428E+01  2.0899E-01  2.4597E-01
  8.3803E+01  2.0663E-01  2.4575E-01
  8.4179E+01  2.0430E-01  2.4552E-01
  8.4555E+01  2.0197E-01  2.4528E-01
  8.4931E+01  1.9965E-01  2.4504E-01
  8.5307E+01  1.9734E-01  2.4479E-01
  8.5682E+01  1.9505E-01  2.4453E-01
  8.6058E+01  1.9278E-01  2.4426E-01
  8.6434E+01  1.9053E-01  2.4399E-01
  8.6810E+01  1.8830E-01  2.4371E-01
  8.7186E+01  1.8608E-01  2.4342E-01
  8.7561E+01  1.8389E-01  2.4313E-01
  8.7937E+01  1.8170E-01  2.4283E-01
  8.8313E+01  1.7952E-01  2.4252E-01
  8.8689E+01  1.7734E-01  2.4220E-01
  8.9065E+01  1.7516E-01  2.4188E-01
  8.9440E+01  1.7297E-01  2.4154E-01
  8.9816E+01  1.7077E-01  2.4120E-01
  9.0192E+01  1.6856E-01  2.4085E-01
  9.0568E+01  1.6635E-01  2.4050E-01
  9.0944E+01  1.6414E-01  2.4013E-01
  9.1319E+01  1.6194E-01  2.3976E-01
  9.1695E+01  1.5976E-01  2.3938E-01
  9.2071E+01  1.5758E-01  2.3899E-01
  9.2447E+01  1.5541E-01  2.3859E-01
  9.2823E+01  1.5325E-01  2.3819E-01
  9.3198E+01  1.5109E-01  2.3778E-01
  9.3574E+01  1.4893E-01  2.3736E-01
  9.3950E+01  1.4675E-01  2.3693E-01
  9.4326E+01  1.4455E-01  2.3649E-01
  9.4702E+01  1.4234E-01  2.3603E-01
  9.5077E+01  1.4010E-01  2.3557E-01
  9.5453E+01  1.3785E-01  2.3510E-01
  9.5829E+01  1.3560E-01  2.3462E-01
  9.6205E+01  1.3334E-01  2.3413E-01
  9.6581E+01  1.3110E-01  2.3363E-01
  9.6956E+01  1.2889E-01  2.3313E-01
  9.7332E+01  1.2670E-01  2.3261E-01
  9.7708E+01  1.2455E-01  2.3209E-01
  9.8084E+01  1.2243E-01  2.3156E-01
  9.8460E+01  1.2034E-01  2.3102E-01
  9.8835E+01  1.1827E-01  2.3048E-01
  9.9211E+01  1.1623E-01  2.2993E-01
  9.9587E+01  1.1419E-01  2.2936E-01
  9.9963E+01  1.1216E-01  2.2880E-01
  1.0034E+02  1.1012E-01  2.2822E-01
  1.0071E+02  1.0806E-01  2.2763E-01
  1.0109E+02  1.0598E-01  2.2703E-01
  1.0147E+02  1.0388E-01  2.2643E-01
  1.0184E+02  1.0175E-01  2.2581E-01
  1.0222E+02  9.9611E-02  2.2519E-01
  1.0259E+02  9.7458E-02  2.2456E-01
  1.0297E+02  9.5302E-02  2.2392E-01
  1.0334E+02  9.3153E-02  2.2327E-01
  1.0372E+02  9.1019E-02  2.2261E-01
  1.0410E+02  8.8905E-02  2.2194E-01
  1.0447E+02  8.6815E-02  2.2127E-01
  1.0485E+02  8.4750E-02  2.2059E-01
  1.0522E+02  8.2709E-02  2.1990E-01
  1.0560E+02  8.0691E-02  2.1921E-01
  1.0598E+02  7.8694E-02  2.1850E-01
  1.0635E+02  7.6715E-02  2.1779E-01
  1.0673E+02  7.4753E-02  2.1707E-01
  1.0710E+02  7.2806E-02  2.1635E-01
  1.0748E+02  7.0873E-02  2.1562E-01
  1.0785E+02  6.8953E-02  2.1488E-01
  1.0823E+02  6.7044E-02  2.1413E-01
  1.0861E+02  6.5146E-02  2.1338E-01
  1.0898E+02  6.3258E-02  2.1263E-01
  1.0936E+02  6.1378E-02  2.1186E-01
  1.0973E+02  5.9505E-02  2.1109E-01
  1.1011E+02  5.7639E-02  2.1032E-01
  1.1049E+02  5.5779E-02  2.0954E-01
  1.1086E+02  5.3925E-02  2.0875E-01
  1.1124E+02  5.2077E-02  2.0796E-01
  1.1161E+02  5.0237E-02  2.0716E-01
  1.1199E+02  4.8405E-02  2.0636E-01
  1.1236E+02  4.6585E-02  2.0555E-01
  1.1274E+02  4.4777E-02  2.0473E-01
  1.1312E+02  4.2985E-02  2.0391E-01
  1.1349E+02  4.1211E-02  2.0308E-01
  1.1387E+02  3.9456E-02  2.0225E-01
  1.1424E+02  3.7724E-02  2.0141E-01
  1.1462E+02  3.6013E-02  2.0057E-01
  1.1499E+02  3.4325E-02  1.9972E-01
  1.1537E+02  3.2658E-02  1.9887E-01
  1.1575E+02  3.1008E-02  1.9802E-01
  1.1612E+02  2.9374E-02  1.9716E-01
  1.1650E+02  2.7751E-02  1.9630E-01
  1.1687E+02  2.6135E-02  1.9544E-01
  1.1725E+02  2.4522E-02  1.9457E-01
  1.1763E+02  2.2909E-02  1.9370E-01
  1.1800E+02  2.1293E-02  1.9282E-01
  1.1838E+02  1.9674E-02  1.9193E-01
  1.1875E+02  1.8052E-02  1.9105E-01
  1.1913E+02  1.6429E-02  1.9015E-01
  1.1950E+02  1.4811E-02  1.8925E-01
  1.1988E+02  1.3200E-02  1.8835E-01
  1.2026E+02  1.1604E-02  1.8744E-01
  1.2063E+02  1.0026E-02  1.8653E-01
  1.2101E+02  8.4711E-03  1.8561E-01
  1.2138E+02  6.9410E-03  1.8469E-01
  1.2176E+02  5.4375E-03  1.8377E-01
  1.2213E+02  3.9610E-03  1.8285E-01
  1.2251E+02  2.5108E-03  1.8192E-01
  1.2289E+02  1.0857E-03  1.8099E-01
  1.2326E+02 -3.1688E-04  1.8006E-01
  1.2364E+02 -1.7006E-03  1.7913E-01
  1.2401E+02 -3.0696E-03  1.7819E-01
  1.2439E+02 -4.4283E-03  1.7725E-01
  1.2477E+02 -5.7809E-03  1.7631E-01
  1.2514E+02 -7.1311E-03  1.7537E-01
  1.2552E+02 -8.4815E-03  1.7442E-01
  1.2589E+02 -9.8343E-03  1.7347E-01
  1.2627E+02 -1.1190E-02  1.7252E-01
  1.2664E+02 -1.2550E-02  1.7157E-01
  1.2702E+02 -1.3911E-02  1.7061E-01
  1.2740E+02 -1.5273E-02  1.6964E-01
  1.2777E+02 -1.6633E-02  1.6867E-01
  1.2815E+02 -1.7987E-02  1.6770E-01
  1.2852E+02 -1.9334E-02  1.6673E-01
  1.2890E+02 -2.0668E-02  1.6575E-01
  1.2928E+02 -2.1988E-02  1.6477E-01
  1.2965E+02 -2.3290E-02  1.6378E-01
  1.3003E+02 -2.4572E-02  1.6280E-01
  1.3040E+02 -2.5833E-02  1.6181E-01
  1.3078E+02 -2.7071E-02  1.6082E-01
  1.3115E+02 -2.8286E-02  1.5982E-01
  1.3153E+02 -2.9480E-02  1.5883E-01
  1.3191E+02 -3.0652E-02  1.5783E-01
  1.3228E+02 -3.1805E-02  1.5683E-01
  1.3266E+02 -3.2938E-02  1.5583E-01
  1.3303E+02 -3.4053E-02  1.5483E-01
  1.3341E+02 -3.5150E-02  1.5383E-01
  1.3378E+02 -3.6232E-02  1.5282E-01
  1.3416E+02 -3.7300E-02  1.5182E-01
  1.3454E+02 -3.8356E-02  1.5081E-01
  1.3491E+02 -3.9402E-02  1.4980E-01
  1.3529E+02 -4.0440E-02  1.4879E-01
  1.3566E+02 -4.1472E-02  1.4778E-01
  1.3604E+02 -4.2499E-02  1.4677E-01
  1.3642E+02 -4.3521E-02  1.4576E-01
  1.3679E+02 -4.4538E-02  1.4474E-01
  1.3717E+02 -4.5548E-02  1.4373E-01
  1.3754E+02 -4.6550E-02  1.4271E-01
  1.3792E+02 -4.7542E-02  1.4170E-01
  1.3829E+02 -4.8522E-02  1.4068E-01
  1.3867E+02 -4.9488E-02  1.3966E-01
  1.3905E+02 -5.0438E-02  1.3864E-01
  1.3942E+02 -5.1373E-02  1.3762E-01
  1.3980E+02 -5.2291E-02  1.3660E-01
  1.4017E+02 -5.3193E-02  1.3559E-01
  1.4055E+02 -5.4080E-02  1.3457E-01
  1.4093E+02 -5.4952E-02  1.3355E-01
  1.4130E+02 -5.5810E-02  1.3253E-01
  1.4168E+02 -5.6656E-02  1.3152E-01
  1.4205E+02 -5.7491E-02  1.3050E-01
  1.4243E+02 -5.8313E-02  1.2948E-01
  1.4280E+02 -5.9125E-02  1.2847E-01
  1.4318E+02 -5.9923E-02  1.2745E-01
  1.4356E+02 -6.0709E-02  1.2644E-01
  1.4393E+02 -6.1480E-02  1.2542E-01
  1.4431E+02 -6.2235E-02  1.2441E-01
  1.4468E+02 -6.2974E-02  1.2340E-01
  1.4506E+02 -6.3696E-02  1.2239E-01
  1.4543E+02 -6.4402E-02  1.2138E-01
  1.4581E+02 -6.5092E-02  1.2037E-01
  1.4619E+02 -6.5768E-02  1.1936E-01
  1.4656E+02 -6.6430E-02  1.1836E-01
  1.4694E+02 -6.7081E-02  1.1735E-01
  1.4731E+02 -6.7721E-02  1.1635E-01
  1.4769E+02 -6.8353E-02  1.1534E-01
  1.4807E+02 -6.8978E-02  1.1434E-01
  1.4844E+02 -6.9596E-02  1.1334E-01
  1.4882E+02 -7.0208E-02  1.1234E-01
  1.4919E+02 -7.0814E-02  1.1134E-01
  1.4957E+02 -7.1413E-02  1.1034E-01
  1.4994E+02 -7.2003E-02  1.0935E-01
  1.5032E+02 -7.2583E-02  1.0835E-01
  1.5070E+02 -7.3150E-02  1.0736E-01
  1.5107E+02 -7.3703E-02  1.0637E-01
  1.5145E+02 -7.4242E-02  1.0538E-01
  1.5182E+02 -7.4765E-02  1.0439E-01
  1.5220E+02 -7.5273E-02  1.0341E-01
  1.5257E+02 -7.5767E-02  1.0242E-01
  1.5295E+02 -7.6247E-02  1.0144E-01
  1.5333E+02 -7.6714E-02  1.0047E-01
  1.5370E+02 -7.7169E-02  9.9490E-02
  1.5408E+02 -7.7613E-02  9.8516E-02
  1.5445E+02 -7.8048E-02  9.7545E-02
  1.5483E+02 -7.8474E-02  9.6576E-02
  1.5521E+02 -7.8893E-02  9.5609E-02
  1.5558E+02 -7.9304E-02  9.4644E-02
  1.5596E+02 -7.9708E-02  9.3682E-02
  1.5633E+02 -8.0105E-02  9.2722E-02
  1.5671E+02 -8.0494E-02  9.1765E-02
  1.5708E+02 -8.0875E-02  9.0810E-02
  1.5746E+02 -8.1247E-02  8.9857E-02
  1.5784E+02 -8.1610E-02  8.8907E-02
  1.5821E+02 -8.1963E-02  8.7959E-02
  1.5859E+02 -8.2305E-02  8.7014E-02
  1.5896E+02 -8.2635E-02  8.6071E-02
  1.5934E+02 -8.2954E-02  8.5130E-02
  1.5972E+02 -8.3259E-02  8.4193E-02
  1.6009E+02 -8.3552E-02  8.3258E-02
  1.6047E+02 -8.3832E-02  8.2325E-02
  1.6084E+02 -8.4099E-02  8.1395E-02
  1.6122E+02 -8.4354E-02  8.0468E-02
  1.6159E+02 -8.4596E-02  7.9544E-02
  1.6197E+02 -8.4826E-02  7.8622E-02
  1.6235E+02 -8.5045E-02  7.7704E-02
  1.6272E+02 -8.5253E-02  7.6788E-02
  1.6310E+02 -8.5450E-02  7.5876E-02
  1.6347E+02 -8.5637E-02  7.4966E-02
  1.6385E+02 -8.5814E-02  7.4060E-02
  1.6422E+02 -8.5981E-02  7.3156E-02
  1.6460E+02 -8.6139E-02  7.2256E-02
  1.6498E+02 -8.6287E-02  7.1359E-02
  1.6535E+02 -8.6424E-02  7.0465E-02
  1.6573E+02 -8.6551E-02  6.9575E-02
  1.6610E+02 -8.6668E-02  6.8688E-02
  1.6648E+02 -8.6774E-02  6.7805E-02
  1.6686E+02 -8.6870E-02  6.6926E-02
  1.6723E+02 -8.6954E-02  6.6051E-02
  1.6761E+02 -8.7027E-02  6.5180E-02
  1.6798E+02 -8.7091E-02  6.4314E-02
  1.6836E+02 -8.7144E-02  6.3451E-02
  1.6873E+02 -8.7189E-02  6.2593E-02
  1.6911E+02 -8.7225E-02  6.1739E-02
  1.6949E+02 -8.7255E-02  6.0890E-02
  1.6986E+02 -8.7277E-02  6.0044E-02
  1.7024E+02 -8.7293E-02  5.9204E-02
  1.7061E+02 -8.7302E-02  5.8367E-02
  1.7099E+02 -8.7305E-02  5.7535E-02
  1.7136E+02 -8.7301E-02  5.6707E-02
  1.7174E+02 -8.7289E-02  5.5884E-02
  1.7212E+02 -8.7271E-02  5.5066E-02
  1.7249E+02 -8.7244E-02  5.4252E-02
  1.7287E+02 -8.7210E-02  5.3442E-02
  1.7324E+02 -8.7169E-02  5.2638E-02
  1.7362E+02 -8.7119E-02  5.1838E-02
  1.7400E+02 -8.7061E-02  5.1043E-02
  1.7437E+02 -8.6996E-02  5.0252E-02
  1.7475E+02 -8.6923E-02  4.9467E-02
  1.7512E+02 -8.6842E-02  4.8686E-02
  1.7550E+02 -8.6754E-02  4.7909E-02
  1.7587E+02 -8.6659E-02  4.7138E-02
  1.7625E+02 -8.6557E-02  4.6371E-02
  1.7663E+02 -8.6450E-02  4.5609E-02
  1.7700E+02 -8.6336E-02  4.4851E-02
  1.7738E+02 -8.6217E-02  4.4098E-02
  1.7775E+02 -8.6092E-02  4.3349E-02
  1.7813E+02 -8.5961E-02  4.2605E-02
  1.7851E+02 -8.5825E-02  4.1864E-02
  1.7888E+02 -8.5683E-02  4.1129E-02
  1.7926E+02 -8.5534E-02  4.0397E-02
  1.7963E+02 -8.5378E-02  3.9670E-02
  1.8001E+02 -8.5213E-02  3.8948E-02
  1.8038E+02 -8.5040E-02  3.8230E-02
  1.8076E+02 -8.4858E-02  3.7516E-02
  1.8114E+02 -8.4666E-02  3.6808E-02
  1.8151E+02 -8.4463E-02  3.6105E-02
  1.8189E+02 -8.4250E-02  3.5406E-02
  1.8226E+02 -8.4027E-02  3.4713E-02
  1.8264E+02 -8.3795E-02  3.4024E-02
  1.8301E+02 -8.3553E-02  3.3341E-02
  1.8339E+02 -8.3303E-02  3.2662E-02
  1.8377E+02 -8.3046E-02  3.1989E-02
  1.8414E+02 -8.2781E-02  3.1321E-02
  1.8452E+02 -8.2509E-02  3.0657E-02
  1.8489E+02 -8.2230E-02  2.9999E-02
  1.8527E+02 -8.1944E-02  2.9346E-02
  1.8565E+02 -8.1651E-02  2.8698E-02
  1.8602E+02 -8.1350E-02  2.8055E-02
  1.8640E+02 -8.1041E-02  2.7418E-02
  1.8677E+02 -8.0724E-02  2.6786E-02
  1.8715E+02 -8.0397E-02  2.6159E-02
  1.8752E+02 -8.0062E-02  2.5538E-02
  1.8790E+02 -7.9718E-02  2.4922E-02
  1.8828E+02 -7.9365E-02  2.4312E-02
  1.8865E+02 -7.9003E-02  2.3708E-02
  1.8903E+02 -7.8632E-02  2.3110E-02
  1.8940E+02 -7.8252E-02  2.2517E-02
  1.8978E+02 -7.7863E-02  2.1930E-02
  1.9015E+02 -7.7466E-02  2.1349E-02
  1.9053E+02 -7.7062E-02  2.0774E-02
  1.9091E+02 -7.6649E-02  2.0205E-02
  1.9128E+02 -7.6229E-02  1.9642E-02
  1.9166E+02 -7.5802E-02  1.9085E-02
  1.9203E+02 -7.5369E-02  1.8534E-02
  1.9241E+02 -7.4931E-02  1.7989E-02
  1.9279E+02 -7.4487E-02  1.7450E-02
  1.9316E+02 -7.4039E-02  1.6916E-02
  1.9354E+02 -7.3588E-02  1.6389E-02
  1.9391E+02 -7.3134E-02  1.5868E-02
  1.9429E+02 -7.2677E-02  1.5352E-02
  1.9466E+02 -7.2219E-02  1.4843E-02
  1.9504E+02 -7.1759E-02  1.4338E-02
  1.9542E+02 -7.1298E-02  1.3840E-02
  1.9579E+02 -7.0836E-02  1.3347E-02
  1.9617E+02 -7.0372E-02  1.2860E-02
  1.9654E+02 -6.9907E-02  1.2379E-02
  1.9692E+02 -6.9440E-02  1.1903E-02
  1.9730E+02 -6.8971E-02  1.1433E-02
  1.9767E+02 -6.8499E-02  1.0968E-02
  1.9805E+02 -6.8023E-02  1.0510E-02
  1.9842E+02 -6.7544E-02  1.0057E-02
  1.9880E+02 -6.7060E-02  9.6095E-03
  1.9917E+02 -6.6572E-02  9.1681E-03
  1.9955E+02 -6.6080E-02  8.7326E-03
  1.9993E+02 -6.5584E-02  8.3028E-03
  2.0030E+02 -6.5083E-02  7.8789E-03
  2.0068E+02 -6.4579E-02  7.4607E-03
  2.0105E+02 -6.4071E-02  7.0483E-03
  2.0143E+02 -6.3559E-02  6.6416E-03
  2.0180E+02 -6.3045E-02  6.2407E-03
  2.0218E+02 -6.2527E-02  5.8455E-03
  2.0256E+02 -6.2006E-02  5.4560E-03
  2.0293E+02 -6.1482E-02  5.0722E-03
  2.0331E+02 -6.0955E-02  4.6942E-03
  2.0368E+02 -6.0424E-02  4.3220E-03
  2.0406E+02 -5.9890E-02  3.9555E-03
  2.0444E+02 -5.9351E-02  3.5948E-03
  2.0481E+02 -5.8807E-02  3.2400E-03
  2.0519E+02 -5.8258E-02  2.8911E-03
  2.0556E+02 -5.7704E-02  2.5481E-03
  2.0594E+02 -5.7143E-02  2.2110E-03
  2.0631E+02 -5.6577E-02  1.8799E-03
  2.0669E+02 -5.6005E-02  1.5547E-03
  2.0707E+02 -5.5426E-02  1.2355E-03
  2.0744E+02 -5.4842E-02  9.2229E-04
  2.0782E+02 -5.4252E-02  6.1503E-04
  2.0819E+02 -5.3656E-02  3.1372E-04
  2.0857E+02 -5.3055E-02  1.8361E-05
  2.0894E+02 -5.2448E-02 -2.7106E-04
  2.0932E+02 -5.1837E-02 -5.5455E-04
  2.0970E+02 -5.1220E-02 -8.3212E-04
  2.1007E+02 -5.0599E-02 -1.1038E-03
  2.1045E+02 -4.9974E-02 -1.3696E-03
  2.1082E+02 -4.9344E-02 -1.6295E-03
  2.1120E+02 -4.8710E-02 -1.8835E-03
  2.1158E+02 -4.8073E-02 -2.1318E-03
  2.1195E+02 -4.7433E-02 -2.3743E-03
  2.1233E+02 -4.6789E-02 -2.6110E-03
  2.1270E+02 -4.6142E-02 -2.8419E-03
  2.1308E+02 -4.5492E-02 -3.0672E-03
  2.1345E+02 -4.4840E-02 -3.2867E-03
  2.1383E+02 -4.4186E-02 -3.5005E-03
  2.1421E+02 -4.3529E-02 -3.7086E-03
  2.1458E+02 -4.2871E-02 -3.9111E-03
  2.1496E+02 -4.2211E-02 -4.1079E-03
  2.1533E+02 -4.1549E-02 -4.2990E-03
  2.1571E+02 -4.0887E-02 -4.4846E-03
  2.1609E+02 -4.0224E-02 -4.6646E-03
  2.1646E+02 -3.9561E-02 -4.8390E-03
  2.1684E+02 -3.8898E-02 -5.0079E-03
  2.1721E+02 -3.8234E-02 -5.1713E-03
  2.1759E+02 -3.7571E-02 -5.3292E-03
  2.1796E+02 -3.6909E-02 -5.4816E-03
  2.1834E+02 -3.6247E-02 -5.6284E-03
  2.1872E+02 -3.5586E-02 -5.7697E-03
  2.1909E+02 -3.4925E-02 -5.9056E-03
  2.1947E+02 -3.4265E-02 -6.0359E-03
  2.1984E+02 -3.3606E-02 -6.1607E-03
  2.2022E+02 -3.2948E-02 -6.2799E-03
  2.2059E+02 -3.2290E-02 -6.3937E-03
  2.2097E+02 -3.1634E-02 -6.5019E-03
  2.2135E+02 -3.0978E-02 -6.6046E-03
  2.2172E+02 -3.0324E-02 -6.7018E-03
  2.2210E+02 -2.9670E-02 -6.7935E-03
  2.2247E+02 -2.9017E-02 -6.8797E-03
  2.2285E+02 -2.8365E-02 -6.9603E-03
  2.2323E+02 -2.7714E-02 -7.0355E-03
  2.2360E+02 -2.7064E-02 -7.1051E-03
  2.2398E+02 -2.6415E-02 -7.1693E-03
  2.2435E+02 -2.5766E-02 -7.2279E-03
  2.2473E+02 -2.5118E-02 -7.2811E-03
  2.2510E+02 -2.4470E-02 -7.3289E-03
  2.2548E+02 -2.3823E-02 -7.3711E-03
  2.2586E+02 -2.3176E-02 -7.4079E-03
  2.2623E+02 -2.2530E-02 -7.4394E-03
  2.2661E+02 -2.1883E-02 -7.4653E-03
  2.2698E+02 -2.1237E-02 -7.4860E-03
  2.2736E+02 -2.0592E-02 -7.5012E-03
  2.2773E+02 -1.9946E-02 -7.5111E-03
  2.2811E+02 -1.9300E-02 -7.5157E-03
  2.2849E+02 -1.8654E-02 -7.5150E-03
  2.2886E+02 -1.8009E-02 -7.5091E-03
  2.2924E+02 -1.7363E-02 -7.4980E-03
  2.2961E+02 -1.6718E-02 -7.4817E-03
  2.2999E+02 -1.6072E-02 -7.4603E-03
  2.3037E+02 -1.5427E-02 -7.4339E-03
  2.3074E+02 -1.4781E-02 -7.4024E-03
  2.3112E+02 -1.4136E-02 -7.3659E-03
  2.3149E+02 -1.3491E-02 -7.3245E-03
  2.3187E+02 -1.2846E-02 -7.2781E-03
  2.3224E+02 -1.2200E-02 -7.2269E-03
  2.3262E+02 -1.1555E-02 -7.1708E-03
  2.3300E+02 -1.0909E-02 -7.1098E-03
  2.3337E+02 -1.0263E-02 -7.0441E-03
  2.3375E+02 -9.6161E-03 -6.9735E-03
  2.3412E+02 -8.9692E-03 -6.8982E-03
  2.3450E+02 -8.3221E-03 -6.8182E-03
  2.3488E+02 -7.6747E-03 -6.7335E-03
  2.3525E+02 -7.0273E-03 -6.6443E-03
  2.3563E+02 -6.3798E-03 -6.5504E-03
  2.3600E+02 -5.7325E-03 -6.4520E-03
  2.3638E+02 -5.0855E-03 -6.3492E-03
  2.3675E+02 -4.4389E-03 -6.2419E-03
  2.3713E+02 -3.7927E-03 -6.1303E-03
  2.3751E+02 -3.1471E-03 -6.0143E-03
  2.3788E+02 -2.5020E-03 -5.8940E-03
  2.3826E+02 -1.8575E-03 -5.7695E-03
  2.3863E+02 -1.2134E-03 -5.6407E-03
  2.3901E+02 -5.6991E-04 -5.5078E-03
  2.3938E+02  7.3130E-05 -5.3706E-03
  2.3976E+02  7.1567E-04 -5.2293E-03
  2.4014E+02  1.3576E-03 -5.0838E-03
  2.4051E+02  1.9989E-03 -4.9342E-03
  2.4089E+02  2.6394E-03 -4.7806E-03
  2.4126E+02  3.2788E-03 -4.6229E-03
  2.4164E+02  3.9170E-03 -4.4612E-03
  2.4202E+02  4.5538E-03 -4.2955E-03
  2.4239E+02  5.1890E-03 -4.1259E-03
  2.4277E+02  5.8223E-03 -3.9523E-03
  2.4314E+02  6.4536E-03 -3.7749E-03
  2.4352E+02  7.0827E-03 -3.5936E-03
  2.4389E+02  7.7095E-03 -3.4085E-03
  2.4427E+02  8.3340E-03 -3.2195E-03
  2.4465E+02  8.9559E-03 -3.0267E-03
  2.4502E+02  9.5754E-03 -2.8301E-03
  2.4540E+02  1.0192E-02 -2.6297E-03
  2.4577E+02  1.0807E-02 -2.4255E-03
  2.4615E+02  1.1419E-02 -2.2175E-03
  2.4652E+02  1.2028E-02 -2.0056E-03
  2.4690E+02  1.2634E-02 -1.7900E-03
  2.4728E+02  1.3238E-02 -1.5705E-03
  2.4765E+02  1.3840E-02 -1.3472E-03
  2.4803E+02  1.4438E-02 -1.1201E-03
  2.4840E+02  1.5034E-02 -8.8918E-04
  2.4878E+02  1.5627E-02 -6.5445E-04
  2.4916E+02  1.6217E-02 -4.1591E-04
  2.4953E+02  1.6804E-02 -1.7358E-04
  2.4991E+02  1.7387E-02  7.2540E-05
  2.5028E+02  1.7968E-02  3.2243E-04
  2.5066E+02  1.8545E-02  5.7608E-04
  2.5103E+02  1.9119E-02  8.3348E-04
  2.5141E+02  1.9690E-02  1.0946E-03
  2.5179E+02  2.0258E-02  1.3594E-03
  2.5216E+02  2.0822E-02  1.6279E-03
  2.5254E+02  2.1383E-02  1.9001E-03
  2.5291E+02  2.1940E-02  2.1759E-03
  2.5329E+02  2.2494E-02  2.4554E-03
  2.5367E+02  2.3045E-02  2.7383E-03
  2.5404E+02  2.3592E-02  3.0249E-03
  2.5442E+02  2.4136E-02  3.3149E-03
  2.5479E+02  2.4676E-02  3.6084E-03
  2.5517E+02  2.5213E-02  3.9053E-03
  2.5554E+02  2.5746E-02  4.2056E-03
  2.5592E+02  2.6276E-02  4.5092E-03
  2.5630E+02  2.6802E-02  4.8162E-03
  2.5667E+02  2.7325E-02  5.1263E-03
  2.5705E+02  2.7845E-02  5.4397E-03
  2.5742E+02  2.8360E-02  5.7563E-03
  2.5780E+02  2.8873E-02  6.0759E-03
  2.5817E+02  2.9381E-02  6.3986E-03
  2.5855E+02  2.9886E-02  6.7243E-03
  2.5893E+02  3.0388E-02  7.0530E-03
  2.5930E+02  3.0886E-02  7.3845E-03
  2.5968E+02  3.1380E-02  7.7189E-03
  2.6005E+02  3.1871E-02  8.0560E-03
  2.6043E+02  3.2358E-02  8.3958E-03
  2.6081E+02  3.2842E-02  8.7383E-03
  2.6118E+02  3.3322E-02  9.0833E-03
  2.6156E+02  3.3798E-02  9.4309E-03
  2.6193E+02  3.4271E-02  9.7809E-03
  2.6231E+02  3.4740E-02  1.0133E-02
  2.6268E+02  3.5206E-02  1.0488E-02
  2.6306E+02  3.5668E-02  1.0845E-02
  2.6344E+02  3.6127E-02  1.1204E-02
  2.6381E+02  3.6582E-02  1.1566E-02
  2.6419E+02  3.7034E-02  1.1929E-02
  2.6456E+02  3.7482E-02  1.2295E-02
  2.6494E+02  3.7927E-02  1.2662E-02
  2.6531E+02  3.8368E-02  1.3031E-02
  2.6569E+02  3.8806E-02  1.3402E-02
  2.6607E+02  3.9241E-02  1.3775E-02
  2.6644E+02  3.9672E-02  1.4150E-02
  2.6682E+02  4.0100E-02  1.4526E-02
  2.6719E+02  4.0525E-02  1.4904E-02
  2.6757E+02  4.0946E-02  1.5283E-02
  2.6795E+02  4.1363E-02  1.5664E-02
  2.6832E+02  4.1777E-02  1.6046E-02
  2.6870E+02  4.2188E-02  1.6430E-02
  2.6907E+02  4.2595E-02  1.6815E-02
  2.6945E+02  4.2998E-02  1.7201E-02
  2.6982E+02  4.3398E-02  1.7589E-02
  2.7020E+02  4.3794E-02  1.7977E-02
  2.7058E+02  4.4186E-02  1.8367E-02
  2.7095E+02  4.4575E-02  1.8758E-02
  2.7133E+02  4.4959E-02  1.9150E-02
  2.7170E+02  4.5339E-02  1.9543E-02
  2.7208E+02  4.5716E-02  1.9938E-02
  2.7246E+02  4.6088E-02  2.0333E-02
  2.7283E+02  4.6457E-02  2.0729E-02
  2.7321E+02  4.6821E-02  2.1127E-02
  2.7358E+02  4.7181E-02  2.1525E-02
  2.7396E+02  4.7537E-02  2.1925E-02
  2.7433E+02  4.7889E-02  2.2325E-02
  2.7471E+02  4.8236E-02  2.2727E-02
  2.7509E+02  4.8580E-02  2.3129E-02
  2.7546E+02  4.8919E-02  2.3533E-02
  2.7584E+02  4.9255E-02  2.3938E-02
  2.7621E+02  4.9586E-02  2.4344E-02
  2.7659E+02  4.9913E-02  2.4751E-02
  2.7696E+02  5.0236E-02  2.5159E-02
  2.7734E+02  5.0555E-02  2.5568E-02
  2.7772E+02  5.0870E-02  2.5979E-02
  2.7809E+02  5.1181E-02  2.6390E-02
  2.7847E+02  5.1488E-02  2.6803E-02
  2.7884E+02  5.1791E-02  2.7217E-02
  2.7922E+02  5.2091E-02  2.7633E-02
  2.7960E+02  5.2386E-02  2.8049E-02
  2.7997E+02  5.2677E-02  2.8467E-02
  2.8035E+02  5.2965E-02  2.8885E-02
  2.8072E+02  5.3249E-02  2.9305E-02
  2.8110E+02  5.3529E-02  2.9726E-02
  2.8147E+02  5.3805E-02  3.0149E-02
  2.8185E+02  5.4078E-02  3.0572E-02
  2.8223E+02  5.4347E-02  3.0997E-02
  2.8260E+02  5.4612E-02  3.1422E-02
  2.8298E+02  5.4873E-02  3.1849E-02
  2.8335E+02  5.5130E-02  3.2277E-02
  2.8373E+02  5.5383E-02  3.2706E-02
  2.8410E+02  5.5633E-02  3.3135E-02
  2.8448E+02  5.5878E-02  3.3566E-02
  2.8486E+02  5.6120E-02  3.3998E-02
  2.8523E+02  5.6358E-02  3.4430E-02
  2.8561E+02  5.6591E-02  3.4863E-02
  2.8598E+02  5.6821E-02  3.5297E-02
  2.8636E+02  5.7046E-02  3.5732E-02
  2.8674E+02  5.7267E-02  3.6168E-02
  2.8711E+02  5.7485E-02  3.6604E-02
  2.8749E+02  5.7698E-02  3.7040E-02
  2.8786E+02  5.7906E-02  3.7477E-02
  2.8824E+02  5.8111E-02  3.7915E-02
  2.8861E+02  5.8311E-02  3.8353E-02
  2.8899E+02  5.8507E-02  3.8791E-02
  2.8937E+02  5.8699E-02  3.9230E-02
  2.8974E+02  5.8886E-02  3.9669E-02
  2.9012E+02  5.9068E-02  4.0108E-02
  2.9049E+02  5.9246E-02  4.0547E-02
  2.9087E+02  5.9420E-02  4.0986E-02
  2.9125E+02  5.9589E-02  4.1425E-02
  2.9162E+02  5.9754E-02  4.1864E-02
  2.9200E+02  5.9915E-02  4.2302E-02
  2.9237E+02  6.0070E-02  4.2741E-02
  2.9275E+02  6.0222E-02  4.3179E-02
  2.9312E+02  6.0369E-02  4.3617E-02
  2.9350E+02  6.0511E-02  4.4054E-02
  2.9388E+02  6.0650E-02  4.4490E-02
  2.9425E+02  6.0783E-02  4.4926E-02
  2.9463E+02  6.0912E-02  4.5362E-02
  2.9500E+02  6.1037E-02  4.5796E-02
  2.9538E+02  6.1158E-02  4.6230E-02
  2.9575E+02  6.1273E-02  4.6663E-02
  2.9613E+02  6.1385E-02  4.7095E-02
  2.9651E+02  6.1492E-02  4.7525E-02
  2.9688E+02  6.1594E-02  4.7955E-02
  2.9726E+02  6.1692E-02  4.8383E-02
  2.9763E+02  6.1785E-02  4.8810E-02
  2.9801E+02  6.1874E-02  4.9236E-02
  2.9839E+02  6.1959E-02  4.9661E-02
  2.9876E+02  6.2039E-02  5.0084E-02
  2.9914E+02  6.2115E-02  5.0505E-02
  2.9951E+02  6.2186E-02  5.0925E-02
  2.9989E+02  6.2254E-02  5.1344E-02
  3.0026E+02  6.2317E-02  5.1761E-02
  3.0064E+02  6.2376E-02  5.2176E-02
  3.0102E+02  6.2430E-02  5.2590E-02
  3.0139E+02  6.2481E-02  5.3002E-02
  3.0177E+02  6.2527E-02  5.3413E-02
  3.0214E+02  6.2569E-02  5.3822E-02
  3.0252E+02  6.2608E-02  5.4229E-02
  3.0289E+02  6.2642E-02  5.4635E-02
  3.0327E+02  6.2672E-02  5.5039E-02
  3.0365E+02  6.2698E-02  5.5442E-02
  3.0402E+02  6.2721E-02  5.5843E-02
  3.0440E+02  6.2740E-02  5.6242E-02
  3.0477E+02  6.2755E-02  5.6640E-02
  3.0515E+02  6.2766E-02  5.7037E-02
  3.0553E+02  6.2774E-02  5.7432E-02
  3.0590E+02  6.2779E-02  5.7825E-02
  3.0628E+02  6.2780E-02  5.8218E-02
  3.0665E+02  6.2778E-02  5.8609E-02
  3.0703E+02  6.2772E-02  5.8998E-02
  3.0740E+02  6.2764E-02  5.9387E-02
  3.0778E+02  6.2752E-02  5.9774E-02
  3.0816E+02  6.2738E-02  6.0160E-02
  3.0853E+02  6.2720E-02  6.0545E-02
  3.0891E+02  6.2699E-02  6.0929E-02
  3.0928E+02  6.2676E-02  6.1311E-02
  3.0966E+02  6.2650E-02  6.1693E-02
  3.1004E+02  6.2620E-02  6.2073E-02
  3.1041E+02  6.2588E-02  6.2453E-02
  3.1079E+02  6.2553E-02  6.2831E-02
  3.1116E+02  6.2515E-02  6.3208E-02
  3.1154E+02  6.2474E-02  6.3585E-02
  3.1191E+02  6.2430E-02  6.3960E-02
  3.1229E+02  6.2384E-02  6.4335E-02
  3.1267E+02  6.2334E-02  6.4708E-02
  3.1304E+02  6.2281E-02  6.5080E-02
  3.1342E+02  6.2225E-02  6.5452E-02
  3.1379E+02  6.2167E-02  6.5822E-02
  3.1417E+02  6.2105E-02  6.6191E-02
  3.1454E+02  6.2040E-02  6.6559E-02
  3.1492E+02  6.1972E-02  6.6926E-02
  3.1530E+02  6.1901E-02  6.7292E-02
  3.1567E+02  6.1826E-02  6.7657E-02
  3.1605E+02  6.1749E-02  6.8020E-02
  3.1642E+02  6.1668E-02  6.8383E-02
  3.1680E+02  6.1584E-02  6.8744E-02
  3.1718E+02  6.1496E-02  6.9104E-02
  3.1755E+02  6.1405E-02  6.9462E-02
  3.1793E+02  6.1311E-02  6.9819E-02
  3.1830E+02  6.1214E-02  7.0175E-02
  3.1868E+02  6.1112E-02  7.0529E-02
  3.1905E+02  6.1008E-02  7.0882E-02
  3.1943E+02  6.0900E-02  7.1233E-02
  3.1981E+02  6.0788E-02  7.1583E-02
  3.2018E+02  6.0673E-02  7.1931E-02
  3.2056E+02  6.0554E-02  7.2277E-02
  3.2093E+02  6.0432E-02  7.2621E-02
  3.2131E+02  6.0306E-02  7.2964E-02
  3.2168E+02  6.0177E-02  7.3305E-02
  3.2206E+02  6.0044E-02  7.3644E-02
  3.2244E+02  5.9908E-02  7.3980E-02
  3.2281E+02  5.9768E-02  7.4315E-02
  3.2319E+02  5.9624E-02  7.4648E-02
  3.2356E+02  5.9478E-02  7.4978E-02
  3.2394E+02  5.9327E-02  7.5306E-02
  3.2432E+02  5.9173E-02  7.5632E-02
  3.2469E+02  5.9016E-02  7.5955E-02
  3.2507E+02  5.8855E-02  7.6276E-02
  3.2544E+02  5.8691E-02  7.6594E-02
  3.2582E+02  5.8523E-02  7.6910E-02
  3.2619E+02  5.8352E-02  7.7223E-02
  3.2657E+02  5.8177E-02  7.7534E-02
  3.2695E+02  5.7999E-02  7.7841E-02
  3.2732E+02  5.7818E-02  7.8146E-02
  3.2770E+02  5.7634E-02  7.8448E-02
  3.2807E+02  5.7446E-02  7.8747E-02
  3.2845E+02  5.7255E-02  7.9043E-02
  3.2883E+02  5.7061E-02  7.9336E-02
  3.2920E+02  5.6863E-02  7.9626E-02
  3.2958E+02  5.6662E-02  7.9913E-02
  3.2995E+02  5.6459E-02  8.0197E-02
  3.3033E+02  5.6252E-02  8.0478E-02
  3.3070E+02  5.6042E-02  8.0755E-02
  3.3108E+02  5.5829E-02  8.1029E-02
  3.3146E+02  5.5613E-02  8.1301E-02
  3.3183E+02  5.5394E-02  8.1569E-02
  3.3221E+02  5.5172E-02  8.1833E-02
  3.3258E+02  5.4948E-02  8.2095E-02
  3.3296E+02  5.4721E-02  8.2354E-02
  3.3333E+02  5.4491E-02  8.2609E-02
  3.3371E+02  5.4259E-02  8.2861E-02
  3.3409E+02  5.4024E-02  8.3110E-02
  3.3446E+02  5.3787E-02  8.3356E-02
  3.3484E+02  5.3547E-02  8.3599E-02
  3.3521E+02  5.3306E-02  8.3839E-02
  3.3559E+02  5.3062E-02  8.4075E-02
  3.3597E+02  5.2815E-02  8.4309E-02
  3.3634E+02  5.2567E-02  8.4540E-02
  3.3672E+02  5.2317E-02  8.4768E-02
  3.3709E+02  5.2065E-02  8.4993E-02
  3.3747E+02  5.1811E-02  8.5215E-02
  3.3784E+02  5.1556E-02  8.5434E-02
  3.3822E+02  5.1299E-02  8.5651E-02
  3.3860E+02  5.1040E-02  8.5865E-02
  3.3897E+02  5.0780E-02  8.6076E-02
  3.3935E+02  5.0518E-02  8.6285E-02
  3.3972E+02  5.0255E-02  8.6491E-02
  3.4010E+02  4.9990E-02  8.6695E-02
  3.4047E+02  4.9724E-02  8.6896E-02
  3.4085E+02  4.9457E-02  8.7095E-02
  3.4123E+02  4.9189E-02  8.7291E-02
  3.4160E+02  4.8920E-02  8.7485E-02
  3.4198E+02  4.8649E-02  8.7677E-02
  3.4235E+02  4.8378E-02  8.7866E-02
  3.4273E+02  4.8105E-02  8.8053E-02
  3.4311E+02  4.7831E-02  8.8238E-02
  3.4348E+02  4.7557E-02  8.8421E-02
  3.4386E+02  4.7281E-02  8.8601E-02
  3.4423E+02  4.7004E-02  8.8779E-02
  3.4461E+02  4.6727E-02  8.8955E-02
  3.4498E+02  4.6448E-02  8.9129E-02
  3.4536E+02  4.6168E-02  8.9301E-02
  3.4574E+02  4.5887E-02  8.9471E-02
  3.4611E+02  4.5605E-02  8.9639E-02
  3.4649E+02  4.5323E-02  8.9804E-02
  3.4686E+02  4.5039E-02  8.9967E-02
  3.4724E+02  4.4754E-02  9.0129E-02
  3.4762E+02  4.4467E-02  9.0288E-02
  3.4799E+02  4.4180E-02  9.0445E-02
  3.4837E+02  4.3891E-02  9.0599E-02
  3.4874E+02  4.3602E-02  9.0752E-02
  3.4912E+02  4.3311E-02  9.0902E-02
  3.4949E+02  4.3018E-02  9.1051E-02
  3.4987E+02  4.2724E-02  9.1197E-02
  3.5025E+02  4.2429E-02  9.1340E-02
  3.5062E+02  4.2133E-02  9.1482E-02
  3.5100E+02  4.1835E-02  9.1621E-02
  3.5137E+02  4.1535E-02  9.1757E-02
  3.5175E+02  4.1234E-02  9.1892E-02
  3.5212E+02  4.0931E-02  9.2024E-02
  3.5250E+02  4.0627E-02  9.2153E-02
  3.5288E+02  4.0322E-02  9.2280E-02
  3.5325E+02  4.0014E-02  9.2405E-02
  3.5363E+02  3.9705E-02  9.2527E-02
  3.5400E+02  3.9395E-02  9.2646E-02
  3.5438E+02  3.9082E-02  9.2763E-02
  3.5476E+02  3.8769E-02  9.2877E-02
  3.5513E+02  3.8453E-02  9.2988E-02
  3.5551E+02  3.8136E-02  9.3097E-02
  3.5588E+02  3.7817E-02  9.3203E-02
  3.5626E+02  3.7497E-02  9.3306E-02
  3.5663E+02  3.7175E-02  9.3406E-02
  3.5701E+02  3.6852E-02  9.3504E-02
  3.5739E+02  3.6527E-02  9.3598E-02
  3.5776E+02  3.6200E-02  9.3690E-02
  3.5814E+02  3.5872E-02  9.3779E-02
  3.5851E+02  3.5543E-02  9.3865E-02
  3.5889E+02  3.5212E-02  9.3948E-02
  3.5926E+02  3.4880E-02  9.4028E-02
  3.5964E+02  3.4547E-02  9.4105E-02
  3.6002E+02  3.4212E-02  9.4178E-02
  3.6039E+02  3.3876E-02  9.4249E-02
  3.6077E+02  3.3539E-02  9.4317E-02
  3.6114E+02  3.3200E-02  9.4381E-02
  3.6152E+02  3.2861E-02  9.4443E-02
  3.6190E+02  3.2520E-02  9.4501E-02
  3.6227E+02  3.2178E-02  9.4556E-02
  3.6265E+02  3.1836E-02  9.4608E-02
  3.6302E+02  3.1492E-02  9.4657E-02
  3.6340E+02  3.1147E-02  9.4702E-02
  3.6377E+02  3.0801E-02  9.4745E-02
  3.6415E+02  3.0455E-02  9.4784E-02
  3.6453E+02  3.0107E-02  9.4820E-02
  3.6490E+02  2.9759E-02  9.4853E-02
  3.6528E+02  2.9410E-02  9.4882E-02
  3.6565E+02  2.9060E-02  9.4909E-02
  3.6603E+02  2.8710E-02  9.4932E-02
  3.6641E+02  2.8359E-02  9.4952E-02
  3.6678E+02  2.8007E-02  9.4968E-02
  3.6716E+02  2.7654E-02  9.4982E-02
  3.6753E+02  2.7301E-02  9.4993E-02
  3.6791E+02  2.6947E-02  9.5000E-02
  3.6828E+02  2.6593E-02  9.5004E-02
  3.6866E+02  2.6239E-02  9.5006E-02
  3.6904E+02  2.5884E-02  9.5004E-02
  3.6941E+02  2.5528E-02  9.4999E-02
  3.6979E+02  2.5173E-02  9.4992E-02
  3.7016E+02  2.4817E-02  9.4981E-02
  3.7054E+02  2.4461E-02  9.4968E-02
  3.7091E+02  2.4105E-02  9.4951E-02
  3.7129E+02  2.3748E-02  9.4932E-02
  3.7167E+02  2.3392E-02  9.4910E-02
  3.7204E+02  2.3036E-02  9.4886E-02
  3.7242E+02  2.2680E-02  9.4859E-02
  3.7279E+02  2.2325E-02  9.4829E-02
  3.7317E+02  2.1970E-02  9.4797E-02
  3.7355E+02  2.1615E-02  9.4762E-02
  3.7392E+02  2.1260E-02  9.4724E-02
  3.7430E+02  2.0907E-02  9.4684E-02
  3.7467E+02  2.0553E-02  9.4642E-02
  3.7505E+02  2.0201E-02  9.4598E-02
  3.7542E+02  1.9849E-02  9.4551E-02
  3.7580E+02  1.9498E-02  9.4502E-02
  3.7618E+02  1.9148E-02  9.4450E-02
  3.7655E+02  1.8799E-02  9.4397E-02
  3.7693E+02  1.8451E-02  9.4341E-02
  3.7730E+02  1.8105E-02  9.4283E-02
  3.7768E+02  1.7759E-02  9.4223E-02
  3.7805E+02  1.7414E-02  9.4161E-02
  3.7843E+02  1.7070E-02  9.4097E-02
  3.7881E+02  1.6728E-02  9.4030E-02
  3.7918E+02  1.6387E-02  9.3962E-02
  3.7956E+02  1.6046E-02  9.3892E-02
  3.7993E+02  1.5708E-02  9.3819E-02
  3.8031E+02  1.5370E-02  9.3745E-02
  3.8069E+02  1.5033E-02  9.3669E-02
  3.8106E+02  1.4698E-02  9.3591E-02
  3.8144E+02  1.4364E-02  9.3511E-02
  3.8181E+02  1.4031E-02  9.3429E-02
  3.8219E+02  1.3699E-02  9.3345E-02
  3.8256E+02  1.3368E-02  9.3259E-02
  3.8294E+02  1.3038E-02  9.3171E-02
  3.8332E+02  1.2709E-02  9.3081E-02
  3.8369E+02  1.2381E-02  9.2990E-02
  3.8407E+02  1.2054E-02  9.2896E-02
  3.8444E+02  1.1728E-02  9.2801E-02
  3.8482E+02  1.1403E-02  9.2703E-02
  3.8520E+02  1.1079E-02  9.2604E-02
  3.8557E+02  1.0755E-02  9.2503E-02
  3.8595E+02  1.0432E-02  9.2400E-02
  3.8632E+02  1.0110E-02  9.2296E-02
  3.8670E+02  9.7882E-03  9.2189E-02
  3.8707E+02  9.4672E-03  9.2080E-02
  3.8745E+02  9.1466E-03  9.1970E-02
  3.8783E+02  8.8266E-03  9.1857E-02
  3.8820E+02  8.5071E-03  9.1743E-02
  3.8858E+02  8.1880E-03  9.1627E-02
  3.8895E+02  7.8693E-03  9.1509E-02
  3.8933E+02  7.5510E-03  9.1389E-02
  3.8970E+02  7.2330E-03  9.1267E-02
  3.9008E+02  6.9154E-03  9.1143E-02
  3.9046E+02  6.5981E-03  9.1017E-02
  3.9083E+02  6.2810E-03  9.0890E-02
  3.9121E+02  5.9643E-03  9.0760E-02
  3.9158E+02  5.6479E-03  9.0628E-02
  3.9196E+02  5.3318E-03  9.0495E-02
  3.9234E+02  5.0159E-03  9.0359E-02
  3.9271E+02  4.7003E-03  9.0221E-02
  3.9309E+02  4.3850E-03  9.0082E-02
  3.9346E+02  4.0701E-03  8.9940E-02
  3.9384E+02  3.7555E-03  8.9796E-02
  3.9421E+02  3.4412E-03  8.9650E-02
  3.9459E+02  3.1273E-03  8.9503E-02
  3.9497E+02  2.8138E-03  8.9353E-02
  3.9534E+02  2.5008E-03  8.9201E-02
  3.9572E+02  2.1883E-03  8.9047E-02
  3.9609E+02  1.8762E-03  8.8891E-02
  3.9647E+02  1.5648E-03  8.8733E-02
  3.9684E+02  1.2540E-03  8.8573E-02
  3.9722E+02  9.4383E-04  8.8411E-02
  3.9760E+02  6.3441E-04  8.8246E-02
  3.9797E+02  3.2577E-04  8.8080E-02
  3.9835E+02  1.7972E-05  8.7912E-02
  3.9872E+02 -2.8892E-04  8.7741E-02
  3.9910E+02 -5.9485E-04  8.7569E-02
  3.9948E+02 -8.9976E-04  8.7395E-02
  3.9985E+02 -1.2036E-03  8.7218E-02
  4.0023E+02 -1.5062E-03  8.7040E-02
  4.0060E+02 -1.8077E-03  8.6860E-02
  4.0098E+02 -2.1079E-03  8.6678E-02
  4.0135E+02 -2.4067E-03  8.6494E-02
  4.0173E+02 -2.7042E-03  8.6308E-02
  4.0211E+02 -3.0003E-03  8.6120E-02
  4.0248E+02 -3.2948E-03  8.5930E-02
  4.0286E+02 -3.5879E-03  8.5739E-02
  4.0323E+02 -3.8793E-03  8.5545E-02
  4.0361E+02 -4.1692E-03  8.5351E-02
  4.0399E+02 -4.4574E-03  8.5154E-02
  4.0436E+02 -4.7439E-03  8.4955E-02
  4.0474E+02 -5.0288E-03  8.4755E-02
  4.0511E+02 -5.3119E-03  8.4554E-02
  4.0549E+02 -5.5933E-03  8.4350E-02
  4.0586E+02 -5.8730E-03  8.4145E-02
  4.0624E+02 -6.1509E-03  8.3939E-02
  4.0662E+02 -6.4270E-03  8.3731E-02
  4.0699E+02 -6.7015E-03  8.3521E-02
  4.0737E+02 -6.9741E-03  8.3310E-02
  4.0774E+02 -7.2451E-03  8.3098E-02
  4.0812E+02 -7.5143E-03  8.2884E-02
  4.0849E+02 -7.7818E-03  8.2669E-02
  4.0887E+02 -8.0476E-03  8.2453E-02
  4.0925E+02 -8.3117E-03  8.2235E-02
  4.0962E+02 -8.5741E-03  8.2016E-02
  4.1000E+02 -8.8349E-03  8.1795E-02
  4.1037E+02 -9.0940E-03  8.1574E-02
  4.1075E+02 -9.3515E-03  8.1351E-02
  4.1113E+02 -9.6074E-03  8.1127E-02
  4.1150E+02 -9.8617E-03  8.0902E-02
  4.1188E+02 -1.0114E-02  8.0676E-02
  4.1225E+02 -1.0366E-02  8.0449E-02
  4.1263E+02 -1.0615E-02  8.0221E-02
  4.1300E+02 -1.0863E-02  7.9992E-02
  4.1338E+02 -1.1110E-02  7.9762E-02
  4.1376E+02 -1.1355E-02  7.9531E-02
  4.1413E+02 -1.1598E-02  7.9299E-02
  4.1451E+02 -1.1840E-02  7.9066E-02
  4.1488E+02 -1.2080E-02  7.8832E-02
  4.1526E+02 -1.2319E-02  7.8598E-02
  4.1563E+02 -1.2556E-02  7.8363E-02
  4.1601E+02 -1.2791E-02  7.8126E-02
  4.1639E+02 -1.3025E-02  7.7890E-02
  4.1676E+02 -1.3258E-02  7.7652E-02
  4.1714E+02 -1.3488E-02  7.7414E-02
  4.1751E+02 -1.3717E-02  7.7175E-02
  4.1789E+02 -1.3945E-02  7.6935E-02
  4.1827E+02 -1.4170E-02  7.6694E-02
  4.1864E+02 -1.4394E-02  7.6453E-02
  4.1902E+02 -1.4616E-02  7.6211E-02
  4.1939E+02 -1.4837E-02  7.5969E-02
  4.1977E+02 -1.5055E-02  7.5726E-02
  4.2014E+02 -1.5272E-02  7.5482E-02
  4.2052E+02 -1.5487E-02  7.5237E-02
  4.2090E+02 -1.5701E-02  7.4992E-02
  4.2127E+02 -1.5912E-02  7.4747E-02
  4.2165E+02 -1.6122E-02  7.4500E-02
  4.2202E+02 -1.6329E-02  7.4253E-02
  4.2240E+02 -1.6535E-02  7.4006E-02
  4.2278E+02 -1.6739E-02  7.3757E-02
  4.2315E+02 -1.6941E-02  7.3508E-02
  4.2353E+02 -1.7141E-02  7.3259E-02
  4.2390E+02 -1.7339E-02  7.3009E-02
  4.2428E+02 -1.7535E-02  7.2758E-02
  4.2465E+02 -1.7730E-02  7.2507E-02
  4.2503E+02 -1.7922E-02  7.2255E-02
  4.2541E+02 -1.8112E-02  7.2002E-02
  4.2578E+02 -1.8300E-02  7.1749E-02
  4.2616E+02 -1.8487E-02  7.1495E-02
  4.2653E+02 -1.8671E-02  7.1241E-02
  4.2691E+02 -1.8853E-02  7.0986E-02
  4.2728E+02 -1.9033E-02  7.0731E-02
  4.2766E+02 -1.9212E-02  7.0475E-02
  4.2804E+02 -1.9388E-02  7.0218E-02
  4.2841E+02 -1.9562E-02  6.9961E-02
  4.2879E+02 -1.9734E-02  6.9704E-02
  4.2916E+02 -1.9904E-02  6.9446E-02
  4.2954E+02 -2.0073E-02  6.9188E-02
  4.2992E+02 -2.0239E-02  6.8929E-02
  4.3029E+02 -2.0403E-02  6.8670E-02
  4.3067E+02 -2.0565E-02  6.8410E-02
  4.3104E+02 -2.0725E-02  6.8150E-02
  4.3142E+02 -2.0883E-02  6.7889E-02
  4.3179E+02 -2.1039E-02  6.7628E-02
  4.3217E+02 -2.1193E-02  6.7367E-02
  4.3255E+02 -2.1346E-02  6.7105E-02
  4.3292E+02 -2.1496E-02  6.6843E-02
  4.3330E+02 -2.1644E-02  6.6581E-02
  4.3367E+02 -2.1791E-02  6.6318E-02
  4.3405E+02 -2.1935E-02  6.6055E-02
  4.3442E+02 -2.2078E-02  6.5792E-02
  4.3480E+02 -2.2219E-02  6.5528E-02
  4.3518E+02 -2.2358E-02  6.5264E-02
  4.3555E+02 -2.2495E-02  6.5000E-02
  4.3593E+02 -2.2631E-02  6.4736E-02
  4.3630E+02 -2.2765E-02  6.4471E-02
  4.3668E+02 -2.2897E-02  6.4207E-02
  4.3706E+02 -2.3028E-02  6.3941E-02
  4.3743E+02 -2.3156E-02  6.3676E-02
  4.3781E+02 -2.3284E-02  6.3411E-02
  4.3818E+02 -2.3409E-02  6.3145E-02
  4.3856E+02 -2.3533E-02  6.2879E-02
  4.3893E+02 -2.3655E-02  6.2613E-02
  4.3931E+02 -2.3776E-02  6.2347E-02
  4.3969E+02 -2.3896E-02  6.2081E-02
  4.4006E+02 -2.4013E-02  6.1815E-02
  4.4044E+02 -2.4130E-02  6.1549E-02
  4.4081E+02 -2.4244E-02  6.1282E-02
  4.4119E+02 -2.4357E-02  6.1016E-02
  4.4157E+02 -2.4469E-02  6.0750E-02
  4.4194E+02 -2.4579E-02  6.0483E-02
  4.4232E+02 -2.4688E-02  6.0217E-02
  4.4269E+02 -2.4795E-02  5.9951E-02
  4.4307E+02 -2.4900E-02  5.9685E-02
  4.4344E+02 -2.5004E-02  5.9419E-02
  4.4382E+02 -2.5106E-02  5.9153E-02
  4.4420E+02 -2.5207E-02  5.8887E-02
  4.4457E+02 -2.5306E-02  5.8622E-02
  4.4495E+02 -2.5404E-02  5.8356E-02
  4.4532E+02 -2.5500E-02  5.8091E-02
  4.4570E+02 -2.5594E-02  5.7826E-02
  4.4607E+02 -2.5686E-02  5.7562E-02
  4.4645E+02 -2.5777E-02  5.7297E-02
  4.4683E+02 -2.5866E-02  5.7033E-02
  4.4720E+02 -2.5953E-02  5.6770E-02
  4.4758E+02 -2.6039E-02  5.6506E-02
  4.4795E+02 -2.6123E-02  5.6243E-02
  4.4833E+02 -2.6205E-02  5.5980E-02
  4.4871E+02 -2.6285E-02  5.5718E-02
  4.4908E+02 -2.6363E-02  5.5456E-02
  4.4946E+02 -2.6440E-02  5.5195E-02
  4.4983E+02 -2.6514E-02  5.4934E-02
  4.5021E+02 -2.6587E-02  5.4673E-02
  4.5058E+02 -2.6657E-02  5.4413E-02
  4.5096E+02 -2.6726E-02  5.4153E-02
  4.5134E+02 -2.6793E-02  5.3894E-02
  4.5171E+02 -2.6858E-02  5.3635E-02
  4.5209E+02 -2.6921E-02  5.3377E-02
  4.5246E+02 -2.6982E-02  5.3119E-02
  4.5284E+02 -2.7042E-02  5.2861E-02
  4.5321E+02 -2.7099E-02  5.2604E-02
  4.5359E+02 -2.7154E-02  5.2348E-02
  4.5397E+02 -2.7208E-02  5.2092E-02
  4.5434E+02 -2.7259E-02  5.1837E-02
  4.5472E+02 -2.7309E-02  5.1582E-02
  4.5509E+02 -2.7356E-02  5.1328E-02
  4.5547E+02 -2.7402E-02  5.1074E-02
  4.5585E+02 -2.7446E-02  5.0821E-02
  4.5622E+02 -2.7488E-02  5.0569E-02
  4.5660E+02 -2.7528E-02  5.0317E-02
  4.5697E+02 -2.7566E-02  5.0066E-02
  4.5735E+02 -2.7602E-02  4.9815E-02
  4.5772E+02 -2.7636E-02  4.9565E-02
  4.5810E+02 -2.7669E-02  4.9316E-02
  4.5848E+02 -2.7699E-02  4.9067E-02
  4.5885E+02 -2.7728E-02  4.8819E-02
  4.5923E+02 -2.7755E-02  4.8571E-02
  4.5960E+02 -2.7780E-02  4.8325E-02
  4.5998E+02 -2.7803E-02  4.8079E-02
  4.6036E+02 -2.7825E-02  4.7833E-02
  4.6073E+02 -2.7845E-02  4.7589E-02
  4.6111E+02 -2.7863E-02  4.7345E-02
  4.6148E+02 -2.7880E-02  4.7102E-02
  4.6186E+02 -2.7894E-02  4.6859E-02
  4.6223E+02 -2.7907E-02  4.6617E-02
  4.6261E+02 -2.7919E-02  4.6377E-02
  4.6299E+02 -2.7929E-02  4.6136E-02
  4.6336E+02 -2.7937E-02  4.5897E-02
  4.6374E+02 -2.7944E-02  4.5658E-02
  4.6411E+02 -2.7949E-02  4.5420E-02
  4.6449E+02 -2.7952E-02  4.5183E-02
  4.6486E+02 -2.7954E-02  4.4947E-02
  4.6524E+02 -2.7955E-02  4.4712E-02
  4.6562E+02 -2.7954E-02  4.4477E-02
  4.6599E+02 -2.7951E-02  4.4243E-02
  4.6637E+02 -2.7947E-02  4.4010E-02
  4.6674E+02 -2.7942E-02  4.3778E-02
  4.6712E+02 -2.7935E-02  4.3547E-02
  4.6750E+02 -2.7927E-02  4.3317E-02
  4.6787E+02 -2.7918E-02  4.3087E-02
  4.6825E+02 -2.7907E-02  4.2858E-02
  4.6862E+02 -2.7895E-02  4.2631E-02
  4.6900E+02 -2.7881E-02  4.2404E-02
  4.6937E+02 -2.7866E-02  4.2178E-02
  4.6975E+02 -2.7850E-02  4.1953E-02
  4.7013E+02 -2.7832E-02  4.1729E-02
  4.7050E+02 -2.7814E-02  4.1505E-02
  4.7088E+02 -2.7793E-02  4.1283E-02
  4.7125E+02 -2.7772E-02  4.1062E-02
  4.7163E+02 -2.7749E-02  4.0841E-02
  4.7200E+02 -2.7725E-02  4.0622E-02
  4.7238E+02 -2.7700E-02  4.0404E-02
  4.7276E+02 -2.7673E-02  4.0186E-02
  4.7313E+02 -2.7646E-02  3.9970E-02
  4.7351E+02 -2.7616E-02  3.9755E-02
  4.7388E+02 -2.7586E-02  3.9540E-02
  4.7426E+02 -2.7554E-02  3.9327E-02
  4.7464E+02 -2.7521E-02  3.9115E-02
  4.7501E+02 -2.7487E-02  3.8903E-02
  4.7539E+02 -2.7451E-02  3.8693E-02
  4.7576E+02 -2.7415E-02  3.8484E-02
  4.7614E+02 -2.7376E-02  3.8276E-02
  4.7651E+02 -2.7337E-02  3.8069E-02
  4.7689E+02 -2.7296E-02  3.7864E-02
  4.7727E+02 -2.7254E-02  3.7659E-02
  4.7764E+02 -2.7211E-02  3.7455E-02
  4.7802E+02 -2.7166E-02  3.7253E-02
  4.7839E+02 -2.7121E-02  3.7051E-02
  4.7877E+02 -2.7073E-02  3.6851E-02
  4.7915E+02 -2.7025E-02  3.6652E-02
  4.7952E+02 -2.6975E-02  3.6454E-02
  4.7990E+02 -2.6924E-02  3.6257E-02
  4.8027E+02 -2.6872E-02  3.6062E-02
  4.8065E+02 -2.6819E-02  3.5867E-02
  4.8102E+02 -2.6764E-02  3.5674E-02
  4.8140E+02 -2.6708E-02  3.5481E-02
  4.8178E+02 -2.6651E-02  3.5290E-02
  4.8215E+02 -2.6592E-02  3.5101E-02
  4.8253E+02 -2.6533E-02  3.4912E-02
  4.8290E+02 -2.6472E-02  3.4724E-02
  4.8328E+02 -2.6410E-02  3.4538E-02
  4.8365E+02 -2.6347E-02  3.4353E-02
  4.8403E+02 -2.6282E-02  3.4169E-02
  4.8441E+02 -2.6217E-02  3.3986E-02
  4.8478E+02 -2.6150E-02  3.3804E-02
  4.8516E+02 -2.6082E-02  3.3624E-02
  4.8553E+02 -2.6014E-02  3.3445E-02
  4.8591E+02 -2.5944E-02  3.3267E-02
  4.8629E+02 -2.5873E-02  3.3090E-02
  4.8666E+02 -2.5801E-02  3.2914E-02
  4.8704E+02 -2.5728E-02  3.2739E-02
  4.8741E+02 -2.5654E-02  3.2566E-02
  4.8779E+02 -2.5579E-02  3.2394E-02
  4.8816E+02 -2.5503E-02  3.2223E-02
  4.8854E+02 -2.5426E-02  3.2054E-02
  4.8892E+02 -2.5348E-02  3.1885E-02
  4.8929E+02 -2.5269E-02  3.1718E-02
  4.8967E+02 -2.5190E-02  3.1552E-02
  4.9004E+02 -2.5109E-02  3.1387E-02
  4.9042E+02 -2.5028E-02  3.1223E-02
  4.9079E+02 -2.4946E-02  3.1061E-02
  4.9117E+02 -2.4863E-02  3.0900E-02
  4.9155E+02 -2.4779E-02  3.0740E-02
  4.9192E+02 -2.4695E-02  3.0581E-02
  4.9230E+02 -2.4609E-02  3.0424E-02
  4.9267E+02 -2.4523E-02  3.0268E-02
  4.9305E+02 -2.4437E-02  3.0113E-02
  4.9343E+02 -2.4349E-02  2.9959E-02
  4.9380E+02 -2.4261E-02  2.9807E-02
  4.9418E+02 -2.4172E-02  2.9656E-02
  4.9455E+02 -2.4082E-02  2.9506E-02
  4.9493E+02 -2.3992E-02  2.9358E-02
  4.9530E+02 -2.3901E-02  2.9210E-02
  4.9568E+02 -2.3809E-02  2.9064E-02
  4.9606E+02 -2.3717E-02  2.8920E-02
  4.9643E+02 -2.3624E-02  2.8776E-02
  4.9681E+02 -2.3530E-02  2.8634E-02
  4.9718E+02 -2.3435E-02  2.8494E-02
  4.9756E+02 -2.3340E-02  2.8354E-02
  4.9794E+02 -2.3244E-02  2.8216E-02
  4.9831E+02 -2.3148E-02  2.8080E-02
  4.9869E+02 -2.3051E-02  2.7944E-02
  4.9906E+02 -2.2953E-02  2.7810E-02
  4.9944E+02 -2.2854E-02  2.7677E-02
  4.9981E+02 -2.2755E-02  2.7546E-02
  5.0000E+02 -2.2706E-02  2.7482E-02
