# CREATED BY GENE DIAGNOSTICS TOOL on Sat Jun 23 12:19:08 2018
# diag: GAMDIAG, run(s): 0026, time window: 0-500(1332 steps), species: ions
# original data path: /ptmp/cmor/PoP/scanfiles0001/
# normalization: L_ref=5.4832m
#
# xind= 0, x/a= 0.70710677, q= 1.1018624
# Fit:    0.26687898,0.58280087,0.0014732487
# Analytic (Gao, Zhou/Yu): 0.32199362,-0.0040497536,1.9136736
#  t          Re[phi]     Im[phi]   
  0.0000E+00  9.9992E-01  0.0000E+00
  3.7580E-01  9.9739E-01  5.2897E-03
  7.5160E-01  9.9021E-01  1.0537E-02
  1.1274E+00  9.7914E-01  1.5694E-02
  1.5032E+00  9.6499E-01  2.0717E-02
  1.8790E+00  9.4865E-01  2.5582E-02
  2.2548E+00  9.3098E-01  3.0271E-02
  2.6306E+00  9.1276E-01  3.4774E-02
  3.0064E+00  8.9466E-01  3.9089E-02
  3.3822E+00  8.7721E-01  4.3221E-02
  3.7580E+00  8.6076E-01  4.7177E-02
  4.1338E+00  8.4549E-01  5.0969E-02
  4.5096E+00  8.3144E-01  5.4611E-02
  4.8854E+00  8.1851E-01  5.8116E-02
  5.2612E+00  8.0651E-01  6.1498E-02
  5.6370E+00  7.9520E-01  6.4769E-02
  6.0128E+00  7.8435E-01  6.7936E-02
  6.3886E+00  7.7371E-01  7.1007E-02
  6.7644E+00  7.6309E-01  7.3985E-02
  7.1402E+00  7.5233E-01  7.6871E-02
  7.5160E+00  7.4135E-01  7.9663E-02
  7.8918E+00  7.3010E-01  8.2359E-02
  8.2676E+00  7.1860E-01  8.4955E-02
  8.6434E+00  7.0688E-01  8.7450E-02
  9.0192E+00  6.9502E-01  8.9839E-02
  9.3950E+00  6.8311E-01  9.2123E-02
  9.7708E+00  6.7126E-01  9.4301E-02
  1.0147E+01  6.5957E-01  9.6373E-02
  1.0522E+01  6.4812E-01  9.8341E-02
  1.0898E+01  6.3701E-01  1.0021E-01
  1.1274E+01  6.2631E-01  1.0198E-01
  1.1650E+01  6.1608E-01  1.0367E-01
  1.2026E+01  6.0637E-01  1.0527E-01
  1.2401E+01  5.9721E-01  1.0680E-01
  1.2777E+01  5.8861E-01  1.0825E-01
  1.3153E+01  5.8059E-01  1.0965E-01
  1.3529E+01  5.7316E-01  1.1098E-01
  1.3905E+01  5.6631E-01  1.1227E-01
  1.4280E+01  5.6002E-01  1.1352E-01
  1.4656E+01  5.5430E-01  1.1474E-01
  1.5032E+01  5.4911E-01  1.1592E-01
  1.5408E+01  5.4446E-01  1.1708E-01
  1.5784E+01  5.4032E-01  1.1823E-01
  1.6159E+01  5.3667E-01  1.1937E-01
  1.6535E+01  5.3349E-01  1.2049E-01
  1.6911E+01  5.3077E-01  1.2162E-01
  1.7287E+01  5.2848E-01  1.2275E-01
  1.7663E+01  5.2660E-01  1.2388E-01
  1.8038E+01  5.2514E-01  1.2503E-01
  1.8414E+01  5.2406E-01  1.2619E-01
  1.8790E+01  5.2335E-01  1.2738E-01
  1.9166E+01  5.2298E-01  1.2858E-01
  1.9542E+01  5.2294E-01  1.2980E-01
  1.9917E+01  5.2320E-01  1.3105E-01
  2.0293E+01  5.2374E-01  1.3234E-01
  2.0669E+01  5.2453E-01  1.3365E-01
  2.1045E+01  5.2555E-01  1.3500E-01
  2.1421E+01  5.2678E-01  1.3638E-01
  2.1796E+01  5.2818E-01  1.3780E-01
  2.2172E+01  5.2975E-01  1.3925E-01
  2.2548E+01  5.3147E-01  1.4074E-01
  2.2924E+01  5.3330E-01  1.4226E-01
  2.3300E+01  5.3521E-01  1.4382E-01
  2.3675E+01  5.3715E-01  1.4541E-01
  2.4051E+01  5.3909E-01  1.4704E-01
  2.4427E+01  5.4101E-01  1.4870E-01
  2.4803E+01  5.4290E-01  1.5039E-01
  2.5179E+01  5.4478E-01  1.5211E-01
  2.5554E+01  5.4662E-01  1.5386E-01
  2.5930E+01  5.4841E-01  1.5564E-01
  2.6306E+01  5.5011E-01  1.5744E-01
  2.6682E+01  5.5169E-01  1.5926E-01
  2.7058E+01  5.5311E-01  1.6110E-01
  2.7433E+01  5.5437E-01  1.6296E-01
  2.7809E+01  5.5545E-01  1.6483E-01
  2.8185E+01  5.5634E-01  1.6671E-01
  2.8561E+01  5.5706E-01  1.6860E-01
  2.8937E+01  5.5758E-01  1.7050E-01
  2.9312E+01  5.5791E-01  1.7240E-01
  2.9688E+01  5.5804E-01  1.7430E-01
  3.0064E+01  5.5794E-01  1.7620E-01
  3.0440E+01  5.5762E-01  1.7810E-01
  3.0816E+01  5.5707E-01  1.7998E-01
  3.1191E+01  5.5631E-01  1.8185E-01
  3.1567E+01  5.5534E-01  1.8371E-01
  3.1943E+01  5.5417E-01  1.8556E-01
  3.2319E+01  5.5279E-01  1.8738E-01
  3.2695E+01  5.5121E-01  1.8919E-01
  3.3070E+01  5.4943E-01  1.9098E-01
  3.3446E+01  5.4743E-01  1.9274E-01
  3.3822E+01  5.4522E-01  1.9448E-01
  3.4198E+01  5.4278E-01  1.9618E-01
  3.4574E+01  5.4013E-01  1.9786E-01
  3.4949E+01  5.3730E-01  1.9951E-01
  3.5325E+01  5.3431E-01  2.0113E-01
  3.5701E+01  5.3120E-01  2.0271E-01
  3.6077E+01  5.2799E-01  2.0426E-01
  3.6453E+01  5.2468E-01  2.0578E-01
  3.6828E+01  5.2127E-01  2.0726E-01
  3.7204E+01  5.1778E-01  2.0870E-01
  3.7580E+01  5.1422E-01  2.1011E-01
  3.7956E+01  5.1058E-01  2.1149E-01
  3.8332E+01  5.0686E-01  2.1283E-01
  3.8707E+01  5.0307E-01  2.1414E-01
  3.9083E+01  4.9919E-01  2.1541E-01
  3.9459E+01  4.9524E-01  2.1665E-01
  3.9835E+01  4.9123E-01  2.1785E-01
  4.0211E+01  4.8718E-01  2.1902E-01
  4.0586E+01  4.8309E-01  2.2015E-01
  4.0962E+01  4.7900E-01  2.2125E-01
  4.1338E+01  4.7490E-01  2.2232E-01
  4.1714E+01  4.7083E-01  2.2336E-01
  4.2090E+01  4.6680E-01  2.2436E-01
  4.2465E+01  4.6282E-01  2.2534E-01
  4.2841E+01  4.5893E-01  2.2629E-01
  4.3217E+01  4.5516E-01  2.2722E-01
  4.3593E+01  4.5152E-01  2.2813E-01
  4.3969E+01  4.4803E-01  2.2902E-01
  4.4344E+01  4.4469E-01  2.2989E-01
  4.4720E+01  4.4149E-01  2.3075E-01
  4.5096E+01  4.3840E-01  2.3159E-01
  4.5472E+01  4.3538E-01  2.3241E-01
  4.5848E+01  4.3240E-01  2.3322E-01
  4.6223E+01  4.2940E-01  2.3402E-01
  4.6599E+01  4.2634E-01  2.3479E-01
  4.6975E+01  4.2318E-01  2.3555E-01
  4.7351E+01  4.1992E-01  2.3630E-01
  4.7727E+01  4.1656E-01  2.3702E-01
  4.8102E+01  4.1314E-01  2.3773E-01
  4.8478E+01  4.0971E-01  2.3842E-01
  4.8854E+01  4.0633E-01  2.3911E-01
  4.9230E+01  4.0307E-01  2.3978E-01
  4.9606E+01  3.9998E-01  2.4044E-01
  4.9981E+01  3.9709E-01  2.4110E-01
  5.0357E+01  3.9442E-01  2.4175E-01
  5.0733E+01  3.9198E-01  2.4241E-01
  5.1109E+01  3.8974E-01  2.4306E-01
  5.1485E+01  3.8769E-01  2.4371E-01
  5.1860E+01  3.8577E-01  2.4436E-01
  5.2236E+01  3.8396E-01  2.4501E-01
  5.2612E+01  3.8220E-01  2.4565E-01
  5.2988E+01  3.8046E-01  2.4629E-01
  5.3364E+01  3.7870E-01  2.4693E-01
  5.3739E+01  3.7690E-01  2.4756E-01
  5.4115E+01  3.7507E-01  2.4819E-01
  5.4491E+01  3.7321E-01  2.4882E-01
  5.4867E+01  3.7134E-01  2.4944E-01
  5.5243E+01  3.6948E-01  2.5007E-01
  5.5618E+01  3.6765E-01  2.5069E-01
  5.5994E+01  3.6585E-01  2.5131E-01
  5.6370E+01  3.6408E-01  2.5194E-01
  5.6746E+01  3.6235E-01  2.5257E-01
  5.7122E+01  3.6062E-01  2.5319E-01
  5.7497E+01  3.5888E-01  2.5382E-01
  5.7873E+01  3.5710E-01  2.5444E-01
  5.8249E+01  3.5524E-01  2.5506E-01
  5.8625E+01  3.5327E-01  2.5566E-01
  5.9001E+01  3.5118E-01  2.5626E-01
  5.9376E+01  3.4894E-01  2.5684E-01
  5.9752E+01  3.4656E-01  2.5741E-01
  6.0128E+01  3.4404E-01  2.5796E-01
  6.0504E+01  3.4141E-01  2.5849E-01
  6.0880E+01  3.3869E-01  2.5899E-01
  6.1255E+01  3.3593E-01  2.5948E-01
  6.1631E+01  3.3317E-01  2.5994E-01
  6.2007E+01  3.3043E-01  2.6039E-01
  6.2383E+01  3.2777E-01  2.6082E-01
  6.2759E+01  3.2519E-01  2.6123E-01
  6.3134E+01  3.2272E-01  2.6164E-01
  6.3510E+01  3.2036E-01  2.6203E-01
  6.3886E+01  3.1812E-01  2.6241E-01
  6.4262E+01  3.1596E-01  2.6278E-01
  6.4638E+01  3.1388E-01  2.6315E-01
  6.5013E+01  3.1185E-01  2.6350E-01
  6.5389E+01  3.0983E-01  2.6385E-01
  6.5765E+01  3.0780E-01  2.6418E-01
  6.6141E+01  3.0573E-01  2.6451E-01
  6.6517E+01  3.0359E-01  2.6482E-01
  6.6892E+01  3.0135E-01  2.6512E-01
  6.7268E+01  2.9901E-01  2.6541E-01
  6.7644E+01  2.9656E-01  2.6568E-01
  6.8020E+01  2.9398E-01  2.6593E-01
  6.8396E+01  2.9129E-01  2.6616E-01
  6.8771E+01  2.8850E-01  2.6637E-01
  6.9147E+01  2.8563E-01  2.6657E-01
  6.9523E+01  2.8271E-01  2.6674E-01
  6.9899E+01  2.7975E-01  2.6689E-01
  7.0275E+01  2.7678E-01  2.6703E-01
  7.0650E+01  2.7381E-01  2.6714E-01
  7.1026E+01  2.7084E-01  2.6724E-01
  7.1402E+01  2.6789E-01  2.6731E-01
  7.1778E+01  2.6497E-01  2.6737E-01
  7.2154E+01  2.6209E-01  2.6742E-01
  7.2529E+01  2.5924E-01  2.6744E-01
  7.2905E+01  2.5642E-01  2.6746E-01
  7.3281E+01  2.5364E-01  2.6746E-01
  7.3657E+01  2.5089E-01  2.6744E-01
  7.4033E+01  2.4816E-01  2.6741E-01
  7.4408E+01  2.4544E-01  2.6737E-01
  7.4784E+01  2.4273E-01  2.6731E-01
  7.5160E+01  2.4003E-01  2.6725E-01
  7.5536E+01  2.3733E-01  2.6716E-01
  7.5912E+01  2.3463E-01  2.6707E-01
  7.6287E+01  2.3193E-01  2.6696E-01
  7.6663E+01  2.2923E-01  2.6684E-01
  7.7039E+01  2.2653E-01  2.6671E-01
  7.7415E+01  2.2382E-01  2.6656E-01
  7.7791E+01  2.2109E-01  2.6640E-01
  7.8166E+01  2.1836E-01  2.6622E-01
  7.8542E+01  2.1561E-01  2.6604E-01
  7.8918E+01  2.1285E-01  2.6584E-01
  7.9294E+01  2.1008E-01  2.6562E-01
  7.9670E+01  2.0732E-01  2.6540E-01
  8.0045E+01  2.0457E-01  2.6516E-01
  8.0421E+01  2.0183E-01  2.6490E-01
  8.0797E+01  1.9912E-01  2.6464E-01
  8.1173E+01  1.9643E-01  2.6436E-01
  8.1549E+01  1.9378E-01  2.6408E-01
  8.1924E+01  1.9115E-01  2.6378E-01
  8.2300E+01  1.8855E-01  2.6347E-01
  8.2676E+01  1.8598E-01  2.6315E-01
  8.3052E+01  1.8343E-01  2.6282E-01
  8.3428E+01  1.8091E-01  2.6248E-01
  8.3803E+01  1.7840E-01  2.6213E-01
  8.4179E+01  1.7591E-01  2.6178E-01
  8.4555E+01  1.7342E-01  2.6141E-01
  8.4931E+01  1.7095E-01  2.6103E-01
  8.5307E+01  1.6849E-01  2.6064E-01
  8.5682E+01  1.6605E-01  2.6025E-01
  8.6058E+01  1.6362E-01  2.5984E-01
  8.6434E+01  1.6122E-01  2.5943E-01
  8.6810E+01  1.5883E-01  2.5901E-01
  8.7186E+01  1.5647E-01  2.5858E-01
  8.7561E+01  1.5412E-01  2.5814E-01
  8.7937E+01  1.5178E-01  2.5769E-01
  8.8313E+01  1.4945E-01  2.5723E-01
  8.8689E+01  1.4712E-01  2.5677E-01
  8.9065E+01  1.4479E-01  2.5629E-01
  8.9440E+01  1.4244E-01  2.5581E-01
  8.9816E+01  1.4009E-01  2.5532E-01
  9.0192E+01  1.3773E-01  2.5481E-01
  9.0568E+01  1.3537E-01  2.5430E-01
  9.0944E+01  1.3302E-01  2.5378E-01
  9.1319E+01  1.3067E-01  2.5325E-01
  9.1695E+01  1.2833E-01  2.5271E-01
  9.2071E+01  1.2601E-01  2.5216E-01
  9.2447E+01  1.2370E-01  2.5160E-01
  9.2823E+01  1.2139E-01  2.5103E-01
  9.3198E+01  1.1908E-01  2.5045E-01
  9.3574E+01  1.1677E-01  2.4986E-01
  9.3950E+01  1.1445E-01  2.4926E-01
  9.4326E+01  1.1210E-01  2.4865E-01
  9.4702E+01  1.0974E-01  2.4803E-01
  9.5077E+01  1.0736E-01  2.4739E-01
  9.5453E+01  1.0497E-01  2.4675E-01
  9.5829E+01  1.0257E-01  2.4609E-01
  9.6205E+01  1.0018E-01  2.4542E-01
  9.6581E+01  9.7796E-02  2.4475E-01
  9.6956E+01  9.5440E-02  2.4406E-01
  9.7332E+01  9.3113E-02  2.4336E-01
  9.7708E+01  9.0820E-02  2.4266E-01
  9.8084E+01  8.8560E-02  2.4194E-01
  9.8460E+01  8.6332E-02  2.4122E-01
  9.8835E+01  8.4130E-02  2.4048E-01
  9.9211E+01  8.1947E-02  2.3974E-01
  9.9587E+01  7.9776E-02  2.3899E-01
  9.9963E+01  7.7607E-02  2.3823E-01
  1.0034E+02  7.5431E-02  2.3745E-01
  1.0071E+02  7.3239E-02  2.3667E-01
  1.0109E+02  7.1027E-02  2.3588E-01
  1.0147E+02  6.8792E-02  2.3508E-01
  1.0184E+02  6.6535E-02  2.3426E-01
  1.0222E+02  6.4261E-02  2.3344E-01
  1.0259E+02  6.1977E-02  2.3261E-01
  1.0297E+02  5.9693E-02  2.3176E-01
  1.0334E+02  5.7416E-02  2.3091E-01
  1.0372E+02  5.5156E-02  2.3005E-01
  1.0410E+02  5.2918E-02  2.2917E-01
  1.0447E+02  5.0704E-02  2.2829E-01
  1.0485E+02  4.8516E-02  2.2740E-01
  1.0522E+02  4.6354E-02  2.2650E-01
  1.0560E+02  4.4215E-02  2.2559E-01
  1.0598E+02  4.2098E-02  2.2468E-01
  1.0635E+02  4.0001E-02  2.2375E-01
  1.0673E+02  3.7922E-02  2.2282E-01
  1.0710E+02  3.5858E-02  2.2188E-01
  1.0748E+02  3.3810E-02  2.2093E-01
  1.0785E+02  3.1775E-02  2.1997E-01
  1.0823E+02  2.9753E-02  2.1900E-01
  1.0861E+02  2.7742E-02  2.1803E-01
  1.0898E+02  2.5742E-02  2.1705E-01
  1.0936E+02  2.3751E-02  2.1607E-01
  1.0973E+02  2.1769E-02  2.1507E-01
  1.1011E+02  1.9795E-02  2.1407E-01
  1.1049E+02  1.7827E-02  2.1307E-01
  1.1086E+02  1.5866E-02  2.1205E-01
  1.1124E+02  1.3913E-02  2.1103E-01
  1.1161E+02  1.1968E-02  2.1001E-01
  1.1199E+02  1.0033E-02  2.0897E-01
  1.1236E+02  8.1101E-03  2.0793E-01
  1.1274E+02  6.2010E-03  2.0688E-01
  1.1312E+02  4.3084E-03  2.0583E-01
  1.1349E+02  2.4345E-03  2.0477E-01
  1.1387E+02  5.8150E-04  2.0370E-01
  1.1424E+02 -1.2489E-03  2.0263E-01
  1.1462E+02 -3.0559E-03  2.0155E-01
  1.1499E+02 -4.8398E-03  2.0047E-01
  1.1537E+02 -6.6020E-03  1.9938E-01
  1.1575E+02 -8.3451E-03  1.9829E-01
  1.1612E+02 -1.0072E-02  1.9719E-01
  1.1650E+02 -1.1787E-02  1.9609E-01
  1.1687E+02 -1.3494E-02  1.9499E-01
  1.1725E+02 -1.5197E-02  1.9387E-01
  1.1763E+02 -1.6899E-02  1.9276E-01
  1.1800E+02 -1.8602E-02  1.9164E-01
  1.1838E+02 -2.0307E-02  1.9051E-01
  1.1875E+02 -2.2015E-02  1.8938E-01
  1.1913E+02 -2.3721E-02  1.8824E-01
  1.1950E+02 -2.5422E-02  1.8709E-01
  1.1988E+02 -2.7114E-02  1.8594E-01
  1.2026E+02 -2.8790E-02  1.8479E-01
  1.2063E+02 -3.0446E-02  1.8363E-01
  1.2101E+02 -3.2078E-02  1.8247E-01
  1.2138E+02 -3.3684E-02  1.8130E-01
  1.2176E+02 -3.5262E-02  1.8013E-01
  1.2213E+02 -3.6812E-02  1.7895E-01
  1.2251E+02 -3.8333E-02  1.7777E-01
  1.2289E+02 -3.9829E-02  1.7659E-01
  1.2326E+02 -4.1301E-02  1.7541E-01
  1.2364E+02 -4.2752E-02  1.7422E-01
  1.2401E+02 -4.4188E-02  1.7303E-01
  1.2439E+02 -4.5612E-02  1.7184E-01
  1.2477E+02 -4.7029E-02  1.7065E-01
  1.2514E+02 -4.8442E-02  1.6945E-01
  1.2552E+02 -4.9855E-02  1.6825E-01
  1.2589E+02 -5.1268E-02  1.6705E-01
  1.2627E+02 -5.2684E-02  1.6584E-01
  1.2664E+02 -5.4101E-02  1.6462E-01
  1.2702E+02 -5.5520E-02  1.6341E-01
  1.2740E+02 -5.6938E-02  1.6219E-01
  1.2777E+02 -5.8352E-02  1.6096E-01
  1.2815E+02 -5.9760E-02  1.5973E-01
  1.2852E+02 -6.1158E-02  1.5850E-01
  1.2890E+02 -6.2543E-02  1.5726E-01
  1.2928E+02 -6.3911E-02  1.5602E-01
  1.2965E+02 -6.5261E-02  1.5478E-01
  1.3003E+02 -6.6589E-02  1.5353E-01
  1.3040E+02 -6.7894E-02  1.5228E-01
  1.3078E+02 -6.9175E-02  1.5103E-01
  1.3115E+02 -7.0432E-02  1.4978E-01
  1.3153E+02 -7.1666E-02  1.4852E-01
  1.3191E+02 -7.2877E-02  1.4726E-01
  1.3228E+02 -7.4067E-02  1.4600E-01
  1.3266E+02 -7.5236E-02  1.4474E-01
  1.3303E+02 -7.6385E-02  1.4348E-01
  1.3341E+02 -7.7516E-02  1.4221E-01
  1.3378E+02 -7.8629E-02  1.4095E-01
  1.3416E+02 -7.9727E-02  1.3968E-01
  1.3454E+02 -8.0811E-02  1.3841E-01
  1.3491E+02 -8.1885E-02  1.3714E-01
  1.3529E+02 -8.2949E-02  1.3587E-01
  1.3566E+02 -8.4005E-02  1.3460E-01
  1.3604E+02 -8.5054E-02  1.3333E-01
  1.3642E+02 -8.6097E-02  1.3205E-01
  1.3679E+02 -8.7134E-02  1.3078E-01
  1.3717E+02 -8.8162E-02  1.2950E-01
  1.3754E+02 -8.9180E-02  1.2822E-01
  1.3792E+02 -9.0187E-02  1.2694E-01
  1.3829E+02 -9.1179E-02  1.2566E-01
  1.3867E+02 -9.2156E-02  1.2438E-01
  1.3905E+02 -9.3116E-02  1.2310E-01
  1.3942E+02 -9.4059E-02  1.2182E-01
  1.3980E+02 -9.4984E-02  1.2054E-01
  1.4017E+02 -9.5890E-02  1.1926E-01
  1.4055E+02 -9.6780E-02  1.1798E-01
  1.4093E+02 -9.7654E-02  1.1671E-01
  1.4130E+02 -9.8513E-02  1.1543E-01
  1.4168E+02 -9.9358E-02  1.1415E-01
  1.4205E+02 -1.0019E-01  1.1287E-01
  1.4243E+02 -1.0101E-01  1.1160E-01
  1.4280E+02 -1.0181E-01  1.1032E-01
  1.4318E+02 -1.0260E-01  1.0904E-01
  1.4356E+02 -1.0338E-01  1.0777E-01
  1.4393E+02 -1.0414E-01  1.0650E-01
  1.4431E+02 -1.0488E-01  1.0522E-01
  1.4468E+02 -1.0561E-01  1.0395E-01
  1.4506E+02 -1.0632E-01  1.0268E-01
  1.4543E+02 -1.0701E-01  1.0142E-01
  1.4581E+02 -1.0768E-01  1.0015E-01
  1.4619E+02 -1.0834E-01  9.8886E-02
  1.4656E+02 -1.0898E-01  9.7622E-02
  1.4694E+02 -1.0961E-01  9.6361E-02
  1.4731E+02 -1.1022E-01  9.5101E-02
  1.4769E+02 -1.1083E-01  9.3843E-02
  1.4807E+02 -1.1143E-01  9.2586E-02
  1.4844E+02 -1.1202E-01  9.1331E-02
  1.4882E+02 -1.1260E-01  9.0077E-02
  1.4919E+02 -1.1318E-01  8.8825E-02
  1.4957E+02 -1.1374E-01  8.7574E-02
  1.4994E+02 -1.1430E-01  8.6326E-02
  1.5032E+02 -1.1484E-01  8.5079E-02
  1.5070E+02 -1.1537E-01  8.3835E-02
  1.5107E+02 -1.1589E-01  8.2593E-02
  1.5145E+02 -1.1638E-01  8.1353E-02
  1.5182E+02 -1.1687E-01  8.0116E-02
  1.5220E+02 -1.1733E-01  7.8882E-02
  1.5257E+02 -1.1778E-01  7.7651E-02
  1.5295E+02 -1.1821E-01  7.6423E-02
  1.5333E+02 -1.1863E-01  7.5197E-02
  1.5370E+02 -1.1903E-01  7.3975E-02
  1.5408E+02 -1.1943E-01  7.2755E-02
  1.5445E+02 -1.1981E-01  7.1539E-02
  1.5483E+02 -1.2018E-01  7.0325E-02
  1.5521E+02 -1.2054E-01  6.9115E-02
  1.5558E+02 -1.2089E-01  6.7907E-02
  1.5596E+02 -1.2124E-01  6.6703E-02
  1.5633E+02 -1.2157E-01  6.5502E-02
  1.5671E+02 -1.2190E-01  6.4303E-02
  1.5708E+02 -1.2221E-01  6.3109E-02
  1.5746E+02 -1.2252E-01  6.1917E-02
  1.5784E+02 -1.2281E-01  6.0728E-02
  1.5821E+02 -1.2309E-01  5.9543E-02
  1.5859E+02 -1.2336E-01  5.8361E-02
  1.5896E+02 -1.2362E-01  5.7183E-02
  1.5934E+02 -1.2386E-01  5.6007E-02
  1.5972E+02 -1.2409E-01  5.4836E-02
  1.6009E+02 -1.2431E-01  5.3668E-02
  1.6047E+02 -1.2451E-01  5.2503E-02
  1.6084E+02 -1.2469E-01  5.1342E-02
  1.6122E+02 -1.2486E-01  5.0185E-02
  1.6159E+02 -1.2502E-01  4.9031E-02
  1.6197E+02 -1.2517E-01  4.7882E-02
  1.6235E+02 -1.2530E-01  4.6736E-02
  1.6272E+02 -1.2542E-01  4.5594E-02
  1.6310E+02 -1.2553E-01  4.4457E-02
  1.6347E+02 -1.2562E-01  4.3323E-02
  1.6385E+02 -1.2571E-01  4.2194E-02
  1.6422E+02 -1.2578E-01  4.1069E-02
  1.6460E+02 -1.2584E-01  3.9948E-02
  1.6498E+02 -1.2590E-01  3.8831E-02
  1.6535E+02 -1.2594E-01  3.7719E-02
  1.6573E+02 -1.2597E-01  3.6611E-02
  1.6610E+02 -1.2598E-01  3.5508E-02
  1.6648E+02 -1.2599E-01  3.4410E-02
  1.6686E+02 -1.2598E-01  3.3317E-02
  1.6723E+02 -1.2596E-01  3.2230E-02
  1.6761E+02 -1.2593E-01  3.1147E-02
  1.6798E+02 -1.2589E-01  3.0070E-02
  1.6836E+02 -1.2583E-01  2.8998E-02
  1.6873E+02 -1.2577E-01  2.7932E-02
  1.6911E+02 -1.2569E-01  2.6871E-02
  1.6949E+02 -1.2561E-01  2.5815E-02
  1.6986E+02 -1.2552E-01  2.4766E-02
  1.7024E+02 -1.2542E-01  2.3721E-02
  1.7061E+02 -1.2531E-01  2.2683E-02
  1.7099E+02 -1.2520E-01  2.1650E-02
  1.7136E+02 -1.2507E-01  2.0623E-02
  1.7174E+02 -1.2494E-01  1.9601E-02
  1.7212E+02 -1.2480E-01  1.8585E-02
  1.7249E+02 -1.2465E-01  1.7576E-02
  1.7287E+02 -1.2449E-01  1.6572E-02
  1.7324E+02 -1.2432E-01  1.5574E-02
  1.7362E+02 -1.2414E-01  1.4582E-02
  1.7400E+02 -1.2395E-01  1.3596E-02
  1.7437E+02 -1.2375E-01  1.2617E-02
  1.7475E+02 -1.2354E-01  1.1643E-02
  1.7512E+02 -1.2333E-01  1.0676E-02
  1.7550E+02 -1.2310E-01  9.7142E-03
  1.7587E+02 -1.2287E-01  8.7589E-03
  1.7625E+02 -1.2262E-01  7.8097E-03
  1.7663E+02 -1.2237E-01  6.8665E-03
  1.7700E+02 -1.2211E-01  5.9293E-03
  1.7738E+02 -1.2185E-01  4.9980E-03
  1.7775E+02 -1.2158E-01  4.0727E-03
  1.7813E+02 -1.2130E-01  3.1531E-03
  1.7851E+02 -1.2101E-01  2.2394E-03
  1.7888E+02 -1.2072E-01  1.3316E-03
  1.7926E+02 -1.2041E-01  4.2969E-04
  1.7963E+02 -1.2010E-01 -4.6624E-04
  1.8001E+02 -1.1978E-01 -1.3561E-03
  1.8038E+02 -1.1945E-01 -2.2398E-03
  1.8076E+02 -1.1911E-01 -3.1172E-03
  1.8114E+02 -1.1876E-01 -3.9882E-03
  1.8151E+02 -1.1839E-01 -4.8527E-03
  1.8189E+02 -1.1802E-01 -5.7107E-03
  1.8226E+02 -1.1763E-01 -6.5621E-03
  1.8264E+02 -1.1723E-01 -7.4069E-03
  1.8301E+02 -1.1682E-01 -8.2450E-03
  1.8339E+02 -1.1641E-01 -9.0764E-03
  1.8377E+02 -1.1598E-01 -9.9012E-03
  1.8414E+02 -1.1555E-01 -1.0719E-02
  1.8452E+02 -1.1510E-01 -1.1531E-02
  1.8489E+02 -1.1465E-01 -1.2335E-02
  1.8527E+02 -1.1419E-01 -1.3133E-02
  1.8565E+02 -1.1373E-01 -1.3924E-02
  1.8602E+02 -1.1325E-01 -1.4708E-02
  1.8640E+02 -1.1277E-01 -1.5486E-02
  1.8677E+02 -1.1228E-01 -1.6256E-02
  1.8715E+02 -1.1177E-01 -1.7019E-02
  1.8752E+02 -1.1126E-01 -1.7775E-02
  1.8790E+02 -1.1074E-01 -1.8523E-02
  1.8828E+02 -1.1021E-01 -1.9264E-02
  1.8865E+02 -1.0967E-01 -1.9998E-02
  1.8903E+02 -1.0911E-01 -2.0725E-02
  1.8940E+02 -1.0855E-01 -2.1444E-02
  1.8978E+02 -1.0798E-01 -2.2155E-02
  1.9015E+02 -1.0740E-01 -2.2859E-02
  1.9053E+02 -1.0682E-01 -2.3555E-02
  1.9091E+02 -1.0622E-01 -2.4243E-02
  1.9128E+02 -1.0561E-01 -2.4924E-02
  1.9166E+02 -1.0500E-01 -2.5597E-02
  1.9203E+02 -1.0438E-01 -2.6262E-02
  1.9241E+02 -1.0376E-01 -2.6919E-02
  1.9279E+02 -1.0312E-01 -2.7569E-02
  1.9316E+02 -1.0249E-01 -2.8211E-02
  1.9354E+02 -1.0185E-01 -2.8845E-02
  1.9391E+02 -1.0120E-01 -2.9471E-02
  1.9429E+02 -1.0055E-01 -3.0091E-02
  1.9466E+02 -9.9901E-02 -3.0702E-02
  1.9504E+02 -9.9247E-02 -3.1306E-02
  1.9542E+02 -9.8591E-02 -3.1903E-02
  1.9579E+02 -9.7933E-02 -3.2492E-02
  1.9617E+02 -9.7272E-02 -3.3073E-02
  1.9654E+02 -9.6609E-02 -3.3647E-02
  1.9692E+02 -9.5943E-02 -3.4214E-02
  1.9730E+02 -9.5273E-02 -3.4773E-02
  1.9767E+02 -9.4599E-02 -3.5325E-02
  1.9805E+02 -9.3920E-02 -3.5869E-02
  1.9842E+02 -9.3236E-02 -3.6405E-02
  1.9880E+02 -9.2547E-02 -3.6934E-02
  1.9917E+02 -9.1852E-02 -3.7455E-02
  1.9955E+02 -9.1152E-02 -3.7969E-02
  1.9993E+02 -9.0446E-02 -3.8475E-02
  2.0030E+02 -8.9735E-02 -3.8973E-02
  2.0068E+02 -8.9019E-02 -3.9464E-02
  2.0105E+02 -8.8298E-02 -3.9947E-02
  2.0143E+02 -8.7573E-02 -4.0422E-02
  2.0180E+02 -8.6843E-02 -4.0889E-02
  2.0218E+02 -8.6109E-02 -4.1349E-02
  2.0256E+02 -8.5371E-02 -4.1801E-02
  2.0293E+02 -8.4628E-02 -4.2246E-02
  2.0331E+02 -8.3882E-02 -4.2683E-02
  2.0368E+02 -8.3131E-02 -4.3112E-02
  2.0406E+02 -8.2375E-02 -4.3534E-02
  2.0444E+02 -8.1614E-02 -4.3947E-02
  2.0481E+02 -8.0848E-02 -4.4353E-02
  2.0519E+02 -8.0075E-02 -4.4751E-02
  2.0556E+02 -7.9296E-02 -4.5141E-02
  2.0594E+02 -7.8511E-02 -4.5524E-02
  2.0631E+02 -7.7719E-02 -4.5898E-02
  2.0669E+02 -7.6921E-02 -4.6265E-02
  2.0707E+02 -7.6116E-02 -4.6623E-02
  2.0744E+02 -7.5305E-02 -4.6974E-02
  2.0782E+02 -7.4487E-02 -4.7316E-02
  2.0819E+02 -7.3664E-02 -4.7651E-02
  2.0857E+02 -7.2835E-02 -4.7978E-02
  2.0894E+02 -7.2000E-02 -4.8296E-02
  2.0932E+02 -7.1160E-02 -4.8607E-02
  2.0970E+02 -7.0315E-02 -4.8910E-02
  2.1007E+02 -6.9466E-02 -4.9205E-02
  2.1045E+02 -6.8612E-02 -4.9493E-02
  2.1082E+02 -6.7754E-02 -4.9772E-02
  2.1120E+02 -6.6892E-02 -5.0043E-02
  2.1158E+02 -6.6026E-02 -5.0307E-02
  2.1195E+02 -6.5157E-02 -5.0563E-02
  2.1233E+02 -6.4286E-02 -5.0811E-02
  2.1270E+02 -6.3411E-02 -5.1052E-02
  2.1308E+02 -6.2533E-02 -5.1285E-02
  2.1345E+02 -6.1653E-02 -5.1510E-02
  2.1383E+02 -6.0771E-02 -5.1727E-02
  2.1421E+02 -5.9887E-02 -5.1937E-02
  2.1458E+02 -5.9002E-02 -5.2140E-02
  2.1496E+02 -5.8114E-02 -5.2334E-02
  2.1533E+02 -5.7226E-02 -5.2521E-02
  2.1571E+02 -5.6337E-02 -5.2701E-02
  2.1609E+02 -5.5448E-02 -5.2873E-02
  2.1646E+02 -5.4558E-02 -5.3037E-02
  2.1684E+02 -5.3668E-02 -5.3194E-02
  2.1721E+02 -5.2778E-02 -5.3344E-02
  2.1759E+02 -5.1889E-02 -5.3486E-02
  2.1796E+02 -5.1001E-02 -5.3621E-02
  2.1834E+02 -5.0112E-02 -5.3749E-02
  2.1872E+02 -4.9225E-02 -5.3869E-02
  2.1909E+02 -4.8338E-02 -5.3982E-02
  2.1947E+02 -4.7451E-02 -5.4087E-02
  2.1984E+02 -4.6566E-02 -5.4185E-02
  2.2022E+02 -4.5681E-02 -5.4275E-02
  2.2059E+02 -4.4797E-02 -5.4358E-02
  2.2097E+02 -4.3913E-02 -5.4434E-02
  2.2135E+02 -4.3030E-02 -5.4503E-02
  2.2172E+02 -4.2148E-02 -5.4564E-02
  2.2210E+02 -4.1266E-02 -5.4618E-02
  2.2247E+02 -4.0386E-02 -5.4664E-02
  2.2285E+02 -3.9505E-02 -5.4703E-02
  2.2323E+02 -3.8626E-02 -5.4735E-02
  2.2360E+02 -3.7746E-02 -5.4759E-02
  2.2398E+02 -3.6867E-02 -5.4776E-02
  2.2435E+02 -3.5989E-02 -5.4786E-02
  2.2473E+02 -3.5110E-02 -5.4788E-02
  2.2510E+02 -3.4232E-02 -5.4783E-02
  2.2548E+02 -3.3354E-02 -5.4771E-02
  2.2586E+02 -3.2476E-02 -5.4752E-02
  2.2623E+02 -3.1598E-02 -5.4725E-02
  2.2661E+02 -3.0719E-02 -5.4691E-02
  2.2698E+02 -2.9841E-02 -5.4650E-02
  2.2736E+02 -2.8962E-02 -5.4602E-02
  2.2773E+02 -2.8083E-02 -5.4547E-02
  2.2811E+02 -2.7204E-02 -5.4484E-02
  2.2849E+02 -2.6325E-02 -5.4414E-02
  2.2886E+02 -2.5445E-02 -5.4337E-02
  2.2924E+02 -2.4566E-02 -5.4254E-02
  2.2961E+02 -2.3686E-02 -5.4163E-02
  2.2999E+02 -2.2806E-02 -5.4065E-02
  2.3037E+02 -2.1927E-02 -5.3960E-02
  2.3074E+02 -2.1047E-02 -5.3849E-02
  2.3112E+02 -2.0168E-02 -5.3731E-02
  2.3149E+02 -1.9288E-02 -5.3605E-02
  2.3187E+02 -1.8409E-02 -5.3474E-02
  2.3224E+02 -1.7530E-02 -5.3335E-02
  2.3262E+02 -1.6651E-02 -5.3190E-02
  2.3300E+02 -1.5772E-02 -5.3038E-02
  2.3337E+02 -1.4893E-02 -5.2879E-02
  2.3375E+02 -1.4015E-02 -5.2714E-02
  2.3412E+02 -1.3136E-02 -5.2542E-02
  2.3450E+02 -1.2258E-02 -5.2364E-02
  2.3488E+02 -1.1380E-02 -5.2180E-02
  2.3525E+02 -1.0502E-02 -5.1989E-02
  2.3563E+02 -9.6257E-03 -5.1791E-02
  2.3600E+02 -8.7499E-03 -5.1588E-02
  2.3638E+02 -7.8752E-03 -5.1378E-02
  2.3675E+02 -7.0018E-03 -5.1162E-02
  2.3713E+02 -6.1296E-03 -5.0940E-02
  2.3751E+02 -5.2589E-03 -5.0712E-02
  2.3788E+02 -4.3897E-03 -5.0478E-02
  2.3826E+02 -3.5220E-03 -5.0237E-02
  2.3863E+02 -2.6558E-03 -4.9991E-02
  2.3901E+02 -1.7910E-03 -4.9740E-02
  2.3938E+02 -9.2779E-04 -4.9482E-02
  2.3976E+02 -6.6085E-05 -4.9218E-02
  2.4014E+02  7.9401E-04 -4.8949E-02
  2.4051E+02  1.6524E-03 -4.8674E-02
  2.4089E+02  2.5089E-03 -4.8393E-02
  2.4126E+02  3.3633E-03 -4.8107E-02
  2.4164E+02  4.2155E-03 -4.7815E-02
  2.4202E+02  5.0652E-03 -4.7517E-02
  2.4239E+02  5.9122E-03 -4.7214E-02
  2.4277E+02  6.7564E-03 -4.6906E-02
  2.4314E+02  7.5975E-03 -4.6592E-02
  2.4352E+02  8.4355E-03 -4.6273E-02
  2.4389E+02  9.2703E-03 -4.5948E-02
  2.4427E+02  1.0102E-02 -4.5618E-02
  2.4465E+02  1.0930E-02 -4.5283E-02
  2.4502E+02  1.1754E-02 -4.4942E-02
  2.4540E+02  1.2575E-02 -4.4596E-02
  2.4577E+02  1.3393E-02 -4.4245E-02
  2.4615E+02  1.4208E-02 -4.3889E-02
  2.4652E+02  1.5019E-02 -4.3527E-02
  2.4690E+02  1.5826E-02 -4.3160E-02
  2.4728E+02  1.6630E-02 -4.2788E-02
  2.4765E+02  1.7431E-02 -4.2411E-02
  2.4803E+02  1.8228E-02 -4.2029E-02
  2.4840E+02  1.9022E-02 -4.1641E-02
  2.4878E+02  1.9812E-02 -4.1248E-02
  2.4916E+02  2.0599E-02 -4.0850E-02
  2.4953E+02  2.1381E-02 -4.0447E-02
  2.4991E+02  2.2160E-02 -4.0039E-02
  2.5028E+02  2.2936E-02 -3.9626E-02
  2.5066E+02  2.3707E-02 -3.9208E-02
  2.5103E+02  2.4474E-02 -3.8784E-02
  2.5141E+02  2.5238E-02 -3.8356E-02
  2.5179E+02  2.5997E-02 -3.7922E-02
  2.5216E+02  2.6753E-02 -3.7484E-02
  2.5254E+02  2.7505E-02 -3.7041E-02
  2.5291E+02  2.8252E-02 -3.6593E-02
  2.5329E+02  2.8996E-02 -3.6140E-02
  2.5367E+02  2.9736E-02 -3.5682E-02
  2.5404E+02  3.0471E-02 -3.5219E-02
  2.5442E+02  3.1202E-02 -3.4752E-02
  2.5479E+02  3.1930E-02 -3.4280E-02
  2.5517E+02  3.2653E-02 -3.3803E-02
  2.5554E+02  3.3372E-02 -3.3322E-02
  2.5592E+02  3.4086E-02 -3.2836E-02
  2.5630E+02  3.4796E-02 -3.2346E-02
  2.5667E+02  3.5502E-02 -3.1851E-02
  2.5705E+02  3.6204E-02 -3.1352E-02
  2.5742E+02  3.6901E-02 -3.0849E-02
  2.5780E+02  3.7594E-02 -3.0341E-02
  2.5817E+02  3.8282E-02 -2.9829E-02
  2.5855E+02  3.8965E-02 -2.9313E-02
  2.5893E+02  3.9644E-02 -2.8793E-02
  2.5930E+02  4.0318E-02 -2.8269E-02
  2.5968E+02  4.0988E-02 -2.7741E-02
  2.6005E+02  4.1653E-02 -2.7209E-02
  2.6043E+02  4.2313E-02 -2.6673E-02
  2.6081E+02  4.2968E-02 -2.6134E-02
  2.6118E+02  4.3618E-02 -2.5591E-02
  2.6156E+02  4.4264E-02 -2.5044E-02
  2.6193E+02  4.4905E-02 -2.4494E-02
  2.6231E+02  4.5540E-02 -2.3941E-02
  2.6268E+02  4.6171E-02 -2.3384E-02
  2.6306E+02  4.6797E-02 -2.2824E-02
  2.6344E+02  4.7418E-02 -2.2261E-02
  2.6381E+02  4.8034E-02 -2.1695E-02
  2.6419E+02  4.8645E-02 -2.1125E-02
  2.6456E+02  4.9250E-02 -2.0553E-02
  2.6494E+02  4.9851E-02 -1.9978E-02
  2.6531E+02  5.0447E-02 -1.9400E-02
  2.6569E+02  5.1039E-02 -1.8820E-02
  2.6607E+02  5.1625E-02 -1.8236E-02
  2.6644E+02  5.2206E-02 -1.7651E-02
  2.6682E+02  5.2782E-02 -1.7062E-02
  2.6719E+02  5.3353E-02 -1.6472E-02
  2.6757E+02  5.3920E-02 -1.5879E-02
  2.6795E+02  5.4481E-02 -1.5283E-02
  2.6832E+02  5.5037E-02 -1.4686E-02
  2.6870E+02  5.5588E-02 -1.4086E-02
  2.6907E+02  5.6134E-02 -1.3485E-02
  2.6945E+02  5.6675E-02 -1.2881E-02
  2.6982E+02  5.7210E-02 -1.2275E-02
  2.7020E+02  5.7741E-02 -1.1668E-02
  2.7058E+02  5.8265E-02 -1.1058E-02
  2.7095E+02  5.8785E-02 -1.0447E-02
  2.7133E+02  5.9299E-02 -9.8341E-03
  2.7170E+02  5.9808E-02 -9.2193E-03
  2.7208E+02  6.0311E-02 -8.6029E-03
  2.7246E+02  6.0809E-02 -7.9847E-03
  2.7283E+02  6.1302E-02 -7.3649E-03
  2.7321E+02  6.1789E-02 -6.7435E-03
  2.7358E+02  6.2270E-02 -6.1204E-03
  2.7396E+02  6.2746E-02 -5.4958E-03
  2.7433E+02  6.3217E-02 -4.8695E-03
  2.7471E+02  6.3682E-02 -4.2417E-03
  2.7509E+02  6.4141E-02 -3.6122E-03
  2.7546E+02  6.4595E-02 -2.9812E-03
  2.7584E+02  6.5044E-02 -2.3486E-03
  2.7621E+02  6.5488E-02 -1.7144E-03
  2.7659E+02  6.5926E-02 -1.0786E-03
  2.7696E+02  6.6358E-02 -4.4125E-04
  2.7734E+02  6.6786E-02  1.9768E-04
  2.7772E+02  6.7208E-02  8.3818E-04
  2.7809E+02  6.7625E-02  1.4803E-03
  2.7847E+02  6.8037E-02  2.1239E-03
  2.7884E+02  6.8443E-02  2.7691E-03
  2.7922E+02  6.8845E-02  3.4159E-03
  2.7960E+02  6.9241E-02  4.0642E-03
  2.7997E+02  6.9633E-02  4.7140E-03
  2.8035E+02  7.0019E-02  5.3654E-03
  2.8072E+02  7.0400E-02  6.0182E-03
  2.8110E+02  7.0776E-02  6.6726E-03
  2.8147E+02  7.1147E-02  7.3283E-03
  2.8185E+02  7.1513E-02  7.9855E-03
  2.8223E+02  7.1874E-02  8.6441E-03
  2.8260E+02  7.2230E-02  9.3041E-03
  2.8298E+02  7.2580E-02  9.9654E-03
  2.8335E+02  7.2926E-02  1.0628E-02
  2.8373E+02  7.3266E-02  1.1292E-02
  2.8410E+02  7.3601E-02  1.1957E-02
  2.8448E+02  7.3930E-02  1.2623E-02
  2.8486E+02  7.4254E-02  1.3290E-02
  2.8523E+02  7.4573E-02  1.3958E-02
  2.8561E+02  7.4887E-02  1.4627E-02
  2.8598E+02  7.5194E-02  1.5298E-02
  2.8636E+02  7.5497E-02  1.5969E-02
  2.8674E+02  7.5793E-02  1.6640E-02
  2.8711E+02  7.6084E-02  1.7313E-02
  2.8749E+02  7.6369E-02  1.7986E-02
  2.8786E+02  7.6649E-02  1.8660E-02
  2.8824E+02  7.6923E-02  1.9334E-02
  2.8861E+02  7.7190E-02  2.0009E-02
  2.8899E+02  7.7452E-02  2.0684E-02
  2.8937E+02  7.7708E-02  2.1360E-02
  2.8974E+02  7.7958E-02  2.2035E-02
  2.9012E+02  7.8201E-02  2.2711E-02
  2.9049E+02  7.8439E-02  2.3387E-02
  2.9087E+02  7.8670E-02  2.4063E-02
  2.9125E+02  7.8896E-02  2.4739E-02
  2.9162E+02  7.9115E-02  2.5415E-02
  2.9200E+02  7.9328E-02  2.6090E-02
  2.9237E+02  7.9535E-02  2.6765E-02
  2.9275E+02  7.9736E-02  2.7439E-02
  2.9312E+02  7.9931E-02  2.8114E-02
  2.9350E+02  8.0119E-02  2.8787E-02
  2.9388E+02  8.0302E-02  2.9460E-02
  2.9425E+02  8.0478E-02  3.0132E-02
  2.9463E+02  8.0649E-02  3.0803E-02
  2.9500E+02  8.0813E-02  3.1473E-02
  2.9538E+02  8.0971E-02  3.2142E-02
  2.9575E+02  8.1123E-02  3.2810E-02
  2.9613E+02  8.1268E-02  3.3476E-02
  2.9651E+02  8.1408E-02  3.4142E-02
  2.9688E+02  8.1541E-02  3.4806E-02
  2.9726E+02  8.1669E-02  3.5468E-02
  2.9763E+02  8.1790E-02  3.6129E-02
  2.9801E+02  8.1906E-02  3.6789E-02
  2.9839E+02  8.2015E-02  3.7446E-02
  2.9876E+02  8.2118E-02  3.8102E-02
  2.9914E+02  8.2216E-02  3.8756E-02
  2.9951E+02  8.2308E-02  3.9409E-02
  2.9989E+02  8.2394E-02  4.0059E-02
  3.0026E+02  8.2474E-02  4.0708E-02
  3.0064E+02  8.2548E-02  4.1354E-02
  3.0102E+02  8.2617E-02  4.1999E-02
  3.0139E+02  8.2680E-02  4.2641E-02
  3.0177E+02  8.2738E-02  4.3282E-02
  3.0214E+02  8.2790E-02  4.3921E-02
  3.0252E+02  8.2837E-02  4.4557E-02
  3.0289E+02  8.2878E-02  4.5191E-02
  3.0327E+02  8.2914E-02  4.5824E-02
  3.0365E+02  8.2945E-02  4.6454E-02
  3.0402E+02  8.2970E-02  4.7082E-02
  3.0440E+02  8.2991E-02  4.7709E-02
  3.0477E+02  8.3006E-02  4.8333E-02
  3.0515E+02  8.3017E-02  4.8955E-02
  3.0553E+02  8.3022E-02  4.9575E-02
  3.0590E+02  8.3023E-02  5.0194E-02
  3.0628E+02  8.3020E-02  5.0810E-02
  3.0665E+02  8.3011E-02  5.1424E-02
  3.0703E+02  8.2999E-02  5.2037E-02
  3.0740E+02  8.2981E-02  5.2648E-02
  3.0778E+02  8.2960E-02  5.3257E-02
  3.0816E+02  8.2934E-02  5.3864E-02
  3.0853E+02  8.2904E-02  5.4469E-02
  3.0891E+02  8.2870E-02  5.5073E-02
  3.0928E+02  8.2831E-02  5.5674E-02
  3.0966E+02  8.2789E-02  5.6274E-02
  3.1004E+02  8.2742E-02  5.6873E-02
  3.1041E+02  8.2691E-02  5.7469E-02
  3.1079E+02  8.2636E-02  5.8064E-02
  3.1116E+02  8.2576E-02  5.8657E-02
  3.1154E+02  8.2513E-02  5.9249E-02
  3.1191E+02  8.2445E-02  5.9838E-02
  3.1229E+02  8.2373E-02  6.0426E-02
  3.1267E+02  8.2297E-02  6.1012E-02
  3.1304E+02  8.2217E-02  6.1596E-02
  3.1342E+02  8.2132E-02  6.2179E-02
  3.1379E+02  8.2043E-02  6.2760E-02
  3.1417E+02  8.1950E-02  6.3339E-02
  3.1454E+02  8.1852E-02  6.3916E-02
  3.1492E+02  8.1750E-02  6.4491E-02
  3.1530E+02  8.1644E-02  6.5064E-02
  3.1567E+02  8.1533E-02  6.5635E-02
  3.1605E+02  8.1417E-02  6.6204E-02
  3.1642E+02  8.1297E-02  6.6771E-02
  3.1680E+02  8.1172E-02  6.7336E-02
  3.1718E+02  8.1043E-02  6.7899E-02
  3.1755E+02  8.0909E-02  6.8460E-02
  3.1793E+02  8.0771E-02  6.9018E-02
  3.1830E+02  8.0627E-02  6.9574E-02
  3.1868E+02  8.0479E-02  7.0128E-02
  3.1905E+02  8.0326E-02  7.0680E-02
  3.1943E+02  8.0169E-02  7.1228E-02
  3.1981E+02  8.0006E-02  7.1775E-02
  3.2018E+02  7.9839E-02  7.2319E-02
  3.2056E+02  7.9667E-02  7.2860E-02
  3.2093E+02  7.9489E-02  7.3398E-02
  3.2131E+02  7.9308E-02  7.3933E-02
  3.2168E+02  7.9121E-02  7.4466E-02
  3.2206E+02  7.8929E-02  7.4996E-02
  3.2244E+02  7.8733E-02  7.5522E-02
  3.2281E+02  7.8532E-02  7.6046E-02
  3.2319E+02  7.8326E-02  7.6566E-02
  3.2356E+02  7.8115E-02  7.7083E-02
  3.2394E+02  7.7900E-02  7.7597E-02
  3.2432E+02  7.7680E-02  7.8108E-02
  3.2469E+02  7.7455E-02  7.8615E-02
  3.2507E+02  7.7225E-02  7.9118E-02
  3.2544E+02  7.6991E-02  7.9618E-02
  3.2582E+02  7.6752E-02  8.0114E-02
  3.2619E+02  7.6509E-02  8.0606E-02
  3.2657E+02  7.6261E-02  8.1095E-02
  3.2695E+02  7.6008E-02  8.1580E-02
  3.2732E+02  7.5751E-02  8.2060E-02
  3.2770E+02  7.5490E-02  8.2537E-02
  3.2807E+02  7.5224E-02  8.3010E-02
  3.2845E+02  7.4954E-02  8.3479E-02
  3.2883E+02  7.4679E-02  8.3943E-02
  3.2920E+02  7.4400E-02  8.4403E-02
  3.2958E+02  7.4117E-02  8.4859E-02
  3.2995E+02  7.3830E-02  8.5311E-02
  3.3033E+02  7.3538E-02  8.5759E-02
  3.3070E+02  7.3243E-02  8.6202E-02
  3.3108E+02  7.2944E-02  8.6640E-02
  3.3146E+02  7.2640E-02  8.7075E-02
  3.3183E+02  7.2333E-02  8.7505E-02
  3.3221E+02  7.2022E-02  8.7931E-02
  3.3258E+02  7.1708E-02  8.8352E-02
  3.3296E+02  7.1390E-02  8.8769E-02
  3.3333E+02  7.1068E-02  8.9181E-02
  3.3371E+02  7.0743E-02  8.9590E-02
  3.3409E+02  7.0415E-02  8.9993E-02
  3.3446E+02  7.0083E-02  9.0393E-02
  3.3484E+02  6.9748E-02  9.0788E-02
  3.3521E+02  6.9411E-02  9.1179E-02
  3.3559E+02  6.9070E-02  9.1565E-02
  3.3597E+02  6.8726E-02  9.1948E-02
  3.3634E+02  6.8380E-02  9.2326E-02
  3.3672E+02  6.8031E-02  9.2700E-02
  3.3709E+02  6.7679E-02  9.3070E-02
  3.3747E+02  6.7325E-02  9.3436E-02
  3.3784E+02  6.6968E-02  9.3797E-02
  3.3822E+02  6.6609E-02  9.4155E-02
  3.3860E+02  6.6248E-02  9.4509E-02
  3.3897E+02  6.5884E-02  9.4858E-02
  3.3935E+02  6.5518E-02  9.5204E-02
  3.3972E+02  6.5151E-02  9.5546E-02
  3.4010E+02  6.4781E-02  9.5884E-02
  3.4047E+02  6.4409E-02  9.6219E-02
  3.4085E+02  6.4035E-02  9.6549E-02
  3.4123E+02  6.3660E-02  9.6876E-02
  3.4160E+02  6.3282E-02  9.7199E-02
  3.4198E+02  6.2903E-02  9.7519E-02
  3.4235E+02  6.2522E-02  9.7835E-02
  3.4273E+02  6.2139E-02  9.8147E-02
  3.4311E+02  6.1755E-02  9.8456E-02
  3.4348E+02  6.1369E-02  9.8761E-02
  3.4386E+02  6.0981E-02  9.9062E-02
  3.4423E+02  6.0592E-02  9.9360E-02
  3.4461E+02  6.0201E-02  9.9655E-02
  3.4498E+02  5.9808E-02  9.9946E-02
  3.4536E+02  5.9413E-02  1.0023E-01
  3.4574E+02  5.9017E-02  1.0052E-01
  3.4611E+02  5.8620E-02  1.0080E-01
  3.4649E+02  5.8220E-02  1.0108E-01
  3.4686E+02  5.7819E-02  1.0135E-01
  3.4724E+02  5.7416E-02  1.0162E-01
  3.4762E+02  5.7012E-02  1.0189E-01
  3.4799E+02  5.6606E-02  1.0215E-01
  3.4837E+02  5.6198E-02  1.0241E-01
  3.4874E+02  5.5788E-02  1.0266E-01
  3.4912E+02  5.5376E-02  1.0292E-01
  3.4949E+02  5.4962E-02  1.0316E-01
  3.4987E+02  5.4547E-02  1.0341E-01
  3.5025E+02  5.4129E-02  1.0365E-01
  3.5062E+02  5.3710E-02  1.0389E-01
  3.5100E+02  5.3289E-02  1.0412E-01
  3.5137E+02  5.2865E-02  1.0435E-01
  3.5175E+02  5.2440E-02  1.0458E-01
  3.5212E+02  5.2013E-02  1.0480E-01
  3.5250E+02  5.1583E-02  1.0502E-01
  3.5288E+02  5.1152E-02  1.0523E-01
  3.5325E+02  5.0718E-02  1.0544E-01
  3.5363E+02  5.0283E-02  1.0565E-01
  3.5400E+02  4.9845E-02  1.0585E-01
  3.5438E+02  4.9406E-02  1.0605E-01
  3.5476E+02  4.8964E-02  1.0625E-01
  3.5513E+02  4.8520E-02  1.0644E-01
  3.5551E+02  4.8075E-02  1.0662E-01
  3.5588E+02  4.7627E-02  1.0681E-01
  3.5626E+02  4.7177E-02  1.0698E-01
  3.5663E+02  4.6726E-02  1.0716E-01
  3.5701E+02  4.6272E-02  1.0733E-01
  3.5739E+02  4.5817E-02  1.0749E-01
  3.5776E+02  4.5360E-02  1.0765E-01
  3.5814E+02  4.4901E-02  1.0781E-01
  3.5851E+02  4.4440E-02  1.0796E-01
  3.5889E+02  4.3978E-02  1.0811E-01
  3.5926E+02  4.3514E-02  1.0825E-01
  3.5964E+02  4.3048E-02  1.0839E-01
  3.6002E+02  4.2581E-02  1.0853E-01
  3.6039E+02  4.2112E-02  1.0866E-01
  3.6077E+02  4.1642E-02  1.0878E-01
  3.6114E+02  4.1170E-02  1.0890E-01
  3.6152E+02  4.0697E-02  1.0902E-01
  3.6190E+02  4.0223E-02  1.0913E-01
  3.6227E+02  3.9748E-02  1.0924E-01
  3.6265E+02  3.9271E-02  1.0934E-01
  3.6302E+02  3.8793E-02  1.0944E-01
  3.6340E+02  3.8314E-02  1.0953E-01
  3.6377E+02  3.7833E-02  1.0962E-01
  3.6415E+02  3.7352E-02  1.0970E-01
  3.6453E+02  3.6870E-02  1.0978E-01
  3.6490E+02  3.6387E-02  1.0986E-01
  3.6528E+02  3.5902E-02  1.0993E-01
  3.6565E+02  3.5417E-02  1.0999E-01
  3.6603E+02  3.4932E-02  1.1005E-01
  3.6641E+02  3.4445E-02  1.1011E-01
  3.6678E+02  3.3958E-02  1.1016E-01
  3.6716E+02  3.3470E-02  1.1021E-01
  3.6753E+02  3.2981E-02  1.1025E-01
  3.6791E+02  3.2492E-02  1.1029E-01
  3.6828E+02  3.2002E-02  1.1032E-01
  3.6866E+02  3.1512E-02  1.1035E-01
  3.6904E+02  3.1021E-02  1.1038E-01
  3.6941E+02  3.0530E-02  1.1040E-01
  3.6979E+02  3.0039E-02  1.1041E-01
  3.7016E+02  2.9548E-02  1.1042E-01
  3.7054E+02  2.9056E-02  1.1043E-01
  3.7091E+02  2.8565E-02  1.1043E-01
  3.7129E+02  2.8073E-02  1.1043E-01
  3.7167E+02  2.7582E-02  1.1043E-01
  3.7204E+02  2.7091E-02  1.1042E-01
  3.7242E+02  2.6600E-02  1.1041E-01
  3.7279E+02  2.6110E-02  1.1039E-01
  3.7317E+02  2.5619E-02  1.1037E-01
  3.7355E+02  2.5130E-02  1.1034E-01
  3.7392E+02  2.4641E-02  1.1031E-01
  3.7430E+02  2.4153E-02  1.1028E-01
  3.7467E+02  2.3666E-02  1.1024E-01
  3.7505E+02  2.3179E-02  1.1020E-01
  3.7542E+02  2.2694E-02  1.1016E-01
  3.7580E+02  2.2209E-02  1.1011E-01
  3.7618E+02  2.1726E-02  1.1006E-01
  3.7655E+02  2.1244E-02  1.1001E-01
  3.7693E+02  2.0763E-02  1.0995E-01
  3.7730E+02  2.0283E-02  1.0989E-01
  3.7768E+02  1.9805E-02  1.0982E-01
  3.7805E+02  1.9328E-02  1.0975E-01
  3.7843E+02  1.8852E-02  1.0968E-01
  3.7881E+02  1.8378E-02  1.0961E-01
  3.7918E+02  1.7905E-02  1.0953E-01
  3.7956E+02  1.7434E-02  1.0945E-01
  3.7993E+02  1.6964E-02  1.0936E-01
  3.8031E+02  1.6496E-02  1.0927E-01
  3.8069E+02  1.6029E-02  1.0918E-01
  3.8106E+02  1.5563E-02  1.0909E-01
  3.8144E+02  1.5099E-02  1.0899E-01
  3.8181E+02  1.4637E-02  1.0889E-01
  3.8219E+02  1.4176E-02  1.0878E-01
  3.8256E+02  1.3716E-02  1.0868E-01
  3.8294E+02  1.3258E-02  1.0856E-01
  3.8332E+02  1.2801E-02  1.0845E-01
  3.8369E+02  1.2346E-02  1.0833E-01
  3.8407E+02  1.1891E-02  1.0821E-01
  3.8444E+02  1.1438E-02  1.0809E-01
  3.8482E+02  1.0987E-02  1.0796E-01
  3.8520E+02  1.0536E-02  1.0783E-01
  3.8557E+02  1.0087E-02  1.0770E-01
  3.8595E+02  9.6382E-03  1.0757E-01
  3.8632E+02  9.1908E-03  1.0743E-01
  3.8670E+02  8.7445E-03  1.0728E-01
  3.8707E+02  8.2992E-03  1.0714E-01
  3.8745E+02  7.8548E-03  1.0699E-01
  3.8783E+02  7.4113E-03  1.0684E-01
  3.8820E+02  6.9687E-03  1.0669E-01
  3.8858E+02  6.5269E-03  1.0653E-01
  3.8895E+02  6.0860E-03  1.0637E-01
  3.8933E+02  5.6459E-03  1.0620E-01
  3.8970E+02  5.2066E-03  1.0604E-01
  3.9008E+02  4.7680E-03  1.0587E-01
  3.9046E+02  4.3302E-03  1.0570E-01
  3.9083E+02  3.8932E-03  1.0552E-01
  3.9121E+02  3.4569E-03  1.0534E-01
  3.9158E+02  3.0213E-03  1.0516E-01
  3.9196E+02  2.5865E-03  1.0497E-01
  3.9234E+02  2.1525E-03  1.0479E-01
  3.9271E+02  1.7192E-03  1.0459E-01
  3.9309E+02  1.2867E-03  1.0440E-01
  3.9346E+02  8.5500E-04  1.0420E-01
  3.9384E+02  4.2413E-04  1.0400E-01
  3.9421E+02 -5.8738E-06  1.0380E-01
  3.9459E+02 -4.3499E-04  1.0359E-01
  3.9497E+02 -8.6318E-04  1.0338E-01
  3.9534E+02 -1.2904E-03  1.0317E-01
  3.9572E+02 -1.7166E-03  1.0295E-01
  3.9609E+02 -2.1418E-03  1.0273E-01
  3.9647E+02 -2.5658E-03  1.0251E-01
  3.9684E+02 -2.9887E-03  1.0228E-01
  3.9722E+02 -3.4104E-03  1.0205E-01
  3.9760E+02 -3.8307E-03  1.0182E-01
  3.9797E+02 -4.2497E-03  1.0159E-01
  3.9835E+02 -4.6674E-03  1.0135E-01
  3.9872E+02 -5.0835E-03  1.0111E-01
  3.9910E+02 -5.4981E-03  1.0086E-01
  3.9948E+02 -5.9110E-03  1.0061E-01
  3.9985E+02 -6.3223E-03  1.0036E-01
  4.0023E+02 -6.7319E-03  1.0011E-01
  4.0060E+02 -7.1396E-03  9.9855E-02
  4.0098E+02 -7.5454E-03  9.9597E-02
  4.0135E+02 -7.9493E-03  9.9335E-02
  4.0173E+02 -8.3512E-03  9.9070E-02
  4.0211E+02 -8.7510E-03  9.8803E-02
  4.0248E+02 -9.1486E-03  9.8533E-02
  4.0286E+02 -9.5441E-03  9.8260E-02
  4.0323E+02 -9.9374E-03  9.7984E-02
  4.0361E+02 -1.0328E-02  9.7706E-02
  4.0399E+02 -1.0717E-02  9.7425E-02
  4.0436E+02 -1.1103E-02  9.7142E-02
  4.0474E+02 -1.1487E-02  9.6856E-02
  4.0511E+02 -1.1869E-02  9.6567E-02
  4.0549E+02 -1.2248E-02  9.6276E-02
  4.0586E+02 -1.2625E-02  9.5982E-02
  4.0624E+02 -1.2999E-02  9.5687E-02
  4.0662E+02 -1.3371E-02  9.5388E-02
  4.0699E+02 -1.3740E-02  9.5088E-02
  4.0737E+02 -1.4107E-02  9.4785E-02
  4.0774E+02 -1.4472E-02  9.4480E-02
  4.0812E+02 -1.4834E-02  9.4172E-02
  4.0849E+02 -1.5193E-02  9.3863E-02
  4.0887E+02 -1.5550E-02  9.3551E-02
  4.0925E+02 -1.5905E-02  9.3237E-02
  4.0962E+02 -1.6257E-02  9.2922E-02
  4.1000E+02 -1.6607E-02  9.2604E-02
  4.1037E+02 -1.6955E-02  9.2284E-02
  4.1075E+02 -1.7300E-02  9.1962E-02
  4.1113E+02 -1.7642E-02  9.1639E-02
  4.1150E+02 -1.7982E-02  9.1313E-02
  4.1188E+02 -1.8320E-02  9.0986E-02
  4.1225E+02 -1.8656E-02  9.0657E-02
  4.1263E+02 -1.8989E-02  9.0326E-02
  4.1300E+02 -1.9320E-02  8.9994E-02
  4.1338E+02 -1.9649E-02  8.9660E-02
  4.1376E+02 -1.9975E-02  8.9324E-02
  4.1413E+02 -2.0299E-02  8.8987E-02
  4.1451E+02 -2.0620E-02  8.8648E-02
  4.1488E+02 -2.0939E-02  8.8308E-02
  4.1526E+02 -2.1256E-02  8.7966E-02
  4.1563E+02 -2.1570E-02  8.7622E-02
  4.1601E+02 -2.1882E-02  8.7278E-02
  4.1639E+02 -2.2192E-02  8.6931E-02
  4.1676E+02 -2.2499E-02  8.6584E-02
  4.1714E+02 -2.2803E-02  8.6235E-02
  4.1751E+02 -2.3105E-02  8.5885E-02
  4.1789E+02 -2.3405E-02  8.5533E-02
  4.1827E+02 -2.3702E-02  8.5180E-02
  4.1864E+02 -2.3996E-02  8.4826E-02
  4.1902E+02 -2.4288E-02  8.4471E-02
  4.1939E+02 -2.4577E-02  8.4114E-02
  4.1977E+02 -2.4864E-02  8.3757E-02
  4.2014E+02 -2.5148E-02  8.3398E-02
  4.2052E+02 -2.5429E-02  8.3037E-02
  4.2090E+02 -2.5708E-02  8.2676E-02
  4.2127E+02 -2.5984E-02  8.2313E-02
  4.2165E+02 -2.6257E-02  8.1950E-02
  4.2202E+02 -2.6527E-02  8.1585E-02
  4.2240E+02 -2.6795E-02  8.1219E-02
  4.2278E+02 -2.7060E-02  8.0852E-02
  4.2315E+02 -2.7322E-02  8.0484E-02
  4.2353E+02 -2.7581E-02  8.0114E-02
  4.2390E+02 -2.7837E-02  7.9744E-02
  4.2428E+02 -2.8091E-02  7.9373E-02
  4.2465E+02 -2.8341E-02  7.9000E-02
  4.2503E+02 -2.8589E-02  7.8627E-02
  4.2541E+02 -2.8834E-02  7.8252E-02
  4.2578E+02 -2.9076E-02  7.7877E-02
  4.2616E+02 -2.9316E-02  7.7501E-02
  4.2653E+02 -2.9552E-02  7.7123E-02
  4.2691E+02 -2.9785E-02  7.6745E-02
  4.2728E+02 -3.0016E-02  7.6365E-02
  4.2766E+02 -3.0244E-02  7.5985E-02
  4.2804E+02 -3.0468E-02  7.5604E-02
  4.2841E+02 -3.0690E-02  7.5222E-02
  4.2879E+02 -3.0909E-02  7.4840E-02
  4.2916E+02 -3.1125E-02  7.4456E-02
  4.2954E+02 -3.1339E-02  7.4072E-02
  4.2992E+02 -3.1549E-02  7.3687E-02
  4.3029E+02 -3.1756E-02  7.3301E-02
  4.3067E+02 -3.1961E-02  7.2914E-02
  4.3104E+02 -3.2163E-02  7.2527E-02
  4.3142E+02 -3.2362E-02  7.2139E-02
  4.3179E+02 -3.2558E-02  7.1750E-02
  4.3217E+02 -3.2752E-02  7.1361E-02
  4.3255E+02 -3.2942E-02  7.0971E-02
  4.3292E+02 -3.3130E-02  7.0580E-02
  4.3330E+02 -3.3315E-02  7.0189E-02
  4.3367E+02 -3.3498E-02  6.9797E-02
  4.3405E+02 -3.3678E-02  6.9405E-02
  4.3442E+02 -3.3855E-02  6.9012E-02
  4.3480E+02 -3.4029E-02  6.8619E-02
  4.3518E+02 -3.4201E-02  6.8225E-02
  4.3555E+02 -3.4370E-02  6.7831E-02
  4.3593E+02 -3.4537E-02  6.7436E-02
  4.3630E+02 -3.4701E-02  6.7041E-02
  4.3668E+02 -3.4863E-02  6.6646E-02
  4.3706E+02 -3.5022E-02  6.6250E-02
  4.3743E+02 -3.5179E-02  6.5853E-02
  4.3781E+02 -3.5333E-02  6.5457E-02
  4.3818E+02 -3.5485E-02  6.5060E-02
  4.3856E+02 -3.5635E-02  6.4663E-02
  4.3893E+02 -3.5782E-02  6.4265E-02
  4.3931E+02 -3.5927E-02  6.3868E-02
  4.3969E+02 -3.6069E-02  6.3470E-02
  4.4006E+02 -3.6209E-02  6.3072E-02
  4.4044E+02 -3.6347E-02  6.2674E-02
  4.4081E+02 -3.6482E-02  6.2275E-02
  4.4119E+02 -3.6615E-02  6.1877E-02
  4.4157E+02 -3.6745E-02  6.1478E-02
  4.4194E+02 -3.6873E-02  6.1080E-02
  4.4232E+02 -3.6999E-02  6.0681E-02
  4.4269E+02 -3.7123E-02  6.0283E-02
  4.4307E+02 -3.7244E-02  5.9885E-02
  4.4344E+02 -3.7362E-02  5.9486E-02
  4.4382E+02 -3.7478E-02  5.9088E-02
  4.4420E+02 -3.7592E-02  5.8690E-02
  4.4457E+02 -3.7703E-02  5.8292E-02
  4.4495E+02 -3.7812E-02  5.7894E-02
  4.4532E+02 -3.7918E-02  5.7497E-02
  4.4570E+02 -3.8021E-02  5.7100E-02
  4.4607E+02 -3.8122E-02  5.6703E-02
  4.4645E+02 -3.8221E-02  5.6306E-02
  4.4683E+02 -3.8317E-02  5.5910E-02
  4.4720E+02 -3.8410E-02  5.5514E-02
  4.4758E+02 -3.8500E-02  5.5119E-02
  4.4795E+02 -3.8588E-02  5.4724E-02
  4.4833E+02 -3.8673E-02  5.4330E-02
  4.4871E+02 -3.8755E-02  5.3935E-02
  4.4908E+02 -3.8835E-02  5.3542E-02
  4.4946E+02 -3.8912E-02  5.3149E-02
  4.4983E+02 -3.8986E-02  5.2756E-02
  4.5021E+02 -3.9057E-02  5.2364E-02
  4.5058E+02 -3.9126E-02  5.1973E-02
  4.5096E+02 -3.9192E-02  5.1582E-02
  4.5134E+02 -3.9254E-02  5.1192E-02
  4.5171E+02 -3.9315E-02  5.0802E-02
  4.5209E+02 -3.9372E-02  5.0413E-02
  4.5246E+02 -3.9426E-02  5.0025E-02
  4.5284E+02 -3.9478E-02  4.9638E-02
  4.5321E+02 -3.9527E-02  4.9251E-02
  4.5359E+02 -3.9573E-02  4.8864E-02
  4.5397E+02 -3.9616E-02  4.8479E-02
  4.5434E+02 -3.9657E-02  4.8094E-02
  4.5472E+02 -3.9694E-02  4.7710E-02
  4.5509E+02 -3.9729E-02  4.7327E-02
  4.5547E+02 -3.9761E-02  4.6945E-02
  4.5585E+02 -3.9791E-02  4.6564E-02
  4.5622E+02 -3.9818E-02  4.6183E-02
  4.5660E+02 -3.9842E-02  4.5803E-02
  4.5697E+02 -3.9863E-02  4.5424E-02
  4.5735E+02 -3.9882E-02  4.5046E-02
  4.5772E+02 -3.9898E-02  4.4669E-02
  4.5810E+02 -3.9911E-02  4.4293E-02
  4.5848E+02 -3.9922E-02  4.3918E-02
  4.5885E+02 -3.9930E-02  4.3543E-02
  4.5923E+02 -3.9935E-02  4.3170E-02
  4.5960E+02 -3.9939E-02  4.2798E-02
  4.5998E+02 -3.9939E-02  4.2426E-02
  4.6036E+02 -3.9937E-02  4.2056E-02
  4.6073E+02 -3.9933E-02  4.1687E-02
  4.6111E+02 -3.9926E-02  4.1318E-02
  4.6148E+02 -3.9917E-02  4.0951E-02
  4.6186E+02 -3.9905E-02  4.0585E-02
  4.6223E+02 -3.9891E-02  4.0220E-02
  4.6261E+02 -3.9875E-02  3.9856E-02
  4.6299E+02 -3.9856E-02  3.9494E-02
  4.6336E+02 -3.9835E-02  3.9132E-02
  4.6374E+02 -3.9812E-02  3.8772E-02
  4.6411E+02 -3.9787E-02  3.8412E-02
  4.6449E+02 -3.9759E-02  3.8054E-02
  4.6486E+02 -3.9729E-02  3.7697E-02
  4.6524E+02 -3.9698E-02  3.7342E-02
  4.6562E+02 -3.9664E-02  3.6987E-02
  4.6599E+02 -3.9627E-02  3.6634E-02
  4.6637E+02 -3.9589E-02  3.6282E-02
  4.6674E+02 -3.9549E-02  3.5931E-02
  4.6712E+02 -3.9506E-02  3.5582E-02
  4.6750E+02 -3.9462E-02  3.5234E-02
  4.6787E+02 -3.9415E-02  3.4887E-02
  4.6825E+02 -3.9367E-02  3.4541E-02
  4.6862E+02 -3.9316E-02  3.4197E-02
  4.6900E+02 -3.9264E-02  3.3854E-02
  4.6937E+02 -3.9209E-02  3.3513E-02
  4.6975E+02 -3.9153E-02  3.3173E-02
  4.7013E+02 -3.9094E-02  3.2834E-02
  4.7050E+02 -3.9034E-02  3.2497E-02
  4.7088E+02 -3.8971E-02  3.2161E-02
  4.7125E+02 -3.8907E-02  3.1826E-02
  4.7163E+02 -3.8841E-02  3.1494E-02
  4.7200E+02 -3.8772E-02  3.1162E-02
  4.7238E+02 -3.8702E-02  3.0832E-02
  4.7276E+02 -3.8630E-02  3.0504E-02
  4.7313E+02 -3.8556E-02  3.0177E-02
  4.7351E+02 -3.8480E-02  2.9852E-02
  4.7388E+02 -3.8402E-02  2.9528E-02
  4.7426E+02 -3.8322E-02  2.9206E-02
  4.7464E+02 -3.8240E-02  2.8885E-02
  4.7501E+02 -3.8156E-02  2.8566E-02
  4.7539E+02 -3.8070E-02  2.8249E-02
  4.7576E+02 -3.7982E-02  2.7933E-02
  4.7614E+02 -3.7892E-02  2.7619E-02
  4.7651E+02 -3.7800E-02  2.7307E-02
  4.7689E+02 -3.7707E-02  2.6996E-02
  4.7727E+02 -3.7611E-02  2.6687E-02
  4.7764E+02 -3.7513E-02  2.6380E-02
  4.7802E+02 -3.7414E-02  2.6074E-02
  4.7839E+02 -3.7312E-02  2.5770E-02
  4.7877E+02 -3.7209E-02  2.5468E-02
  4.7915E+02 -3.7104E-02  2.5168E-02
  4.7952E+02 -3.6997E-02  2.4869E-02
  4.7990E+02 -3.6888E-02  2.4572E-02
  4.8027E+02 -3.6777E-02  2.4277E-02
  4.8065E+02 -3.6664E-02  2.3984E-02
  4.8102E+02 -3.6550E-02  2.3693E-02
  4.8140E+02 -3.6433E-02  2.3403E-02
  4.8178E+02 -3.6315E-02  2.3115E-02
  4.8215E+02 -3.6195E-02  2.2829E-02
  4.8253E+02 -3.6073E-02  2.2545E-02
  4.8290E+02 -3.5950E-02  2.2263E-02
  4.8328E+02 -3.5825E-02  2.1982E-02
  4.8365E+02 -3.5698E-02  2.1703E-02
  4.8403E+02 -3.5569E-02  2.1427E-02
  4.8441E+02 -3.5439E-02  2.1152E-02
  4.8478E+02 -3.5307E-02  2.0879E-02
  4.8516E+02 -3.5174E-02  2.0607E-02
  4.8553E+02 -3.5039E-02  2.0338E-02
  4.8591E+02 -3.4902E-02  2.0071E-02
  4.8629E+02 -3.4764E-02  1.9805E-02
  4.8666E+02 -3.4625E-02  1.9541E-02
  4.8704E+02 -3.4484E-02  1.9280E-02
  4.8741E+02 -3.4341E-02  1.9020E-02
  4.8779E+02 -3.4197E-02  1.8762E-02
  4.8816E+02 -3.4052E-02  1.8506E-02
  4.8854E+02 -3.3905E-02  1.8252E-02
  4.8892E+02 -3.3758E-02  1.8000E-02
  4.8929E+02 -3.3608E-02  1.7749E-02
  4.8967E+02 -3.3458E-02  1.7501E-02
  4.9004E+02 -3.3306E-02  1.7255E-02
  4.9042E+02 -3.3153E-02  1.7010E-02
  4.9079E+02 -3.2998E-02  1.6768E-02
  4.9117E+02 -3.2843E-02  1.6527E-02
  4.9155E+02 -3.2686E-02  1.6289E-02
  4.9192E+02 -3.2529E-02  1.6052E-02
  4.9230E+02 -3.2370E-02  1.5818E-02
  4.9267E+02 -3.2209E-02  1.5585E-02
  4.9305E+02 -3.2048E-02  1.5354E-02
  4.9343E+02 -3.1886E-02  1.5126E-02
  4.9380E+02 -3.1723E-02  1.4899E-02
  4.9418E+02 -3.1558E-02  1.4675E-02
  4.9455E+02 -3.1393E-02  1.4452E-02
  4.9493E+02 -3.1226E-02  1.4232E-02
  4.9530E+02 -3.1058E-02  1.4013E-02
  4.9568E+02 -3.0890E-02  1.3797E-02
  4.9606E+02 -3.0720E-02  1.3583E-02
  4.9643E+02 -3.0549E-02  1.3371E-02
  4.9681E+02 -3.0377E-02  1.3161E-02
  4.9718E+02 -3.0204E-02  1.2953E-02
  4.9756E+02 -3.0030E-02  1.2747E-02
  4.9794E+02 -2.9855E-02  1.2543E-02
  4.9831E+02 -2.9679E-02  1.2341E-02
  4.9869E+02 -2.9502E-02  1.2142E-02
  4.9906E+02 -2.9324E-02  1.1944E-02
  4.9944E+02 -2.9145E-02  1.1749E-02
  4.9981E+02 -2.8965E-02  1.1556E-02
  5.0000E+02 -2.8876E-02  1.1461E-02
