# CREATED BY GENE DIAGNOSTICS TOOL on Fri May 25 11:20:17 2018
# diag: GAMDIAG, run(s): 0016, time window: 0-499(1349 steps), species: ions
# normalization: L_ref=5.508m
#
# xind= 0, x/a= -NaN, q= 1.0915384
# Fit:    -NaN,Infinity,Infinity
# Analytic: -NaN,Infinity,Infinity
#  t          Re[phi]     Im[phi]   
  0.0000E+00  9.9992E-01  0.0000E+00
  3.7000E-01  9.9729E-01  7.5726E-03
  7.4000E-01  9.8992E-01  1.5074E-02
  1.1100E+00  9.7858E-01  2.2435E-02
  1.4800E+00  9.6412E-01  2.9600E-02
  1.8500E+00  9.4741E-01  3.6531E-02
  2.2200E+00  9.2934E-01  4.3200E-02
  2.5900E+00  9.1067E-01  4.9597E-02
  2.9600E+00  8.9206E-01  5.5719E-02
  3.3300E+00  8.7399E-01  6.1574E-02
  3.7000E+00  8.5681E-01  6.7174E-02
  4.0700E+00  8.4066E-01  7.2536E-02
  4.4400E+00  8.2557E-01  7.7678E-02
  4.8100E+00  8.1143E-01  8.2618E-02
  5.1800E+00  7.9806E-01  8.7372E-02
  5.5500E+00  7.8525E-01  9.1953E-02
  5.9200E+00  7.7276E-01  9.6370E-02
  6.2900E+00  7.6040E-01  1.0063E-01
  6.6600E+00  7.4798E-01  1.0473E-01
  7.0300E+00  7.3538E-01  1.0868E-01
  7.4000E+00  7.2253E-01  1.1247E-01
  7.7700E+00  7.0940E-01  1.1609E-01
  8.1400E+00  6.9603E-01  1.1955E-01
  8.5100E+00  6.8245E-01  1.2285E-01
  8.8800E+00  6.6874E-01  1.2597E-01
  9.2500E+00  6.5501E-01  1.2893E-01
  9.6200E+00  6.4138E-01  1.3172E-01
  9.9900E+00  6.2795E-01  1.3434E-01
  1.0360E+01  6.1480E-01  1.3680E-01
  1.0730E+01  6.0203E-01  1.3911E-01
  1.1100E+01  5.8973E-01  1.4127E-01
  1.1470E+01  5.7794E-01  1.4330E-01
  1.1840E+01  5.6672E-01  1.4519E-01
  1.2210E+01  5.5610E-01  1.4697E-01
  1.2580E+01  5.4610E-01  1.4864E-01
  1.2950E+01  5.3674E-01  1.5022E-01
  1.3320E+01  5.2804E-01  1.5170E-01
  1.3690E+01  5.1997E-01  1.5311E-01
  1.4060E+01  5.1254E-01  1.5446E-01
  1.4430E+01  5.0573E-01  1.5575E-01
  1.4800E+01  4.9954E-01  1.5699E-01
  1.5170E+01  4.9395E-01  1.5819E-01
  1.5540E+01  4.8895E-01  1.5937E-01
  1.5910E+01  4.8451E-01  1.6052E-01
  1.6280E+01  4.8061E-01  1.6166E-01
  1.6650E+01  4.7724E-01  1.6280E-01
  1.7020E+01  4.7437E-01  1.6394E-01
  1.7390E+01  4.7200E-01  1.6508E-01
  1.7760E+01  4.7011E-01  1.6625E-01
  1.8130E+01  4.6868E-01  1.6743E-01
  1.8500E+01  4.6769E-01  1.6864E-01
  1.8870E+01  4.6709E-01  1.6988E-01
  1.9240E+01  4.6686E-01  1.7116E-01
  1.9610E+01  4.6697E-01  1.7248E-01
  1.9980E+01  4.6741E-01  1.7384E-01
  2.0350E+01  4.6814E-01  1.7525E-01
  2.0720E+01  4.6912E-01  1.7671E-01
  2.1090E+01  4.7034E-01  1.7822E-01
  2.1460E+01  4.7176E-01  1.7979E-01
  2.1830E+01  4.7336E-01  1.8141E-01
  2.2200E+01  4.7510E-01  1.8308E-01
  2.2570E+01  4.7696E-01  1.8481E-01
  2.2940E+01  4.7887E-01  1.8659E-01
  2.3310E+01  4.8082E-01  1.8843E-01
  2.3680E+01  4.8277E-01  1.9032E-01
  2.4050E+01  4.8472E-01  1.9226E-01
  2.4420E+01  4.8665E-01  1.9425E-01
  2.4790E+01  4.8855E-01  1.9629E-01
  2.5160E+01  4.9039E-01  1.9837E-01
  2.5530E+01  4.9214E-01  2.0049E-01
  2.5900E+01  4.9376E-01  2.0265E-01
  2.6270E+01  4.9523E-01  2.0484E-01
  2.6640E+01  4.9653E-01  2.0706E-01
  2.7010E+01  4.9765E-01  2.0931E-01
  2.7380E+01  4.9859E-01  2.1158E-01
  2.7750E+01  4.9933E-01  2.1387E-01
  2.8120E+01  4.9987E-01  2.1617E-01
  2.8490E+01  5.0018E-01  2.1849E-01
  2.8860E+01  5.0025E-01  2.2081E-01
  2.9230E+01  5.0007E-01  2.2313E-01
  2.9600E+01  4.9964E-01  2.2545E-01
  2.9970E+01  4.9897E-01  2.2776E-01
  3.0340E+01  4.9809E-01  2.3006E-01
  3.0710E+01  4.9701E-01  2.3235E-01
  3.1080E+01  4.9573E-01  2.3462E-01
  3.1450E+01  4.9425E-01  2.3687E-01
  3.1820E+01  4.9256E-01  2.3909E-01
  3.2190E+01  4.9065E-01  2.4129E-01
  3.2560E+01  4.8851E-01  2.4346E-01
  3.2930E+01  4.8610E-01  2.4559E-01
  3.3300E+01  4.8344E-01  2.4769E-01
  3.3670E+01  4.8055E-01  2.4975E-01
  3.4040E+01  4.7748E-01  2.5176E-01
  3.4410E+01  4.7426E-01  2.5373E-01
  3.4780E+01  4.7093E-01  2.5566E-01
  3.5150E+01  4.6752E-01  2.5754E-01
  3.5520E+01  4.6403E-01  2.5937E-01
  3.5890E+01  4.6046E-01  2.6116E-01
  3.6260E+01  4.5681E-01  2.6290E-01
  3.6630E+01  4.5310E-01  2.6459E-01
  3.7000E+01  4.4931E-01  2.6624E-01
  3.7370E+01  4.4543E-01  2.6784E-01
  3.7740E+01  4.4146E-01  2.6939E-01
  3.8110E+01  4.3740E-01  2.7089E-01
  3.8480E+01  4.3326E-01  2.7235E-01
  3.8850E+01  4.2906E-01  2.7376E-01
  3.9220E+01  4.2482E-01  2.7512E-01
  3.9590E+01  4.2057E-01  2.7643E-01
  3.9960E+01  4.1632E-01  2.7770E-01
  4.0330E+01  4.1209E-01  2.7892E-01
  4.0700E+01  4.0791E-01  2.8010E-01
  4.1070E+01  4.0379E-01  2.8124E-01
  4.1440E+01  3.9976E-01  2.8234E-01
  4.1810E+01  3.9584E-01  2.8341E-01
  4.2180E+01  3.9207E-01  2.8444E-01
  4.2550E+01  3.8846E-01  2.8545E-01
  4.2920E+01  3.8502E-01  2.8643E-01
  4.3290E+01  3.8175E-01  2.8739E-01
  4.3660E+01  3.7862E-01  2.8833E-01
  4.4030E+01  3.7559E-01  2.8925E-01
  4.4400E+01  3.7263E-01  2.9015E-01
  4.4770E+01  3.6969E-01  2.9104E-01
  4.5140E+01  3.6671E-01  2.9191E-01
  4.5510E+01  3.6366E-01  2.9276E-01
  4.5880E+01  3.6053E-01  2.9359E-01
  4.6250E+01  3.5730E-01  2.9441E-01
  4.6620E+01  3.5401E-01  2.9521E-01
  4.6990E+01  3.5071E-01  2.9599E-01
  4.7360E+01  3.4746E-01  2.9675E-01
  4.7730E+01  3.4434E-01  2.9749E-01
  4.8100E+01  3.4138E-01  2.9823E-01
  4.8470E+01  3.3866E-01  2.9896E-01
  4.8840E+01  3.3618E-01  2.9968E-01
  4.9210E+01  3.3396E-01  3.0040E-01
  4.9580E+01  3.3200E-01  3.0113E-01
  4.9950E+01  3.3026E-01  3.0185E-01
  5.0320E+01  3.2870E-01  3.0259E-01
  5.0690E+01  3.2729E-01  3.0333E-01
  5.1060E+01  3.2596E-01  3.0408E-01
  5.1430E+01  3.2467E-01  3.0484E-01
  5.1800E+01  3.2337E-01  3.0561E-01
  5.2170E+01  3.2205E-01  3.0638E-01
  5.2540E+01  3.2069E-01  3.0716E-01
  5.2910E+01  3.1930E-01  3.0794E-01
  5.3280E+01  3.1788E-01  3.0874E-01
  5.3650E+01  3.1645E-01  3.0953E-01
  5.4020E+01  3.1503E-01  3.1033E-01
  5.4390E+01  3.1362E-01  3.1114E-01
  5.4760E+01  3.1223E-01  3.1195E-01
  5.5130E+01  3.1085E-01  3.1276E-01
  5.5500E+01  3.0947E-01  3.1358E-01
  5.5870E+01  3.0807E-01  3.1440E-01
  5.6240E+01  3.0661E-01  3.1523E-01
  5.6610E+01  3.0508E-01  3.1605E-01
  5.6980E+01  3.0344E-01  3.1686E-01
  5.7350E+01  3.0167E-01  3.1768E-01
  5.7720E+01  2.9975E-01  3.1848E-01
  5.8090E+01  2.9770E-01  3.1926E-01
  5.8460E+01  2.9551E-01  3.2004E-01
  5.8830E+01  2.9321E-01  3.2079E-01
  5.9200E+01  2.9086E-01  3.2153E-01
  5.9570E+01  2.8847E-01  3.2224E-01
  5.9940E+01  2.8610E-01  3.2294E-01
  6.0310E+01  2.8379E-01  3.2362E-01
  6.0680E+01  2.8155E-01  3.2428E-01
  6.1050E+01  2.7941E-01  3.2493E-01
  6.1420E+01  2.7740E-01  3.2557E-01
  6.1790E+01  2.7549E-01  3.2619E-01
  6.2160E+01  2.7370E-01  3.2681E-01
  6.2530E+01  2.7201E-01  3.2742E-01
  6.2900E+01  2.7038E-01  3.2802E-01
  6.3270E+01  2.6880E-01  3.2861E-01
  6.3640E+01  2.6723E-01  3.2920E-01
  6.4010E+01  2.6564E-01  3.2978E-01
  6.4380E+01  2.6400E-01  3.3036E-01
  6.4750E+01  2.6228E-01  3.3092E-01
  6.5120E+01  2.6046E-01  3.3147E-01
  6.5490E+01  2.5852E-01  3.3201E-01
  6.5860E+01  2.5645E-01  3.3254E-01
  6.6230E+01  2.5425E-01  3.3304E-01
  6.6600E+01  2.5194E-01  3.3353E-01
  6.6970E+01  2.4953E-01  3.3400E-01
  6.7340E+01  2.4706E-01  3.3445E-01
  6.7710E+01  2.4455E-01  3.3488E-01
  6.8080E+01  2.4202E-01  3.3528E-01
  6.8450E+01  2.3949E-01  3.3567E-01
  6.8820E+01  2.3698E-01  3.3603E-01
  6.9190E+01  2.3450E-01  3.3638E-01
  6.9560E+01  2.3205E-01  3.3671E-01
  6.9930E+01  2.2964E-01  3.3702E-01
  7.0300E+01  2.2728E-01  3.3731E-01
  7.0670E+01  2.2496E-01  3.3759E-01
  7.1040E+01  2.2268E-01  3.3786E-01
  7.1410E+01  2.2044E-01  3.3811E-01
  7.1780E+01  2.1824E-01  3.3835E-01
  7.2150E+01  2.1606E-01  3.3858E-01
  7.2520E+01  2.1390E-01  3.3879E-01
  7.2890E+01  2.1176E-01  3.3900E-01
  7.3260E+01  2.0963E-01  3.3919E-01
  7.3630E+01  2.0750E-01  3.3938E-01
  7.4000E+01  2.0538E-01  3.3955E-01
  7.4370E+01  2.0326E-01  3.3971E-01
  7.4740E+01  2.0113E-01  3.3986E-01
  7.5110E+01  1.9899E-01  3.4001E-01
  7.5480E+01  1.9684E-01  3.4014E-01
  7.5850E+01  1.9467E-01  3.4026E-01
  7.6220E+01  1.9248E-01  3.4037E-01
  7.6590E+01  1.9028E-01  3.4047E-01
  7.6960E+01  1.8806E-01  3.4055E-01
  7.7330E+01  1.8585E-01  3.4063E-01
  7.7700E+01  1.8364E-01  3.4070E-01
  7.8070E+01  1.8144E-01  3.4075E-01
  7.8440E+01  1.7926E-01  3.4080E-01
  7.8810E+01  1.7712E-01  3.4083E-01
  7.9180E+01  1.7500E-01  3.4086E-01
  7.9550E+01  1.7291E-01  3.4087E-01
  7.9920E+01  1.7085E-01  3.4088E-01
  8.0290E+01  1.6883E-01  3.4088E-01
  8.0660E+01  1.6683E-01  3.4088E-01
  8.1030E+01  1.6486E-01  3.4086E-01
  8.1400E+01  1.6292E-01  3.4084E-01
  8.1770E+01  1.6098E-01  3.4082E-01
  8.2140E+01  1.5907E-01  3.4078E-01
  8.2510E+01  1.5716E-01  3.4074E-01
  8.2880E+01  1.5527E-01  3.4070E-01
  8.3250E+01  1.5339E-01  3.4064E-01
  8.3620E+01  1.5154E-01  3.4059E-01
  8.3990E+01  1.4970E-01  3.4052E-01
  8.4360E+01  1.4788E-01  3.4045E-01
  8.4730E+01  1.4609E-01  3.4038E-01
  8.5100E+01  1.4431E-01  3.4030E-01
  8.5470E+01  1.4253E-01  3.4021E-01
  8.5840E+01  1.4077E-01  3.4012E-01
  8.6210E+01  1.3900E-01  3.4003E-01
  8.6580E+01  1.3722E-01  3.3992E-01
  8.6950E+01  1.3543E-01  3.3981E-01
  8.7320E+01  1.3363E-01  3.3970E-01
  8.7690E+01  1.3182E-01  3.3958E-01
  8.8060E+01  1.3000E-01  3.3945E-01
  8.8430E+01  1.2818E-01  3.3931E-01
  8.8800E+01  1.2638E-01  3.3917E-01
  8.9170E+01  1.2458E-01  3.3901E-01
  8.9540E+01  1.2280E-01  3.3886E-01
  8.9910E+01  1.2101E-01  3.3869E-01
  9.0280E+01  1.1923E-01  3.3852E-01
  9.0650E+01  1.1744E-01  3.3834E-01
  9.1020E+01  1.1563E-01  3.3815E-01
  9.1390E+01  1.1381E-01  3.3795E-01
  9.1760E+01  1.1197E-01  3.3775E-01
  9.2130E+01  1.1010E-01  3.3753E-01
  9.2500E+01  1.0820E-01  3.3731E-01
  9.2870E+01  1.0629E-01  3.3707E-01
  9.3240E+01  1.0437E-01  3.3683E-01
  9.3610E+01  1.0245E-01  3.3657E-01
  9.3980E+01  1.0055E-01  3.3630E-01
  9.4350E+01  9.8659E-02  3.3603E-01
  9.4720E+01  9.6796E-02  3.3574E-01
  9.5090E+01  9.4961E-02  3.3545E-01
  9.5460E+01  9.3153E-02  3.3515E-01
  9.5830E+01  9.1369E-02  3.3484E-01
  9.6200E+01  8.9603E-02  3.3452E-01
  9.6570E+01  8.7847E-02  3.3419E-01
  9.6940E+01  8.6091E-02  3.3386E-01
  9.7310E+01  8.4323E-02  3.3352E-01
  9.7680E+01  8.2534E-02  3.3317E-01
  9.8050E+01  8.0714E-02  3.3280E-01
  9.8420E+01  7.8860E-02  3.3243E-01
  9.8790E+01  7.6970E-02  3.3205E-01
  9.9160E+01  7.5048E-02  3.3166E-01
  9.9530E+01  7.3100E-02  3.3126E-01
  9.9900E+01  7.1137E-02  3.3084E-01
  1.0027E+02  6.9170E-02  3.3042E-01
  1.0064E+02  6.7211E-02  3.2998E-01
  1.0101E+02  6.5267E-02  3.2954E-01
  1.0138E+02  6.3344E-02  3.2908E-01
  1.0175E+02  6.1444E-02  3.2861E-01
  1.0212E+02  5.9567E-02  3.2814E-01
  1.0249E+02  5.7712E-02  3.2765E-01
  1.0286E+02  5.5877E-02  3.2716E-01
  1.0323E+02  5.4060E-02  3.2665E-01
  1.0360E+02  5.2258E-02  3.2614E-01
  1.0397E+02  5.0469E-02  3.2562E-01
  1.0434E+02  4.8692E-02  3.2510E-01
  1.0471E+02  4.6926E-02  3.2456E-01
  1.0508E+02  4.5170E-02  3.2402E-01
  1.0545E+02  4.3422E-02  3.2347E-01
  1.0582E+02  4.1681E-02  3.2291E-01
  1.0619E+02  3.9946E-02  3.2234E-01
  1.0656E+02  3.8215E-02  3.2177E-01
  1.0693E+02  3.6487E-02  3.2119E-01
  1.0730E+02  3.4761E-02  3.2061E-01
  1.0767E+02  3.3036E-02  3.2001E-01
  1.0804E+02  3.1312E-02  3.1941E-01
  1.0841E+02  2.9590E-02  3.1880E-01
  1.0878E+02  2.7870E-02  3.1819E-01
  1.0915E+02  2.6155E-02  3.1757E-01
  1.0952E+02  2.4447E-02  3.1694E-01
  1.0989E+02  2.2750E-02  3.1630E-01
  1.1026E+02  2.1064E-02  3.1566E-01
  1.1063E+02  1.9395E-02  3.1500E-01
  1.1100E+02  1.7742E-02  3.1435E-01
  1.1137E+02  1.6106E-02  3.1369E-01
  1.1174E+02  1.4489E-02  3.1302E-01
  1.1211E+02  1.2888E-02  3.1234E-01
  1.1248E+02  1.1300E-02  3.1166E-01
  1.1285E+02  9.7240E-03  3.1098E-01
  1.1322E+02  8.1551E-03  3.1029E-01
  1.1359E+02  6.5898E-03  3.0959E-01
  1.1396E+02  5.0242E-03  3.0889E-01
  1.1433E+02  3.4548E-03  3.0818E-01
  1.1470E+02  1.8790E-03  3.0747E-01
  1.1507E+02  2.9594E-04  3.0675E-01
  1.1544E+02 -1.2935E-03  3.0602E-01
  1.1581E+02 -2.8864E-03  3.0529E-01
  1.1618E+02 -4.4781E-03  3.0455E-01
  1.1655E+02 -6.0632E-03  3.0380E-01
  1.1692E+02 -7.6361E-03  3.0305E-01
  1.1729E+02 -9.1918E-03  3.0229E-01
  1.1766E+02 -1.0727E-02  3.0153E-01
  1.1803E+02 -1.2238E-02  3.0076E-01
  1.1840E+02 -1.3726E-02  2.9998E-01
  1.1877E+02 -1.5189E-02  2.9920E-01
  1.1914E+02 -1.6630E-02  2.9842E-01
  1.1951E+02 -1.8050E-02  2.9763E-01
  1.1988E+02 -1.9452E-02  2.9684E-01
  1.2025E+02 -2.0841E-02  2.9604E-01
  1.2062E+02 -2.2221E-02  2.9524E-01
  1.2099E+02 -2.3598E-02  2.9443E-01
  1.2136E+02 -2.4976E-02  2.9362E-01
  1.2173E+02 -2.6358E-02  2.9281E-01
  1.2210E+02 -2.7748E-02  2.9199E-01
  1.2247E+02 -2.9148E-02  2.9117E-01
  1.2284E+02 -3.0559E-02  2.9034E-01
  1.2321E+02 -3.1981E-02  2.8950E-01
  1.2358E+02 -3.3413E-02  2.8866E-01
  1.2395E+02 -3.4851E-02  2.8781E-01
  1.2432E+02 -3.6293E-02  2.8696E-01
  1.2469E+02 -3.7736E-02  2.8610E-01
  1.2506E+02 -3.9174E-02  2.8523E-01
  1.2543E+02 -4.0604E-02  2.8436E-01
  1.2580E+02 -4.2023E-02  2.8348E-01
  1.2617E+02 -4.3427E-02  2.8259E-01
  1.2654E+02 -4.4815E-02  2.8170E-01
  1.2691E+02 -4.6186E-02  2.8081E-01
  1.2728E+02 -4.7539E-02  2.7991E-01
  1.2765E+02 -4.8875E-02  2.7900E-01
  1.2802E+02 -5.0195E-02  2.7809E-01
  1.2839E+02 -5.1500E-02  2.7718E-01
  1.2876E+02 -5.2792E-02  2.7626E-01
  1.2913E+02 -5.4071E-02  2.7533E-01
  1.2950E+02 -5.5338E-02  2.7440E-01
  1.2987E+02 -5.6594E-02  2.7347E-01
  1.3024E+02 -5.7842E-02  2.7254E-01
  1.3061E+02 -5.9084E-02  2.7160E-01
  1.3098E+02 -6.0321E-02  2.7065E-01
  1.3135E+02 -6.1557E-02  2.6970E-01
  1.3172E+02 -6.2793E-02  2.6875E-01
  1.3209E+02 -6.4030E-02  2.6779E-01
  1.3246E+02 -6.5268E-02  2.6683E-01
  1.3283E+02 -6.6507E-02  2.6586E-01
  1.3320E+02 -6.7745E-02  2.6489E-01
  1.3357E+02 -6.8981E-02  2.6392E-01
  1.3394E+02 -7.0212E-02  2.6294E-01
  1.3431E+02 -7.1435E-02  2.6195E-01
  1.3468E+02 -7.2649E-02  2.6097E-01
  1.3505E+02 -7.3852E-02  2.5997E-01
  1.3542E+02 -7.5043E-02  2.5898E-01
  1.3579E+02 -7.6221E-02  2.5798E-01
  1.3616E+02 -7.7387E-02  2.5697E-01
  1.3653E+02 -7.8541E-02  2.5597E-01
  1.3690E+02 -7.9684E-02  2.5496E-01
  1.3727E+02 -8.0817E-02  2.5394E-01
  1.3764E+02 -8.1941E-02  2.5292E-01
  1.3801E+02 -8.3058E-02  2.5190E-01
  1.3838E+02 -8.4167E-02  2.5088E-01
  1.3875E+02 -8.5269E-02  2.4985E-01
  1.3912E+02 -8.6364E-02  2.4882E-01
  1.3949E+02 -8.7451E-02  2.4779E-01
  1.3986E+02 -8.8528E-02  2.4675E-01
  1.4023E+02 -8.9594E-02  2.4571E-01
  1.4060E+02 -9.0650E-02  2.4467E-01
  1.4097E+02 -9.1693E-02  2.4363E-01
  1.4134E+02 -9.2725E-02  2.4258E-01
  1.4171E+02 -9.3746E-02  2.4153E-01
  1.4208E+02 -9.4757E-02  2.4048E-01
  1.4245E+02 -9.5758E-02  2.3942E-01
  1.4282E+02 -9.6752E-02  2.3837E-01
  1.4319E+02 -9.7739E-02  2.3731E-01
  1.4356E+02 -9.8721E-02  2.3625E-01
  1.4393E+02 -9.9700E-02  2.3518E-01
  1.4430E+02 -1.0068E-01  2.3412E-01
  1.4467E+02 -1.0165E-01  2.3305E-01
  1.4504E+02 -1.0262E-01  2.3198E-01
  1.4541E+02 -1.0358E-01  2.3090E-01
  1.4578E+02 -1.0454E-01  2.2983E-01
  1.4615E+02 -1.0549E-01  2.2875E-01
  1.4652E+02 -1.0642E-01  2.2767E-01
  1.4689E+02 -1.0735E-01  2.2659E-01
  1.4726E+02 -1.0826E-01  2.2550E-01
  1.4763E+02 -1.0915E-01  2.2442E-01
  1.4800E+02 -1.1003E-01  2.2333E-01
  1.4837E+02 -1.1090E-01  2.2224E-01
  1.4874E+02 -1.1175E-01  2.2115E-01
  1.4911E+02 -1.1260E-01  2.2006E-01
  1.4948E+02 -1.1343E-01  2.1897E-01
  1.4985E+02 -1.1426E-01  2.1788E-01
  1.5022E+02 -1.1507E-01  2.1678E-01
  1.5059E+02 -1.1589E-01  2.1568E-01
  1.5096E+02 -1.1670E-01  2.1459E-01
  1.5133E+02 -1.1750E-01  2.1349E-01
  1.5170E+02 -1.1831E-01  2.1239E-01
  1.5207E+02 -1.1911E-01  2.1129E-01
  1.5244E+02 -1.1990E-01  2.1018E-01
  1.5281E+02 -1.2069E-01  2.0908E-01
  1.5318E+02 -1.2147E-01  2.0797E-01
  1.5355E+02 -1.2225E-01  2.0686E-01
  1.5392E+02 -1.2302E-01  2.0576E-01
  1.5429E+02 -1.2378E-01  2.0465E-01
  1.5466E+02 -1.2453E-01  2.0354E-01
  1.5503E+02 -1.2528E-01  2.0242E-01
  1.5540E+02 -1.2601E-01  2.0131E-01
  1.5577E+02 -1.2673E-01  2.0020E-01
  1.5614E+02 -1.2744E-01  1.9908E-01
  1.5651E+02 -1.2814E-01  1.9797E-01
  1.5688E+02 -1.2883E-01  1.9685E-01
  1.5725E+02 -1.2951E-01  1.9573E-01
  1.5762E+02 -1.3018E-01  1.9462E-01
  1.5799E+02 -1.3085E-01  1.9350E-01
  1.5836E+02 -1.3150E-01  1.9238E-01
  1.5873E+02 -1.3215E-01  1.9126E-01
  1.5910E+02 -1.3280E-01  1.9014E-01
  1.5947E+02 -1.3343E-01  1.8902E-01
  1.5984E+02 -1.3406E-01  1.8790E-01
  1.6021E+02 -1.3468E-01  1.8678E-01
  1.6058E+02 -1.3530E-01  1.8566E-01
  1.6095E+02 -1.3591E-01  1.8454E-01
  1.6132E+02 -1.3651E-01  1.8341E-01
  1.6169E+02 -1.3710E-01  1.8229E-01
  1.6206E+02 -1.3768E-01  1.8117E-01
  1.6243E+02 -1.3826E-01  1.8005E-01
  1.6280E+02 -1.3883E-01  1.7892E-01
  1.6317E+02 -1.3939E-01  1.7780E-01
  1.6354E+02 -1.3994E-01  1.7668E-01
  1.6391E+02 -1.4048E-01  1.7556E-01
  1.6428E+02 -1.4102E-01  1.7443E-01
  1.6465E+02 -1.4155E-01  1.7331E-01
  1.6502E+02 -1.4208E-01  1.7219E-01
  1.6539E+02 -1.4261E-01  1.7106E-01
  1.6576E+02 -1.4313E-01  1.6994E-01
  1.6613E+02 -1.4364E-01  1.6882E-01
  1.6650E+02 -1.4415E-01  1.6769E-01
  1.6687E+02 -1.4465E-01  1.6657E-01
  1.6724E+02 -1.4515E-01  1.6545E-01
  1.6761E+02 -1.4564E-01  1.6433E-01
  1.6798E+02 -1.4612E-01  1.6320E-01
  1.6835E+02 -1.4660E-01  1.6208E-01
  1.6872E+02 -1.4707E-01  1.6096E-01
  1.6909E+02 -1.4753E-01  1.5984E-01
  1.6946E+02 -1.4798E-01  1.5871E-01
  1.6983E+02 -1.4843E-01  1.5759E-01
  1.7020E+02 -1.4887E-01  1.5647E-01
  1.7057E+02 -1.4930E-01  1.5535E-01
  1.7094E+02 -1.4972E-01  1.5423E-01
  1.7131E+02 -1.5014E-01  1.5311E-01
  1.7168E+02 -1.5055E-01  1.5199E-01
  1.7205E+02 -1.5096E-01  1.5088E-01
  1.7242E+02 -1.5136E-01  1.4976E-01
  1.7279E+02 -1.5176E-01  1.4864E-01
  1.7316E+02 -1.5215E-01  1.4753E-01
  1.7353E+02 -1.5254E-01  1.4641E-01
  1.7390E+02 -1.5292E-01  1.4530E-01
  1.7427E+02 -1.5330E-01  1.4418E-01
  1.7464E+02 -1.5368E-01  1.4307E-01
  1.7501E+02 -1.5404E-01  1.4195E-01
  1.7538E+02 -1.5440E-01  1.4084E-01
  1.7575E+02 -1.5475E-01  1.3973E-01
  1.7612E+02 -1.5510E-01  1.3862E-01
  1.7649E+02 -1.5543E-01  1.3751E-01
  1.7686E+02 -1.5576E-01  1.3640E-01
  1.7723E+02 -1.5608E-01  1.3529E-01
  1.7760E+02 -1.5639E-01  1.3419E-01
  1.7797E+02 -1.5670E-01  1.3308E-01
  1.7834E+02 -1.5700E-01  1.3197E-01
  1.7871E+02 -1.5730E-01  1.3087E-01
  1.7908E+02 -1.5760E-01  1.2977E-01
  1.7945E+02 -1.5789E-01  1.2867E-01
  1.7982E+02 -1.5818E-01  1.2757E-01
  1.8019E+02 -1.5846E-01  1.2647E-01
  1.8056E+02 -1.5874E-01  1.2537E-01
  1.8093E+02 -1.5902E-01  1.2427E-01
  1.8130E+02 -1.5929E-01  1.2317E-01
  1.8167E+02 -1.5955E-01  1.2208E-01
  1.8204E+02 -1.5981E-01  1.2098E-01
  1.8241E+02 -1.6007E-01  1.1989E-01
  1.8278E+02 -1.6031E-01  1.1880E-01
  1.8315E+02 -1.6055E-01  1.1771E-01
  1.8352E+02 -1.6078E-01  1.1662E-01
  1.8389E+02 -1.6100E-01  1.1553E-01
  1.8426E+02 -1.6122E-01  1.1444E-01
  1.8463E+02 -1.6143E-01  1.1336E-01
  1.8500E+02 -1.6163E-01  1.1227E-01
  1.8537E+02 -1.6182E-01  1.1119E-01
  1.8574E+02 -1.6201E-01  1.1011E-01
  1.8611E+02 -1.6219E-01  1.0903E-01
  1.8648E+02 -1.6236E-01  1.0795E-01
  1.8685E+02 -1.6253E-01  1.0688E-01
  1.8722E+02 -1.6269E-01  1.0580E-01
  1.8759E+02 -1.6285E-01  1.0473E-01
  1.8796E+02 -1.6300E-01  1.0366E-01
  1.8833E+02 -1.6314E-01  1.0259E-01
  1.8870E+02 -1.6328E-01  1.0153E-01
  1.8907E+02 -1.6342E-01  1.0046E-01
  1.8944E+02 -1.6356E-01  9.9400E-02
  1.8981E+02 -1.6369E-01  9.8339E-02
  1.9018E+02 -1.6382E-01  9.7280E-02
  1.9055E+02 -1.6394E-01  9.6222E-02
  1.9092E+02 -1.6406E-01  9.5167E-02
  1.9129E+02 -1.6418E-01  9.4113E-02
  1.9166E+02 -1.6429E-01  9.3060E-02
  1.9203E+02 -1.6439E-01  9.2010E-02
  1.9240E+02 -1.6449E-01  9.0962E-02
  1.9277E+02 -1.6458E-01  8.9916E-02
  1.9314E+02 -1.6466E-01  8.8871E-02
  1.9351E+02 -1.6474E-01  8.7829E-02
  1.9388E+02 -1.6481E-01  8.6789E-02
  1.9425E+02 -1.6487E-01  8.5751E-02
  1.9462E+02 -1.6493E-01  8.4715E-02
  1.9499E+02 -1.6498E-01  8.3682E-02
  1.9536E+02 -1.6502E-01  8.2651E-02
  1.9573E+02 -1.6506E-01  8.1622E-02
  1.9610E+02 -1.6509E-01  8.0595E-02
  1.9647E+02 -1.6512E-01  7.9570E-02
  1.9684E+02 -1.6515E-01  7.8548E-02
  1.9721E+02 -1.6517E-01  7.7528E-02
  1.9758E+02 -1.6519E-01  7.6510E-02
  1.9795E+02 -1.6520E-01  7.5494E-02
  1.9832E+02 -1.6521E-01  7.4480E-02
  1.9869E+02 -1.6522E-01  7.3469E-02
  1.9906E+02 -1.6522E-01  7.2460E-02
  1.9943E+02 -1.6521E-01  7.1453E-02
  1.9980E+02 -1.6520E-01  7.0449E-02
  2.0017E+02 -1.6518E-01  6.9447E-02
  2.0054E+02 -1.6516E-01  6.8447E-02
  2.0091E+02 -1.6513E-01  6.7450E-02
  2.0128E+02 -1.6510E-01  6.6455E-02
  2.0165E+02 -1.6505E-01  6.5463E-02
  2.0202E+02 -1.6501E-01  6.4473E-02
  2.0239E+02 -1.6496E-01  6.3486E-02
  2.0276E+02 -1.6490E-01  6.2501E-02
  2.0313E+02 -1.6484E-01  6.1519E-02
  2.0350E+02 -1.6477E-01  6.0540E-02
  2.0387E+02 -1.6469E-01  5.9563E-02
  2.0424E+02 -1.6462E-01  5.8589E-02
  2.0461E+02 -1.6454E-01  5.7618E-02
  2.0498E+02 -1.6445E-01  5.6649E-02
  2.0535E+02 -1.6436E-01  5.5683E-02
  2.0572E+02 -1.6426E-01  5.4720E-02
  2.0609E+02 -1.6416E-01  5.3759E-02
  2.0646E+02 -1.6406E-01  5.2801E-02
  2.0683E+02 -1.6395E-01  5.1846E-02
  2.0720E+02 -1.6384E-01  5.0894E-02
  2.0757E+02 -1.6372E-01  4.9945E-02
  2.0794E+02 -1.6360E-01  4.8998E-02
  2.0831E+02 -1.6348E-01  4.8054E-02
  2.0868E+02 -1.6335E-01  4.7113E-02
  2.0905E+02 -1.6321E-01  4.6175E-02
  2.0942E+02 -1.6308E-01  4.5240E-02
  2.0979E+02 -1.6293E-01  4.4308E-02
  2.1016E+02 -1.6279E-01  4.3379E-02
  2.1053E+02 -1.6264E-01  4.2452E-02
  2.1090E+02 -1.6249E-01  4.1529E-02
  2.1127E+02 -1.6233E-01  4.0608E-02
  2.1164E+02 -1.6217E-01  3.9691E-02
  2.1201E+02 -1.6200E-01  3.8776E-02
  2.1238E+02 -1.6183E-01  3.7864E-02
  2.1275E+02 -1.6166E-01  3.6956E-02
  2.1312E+02 -1.6149E-01  3.6050E-02
  2.1349E+02 -1.6131E-01  3.5147E-02
  2.1386E+02 -1.6112E-01  3.4248E-02
  2.1423E+02 -1.6094E-01  3.3351E-02
  2.1460E+02 -1.6074E-01  3.2458E-02
  2.1497E+02 -1.6055E-01  3.1567E-02
  2.1534E+02 -1.6035E-01  3.0680E-02
  2.1571E+02 -1.6015E-01  2.9795E-02
  2.1608E+02 -1.5994E-01  2.8914E-02
  2.1645E+02 -1.5973E-01  2.8036E-02
  2.1682E+02 -1.5951E-01  2.7160E-02
  2.1719E+02 -1.5930E-01  2.6288E-02
  2.1756E+02 -1.5907E-01  2.5420E-02
  2.1793E+02 -1.5885E-01  2.4554E-02
  2.1830E+02 -1.5862E-01  2.3691E-02
  2.1867E+02 -1.5838E-01  2.2832E-02
  2.1904E+02 -1.5814E-01  2.1975E-02
  2.1941E+02 -1.5790E-01  2.1122E-02
  2.1978E+02 -1.5765E-01  2.0272E-02
  2.2015E+02 -1.5740E-01  1.9426E-02
  2.2052E+02 -1.5714E-01  1.8582E-02
  2.2089E+02 -1.5688E-01  1.7742E-02
  2.2126E+02 -1.5662E-01  1.6905E-02
  2.2163E+02 -1.5635E-01  1.6072E-02
  2.2200E+02 -1.5607E-01  1.5242E-02
  2.2237E+02 -1.5579E-01  1.4415E-02
  2.2274E+02 -1.5551E-01  1.3592E-02
  2.2311E+02 -1.5522E-01  1.2772E-02
  2.2348E+02 -1.5493E-01  1.1955E-02
  2.2385E+02 -1.5463E-01  1.1142E-02
  2.2422E+02 -1.5433E-01  1.0332E-02
  2.2459E+02 -1.5402E-01  9.5258E-03
  2.2496E+02 -1.5371E-01  8.7230E-03
  2.2533E+02 -1.5340E-01  7.9238E-03
  2.2570E+02 -1.5308E-01  7.1281E-03
  2.2607E+02 -1.5276E-01  6.3359E-03
  2.2644E+02 -1.5243E-01  5.5474E-03
  2.2681E+02 -1.5210E-01  4.7624E-03
  2.2718E+02 -1.5176E-01  3.9811E-03
  2.2755E+02 -1.5142E-01  3.2034E-03
  2.2792E+02 -1.5108E-01  2.4294E-03
  2.2829E+02 -1.5073E-01  1.6590E-03
  2.2866E+02 -1.5038E-01  8.9240E-04
  2.2903E+02 -1.5002E-01  1.2945E-04
  2.2940E+02 -1.4966E-01 -6.2979E-04
  2.2977E+02 -1.4930E-01 -1.3853E-03
  2.3014E+02 -1.4894E-01 -2.1372E-03
  2.3051E+02 -1.4857E-01 -2.8853E-03
  2.3088E+02 -1.4820E-01 -3.6298E-03
  2.3125E+02 -1.4783E-01 -4.3706E-03
  2.3162E+02 -1.4745E-01 -5.1076E-03
  2.3199E+02 -1.4707E-01 -5.8410E-03
  2.3236E+02 -1.4669E-01 -6.5707E-03
  2.3273E+02 -1.4631E-01 -7.2966E-03
  2.3310E+02 -1.4592E-01 -8.0188E-03
  2.3347E+02 -1.4554E-01 -8.7373E-03
  2.3384E+02 -1.4514E-01 -9.4521E-03
  2.3421E+02 -1.4475E-01 -1.0163E-02
  2.3458E+02 -1.4436E-01 -1.0870E-02
  2.3495E+02 -1.4396E-01 -1.1574E-02
  2.3532E+02 -1.4356E-01 -1.2274E-02
  2.3569E+02 -1.4316E-01 -1.2970E-02
  2.3606E+02 -1.4276E-01 -1.3663E-02
  2.3643E+02 -1.4235E-01 -1.4352E-02
  2.3680E+02 -1.4195E-01 -1.5037E-02
  2.3717E+02 -1.4154E-01 -1.5718E-02
  2.3754E+02 -1.4113E-01 -1.6397E-02
  2.3791E+02 -1.4073E-01 -1.7071E-02
  2.3828E+02 -1.4032E-01 -1.7742E-02
  2.3865E+02 -1.3991E-01 -1.8409E-02
  2.3902E+02 -1.3950E-01 -1.9073E-02
  2.3939E+02 -1.3908E-01 -1.9733E-02
  2.3976E+02 -1.3867E-01 -2.0390E-02
  2.4013E+02 -1.3825E-01 -2.1043E-02
  2.4050E+02 -1.3784E-01 -2.1693E-02
  2.4087E+02 -1.3742E-01 -2.2339E-02
  2.4124E+02 -1.3700E-01 -2.2981E-02
  2.4161E+02 -1.3658E-01 -2.3621E-02
  2.4198E+02 -1.3616E-01 -2.4256E-02
  2.4235E+02 -1.3574E-01 -2.4888E-02
  2.4272E+02 -1.3531E-01 -2.5517E-02
  2.4309E+02 -1.3489E-01 -2.6142E-02
  2.4346E+02 -1.3446E-01 -2.6764E-02
  2.4383E+02 -1.3403E-01 -2.7382E-02
  2.4420E+02 -1.3360E-01 -2.7997E-02
  2.4457E+02 -1.3317E-01 -2.8609E-02
  2.4494E+02 -1.3274E-01 -2.9217E-02
  2.4531E+02 -1.3231E-01 -2.9821E-02
  2.4568E+02 -1.3187E-01 -3.0422E-02
  2.4605E+02 -1.3144E-01 -3.1020E-02
  2.4642E+02 -1.3100E-01 -3.1614E-02
  2.4679E+02 -1.3056E-01 -3.2205E-02
  2.4716E+02 -1.3012E-01 -3.2792E-02
  2.4753E+02 -1.2967E-01 -3.3376E-02
  2.4790E+02 -1.2923E-01 -3.3957E-02
  2.4827E+02 -1.2878E-01 -3.4534E-02
  2.4864E+02 -1.2833E-01 -3.5107E-02
  2.4901E+02 -1.2788E-01 -3.5677E-02
  2.4938E+02 -1.2742E-01 -3.6243E-02
  2.4975E+02 -1.2697E-01 -3.6806E-02
  2.5012E+02 -1.2651E-01 -3.7366E-02
  2.5049E+02 -1.2605E-01 -3.7921E-02
  2.5086E+02 -1.2558E-01 -3.8474E-02
  2.5123E+02 -1.2512E-01 -3.9022E-02
  2.5160E+02 -1.2465E-01 -3.9567E-02
  2.5197E+02 -1.2417E-01 -4.0108E-02
  2.5234E+02 -1.2370E-01 -4.0646E-02
  2.5271E+02 -1.2322E-01 -4.1180E-02
  2.5308E+02 -1.2274E-01 -4.1710E-02
  2.5345E+02 -1.2226E-01 -4.2237E-02
  2.5382E+02 -1.2178E-01 -4.2760E-02
  2.5419E+02 -1.2129E-01 -4.3279E-02
  2.5456E+02 -1.2080E-01 -4.3795E-02
  2.5493E+02 -1.2031E-01 -4.4306E-02
  2.5530E+02 -1.1981E-01 -4.4814E-02
  2.5567E+02 -1.1931E-01 -4.5319E-02
  2.5604E+02 -1.1881E-01 -4.5819E-02
  2.5641E+02 -1.1831E-01 -4.6316E-02
  2.5678E+02 -1.1781E-01 -4.6808E-02
  2.5715E+02 -1.1730E-01 -4.7297E-02
  2.5752E+02 -1.1679E-01 -4.7783E-02
  2.5789E+02 -1.1628E-01 -4.8264E-02
  2.5826E+02 -1.1577E-01 -4.8742E-02
  2.5863E+02 -1.1526E-01 -4.9215E-02
  2.5900E+02 -1.1474E-01 -4.9685E-02
  2.5937E+02 -1.1422E-01 -5.0151E-02
  2.5974E+02 -1.1370E-01 -5.0614E-02
  2.6011E+02 -1.1318E-01 -5.1072E-02
  2.6048E+02 -1.1266E-01 -5.1526E-02
  2.6085E+02 -1.1213E-01 -5.1977E-02
  2.6122E+02 -1.1160E-01 -5.2424E-02
  2.6159E+02 -1.1108E-01 -5.2867E-02
  2.6196E+02 -1.1055E-01 -5.3306E-02
  2.6233E+02 -1.1002E-01 -5.3742E-02
  2.6270E+02 -1.0949E-01 -5.4173E-02
  2.6307E+02 -1.0896E-01 -5.4601E-02
  2.6344E+02 -1.0842E-01 -5.5025E-02
  2.6381E+02 -1.0789E-01 -5.5445E-02
  2.6418E+02 -1.0735E-01 -5.5862E-02
  2.6455E+02 -1.0682E-01 -5.6275E-02
  2.6492E+02 -1.0628E-01 -5.6684E-02
  2.6529E+02 -1.0575E-01 -5.7089E-02
  2.6566E+02 -1.0521E-01 -5.7491E-02
  2.6603E+02 -1.0468E-01 -5.7889E-02
  2.6640E+02 -1.0414E-01 -5.8283E-02
  2.6677E+02 -1.0360E-01 -5.8674E-02
  2.6714E+02 -1.0307E-01 -5.9061E-02
  2.6751E+02 -1.0253E-01 -5.9445E-02
  2.6788E+02 -1.0199E-01 -5.9825E-02
  2.6825E+02 -1.0146E-01 -6.0201E-02
  2.6862E+02 -1.0092E-01 -6.0574E-02
  2.6899E+02 -1.0038E-01 -6.0943E-02
  2.6936E+02 -9.9844E-02 -6.1309E-02
  2.6973E+02 -9.9307E-02 -6.1671E-02
  2.7010E+02 -9.8770E-02 -6.2030E-02
  2.7047E+02 -9.8233E-02 -6.2385E-02
  2.7084E+02 -9.7697E-02 -6.2737E-02
  2.7121E+02 -9.7160E-02 -6.3085E-02
  2.7158E+02 -9.6624E-02 -6.3430E-02
  2.7195E+02 -9.6088E-02 -6.3772E-02
  2.7232E+02 -9.5552E-02 -6.4110E-02
  2.7269E+02 -9.5017E-02 -6.4445E-02
  2.7306E+02 -9.4481E-02 -6.4776E-02
  2.7343E+02 -9.3946E-02 -6.5105E-02
  2.7380E+02 -9.3411E-02 -6.5429E-02
  2.7417E+02 -9.2876E-02 -6.5751E-02
  2.7454E+02 -9.2341E-02 -6.6069E-02
  2.7491E+02 -9.1806E-02 -6.6384E-02
  2.7528E+02 -9.1271E-02 -6.6695E-02
  2.7565E+02 -9.0737E-02 -6.7003E-02
  2.7602E+02 -9.0202E-02 -6.7308E-02
  2.7639E+02 -8.9668E-02 -6.7610E-02
  2.7676E+02 -8.9133E-02 -6.7908E-02
  2.7713E+02 -8.8599E-02 -6.8203E-02
  2.7750E+02 -8.8064E-02 -6.8495E-02
  2.7787E+02 -8.7530E-02 -6.8783E-02
  2.7824E+02 -8.6995E-02 -6.9069E-02
  2.7861E+02 -8.6460E-02 -6.9351E-02
  2.7898E+02 -8.5925E-02 -6.9629E-02
  2.7935E+02 -8.5390E-02 -6.9905E-02
  2.7972E+02 -8.4854E-02 -7.0177E-02
  2.8009E+02 -8.4319E-02 -7.0446E-02
  2.8046E+02 -8.3783E-02 -7.0712E-02
  2.8083E+02 -8.3247E-02 -7.0974E-02
  2.8120E+02 -8.2711E-02 -7.1233E-02
  2.8157E+02 -8.2174E-02 -7.1489E-02
  2.8194E+02 -8.1638E-02 -7.1742E-02
  2.8231E+02 -8.1101E-02 -7.1991E-02
  2.8268E+02 -8.0564E-02 -7.2237E-02
  2.8305E+02 -8.0026E-02 -7.2480E-02
  2.8342E+02 -7.9489E-02 -7.2719E-02
  2.8379E+02 -7.8951E-02 -7.2956E-02
  2.8416E+02 -7.8413E-02 -7.3189E-02
  2.8453E+02 -7.7874E-02 -7.3418E-02
  2.8490E+02 -7.7335E-02 -7.3645E-02
  2.8527E+02 -7.6796E-02 -7.3868E-02
  2.8564E+02 -7.6257E-02 -7.4088E-02
  2.8601E+02 -7.5717E-02 -7.4305E-02
  2.8638E+02 -7.5178E-02 -7.4518E-02
  2.8675E+02 -7.4638E-02 -7.4728E-02
  2.8712E+02 -7.4097E-02 -7.4935E-02
  2.8749E+02 -7.3557E-02 -7.5139E-02
  2.8786E+02 -7.3017E-02 -7.5339E-02
  2.8823E+02 -7.2476E-02 -7.5536E-02
  2.8860E+02 -7.1936E-02 -7.5730E-02
  2.8897E+02 -7.1395E-02 -7.5921E-02
  2.8934E+02 -7.0855E-02 -7.6108E-02
  2.8971E+02 -7.0314E-02 -7.6292E-02
  2.9008E+02 -6.9774E-02 -7.6473E-02
  2.9045E+02 -6.9233E-02 -7.6651E-02
  2.9082E+02 -6.8693E-02 -7.6826E-02
  2.9119E+02 -6.8152E-02 -7.6997E-02
  2.9156E+02 -6.7612E-02 -7.7165E-02
  2.9193E+02 -6.7072E-02 -7.7330E-02
  2.9230E+02 -6.6531E-02 -7.7492E-02
  2.9267E+02 -6.5991E-02 -7.7650E-02
  2.9304E+02 -6.5452E-02 -7.7806E-02
  2.9341E+02 -6.4912E-02 -7.7958E-02
  2.9378E+02 -6.4373E-02 -7.8107E-02
  2.9415E+02 -6.3834E-02 -7.8253E-02
  2.9452E+02 -6.3296E-02 -7.8396E-02
  2.9489E+02 -6.2758E-02 -7.8536E-02
  2.9526E+02 -6.2220E-02 -7.8673E-02
  2.9563E+02 -6.1683E-02 -7.8807E-02
  2.9600E+02 -6.1147E-02 -7.8937E-02
  2.9637E+02 -6.0611E-02 -7.9065E-02
  2.9674E+02 -6.0076E-02 -7.9189E-02
  2.9711E+02 -5.9542E-02 -7.9311E-02
  2.9748E+02 -5.9008E-02 -7.9429E-02
  2.9785E+02 -5.8475E-02 -7.9545E-02
  2.9822E+02 -5.7942E-02 -7.9658E-02
  2.9859E+02 -5.7410E-02 -7.9767E-02
  2.9896E+02 -5.6879E-02 -7.9874E-02
  2.9933E+02 -5.6349E-02 -7.9978E-02
  2.9970E+02 -5.5819E-02 -8.0079E-02
  3.0007E+02 -5.5290E-02 -8.0177E-02
  3.0044E+02 -5.4762E-02 -8.0272E-02
  3.0081E+02 -5.4235E-02 -8.0364E-02
  3.0118E+02 -5.3709E-02 -8.0453E-02
  3.0155E+02 -5.3184E-02 -8.0540E-02
  3.0192E+02 -5.2660E-02 -8.0624E-02
  3.0229E+02 -5.2137E-02 -8.0705E-02
  3.0266E+02 -5.1614E-02 -8.0783E-02
  3.0303E+02 -5.1093E-02 -8.0858E-02
  3.0340E+02 -5.0573E-02 -8.0931E-02
  3.0377E+02 -5.0054E-02 -8.1001E-02
  3.0414E+02 -4.9537E-02 -8.1068E-02
  3.0451E+02 -4.9020E-02 -8.1132E-02
  3.0488E+02 -4.8504E-02 -8.1194E-02
  3.0525E+02 -4.7990E-02 -8.1253E-02
  3.0562E+02 -4.7476E-02 -8.1309E-02
  3.0599E+02 -4.6964E-02 -8.1363E-02
  3.0636E+02 -4.6452E-02 -8.1414E-02
  3.0673E+02 -4.5942E-02 -8.1463E-02
  3.0710E+02 -4.5433E-02 -8.1509E-02
  3.0747E+02 -4.4925E-02 -8.1552E-02
  3.0784E+02 -4.4418E-02 -8.1592E-02
  3.0821E+02 -4.3912E-02 -8.1630E-02
  3.0858E+02 -4.3407E-02 -8.1666E-02
  3.0895E+02 -4.2903E-02 -8.1699E-02
  3.0932E+02 -4.2400E-02 -8.1729E-02
  3.0969E+02 -4.1899E-02 -8.1757E-02
  3.1006E+02 -4.1398E-02 -8.1782E-02
  3.1043E+02 -4.0898E-02 -8.1805E-02
  3.1080E+02 -4.0400E-02 -8.1825E-02
  3.1117E+02 -3.9903E-02 -8.1843E-02
  3.1154E+02 -3.9407E-02 -8.1858E-02
  3.1191E+02 -3.8912E-02 -8.1870E-02
  3.1228E+02 -3.8418E-02 -8.1881E-02
  3.1265E+02 -3.7925E-02 -8.1888E-02
  3.1302E+02 -3.7433E-02 -8.1893E-02
  3.1339E+02 -3.6942E-02 -8.1896E-02
  3.1376E+02 -3.6452E-02 -8.1897E-02
  3.1413E+02 -3.5964E-02 -8.1894E-02
  3.1450E+02 -3.5476E-02 -8.1890E-02
  3.1487E+02 -3.4990E-02 -8.1883E-02
  3.1524E+02 -3.4504E-02 -8.1874E-02
  3.1561E+02 -3.4020E-02 -8.1862E-02
  3.1598E+02 -3.3536E-02 -8.1847E-02
  3.1635E+02 -3.3054E-02 -8.1831E-02
  3.1672E+02 -3.2572E-02 -8.1812E-02
  3.1709E+02 -3.2092E-02 -8.1790E-02
  3.1746E+02 -3.1613E-02 -8.1767E-02
  3.1783E+02 -3.1135E-02 -8.1740E-02
  3.1820E+02 -3.0658E-02 -8.1712E-02
  3.1857E+02 -3.0182E-02 -8.1681E-02
  3.1894E+02 -2.9707E-02 -8.1648E-02
  3.1931E+02 -2.9233E-02 -8.1612E-02
  3.1968E+02 -2.8760E-02 -8.1574E-02
  3.2005E+02 -2.8289E-02 -8.1534E-02
  3.2042E+02 -2.7818E-02 -8.1492E-02
  3.2079E+02 -2.7349E-02 -8.1447E-02
  3.2116E+02 -2.6881E-02 -8.1400E-02
  3.2153E+02 -2.6414E-02 -8.1350E-02
  3.2190E+02 -2.5948E-02 -8.1299E-02
  3.2227E+02 -2.5483E-02 -8.1245E-02
  3.2264E+02 -2.5020E-02 -8.1188E-02
  3.2301E+02 -2.4558E-02 -8.1130E-02
  3.2338E+02 -2.4097E-02 -8.1069E-02
  3.2375E+02 -2.3637E-02 -8.1006E-02
  3.2412E+02 -2.3179E-02 -8.0941E-02
  3.2449E+02 -2.2721E-02 -8.0874E-02
  3.2486E+02 -2.2265E-02 -8.0804E-02
  3.2523E+02 -2.1811E-02 -8.0732E-02
  3.2560E+02 -2.1358E-02 -8.0658E-02
  3.2597E+02 -2.0906E-02 -8.0582E-02
  3.2634E+02 -2.0455E-02 -8.0504E-02
  3.2671E+02 -2.0006E-02 -8.0424E-02
  3.2708E+02 -1.9558E-02 -8.0341E-02
  3.2745E+02 -1.9112E-02 -8.0257E-02
  3.2782E+02 -1.8667E-02 -8.0170E-02
  3.2819E+02 -1.8224E-02 -8.0081E-02
  3.2856E+02 -1.7782E-02 -7.9990E-02
  3.2893E+02 -1.7341E-02 -7.9897E-02
  3.2930E+02 -1.6902E-02 -7.9803E-02
  3.2967E+02 -1.6464E-02 -7.9706E-02
  3.3004E+02 -1.6028E-02 -7.9607E-02
  3.3041E+02 -1.5594E-02 -7.9506E-02
  3.3078E+02 -1.5161E-02 -7.9403E-02
  3.3115E+02 -1.4730E-02 -7.9298E-02
  3.3152E+02 -1.4300E-02 -7.9191E-02
  3.3189E+02 -1.3871E-02 -7.9082E-02
  3.3226E+02 -1.3445E-02 -7.8972E-02
  3.3263E+02 -1.3020E-02 -7.8859E-02
  3.3300E+02 -1.2596E-02 -7.8745E-02
  3.3337E+02 -1.2174E-02 -7.8628E-02
  3.3374E+02 -1.1754E-02 -7.8510E-02
  3.3411E+02 -1.1335E-02 -7.8390E-02
  3.3448E+02 -1.0919E-02 -7.8268E-02
  3.3485E+02 -1.0503E-02 -7.8144E-02
  3.3522E+02 -1.0090E-02 -7.8019E-02
  3.3559E+02 -9.6778E-03 -7.7892E-02
  3.3596E+02 -9.2676E-03 -7.7763E-02
  3.3633E+02 -8.8591E-03 -7.7632E-02
  3.3670E+02 -8.4523E-03 -7.7499E-02
  3.3707E+02 -8.0472E-03 -7.7365E-02
  3.3744E+02 -7.6438E-03 -7.7229E-02
  3.3781E+02 -7.2421E-03 -7.7091E-02
  3.3818E+02 -6.8422E-03 -7.6952E-02
  3.3855E+02 -6.4440E-03 -7.6811E-02
  3.3892E+02 -6.0475E-03 -7.6668E-02
  3.3929E+02 -5.6528E-03 -7.6524E-02
  3.3966E+02 -5.2599E-03 -7.6378E-02
  3.4003E+02 -4.8687E-03 -7.6231E-02
  3.4040E+02 -4.4793E-03 -7.6082E-02
  3.4077E+02 -4.0916E-03 -7.5931E-02
  3.4114E+02 -3.7058E-03 -7.5779E-02
  3.4151E+02 -3.3216E-03 -7.5625E-02
  3.4188E+02 -2.9393E-03 -7.5470E-02
  3.4225E+02 -2.5587E-03 -7.5313E-02
  3.4262E+02 -2.1799E-03 -7.5155E-02
  3.4299E+02 -1.8029E-03 -7.4995E-02
  3.4336E+02 -1.4276E-03 -7.4833E-02
  3.4373E+02 -1.0541E-03 -7.4670E-02
  3.4410E+02 -6.8235E-04 -7.4506E-02
  3.4447E+02 -3.1235E-04 -7.4340E-02
  3.4484E+02  5.5909E-05 -7.4173E-02
  3.4521E+02  4.2242E-04 -7.4005E-02
  3.4558E+02  7.8718E-04 -7.3835E-02
  3.4595E+02  1.1502E-03 -7.3663E-02
  3.4632E+02  1.5115E-03 -7.3490E-02
  3.4669E+02  1.8710E-03 -7.3316E-02
  3.4706E+02  2.2288E-03 -7.3141E-02
  3.4743E+02  2.5849E-03 -7.2964E-02
  3.4780E+02  2.9393E-03 -7.2786E-02
  3.4817E+02  3.2919E-03 -7.2606E-02
  3.4854E+02  3.6428E-03 -7.2425E-02
  3.4891E+02  3.9920E-03 -7.2243E-02
  3.4928E+02  4.3396E-03 -7.2059E-02
  3.4965E+02  4.6854E-03 -7.1874E-02
  3.5002E+02  5.0295E-03 -7.1688E-02
  3.5039E+02  5.3719E-03 -7.1501E-02
  3.5076E+02  5.7126E-03 -7.1312E-02
  3.5113E+02  6.0517E-03 -7.1122E-02
  3.5150E+02  6.3891E-03 -7.0931E-02
  3.5187E+02  6.7247E-03 -7.0739E-02
  3.5224E+02  7.0588E-03 -7.0545E-02
  3.5261E+02  7.3911E-03 -7.0350E-02
  3.5298E+02  7.7218E-03 -7.0154E-02
  3.5335E+02  8.0508E-03 -6.9957E-02
  3.5372E+02  8.3781E-03 -6.9758E-02
  3.5409E+02  8.7037E-03 -6.9559E-02
  3.5446E+02  9.0277E-03 -6.9358E-02
  3.5483E+02  9.3500E-03 -6.9156E-02
  3.5520E+02  9.6706E-03 -6.8953E-02
  3.5557E+02  9.9895E-03 -6.8749E-02
  3.5594E+02  1.0307E-02 -6.8543E-02
  3.5631E+02  1.0622E-02 -6.8337E-02
  3.5668E+02  1.0936E-02 -6.8129E-02
  3.5705E+02  1.1249E-02 -6.7920E-02
  3.5742E+02  1.1559E-02 -6.7710E-02
  3.5779E+02  1.1868E-02 -6.7499E-02
  3.5816E+02  1.2175E-02 -6.7287E-02
  3.5853E+02  1.2481E-02 -6.7074E-02
  3.5890E+02  1.2784E-02 -6.6860E-02
  3.5927E+02  1.3086E-02 -6.6645E-02
  3.5964E+02  1.3387E-02 -6.6428E-02
  3.6001E+02  1.3685E-02 -6.6211E-02
  3.6038E+02  1.3982E-02 -6.5993E-02
  3.6075E+02  1.4277E-02 -6.5773E-02
  3.6112E+02  1.4571E-02 -6.5553E-02
  3.6149E+02  1.4862E-02 -6.5331E-02
  3.6186E+02  1.5152E-02 -6.5109E-02
  3.6223E+02  1.5440E-02 -6.4886E-02
  3.6260E+02  1.5727E-02 -6.4661E-02
  3.6297E+02  1.6012E-02 -6.4436E-02
  3.6334E+02  1.6295E-02 -6.4210E-02
  3.6371E+02  1.6576E-02 -6.3983E-02
  3.6408E+02  1.6855E-02 -6.3755E-02
  3.6445E+02  1.7133E-02 -6.3526E-02
  3.6482E+02  1.7409E-02 -6.3296E-02
  3.6519E+02  1.7683E-02 -6.3065E-02
  3.6556E+02  1.7955E-02 -6.2834E-02
  3.6593E+02  1.8226E-02 -6.2601E-02
  3.6630E+02  1.8495E-02 -6.2368E-02
  3.6667E+02  1.8762E-02 -6.2134E-02
  3.6704E+02  1.9027E-02 -6.1899E-02
  3.6741E+02  1.9291E-02 -6.1663E-02
  3.6778E+02  1.9552E-02 -6.1427E-02
  3.6815E+02  1.9812E-02 -6.1190E-02
  3.6852E+02  2.0070E-02 -6.0951E-02
  3.6889E+02  2.0327E-02 -6.0713E-02
  3.6926E+02  2.0581E-02 -6.0473E-02
  3.6963E+02  2.0834E-02 -6.0233E-02
  3.7000E+02  2.1085E-02 -5.9992E-02
  3.7037E+02  2.1334E-02 -5.9750E-02
  3.7074E+02  2.1582E-02 -5.9507E-02
  3.7111E+02  2.1828E-02 -5.9264E-02
  3.7148E+02  2.2072E-02 -5.9020E-02
  3.7185E+02  2.2314E-02 -5.8776E-02
  3.7222E+02  2.2554E-02 -5.8531E-02
  3.7259E+02  2.2793E-02 -5.8285E-02
  3.7296E+02  2.3029E-02 -5.8038E-02
  3.7333E+02  2.3265E-02 -5.7791E-02
  3.7370E+02  2.3498E-02 -5.7544E-02
  3.7407E+02  2.3729E-02 -5.7296E-02
  3.7444E+02  2.3959E-02 -5.7047E-02
  3.7481E+02  2.4187E-02 -5.6797E-02
  3.7518E+02  2.4413E-02 -5.6547E-02
  3.7555E+02  2.4638E-02 -5.6297E-02
  3.7592E+02  2.4860E-02 -5.6046E-02
  3.7629E+02  2.5081E-02 -5.5794E-02
  3.7666E+02  2.5300E-02 -5.5542E-02
  3.7703E+02  2.5518E-02 -5.5290E-02
  3.7740E+02  2.5733E-02 -5.5037E-02
  3.7777E+02  2.5947E-02 -5.4783E-02
  3.7814E+02  2.6159E-02 -5.4529E-02
  3.7851E+02  2.6369E-02 -5.4275E-02
  3.7888E+02  2.6578E-02 -5.4020E-02
  3.7925E+02  2.6785E-02 -5.3764E-02
  3.7962E+02  2.6990E-02 -5.3509E-02
  3.7999E+02  2.7193E-02 -5.3252E-02
  3.8036E+02  2.7394E-02 -5.2996E-02
  3.8073E+02  2.7594E-02 -5.2739E-02
  3.8110E+02  2.7792E-02 -5.2481E-02
  3.8147E+02  2.7988E-02 -5.2224E-02
  3.8184E+02  2.8182E-02 -5.1966E-02
  3.8221E+02  2.8375E-02 -5.1707E-02
  3.8258E+02  2.8566E-02 -5.1448E-02
  3.8295E+02  2.8755E-02 -5.1189E-02
  3.8332E+02  2.8942E-02 -5.0929E-02
  3.8369E+02  2.9128E-02 -5.0670E-02
  3.8406E+02  2.9312E-02 -5.0409E-02
  3.8443E+02  2.9494E-02 -5.0149E-02
  3.8480E+02  2.9674E-02 -4.9888E-02
  3.8517E+02  2.9853E-02 -4.9627E-02
  3.8554E+02  3.0030E-02 -4.9366E-02
  3.8591E+02  3.0205E-02 -4.9104E-02
  3.8628E+02  3.0379E-02 -4.8842E-02
  3.8665E+02  3.0550E-02 -4.8580E-02
  3.8702E+02  3.0720E-02 -4.8318E-02
  3.8739E+02  3.0889E-02 -4.8055E-02
  3.8776E+02  3.1056E-02 -4.7792E-02
  3.8813E+02  3.1221E-02 -4.7529E-02
  3.8850E+02  3.1384E-02 -4.7266E-02
  3.8887E+02  3.1546E-02 -4.7003E-02
  3.8924E+02  3.1706E-02 -4.6739E-02
  3.8961E+02  3.1864E-02 -4.6475E-02
  3.8998E+02  3.2020E-02 -4.6211E-02
  3.9035E+02  3.2175E-02 -4.5947E-02
  3.9072E+02  3.2329E-02 -4.5683E-02
  3.9109E+02  3.2480E-02 -4.5418E-02
  3.9146E+02  3.2631E-02 -4.5154E-02
  3.9183E+02  3.2779E-02 -4.4889E-02
  3.9220E+02  3.2926E-02 -4.4624E-02
  3.9257E+02  3.3071E-02 -4.4359E-02
  3.9294E+02  3.3215E-02 -4.4094E-02
  3.9331E+02  3.3356E-02 -4.3828E-02
  3.9368E+02  3.3497E-02 -4.3563E-02
  3.9405E+02  3.3636E-02 -4.3297E-02
  3.9442E+02  3.3773E-02 -4.3032E-02
  3.9479E+02  3.3908E-02 -4.2766E-02
  3.9516E+02  3.4042E-02 -4.2500E-02
  3.9553E+02  3.4175E-02 -4.2235E-02
  3.9590E+02  3.4305E-02 -4.1969E-02
  3.9627E+02  3.4435E-02 -4.1703E-02
  3.9664E+02  3.4562E-02 -4.1437E-02
  3.9701E+02  3.4688E-02 -4.1171E-02
  3.9738E+02  3.4813E-02 -4.0905E-02
  3.9775E+02  3.4936E-02 -4.0639E-02
  3.9812E+02  3.5057E-02 -4.0372E-02
  3.9849E+02  3.5177E-02 -4.0106E-02
  3.9886E+02  3.5295E-02 -3.9840E-02
  3.9923E+02  3.5412E-02 -3.9574E-02
  3.9960E+02  3.5527E-02 -3.9308E-02
  3.9997E+02  3.5641E-02 -3.9042E-02
  4.0034E+02  3.5753E-02 -3.8776E-02
  4.0071E+02  3.5863E-02 -3.8509E-02
  4.0108E+02  3.5973E-02 -3.8243E-02
  4.0145E+02  3.6080E-02 -3.7977E-02
  4.0182E+02  3.6186E-02 -3.7711E-02
  4.0219E+02  3.6290E-02 -3.7445E-02
  4.0256E+02  3.6393E-02 -3.7180E-02
  4.0293E+02  3.6495E-02 -3.6914E-02
  4.0330E+02  3.6594E-02 -3.6648E-02
  4.0367E+02  3.6693E-02 -3.6382E-02
  4.0404E+02  3.6789E-02 -3.6117E-02
  4.0441E+02  3.6885E-02 -3.5851E-02
  4.0478E+02  3.6978E-02 -3.5586E-02
  4.0515E+02  3.7071E-02 -3.5321E-02
  4.0552E+02  3.7161E-02 -3.5056E-02
  4.0589E+02  3.7250E-02 -3.4791E-02
  4.0626E+02  3.7338E-02 -3.4526E-02
  4.0663E+02  3.7424E-02 -3.4261E-02
  4.0700E+02  3.7509E-02 -3.3997E-02
  4.0737E+02  3.7592E-02 -3.3732E-02
  4.0774E+02  3.7674E-02 -3.3468E-02
  4.0811E+02  3.7754E-02 -3.3204E-02
  4.0848E+02  3.7833E-02 -3.2940E-02
  4.0885E+02  3.7910E-02 -3.2677E-02
  4.0922E+02  3.7986E-02 -3.2413E-02
  4.0959E+02  3.8060E-02 -3.2150E-02
  4.0996E+02  3.8133E-02 -3.1887E-02
  4.1033E+02  3.8204E-02 -3.1625E-02
  4.1070E+02  3.8274E-02 -3.1362E-02
  4.1107E+02  3.8342E-02 -3.1100E-02
  4.1144E+02  3.8409E-02 -3.0838E-02
  4.1181E+02  3.8475E-02 -3.0576E-02
  4.1218E+02  3.8539E-02 -3.0315E-02
  4.1255E+02  3.8601E-02 -3.0054E-02
  4.1292E+02  3.8663E-02 -2.9793E-02
  4.1329E+02  3.8722E-02 -2.9532E-02
  4.1366E+02  3.8781E-02 -2.9272E-02
  4.1403E+02  3.8837E-02 -2.9012E-02
  4.1440E+02  3.8893E-02 -2.8752E-02
  4.1477E+02  3.8947E-02 -2.8493E-02
  4.1514E+02  3.8999E-02 -2.8234E-02
  4.1551E+02  3.9051E-02 -2.7975E-02
  4.1588E+02  3.9100E-02 -2.7717E-02
  4.1625E+02  3.9149E-02 -2.7459E-02
  4.1662E+02  3.9196E-02 -2.7201E-02
  4.1699E+02  3.9241E-02 -2.6944E-02
  4.1736E+02  3.9286E-02 -2.6687E-02
  4.1773E+02  3.9328E-02 -2.6430E-02
  4.1810E+02  3.9370E-02 -2.6174E-02
  4.1847E+02  3.9410E-02 -2.5919E-02
  4.1884E+02  3.9449E-02 -2.5663E-02
  4.1921E+02  3.9486E-02 -2.5408E-02
  4.1958E+02  3.9522E-02 -2.5154E-02
  4.1995E+02  3.9556E-02 -2.4900E-02
  4.2032E+02  3.9590E-02 -2.4646E-02
  4.2069E+02  3.9622E-02 -2.4393E-02
  4.2106E+02  3.9652E-02 -2.4140E-02
  4.2143E+02  3.9681E-02 -2.3887E-02
  4.2180E+02  3.9709E-02 -2.3636E-02
  4.2217E+02  3.9736E-02 -2.3384E-02
  4.2254E+02  3.9761E-02 -2.3133E-02
  4.2291E+02  3.9785E-02 -2.2882E-02
  4.2328E+02  3.9808E-02 -2.2632E-02
  4.2365E+02  3.9829E-02 -2.2383E-02
  4.2402E+02  3.9849E-02 -2.2133E-02
  4.2439E+02  3.9868E-02 -2.1885E-02
  4.2476E+02  3.9885E-02 -2.1637E-02
  4.2513E+02  3.9901E-02 -2.1389E-02
  4.2550E+02  3.9916E-02 -2.1142E-02
  4.2587E+02  3.9930E-02 -2.0895E-02
  4.2624E+02  3.9942E-02 -2.0649E-02
  4.2661E+02  3.9953E-02 -2.0403E-02
  4.2698E+02  3.9963E-02 -2.0158E-02
  4.2735E+02  3.9972E-02 -1.9913E-02
  4.2772E+02  3.9979E-02 -1.9669E-02
  4.2809E+02  3.9985E-02 -1.9425E-02
  4.2846E+02  3.9990E-02 -1.9182E-02
  4.2883E+02  3.9994E-02 -1.8939E-02
  4.2920E+02  3.9996E-02 -1.8697E-02
  4.2957E+02  3.9998E-02 -1.8456E-02
  4.2994E+02  3.9998E-02 -1.8215E-02
  4.3031E+02  3.9997E-02 -1.7975E-02
  4.3068E+02  3.9994E-02 -1.7735E-02
  4.3105E+02  3.9991E-02 -1.7495E-02
  4.3142E+02  3.9986E-02 -1.7257E-02
  4.3179E+02  3.9980E-02 -1.7019E-02
  4.3216E+02  3.9973E-02 -1.6781E-02
  4.3253E+02  3.9965E-02 -1.6544E-02
  4.3290E+02  3.9956E-02 -1.6308E-02
  4.3327E+02  3.9946E-02 -1.6072E-02
  4.3364E+02  3.9934E-02 -1.5837E-02
  4.3401E+02  3.9921E-02 -1.5602E-02
  4.3438E+02  3.9908E-02 -1.5368E-02
  4.3475E+02  3.9893E-02 -1.5134E-02
  4.3512E+02  3.9877E-02 -1.4901E-02
  4.3549E+02  3.9860E-02 -1.4669E-02
  4.3586E+02  3.9842E-02 -1.4438E-02
  4.3623E+02  3.9822E-02 -1.4206E-02
  4.3660E+02  3.9802E-02 -1.3976E-02
  4.3697E+02  3.9781E-02 -1.3746E-02
  4.3734E+02  3.9758E-02 -1.3517E-02
  4.3771E+02  3.9735E-02 -1.3288E-02
  4.3808E+02  3.9710E-02 -1.3061E-02
  4.3845E+02  3.9685E-02 -1.2833E-02
  4.3882E+02  3.9658E-02 -1.2607E-02
  4.3919E+02  3.9630E-02 -1.2381E-02
  4.3956E+02  3.9602E-02 -1.2155E-02
  4.3993E+02  3.9572E-02 -1.1930E-02
  4.4030E+02  3.9541E-02 -1.1706E-02
  4.4067E+02  3.9510E-02 -1.1483E-02
  4.4104E+02  3.9477E-02 -1.1260E-02
  4.4141E+02  3.9443E-02 -1.1038E-02
  4.4178E+02  3.9408E-02 -1.0816E-02
  4.4215E+02  3.9373E-02 -1.0596E-02
  4.4252E+02  3.9336E-02 -1.0376E-02
  4.4289E+02  3.9298E-02 -1.0156E-02
  4.4326E+02  3.9259E-02 -9.9373E-03
  4.4363E+02  3.9220E-02 -9.7192E-03
  4.4400E+02  3.9179E-02 -9.5018E-03
  4.4437E+02  3.9138E-02 -9.2851E-03
  4.4474E+02  3.9095E-02 -9.0691E-03
  4.4511E+02  3.9051E-02 -8.8537E-03
  4.4548E+02  3.9007E-02 -8.6391E-03
  4.4585E+02  3.8962E-02 -8.4251E-03
  4.4622E+02  3.8915E-02 -8.2119E-03
  4.4659E+02  3.8868E-02 -7.9993E-03
  4.4696E+02  3.8820E-02 -7.7875E-03
  4.4733E+02  3.8770E-02 -7.5764E-03
  4.4770E+02  3.8720E-02 -7.3660E-03
  4.4807E+02  3.8669E-02 -7.1563E-03
  4.4844E+02  3.8617E-02 -6.9473E-03
  4.4881E+02  3.8564E-02 -6.7391E-03
  4.4918E+02  3.8511E-02 -6.5316E-03
  4.4955E+02  3.8456E-02 -6.3249E-03
  4.4992E+02  3.8400E-02 -6.1188E-03
  4.5029E+02  3.8344E-02 -5.9136E-03
  4.5066E+02  3.8286E-02 -5.7090E-03
  4.5103E+02  3.8228E-02 -5.5052E-03
  4.5140E+02  3.8169E-02 -5.3022E-03
  4.5177E+02  3.8109E-02 -5.0999E-03
  4.5214E+02  3.8048E-02 -4.8984E-03
  4.5251E+02  3.7986E-02 -4.6977E-03
  4.5288E+02  3.7923E-02 -4.4977E-03
  4.5325E+02  3.7860E-02 -4.2984E-03
  4.5362E+02  3.7795E-02 -4.1000E-03
  4.5399E+02  3.7730E-02 -3.9023E-03
  4.5436E+02  3.7664E-02 -3.7054E-03
  4.5473E+02  3.7597E-02 -3.5093E-03
  4.5510E+02  3.7529E-02 -3.3140E-03
  4.5547E+02  3.7460E-02 -3.1194E-03
  4.5584E+02  3.7391E-02 -2.9256E-03
  4.5621E+02  3.7321E-02 -2.7327E-03
  4.5658E+02  3.7250E-02 -2.5405E-03
  4.5695E+02  3.7178E-02 -2.3491E-03
  4.5732E+02  3.7105E-02 -2.1585E-03
  4.5769E+02  3.7032E-02 -1.9688E-03
  4.5806E+02  3.6958E-02 -1.7798E-03
  4.5843E+02  3.6883E-02 -1.5916E-03
  4.5880E+02  3.6807E-02 -1.4043E-03
  4.5917E+02  3.6730E-02 -1.2177E-03
  4.5954E+02  3.6653E-02 -1.0320E-03
  4.5991E+02  3.6575E-02 -8.4708E-04
  4.6028E+02  3.6496E-02 -6.6298E-04
  4.6065E+02  3.6417E-02 -4.7970E-04
  4.6102E+02  3.6336E-02 -2.9724E-04
  4.6139E+02  3.6255E-02 -1.1560E-04
  4.6176E+02  3.6174E-02  6.5214E-05
  4.6213E+02  3.6091E-02  2.4520E-04
  4.6250E+02  3.6008E-02  4.2437E-04
  4.6287E+02  3.5925E-02  6.0270E-04
  4.6324E+02  3.5840E-02  7.8020E-04
  4.6361E+02  3.5755E-02  9.5688E-04
  4.6398E+02  3.5669E-02  1.1327E-03
  4.6435E+02  3.5583E-02  1.3077E-03
  4.6472E+02  3.5496E-02  1.4819E-03
  4.6509E+02  3.5408E-02  1.6552E-03
  4.6546E+02  3.5320E-02  1.8277E-03
  4.6583E+02  3.5231E-02  1.9994E-03
  4.6620E+02  3.5141E-02  2.1702E-03
  4.6657E+02  3.5051E-02  2.3402E-03
  4.6694E+02  3.4960E-02  2.5094E-03
  4.6731E+02  3.4868E-02  2.6777E-03
  4.6768E+02  3.4776E-02  2.8451E-03
  4.6805E+02  3.4683E-02  3.0118E-03
  4.6842E+02  3.4590E-02  3.1775E-03
  4.6879E+02  3.4496E-02  3.3425E-03
  4.6916E+02  3.4402E-02  3.5066E-03
  4.6953E+02  3.4307E-02  3.6698E-03
  4.6990E+02  3.4211E-02  3.8322E-03
  4.7027E+02  3.4115E-02  3.9938E-03
  4.7064E+02  3.4018E-02  4.1545E-03
  4.7101E+02  3.3921E-02  4.3143E-03
  4.7138E+02  3.3823E-02  4.4733E-03
  4.7175E+02  3.3725E-02  4.6315E-03
  4.7212E+02  3.3626E-02  4.7888E-03
  4.7249E+02  3.3526E-02  4.9453E-03
  4.7286E+02  3.3426E-02  5.1009E-03
  4.7323E+02  3.3326E-02  5.2557E-03
  4.7360E+02  3.3225E-02  5.4096E-03
  4.7397E+02  3.3123E-02  5.5626E-03
  4.7434E+02  3.3021E-02  5.7148E-03
  4.7471E+02  3.2918E-02  5.8662E-03
  4.7508E+02  3.2815E-02  6.0167E-03
  4.7545E+02  3.2712E-02  6.1664E-03
  4.7582E+02  3.2608E-02  6.3152E-03
  4.7619E+02  3.2503E-02  6.4631E-03
  4.7656E+02  3.2398E-02  6.6102E-03
  4.7693E+02  3.2293E-02  6.7565E-03
  4.7730E+02  3.2187E-02  6.9019E-03
  4.7767E+02  3.2080E-02  7.0464E-03
  4.7804E+02  3.1973E-02  7.1901E-03
  4.7841E+02  3.1866E-02  7.3329E-03
  4.7878E+02  3.1758E-02  7.4749E-03
  4.7915E+02  3.1649E-02  7.6160E-03
  4.7952E+02  3.1541E-02  7.7562E-03
  4.7989E+02  3.1431E-02  7.8956E-03
  4.8026E+02  3.1322E-02  8.0342E-03
  4.8063E+02  3.1212E-02  8.1718E-03
  4.8100E+02  3.1101E-02  8.3087E-03
  4.8137E+02  3.0990E-02  8.4446E-03
  4.8174E+02  3.0879E-02  8.5797E-03
  4.8211E+02  3.0767E-02  8.7140E-03
  4.8248E+02  3.0655E-02  8.8474E-03
  4.8285E+02  3.0542E-02  8.9799E-03
  4.8322E+02  3.0429E-02  9.1116E-03
  4.8359E+02  3.0316E-02  9.2424E-03
  4.8396E+02  3.0202E-02  9.3724E-03
  4.8433E+02  3.0088E-02  9.5015E-03
  4.8470E+02  2.9973E-02  9.6297E-03
  4.8507E+02  2.9858E-02  9.7571E-03
  4.8544E+02  2.9743E-02  9.8836E-03
  4.8581E+02  2.9627E-02  1.0009E-02
  4.8618E+02  2.9511E-02  1.0134E-02
  4.8655E+02  2.9395E-02  1.0258E-02
  4.8692E+02  2.9278E-02  1.0381E-02
  4.8729E+02  2.9161E-02  1.0503E-02
  4.8766E+02  2.9043E-02  1.0625E-02
  4.8803E+02  2.8926E-02  1.0745E-02
  4.8840E+02  2.8808E-02  1.0865E-02
  4.8877E+02  2.8689E-02  1.0984E-02
  4.8914E+02  2.8570E-02  1.1101E-02
  4.8951E+02  2.8451E-02  1.1219E-02
  4.8988E+02  2.8332E-02  1.1335E-02
  4.9025E+02  2.8213E-02  1.1450E-02
  4.9062E+02  2.8093E-02  1.1565E-02
  4.9099E+02  2.7973E-02  1.1678E-02
  4.9136E+02  2.7852E-02  1.1791E-02
  4.9173E+02  2.7732E-02  1.1903E-02
  4.9210E+02  2.7611E-02  1.2014E-02
  4.9247E+02  2.7490E-02  1.2124E-02
  4.9284E+02  2.7368E-02  1.2234E-02
  4.9321E+02  2.7247E-02  1.2342E-02
  4.9358E+02  2.7125E-02  1.2450E-02
  4.9395E+02  2.7002E-02  1.2557E-02
  4.9432E+02  2.6880E-02  1.2663E-02
  4.9469E+02  2.6758E-02  1.2768E-02
  4.9506E+02  2.6635E-02  1.2872E-02
  4.9543E+02  2.6512E-02  1.2976E-02
  4.9580E+02  2.6389E-02  1.3078E-02
  4.9617E+02  2.6265E-02  1.3180E-02
  4.9654E+02  2.6142E-02  1.3281E-02
  4.9691E+02  2.6018E-02  1.3381E-02
  4.9728E+02  2.5894E-02  1.3480E-02
  4.9765E+02  2.5770E-02  1.3579E-02
  4.9802E+02  2.5646E-02  1.3676E-02
  4.9839E+02  2.5521E-02  1.3773E-02
  4.9876E+02  2.5396E-02  1.3869E-02
