# CREATED BY GENE DIAGNOSTICS TOOL on Sat Jun 23 11:58:13 2018
# diag: GAMDIAG, run(s): 0012, time window: 0-500(1332 steps), species: ions
# original data path: /ptmp/cmor/PoP/scanfiles0000/
# normalization: L_ref=5.4832m
#
# xind= 0, x/a= 0.70710677, q= 1.1018624
# Fit:    0.13728743,2.9577687,0.056334347
# Analytic (Gao, Zhou/Yu): 0.32199362,-1.4299572e-06,1.899281
#  t          Re[phi]     Im[phi]   
  0.0000E+00  4.6481E+01  0.0000E+00
  3.7580E-01  4.6358E+01  5.0075E-01
  7.5160E-01  4.6013E+01  9.9722E-01
  1.1274E+00  4.5481E+01  1.4847E+00
  1.5032E+00  4.4802E+01  1.9592E+00
  1.8790E+00  4.4017E+01  2.4183E+00
  2.2548E+00  4.3167E+01  2.8603E+00
  2.6306E+00  4.2288E+01  3.2844E+00
  3.0064E+00  4.1413E+01  3.6902E+00
  3.3822E+00  4.0565E+01  4.0785E+00
  3.7580E+00  3.9761E+01  4.4499E+00
  4.1338E+00  3.9011E+01  4.8059E+00
  4.5096E+00  3.8316E+01  5.1475E+00
  4.8854E+00  3.7671E+01  5.4762E+00
  5.2612E+00  3.7067E+01  5.7932E+00
  5.6370E+00  3.6495E+01  6.0993E+00
  6.0128E+00  3.5941E+01  6.3954E+00
  6.3886E+00  3.5397E+01  6.6818E+00
  6.7644E+00  3.4851E+01  6.9588E+00
  7.1402E+00  3.4298E+01  7.2265E+00
  7.5160E+00  3.3733E+01  7.4846E+00
  7.8918E+00  3.3154E+01  7.7330E+00
  8.2676E+00  3.2562E+01  7.9714E+00
  8.6434E+00  3.1959E+01  8.1996E+00
  9.0192E+00  3.1348E+01  8.4174E+00
  9.3950E+00  3.0735E+01  8.6249E+00
  9.7708E+00  3.0123E+01  8.8220E+00
  1.0147E+01  2.9519E+01  9.0088E+00
  1.0522E+01  2.8925E+01  9.1857E+00
  1.0898E+01  2.8347E+01  9.3529E+00
  1.1274E+01  2.7787E+01  9.5111E+00
  1.1650E+01  2.7250E+01  9.6606E+00
  1.2026E+01  2.6737E+01  9.8020E+00
  1.2401E+01  2.6249E+01  9.9360E+00
  1.2777E+01  2.5788E+01  1.0063E+01
  1.3153E+01  2.5353E+01  1.0184E+01
  1.3529E+01  2.4946E+01  1.0299E+01
  1.3905E+01  2.4567E+01  1.0410E+01
  1.4280E+01  2.4214E+01  1.0516E+01
  1.4656E+01  2.3887E+01  1.0618E+01
  1.5032E+01  2.3585E+01  1.0717E+01
  1.5408E+01  2.3308E+01  1.0814E+01
  1.5784E+01  2.3056E+01  1.0908E+01
  1.6159E+01  2.2826E+01  1.1000E+01
  1.6535E+01  2.2619E+01  1.1092E+01
  1.6911E+01  2.2433E+01  1.1182E+01
  1.7287E+01  2.2267E+01  1.1272E+01
  1.7663E+01  2.2121E+01  1.1363E+01
  1.8038E+01  2.1993E+01  1.1453E+01
  1.8414E+01  2.1884E+01  1.1545E+01
  1.8790E+01  2.1793E+01  1.1637E+01
  1.9166E+01  2.1717E+01  1.1731E+01
  1.9542E+01  2.1656E+01  1.1826E+01
  1.9917E+01  2.1609E+01  1.1923E+01
  2.0293E+01  2.1575E+01  1.2022E+01
  2.0669E+01  2.1553E+01  1.2124E+01
  2.1045E+01  2.1542E+01  1.2228E+01
  2.1421E+01  2.1539E+01  1.2335E+01
  2.1796E+01  2.1545E+01  1.2444E+01
  2.2172E+01  2.1558E+01  1.2556E+01
  2.2548E+01  2.1578E+01  1.2670E+01
  2.2924E+01  2.1602E+01  1.2788E+01
  2.3300E+01  2.1629E+01  1.2908E+01
  2.3675E+01  2.1658E+01  1.3031E+01
  2.4051E+01  2.1685E+01  1.3156E+01
  2.4427E+01  2.1712E+01  1.3284E+01
  2.4803E+01  2.1736E+01  1.3415E+01
  2.5179E+01  2.1759E+01  1.3547E+01
  2.5554E+01  2.1779E+01  1.3682E+01
  2.5930E+01  2.1796E+01  1.3819E+01
  2.6306E+01  2.1808E+01  1.3958E+01
  2.6682E+01  2.1813E+01  1.4098E+01
  2.7058E+01  2.1810E+01  1.4240E+01
  2.7433E+01  2.1799E+01  1.4382E+01
  2.7809E+01  2.1778E+01  1.4526E+01
  2.8185E+01  2.1748E+01  1.4670E+01
  2.8561E+01  2.1708E+01  1.4815E+01
  2.8937E+01  2.1658E+01  1.4960E+01
  2.9312E+01  2.1598E+01  1.5105E+01
  2.9688E+01  2.1527E+01  1.5249E+01
  3.0064E+01  2.1445E+01  1.5393E+01
  3.0440E+01  2.1352E+01  1.5536E+01
  3.0816E+01  2.1247E+01  1.5677E+01
  3.1191E+01  2.1131E+01  1.5817E+01
  3.1567E+01  2.1004E+01  1.5956E+01
  3.1943E+01  2.0867E+01  1.6092E+01
  3.2319E+01  2.0720E+01  1.6227E+01
  3.2695E+01  2.0563E+01  1.6359E+01
  3.3070E+01  2.0395E+01  1.6489E+01
  3.3446E+01  2.0216E+01  1.6616E+01
  3.3822E+01  2.0027E+01  1.6741E+01
  3.4198E+01  1.9826E+01  1.6862E+01
  3.4574E+01  1.9615E+01  1.6980E+01
  3.4949E+01  1.9394E+01  1.7095E+01
  3.5325E+01  1.9166E+01  1.7206E+01
  3.5701E+01  1.8931E+01  1.7314E+01
  3.6077E+01  1.8691E+01  1.7418E+01
  3.6453E+01  1.8447E+01  1.7518E+01
  3.6828E+01  1.8197E+01  1.7614E+01
  3.7204E+01  1.7944E+01  1.7707E+01
  3.7580E+01  1.7687E+01  1.7796E+01
  3.7956E+01  1.7426E+01  1.7881E+01
  3.8332E+01  1.7161E+01  1.7962E+01
  3.8707E+01  1.6892E+01  1.8039E+01
  3.9083E+01  1.6620E+01  1.8113E+01
  3.9459E+01  1.6344E+01  1.8182E+01
  3.9835E+01  1.6065E+01  1.8248E+01
  4.0211E+01  1.5784E+01  1.8310E+01
  4.0586E+01  1.5502E+01  1.8368E+01
  4.0962E+01  1.5219E+01  1.8423E+01
  4.1338E+01  1.4937E+01  1.8474E+01
  4.1714E+01  1.4657E+01  1.8521E+01
  4.2090E+01  1.4378E+01  1.8565E+01
  4.2465E+01  1.4103E+01  1.8606E+01
  4.2841E+01  1.3832E+01  1.8643E+01
  4.3217E+01  1.3566E+01  1.8678E+01
  4.3593E+01  1.3308E+01  1.8709E+01
  4.3969E+01  1.3056E+01  1.8738E+01
  4.4344E+01  1.2813E+01  1.8765E+01
  4.4720E+01  1.2576E+01  1.8790E+01
  4.5096E+01  1.2345E+01  1.8812E+01
  4.5472E+01  1.2117E+01  1.8833E+01
  4.5848E+01  1.1892E+01  1.8851E+01
  4.6223E+01  1.1666E+01  1.8868E+01
  4.6599E+01  1.1438E+01  1.8883E+01
  4.6975E+01  1.1207E+01  1.8896E+01
  4.7351E+01  1.0970E+01  1.8907E+01
  4.7727E+01  1.0730E+01  1.8916E+01
  4.8102E+01  1.0488E+01  1.8923E+01
  4.8478E+01  1.0245E+01  1.8928E+01
  4.8854E+01  1.0006E+01  1.8931E+01
  4.9230E+01  9.7734E+00  1.8933E+01
  4.9606E+01  9.5489E+00  1.8932E+01
  4.9981E+01  9.3344E+00  1.8930E+01
  5.0357E+01  9.1309E+00  1.8927E+01
  5.0733E+01  8.9383E+00  1.8923E+01
  5.1109E+01  8.7558E+00  1.8918E+01
  5.1485E+01  8.5822E+00  1.8913E+01
  5.1860E+01  8.4156E+00  1.8907E+01
  5.2236E+01  8.2540E+00  1.8900E+01
  5.2612E+01  8.0954E+00  1.8893E+01
  5.2988E+01  7.9378E+00  1.8886E+01
  5.3364E+01  7.7797E+00  1.8878E+01
  5.3739E+01  7.6204E+00  1.8870E+01
  5.4115E+01  7.4597E+00  1.8861E+01
  5.4491E+01  7.2980E+00  1.8851E+01
  5.4867E+01  7.1362E+00  1.8841E+01
  5.5243E+01  6.9752E+00  1.8830E+01
  5.5618E+01  6.8157E+00  1.8818E+01
  5.5994E+01  6.6581E+00  1.8806E+01
  5.6370E+01  6.5027E+00  1.8793E+01
  5.6746E+01  6.3490E+00  1.8779E+01
  5.7122E+01  6.1961E+00  1.8765E+01
  5.7497E+01  6.0429E+00  1.8751E+01
  5.7873E+01  5.8879E+00  1.8735E+01
  5.8249E+01  5.7296E+00  1.8718E+01
  5.8625E+01  5.5666E+00  1.8701E+01
  5.9001E+01  5.3979E+00  1.8682E+01
  5.9376E+01  5.2228E+00  1.8662E+01
  5.9752E+01  5.0411E+00  1.8640E+01
  6.0128E+01  4.8534E+00  1.8617E+01
  6.0504E+01  4.6606E+00  1.8591E+01
  6.0880E+01  4.4644E+00  1.8564E+01
  6.1255E+01  4.2665E+00  1.8535E+01
  6.1631E+01  4.0689E+00  1.8503E+01
  6.2007E+01  3.8732E+00  1.8470E+01
  6.2383E+01  3.6811E+00  1.8434E+01
  6.2759E+01  3.4937E+00  1.8397E+01
  6.3134E+01  3.3117E+00  1.8358E+01
  6.3510E+01  3.1356E+00  1.8317E+01
  6.3886E+01  2.9650E+00  1.8275E+01
  6.4262E+01  2.7992E+00  1.8232E+01
  6.4638E+01  2.6373E+00  1.8187E+01
  6.5013E+01  2.4780E+00  1.8141E+01
  6.5389E+01  2.3200E+00  1.8094E+01
  6.5765E+01  2.1619E+00  1.8046E+01
  6.6141E+01  2.0022E+00  1.7996E+01
  6.6517E+01  1.8397E+00  1.7945E+01
  6.6892E+01  1.6734E+00  1.7892E+01
  6.7268E+01  1.5027E+00  1.7838E+01
  6.7644E+01  1.3270E+00  1.7782E+01
  6.8020E+01  1.1463E+00  1.7724E+01
  6.8396E+01  9.6071E-01  1.7664E+01
  6.8771E+01  7.7111E-01  1.7603E+01
  6.9147E+01  5.7852E-01  1.7539E+01
  6.9523E+01  3.8412E-01  1.7473E+01
  6.9899E+01  1.8896E-01  1.7406E+01
  7.0275E+01 -6.1349E-03  1.7336E+01
  7.0650E+01 -2.0054E-01  1.7264E+01
  7.1026E+01 -3.9372E-01  1.7190E+01
  7.1402E+01 -5.8521E-01  1.7114E+01
  7.1778E+01 -7.7457E-01  1.7036E+01
  7.2154E+01 -9.6149E-01  1.6957E+01
  7.2529E+01 -1.1458E+00  1.6875E+01
  7.2905E+01 -1.3276E+00  1.6792E+01
  7.3281E+01 -1.5071E+00  1.6708E+01
  7.3657E+01 -1.6844E+00  1.6621E+01
  7.4033E+01 -1.8599E+00  1.6534E+01
  7.4408E+01 -2.0339E+00  1.6445E+01
  7.4784E+01 -2.2065E+00  1.6354E+01
  7.5160E+01 -2.3779E+00  1.6262E+01
  7.5536E+01 -2.5483E+00  1.6168E+01
  7.5912E+01 -2.7177E+00  1.6074E+01
  7.6287E+01 -2.8862E+00  1.5977E+01
  7.6663E+01 -3.0539E+00  1.5880E+01
  7.7039E+01 -3.2210E+00  1.5781E+01
  7.7415E+01 -3.3876E+00  1.5681E+01
  7.7791E+01 -3.5539E+00  1.5579E+01
  7.8166E+01 -3.7199E+00  1.5476E+01
  7.8542E+01 -3.8856E+00  1.5372E+01
  7.8918E+01 -4.0508E+00  1.5267E+01
  7.9294E+01 -4.2152E+00  1.5160E+01
  7.9670E+01 -4.3786E+00  1.5052E+01
  8.0045E+01 -4.5406E+00  1.4942E+01
  8.0421E+01 -4.7008E+00  1.4832E+01
  8.0797E+01 -4.8591E+00  1.4720E+01
  8.1173E+01 -5.0151E+00  1.4607E+01
  8.1549E+01 -5.1689E+00  1.4493E+01
  8.1924E+01 -5.3204E+00  1.4378E+01
  8.2300E+01 -5.4695E+00  1.4262E+01
  8.2676E+01 -5.6164E+00  1.4145E+01
  8.3052E+01 -5.7611E+00  1.4027E+01
  8.3428E+01 -5.9039E+00  1.3908E+01
  8.3803E+01 -6.0449E+00  1.3788E+01
  8.4179E+01 -6.1844E+00  1.3667E+01
  8.4555E+01 -6.3224E+00  1.3545E+01
  8.4931E+01 -6.4590E+00  1.3423E+01
  8.5307E+01 -6.5940E+00  1.3299E+01
  8.5682E+01 -6.7273E+00  1.3175E+01
  8.6058E+01 -6.8589E+00  1.3050E+01
  8.6434E+01 -6.9885E+00  1.2924E+01
  8.6810E+01 -7.1163E+00  1.2797E+01
  8.7186E+01 -7.2422E+00  1.2670E+01
  8.7561E+01 -7.3664E+00  1.2542E+01
  8.7937E+01 -7.4891E+00  1.2413E+01
  8.8313E+01 -7.6105E+00  1.2284E+01
  8.8689E+01 -7.7310E+00  1.2154E+01
  8.9065E+01 -7.8508E+00  1.2023E+01
  8.9440E+01 -7.9700E+00  1.1891E+01
  8.9816E+01 -8.0887E+00  1.1759E+01
  9.0192E+01 -8.2069E+00  1.1625E+01
  9.0568E+01 -8.3241E+00  1.1491E+01
  9.0944E+01 -8.4403E+00  1.1357E+01
  9.1319E+01 -8.5550E+00  1.1221E+01
  9.1695E+01 -8.6682E+00  1.1085E+01
  9.2071E+01 -8.7800E+00  1.0948E+01
  9.2447E+01 -8.8903E+00  1.0810E+01
  9.2823E+01 -8.9996E+00  1.0672E+01
  9.3198E+01 -9.1078E+00  1.0533E+01
  9.3574E+01 -9.2154E+00  1.0393E+01
  9.3950E+01 -9.3226E+00  1.0252E+01
  9.4326E+01 -9.4296E+00  1.0111E+01
  9.4702E+01 -9.5365E+00  9.9688E+00
  9.5077E+01 -9.6433E+00  9.8258E+00
  9.5453E+01 -9.7497E+00  9.6820E+00
  9.5829E+01 -9.8554E+00  9.5374E+00
  9.6205E+01 -9.9599E+00  9.3921E+00
  9.6581E+01 -1.0063E+01  9.2459E+00
  9.6956E+01 -1.0163E+01  9.0990E+00
  9.7332E+01 -1.0262E+01  8.9514E+00
  9.7708E+01 -1.0358E+01  8.8032E+00
  9.8084E+01 -1.0451E+01  8.6543E+00
  9.8460E+01 -1.0541E+01  8.5048E+00
  9.8835E+01 -1.0630E+01  8.3547E+00
  9.9211E+01 -1.0717E+01  8.2041E+00
  9.9587E+01 -1.0802E+01  8.0530E+00
  9.9963E+01 -1.0886E+01  7.9013E+00
  1.0034E+02 -1.0969E+01  7.7491E+00
  1.0071E+02 -1.1052E+01  7.5964E+00
  1.0109E+02 -1.1135E+01  7.4431E+00
  1.0147E+02 -1.1218E+01  7.2892E+00
  1.0184E+02 -1.1301E+01  7.1347E+00
  1.0222E+02 -1.1384E+01  6.9796E+00
  1.0259E+02 -1.1466E+01  6.8240E+00
  1.0297E+02 -1.1548E+01  6.6677E+00
  1.0334E+02 -1.1627E+01  6.5109E+00
  1.0372E+02 -1.1705E+01  6.3536E+00
  1.0410E+02 -1.1781E+01  6.1958E+00
  1.0447E+02 -1.1854E+01  6.0375E+00
  1.0485E+02 -1.1926E+01  5.8787E+00
  1.0522E+02 -1.1995E+01  5.7196E+00
  1.0560E+02 -1.2061E+01  5.5601E+00
  1.0598E+02 -1.2126E+01  5.4002E+00
  1.0635E+02 -1.2189E+01  5.2400E+00
  1.0673E+02 -1.2250E+01  5.0795E+00
  1.0710E+02 -1.2309E+01  4.9187E+00
  1.0748E+02 -1.2366E+01  4.7577E+00
  1.0785E+02 -1.2422E+01  4.5965E+00
  1.0823E+02 -1.2476E+01  4.4351E+00
  1.0861E+02 -1.2529E+01  4.2735E+00
  1.0898E+02 -1.2580E+01  4.1117E+00
  1.0936E+02 -1.2630E+01  3.9498E+00
  1.0973E+02 -1.2678E+01  3.7878E+00
  1.1011E+02 -1.2725E+01  3.6256E+00
  1.1049E+02 -1.2770E+01  3.4633E+00
  1.1086E+02 -1.2815E+01  3.3009E+00
  1.1124E+02 -1.2858E+01  3.1384E+00
  1.1161E+02 -1.2899E+01  2.9759E+00
  1.1199E+02 -1.2940E+01  2.8132E+00
  1.1236E+02 -1.2978E+01  2.6505E+00
  1.1274E+02 -1.3015E+01  2.4878E+00
  1.1312E+02 -1.3051E+01  2.3251E+00
  1.1349E+02 -1.3084E+01  2.1623E+00
  1.1387E+02 -1.3116E+01  1.9996E+00
  1.1424E+02 -1.3146E+01  1.8369E+00
  1.1462E+02 -1.3174E+01  1.6743E+00
  1.1499E+02 -1.3199E+01  1.5118E+00
  1.1537E+02 -1.3223E+01  1.3494E+00
  1.1575E+02 -1.3245E+01  1.1871E+00
  1.1612E+02 -1.3266E+01  1.0251E+00
  1.1650E+02 -1.3285E+01  8.6319E-01
  1.1687E+02 -1.3302E+01  7.0148E-01
  1.1725E+02 -1.3319E+01  5.3996E-01
  1.1763E+02 -1.3334E+01  3.7861E-01
  1.1800E+02 -1.3349E+01  2.1744E-01
  1.1838E+02 -1.3363E+01  5.6439E-02
  1.1875E+02 -1.3376E+01 -1.0439E-01
  1.1913E+02 -1.3388E+01 -2.6506E-01
  1.1950E+02 -1.3399E+01 -4.2554E-01
  1.1988E+02 -1.3409E+01 -5.8584E-01
  1.2026E+02 -1.3417E+01 -7.4592E-01
  1.2063E+02 -1.3423E+01 -9.0578E-01
  1.2101E+02 -1.3427E+01 -1.0654E+00
  1.2138E+02 -1.3429E+01 -1.2247E+00
  1.2176E+02 -1.3429E+01 -1.3836E+00
  1.2213E+02 -1.3427E+01 -1.5423E+00
  1.2251E+02 -1.3423E+01 -1.7005E+00
  1.2289E+02 -1.3416E+01 -1.8584E+00
  1.2326E+02 -1.3407E+01 -2.0158E+00
  1.2364E+02 -1.3397E+01 -2.1728E+00
  1.2401E+02 -1.3385E+01 -2.3293E+00
  1.2439E+02 -1.3372E+01 -2.4853E+00
  1.2477E+02 -1.3358E+01 -2.6409E+00
  1.2514E+02 -1.3342E+01 -2.7961E+00
  1.2552E+02 -1.3326E+01 -2.9508E+00
  1.2589E+02 -1.3310E+01 -3.1050E+00
  1.2627E+02 -1.3292E+01 -3.2588E+00
  1.2664E+02 -1.3274E+01 -3.4122E+00
  1.2702E+02 -1.3255E+01 -3.5651E+00
  1.2740E+02 -1.3236E+01 -3.7176E+00
  1.2777E+02 -1.3215E+01 -3.8697E+00
  1.2815E+02 -1.3194E+01 -4.0213E+00
  1.2852E+02 -1.3171E+01 -4.1725E+00
  1.2890E+02 -1.3147E+01 -4.3232E+00
  1.2928E+02 -1.3121E+01 -4.4735E+00
  1.2965E+02 -1.3094E+01 -4.6232E+00
  1.3003E+02 -1.3065E+01 -4.7725E+00
  1.3040E+02 -1.3034E+01 -4.9212E+00
  1.3078E+02 -1.3002E+01 -5.0693E+00
  1.3115E+02 -1.2968E+01 -5.2168E+00
  1.3153E+02 -1.2931E+01 -5.3637E+00
  1.3191E+02 -1.2894E+01 -5.5100E+00
  1.3228E+02 -1.2854E+01 -5.6556E+00
  1.3266E+02 -1.2813E+01 -5.8005E+00
  1.3303E+02 -1.2770E+01 -5.9448E+00
  1.3341E+02 -1.2725E+01 -6.0883E+00
  1.3378E+02 -1.2680E+01 -6.2311E+00
  1.3416E+02 -1.2632E+01 -6.3732E+00
  1.3454E+02 -1.2584E+01 -6.5146E+00
  1.3491E+02 -1.2534E+01 -6.6552E+00
  1.3529E+02 -1.2484E+01 -6.7950E+00
  1.3566E+02 -1.2432E+01 -6.9341E+00
  1.3604E+02 -1.2379E+01 -7.0724E+00
  1.3642E+02 -1.2326E+01 -7.2099E+00
  1.3679E+02 -1.2271E+01 -7.3467E+00
  1.3717E+02 -1.2216E+01 -7.4826E+00
  1.3754E+02 -1.2159E+01 -7.6178E+00
  1.3792E+02 -1.2101E+01 -7.7522E+00
  1.3829E+02 -1.2042E+01 -7.8857E+00
  1.3867E+02 -1.1982E+01 -8.0184E+00
  1.3905E+02 -1.1921E+01 -8.1503E+00
  1.3942E+02 -1.1858E+01 -8.2813E+00
  1.3980E+02 -1.1793E+01 -8.4114E+00
  1.4017E+02 -1.1728E+01 -8.5406E+00
  1.4055E+02 -1.1661E+01 -8.6689E+00
  1.4093E+02 -1.1592E+01 -8.7962E+00
  1.4130E+02 -1.1523E+01 -8.9226E+00
  1.4168E+02 -1.1452E+01 -9.0481E+00
  1.4205E+02 -1.1381E+01 -9.1727E+00
  1.4243E+02 -1.1308E+01 -9.2962E+00
  1.4280E+02 -1.1234E+01 -9.4188E+00
  1.4318E+02 -1.1160E+01 -9.5405E+00
  1.4356E+02 -1.1084E+01 -9.6611E+00
  1.4393E+02 -1.1007E+01 -9.7808E+00
  1.4431E+02 -1.0928E+01 -9.8994E+00
  1.4468E+02 -1.0849E+01 -1.0017E+01
  1.4506E+02 -1.0768E+01 -1.0134E+01
  1.4543E+02 -1.0686E+01 -1.0249E+01
  1.4581E+02 -1.0603E+01 -1.0364E+01
  1.4619E+02 -1.0519E+01 -1.0477E+01
  1.4656E+02 -1.0434E+01 -1.0589E+01
  1.4694E+02 -1.0348E+01 -1.0701E+01
  1.4731E+02 -1.0261E+01 -1.0811E+01
  1.4769E+02 -1.0174E+01 -1.0920E+01
  1.4807E+02 -1.0085E+01 -1.1028E+01
  1.4844E+02 -9.9961E+00 -1.1135E+01
  1.4882E+02 -9.9064E+00 -1.1241E+01
  1.4919E+02 -9.8161E+00 -1.1346E+01
  1.4957E+02 -9.7250E+00 -1.1449E+01
  1.4994E+02 -9.6332E+00 -1.1552E+01
  1.5032E+02 -9.5406E+00 -1.1653E+01
  1.5070E+02 -9.4470E+00 -1.1754E+01
  1.5107E+02 -9.3525E+00 -1.1853E+01
  1.5145E+02 -9.2569E+00 -1.1951E+01
  1.5182E+02 -9.1604E+00 -1.2048E+01
  1.5220E+02 -9.0628E+00 -1.2144E+01
  1.5257E+02 -8.9642E+00 -1.2239E+01
  1.5295E+02 -8.8648E+00 -1.2332E+01
  1.5333E+02 -8.7644E+00 -1.2424E+01
  1.5370E+02 -8.6633E+00 -1.2515E+01
  1.5408E+02 -8.5613E+00 -1.2605E+01
  1.5445E+02 -8.4587E+00 -1.2694E+01
  1.5483E+02 -8.3555E+00 -1.2781E+01
  1.5521E+02 -8.2517E+00 -1.2868E+01
  1.5558E+02 -8.1473E+00 -1.2953E+01
  1.5596E+02 -8.0423E+00 -1.3037E+01
  1.5633E+02 -7.9369E+00 -1.3119E+01
  1.5671E+02 -7.8308E+00 -1.3201E+01
  1.5708E+02 -7.7243E+00 -1.3281E+01
  1.5746E+02 -7.6171E+00 -1.3360E+01
  1.5784E+02 -7.5093E+00 -1.3438E+01
  1.5821E+02 -7.4009E+00 -1.3515E+01
  1.5859E+02 -7.2919E+00 -1.3590E+01
  1.5896E+02 -7.1822E+00 -1.3664E+01
  1.5934E+02 -7.0719E+00 -1.3737E+01
  1.5972E+02 -6.9608E+00 -1.3809E+01
  1.6009E+02 -6.8491E+00 -1.3879E+01
  1.6047E+02 -6.7367E+00 -1.3948E+01
  1.6084E+02 -6.6237E+00 -1.4016E+01
  1.6122E+02 -6.5100E+00 -1.4083E+01
  1.6159E+02 -6.3958E+00 -1.4148E+01
  1.6197E+02 -6.2810E+00 -1.4213E+01
  1.6235E+02 -6.1657E+00 -1.4275E+01
  1.6272E+02 -6.0499E+00 -1.4337E+01
  1.6310E+02 -5.9337E+00 -1.4397E+01
  1.6347E+02 -5.8170E+00 -1.4456E+01
  1.6385E+02 -5.6999E+00 -1.4514E+01
  1.6422E+02 -5.5825E+00 -1.4571E+01
  1.6460E+02 -5.4646E+00 -1.4626E+01
  1.6498E+02 -5.3465E+00 -1.4680E+01
  1.6535E+02 -5.2279E+00 -1.4732E+01
  1.6573E+02 -5.1090E+00 -1.4783E+01
  1.6610E+02 -4.9897E+00 -1.4833E+01
  1.6648E+02 -4.8701E+00 -1.4882E+01
  1.6686E+02 -4.7501E+00 -1.4929E+01
  1.6723E+02 -4.6298E+00 -1.4975E+01
  1.6761E+02 -4.5091E+00 -1.5020E+01
  1.6798E+02 -4.3881E+00 -1.5063E+01
  1.6836E+02 -4.2668E+00 -1.5106E+01
  1.6873E+02 -4.1453E+00 -1.5146E+01
  1.6911E+02 -4.0236E+00 -1.5186E+01
  1.6949E+02 -3.9018E+00 -1.5224E+01
  1.6986E+02 -3.7798E+00 -1.5261E+01
  1.7024E+02 -3.6577E+00 -1.5296E+01
  1.7061E+02 -3.5355E+00 -1.5330E+01
  1.7099E+02 -3.4132E+00 -1.5363E+01
  1.7136E+02 -3.2908E+00 -1.5395E+01
  1.7174E+02 -3.1683E+00 -1.5425E+01
  1.7212E+02 -3.0456E+00 -1.5454E+01
  1.7249E+02 -2.9228E+00 -1.5481E+01
  1.7287E+02 -2.7998E+00 -1.5508E+01
  1.7324E+02 -2.6767E+00 -1.5533E+01
  1.7362E+02 -2.5534E+00 -1.5556E+01
  1.7400E+02 -2.4300E+00 -1.5579E+01
  1.7437E+02 -2.3064E+00 -1.5600E+01
  1.7475E+02 -2.1827E+00 -1.5619E+01
  1.7512E+02 -2.0589E+00 -1.5638E+01
  1.7550E+02 -1.9350E+00 -1.5655E+01
  1.7587E+02 -1.8111E+00 -1.5671E+01
  1.7625E+02 -1.6871E+00 -1.5685E+01
  1.7663E+02 -1.5630E+00 -1.5698E+01
  1.7700E+02 -1.4390E+00 -1.5710E+01
  1.7738E+02 -1.3150E+00 -1.5721E+01
  1.7775E+02 -1.1910E+00 -1.5730E+01
  1.7813E+02 -1.0671E+00 -1.5738E+01
  1.7851E+02 -9.4322E-01 -1.5745E+01
  1.7888E+02 -8.1942E-01 -1.5750E+01
  1.7926E+02 -6.9566E-01 -1.5754E+01
  1.7963E+02 -5.7192E-01 -1.5757E+01
  1.8001E+02 -4.4820E-01 -1.5759E+01
  1.8038E+02 -3.2446E-01 -1.5759E+01
  1.8076E+02 -2.0069E-01 -1.5758E+01
  1.8114E+02 -7.6895E-02 -1.5756E+01
  1.8151E+02  4.6931E-02 -1.5752E+01
  1.8189E+02  1.7076E-01 -1.5747E+01
  1.8226E+02  2.9457E-01 -1.5741E+01
  1.8264E+02  4.1832E-01 -1.5734E+01
  1.8301E+02  5.4196E-01 -1.5725E+01
  1.8339E+02  6.6545E-01 -1.5715E+01
  1.8377E+02  7.8874E-01 -1.5704E+01
  1.8414E+02  9.1180E-01 -1.5691E+01
  1.8452E+02  1.0346E+00 -1.5677E+01
  1.8489E+02  1.1571E+00 -1.5662E+01
  1.8527E+02  1.2793E+00 -1.5646E+01
  1.8565E+02  1.4012E+00 -1.5628E+01
  1.8602E+02  1.5227E+00 -1.5610E+01
  1.8640E+02  1.6440E+00 -1.5590E+01
  1.8677E+02  1.7650E+00 -1.5568E+01
  1.8715E+02  1.8857E+00 -1.5546E+01
  1.8752E+02  2.0062E+00 -1.5522E+01
  1.8790E+02  2.1263E+00 -1.5497E+01
  1.8828E+02  2.2462E+00 -1.5471E+01
  1.8865E+02  2.3657E+00 -1.5443E+01
  1.8903E+02  2.4849E+00 -1.5414E+01
  1.8940E+02  2.6038E+00 -1.5385E+01
  1.8978E+02  2.7224E+00 -1.5353E+01
  1.9015E+02  2.8405E+00 -1.5321E+01
  1.9053E+02  2.9584E+00 -1.5288E+01
  1.9091E+02  3.0758E+00 -1.5253E+01
  1.9128E+02  3.1928E+00 -1.5217E+01
  1.9166E+02  3.3094E+00 -1.5180E+01
  1.9203E+02  3.4255E+00 -1.5142E+01
  1.9241E+02  3.5411E+00 -1.5102E+01
  1.9279E+02  3.6562E+00 -1.5062E+01
  1.9316E+02  3.7708E+00 -1.5020E+01
  1.9354E+02  3.8848E+00 -1.4977E+01
  1.9391E+02  3.9982E+00 -1.4933E+01
  1.9429E+02  4.1110E+00 -1.4888E+01
  1.9466E+02  4.2232E+00 -1.4841E+01
  1.9504E+02  4.3347E+00 -1.4794E+01
  1.9542E+02  4.4455E+00 -1.4746E+01
  1.9579E+02  4.5557E+00 -1.4696E+01
  1.9617E+02  4.6653E+00 -1.4645E+01
  1.9654E+02  4.7742E+00 -1.4594E+01
  1.9692E+02  4.8826E+00 -1.4541E+01
  1.9730E+02  4.9904E+00 -1.4487E+01
  1.9767E+02  5.0976E+00 -1.4432E+01
  1.9805E+02  5.2043E+00 -1.4376E+01
  1.9842E+02  5.3105E+00 -1.4319E+01
  1.9880E+02  5.4162E+00 -1.4261E+01
  1.9917E+02  5.5214E+00 -1.4202E+01
  1.9955E+02  5.6261E+00 -1.4141E+01
  1.9993E+02  5.7303E+00 -1.4080E+01
  2.0030E+02  5.8340E+00 -1.4018E+01
  2.0068E+02  5.9372E+00 -1.3955E+01
  2.0105E+02  6.0398E+00 -1.3890E+01
  2.0143E+02  6.1418E+00 -1.3825E+01
  2.0180E+02  6.2433E+00 -1.3759E+01
  2.0218E+02  6.3441E+00 -1.3692E+01
  2.0256E+02  6.4443E+00 -1.3623E+01
  2.0293E+02  6.5439E+00 -1.3554E+01
  2.0331E+02  6.6428E+00 -1.3484E+01
  2.0368E+02  6.7411E+00 -1.3412E+01
  2.0406E+02  6.8388E+00 -1.3340E+01
  2.0444E+02  6.9358E+00 -1.3267E+01
  2.0481E+02  7.0321E+00 -1.3193E+01
  2.0519E+02  7.1279E+00 -1.3118E+01
  2.0556E+02  7.2230E+00 -1.3042E+01
  2.0594E+02  7.3175E+00 -1.2965E+01
  2.0631E+02  7.4113E+00 -1.2887E+01
  2.0669E+02  7.5045E+00 -1.2808E+01
  2.0707E+02  7.5970E+00 -1.2728E+01
  2.0744E+02  7.6888E+00 -1.2648E+01
  2.0782E+02  7.7799E+00 -1.2566E+01
  2.0819E+02  7.8703E+00 -1.2484E+01
  2.0857E+02  7.9599E+00 -1.2400E+01
  2.0894E+02  8.0486E+00 -1.2316E+01
  2.0932E+02  8.1366E+00 -1.2231E+01
  2.0970E+02  8.2237E+00 -1.2145E+01
  2.1007E+02  8.3100E+00 -1.2058E+01
  2.1045E+02  8.3954E+00 -1.1970E+01
  2.1082E+02  8.4799E+00 -1.1882E+01
  2.1120E+02  8.5635E+00 -1.1793E+01
  2.1158E+02  8.6462E+00 -1.1702E+01
  2.1195E+02  8.7279E+00 -1.1612E+01
  2.1233E+02  8.8086E+00 -1.1520E+01
  2.1270E+02  8.8884E+00 -1.1427E+01
  2.1308E+02  8.9671E+00 -1.1334E+01
  2.1345E+02  9.0449E+00 -1.1240E+01
  2.1383E+02  9.1217E+00 -1.1146E+01
  2.1421E+02  9.1974E+00 -1.1050E+01
  2.1458E+02  9.2721E+00 -1.0954E+01
  2.1496E+02  9.3457E+00 -1.0857E+01
  2.1533E+02  9.4184E+00 -1.0760E+01
  2.1571E+02  9.4899E+00 -1.0662E+01
  2.1609E+02  9.5604E+00 -1.0563E+01
  2.1646E+02  9.6298E+00 -1.0463E+01
  2.1684E+02  9.6981E+00 -1.0363E+01
  2.1721E+02  9.7654E+00 -1.0263E+01
  2.1759E+02  9.8315E+00 -1.0161E+01
  2.1796E+02  9.8966E+00 -1.0059E+01
  2.1834E+02  9.9606E+00 -9.9568E+00
  2.1872E+02  1.0024E+01 -9.8537E+00
  2.1909E+02  1.0085E+01 -9.7501E+00
  2.1947E+02  1.0146E+01 -9.6459E+00
  2.1984E+02  1.0206E+01 -9.5411E+00
  2.2022E+02  1.0265E+01 -9.4359E+00
  2.2059E+02  1.0323E+01 -9.3301E+00
  2.2097E+02  1.0379E+01 -9.2238E+00
  2.2135E+02  1.0435E+01 -9.1170E+00
  2.2172E+02  1.0490E+01 -9.0097E+00
  2.2210E+02  1.0543E+01 -8.9019E+00
  2.2247E+02  1.0596E+01 -8.7936E+00
  2.2285E+02  1.0648E+01 -8.6849E+00
  2.2323E+02  1.0699E+01 -8.5757E+00
  2.2360E+02  1.0748E+01 -8.4661E+00
  2.2398E+02  1.0797E+01 -8.3560E+00
  2.2435E+02  1.0845E+01 -8.2454E+00
  2.2473E+02  1.0892E+01 -8.1345E+00
  2.2510E+02  1.0938E+01 -8.0231E+00
  2.2548E+02  1.0983E+01 -7.9113E+00
  2.2586E+02  1.1027E+01 -7.7991E+00
  2.2623E+02  1.1071E+01 -7.6865E+00
  2.2661E+02  1.1113E+01 -7.5735E+00
  2.2698E+02  1.1155E+01 -7.4601E+00
  2.2736E+02  1.1195E+01 -7.3463E+00
  2.2773E+02  1.1235E+01 -7.2322E+00
  2.2811E+02  1.1273E+01 -7.1177E+00
  2.2849E+02  1.1311E+01 -7.0029E+00
  2.2886E+02  1.1348E+01 -6.8877E+00
  2.2924E+02  1.1384E+01 -6.7721E+00
  2.2961E+02  1.1418E+01 -6.6563E+00
  2.2999E+02  1.1452E+01 -6.5401E+00
  2.3037E+02  1.1485E+01 -6.4236E+00
  2.3074E+02  1.1517E+01 -6.3068E+00
  2.3112E+02  1.1548E+01 -6.1898E+00
  2.3149E+02  1.1578E+01 -6.0724E+00
  2.3187E+02  1.1607E+01 -5.9548E+00
  2.3224E+02  1.1635E+01 -5.8369E+00
  2.3262E+02  1.1662E+01 -5.7188E+00
  2.3300E+02  1.1687E+01 -5.6004E+00
  2.3337E+02  1.1712E+01 -5.4818E+00
  2.3375E+02  1.1736E+01 -5.3630E+00
  2.3412E+02  1.1759E+01 -5.2440E+00
  2.3450E+02  1.1780E+01 -5.1248E+00
  2.3488E+02  1.1801E+01 -5.0054E+00
  2.3525E+02  1.1820E+01 -4.8859E+00
  2.3563E+02  1.1838E+01 -4.7662E+00
  2.3600E+02  1.1855E+01 -4.6463E+00
  2.3638E+02  1.1872E+01 -4.5263E+00
  2.3675E+02  1.1886E+01 -4.4062E+00
  2.3713E+02  1.1900E+01 -4.2860E+00
  2.3751E+02  1.1913E+01 -4.1657E+00
  2.3788E+02  1.1924E+01 -4.0453E+00
  2.3826E+02  1.1935E+01 -3.9249E+00
  2.3863E+02  1.1944E+01 -3.8044E+00
  2.3901E+02  1.1952E+01 -3.6839E+00
  2.3938E+02  1.1959E+01 -3.5633E+00
  2.3976E+02  1.1965E+01 -3.4427E+00
  2.4014E+02  1.1969E+01 -3.3221E+00
  2.4051E+02  1.1973E+01 -3.2016E+00
  2.4089E+02  1.1975E+01 -3.0810E+00
  2.4126E+02  1.1977E+01 -2.9605E+00
  2.4164E+02  1.1977E+01 -2.8400E+00
  2.4202E+02  1.1976E+01 -2.7196E+00
  2.4239E+02  1.1974E+01 -2.5992E+00
  2.4277E+02  1.1971E+01 -2.4790E+00
  2.4314E+02  1.1967E+01 -2.3588E+00
  2.4352E+02  1.1961E+01 -2.2387E+00
  2.4389E+02  1.1955E+01 -2.1187E+00
  2.4427E+02  1.1947E+01 -1.9989E+00
  2.4465E+02  1.1939E+01 -1.8792E+00
  2.4502E+02  1.1929E+01 -1.7596E+00
  2.4540E+02  1.1918E+01 -1.6402E+00
  2.4577E+02  1.1906E+01 -1.5209E+00
  2.4615E+02  1.1894E+01 -1.4019E+00
  2.4652E+02  1.1880E+01 -1.2830E+00
  2.4690E+02  1.1865E+01 -1.1642E+00
  2.4728E+02  1.1849E+01 -1.0457E+00
  2.4765E+02  1.1832E+01 -9.2740E-01
  2.4803E+02  1.1814E+01 -8.0930E-01
  2.4840E+02  1.1795E+01 -6.9141E-01
  2.4878E+02  1.1776E+01 -5.7375E-01
  2.4916E+02  1.1755E+01 -4.5632E-01
  2.4953E+02  1.1733E+01 -3.3913E-01
  2.4991E+02  1.1711E+01 -2.2219E-01
  2.5028E+02  1.1687E+01 -1.0551E-01
  2.5066E+02  1.1662E+01  1.0913E-02
  2.5103E+02  1.1637E+01  1.2706E-01
  2.5141E+02  1.1611E+01  2.4294E-01
  2.5179E+02  1.1583E+01  3.5852E-01
  2.5216E+02  1.1555E+01  4.7382E-01
  2.5254E+02  1.1526E+01  5.8882E-01
  2.5291E+02  1.1496E+01  7.0351E-01
  2.5329E+02  1.1465E+01  8.1789E-01
  2.5367E+02  1.1433E+01  9.3195E-01
  2.5404E+02  1.1400E+01  1.0457E+00
  2.5442E+02  1.1367E+01  1.1591E+00
  2.5479E+02  1.1332E+01  1.2721E+00
  2.5517E+02  1.1297E+01  1.3848E+00
  2.5554E+02  1.1260E+01  1.4972E+00
  2.5592E+02  1.1223E+01  1.6091E+00
  2.5630E+02  1.1185E+01  1.7207E+00
  2.5667E+02  1.1146E+01  1.8320E+00
  2.5705E+02  1.1106E+01  1.9428E+00
  2.5742E+02  1.1065E+01  2.0532E+00
  2.5780E+02  1.1023E+01  2.1632E+00
  2.5817E+02  1.0981E+01  2.2728E+00
  2.5855E+02  1.0937E+01  2.3820E+00
  2.5893E+02  1.0893E+01  2.4908E+00
  2.5930E+02  1.0847E+01  2.5991E+00
  2.5968E+02  1.0801E+01  2.7069E+00
  2.6005E+02  1.0754E+01  2.8143E+00
  2.6043E+02  1.0706E+01  2.9212E+00
  2.6081E+02  1.0657E+01  3.0276E+00
  2.6118E+02  1.0607E+01  3.1335E+00
  2.6156E+02  1.0556E+01  3.2389E+00
  2.6193E+02  1.0504E+01  3.3438E+00
  2.6231E+02  1.0451E+01  3.4482E+00
  2.6268E+02  1.0398E+01  3.5521E+00
  2.6306E+02  1.0343E+01  3.6554E+00
  2.6344E+02  1.0288E+01  3.7581E+00
  2.6381E+02  1.0231E+01  3.8603E+00
  2.6419E+02  1.0174E+01  3.9619E+00
  2.6456E+02  1.0116E+01  4.0629E+00
  2.6494E+02  1.0057E+01  4.1633E+00
  2.6531E+02  9.9973E+00  4.2631E+00
  2.6569E+02  9.9366E+00  4.3623E+00
  2.6607E+02  9.8750E+00  4.4609E+00
  2.6644E+02  9.8127E+00  4.5589E+00
  2.6682E+02  9.7495E+00  4.6562E+00
  2.6719E+02  9.6854E+00  4.7528E+00
  2.6757E+02  9.6206E+00  4.8488E+00
  2.6795E+02  9.5550E+00  4.9442E+00
  2.6832E+02  9.4885E+00  5.0388E+00
  2.6870E+02  9.4213E+00  5.1328E+00
  2.6907E+02  9.3534E+00  5.2261E+00
  2.6945E+02  9.2846E+00  5.3186E+00
  2.6982E+02  9.2152E+00  5.4105E+00
  2.7020E+02  9.1449E+00  5.5017E+00
  2.7058E+02  9.0740E+00  5.5921E+00
  2.7095E+02  9.0024E+00  5.6819E+00
  2.7133E+02  8.9300E+00  5.7709E+00
  2.7170E+02  8.8570E+00  5.8591E+00
  2.7208E+02  8.7833E+00  5.9466E+00
  2.7246E+02  8.7089E+00  6.0334E+00
  2.7283E+02  8.6339E+00  6.1194E+00
  2.7321E+02  8.5583E+00  6.2047E+00
  2.7358E+02  8.4820E+00  6.2892E+00
  2.7396E+02  8.4051E+00  6.3730E+00
  2.7433E+02  8.3276E+00  6.4560E+00
  2.7471E+02  8.2495E+00  6.5382E+00
  2.7509E+02  8.1708E+00  6.6196E+00
  2.7546E+02  8.0916E+00  6.7003E+00
  2.7584E+02  8.0118E+00  6.7802E+00
  2.7621E+02  7.9315E+00  6.8593E+00
  2.7659E+02  7.8506E+00  6.9376E+00
  2.7696E+02  7.7692E+00  7.0151E+00
  2.7734E+02  7.6873E+00  7.0919E+00
  2.7772E+02  7.6049E+00  7.1678E+00
  2.7809E+02  7.5221E+00  7.2430E+00
  2.7847E+02  7.4387E+00  7.3173E+00
  2.7884E+02  7.3549E+00  7.3909E+00
  2.7922E+02  7.2706E+00  7.4637E+00
  2.7960E+02  7.1858E+00  7.5356E+00
  2.7997E+02  7.1007E+00  7.6068E+00
  2.8035E+02  7.0150E+00  7.6772E+00
  2.8072E+02  6.9290E+00  7.7467E+00
  2.8110E+02  6.8425E+00  7.8155E+00
  2.8147E+02  6.7556E+00  7.8834E+00
  2.8185E+02  6.6683E+00  7.9505E+00
  2.8223E+02  6.5806E+00  8.0168E+00
  2.8260E+02  6.4925E+00  8.0823E+00
  2.8298E+02  6.4040E+00  8.1469E+00
  2.8335E+02  6.3151E+00  8.2107E+00
  2.8373E+02  6.2258E+00  8.2737E+00
  2.8410E+02  6.1361E+00  8.3359E+00
  2.8448E+02  6.0460E+00  8.3972E+00
  2.8486E+02  5.9555E+00  8.4577E+00
  2.8523E+02  5.8647E+00  8.5174E+00
  2.8561E+02  5.7735E+00  8.5762E+00
  2.8598E+02  5.6819E+00  8.6341E+00
  2.8636E+02  5.5899E+00  8.6912E+00
  2.8674E+02  5.4976E+00  8.7475E+00
  2.8711E+02  5.4049E+00  8.8029E+00
  2.8749E+02  5.3118E+00  8.8574E+00
  2.8786E+02  5.2184E+00  8.9111E+00
  2.8824E+02  5.1246E+00  8.9639E+00
  2.8861E+02  5.0305E+00  9.0158E+00
  2.8899E+02  4.9360E+00  9.0668E+00
  2.8937E+02  4.8411E+00  9.1169E+00
  2.8974E+02  4.7460E+00  9.1662E+00
  2.9012E+02  4.6504E+00  9.2145E+00
  2.9049E+02  4.5546E+00  9.2620E+00
  2.9087E+02  4.4584E+00  9.3086E+00
  2.9125E+02  4.3619E+00  9.3542E+00
  2.9162E+02  4.2651E+00  9.3989E+00
  2.9200E+02  4.1680E+00  9.4428E+00
  2.9237E+02  4.0706E+00  9.4856E+00
  2.9275E+02  3.9729E+00  9.5276E+00
  2.9312E+02  3.8750E+00  9.5687E+00
  2.9350E+02  3.7767E+00  9.6088E+00
  2.9388E+02  3.6783E+00  9.6480E+00
  2.9425E+02  3.5795E+00  9.6862E+00
  2.9463E+02  3.4806E+00  9.7235E+00
  2.9500E+02  3.3814E+00  9.7598E+00
  2.9538E+02  3.2820E+00  9.7952E+00
  2.9575E+02  3.1824E+00  9.8297E+00
  2.9613E+02  3.0826E+00  9.8631E+00
  2.9651E+02  2.9826E+00  9.8957E+00
  2.9688E+02  2.8825E+00  9.9272E+00
  2.9726E+02  2.7822E+00  9.9578E+00
  2.9763E+02  2.6818E+00  9.9875E+00
  2.9801E+02  2.5812E+00  1.0016E+01
  2.9839E+02  2.4805E+00  1.0044E+01
  2.9876E+02  2.3798E+00  1.0071E+01
  2.9914E+02  2.2789E+00  1.0096E+01
  2.9951E+02  2.1779E+00  1.0121E+01
  2.9989E+02  2.0769E+00  1.0145E+01
  3.0026E+02  1.9758E+00  1.0168E+01
  3.0064E+02  1.8747E+00  1.0190E+01
  3.0102E+02  1.7736E+00  1.0211E+01
  3.0139E+02  1.6725E+00  1.0231E+01
  3.0177E+02  1.5713E+00  1.0250E+01
  3.0214E+02  1.4702E+00  1.0268E+01
  3.0252E+02  1.3691E+00  1.0285E+01
  3.0289E+02  1.2680E+00  1.0301E+01
  3.0327E+02  1.1670E+00  1.0316E+01
  3.0365E+02  1.0660E+00  1.0330E+01
  3.0402E+02  9.6515E-01  1.0344E+01
  3.0440E+02  8.6434E-01  1.0356E+01
  3.0477E+02  7.6363E-01  1.0368E+01
  3.0515E+02  6.6303E-01  1.0378E+01
  3.0553E+02  5.6255E-01  1.0388E+01
  3.0590E+02  4.6220E-01  1.0396E+01
  3.0628E+02  3.6200E-01  1.0404E+01
  3.0665E+02  2.6196E-01  1.0411E+01
  3.0703E+02  1.6208E-01  1.0416E+01
  3.0740E+02  6.2382E-02  1.0421E+01
  3.0778E+02 -3.7129E-02  1.0425E+01
  3.0816E+02 -1.3644E-01  1.0429E+01
  3.0853E+02 -2.3555E-01  1.0431E+01
  3.0891E+02 -3.3444E-01  1.0432E+01
  3.0928E+02 -4.3311E-01  1.0433E+01
  3.0966E+02 -5.3155E-01  1.0432E+01
  3.1004E+02 -6.2976E-01  1.0431E+01
  3.1041E+02 -7.2773E-01  1.0429E+01
  3.1079E+02 -8.2544E-01  1.0426E+01
  3.1116E+02 -9.2291E-01  1.0422E+01
  3.1154E+02 -1.0201E+00  1.0417E+01
  3.1191E+02 -1.1171E+00  1.0411E+01
  3.1229E+02 -1.2137E+00  1.0405E+01
  3.1267E+02 -1.3101E+00  1.0397E+01
  3.1304E+02 -1.4063E+00  1.0389E+01
  3.1342E+02 -1.5021E+00  1.0380E+01
  3.1379E+02 -1.5977E+00  1.0370E+01
  3.1417E+02 -1.6930E+00  1.0359E+01
  3.1454E+02 -1.7879E+00  1.0348E+01
  3.1492E+02 -1.8826E+00  1.0335E+01
  3.1530E+02 -1.9770E+00  1.0322E+01
  3.1567E+02 -2.0711E+00  1.0308E+01
  3.1605E+02 -2.1649E+00  1.0293E+01
  3.1642E+02 -2.2583E+00  1.0278E+01
  3.1680E+02 -2.3515E+00  1.0261E+01
  3.1718E+02 -2.4443E+00  1.0244E+01
  3.1755E+02 -2.5369E+00  1.0225E+01
  3.1793E+02 -2.6291E+00  1.0207E+01
  3.1830E+02 -2.7209E+00  1.0187E+01
  3.1868E+02 -2.8125E+00  1.0166E+01
  3.1905E+02 -2.9037E+00  1.0145E+01
  3.1943E+02 -2.9946E+00  1.0123E+01
  3.1981E+02 -3.0851E+00  1.0100E+01
  3.2018E+02 -3.1753E+00  1.0076E+01
  3.2056E+02 -3.2651E+00  1.0051E+01
  3.2093E+02 -3.3546E+00  1.0026E+01
  3.2131E+02 -3.4438E+00  9.9996E+00
  3.2168E+02 -3.5325E+00  9.9726E+00
  3.2206E+02 -3.6209E+00  9.9448E+00
  3.2244E+02 -3.7089E+00  9.9163E+00
  3.2281E+02 -3.7965E+00  9.8870E+00
  3.2319E+02 -3.8838E+00  9.8568E+00
  3.2356E+02 -3.9706E+00  9.8259E+00
  3.2394E+02 -4.0571E+00  9.7943E+00
  3.2432E+02 -4.1431E+00  9.7618E+00
  3.2469E+02 -4.2287E+00  9.7286E+00
  3.2507E+02 -4.3139E+00  9.6946E+00
  3.2544E+02 -4.3987E+00  9.6598E+00
  3.2582E+02 -4.4830E+00  9.6243E+00
  3.2619E+02 -4.5669E+00  9.5880E+00
  3.2657E+02 -4.6503E+00  9.5509E+00
  3.2695E+02 -4.7333E+00  9.5131E+00
  3.2732E+02 -4.8158E+00  9.4746E+00
  3.2770E+02 -4.8978E+00  9.4353E+00
  3.2807E+02 -4.9793E+00  9.3952E+00
  3.2845E+02 -5.0604E+00  9.3544E+00
  3.2883E+02 -5.1409E+00  9.3129E+00
  3.2920E+02 -5.2210E+00  9.2707E+00
  3.2958E+02 -5.3005E+00  9.2277E+00
  3.2995E+02 -5.3795E+00  9.1840E+00
  3.3033E+02 -5.4579E+00  9.1396E+00
  3.3070E+02 -5.5359E+00  9.0944E+00
  3.3108E+02 -5.6132E+00  9.0486E+00
  3.3146E+02 -5.6900E+00  9.0021E+00
  3.3183E+02 -5.7662E+00  8.9549E+00
  3.3221E+02 -5.8419E+00  8.9070E+00
  3.3258E+02 -5.9170E+00  8.8584E+00
  3.3296E+02 -5.9914E+00  8.8091E+00
  3.3333E+02 -6.0653E+00  8.7592E+00
  3.3371E+02 -6.1385E+00  8.7086E+00
  3.3409E+02 -6.2111E+00  8.6574E+00
  3.3446E+02 -6.2831E+00  8.6055E+00
  3.3484E+02 -6.3544E+00  8.5530E+00
  3.3521E+02 -6.4251E+00  8.4999E+00
  3.3559E+02 -6.4951E+00  8.4461E+00
  3.3597E+02 -6.5645E+00  8.3918E+00
  3.3634E+02 -6.6332E+00  8.3368E+00
  3.3672E+02 -6.7012E+00  8.2812E+00
  3.3709E+02 -6.7685E+00  8.2251E+00
  3.3747E+02 -6.8351E+00  8.1684E+00
  3.3784E+02 -6.9010E+00  8.1111E+00
  3.3822E+02 -6.9662E+00  8.0533E+00
  3.3860E+02 -7.0307E+00  7.9949E+00
  3.3897E+02 -7.0944E+00  7.9359E+00
  3.3935E+02 -7.1575E+00  7.8765E+00
  3.3972E+02 -7.2198E+00  7.8165E+00
  3.4010E+02 -7.2813E+00  7.7560E+00
  3.4047E+02 -7.3421E+00  7.6950E+00
  3.4085E+02 -7.4022E+00  7.6335E+00
  3.4123E+02 -7.4615E+00  7.5715E+00
  3.4160E+02 -7.5201E+00  7.5090E+00
  3.4198E+02 -7.5779E+00  7.4461E+00
  3.4235E+02 -7.6349E+00  7.3827E+00
  3.4273E+02 -7.6912E+00  7.3189E+00
  3.4311E+02 -7.7467E+00  7.2546E+00
  3.4348E+02 -7.8015E+00  7.1899E+00
  3.4386E+02 -7.8555E+00  7.1247E+00
  3.4423E+02 -7.9087E+00  7.0591E+00
  3.4461E+02 -7.9611E+00  6.9931E+00
  3.4498E+02 -8.0128E+00  6.9267E+00
  3.4536E+02 -8.0637E+00  6.8600E+00
  3.4574E+02 -8.1139E+00  6.7928E+00
  3.4611E+02 -8.1632E+00  6.7252E+00
  3.4649E+02 -8.2119E+00  6.6573E+00
  3.4686E+02 -8.2597E+00  6.5890E+00
  3.4724E+02 -8.3068E+00  6.5203E+00
  3.4762E+02 -8.3531E+00  6.4513E+00
  3.4799E+02 -8.3986E+00  6.3819E+00
  3.4837E+02 -8.4434E+00  6.3122E+00
  3.4874E+02 -8.4874E+00  6.2422E+00
  3.4912E+02 -8.5307E+00  6.1718E+00
  3.4949E+02 -8.5732E+00  6.1011E+00
  3.4987E+02 -8.6149E+00  6.0301E+00
  3.5025E+02 -8.6559E+00  5.9588E+00
  3.5062E+02 -8.6961E+00  5.8872E+00
  3.5100E+02 -8.7356E+00  5.8153E+00
  3.5137E+02 -8.7743E+00  5.7431E+00
  3.5175E+02 -8.8122E+00  5.6706E+00
  3.5212E+02 -8.8494E+00  5.5978E+00
  3.5250E+02 -8.8859E+00  5.5248E+00
  3.5288E+02 -8.9216E+00  5.4514E+00
  3.5325E+02 -8.9565E+00  5.3779E+00
  3.5363E+02 -8.9907E+00  5.3040E+00
  3.5400E+02 -9.0242E+00  5.2299E+00
  3.5438E+02 -9.0569E+00  5.1556E+00
  3.5476E+02 -9.0888E+00  5.0810E+00
  3.5513E+02 -9.1200E+00  5.0062E+00
  3.5551E+02 -9.1504E+00  4.9312E+00
  3.5588E+02 -9.1801E+00  4.8559E+00
  3.5626E+02 -9.2090E+00  4.7804E+00
  3.5663E+02 -9.2372E+00  4.7047E+00
  3.5701E+02 -9.2646E+00  4.6288E+00
  3.5739E+02 -9.2912E+00  4.5527E+00
  3.5776E+02 -9.3171E+00  4.4764E+00
  3.5814E+02 -9.3422E+00  4.3999E+00
  3.5851E+02 -9.3666E+00  4.3233E+00
  3.5889E+02 -9.3902E+00  4.2464E+00
  3.5926E+02 -9.4130E+00  4.1694E+00
  3.5964E+02 -9.4351E+00  4.0922E+00
  3.6002E+02 -9.4563E+00  4.0149E+00
  3.6039E+02 -9.4768E+00  3.9374E+00
  3.6077E+02 -9.4966E+00  3.8598E+00
  3.6114E+02 -9.5155E+00  3.7820E+00
  3.6152E+02 -9.5337E+00  3.7041E+00
  3.6190E+02 -9.5511E+00  3.6261E+00
  3.6227E+02 -9.5677E+00  3.5480E+00
  3.6265E+02 -9.5835E+00  3.4697E+00
  3.6302E+02 -9.5985E+00  3.3914E+00
  3.6340E+02 -9.6128E+00  3.3129E+00
  3.6377E+02 -9.6262E+00  3.2344E+00
  3.6415E+02 -9.6389E+00  3.1558E+00
  3.6453E+02 -9.6508E+00  3.0771E+00
  3.6490E+02 -9.6618E+00  2.9983E+00
  3.6528E+02 -9.6721E+00  2.9195E+00
  3.6565E+02 -9.6816E+00  2.8407E+00
  3.6603E+02 -9.6904E+00  2.7618E+00
  3.6641E+02 -9.6983E+00  2.6828E+00
  3.6678E+02 -9.7054E+00  2.6038E+00
  3.6716E+02 -9.7117E+00  2.5249E+00
  3.6753E+02 -9.7173E+00  2.4459E+00
  3.6791E+02 -9.7220E+00  2.3669E+00
  3.6828E+02 -9.7260E+00  2.2879E+00
  3.6866E+02 -9.7291E+00  2.2089E+00
  3.6904E+02 -9.7315E+00  2.1299E+00
  3.6941E+02 -9.7331E+00  2.0510E+00
  3.6979E+02 -9.7338E+00  1.9721E+00
  3.7016E+02 -9.7338E+00  1.8932E+00
  3.7054E+02 -9.7330E+00  1.8144E+00
  3.7091E+02 -9.7314E+00  1.7357E+00
  3.7129E+02 -9.7291E+00  1.6570E+00
  3.7167E+02 -9.7259E+00  1.5784E+00
  3.7204E+02 -9.7219E+00  1.4999E+00
  3.7242E+02 -9.7171E+00  1.4215E+00
  3.7279E+02 -9.7116E+00  1.3432E+00
  3.7317E+02 -9.7053E+00  1.2650E+00
  3.7355E+02 -9.6981E+00  1.1869E+00
  3.7392E+02 -9.6902E+00  1.1090E+00
  3.7430E+02 -9.6815E+00  1.0312E+00
  3.7467E+02 -9.6720E+00  9.5352E-01
  3.7505E+02 -9.6617E+00  8.7601E-01
  3.7542E+02 -9.6506E+00  7.9866E-01
  3.7580E+02 -9.6387E+00  7.2147E-01
  3.7618E+02 -9.6261E+00  6.4446E-01
  3.7655E+02 -9.6126E+00  5.6763E-01
  3.7693E+02 -9.5984E+00  4.9100E-01
  3.7730E+02 -9.5834E+00  4.1456E-01
  3.7768E+02 -9.5676E+00  3.3833E-01
  3.7805E+02 -9.5510E+00  2.6231E-01
  3.7843E+02 -9.5337E+00  1.8652E-01
  3.7881E+02 -9.5156E+00  1.1095E-01
  3.7918E+02 -9.4967E+00  3.5616E-02
  3.7956E+02 -9.4770E+00 -3.9476E-02
  3.7993E+02 -9.4566E+00 -1.1432E-01
  3.8031E+02 -9.4354E+00 -1.8890E-01
  3.8069E+02 -9.4135E+00 -2.6323E-01
  3.8106E+02 -9.3908E+00 -3.3728E-01
  3.8144E+02 -9.3674E+00 -4.1106E-01
  3.8181E+02 -9.3432E+00 -4.8455E-01
  3.8219E+02 -9.3182E+00 -5.5776E-01
  3.8256E+02 -9.2926E+00 -6.3067E-01
  3.8294E+02 -9.2662E+00 -7.0328E-01
  3.8332E+02 -9.2391E+00 -7.7558E-01
  3.8369E+02 -9.2112E+00 -8.4757E-01
  3.8407E+02 -9.1827E+00 -9.1924E-01
  3.8444E+02 -9.1535E+00 -9.9058E-01
  3.8482E+02 -9.1235E+00 -1.0616E+00
  3.8520E+02 -9.0929E+00 -1.1323E+00
  3.8557E+02 -9.0615E+00 -1.2026E+00
  3.8595E+02 -9.0295E+00 -1.2726E+00
  3.8632E+02 -8.9968E+00 -1.3422E+00
  3.8670E+02 -8.9635E+00 -1.4115E+00
  3.8707E+02 -8.9295E+00 -1.4804E+00
  3.8745E+02 -8.8948E+00 -1.5489E+00
  3.8783E+02 -8.8595E+00 -1.6171E+00
  3.8820E+02 -8.8235E+00 -1.6849E+00
  3.8858E+02 -8.7869E+00 -1.7523E+00
  3.8895E+02 -8.7497E+00 -1.8193E+00
  3.8933E+02 -8.7119E+00 -1.8859E+00
  3.8970E+02 -8.6734E+00 -1.9522E+00
  3.9008E+02 -8.6343E+00 -2.0180E+00
  3.9046E+02 -8.5947E+00 -2.0834E+00
  3.9083E+02 -8.5544E+00 -2.1484E+00
  3.9121E+02 -8.5135E+00 -2.2130E+00
  3.9158E+02 -8.4721E+00 -2.2772E+00
  3.9196E+02 -8.4301E+00 -2.3410E+00
  3.9234E+02 -8.3875E+00 -2.4043E+00
  3.9271E+02 -8.3444E+00 -2.4672E+00
  3.9309E+02 -8.3006E+00 -2.5297E+00
  3.9346E+02 -8.2564E+00 -2.5918E+00
  3.9384E+02 -8.2116E+00 -2.6534E+00
  3.9421E+02 -8.1663E+00 -2.7145E+00
  3.9459E+02 -8.1204E+00 -2.7752E+00
  3.9497E+02 -8.0740E+00 -2.8355E+00
  3.9534E+02 -8.0271E+00 -2.8953E+00
  3.9572E+02 -7.9796E+00 -2.9546E+00
  3.9609E+02 -7.9317E+00 -3.0135E+00
  3.9647E+02 -7.8832E+00 -3.0719E+00
  3.9684E+02 -7.8342E+00 -3.1298E+00
  3.9722E+02 -7.7848E+00 -3.1873E+00
  3.9760E+02 -7.7348E+00 -3.2443E+00
  3.9797E+02 -7.6844E+00 -3.3008E+00
  3.9835E+02 -7.6334E+00 -3.3568E+00
  3.9872E+02 -7.5820E+00 -3.4124E+00
  3.9910E+02 -7.5301E+00 -3.4674E+00
  3.9948E+02 -7.4778E+00 -3.5220E+00
  3.9985E+02 -7.4250E+00 -3.5760E+00
  4.0023E+02 -7.3717E+00 -3.6296E+00
  4.0060E+02 -7.3179E+00 -3.6826E+00
  4.0098E+02 -7.2637E+00 -3.7352E+00
  4.0135E+02 -7.2090E+00 -3.7872E+00
  4.0173E+02 -7.1539E+00 -3.8387E+00
  4.0211E+02 -7.0984E+00 -3.8897E+00
  4.0248E+02 -7.0423E+00 -3.9401E+00
  4.0286E+02 -6.9859E+00 -3.9900E+00
  4.0323E+02 -6.9290E+00 -4.0394E+00
  4.0361E+02 -6.8717E+00 -4.0883E+00
  4.0399E+02 -6.8140E+00 -4.1366E+00
  4.0436E+02 -6.7558E+00 -4.1844E+00
  4.0474E+02 -6.6972E+00 -4.2316E+00
  4.0511E+02 -6.6382E+00 -4.2782E+00
  4.0549E+02 -6.5788E+00 -4.3244E+00
  4.0586E+02 -6.5190E+00 -4.3699E+00
  4.0624E+02 -6.4588E+00 -4.4149E+00
  4.0662E+02 -6.3982E+00 -4.4593E+00
  4.0699E+02 -6.3372E+00 -4.5032E+00
  4.0737E+02 -6.2758E+00 -4.5464E+00
  4.0774E+02 -6.2140E+00 -4.5891E+00
  4.0812E+02 -6.1519E+00 -4.6312E+00
  4.0849E+02 -6.0894E+00 -4.6727E+00
  4.0887E+02 -6.0265E+00 -4.7137E+00
  4.0925E+02 -5.9632E+00 -4.7540E+00
  4.0962E+02 -5.8996E+00 -4.7938E+00
  4.1000E+02 -5.8357E+00 -4.8329E+00
  4.1037E+02 -5.7714E+00 -4.8715E+00
  4.1075E+02 -5.7068E+00 -4.9094E+00
  4.1113E+02 -5.6418E+00 -4.9467E+00
  4.1150E+02 -5.5765E+00 -4.9834E+00
  4.1188E+02 -5.5109E+00 -5.0195E+00
  4.1225E+02 -5.4450E+00 -5.0550E+00
  4.1263E+02 -5.3788E+00 -5.0899E+00
  4.1300E+02 -5.3122E+00 -5.1241E+00
  4.1338E+02 -5.2454E+00 -5.1577E+00
  4.1376E+02 -5.1783E+00 -5.1907E+00
  4.1413E+02 -5.1109E+00 -5.2231E+00
  4.1451E+02 -5.0432E+00 -5.2548E+00
  4.1488E+02 -4.9753E+00 -5.2859E+00
  4.1526E+02 -4.9071E+00 -5.3163E+00
  4.1563E+02 -4.8386E+00 -5.3462E+00
  4.1601E+02 -4.7698E+00 -5.3753E+00
  4.1639E+02 -4.7009E+00 -5.4039E+00
  4.1676E+02 -4.6316E+00 -5.4317E+00
  4.1714E+02 -4.5622E+00 -5.4590E+00
  4.1751E+02 -4.4925E+00 -5.4856E+00
  4.1789E+02 -4.4226E+00 -5.5115E+00
  4.1827E+02 -4.3525E+00 -5.5368E+00
  4.1864E+02 -4.2821E+00 -5.5614E+00
  4.1902E+02 -4.2116E+00 -5.5854E+00
  4.1939E+02 -4.1409E+00 -5.6087E+00
  4.1977E+02 -4.0699E+00 -5.6314E+00
  4.2014E+02 -3.9988E+00 -5.6534E+00
  4.2052E+02 -3.9276E+00 -5.6748E+00
  4.2090E+02 -3.8561E+00 -5.6955E+00
  4.2127E+02 -3.7845E+00 -5.7156E+00
  4.2165E+02 -3.7128E+00 -5.7350E+00
  4.2202E+02 -3.6408E+00 -5.7537E+00
  4.2240E+02 -3.5688E+00 -5.7718E+00
  4.2278E+02 -3.4966E+00 -5.7892E+00
  4.2315E+02 -3.4243E+00 -5.8060E+00
  4.2353E+02 -3.3519E+00 -5.8221E+00
  4.2390E+02 -3.2794E+00 -5.8375E+00
  4.2428E+02 -3.2068E+00 -5.8523E+00
  4.2465E+02 -3.1341E+00 -5.8665E+00
  4.2503E+02 -3.0613E+00 -5.8800E+00
  4.2541E+02 -2.9884E+00 -5.8928E+00
  4.2578E+02 -2.9155E+00 -5.9050E+00
  4.2616E+02 -2.8425E+00 -5.9165E+00
  4.2653E+02 -2.7694E+00 -5.9274E+00
  4.2691E+02 -2.6963E+00 -5.9376E+00
  4.2728E+02 -2.6232E+00 -5.9471E+00
  4.2766E+02 -2.5500E+00 -5.9561E+00
  4.2804E+02 -2.4768E+00 -5.9643E+00
  4.2841E+02 -2.4036E+00 -5.9719E+00
  4.2879E+02 -2.3304E+00 -5.9789E+00
  4.2916E+02 -2.2572E+00 -5.9852E+00
  4.2954E+02 -2.1840E+00 -5.9909E+00
  4.2992E+02 -2.1108E+00 -5.9959E+00
  4.3029E+02 -2.0376E+00 -6.0003E+00
  4.3067E+02 -1.9644E+00 -6.0040E+00
  4.3104E+02 -1.8913E+00 -6.0071E+00
  4.3142E+02 -1.8182E+00 -6.0095E+00
  4.3179E+02 -1.7452E+00 -6.0113E+00
  4.3217E+02 -1.6722E+00 -6.0125E+00
  4.3255E+02 -1.5992E+00 -6.0130E+00
  4.3292E+02 -1.5264E+00 -6.0129E+00
  4.3330E+02 -1.4536E+00 -6.0122E+00
  4.3367E+02 -1.3809E+00 -6.0109E+00
  4.3405E+02 -1.3082E+00 -6.0089E+00
  4.3442E+02 -1.2357E+00 -6.0062E+00
  4.3480E+02 -1.1632E+00 -6.0030E+00
  4.3518E+02 -1.0909E+00 -5.9991E+00
  4.3555E+02 -1.0186E+00 -5.9946E+00
  4.3593E+02 -9.4646E-01 -5.9895E+00
  4.3630E+02 -8.7443E-01 -5.9838E+00
  4.3668E+02 -8.0253E-01 -5.9774E+00
  4.3706E+02 -7.3076E-01 -5.9704E+00
  4.3743E+02 -6.5912E-01 -5.9628E+00
  4.3781E+02 -5.8761E-01 -5.9546E+00
  4.3818E+02 -5.1626E-01 -5.9458E+00
  4.3856E+02 -4.4505E-01 -5.9364E+00
  4.3893E+02 -3.7399E-01 -5.9263E+00
  4.3931E+02 -3.0310E-01 -5.9157E+00
  4.3969E+02 -2.3237E-01 -5.9045E+00
  4.4006E+02 -1.6180E-01 -5.8926E+00
  4.4044E+02 -9.1415E-02 -5.8802E+00
  4.4081E+02 -2.1205E-02 -5.8671E+00
  4.4119E+02  4.8821E-02 -5.8535E+00
  4.4157E+02  1.1866E-01 -5.8392E+00
  4.4194E+02  1.8831E-01 -5.8244E+00
  4.4232E+02  2.5776E-01 -5.8090E+00
  4.4269E+02  3.2700E-01 -5.7930E+00
  4.4307E+02  3.9604E-01 -5.7764E+00
  4.4344E+02  4.6487E-01 -5.7592E+00
  4.4382E+02  5.3349E-01 -5.7414E+00
  4.4420E+02  6.0189E-01 -5.7230E+00
  4.4457E+02  6.7006E-01 -5.7041E+00
  4.4495E+02  7.3800E-01 -5.6846E+00
  4.4532E+02  8.0571E-01 -5.6645E+00
  4.4570E+02  8.7319E-01 -5.6439E+00
  4.4607E+02  9.4042E-01 -5.6227E+00
  4.4645E+02  1.0074E+00 -5.6009E+00
  4.4683E+02  1.0741E+00 -5.5785E+00
  4.4720E+02  1.1406E+00 -5.5556E+00
  4.4758E+02  1.2068E+00 -5.5321E+00
  4.4795E+02  1.2728E+00 -5.5081E+00
  4.4833E+02  1.3385E+00 -5.4835E+00
  4.4871E+02  1.4039E+00 -5.4584E+00
  4.4908E+02  1.4690E+00 -5.4327E+00
  4.4946E+02  1.5338E+00 -5.4065E+00
  4.4983E+02  1.5984E+00 -5.3798E+00
  4.5021E+02  1.6626E+00 -5.3525E+00
  4.5058E+02  1.7266E+00 -5.3246E+00
  4.5096E+02  1.7902E+00 -5.2963E+00
  4.5134E+02  1.8535E+00 -5.2674E+00
  4.5171E+02  1.9165E+00 -5.2380E+00
  4.5209E+02  1.9792E+00 -5.2081E+00
  4.5246E+02  2.0416E+00 -5.1776E+00
  4.5284E+02  2.1036E+00 -5.1467E+00
  4.5321E+02  2.1653E+00 -5.1152E+00
  4.5359E+02  2.2267E+00 -5.0832E+00
  4.5397E+02  2.2877E+00 -5.0508E+00
  4.5434E+02  2.3483E+00 -5.0178E+00
  4.5472E+02  2.4086E+00 -4.9844E+00
  4.5509E+02  2.4686E+00 -4.9504E+00
  4.5547E+02  2.5281E+00 -4.9160E+00
  4.5585E+02  2.5873E+00 -4.8811E+00
  4.5622E+02  2.6461E+00 -4.8457E+00
  4.5660E+02  2.7046E+00 -4.8098E+00
  4.5697E+02  2.7626E+00 -4.7735E+00
  4.5735E+02  2.8203E+00 -4.7367E+00
  4.5772E+02  2.8775E+00 -4.6995E+00
  4.5810E+02  2.9344E+00 -4.6618E+00
  4.5848E+02  2.9908E+00 -4.6236E+00
  4.5885E+02  3.0469E+00 -4.5850E+00
  4.5923E+02  3.1025E+00 -4.5460E+00
  4.5960E+02  3.1577E+00 -4.5065E+00
  4.5998E+02  3.2125E+00 -4.4666E+00
  4.6036E+02  3.2669E+00 -4.4263E+00
  4.6073E+02  3.3208E+00 -4.3855E+00
  4.6111E+02  3.3743E+00 -4.3444E+00
  4.6148E+02  3.4273E+00 -4.3028E+00
  4.6186E+02  3.4800E+00 -4.2608E+00
  4.6223E+02  3.5322E+00 -4.2184E+00
  4.6261E+02  3.5839E+00 -4.1756E+00
  4.6299E+02  3.6352E+00 -4.1324E+00
  4.6336E+02  3.6860E+00 -4.0888E+00
  4.6374E+02  3.7364E+00 -4.0449E+00
  4.6411E+02  3.7863E+00 -4.0005E+00
  4.6449E+02  3.8357E+00 -3.9558E+00
  4.6486E+02  3.8847E+00 -3.9107E+00
  4.6524E+02  3.9332E+00 -3.8653E+00
  4.6562E+02  3.9812E+00 -3.8194E+00
  4.6599E+02  4.0288E+00 -3.7733E+00
  4.6637E+02  4.0759E+00 -3.7267E+00
  4.6674E+02  4.1225E+00 -3.6799E+00
  4.6712E+02  4.1686E+00 -3.6327E+00
  4.6750E+02  4.2142E+00 -3.5851E+00
  4.6787E+02  4.2594E+00 -3.5372E+00
  4.6825E+02  4.3040E+00 -3.4890E+00
  4.6862E+02  4.3482E+00 -3.4405E+00
  4.6900E+02  4.3918E+00 -3.3916E+00
  4.6937E+02  4.4350E+00 -3.3425E+00
  4.6975E+02  4.4777E+00 -3.2930E+00
  4.7013E+02  4.5198E+00 -3.2432E+00
  4.7050E+02  4.5615E+00 -3.1931E+00
  4.7088E+02  4.6026E+00 -3.1427E+00
  4.7125E+02  4.6433E+00 -3.0921E+00
  4.7163E+02  4.6834E+00 -3.0411E+00
  4.7200E+02  4.7230E+00 -2.9899E+00
  4.7238E+02  4.7621E+00 -2.9384E+00
  4.7276E+02  4.8007E+00 -2.8866E+00
  4.7313E+02  4.8387E+00 -2.8346E+00
  4.7351E+02  4.8763E+00 -2.7823E+00
  4.7388E+02  4.9133E+00 -2.7297E+00
  4.7426E+02  4.9497E+00 -2.6769E+00
  4.7464E+02  4.9857E+00 -2.6238E+00
  4.7501E+02  5.0211E+00 -2.5705E+00
  4.7539E+02  5.0560E+00 -2.5170E+00
  4.7576E+02  5.0904E+00 -2.4632E+00
  4.7614E+02  5.1242E+00 -2.4092E+00
  4.7651E+02  5.1575E+00 -2.3550E+00
  4.7689E+02  5.1903E+00 -2.3006E+00
  4.7727E+02  5.2225E+00 -2.2460E+00
  4.7764E+02  5.2542E+00 -2.1911E+00
  4.7802E+02  5.2853E+00 -2.1361E+00
  4.7839E+02  5.3159E+00 -2.0808E+00
  4.7877E+02  5.3459E+00 -2.0254E+00
  4.7915E+02  5.3754E+00 -1.9698E+00
  4.7952E+02  5.4044E+00 -1.9140E+00
  4.7990E+02  5.4327E+00 -1.8581E+00
  4.8027E+02  5.4606E+00 -1.8019E+00
  4.8065E+02  5.4879E+00 -1.7456E+00
  4.8102E+02  5.5146E+00 -1.6892E+00
  4.8140E+02  5.5407E+00 -1.6326E+00
  4.8178E+02  5.5664E+00 -1.5758E+00
  4.8215E+02  5.5914E+00 -1.5189E+00
  4.8253E+02  5.6159E+00 -1.4619E+00
  4.8290E+02  5.6398E+00 -1.4048E+00
  4.8328E+02  5.6632E+00 -1.3475E+00
  4.8365E+02  5.6860E+00 -1.2901E+00
  4.8403E+02  5.7082E+00 -1.2326E+00
  4.8441E+02  5.7299E+00 -1.1749E+00
  4.8478E+02  5.7510E+00 -1.1172E+00
  4.8516E+02  5.7715E+00 -1.0594E+00
  4.8553E+02  5.7915E+00 -1.0015E+00
  4.8591E+02  5.8109E+00 -9.4350E-01
  4.8629E+02  5.8297E+00 -8.8543E-01
  4.8666E+02  5.8480E+00 -8.2728E-01
  4.8704E+02  5.8656E+00 -7.6906E-01
  4.8741E+02  5.8828E+00 -7.1078E-01
  4.8779E+02  5.8993E+00 -6.5243E-01
  4.8816E+02  5.9153E+00 -5.9404E-01
  4.8854E+02  5.9307E+00 -5.3560E-01
  4.8892E+02  5.9455E+00 -4.7712E-01
  4.8929E+02  5.9598E+00 -4.1860E-01
  4.8967E+02  5.9735E+00 -3.6005E-01
  4.9004E+02  5.9866E+00 -3.0147E-01
  4.9042E+02  5.9992E+00 -2.4288E-01
  4.9079E+02  6.0111E+00 -1.8427E-01
  4.9117E+02  6.0226E+00 -1.2564E-01
  4.9155E+02  6.0334E+00 -6.7018E-02
  4.9192E+02  6.0437E+00 -8.3919E-03
  4.9230E+02  6.0534E+00  5.0229E-02
  4.9267E+02  6.0625E+00  1.0884E-01
  4.9305E+02  6.0711E+00  1.6743E-01
  4.9343E+02  6.0791E+00  2.2600E-01
  4.9380E+02  6.0866E+00  2.8455E-01
  4.9418E+02  6.0935E+00  3.4307E-01
  4.9455E+02  6.0998E+00  4.0155E-01
  4.9493E+02  6.1055E+00  4.5999E-01
  4.9530E+02  6.1107E+00  5.1838E-01
  4.9568E+02  6.1154E+00  5.7672E-01
  4.9606E+02  6.1195E+00  6.3501E-01
  4.9643E+02  6.1230E+00  6.9323E-01
  4.9681E+02  6.1260E+00  7.5140E-01
  4.9718E+02  6.1284E+00  8.0949E-01
  4.9756E+02  6.1303E+00  8.6750E-01
  4.9794E+02  6.1316E+00  9.2544E-01
  4.9831E+02  6.1324E+00  9.8329E-01
  4.9869E+02  6.1326E+00  1.0410E+00
  4.9906E+02  6.1323E+00  1.0987E+00
  4.9944E+02  6.1314E+00  1.1563E+00
  4.9981E+02  6.1300E+00  1.2137E+00
  5.0000E+02  6.1291E+00  1.2421E+00
