# CREATED BY GENE DIAGNOSTICS TOOL on Sat Jun 23 12:04:18 2018
# diag: GAMDIAG, run(s): 0030, time window: 0-500(1332 steps), species: ions
# original data path: /ptmp/cmor/PoP/scanfiles0000/
# normalization: L_ref=5.4832m
#
# xind= 0, x/a= 0.70710677, q= 1.1018624
# Fit:    0.29756451,1.5790439,0.026518819
# Analytic (Gao, Zhou/Yu): 0.32199362,-0.0096452442,1.9196059
#  t          Re[phi]     Im[phi]   
  0.0000E+00  8.4795E+00  0.0000E+00
  3.7580E-01  8.4575E+00  3.9312E-02
  7.5160E-01  8.3950E+00  7.8415E-02
  1.1274E+00  8.2985E+00  1.1689E-01
  1.5032E+00  8.1752E+00  1.5439E-01
  1.8790E+00  8.0329E+00  1.9070E-01
  2.2548E+00  7.8793E+00  2.2572E-01
  2.6306E+00  7.7210E+00  2.5936E-01
  3.0064E+00  7.5640E+00  2.9162E-01
  3.3822E+00  7.4129E+00  3.2251E-01
  3.7580E+00  7.2706E+00  3.5205E-01
  4.1338E+00  7.1389E+00  3.8032E-01
  4.5096E+00  7.0180E+00  4.0740E-01
  4.8854E+00  6.9071E+00  4.3339E-01
  5.2612E+00  6.8045E+00  4.5840E-01
  5.6370E+00  6.7083E+00  4.8253E-01
  6.0128E+00  6.6163E+00  5.0585E-01
  6.3886E+00  6.5265E+00  5.2843E-01
  6.7644E+00  6.4372E+00  5.5032E-01
  7.1402E+00  6.3470E+00  5.7152E-01
  7.5160E+00  6.2552E+00  5.9204E-01
  7.8918E+00  6.1612E+00  6.1188E-01
  8.2676E+00  6.0652E+00  6.3100E-01
  8.6434E+00  5.9675E+00  6.4939E-01
  9.0192E+00  5.8686E+00  6.6703E-01
  9.3950E+00  5.7695E+00  6.8390E-01
  9.7708E+00  5.6708E+00  7.0001E-01
  1.0147E+01  5.5734E+00  7.1534E-01
  1.0522E+01  5.4781E+00  7.2992E-01
  1.0898E+01  5.3857E+00  7.4376E-01
  1.1274E+01  5.2967E+00  7.5690E-01
  1.1650E+01  5.2117E+00  7.6938E-01
  1.2026E+01  5.1310E+00  7.8124E-01
  1.2401E+01  5.0549E+00  7.9252E-01
  1.2777E+01  4.9836E+00  8.0328E-01
  1.3153E+01  4.9171E+00  8.1357E-01
  1.3529E+01  4.8556E+00  8.2344E-01
  1.3905E+01  4.7990E+00  8.3294E-01
  1.4280E+01  4.7471E+00  8.4212E-01
  1.4656E+01  4.6999E+00  8.5103E-01
  1.5032E+01  4.6573E+00  8.5971E-01
  1.5408E+01  4.6191E+00  8.6823E-01
  1.5784E+01  4.5852E+00  8.7661E-01
  1.6159E+01  4.5555E+00  8.8491E-01
  1.6535E+01  4.5297E+00  8.9316E-01
  1.6911E+01  4.5078E+00  9.0138E-01
  1.7287E+01  4.4895E+00  9.0963E-01
  1.7663E+01  4.4747E+00  9.1794E-01
  1.8038E+01  4.4633E+00  9.2635E-01
  1.8414E+01  4.4552E+00  9.3489E-01
  1.8790E+01  4.4502E+00  9.4358E-01
  1.9166E+01  4.4481E+00  9.5242E-01
  1.9542E+01  4.4487E+00  9.6145E-01
  1.9917E+01  4.4519E+00  9.7069E-01
  2.0293E+01  4.4574E+00  9.8019E-01
  2.0669E+01  4.4651E+00  9.8995E-01
  2.1045E+01  4.4747E+00  1.0000E+00
  2.1421E+01  4.4861E+00  1.0103E+00
  2.1796E+01  4.4989E+00  1.0209E+00
  2.2172E+01  4.5132E+00  1.0318E+00
  2.2548E+01  4.5287E+00  1.0429E+00
  2.2924E+01  4.5451E+00  1.0543E+00
  2.3300E+01  4.5622E+00  1.0660E+00
  2.3675E+01  4.5796E+00  1.0779E+00
  2.4051E+01  4.5970E+00  1.0902E+00
  2.4427E+01  4.6142E+00  1.1027E+00
  2.4803E+01  4.6312E+00  1.1154E+00
  2.5179E+01  4.6480E+00  1.1284E+00
  2.5554E+01  4.6646E+00  1.1416E+00
  2.5930E+01  4.6807E+00  1.1551E+00
  2.6306E+01  4.6960E+00  1.1687E+00
  2.6682E+01  4.7104E+00  1.1824E+00
  2.7058E+01  4.7235E+00  1.1963E+00
  2.7433E+01  4.7352E+00  1.2104E+00
  2.7809E+01  4.7455E+00  1.2245E+00
  2.8185E+01  4.7542E+00  1.2387E+00
  2.8561E+01  4.7614E+00  1.2530E+00
  2.8937E+01  4.7670E+00  1.2674E+00
  2.9312E+01  4.7709E+00  1.2818E+00
  2.9688E+01  4.7731E+00  1.2962E+00
  3.0064E+01  4.7734E+00  1.3106E+00
  3.0440E+01  4.7718E+00  1.3250E+00
  3.0816E+01  4.7683E+00  1.3393E+00
  3.1191E+01  4.7631E+00  1.3534E+00
  3.1567E+01  4.7562E+00  1.3675E+00
  3.1943E+01  4.7476E+00  1.3814E+00
  3.2319E+01  4.7374E+00  1.3952E+00
  3.2695E+01  4.7255E+00  1.4089E+00
  3.3070E+01  4.7119E+00  1.4224E+00
  3.3446E+01  4.6966E+00  1.4358E+00
  3.3822E+01  4.6794E+00  1.4490E+00
  3.4198E+01  4.6603E+00  1.4619E+00
  3.4574E+01  4.6394E+00  1.4747E+00
  3.4949E+01  4.6169E+00  1.4872E+00
  3.5325E+01  4.5931E+00  1.4995E+00
  3.5701E+01  4.5683E+00  1.5116E+00
  3.6077E+01  4.5427E+00  1.5234E+00
  3.6453E+01  4.5163E+00  1.5349E+00
  3.6828E+01  4.4891E+00  1.5462E+00
  3.7204E+01  4.4613E+00  1.5573E+00
  3.7580E+01  4.4328E+00  1.5680E+00
  3.7956E+01  4.4038E+00  1.5785E+00
  3.8332E+01  4.3741E+00  1.5887E+00
  3.8707E+01  4.3437E+00  1.5987E+00
  3.9083E+01  4.3127E+00  1.6084E+00
  3.9459E+01  4.2810E+00  1.6178E+00
  3.9835E+01  4.2488E+00  1.6270E+00
  4.0211E+01  4.2161E+00  1.6360E+00
  4.0586E+01  4.1833E+00  1.6447E+00
  4.0962E+01  4.1503E+00  1.6532E+00
  4.1338E+01  4.1174E+00  1.6614E+00
  4.1714E+01  4.0846E+00  1.6694E+00
  4.2090E+01  4.0522E+00  1.6773E+00
  4.2465E+01  4.0203E+00  1.6849E+00
  4.2841E+01  3.9891E+00  1.6923E+00
  4.3217E+01  3.9589E+00  1.6996E+00
  4.3593E+01  3.9299E+00  1.7067E+00
  4.3969E+01  3.9021E+00  1.7136E+00
  4.4344E+01  3.8757E+00  1.7205E+00
  4.4720E+01  3.8504E+00  1.7272E+00
  4.5096E+01  3.8261E+00  1.7338E+00
  4.5472E+01  3.8024E+00  1.7403E+00
  4.5848E+01  3.7790E+00  1.7467E+00
  4.6223E+01  3.7554E+00  1.7530E+00
  4.6599E+01  3.7312E+00  1.7592E+00
  4.6975E+01  3.7062E+00  1.7652E+00
  4.7351E+01  3.6803E+00  1.7711E+00
  4.7727E+01  3.6535E+00  1.7769E+00
  4.8102E+01  3.6261E+00  1.7825E+00
  4.8478E+01  3.5987E+00  1.7881E+00
  4.8854E+01  3.5716E+00  1.7935E+00
  4.9230E+01  3.5456E+00  1.7990E+00
  4.9606E+01  3.5210E+00  1.8043E+00
  4.9981E+01  3.4981E+00  1.8097E+00
  5.0357E+01  3.4772E+00  1.8151E+00
  5.0733E+01  3.4581E+00  1.8204E+00
  5.1109E+01  3.4408E+00  1.8258E+00
  5.1485E+01  3.4251E+00  1.8311E+00
  5.1860E+01  3.4105E+00  1.8365E+00
  5.2236E+01  3.3968E+00  1.8418E+00
  5.2612E+01  3.3836E+00  1.8471E+00
  5.2988E+01  3.3706E+00  1.8524E+00
  5.3364E+01  3.3573E+00  1.8577E+00
  5.3739E+01  3.3438E+00  1.8629E+00
  5.4115E+01  3.3300E+00  1.8681E+00
  5.4491E+01  3.3160E+00  1.8733E+00
  5.4867E+01  3.3019E+00  1.8785E+00
  5.5243E+01  3.2879E+00  1.8837E+00
  5.5618E+01  3.2741E+00  1.8889E+00
  5.5994E+01  3.2605E+00  1.8942E+00
  5.6370E+01  3.2474E+00  1.8994E+00
  5.6746E+01  3.2344E+00  1.9047E+00
  5.7122E+01  3.2216E+00  1.9100E+00
  5.7497E+01  3.2086E+00  1.9152E+00
  5.7873E+01  3.1953E+00  1.9205E+00
  5.8249E+01  3.1813E+00  1.9257E+00
  5.8625E+01  3.1663E+00  1.9309E+00
  5.9001E+01  3.1503E+00  1.9360E+00
  5.9376E+01  3.1330E+00  1.9410E+00
  5.9752E+01  3.1144E+00  1.9458E+00
  6.0128E+01  3.0947E+00  1.9505E+00
  6.0504E+01  3.0740E+00  1.9551E+00
  6.0880E+01  3.0525E+00  1.9594E+00
  6.1255E+01  3.0307E+00  1.9637E+00
  6.1631E+01  3.0090E+00  1.9678E+00
  6.2007E+01  2.9875E+00  1.9717E+00
  6.2383E+01  2.9666E+00  1.9756E+00
  6.2759E+01  2.9465E+00  1.9794E+00
  6.3134E+01  2.9273E+00  1.9830E+00
  6.3510E+01  2.9092E+00  1.9867E+00
  6.3886E+01  2.8920E+00  1.9902E+00
  6.4262E+01  2.8757E+00  1.9937E+00
  6.4638E+01  2.8600E+00  1.9971E+00
  6.5013E+01  2.8447E+00  2.0005E+00
  6.5389E+01  2.8296E+00  2.0038E+00
  6.5765E+01  2.8144E+00  2.0071E+00
  6.6141E+01  2.7989E+00  2.0102E+00
  6.6517E+01  2.7828E+00  2.0133E+00
  6.6892E+01  2.7659E+00  2.0163E+00
  6.7268E+01  2.7481E+00  2.0192E+00
  6.7644E+01  2.7293E+00  2.0219E+00
  6.8020E+01  2.7094E+00  2.0245E+00
  6.8396E+01  2.6886E+00  2.0270E+00
  6.8771E+01  2.6669E+00  2.0294E+00
  6.9147E+01  2.6445E+00  2.0316E+00
  6.9523E+01  2.6216E+00  2.0336E+00
  6.9899E+01  2.5984E+00  2.0355E+00
  7.0275E+01  2.5751E+00  2.0373E+00
  7.0650E+01  2.5517E+00  2.0389E+00
  7.1026E+01  2.5285E+00  2.0404E+00
  7.1402E+01  2.5054E+00  2.0418E+00
  7.1778E+01  2.4825E+00  2.0430E+00
  7.2154E+01  2.4599E+00  2.0442E+00
  7.2529E+01  2.4377E+00  2.0452E+00
  7.2905E+01  2.4157E+00  2.0461E+00
  7.3281E+01  2.3941E+00  2.0469E+00
  7.3657E+01  2.3727E+00  2.0477E+00
  7.4033E+01  2.3514E+00  2.0483E+00
  7.4408E+01  2.3303E+00  2.0489E+00
  7.4784E+01  2.3093E+00  2.0494E+00
  7.5160E+01  2.2883E+00  2.0497E+00
  7.5536E+01  2.2674E+00  2.0500E+00
  7.5912E+01  2.2465E+00  2.0502E+00
  7.6287E+01  2.2255E+00  2.0504E+00
  7.6663E+01  2.2046E+00  2.0504E+00
  7.7039E+01  2.1835E+00  2.0503E+00
  7.7415E+01  2.1624E+00  2.0502E+00
  7.7791E+01  2.1412E+00  2.0499E+00
  7.8166E+01  2.1199E+00  2.0496E+00
  7.8542E+01  2.0984E+00  2.0491E+00
  7.8918E+01  2.0768E+00  2.0486E+00
  7.9294E+01  2.0551E+00  2.0480E+00
  7.9670E+01  2.0335E+00  2.0472E+00
  8.0045E+01  2.0119E+00  2.0464E+00
  8.0421E+01  1.9905E+00  2.0455E+00
  8.0797E+01  1.9692E+00  2.0446E+00
  8.1173E+01  1.9482E+00  2.0435E+00
  8.1549E+01  1.9274E+00  2.0423E+00
  8.1924E+01  1.9069E+00  2.0411E+00
  8.2300E+01  1.8866E+00  2.0398E+00
  8.2676E+01  1.8666E+00  2.0384E+00
  8.3052E+01  1.8468E+00  2.0370E+00
  8.3428E+01  1.8272E+00  2.0355E+00
  8.3803E+01  1.8077E+00  2.0339E+00
  8.4179E+01  1.7884E+00  2.0322E+00
  8.4555E+01  1.7692E+00  2.0305E+00
  8.4931E+01  1.7500E+00  2.0287E+00
  8.5307E+01  1.7310E+00  2.0269E+00
  8.5682E+01  1.7121E+00  2.0250E+00
  8.6058E+01  1.6934E+00  2.0230E+00
  8.6434E+01  1.6748E+00  2.0210E+00
  8.6810E+01  1.6564E+00  2.0190E+00
  8.7186E+01  1.6382E+00  2.0169E+00
  8.7561E+01  1.6201E+00  2.0147E+00
  8.7937E+01  1.6022E+00  2.0125E+00
  8.8313E+01  1.5843E+00  2.0102E+00
  8.8689E+01  1.5664E+00  2.0079E+00
  8.9065E+01  1.5484E+00  2.0055E+00
  8.9440E+01  1.5304E+00  2.0031E+00
  8.9816E+01  1.5122E+00  2.0006E+00
  9.0192E+01  1.4940E+00  1.9980E+00
  9.0568E+01  1.4758E+00  1.9953E+00
  9.0944E+01  1.4576E+00  1.9926E+00
  9.1319E+01  1.4394E+00  1.9898E+00
  9.1695E+01  1.4214E+00  1.9870E+00
  9.2071E+01  1.4034E+00  1.9841E+00
  9.2447E+01  1.3855E+00  1.9811E+00
  9.2823E+01  1.3677E+00  1.9781E+00
  9.3198E+01  1.3498E+00  1.9750E+00
  9.3574E+01  1.3319E+00  1.9719E+00
  9.3950E+01  1.3139E+00  1.9686E+00
  9.4326E+01  1.2957E+00  1.9653E+00
  9.4702E+01  1.2773E+00  1.9619E+00
  9.5077E+01  1.2588E+00  1.9584E+00
  9.5453E+01  1.2401E+00  1.9548E+00
  9.5829E+01  1.2214E+00  1.9512E+00
  9.6205E+01  1.2028E+00  1.9474E+00
  9.6581E+01  1.1842E+00  1.9436E+00
  9.6956E+01  1.1659E+00  1.9398E+00
  9.7332E+01  1.1478E+00  1.9359E+00
  9.7708E+01  1.1300E+00  1.9319E+00
  9.8084E+01  1.1125E+00  1.9278E+00
  9.8460E+01  1.0952E+00  1.9237E+00
  9.8835E+01  1.0782E+00  1.9196E+00
  9.9211E+01  1.0613E+00  1.9153E+00
  9.9587E+01  1.0445E+00  1.9110E+00
  9.9963E+01  1.0277E+00  1.9067E+00
  1.0034E+02  1.0109E+00  1.9022E+00
  1.0071E+02  9.9390E-01  1.8977E+00
  1.0109E+02  9.7674E-01  1.8932E+00
  1.0147E+02  9.5937E-01  1.8885E+00
  1.0184E+02  9.4180E-01  1.8838E+00
  1.0222E+02  9.2407E-01  1.8790E+00
  1.0259E+02  9.0625E-01  1.8741E+00
  1.0297E+02  8.8839E-01  1.8692E+00
  1.0334E+02  8.7060E-01  1.8642E+00
  1.0372E+02  8.5293E-01  1.8591E+00
  1.0410E+02  8.3543E-01  1.8540E+00
  1.0447E+02  8.1813E-01  1.8488E+00
  1.0485E+02  8.0104E-01  1.8435E+00
  1.0522E+02  7.8416E-01  1.8382E+00
  1.0560E+02  7.6746E-01  1.8328E+00
  1.0598E+02  7.5094E-01  1.8274E+00
  1.0635E+02  7.3457E-01  1.8219E+00
  1.0673E+02  7.1835E-01  1.8163E+00
  1.0710E+02  7.0225E-01  1.8107E+00
  1.0748E+02  6.8626E-01  1.8050E+00
  1.0785E+02  6.7038E-01  1.7993E+00
  1.0823E+02  6.5460E-01  1.7935E+00
  1.0861E+02  6.3891E-01  1.7877E+00
  1.0898E+02  6.2330E-01  1.7818E+00
  1.0936E+02  6.0777E-01  1.7759E+00
  1.0973E+02  5.9229E-01  1.7699E+00
  1.1011E+02  5.7686E-01  1.7639E+00
  1.1049E+02  5.6148E-01  1.7579E+00
  1.1086E+02  5.4615E-01  1.7518E+00
  1.1124E+02  5.3087E-01  1.7456E+00
  1.1161E+02  5.1565E-01  1.7394E+00
  1.1199E+02  5.0050E-01  1.7332E+00
  1.1236E+02  4.8544E-01  1.7269E+00
  1.1274E+02  4.7048E-01  1.7205E+00
  1.1312E+02  4.5566E-01  1.7141E+00
  1.1349E+02  4.4099E-01  1.7077E+00
  1.1387E+02  4.2648E-01  1.7012E+00
  1.1424E+02  4.1216E-01  1.6947E+00
  1.1462E+02  3.9802E-01  1.6881E+00
  1.1499E+02  3.8408E-01  1.6816E+00
  1.1537E+02  3.7031E-01  1.6750E+00
  1.1575E+02  3.5669E-01  1.6683E+00
  1.1612E+02  3.4319E-01  1.6616E+00
  1.1650E+02  3.2979E-01  1.6549E+00
  1.1687E+02  3.1644E-01  1.6482E+00
  1.1725E+02  3.0311E-01  1.6414E+00
  1.1763E+02  2.8978E-01  1.6346E+00
  1.1800E+02  2.7642E-01  1.6278E+00
  1.1838E+02  2.6302E-01  1.6209E+00
  1.1875E+02  2.4959E-01  1.6140E+00
  1.1913E+02  2.3615E-01  1.6070E+00
  1.1950E+02  2.2273E-01  1.6000E+00
  1.1988E+02  2.0938E-01  1.5930E+00
  1.2026E+02  1.9615E-01  1.5859E+00
  1.2063E+02  1.8308E-01  1.5788E+00
  1.2101E+02  1.7020E-01  1.5716E+00
  1.2138E+02  1.5753E-01  1.5645E+00
  1.2176E+02  1.4508E-01  1.5573E+00
  1.2213E+02  1.3287E-01  1.5501E+00
  1.2251E+02  1.2087E-01  1.5428E+00
  1.2289E+02  1.0909E-01  1.5356E+00
  1.2326E+02  9.7505E-02  1.5283E+00
  1.2364E+02  8.6074E-02  1.5211E+00
  1.2401E+02  7.4767E-02  1.5138E+00
  1.2439E+02  6.3546E-02  1.5065E+00
  1.2477E+02  5.2373E-02  1.4991E+00
  1.2514E+02  4.1218E-02  1.4918E+00
  1.2552E+02  3.0054E-02  1.4844E+00
  1.2589E+02  1.8865E-02  1.4770E+00
  1.2627E+02  7.6404E-03  1.4696E+00
  1.2664E+02 -3.6198E-03  1.4621E+00
  1.2702E+02 -1.4908E-02  1.4546E+00
  1.2740E+02 -2.6207E-02  1.4471E+00
  1.2777E+02 -3.7496E-02  1.4395E+00
  1.2815E+02 -4.8748E-02  1.4320E+00
  1.2852E+02 -5.9934E-02  1.4243E+00
  1.2890E+02 -7.1025E-02  1.4167E+00
  1.2928E+02 -8.1991E-02  1.4090E+00
  1.2965E+02 -9.2810E-02  1.4014E+00
  1.3003E+02 -1.0346E-01  1.3936E+00
  1.3040E+02 -1.1393E-01  1.3859E+00
  1.3078E+02 -1.2421E-01  1.3782E+00
  1.3115E+02 -1.3430E-01  1.3704E+00
  1.3153E+02 -1.4421E-01  1.3626E+00
  1.3191E+02 -1.5394E-01  1.3549E+00
  1.3228E+02 -1.6351E-01  1.3471E+00
  1.3266E+02 -1.7291E-01  1.3392E+00
  1.3303E+02 -1.8216E-01  1.3314E+00
  1.3341E+02 -1.9127E-01  1.3236E+00
  1.3378E+02 -2.0024E-01  1.3157E+00
  1.3416E+02 -2.0910E-01  1.3079E+00
  1.3454E+02 -2.1786E-01  1.3000E+00
  1.3491E+02 -2.2655E-01  1.2921E+00
  1.3529E+02 -2.3517E-01  1.2843E+00
  1.3566E+02 -2.4375E-01  1.2764E+00
  1.3604E+02 -2.5229E-01  1.2684E+00
  1.3642E+02 -2.6079E-01  1.2605E+00
  1.3679E+02 -2.6926E-01  1.2526E+00
  1.3717E+02 -2.7768E-01  1.2446E+00
  1.3754E+02 -2.8603E-01  1.2367E+00
  1.3792E+02 -2.9430E-01  1.2287E+00
  1.3829E+02 -3.0248E-01  1.2208E+00
  1.3867E+02 -3.1053E-01  1.2128E+00
  1.3905E+02 -3.1847E-01  1.2049E+00
  1.3942E+02 -3.2627E-01  1.1969E+00
  1.3980E+02 -3.3394E-01  1.1889E+00
  1.4017E+02 -3.4147E-01  1.1810E+00
  1.4055E+02 -3.4888E-01  1.1730E+00
  1.4093E+02 -3.5617E-01  1.1650E+00
  1.4130E+02 -3.6335E-01  1.1571E+00
  1.4168E+02 -3.7042E-01  1.1491E+00
  1.4205E+02 -3.7740E-01  1.1412E+00
  1.4243E+02 -3.8429E-01  1.1332E+00
  1.4280E+02 -3.9108E-01  1.1253E+00
  1.4318E+02 -3.9777E-01  1.1174E+00
  1.4356E+02 -4.0435E-01  1.1094E+00
  1.4393E+02 -4.1081E-01  1.1015E+00
  1.4431E+02 -4.1714E-01  1.0936E+00
  1.4468E+02 -4.2334E-01  1.0857E+00
  1.4506E+02 -4.2940E-01  1.0777E+00
  1.4543E+02 -4.3532E-01  1.0699E+00
  1.4581E+02 -4.4112E-01  1.0620E+00
  1.4619E+02 -4.4679E-01  1.0541E+00
  1.4656E+02 -4.5236E-01  1.0462E+00
  1.4694E+02 -4.5783E-01  1.0384E+00
  1.4731E+02 -4.6323E-01  1.0305E+00
  1.4769E+02 -4.6855E-01  1.0227E+00
  1.4807E+02 -4.7382E-01  1.0148E+00
  1.4844E+02 -4.7904E-01  1.0070E+00
  1.4882E+02 -4.8421E-01  9.9919E-01
  1.4919E+02 -4.8934E-01  9.9138E-01
  1.4957E+02 -4.9441E-01  9.8358E-01
  1.4994E+02 -4.9941E-01  9.7579E-01
  1.5032E+02 -5.0433E-01  9.6800E-01
  1.5070E+02 -5.0915E-01  9.6024E-01
  1.5107E+02 -5.1385E-01  9.5248E-01
  1.5145E+02 -5.1843E-01  9.4474E-01
  1.5182E+02 -5.2289E-01  9.3702E-01
  1.5220E+02 -5.2723E-01  9.2932E-01
  1.5257E+02 -5.3144E-01  9.2163E-01
  1.5295E+02 -5.3554E-01  9.1396E-01
  1.5333E+02 -5.3954E-01  9.0631E-01
  1.5370E+02 -5.4344E-01  8.9867E-01
  1.5408E+02 -5.4725E-01  8.9106E-01
  1.5445E+02 -5.5099E-01  8.8346E-01
  1.5483E+02 -5.5466E-01  8.7588E-01
  1.5521E+02 -5.5826E-01  8.6832E-01
  1.5558E+02 -5.6181E-01  8.6077E-01
  1.5596E+02 -5.6530E-01  8.5325E-01
  1.5633E+02 -5.6874E-01  8.4574E-01
  1.5671E+02 -5.7212E-01  8.3825E-01
  1.5708E+02 -5.7543E-01  8.3078E-01
  1.5746E+02 -5.7867E-01  8.2333E-01
  1.5784E+02 -5.8184E-01  8.1590E-01
  1.5821E+02 -5.8493E-01  8.0849E-01
  1.5859E+02 -5.8793E-01  8.0109E-01
  1.5896E+02 -5.9084E-01  7.9371E-01
  1.5934E+02 -5.9364E-01  7.8636E-01
  1.5972E+02 -5.9635E-01  7.7902E-01
  1.6009E+02 -5.9894E-01  7.7170E-01
  1.6047E+02 -6.0143E-01  7.6440E-01
  1.6084E+02 -6.0382E-01  7.5713E-01
  1.6122E+02 -6.0610E-01  7.4987E-01
  1.6159E+02 -6.0828E-01  7.4264E-01
  1.6197E+02 -6.1036E-01  7.3543E-01
  1.6235E+02 -6.1235E-01  7.2824E-01
  1.6272E+02 -6.1424E-01  7.2107E-01
  1.6310E+02 -6.1605E-01  7.1392E-01
  1.6347E+02 -6.1778E-01  7.0680E-01
  1.6385E+02 -6.1943E-01  6.9970E-01
  1.6422E+02 -6.2099E-01  6.9263E-01
  1.6460E+02 -6.2248E-01  6.8558E-01
  1.6498E+02 -6.2389E-01  6.7855E-01
  1.6535E+02 -6.2522E-01  6.7156E-01
  1.6573E+02 -6.2647E-01  6.6458E-01
  1.6610E+02 -6.2763E-01  6.5764E-01
  1.6648E+02 -6.2870E-01  6.5073E-01
  1.6686E+02 -6.2968E-01  6.4384E-01
  1.6723E+02 -6.3058E-01  6.3699E-01
  1.6761E+02 -6.3139E-01  6.3017E-01
  1.6798E+02 -6.3212E-01  6.2338E-01
  1.6836E+02 -6.3277E-01  6.1663E-01
  1.6873E+02 -6.3335E-01  6.0991E-01
  1.6911E+02 -6.3387E-01  6.0322E-01
  1.6949E+02 -6.3433E-01  5.9657E-01
  1.6986E+02 -6.3474E-01  5.8995E-01
  1.7024E+02 -6.3510E-01  5.8336E-01
  1.7061E+02 -6.3541E-01  5.7681E-01
  1.7099E+02 -6.3567E-01  5.7029E-01
  1.7136E+02 -6.3588E-01  5.6381E-01
  1.7174E+02 -6.3603E-01  5.5736E-01
  1.7212E+02 -6.3612E-01  5.5095E-01
  1.7249E+02 -6.3616E-01  5.4457E-01
  1.7287E+02 -6.3613E-01  5.3823E-01
  1.7324E+02 -6.3605E-01  5.3193E-01
  1.7362E+02 -6.3590E-01  5.2566E-01
  1.7400E+02 -6.3569E-01  5.1943E-01
  1.7437E+02 -6.3541E-01  5.1324E-01
  1.7475E+02 -6.3507E-01  5.0709E-01
  1.7512E+02 -6.3468E-01  5.0097E-01
  1.7550E+02 -6.3422E-01  4.9489E-01
  1.7587E+02 -6.3371E-01  4.8884E-01
  1.7625E+02 -6.3315E-01  4.8284E-01
  1.7663E+02 -6.3254E-01  4.7686E-01
  1.7700E+02 -6.3188E-01  4.7092E-01
  1.7738E+02 -6.3118E-01  4.6502E-01
  1.7775E+02 -6.3043E-01  4.5915E-01
  1.7813E+02 -6.2964E-01  4.5332E-01
  1.7851E+02 -6.2881E-01  4.4751E-01
  1.7888E+02 -6.2793E-01  4.4174E-01
  1.7926E+02 -6.2700E-01  4.3601E-01
  1.7963E+02 -6.2600E-01  4.3031E-01
  1.8001E+02 -6.2495E-01  4.2464E-01
  1.8038E+02 -6.2382E-01  4.1901E-01
  1.8076E+02 -6.2261E-01  4.1341E-01
  1.8114E+02 -6.2133E-01  4.0785E-01
  1.8151E+02 -6.1996E-01  4.0233E-01
  1.8189E+02 -6.1850E-01  3.9685E-01
  1.8226E+02 -6.1696E-01  3.9141E-01
  1.8264E+02 -6.1535E-01  3.8600E-01
  1.8301E+02 -6.1366E-01  3.8064E-01
  1.8339E+02 -6.1190E-01  3.7531E-01
  1.8377E+02 -6.1008E-01  3.7002E-01
  1.8414E+02 -6.0820E-01  3.6477E-01
  1.8452E+02 -6.0626E-01  3.5956E-01
  1.8489E+02 -6.0427E-01  3.5438E-01
  1.8527E+02 -6.0222E-01  3.4925E-01
  1.8565E+02 -6.0011E-01  3.4415E-01
  1.8602E+02 -5.9795E-01  3.3910E-01
  1.8640E+02 -5.9571E-01  3.3409E-01
  1.8677E+02 -5.9341E-01  3.2911E-01
  1.8715E+02 -5.9104E-01  3.2418E-01
  1.8752E+02 -5.8860E-01  3.1930E-01
  1.8790E+02 -5.8608E-01  3.1445E-01
  1.8828E+02 -5.8349E-01  3.0965E-01
  1.8865E+02 -5.8082E-01  3.0490E-01
  1.8903E+02 -5.7808E-01  3.0018E-01
  1.8940E+02 -5.7527E-01  2.9552E-01
  1.8978E+02 -5.7239E-01  2.9090E-01
  1.9015E+02 -5.6944E-01  2.8632E-01
  1.9053E+02 -5.6642E-01  2.8179E-01
  1.9091E+02 -5.6335E-01  2.7731E-01
  1.9128E+02 -5.6021E-01  2.7288E-01
  1.9166E+02 -5.5702E-01  2.6849E-01
  1.9203E+02 -5.5378E-01  2.6415E-01
  1.9241E+02 -5.5050E-01  2.5985E-01
  1.9279E+02 -5.4718E-01  2.5561E-01
  1.9316E+02 -5.4382E-01  2.5140E-01
  1.9354E+02 -5.4044E-01  2.4725E-01
  1.9391E+02 -5.3704E-01  2.4314E-01
  1.9429E+02 -5.3362E-01  2.3907E-01
  1.9466E+02 -5.3019E-01  2.3505E-01
  1.9504E+02 -5.2676E-01  2.3107E-01
  1.9542E+02 -5.2332E-01  2.2714E-01
  1.9579E+02 -5.1987E-01  2.2325E-01
  1.9617E+02 -5.1641E-01  2.1940E-01
  1.9654E+02 -5.1295E-01  2.1559E-01
  1.9692E+02 -5.0948E-01  2.1183E-01
  1.9730E+02 -5.0599E-01  2.0812E-01
  1.9767E+02 -5.0247E-01  2.0445E-01
  1.9805E+02 -4.9894E-01  2.0082E-01
  1.9842E+02 -4.9537E-01  1.9723E-01
  1.9880E+02 -4.9177E-01  1.9369E-01
  1.9917E+02 -4.8814E-01  1.9020E-01
  1.9955E+02 -4.8447E-01  1.8675E-01
  1.9993E+02 -4.8078E-01  1.8334E-01
  2.0030E+02 -4.7705E-01  1.7998E-01
  2.0068E+02 -4.7329E-01  1.7666E-01
  2.0105E+02 -4.6950E-01  1.7339E-01
  2.0143E+02 -4.6569E-01  1.7016E-01
  2.0180E+02 -4.6185E-01  1.6698E-01
  2.0218E+02 -4.5798E-01  1.6384E-01
  2.0256E+02 -4.5410E-01  1.6074E-01
  2.0293E+02 -4.5019E-01  1.5769E-01
  2.0331E+02 -4.4625E-01  1.5468E-01
  2.0368E+02 -4.4229E-01  1.5171E-01
  2.0406E+02 -4.3830E-01  1.4879E-01
  2.0444E+02 -4.3427E-01  1.4591E-01
  2.0481E+02 -4.3020E-01  1.4308E-01
  2.0519E+02 -4.2609E-01  1.4029E-01
  2.0556E+02 -4.2194E-01  1.3755E-01
  2.0594E+02 -4.1773E-01  1.3486E-01
  2.0631E+02 -4.1348E-01  1.3221E-01
  2.0669E+02 -4.0918E-01  1.2960E-01
  2.0707E+02 -4.0482E-01  1.2705E-01
  2.0744E+02 -4.0042E-01  1.2453E-01
  2.0782E+02 -3.9596E-01  1.2207E-01
  2.0819E+02 -3.9146E-01  1.1964E-01
  2.0857E+02 -3.8692E-01  1.1727E-01
  2.0894E+02 -3.8233E-01  1.1494E-01
  2.0932E+02 -3.7769E-01  1.1266E-01
  2.0970E+02 -3.7302E-01  1.1042E-01
  2.1007E+02 -3.6831E-01  1.0822E-01
  2.1045E+02 -3.6356E-01  1.0608E-01
  2.1082E+02 -3.5877E-01  1.0397E-01
  2.1120E+02 -3.5395E-01  1.0191E-01
  2.1158E+02 -3.4910E-01  9.9901E-02
  2.1195E+02 -3.4423E-01  9.7932E-02
  2.1233E+02 -3.3932E-01  9.6007E-02
  2.1270E+02 -3.3439E-01  9.4126E-02
  2.1308E+02 -3.2944E-01  9.2288E-02
  2.1345E+02 -3.2446E-01  9.0495E-02
  2.1383E+02 -3.1947E-01  8.8745E-02
  2.1421E+02 -3.1446E-01  8.7038E-02
  2.1458E+02 -3.0943E-01  8.5375E-02
  2.1496E+02 -3.0439E-01  8.3755E-02
  2.1533E+02 -2.9934E-01  8.2178E-02
  2.1571E+02 -2.9428E-01  8.0644E-02
  2.1609E+02 -2.8922E-01  7.9153E-02
  2.1646E+02 -2.8415E-01  7.7704E-02
  2.1684E+02 -2.7909E-01  7.6297E-02
  2.1721E+02 -2.7403E-01  7.4932E-02
  2.1759E+02 -2.6897E-01  7.3609E-02
  2.1796E+02 -2.6391E-01  7.2329E-02
  2.1834E+02 -2.5886E-01  7.1090E-02
  2.1872E+02 -2.5382E-01  6.9894E-02
  2.1909E+02 -2.4878E-01  6.8739E-02
  2.1947E+02 -2.4375E-01  6.7627E-02
  2.1984E+02 -2.3873E-01  6.6557E-02
  2.2022E+02 -2.3372E-01  6.5529E-02
  2.2059E+02 -2.2871E-01  6.4543E-02
  2.2097E+02 -2.2372E-01  6.3600E-02
  2.2135E+02 -2.1873E-01  6.2699E-02
  2.2172E+02 -2.1376E-01  6.1839E-02
  2.2210E+02 -2.0879E-01  6.1022E-02
  2.2247E+02 -2.0383E-01  6.0247E-02
  2.2285E+02 -1.9888E-01  5.9515E-02
  2.2323E+02 -1.9394E-01  5.8824E-02
  2.2360E+02 -1.8901E-01  5.8176E-02
  2.2398E+02 -1.8409E-01  5.7569E-02
  2.2435E+02 -1.7917E-01  5.7005E-02
  2.2473E+02 -1.7426E-01  5.6482E-02
  2.2510E+02 -1.6936E-01  5.6001E-02
  2.2548E+02 -1.6446E-01  5.5562E-02
  2.2586E+02 -1.5956E-01  5.5164E-02
  2.2623E+02 -1.5468E-01  5.4808E-02
  2.2661E+02 -1.4979E-01  5.4493E-02
  2.2698E+02 -1.4491E-01  5.4220E-02
  2.2736E+02 -1.4003E-01  5.3987E-02
  2.2773E+02 -1.3515E-01  5.3795E-02
  2.2811E+02 -1.3027E-01  5.3643E-02
  2.2849E+02 -1.2539E-01  5.3532E-02
  2.2886E+02 -1.2052E-01  5.3460E-02
  2.2924E+02 -1.1565E-01  5.3428E-02
  2.2961E+02 -1.1077E-01  5.3436E-02
  2.2999E+02 -1.0590E-01  5.3482E-02
  2.3037E+02 -1.0103E-01  5.3566E-02
  2.3074E+02 -9.6160E-02  5.3689E-02
  2.3112E+02 -9.1291E-02  5.3849E-02
  2.3149E+02 -8.6422E-02  5.4047E-02
  2.3187E+02 -8.1553E-02  5.4282E-02
  2.3224E+02 -7.6683E-02  5.4555E-02
  2.3262E+02 -7.1810E-02  5.4864E-02
  2.3300E+02 -6.6934E-02  5.5210E-02
  2.3337E+02 -6.2055E-02  5.5592E-02
  2.3375E+02 -5.7173E-02  5.6011E-02
  2.3412E+02 -5.2286E-02  5.6466E-02
  2.3450E+02 -4.7396E-02  5.6956E-02
  2.3488E+02 -4.2502E-02  5.7482E-02
  2.3525E+02 -3.7607E-02  5.8042E-02
  2.3563E+02 -3.2710E-02  5.8638E-02
  2.3600E+02 -2.7813E-02  5.9267E-02
  2.3638E+02 -2.2916E-02  5.9930E-02
  2.3675E+02 -1.8021E-02  6.0627E-02
  2.3713E+02 -1.3128E-02  6.1356E-02
  2.3751E+02 -8.2380E-03  6.2118E-02
  2.3788E+02 -3.3504E-03  6.2912E-02
  2.3826E+02  1.5346E-03  6.3739E-02
  2.3863E+02  6.4173E-03  6.4597E-02
  2.3901E+02  1.1298E-02  6.5487E-02
  2.3938E+02  1.6177E-02  6.6409E-02
  2.3976E+02  2.1054E-02  6.7362E-02
  2.4014E+02  2.5928E-02  6.8346E-02
  2.4051E+02  3.0799E-02  6.9361E-02
  2.4089E+02  3.5666E-02  7.0407E-02
  2.4126E+02  4.0526E-02  7.1483E-02
  2.4164E+02  4.5378E-02  7.2589E-02
  2.4202E+02  5.0220E-02  7.3725E-02
  2.4239E+02  5.5051E-02  7.4891E-02
  2.4277E+02  5.9868E-02  7.6085E-02
  2.4314E+02  6.4670E-02  7.7310E-02
  2.4352E+02  6.9456E-02  7.8563E-02
  2.4389E+02  7.4224E-02  7.9844E-02
  2.4427E+02  7.8974E-02  8.1155E-02
  2.4465E+02  8.3706E-02  8.2494E-02
  2.4502E+02  8.8417E-02  8.3862E-02
  2.4540E+02  9.3109E-02  8.5258E-02
  2.4577E+02  9.7782E-02  8.6683E-02
  2.4615E+02  1.0243E-01  8.8137E-02
  2.4652E+02  1.0707E-01  8.9619E-02
  2.4690E+02  1.1168E-01  9.1130E-02
  2.4728E+02  1.1627E-01  9.2670E-02
  2.4765E+02  1.2084E-01  9.4238E-02
  2.4803E+02  1.2539E-01  9.5836E-02
  2.4840E+02  1.2991E-01  9.7462E-02
  2.4878E+02  1.3441E-01  9.9117E-02
  2.4916E+02  1.3889E-01  1.0080E-01
  2.4953E+02  1.4335E-01  1.0251E-01
  2.4991E+02  1.4778E-01  1.0425E-01
  2.5028E+02  1.5218E-01  1.0602E-01
  2.5066E+02  1.5656E-01  1.0782E-01
  2.5103E+02  1.6091E-01  1.0965E-01
  2.5141E+02  1.6524E-01  1.1151E-01
  2.5179E+02  1.6954E-01  1.1339E-01
  2.5216E+02  1.7381E-01  1.1530E-01
  2.5254E+02  1.7806E-01  1.1724E-01
  2.5291E+02  1.8228E-01  1.1921E-01
  2.5329E+02  1.8647E-01  1.2120E-01
  2.5367E+02  1.9063E-01  1.2322E-01
  2.5404E+02  1.9477E-01  1.2527E-01
  2.5442E+02  1.9888E-01  1.2735E-01
  2.5479E+02  2.0296E-01  1.2945E-01
  2.5517E+02  2.0702E-01  1.3158E-01
  2.5554E+02  2.1104E-01  1.3373E-01
  2.5592E+02  2.1504E-01  1.3591E-01
  2.5630E+02  2.1901E-01  1.3812E-01
  2.5667E+02  2.2296E-01  1.4034E-01
  2.5705E+02  2.2687E-01  1.4260E-01
  2.5742E+02  2.3076E-01  1.4488E-01
  2.5780E+02  2.3462E-01  1.4718E-01
  2.5817E+02  2.3845E-01  1.4950E-01
  2.5855E+02  2.4226E-01  1.5185E-01
  2.5893E+02  2.4604E-01  1.5422E-01
  2.5930E+02  2.4978E-01  1.5661E-01
  2.5968E+02  2.5350E-01  1.5902E-01
  2.6005E+02  2.5720E-01  1.6145E-01
  2.6043E+02  2.6086E-01  1.6390E-01
  2.6081E+02  2.6450E-01  1.6638E-01
  2.6118E+02  2.6811E-01  1.6887E-01
  2.6156E+02  2.7169E-01  1.7138E-01
  2.6193E+02  2.7525E-01  1.7391E-01
  2.6231E+02  2.7877E-01  1.7646E-01
  2.6268E+02  2.8227E-01  1.7902E-01
  2.6306E+02  2.8575E-01  1.8160E-01
  2.6344E+02  2.8919E-01  1.8420E-01
  2.6381E+02  2.9261E-01  1.8681E-01
  2.6419E+02  2.9601E-01  1.8944E-01
  2.6456E+02  2.9938E-01  1.9208E-01
  2.6494E+02  3.0272E-01  1.9474E-01
  2.6531E+02  3.0603E-01  1.9741E-01
  2.6569E+02  3.0932E-01  2.0009E-01
  2.6607E+02  3.1259E-01  2.0279E-01
  2.6644E+02  3.1582E-01  2.0550E-01
  2.6682E+02  3.1904E-01  2.0822E-01
  2.6719E+02  3.2223E-01  2.1095E-01
  2.6757E+02  3.2539E-01  2.1369E-01
  2.6795E+02  3.2852E-01  2.1645E-01
  2.6832E+02  3.3163E-01  2.1921E-01
  2.6870E+02  3.3472E-01  2.2198E-01
  2.6907E+02  3.3777E-01  2.2477E-01
  2.6945E+02  3.4080E-01  2.2756E-01
  2.6982E+02  3.4380E-01  2.3036E-01
  2.7020E+02  3.4677E-01  2.3317E-01
  2.7058E+02  3.4972E-01  2.3598E-01
  2.7095E+02  3.5263E-01  2.3881E-01
  2.7133E+02  3.5551E-01  2.4164E-01
  2.7170E+02  3.5836E-01  2.4448E-01
  2.7208E+02  3.6119E-01  2.4732E-01
  2.7246E+02  3.6398E-01  2.5018E-01
  2.7283E+02  3.6674E-01  2.5304E-01
  2.7321E+02  3.6946E-01  2.5590E-01
  2.7358E+02  3.7216E-01  2.5878E-01
  2.7396E+02  3.7482E-01  2.6166E-01
  2.7433E+02  3.7745E-01  2.6455E-01
  2.7471E+02  3.8005E-01  2.6745E-01
  2.7509E+02  3.8262E-01  2.7036E-01
  2.7546E+02  3.8515E-01  2.7327E-01
  2.7584E+02  3.8766E-01  2.7619E-01
  2.7621E+02  3.9013E-01  2.7912E-01
  2.7659E+02  3.9257E-01  2.8206E-01
  2.7696E+02  3.9498E-01  2.8500E-01
  2.7734E+02  3.9735E-01  2.8796E-01
  2.7772E+02  3.9970E-01  2.9092E-01
  2.7809E+02  4.0202E-01  2.9389E-01
  2.7847E+02  4.0430E-01  2.9687E-01
  2.7884E+02  4.0656E-01  2.9986E-01
  2.7922E+02  4.0878E-01  3.0286E-01
  2.7960E+02  4.1098E-01  3.0587E-01
  2.7997E+02  4.1315E-01  3.0889E-01
  2.8035E+02  4.1528E-01  3.1191E-01
  2.8072E+02  4.1739E-01  3.1495E-01
  2.8110E+02  4.1947E-01  3.1799E-01
  2.8147E+02  4.2152E-01  3.2105E-01
  2.8185E+02  4.2354E-01  3.2411E-01
  2.8223E+02  4.2554E-01  3.2718E-01
  2.8260E+02  4.2750E-01  3.3026E-01
  2.8298E+02  4.2944E-01  3.3335E-01
  2.8335E+02  4.3135E-01  3.3644E-01
  2.8373E+02  4.3322E-01  3.3955E-01
  2.8410E+02  4.3507E-01  3.4266E-01
  2.8448E+02  4.3689E-01  3.4578E-01
  2.8486E+02  4.3868E-01  3.4890E-01
  2.8523E+02  4.4044E-01  3.5204E-01
  2.8561E+02  4.4217E-01  3.5517E-01
  2.8598E+02  4.4386E-01  3.5832E-01
  2.8636E+02  4.4553E-01  3.6147E-01
  2.8674E+02  4.4716E-01  3.6463E-01
  2.8711E+02  4.4877E-01  3.6779E-01
  2.8749E+02  4.5034E-01  3.7095E-01
  2.8786E+02  4.5188E-01  3.7412E-01
  2.8824E+02  4.5339E-01  3.7729E-01
  2.8861E+02  4.5486E-01  3.8047E-01
  2.8899E+02  4.5631E-01  3.8365E-01
  2.8937E+02  4.5771E-01  3.8683E-01
  2.8974E+02  4.5909E-01  3.9001E-01
  2.9012E+02  4.6043E-01  3.9319E-01
  2.9049E+02  4.6174E-01  3.9638E-01
  2.9087E+02  4.6301E-01  3.9956E-01
  2.9125E+02  4.6425E-01  4.0274E-01
  2.9162E+02  4.6545E-01  4.0592E-01
  2.9200E+02  4.6663E-01  4.0910E-01
  2.9237E+02  4.6776E-01  4.1228E-01
  2.9275E+02  4.6887E-01  4.1546E-01
  2.9312E+02  4.6993E-01  4.1863E-01
  2.9350E+02  4.7097E-01  4.2180E-01
  2.9388E+02  4.7197E-01  4.2496E-01
  2.9425E+02  4.7294E-01  4.2812E-01
  2.9463E+02  4.7387E-01  4.3127E-01
  2.9500E+02  4.7477E-01  4.3442E-01
  2.9538E+02  4.7563E-01  4.3756E-01
  2.9575E+02  4.7646E-01  4.4069E-01
  2.9613E+02  4.7726E-01  4.4382E-01
  2.9651E+02  4.7802E-01  4.4693E-01
  2.9688E+02  4.7874E-01  4.5004E-01
  2.9726E+02  4.7944E-01  4.5313E-01
  2.9763E+02  4.8009E-01  4.5622E-01
  2.9801E+02  4.8072E-01  4.5929E-01
  2.9839E+02  4.8130E-01  4.6236E-01
  2.9876E+02  4.8186E-01  4.6541E-01
  2.9914E+02  4.8238E-01  4.6845E-01
  2.9951E+02  4.8287E-01  4.7148E-01
  2.9989E+02  4.8332E-01  4.7449E-01
  3.0026E+02  4.8375E-01  4.7750E-01
  3.0064E+02  4.8414E-01  4.8049E-01
  3.0102E+02  4.8449E-01  4.8346E-01
  3.0139E+02  4.8482E-01  4.8643E-01
  3.0177E+02  4.8511E-01  4.8938E-01
  3.0214E+02  4.8537E-01  4.9232E-01
  3.0252E+02  4.8560E-01  4.9524E-01
  3.0289E+02  4.8580E-01  4.9816E-01
  3.0327E+02  4.8597E-01  5.0106E-01
  3.0365E+02  4.8611E-01  5.0394E-01
  3.0402E+02  4.8622E-01  5.0682E-01
  3.0440E+02  4.8630E-01  5.0968E-01
  3.0477E+02  4.8636E-01  5.1253E-01
  3.0515E+02  4.8638E-01  5.1537E-01
  3.0553E+02  4.8638E-01  5.1820E-01
  3.0590E+02  4.8636E-01  5.2102E-01
  3.0628E+02  4.8630E-01  5.2383E-01
  3.0665E+02  4.8623E-01  5.2662E-01
  3.0703E+02  4.8613E-01  5.2941E-01
  3.0740E+02  4.8600E-01  5.3219E-01
  3.0778E+02  4.8585E-01  5.3496E-01
  3.0816E+02  4.8569E-01  5.3772E-01
  3.0853E+02  4.8549E-01  5.4047E-01
  3.0891E+02  4.8528E-01  5.4321E-01
  3.0928E+02  4.8505E-01  5.4595E-01
  3.0966E+02  4.8479E-01  5.4868E-01
  3.1004E+02  4.8451E-01  5.5140E-01
  3.1041E+02  4.8422E-01  5.5411E-01
  3.1079E+02  4.8390E-01  5.5681E-01
  3.1116E+02  4.8356E-01  5.5951E-01
  3.1154E+02  4.8320E-01  5.6220E-01
  3.1191E+02  4.8281E-01  5.6489E-01
  3.1229E+02  4.8241E-01  5.6756E-01
  3.1267E+02  4.8198E-01  5.7023E-01
  3.1304E+02  4.8153E-01  5.7290E-01
  3.1342E+02  4.8106E-01  5.7555E-01
  3.1379E+02  4.8057E-01  5.7820E-01
  3.1417E+02  4.8006E-01  5.8084E-01
  3.1454E+02  4.7952E-01  5.8347E-01
  3.1492E+02  4.7896E-01  5.8610E-01
  3.1530E+02  4.7838E-01  5.8872E-01
  3.1567E+02  4.7777E-01  5.9133E-01
  3.1605E+02  4.7714E-01  5.9393E-01
  3.1642E+02  4.7648E-01  5.9652E-01
  3.1680E+02  4.7580E-01  5.9911E-01
  3.1718E+02  4.7510E-01  6.0168E-01
  3.1755E+02  4.7437E-01  6.0425E-01
  3.1793E+02  4.7361E-01  6.0680E-01
  3.1830E+02  4.7283E-01  6.0935E-01
  3.1868E+02  4.7203E-01  6.1189E-01
  3.1905E+02  4.7119E-01  6.1441E-01
  3.1943E+02  4.7033E-01  6.1693E-01
  3.1981E+02  4.6945E-01  6.1943E-01
  3.2018E+02  4.6853E-01  6.2192E-01
  3.2056E+02  4.6759E-01  6.2440E-01
  3.2093E+02  4.6663E-01  6.2686E-01
  3.2131E+02  4.6563E-01  6.2931E-01
  3.2168E+02  4.6461E-01  6.3175E-01
  3.2206E+02  4.6356E-01  6.3417E-01
  3.2244E+02  4.6249E-01  6.3658E-01
  3.2281E+02  4.6139E-01  6.3897E-01
  3.2319E+02  4.6026E-01  6.4135E-01
  3.2356E+02  4.5910E-01  6.4371E-01
  3.2394E+02  4.5792E-01  6.4605E-01
  3.2432E+02  4.5671E-01  6.4837E-01
  3.2469E+02  4.5547E-01  6.5068E-01
  3.2507E+02  4.5420E-01  6.5297E-01
  3.2544E+02  4.5291E-01  6.5524E-01
  3.2582E+02  4.5160E-01  6.5749E-01
  3.2619E+02  4.5025E-01  6.5972E-01
  3.2657E+02  4.4888E-01  6.6192E-01
  3.2695E+02  4.4749E-01  6.6411E-01
  3.2732E+02  4.4607E-01  6.6628E-01
  3.2770E+02  4.4462E-01  6.6842E-01
  3.2807E+02  4.4314E-01  6.7054E-01
  3.2845E+02  4.4165E-01  6.7264E-01
  3.2883E+02  4.4012E-01  6.7471E-01
  3.2920E+02  4.3857E-01  6.7677E-01
  3.2958E+02  4.3700E-01  6.7879E-01
  3.2995E+02  4.3540E-01  6.8080E-01
  3.3033E+02  4.3378E-01  6.8278E-01
  3.3070E+02  4.3213E-01  6.8473E-01
  3.3108E+02  4.3046E-01  6.8667E-01
  3.3146E+02  4.2877E-01  6.8857E-01
  3.3183E+02  4.2705E-01  6.9046E-01
  3.3221E+02  4.2531E-01  6.9231E-01
  3.3258E+02  4.2355E-01  6.9415E-01
  3.3296E+02  4.2177E-01  6.9596E-01
  3.3333E+02  4.1997E-01  6.9774E-01
  3.3371E+02  4.1815E-01  6.9950E-01
  3.3409E+02  4.1631E-01  7.0124E-01
  3.3446E+02  4.1446E-01  7.0295E-01
  3.3484E+02  4.1258E-01  7.0464E-01
  3.3521E+02  4.1069E-01  7.0631E-01
  3.3559E+02  4.0878E-01  7.0795E-01
  3.3597E+02  4.0685E-01  7.0957E-01
  3.3634E+02  4.0491E-01  7.1117E-01
  3.3672E+02  4.0295E-01  7.1275E-01
  3.3709E+02  4.0098E-01  7.1430E-01
  3.3747E+02  3.9900E-01  7.1583E-01
  3.3784E+02  3.9700E-01  7.1734E-01
  3.3822E+02  3.9500E-01  7.1884E-01
  3.3860E+02  3.9298E-01  7.2031E-01
  3.3897E+02  3.9095E-01  7.2176E-01
  3.3935E+02  3.8891E-01  7.2319E-01
  3.3972E+02  3.8686E-01  7.2460E-01
  3.4010E+02  3.8480E-01  7.2600E-01
  3.4047E+02  3.8273E-01  7.2738E-01
  3.4085E+02  3.8065E-01  7.2873E-01
  3.4123E+02  3.7857E-01  7.3007E-01
  3.4160E+02  3.7648E-01  7.3140E-01
  3.4198E+02  3.7438E-01  7.3271E-01
  3.4235E+02  3.7227E-01  7.3400E-01
  3.4273E+02  3.7016E-01  7.3527E-01
  3.4311E+02  3.6804E-01  7.3653E-01
  3.4348E+02  3.6592E-01  7.3777E-01
  3.4386E+02  3.6379E-01  7.3900E-01
  3.4423E+02  3.6165E-01  7.4021E-01
  3.4461E+02  3.5950E-01  7.4140E-01
  3.4498E+02  3.5735E-01  7.4258E-01
  3.4536E+02  3.5520E-01  7.4375E-01
  3.4574E+02  3.5303E-01  7.4490E-01
  3.4611E+02  3.5086E-01  7.4604E-01
  3.4649E+02  3.4869E-01  7.4716E-01
  3.4686E+02  3.4650E-01  7.4826E-01
  3.4724E+02  3.4431E-01  7.4935E-01
  3.4762E+02  3.4212E-01  7.5043E-01
  3.4799E+02  3.3991E-01  7.5149E-01
  3.4837E+02  3.3770E-01  7.5253E-01
  3.4874E+02  3.3547E-01  7.5356E-01
  3.4912E+02  3.3324E-01  7.5458E-01
  3.4949E+02  3.3100E-01  7.5558E-01
  3.4987E+02  3.2875E-01  7.5656E-01
  3.5025E+02  3.2649E-01  7.5753E-01
  3.5062E+02  3.2422E-01  7.5848E-01
  3.5100E+02  3.2194E-01  7.5941E-01
  3.5137E+02  3.1965E-01  7.6033E-01
  3.5175E+02  3.1734E-01  7.6123E-01
  3.5212E+02  3.1503E-01  7.6211E-01
  3.5250E+02  3.1270E-01  7.6297E-01
  3.5288E+02  3.1036E-01  7.6382E-01
  3.5325E+02  3.0801E-01  7.6465E-01
  3.5363E+02  3.0565E-01  7.6546E-01
  3.5400E+02  3.0327E-01  7.6625E-01
  3.5438E+02  3.0089E-01  7.6702E-01
  3.5476E+02  2.9848E-01  7.6777E-01
  3.5513E+02  2.9607E-01  7.6850E-01
  3.5551E+02  2.9364E-01  7.6922E-01
  3.5588E+02  2.9120E-01  7.6991E-01
  3.5626E+02  2.8875E-01  7.7058E-01
  3.5663E+02  2.8629E-01  7.7123E-01
  3.5701E+02  2.8381E-01  7.7186E-01
  3.5739E+02  2.8132E-01  7.7247E-01
  3.5776E+02  2.7882E-01  7.7306E-01
  3.5814E+02  2.7631E-01  7.7363E-01
  3.5851E+02  2.7378E-01  7.7417E-01
  3.5889E+02  2.7125E-01  7.7469E-01
  3.5926E+02  2.6870E-01  7.7519E-01
  3.5964E+02  2.6615E-01  7.7567E-01
  3.6002E+02  2.6358E-01  7.7613E-01
  3.6039E+02  2.6100E-01  7.7656E-01
  3.6077E+02  2.5842E-01  7.7697E-01
  3.6114E+02  2.5582E-01  7.7735E-01
  3.6152E+02  2.5322E-01  7.7772E-01
  3.6190E+02  2.5060E-01  7.7805E-01
  3.6227E+02  2.4798E-01  7.7837E-01
  3.6265E+02  2.4535E-01  7.7866E-01
  3.6302E+02  2.4271E-01  7.7893E-01
  3.6340E+02  2.4007E-01  7.7917E-01
  3.6377E+02  2.3741E-01  7.7939E-01
  3.6415E+02  2.3475E-01  7.7959E-01
  3.6453E+02  2.3208E-01  7.7976E-01
  3.6490E+02  2.2941E-01  7.7990E-01
  3.6528E+02  2.2673E-01  7.8003E-01
  3.6565E+02  2.2404E-01  7.8013E-01
  3.6603E+02  2.2135E-01  7.8020E-01
  3.6641E+02  2.1865E-01  7.8025E-01
  3.6678E+02  2.1595E-01  7.8028E-01
  3.6716E+02  2.1324E-01  7.8028E-01
  3.6753E+02  2.1053E-01  7.8026E-01
  3.6791E+02  2.0781E-01  7.8022E-01
  3.6828E+02  2.0509E-01  7.8015E-01
  3.6866E+02  2.0237E-01  7.8007E-01
  3.6904E+02  1.9964E-01  7.7995E-01
  3.6941E+02  1.9691E-01  7.7982E-01
  3.6979E+02  1.9418E-01  7.7966E-01
  3.7016E+02  1.9144E-01  7.7949E-01
  3.7054E+02  1.8871E-01  7.7929E-01
  3.7091E+02  1.8597E-01  7.7907E-01
  3.7129E+02  1.8323E-01  7.7883E-01
  3.7167E+02  1.8050E-01  7.7856E-01
  3.7204E+02  1.7776E-01  7.7828E-01
  3.7242E+02  1.7503E-01  7.7798E-01
  3.7279E+02  1.7230E-01  7.7766E-01
  3.7317E+02  1.6957E-01  7.7732E-01
  3.7355E+02  1.6685E-01  7.7697E-01
  3.7392E+02  1.6413E-01  7.7659E-01
  3.7430E+02  1.6141E-01  7.7620E-01
  3.7467E+02  1.5870E-01  7.7579E-01
  3.7505E+02  1.5600E-01  7.7536E-01
  3.7542E+02  1.5330E-01  7.7492E-01
  3.7580E+02  1.5061E-01  7.7446E-01
  3.7618E+02  1.4793E-01  7.7398E-01
  3.7655E+02  1.4526E-01  7.7349E-01
  3.7693E+02  1.4259E-01  7.7299E-01
  3.7730E+02  1.3994E-01  7.7246E-01
  3.7768E+02  1.3729E-01  7.7193E-01
  3.7805E+02  1.3465E-01  7.7137E-01
  3.7843E+02  1.3202E-01  7.7081E-01
  3.7881E+02  1.2941E-01  7.7023E-01
  3.7918E+02  1.2680E-01  7.6963E-01
  3.7956E+02  1.2420E-01  7.6902E-01
  3.7993E+02  1.2162E-01  7.6840E-01
  3.8031E+02  1.1904E-01  7.6776E-01
  3.8069E+02  1.1647E-01  7.6711E-01
  3.8106E+02  1.1391E-01  7.6644E-01
  3.8144E+02  1.1137E-01  7.6577E-01
  3.8181E+02  1.0883E-01  7.6507E-01
  3.8219E+02  1.0630E-01  7.6437E-01
  3.8256E+02  1.0378E-01  7.6365E-01
  3.8294E+02  1.0127E-01  7.6292E-01
  3.8332E+02  9.8768E-02  7.6217E-01
  3.8369E+02  9.6274E-02  7.6141E-01
  3.8407E+02  9.3788E-02  7.6064E-01
  3.8444E+02  9.1309E-02  7.5986E-01
  3.8482E+02  8.8837E-02  7.5906E-01
  3.8520E+02  8.6372E-02  7.5825E-01
  3.8557E+02  8.3913E-02  7.5742E-01
  3.8595E+02  8.1460E-02  7.5659E-01
  3.8632E+02  7.9012E-02  7.5573E-01
  3.8670E+02  7.6569E-02  7.5487E-01
  3.8707E+02  7.4131E-02  7.5399E-01
  3.8745E+02  7.1697E-02  7.5310E-01
  3.8783E+02  6.9267E-02  7.5220E-01
  3.8820E+02  6.6841E-02  7.5128E-01
  3.8858E+02  6.4418E-02  7.5035E-01
  3.8895E+02  6.1999E-02  7.4940E-01
  3.8933E+02  5.9582E-02  7.4844E-01
  3.8970E+02  5.7168E-02  7.4747E-01
  3.9008E+02  5.4756E-02  7.4648E-01
  3.9046E+02  5.2347E-02  7.4548E-01
  3.9083E+02  4.9939E-02  7.4447E-01
  3.9121E+02  4.7534E-02  7.4344E-01
  3.9158E+02  4.5130E-02  7.4240E-01
  3.9196E+02  4.2729E-02  7.4134E-01
  3.9234E+02  4.0329E-02  7.4027E-01
  3.9271E+02  3.7932E-02  7.3919E-01
  3.9309E+02  3.5536E-02  7.3809E-01
  3.9346E+02  3.3142E-02  7.3697E-01
  3.9384E+02  3.0751E-02  7.3585E-01
  3.9421E+02  2.8362E-02  7.3470E-01
  3.9459E+02  2.5975E-02  7.3354E-01
  3.9497E+02  2.3592E-02  7.3237E-01
  3.9534E+02  2.1211E-02  7.3118E-01
  3.9572E+02  1.8834E-02  7.2998E-01
  3.9609E+02  1.6460E-02  7.2876E-01
  3.9647E+02  1.4091E-02  7.2753E-01
  3.9684E+02  1.1726E-02  7.2628E-01
  3.9722E+02  9.3657E-03  7.2502E-01
  3.9760E+02  7.0110E-03  7.2374E-01
  3.9797E+02  4.6619E-03  7.2244E-01
  3.9835E+02  2.3192E-03  7.2114E-01
  3.9872E+02 -1.6832E-05  7.1981E-01
  3.9910E+02 -2.3456E-03  7.1848E-01
  3.9948E+02 -4.6667E-03  7.1712E-01
  3.9985E+02 -6.9795E-03  7.1576E-01
  4.0023E+02 -9.2835E-03  7.1438E-01
  4.0060E+02 -1.1578E-02  7.1298E-01
  4.0098E+02 -1.3863E-02  7.1157E-01
  4.0135E+02 -1.6138E-02  7.1015E-01
  4.0173E+02 -1.8402E-02  7.0871E-01
  4.0211E+02 -2.0656E-02  7.0726E-01
  4.0248E+02 -2.2897E-02  7.0580E-01
  4.0286E+02 -2.5127E-02  7.0432E-01
  4.0323E+02 -2.7345E-02  7.0283E-01
  4.0361E+02 -2.9550E-02  7.0133E-01
  4.0399E+02 -3.1742E-02  6.9981E-01
  4.0436E+02 -3.3921E-02  6.9828E-01
  4.0474E+02 -3.6087E-02  6.9674E-01
  4.0511E+02 -3.8240E-02  6.9519E-01
  4.0549E+02 -4.0380E-02  6.9363E-01
  4.0586E+02 -4.2505E-02  6.9206E-01
  4.0624E+02 -4.4618E-02  6.9047E-01
  4.0662E+02 -4.6716E-02  6.8887E-01
  4.0699E+02 -4.8801E-02  6.8727E-01
  4.0737E+02 -5.0873E-02  6.8565E-01
  4.0774E+02 -5.2931E-02  6.8402E-01
  4.0812E+02 -5.4976E-02  6.8238E-01
  4.0849E+02 -5.7007E-02  6.8074E-01
  4.0887E+02 -5.9025E-02  6.7908E-01
  4.0925E+02 -6.1030E-02  6.7741E-01
  4.0962E+02 -6.3023E-02  6.7574E-01
  4.1000E+02 -6.5002E-02  6.7406E-01
  4.1037E+02 -6.6969E-02  6.7236E-01
  4.1075E+02 -6.8924E-02  6.7066E-01
  4.1113E+02 -7.0866E-02  6.6895E-01
  4.1150E+02 -7.2796E-02  6.6724E-01
  4.1188E+02 -7.4714E-02  6.6552E-01
  4.1225E+02 -7.6619E-02  6.6378E-01
  4.1263E+02 -7.8513E-02  6.6205E-01
  4.1300E+02 -8.0396E-02  6.6030E-01
  4.1338E+02 -8.2266E-02  6.5855E-01
  4.1376E+02 -8.4124E-02  6.5680E-01
  4.1413E+02 -8.5971E-02  6.5503E-01
  4.1451E+02 -8.7806E-02  6.5326E-01
  4.1488E+02 -8.9630E-02  6.5149E-01
  4.1526E+02 -9.1441E-02  6.4971E-01
  4.1563E+02 -9.3240E-02  6.4792E-01
  4.1601E+02 -9.5028E-02  6.4613E-01
  4.1639E+02 -9.6803E-02  6.4434E-01
  4.1676E+02 -9.8566E-02  6.4254E-01
  4.1714E+02 -1.0032E-01  6.4074E-01
  4.1751E+02 -1.0205E-01  6.3893E-01
  4.1789E+02 -1.0378E-01  6.3711E-01
  4.1827E+02 -1.0549E-01  6.3529E-01
  4.1864E+02 -1.0719E-01  6.3347E-01
  4.1902E+02 -1.0888E-01  6.3165E-01
  4.1939E+02 -1.1055E-01  6.2982E-01
  4.1977E+02 -1.1221E-01  6.2798E-01
  4.2014E+02 -1.1386E-01  6.2614E-01
  4.2052E+02 -1.1549E-01  6.2430E-01
  4.2090E+02 -1.1711E-01  6.2245E-01
  4.2127E+02 -1.1872E-01  6.2060E-01
  4.2165E+02 -1.2031E-01  6.1874E-01
  4.2202E+02 -1.2188E-01  6.1688E-01
  4.2240E+02 -1.2345E-01  6.1502E-01
  4.2278E+02 -1.2499E-01  6.1315E-01
  4.2315E+02 -1.2653E-01  6.1128E-01
  4.2353E+02 -1.2805E-01  6.0941E-01
  4.2390E+02 -1.2955E-01  6.0753E-01
  4.2428E+02 -1.3104E-01  6.0564E-01
  4.2465E+02 -1.3251E-01  6.0375E-01
  4.2503E+02 -1.3397E-01  6.0186E-01
  4.2541E+02 -1.3542E-01  5.9997E-01
  4.2578E+02 -1.3685E-01  5.9807E-01
  4.2616E+02 -1.3826E-01  5.9616E-01
  4.2653E+02 -1.3966E-01  5.9426E-01
  4.2691E+02 -1.4104E-01  5.9235E-01
  4.2728E+02 -1.4241E-01  5.9043E-01
  4.2766E+02 -1.4376E-01  5.8851E-01
  4.2804E+02 -1.4510E-01  5.8659E-01
  4.2841E+02 -1.4642E-01  5.8467E-01
  4.2879E+02 -1.4773E-01  5.8274E-01
  4.2916E+02 -1.4902E-01  5.8081E-01
  4.2954E+02 -1.5029E-01  5.7888E-01
  4.2992E+02 -1.5155E-01  5.7694E-01
  4.3029E+02 -1.5280E-01  5.7500E-01
  4.3067E+02 -1.5403E-01  5.7306E-01
  4.3104E+02 -1.5524E-01  5.7111E-01
  4.3142E+02 -1.5644E-01  5.6917E-01
  4.3179E+02 -1.5762E-01  5.6722E-01
  4.3217E+02 -1.5879E-01  5.6526E-01
  4.3255E+02 -1.5994E-01  5.6331E-01
  4.3292E+02 -1.6108E-01  5.6135E-01
  4.3330E+02 -1.6220E-01  5.5939E-01
  4.3367E+02 -1.6331E-01  5.5743E-01
  4.3405E+02 -1.6440E-01  5.5547E-01
  4.3442E+02 -1.6548E-01  5.5351E-01
  4.3480E+02 -1.6655E-01  5.5154E-01
  4.3518E+02 -1.6760E-01  5.4957E-01
  4.3555E+02 -1.6864E-01  5.4760E-01
  4.3593E+02 -1.6967E-01  5.4563E-01
  4.3630E+02 -1.7068E-01  5.4366E-01
  4.3668E+02 -1.7168E-01  5.4168E-01
  4.3706E+02 -1.7267E-01  5.3971E-01
  4.3743E+02 -1.7364E-01  5.3773E-01
  4.3781E+02 -1.7460E-01  5.3576E-01
  4.3818E+02 -1.7555E-01  5.3378E-01
  4.3856E+02 -1.7649E-01  5.3180E-01
  4.3893E+02 -1.7742E-01  5.2982E-01
  4.3931E+02 -1.7833E-01  5.2784E-01
  4.3969E+02 -1.7923E-01  5.2586E-01
  4.4006E+02 -1.8013E-01  5.2388E-01
  4.4044E+02 -1.8101E-01  5.2190E-01
  4.4081E+02 -1.8187E-01  5.1992E-01
  4.4119E+02 -1.8273E-01  5.1794E-01
  4.4157E+02 -1.8358E-01  5.1596E-01
  4.4194E+02 -1.8441E-01  5.1398E-01
  4.4232E+02 -1.8524E-01  5.1200E-01
  4.4269E+02 -1.8605E-01  5.1002E-01
  4.4307E+02 -1.8685E-01  5.0804E-01
  4.4344E+02 -1.8764E-01  5.0607E-01
  4.4382E+02 -1.8842E-01  5.0409E-01
  4.4420E+02 -1.8919E-01  5.0212E-01
  4.4457E+02 -1.8994E-01  5.0015E-01
  4.4495E+02 -1.9068E-01  4.9818E-01
  4.4532E+02 -1.9141E-01  4.9621E-01
  4.4570E+02 -1.9213E-01  4.9425E-01
  4.4607E+02 -1.9284E-01  4.9229E-01
  4.4645E+02 -1.9353E-01  4.9033E-01
  4.4683E+02 -1.9422E-01  4.8837E-01
  4.4720E+02 -1.9488E-01  4.8642E-01
  4.4758E+02 -1.9554E-01  4.8447E-01
  4.4795E+02 -1.9618E-01  4.8252E-01
  4.4833E+02 -1.9681E-01  4.8057E-01
  4.4871E+02 -1.9743E-01  4.7863E-01
  4.4908E+02 -1.9803E-01  4.7669E-01
  4.4946E+02 -1.9862E-01  4.7476E-01
  4.4983E+02 -1.9919E-01  4.7282E-01
  4.5021E+02 -1.9975E-01  4.7090E-01
  4.5058E+02 -2.0030E-01  4.6897E-01
  4.5096E+02 -2.0084E-01  4.6705E-01
  4.5134E+02 -2.0135E-01  4.6513E-01
  4.5171E+02 -2.0186E-01  4.6322E-01
  4.5209E+02 -2.0235E-01  4.6131E-01
  4.5246E+02 -2.0283E-01  4.5940E-01
  4.5284E+02 -2.0329E-01  4.5750E-01
  4.5321E+02 -2.0374E-01  4.5560E-01
  4.5359E+02 -2.0417E-01  4.5371E-01
  4.5397E+02 -2.0459E-01  4.5182E-01
  4.5434E+02 -2.0499E-01  4.4993E-01
  4.5472E+02 -2.0538E-01  4.4805E-01
  4.5509E+02 -2.0576E-01  4.4618E-01
  4.5547E+02 -2.0612E-01  4.4431E-01
  4.5585E+02 -2.0647E-01  4.4244E-01
  4.5622E+02 -2.0680E-01  4.4058E-01
  4.5660E+02 -2.0712E-01  4.3872E-01
  4.5697E+02 -2.0743E-01  4.3686E-01
  4.5735E+02 -2.0772E-01  4.3502E-01
  4.5772E+02 -2.0800E-01  4.3317E-01
  4.5810E+02 -2.0826E-01  4.3133E-01
  4.5848E+02 -2.0851E-01  4.2950E-01
  4.5885E+02 -2.0874E-01  4.2767E-01
  4.5923E+02 -2.0897E-01  4.2585E-01
  4.5960E+02 -2.0918E-01  4.2403E-01
  4.5998E+02 -2.0937E-01  4.2222E-01
  4.6036E+02 -2.0955E-01  4.2041E-01
  4.6073E+02 -2.0972E-01  4.1861E-01
  4.6111E+02 -2.0988E-01  4.1681E-01
  4.6148E+02 -2.1002E-01  4.1502E-01
  4.6186E+02 -2.1015E-01  4.1324E-01
  4.6223E+02 -2.1027E-01  4.1146E-01
  4.6261E+02 -2.1038E-01  4.0969E-01
  4.6299E+02 -2.1047E-01  4.0792E-01
  4.6336E+02 -2.1055E-01  4.0616E-01
  4.6374E+02 -2.1062E-01  4.0440E-01
  4.6411E+02 -2.1068E-01  4.0265E-01
  4.6449E+02 -2.1073E-01  4.0091E-01
  4.6486E+02 -2.1076E-01  3.9917E-01
  4.6524E+02 -2.1079E-01  3.9744E-01
  4.6562E+02 -2.1080E-01  3.9572E-01
  4.6599E+02 -2.1080E-01  3.9400E-01
  4.6637E+02 -2.1079E-01  3.9229E-01
  4.6674E+02 -2.1077E-01  3.9058E-01
  4.6712E+02 -2.1074E-01  3.8888E-01
  4.6750E+02 -2.1070E-01  3.8719E-01
  4.6787E+02 -2.1065E-01  3.8551E-01
  4.6825E+02 -2.1060E-01  3.8383E-01
  4.6862E+02 -2.1053E-01  3.8215E-01
  4.6900E+02 -2.1045E-01  3.8049E-01
  4.6937E+02 -2.1036E-01  3.7883E-01
  4.6975E+02 -2.1026E-01  3.7718E-01
  4.7013E+02 -2.1015E-01  3.7553E-01
  4.7050E+02 -2.1003E-01  3.7389E-01
  4.7088E+02 -2.0991E-01  3.7226E-01
  4.7125E+02 -2.0977E-01  3.7064E-01
  4.7163E+02 -2.0963E-01  3.6902E-01
  4.7200E+02 -2.0947E-01  3.6741E-01
  4.7238E+02 -2.0931E-01  3.6581E-01
  4.7276E+02 -2.0914E-01  3.6422E-01
  4.7313E+02 -2.0896E-01  3.6263E-01
  4.7351E+02 -2.0877E-01  3.6105E-01
  4.7388E+02 -2.0857E-01  3.5948E-01
  4.7426E+02 -2.0836E-01  3.5792E-01
  4.7464E+02 -2.0814E-01  3.5636E-01
  4.7501E+02 -2.0791E-01  3.5481E-01
  4.7539E+02 -2.0768E-01  3.5327E-01
  4.7576E+02 -2.0743E-01  3.5174E-01
  4.7614E+02 -2.0718E-01  3.5022E-01
  4.7651E+02 -2.0691E-01  3.4870E-01
  4.7689E+02 -2.0664E-01  3.4719E-01
  4.7727E+02 -2.0636E-01  3.4569E-01
  4.7764E+02 -2.0607E-01  3.4420E-01
  4.7802E+02 -2.0577E-01  3.4272E-01
  4.7839E+02 -2.0546E-01  3.4124E-01
  4.7877E+02 -2.0515E-01  3.3977E-01
  4.7915E+02 -2.0482E-01  3.3831E-01
  4.7952E+02 -2.0449E-01  3.3686E-01
  4.7990E+02 -2.0414E-01  3.3542E-01
  4.8027E+02 -2.0379E-01  3.3399E-01
  4.8065E+02 -2.0343E-01  3.3256E-01
  4.8102E+02 -2.0305E-01  3.3115E-01
  4.8140E+02 -2.0267E-01  3.2974E-01
  4.8178E+02 -2.0229E-01  3.2834E-01
  4.8215E+02 -2.0189E-01  3.2695E-01
  4.8253E+02 -2.0148E-01  3.2557E-01
  4.8290E+02 -2.0107E-01  3.2419E-01
  4.8328E+02 -2.0064E-01  3.2283E-01
  4.8365E+02 -2.0021E-01  3.2147E-01
  4.8403E+02 -1.9977E-01  3.2012E-01
  4.8441E+02 -1.9932E-01  3.1878E-01
  4.8478E+02 -1.9887E-01  3.1745E-01
  4.8516E+02 -1.9840E-01  3.1613E-01
  4.8553E+02 -1.9793E-01  3.1482E-01
  4.8591E+02 -1.9745E-01  3.1351E-01
  4.8629E+02 -1.9696E-01  3.1222E-01
  4.8666E+02 -1.9647E-01  3.1093E-01
  4.8704E+02 -1.9596E-01  3.0965E-01
  4.8741E+02 -1.9545E-01  3.0838E-01
  4.8779E+02 -1.9494E-01  3.0712E-01
  4.8816E+02 -1.9441E-01  3.0587E-01
  4.8854E+02 -1.9388E-01  3.0463E-01
  4.8892E+02 -1.9335E-01  3.0339E-01
  4.8929E+02 -1.9280E-01  3.0217E-01
  4.8967E+02 -1.9226E-01  3.0095E-01
  4.9004E+02 -1.9170E-01  2.9974E-01
  4.9042E+02 -1.9114E-01  2.9854E-01
  4.9079E+02 -1.9057E-01  2.9735E-01
  4.9117E+02 -1.9000E-01  2.9617E-01
  4.9155E+02 -1.8942E-01  2.9500E-01
  4.9192E+02 -1.8884E-01  2.9383E-01
  4.9230E+02 -1.8825E-01  2.9268E-01
  4.9267E+02 -1.8766E-01  2.9153E-01
  4.9305E+02 -1.8706E-01  2.9039E-01
  4.9343E+02 -1.8645E-01  2.8927E-01
  4.9380E+02 -1.8584E-01  2.8815E-01
  4.9418E+02 -1.8523E-01  2.8704E-01
  4.9455E+02 -1.8461E-01  2.8594E-01
  4.9493E+02 -1.8399E-01  2.8485E-01
  4.9530E+02 -1.8336E-01  2.8377E-01
  4.9568E+02 -1.8273E-01  2.8269E-01
  4.9606E+02 -1.8209E-01  2.8163E-01
  4.9643E+02 -1.8145E-01  2.8058E-01
  4.9681E+02 -1.8080E-01  2.7954E-01
  4.9718E+02 -1.8015E-01  2.7850E-01
  4.9756E+02 -1.7949E-01  2.7748E-01
  4.9794E+02 -1.7883E-01  2.7646E-01
  4.9831E+02 -1.7817E-01  2.7546E-01
  4.9869E+02 -1.7750E-01  2.7446E-01
  4.9906E+02 -1.7682E-01  2.7348E-01
  4.9944E+02 -1.7615E-01  2.7250E-01
  4.9981E+02 -1.7546E-01  2.7153E-01
  5.0000E+02 -1.7512E-01  2.7106E-01
