# CREATED BY GENE DIAGNOSTICS TOOL on Sat Jun 23 12:01:44 2018
# diag: GAMDIAG, run(s): 0023, time window: 0-500(1332 steps), species: ions
# original data path: /ptmp/cmor/PoP/scanfiles0000/
# normalization: L_ref=5.4832m
#
# xind= 0, x/a= 0.70710677, q= 1.1018624
# Fit:    0.24361277,1.4405387,0.0008240145
# Analytic (Gao, Zhou/Yu): 0.32199362,-0.001697727,1.9097553
#  t          Re[phi]     Im[phi]   
  0.0000E+00  1.4010E+01  0.0000E+00
  3.7580E-01  1.3974E+01  8.3190E-02
  7.5160E-01  1.3871E+01  1.6582E-01
  1.1274E+00  1.3712E+01  2.4704E-01
  1.5032E+00  1.3510E+01  3.2617E-01
  1.8790E+00  1.3276E+01  4.0278E-01
  2.2548E+00  1.3024E+01  4.7661E-01
  2.6306E+00  1.2764E+01  5.4752E-01
  3.0064E+00  1.2505E+01  6.1547E-01
  3.3822E+00  1.2256E+01  6.8051E-01
  3.7580E+00  1.2021E+01  7.4277E-01
  4.1338E+00  1.1804E+01  8.0241E-01
  4.5096E+00  1.1603E+01  8.5962E-01
  4.8854E+00  1.1419E+01  9.1463E-01
  5.2612E+00  1.1248E+01  9.6765E-01
  5.6370E+00  1.1088E+01  1.0189E+00
  6.0128E+00  1.0934E+01  1.0684E+00
  6.3886E+00  1.0783E+01  1.1164E+00
  6.7644E+00  1.0633E+01  1.1629E+00
  7.1402E+00  1.0481E+01  1.2079E+00
  7.5160E+00  1.0326E+01  1.2515E+00
  7.8918E+00  1.0167E+01  1.2935E+00
  8.2676E+00  1.0005E+01  1.3340E+00
  8.6434E+00  9.8396E+00  1.3729E+00
  9.0192E+00  9.6726E+00  1.4102E+00
  9.3950E+00  9.5049E+00  1.4459E+00
  9.7708E+00  9.3379E+00  1.4799E+00
  1.0147E+01  9.1731E+00  1.5122E+00
  1.0522E+01  9.0118E+00  1.5430E+00
  1.0898E+01  8.8552E+00  1.5722E+00
  1.1274E+01  8.7043E+00  1.6000E+00
  1.1650E+01  8.5601E+00  1.6263E+00
  1.2026E+01  8.4231E+00  1.6514E+00
  1.2401E+01  8.2937E+00  1.6752E+00
  1.2777E+01  8.1722E+00  1.6980E+00
  1.3153E+01  8.0588E+00  1.7198E+00
  1.3529E+01  7.9537E+00  1.7407E+00
  1.3905E+01  7.8566E+00  1.7609E+00
  1.4280E+01  7.7675E+00  1.7803E+00
  1.4656E+01  7.6862E+00  1.7992E+00
  1.5032E+01  7.6125E+00  1.8176E+00
  1.5408E+01  7.5461E+00  1.8356E+00
  1.5784E+01  7.4869E+00  1.8534E+00
  1.6159E+01  7.4346E+00  1.8709E+00
  1.6535E+01  7.3889E+00  1.8883E+00
  1.6911E+01  7.3496E+00  1.9056E+00
  1.7287E+01  7.3163E+00  1.9230E+00
  1.7663E+01  7.2889E+00  1.9404E+00
  1.8038E+01  7.2671E+00  1.9580E+00
  1.8414E+01  7.2508E+00  1.9759E+00
  1.8790E+01  7.2397E+00  1.9940E+00
  1.9166E+01  7.2333E+00  2.0124E+00
  1.9542E+01  7.2315E+00  2.0311E+00
  1.9917E+01  7.2339E+00  2.0503E+00
  2.0293E+01  7.2402E+00  2.0699E+00
  2.0669E+01  7.2501E+00  2.0901E+00
  2.1045E+01  7.2632E+00  2.1107E+00
  2.1421E+01  7.2791E+00  2.1319E+00
  2.1796E+01  7.2975E+00  2.1536E+00
  2.2172E+01  7.3183E+00  2.1759E+00
  2.2548E+01  7.3410E+00  2.1986E+00
  2.2924E+01  7.3654E+00  2.2220E+00
  2.3300E+01  7.3908E+00  2.2458E+00
  2.3675E+01  7.4166E+00  2.2703E+00
  2.4051E+01  7.4424E+00  2.2953E+00
  2.4427E+01  7.4679E+00  2.3207E+00
  2.4803E+01  7.4930E+00  2.3467E+00
  2.5179E+01  7.5178E+00  2.3732E+00
  2.5554E+01  7.5421E+00  2.4001E+00
  2.5930E+01  7.5655E+00  2.4274E+00
  2.6306E+01  7.5877E+00  2.4550E+00
  2.6682E+01  7.6082E+00  2.4830E+00
  2.7058E+01  7.6265E+00  2.5113E+00
  2.7433E+01  7.6424E+00  2.5399E+00
  2.7809E+01  7.6558E+00  2.5686E+00
  2.8185E+01  7.6666E+00  2.5975E+00
  2.8561E+01  7.6748E+00  2.6266E+00
  2.8937E+01  7.6803E+00  2.6558E+00
  2.9312E+01  7.6829E+00  2.6851E+00
  2.9688E+01  7.6826E+00  2.7144E+00
  3.0064E+01  7.6791E+00  2.7436E+00
  3.0440E+01  7.6723E+00  2.7727E+00
  3.0816E+01  7.6624E+00  2.8017E+00
  3.1191E+01  7.6494E+00  2.8305E+00
  3.1567E+01  7.6336E+00  2.8591E+00
  3.1943E+01  7.6149E+00  2.8874E+00
  3.2319E+01  7.5933E+00  2.9154E+00
  3.2695E+01  7.5689E+00  2.9431E+00
  3.3070E+01  7.5417E+00  2.9706E+00
  3.3446E+01  7.5114E+00  2.9976E+00
  3.3822E+01  7.4780E+00  3.0243E+00
  3.4198E+01  7.4413E+00  3.0505E+00
  3.4574E+01  7.4016E+00  3.0763E+00
  3.4949E+01  7.3592E+00  3.1015E+00
  3.5325E+01  7.3147E+00  3.1263E+00
  3.5701E+01  7.2685E+00  3.1506E+00
  3.6077E+01  7.2207E+00  3.1743E+00
  3.6453E+01  7.1716E+00  3.1975E+00
  3.6828E+01  7.1212E+00  3.2201E+00
  3.7204E+01  7.0697E+00  3.2422E+00
  3.7580E+01  7.0170E+00  3.2637E+00
  3.7956E+01  6.9634E+00  3.2846E+00
  3.8332E+01  6.9086E+00  3.3049E+00
  3.8707E+01  6.8526E+00  3.3247E+00
  3.9083E+01  6.7955E+00  3.3440E+00
  3.9459E+01  6.7374E+00  3.3626E+00
  3.9835E+01  6.6784E+00  3.3808E+00
  4.0211E+01  6.6187E+00  3.3983E+00
  4.0586E+01  6.5586E+00  3.4154E+00
  4.0962E+01  6.4983E+00  3.4319E+00
  4.1338E+01  6.4381E+00  3.4480E+00
  4.1714E+01  6.3781E+00  3.4635E+00
  4.2090E+01  6.3188E+00  3.4786E+00
  4.2465E+01  6.2603E+00  3.4932E+00
  4.2841E+01  6.2030E+00  3.5073E+00
  4.3217E+01  6.1473E+00  3.5211E+00
  4.3593E+01  6.0935E+00  3.5345E+00
  4.3969E+01  6.0419E+00  3.5476E+00
  4.4344E+01  5.9925E+00  3.5604E+00
  4.4720E+01  5.9449E+00  3.5729E+00
  4.5096E+01  5.8990E+00  3.5851E+00
  4.5472E+01  5.8541E+00  3.5971E+00
  4.5848E+01  5.8096E+00  3.6089E+00
  4.6223E+01  5.7649E+00  3.6203E+00
  4.6599E+01  5.7193E+00  3.6316E+00
  4.6975E+01  5.6724E+00  3.6426E+00
  4.7351E+01  5.6240E+00  3.6532E+00
  4.7727E+01  5.5742E+00  3.6637E+00
  4.8102E+01  5.5236E+00  3.6738E+00
  4.8478E+01  5.4728E+00  3.6837E+00
  4.8854E+01  5.4228E+00  3.6934E+00
  4.9230E+01  5.3744E+00  3.7029E+00
  4.9606E+01  5.3285E+00  3.7122E+00
  4.9981E+01  5.2854E+00  3.7214E+00
  5.0357E+01  5.2455E+00  3.7306E+00
  5.0733E+01  5.2087E+00  3.7396E+00
  5.1109E+01  5.1749E+00  3.7487E+00
  5.1485E+01  5.1435E+00  3.7576E+00
  5.1860E+01  5.1142E+00  3.7666E+00
  5.2236E+01  5.0863E+00  3.7756E+00
  5.2612E+01  5.0592E+00  3.7845E+00
  5.2988E+01  5.0323E+00  3.7933E+00
  5.3364E+01  5.0051E+00  3.8021E+00
  5.3739E+01  4.9774E+00  3.8109E+00
  5.4115E+01  4.9493E+00  3.8196E+00
  5.4491E+01  4.9207E+00  3.8282E+00
  5.4867E+01  4.8920E+00  3.8368E+00
  5.5243E+01  4.8634E+00  3.8454E+00
  5.5618E+01  4.8352E+00  3.8539E+00
  5.5994E+01  4.8075E+00  3.8624E+00
  5.6370E+01  4.7803E+00  3.8709E+00
  5.6746E+01  4.7535E+00  3.8795E+00
  5.7122E+01  4.7268E+00  3.8879E+00
  5.7497E+01  4.6999E+00  3.8964E+00
  5.7873E+01  4.6724E+00  3.9047E+00
  5.8249E+01  4.6438E+00  3.9130E+00
  5.8625E+01  4.6137E+00  3.9212E+00
  5.9001E+01  4.5818E+00  3.9291E+00
  5.9376E+01  4.5477E+00  3.9369E+00
  5.9752E+01  4.5116E+00  3.9444E+00
  6.0128E+01  4.4735E+00  3.9516E+00
  6.0504E+01  4.4338E+00  3.9585E+00
  6.0880E+01  4.3930E+00  3.9651E+00
  6.1255E+01  4.3515E+00  3.9713E+00
  6.1631E+01  4.3100E+00  3.9773E+00
  6.2007E+01  4.2689E+00  3.9830E+00
  6.2383E+01  4.2288E+00  3.9884E+00
  6.2759E+01  4.1900E+00  3.9935E+00
  6.3134E+01  4.1528E+00  3.9985E+00
  6.3510E+01  4.1172E+00  4.0032E+00
  6.3886E+01  4.0831E+00  4.0078E+00
  6.4262E+01  4.0503E+00  4.0122E+00
  6.4638E+01  4.0186E+00  4.0165E+00
  6.5013E+01  3.9876E+00  4.0206E+00
  6.5389E+01  3.9568E+00  4.0245E+00
  6.5765E+01  3.9258E+00  4.0283E+00
  6.6141E+01  3.8942E+00  4.0319E+00
  6.6517E+01  3.8617E+00  4.0353E+00
  6.6892E+01  3.8278E+00  4.0384E+00
  6.7268E+01  3.7925E+00  4.0414E+00
  6.7644E+01  3.7554E+00  4.0440E+00
  6.8020E+01  3.7167E+00  4.0464E+00
  6.8396E+01  3.6763E+00  4.0485E+00
  6.8771E+01  3.6344E+00  4.0503E+00
  6.9147E+01  3.5915E+00  4.0517E+00
  6.9523E+01  3.5478E+00  4.0529E+00
  6.9899E+01  3.5036E+00  4.0537E+00
  7.0275E+01  3.4592E+00  4.0542E+00
  7.0650E+01  3.4148E+00  4.0544E+00
  7.1026E+01  3.3706E+00  4.0543E+00
  7.1402E+01  3.3266E+00  4.0538E+00
  7.1778E+01  3.2830E+00  4.0531E+00
  7.2154E+01  3.2399E+00  4.0522E+00
  7.2529E+01  3.1974E+00  4.0509E+00
  7.2905E+01  3.1553E+00  4.0495E+00
  7.3281E+01  3.1138E+00  4.0478E+00
  7.3657E+01  3.0727E+00  4.0458E+00
  7.4033E+01  3.0318E+00  4.0437E+00
  7.4408E+01  2.9912E+00  4.0413E+00
  7.4784E+01  2.9508E+00  4.0387E+00
  7.5160E+01  2.9104E+00  4.0359E+00
  7.5536E+01  2.8701E+00  4.0328E+00
  7.5912E+01  2.8299E+00  4.0296E+00
  7.6287E+01  2.7896E+00  4.0261E+00
  7.6663E+01  2.7493E+00  4.0225E+00
  7.7039E+01  2.7090E+00  4.0186E+00
  7.7415E+01  2.6685E+00  4.0145E+00
  7.7791E+01  2.6278E+00  4.0102E+00
  7.8166E+01  2.5870E+00  4.0057E+00
  7.8542E+01  2.5460E+00  4.0009E+00
  7.8918E+01  2.5048E+00  3.9960E+00
  7.9294E+01  2.4636E+00  3.9908E+00
  7.9670E+01  2.4224E+00  3.9854E+00
  8.0045E+01  2.3813E+00  3.9798E+00
  8.0421E+01  2.3405E+00  3.9739E+00
  8.0797E+01  2.3001E+00  3.9679E+00
  8.1173E+01  2.2600E+00  3.9617E+00
  8.1549E+01  2.2203E+00  3.9553E+00
  8.1924E+01  2.1811E+00  3.9487E+00
  8.2300E+01  2.1423E+00  3.9419E+00
  8.2676E+01  2.1039E+00  3.9350E+00
  8.3052E+01  2.0659E+00  3.9279E+00
  8.3428E+01  2.0282E+00  3.9206E+00
  8.3803E+01  1.9908E+00  3.9131E+00
  8.4179E+01  1.9536E+00  3.9055E+00
  8.4555E+01  1.9166E+00  3.8977E+00
  8.4931E+01  1.8797E+00  3.8898E+00
  8.5307E+01  1.8431E+00  3.8817E+00
  8.5682E+01  1.8066E+00  3.8734E+00
  8.6058E+01  1.7705E+00  3.8650E+00
  8.6434E+01  1.7347E+00  3.8565E+00
  8.6810E+01  1.6991E+00  3.8479E+00
  8.7186E+01  1.6639E+00  3.8391E+00
  8.7561E+01  1.6289E+00  3.8301E+00
  8.7937E+01  1.5941E+00  3.8211E+00
  8.8313E+01  1.5594E+00  3.8119E+00
  8.8689E+01  1.5247E+00  3.8025E+00
  8.9065E+01  1.4900E+00  3.7930E+00
  8.9440E+01  1.4552E+00  3.7833E+00
  8.9816E+01  1.4202E+00  3.7735E+00
  9.0192E+01  1.3851E+00  3.7635E+00
  9.0568E+01  1.3500E+00  3.7534E+00
  9.0944E+01  1.3150E+00  3.7431E+00
  9.1319E+01  1.2801E+00  3.7327E+00
  9.1695E+01  1.2454E+00  3.7221E+00
  9.2071E+01  1.2108E+00  3.7113E+00
  9.2447E+01  1.1764E+00  3.7004E+00
  9.2823E+01  1.1421E+00  3.6894E+00
  9.3198E+01  1.1078E+00  3.6781E+00
  9.3574E+01  1.0734E+00  3.6667E+00
  9.3950E+01  1.0388E+00  3.6552E+00
  9.4326E+01  1.0040E+00  3.6434E+00
  9.4702E+01  9.6901E-01  3.6315E+00
  9.5077E+01  9.3372E-01  3.6193E+00
  9.5453E+01  8.9827E-01  3.6070E+00
  9.5829E+01  8.6275E-01  3.5945E+00
  9.6205E+01  8.2732E-01  3.5818E+00
  9.6581E+01  7.9212E-01  3.5690E+00
  9.6956E+01  7.5727E-01  3.5560E+00
  9.7332E+01  7.2285E-01  3.5428E+00
  9.7708E+01  6.8893E-01  3.5295E+00
  9.8084E+01  6.5550E-01  3.5160E+00
  9.8460E+01  6.2253E-01  3.5024E+00
  9.8835E+01  5.8994E-01  3.4886E+00
  9.9211E+01  5.5766E-01  3.4747E+00
  9.9587E+01  5.2555E-01  3.4606E+00
  9.9963E+01  4.9349E-01  3.4464E+00
  1.0034E+02  4.6134E-01  3.4320E+00
  1.0071E+02  4.2899E-01  3.4174E+00
  1.0109E+02  3.9637E-01  3.4027E+00
  1.0147E+02  3.6345E-01  3.3878E+00
  1.0184E+02  3.3023E-01  3.3728E+00
  1.0222E+02  2.9679E-01  3.3576E+00
  1.0259E+02  2.6324E-01  3.3422E+00
  1.0297E+02  2.2968E-01  3.3266E+00
  1.0334E+02  1.9627E-01  3.3109E+00
  1.0372E+02  1.6312E-01  3.2951E+00
  1.0410E+02  1.3029E-01  3.2791E+00
  1.0447E+02  9.7837E-02  3.2629E+00
  1.0485E+02  6.5772E-02  3.2466E+00
  1.0522E+02  3.4086E-02  3.2301E+00
  1.0560E+02  2.7568E-03  3.2135E+00
  1.0598E+02 -2.8244E-02  3.1968E+00
  1.0635E+02 -5.8948E-02  3.1799E+00
  1.0673E+02 -8.9382E-02  3.1629E+00
  1.0710E+02 -1.1957E-01  3.1458E+00
  1.0748E+02 -1.4953E-01  3.1285E+00
  1.0785E+02 -1.7927E-01  3.1111E+00
  1.0823E+02 -2.0882E-01  3.0936E+00
  1.0861E+02 -2.3818E-01  3.0760E+00
  1.0898E+02 -2.6737E-01  3.0583E+00
  1.0936E+02 -2.9640E-01  3.0404E+00
  1.0973E+02 -3.2529E-01  3.0225E+00
  1.1011E+02 -3.5406E-01  3.0044E+00
  1.1049E+02 -3.8271E-01  2.9862E+00
  1.1086E+02 -4.1124E-01  2.9679E+00
  1.1124E+02 -4.3964E-01  2.9495E+00
  1.1161E+02 -4.6791E-01  2.9310E+00
  1.1199E+02 -4.9602E-01  2.9124E+00
  1.1236E+02 -5.2394E-01  2.8937E+00
  1.1274E+02 -5.5165E-01  2.8748E+00
  1.1312E+02 -5.7911E-01  2.8559E+00
  1.1349E+02 -6.0628E-01  2.8368E+00
  1.1387E+02 -6.3313E-01  2.8177E+00
  1.1424E+02 -6.5965E-01  2.7985E+00
  1.1462E+02 -6.8581E-01  2.7792E+00
  1.1499E+02 -7.1163E-01  2.7598E+00
  1.1537E+02 -7.3713E-01  2.7403E+00
  1.1575E+02 -7.6233E-01  2.7207E+00
  1.1612E+02 -7.8730E-01  2.7011E+00
  1.1650E+02 -8.1207E-01  2.6814E+00
  1.1687E+02 -8.3671E-01  2.6616E+00
  1.1725E+02 -8.6127E-01  2.6418E+00
  1.1763E+02 -8.8580E-01  2.6218E+00
  1.1800E+02 -9.1033E-01  2.6018E+00
  1.1838E+02 -9.3488E-01  2.5817E+00
  1.1875E+02 -9.5942E-01  2.5615E+00
  1.1913E+02 -9.8394E-01  2.5412E+00
  1.1950E+02 -1.0084E+00  2.5208E+00
  1.1988E+02 -1.0326E+00  2.5004E+00
  1.2026E+02 -1.0566E+00  2.4798E+00
  1.2063E+02 -1.0803E+00  2.4592E+00
  1.2101E+02 -1.1037E+00  2.4385E+00
  1.2138E+02 -1.1266E+00  2.4178E+00
  1.2176E+02 -1.1491E+00  2.3970E+00
  1.2213E+02 -1.1712E+00  2.3761E+00
  1.2251E+02 -1.1929E+00  2.3552E+00
  1.2289E+02 -1.2142E+00  2.3343E+00
  1.2326E+02 -1.2351E+00  2.3133E+00
  1.2364E+02 -1.2557E+00  2.2922E+00
  1.2401E+02 -1.2761E+00  2.2712E+00
  1.2439E+02 -1.2963E+00  2.2500E+00
  1.2477E+02 -1.3163E+00  2.2289E+00
  1.2514E+02 -1.3363E+00  2.2076E+00
  1.2552E+02 -1.3563E+00  2.1864E+00
  1.2589E+02 -1.3762E+00  2.1650E+00
  1.2627E+02 -1.3962E+00  2.1437E+00
  1.2664E+02 -1.4161E+00  2.1222E+00
  1.2702E+02 -1.4361E+00  2.1007E+00
  1.2740E+02 -1.4560E+00  2.0791E+00
  1.2777E+02 -1.4759E+00  2.0575E+00
  1.2815E+02 -1.4956E+00  2.0358E+00
  1.2852E+02 -1.5152E+00  2.0141E+00
  1.2890E+02 -1.5346E+00  1.9923E+00
  1.2928E+02 -1.5537E+00  1.9704E+00
  1.2965E+02 -1.5726E+00  1.9485E+00
  1.3003E+02 -1.5911E+00  1.9266E+00
  1.3040E+02 -1.6092E+00  1.9046E+00
  1.3078E+02 -1.6270E+00  1.8826E+00
  1.3115E+02 -1.6444E+00  1.8605E+00
  1.3153E+02 -1.6615E+00  1.8384E+00
  1.3191E+02 -1.6782E+00  1.8163E+00
  1.3228E+02 -1.6946E+00  1.7942E+00
  1.3266E+02 -1.7107E+00  1.7720E+00
  1.3303E+02 -1.7265E+00  1.7498E+00
  1.3341E+02 -1.7420E+00  1.7276E+00
  1.3378E+02 -1.7572E+00  1.7054E+00
  1.3416E+02 -1.7722E+00  1.6832E+00
  1.3454E+02 -1.7870E+00  1.6609E+00
  1.3491E+02 -1.8016E+00  1.6387E+00
  1.3529E+02 -1.8160E+00  1.6164E+00
  1.3566E+02 -1.8303E+00  1.5941E+00
  1.3604E+02 -1.8445E+00  1.5718E+00
  1.3642E+02 -1.8585E+00  1.5495E+00
  1.3679E+02 -1.8725E+00  1.5271E+00
  1.3717E+02 -1.8863E+00  1.5048E+00
  1.3754E+02 -1.8999E+00  1.4824E+00
  1.3792E+02 -1.9133E+00  1.4601E+00
  1.3829E+02 -1.9266E+00  1.4377E+00
  1.3867E+02 -1.9395E+00  1.4153E+00
  1.3905E+02 -1.9522E+00  1.3930E+00
  1.3942E+02 -1.9647E+00  1.3706E+00
  1.3980E+02 -1.9768E+00  1.3482E+00
  1.4017E+02 -1.9887E+00  1.3259E+00
  1.4055E+02 -2.0003E+00  1.3036E+00
  1.4093E+02 -2.0117E+00  1.2813E+00
  1.4130E+02 -2.0228E+00  1.2590E+00
  1.4168E+02 -2.0337E+00  1.2367E+00
  1.4205E+02 -2.0444E+00  1.2144E+00
  1.4243E+02 -2.0549E+00  1.1921E+00
  1.4280E+02 -2.0652E+00  1.1699E+00
  1.4318E+02 -2.0752E+00  1.1477E+00
  1.4356E+02 -2.0851E+00  1.1255E+00
  1.4393E+02 -2.0946E+00  1.1033E+00
  1.4431E+02 -2.1040E+00  1.0811E+00
  1.4468E+02 -2.1130E+00  1.0590E+00
  1.4506E+02 -2.1218E+00  1.0369E+00
  1.4543E+02 -2.1302E+00  1.0149E+00
  1.4581E+02 -2.1385E+00  9.9283E-01
  1.4619E+02 -2.1464E+00  9.7083E-01
  1.4656E+02 -2.1542E+00  9.4887E-01
  1.4694E+02 -2.1617E+00  9.2694E-01
  1.4731E+02 -2.1691E+00  9.0504E-01
  1.4769E+02 -2.1762E+00  8.8318E-01
  1.4807E+02 -2.1833E+00  8.6136E-01
  1.4844E+02 -2.1902E+00  8.3956E-01
  1.4882E+02 -2.1970E+00  8.1780E-01
  1.4919E+02 -2.2036E+00  7.9608E-01
  1.4957E+02 -2.2101E+00  7.7439E-01
  1.4994E+02 -2.2165E+00  7.5274E-01
  1.5032E+02 -2.2226E+00  7.3113E-01
  1.5070E+02 -2.2285E+00  7.0957E-01
  1.5107E+02 -2.2342E+00  6.8805E-01
  1.5145E+02 -2.2396E+00  6.6658E-01
  1.5182E+02 -2.2448E+00  6.4516E-01
  1.5220E+02 -2.2496E+00  6.2380E-01
  1.5257E+02 -2.2543E+00  6.0249E-01
  1.5295E+02 -2.2587E+00  5.8123E-01
  1.5333E+02 -2.2629E+00  5.6003E-01
  1.5370E+02 -2.2668E+00  5.3888E-01
  1.5408E+02 -2.2706E+00  5.1779E-01
  1.5445E+02 -2.2741E+00  4.9677E-01
  1.5483E+02 -2.2775E+00  4.7580E-01
  1.5521E+02 -2.2808E+00  4.5488E-01
  1.5558E+02 -2.2839E+00  4.3403E-01
  1.5596E+02 -2.2868E+00  4.1324E-01
  1.5633E+02 -2.2896E+00  3.9251E-01
  1.5671E+02 -2.2923E+00  3.7184E-01
  1.5708E+02 -2.2947E+00  3.5124E-01
  1.5746E+02 -2.2971E+00  3.3069E-01
  1.5784E+02 -2.2992E+00  3.1021E-01
  1.5821E+02 -2.3011E+00  2.8979E-01
  1.5859E+02 -2.3029E+00  2.6944E-01
  1.5896E+02 -2.3044E+00  2.4915E-01
  1.5934E+02 -2.3057E+00  2.2893E-01
  1.5972E+02 -2.3068E+00  2.0877E-01
  1.6009E+02 -2.3077E+00  1.8869E-01
  1.6047E+02 -2.3083E+00  1.6867E-01
  1.6084E+02 -2.3087E+00  1.4873E-01
  1.6122E+02 -2.3089E+00  1.2886E-01
  1.6159E+02 -2.3089E+00  1.0906E-01
  1.6197E+02 -2.3087E+00  8.9339E-02
  1.6235E+02 -2.3082E+00  6.9693E-02
  1.6272E+02 -2.3076E+00  5.0123E-02
  1.6310E+02 -2.3068E+00  3.0632E-02
  1.6347E+02 -2.3058E+00  1.1220E-02
  1.6385E+02 -2.3047E+00 -8.1115E-03
  1.6422E+02 -2.3033E+00 -2.7361E-02
  1.6460E+02 -2.3018E+00 -4.6529E-02
  1.6498E+02 -2.3001E+00 -6.5611E-02
  1.6535E+02 -2.2983E+00 -8.4608E-02
  1.6573E+02 -2.2962E+00 -1.0352E-01
  1.6610E+02 -2.2940E+00 -1.2234E-01
  1.6648E+02 -2.2916E+00 -1.4107E-01
  1.6686E+02 -2.2890E+00 -1.5970E-01
  1.6723E+02 -2.2862E+00 -1.7824E-01
  1.6761E+02 -2.2832E+00 -1.9669E-01
  1.6798E+02 -2.2800E+00 -2.1503E-01
  1.6836E+02 -2.2767E+00 -2.3328E-01
  1.6873E+02 -2.2732E+00 -2.5142E-01
  1.6911E+02 -2.2695E+00 -2.6947E-01
  1.6949E+02 -2.2657E+00 -2.8741E-01
  1.6986E+02 -2.2618E+00 -3.0525E-01
  1.7024E+02 -2.2578E+00 -3.2299E-01
  1.7061E+02 -2.2536E+00 -3.4063E-01
  1.7099E+02 -2.2492E+00 -3.5816E-01
  1.7136E+02 -2.2448E+00 -3.7559E-01
  1.7174E+02 -2.2402E+00 -3.9291E-01
  1.7212E+02 -2.2354E+00 -4.1013E-01
  1.7249E+02 -2.2305E+00 -4.2724E-01
  1.7287E+02 -2.2255E+00 -4.4423E-01
  1.7324E+02 -2.2203E+00 -4.6113E-01
  1.7362E+02 -2.2149E+00 -4.7791E-01
  1.7400E+02 -2.2094E+00 -4.9457E-01
  1.7437E+02 -2.2037E+00 -5.1113E-01
  1.7475E+02 -2.1979E+00 -5.2758E-01
  1.7512E+02 -2.1919E+00 -5.4391E-01
  1.7550E+02 -2.1857E+00 -5.6013E-01
  1.7587E+02 -2.1794E+00 -5.7624E-01
  1.7625E+02 -2.1730E+00 -5.9223E-01
  1.7663E+02 -2.1665E+00 -6.0811E-01
  1.7700E+02 -2.1598E+00 -6.2388E-01
  1.7738E+02 -2.1530E+00 -6.3954E-01
  1.7775E+02 -2.1461E+00 -6.5509E-01
  1.7813E+02 -2.1390E+00 -6.7052E-01
  1.7851E+02 -2.1319E+00 -6.8585E-01
  1.7888E+02 -2.1246E+00 -7.0106E-01
  1.7926E+02 -2.1172E+00 -7.1616E-01
  1.7963E+02 -2.1096E+00 -7.3115E-01
  1.8001E+02 -2.1019E+00 -7.4602E-01
  1.8038E+02 -2.0940E+00 -7.6078E-01
  1.8076E+02 -2.0859E+00 -7.7542E-01
  1.8114E+02 -2.0777E+00 -7.8993E-01
  1.8151E+02 -2.0693E+00 -8.0433E-01
  1.8189E+02 -2.0607E+00 -8.1861E-01
  1.8226E+02 -2.0520E+00 -8.3276E-01
  1.8264E+02 -2.0430E+00 -8.4679E-01
  1.8301E+02 -2.0340E+00 -8.6069E-01
  1.8339E+02 -2.0247E+00 -8.7448E-01
  1.8377E+02 -2.0154E+00 -8.8813E-01
  1.8414E+02 -2.0059E+00 -9.0166E-01
  1.8452E+02 -1.9963E+00 -9.1507E-01
  1.8489E+02 -1.9865E+00 -9.2835E-01
  1.8527E+02 -1.9767E+00 -9.4151E-01
  1.8565E+02 -1.9667E+00 -9.5453E-01
  1.8602E+02 -1.9566E+00 -9.6743E-01
  1.8640E+02 -1.9464E+00 -9.8020E-01
  1.8677E+02 -1.9360E+00 -9.9284E-01
  1.8715E+02 -1.9255E+00 -1.0053E+00
  1.8752E+02 -1.9148E+00 -1.0177E+00
  1.8790E+02 -1.9040E+00 -1.0300E+00
  1.8828E+02 -1.8931E+00 -1.0421E+00
  1.8865E+02 -1.8820E+00 -1.0540E+00
  1.8903E+02 -1.8708E+00 -1.0659E+00
  1.8940E+02 -1.8594E+00 -1.0776E+00
  1.8978E+02 -1.8479E+00 -1.0891E+00
  1.9015E+02 -1.8362E+00 -1.1006E+00
  1.9053E+02 -1.8245E+00 -1.1118E+00
  1.9091E+02 -1.8126E+00 -1.1230E+00
  1.9128E+02 -1.8005E+00 -1.1340E+00
  1.9166E+02 -1.7884E+00 -1.1448E+00
  1.9203E+02 -1.7762E+00 -1.1556E+00
  1.9241E+02 -1.7638E+00 -1.1661E+00
  1.9279E+02 -1.7514E+00 -1.1766E+00
  1.9316E+02 -1.7389E+00 -1.1869E+00
  1.9354E+02 -1.7263E+00 -1.1970E+00
  1.9391E+02 -1.7137E+00 -1.2070E+00
  1.9429E+02 -1.7010E+00 -1.2169E+00
  1.9466E+02 -1.6883E+00 -1.2267E+00
  1.9504E+02 -1.6755E+00 -1.2363E+00
  1.9542E+02 -1.6627E+00 -1.2457E+00
  1.9579E+02 -1.6498E+00 -1.2550E+00
  1.9617E+02 -1.6369E+00 -1.2642E+00
  1.9654E+02 -1.6240E+00 -1.2733E+00
  1.9692E+02 -1.6110E+00 -1.2822E+00
  1.9730E+02 -1.5979E+00 -1.2910E+00
  1.9767E+02 -1.5847E+00 -1.2996E+00
  1.9805E+02 -1.5715E+00 -1.3081E+00
  1.9842E+02 -1.5582E+00 -1.3164E+00
  1.9880E+02 -1.5448E+00 -1.3247E+00
  1.9917E+02 -1.5313E+00 -1.3327E+00
  1.9955E+02 -1.5177E+00 -1.3407E+00
  1.9993E+02 -1.5041E+00 -1.3484E+00
  2.0030E+02 -1.4903E+00 -1.3561E+00
  2.0068E+02 -1.4765E+00 -1.3636E+00
  2.0105E+02 -1.4625E+00 -1.3710E+00
  2.0143E+02 -1.4485E+00 -1.3782E+00
  2.0180E+02 -1.4344E+00 -1.3853E+00
  2.0218E+02 -1.4203E+00 -1.3922E+00
  2.0256E+02 -1.4061E+00 -1.3990E+00
  2.0293E+02 -1.3918E+00 -1.4057E+00
  2.0331E+02 -1.3774E+00 -1.4122E+00
  2.0368E+02 -1.3630E+00 -1.4185E+00
  2.0406E+02 -1.3485E+00 -1.4248E+00
  2.0444E+02 -1.3339E+00 -1.4309E+00
  2.0481E+02 -1.3192E+00 -1.4368E+00
  2.0519E+02 -1.3045E+00 -1.4426E+00
  2.0556E+02 -1.2896E+00 -1.4482E+00
  2.0594E+02 -1.2747E+00 -1.4537E+00
  2.0631E+02 -1.2596E+00 -1.4591E+00
  2.0669E+02 -1.2445E+00 -1.4643E+00
  2.0707E+02 -1.2292E+00 -1.4693E+00
  2.0744E+02 -1.2139E+00 -1.4743E+00
  2.0782E+02 -1.1985E+00 -1.4790E+00
  2.0819E+02 -1.1830E+00 -1.4836E+00
  2.0857E+02 -1.1674E+00 -1.4881E+00
  2.0894E+02 -1.1518E+00 -1.4924E+00
  2.0932E+02 -1.1361E+00 -1.4966E+00
  2.0970E+02 -1.1203E+00 -1.5007E+00
  2.1007E+02 -1.1044E+00 -1.5045E+00
  2.1045E+02 -1.0885E+00 -1.5083E+00
  2.1082E+02 -1.0726E+00 -1.5119E+00
  2.1120E+02 -1.0566E+00 -1.5153E+00
  2.1158E+02 -1.0405E+00 -1.5186E+00
  2.1195E+02 -1.0245E+00 -1.5218E+00
  2.1233E+02 -1.0083E+00 -1.5248E+00
  2.1270E+02 -9.9219E-01 -1.5277E+00
  2.1308E+02 -9.7601E-01 -1.5304E+00
  2.1345E+02 -9.5980E-01 -1.5330E+00
  2.1383E+02 -9.4357E-01 -1.5355E+00
  2.1421E+02 -9.2733E-01 -1.5378E+00
  2.1458E+02 -9.1107E-01 -1.5399E+00
  2.1496E+02 -8.9480E-01 -1.5419E+00
  2.1533E+02 -8.7852E-01 -1.5438E+00
  2.1571E+02 -8.6224E-01 -1.5456E+00
  2.1609E+02 -8.4597E-01 -1.5472E+00
  2.1646E+02 -8.2969E-01 -1.5486E+00
  2.1684E+02 -8.1343E-01 -1.5500E+00
  2.1721E+02 -7.9718E-01 -1.5512E+00
  2.1759E+02 -7.8093E-01 -1.5522E+00
  2.1796E+02 -7.6471E-01 -1.5531E+00
  2.1834E+02 -7.4850E-01 -1.5539E+00
  2.1872E+02 -7.3230E-01 -1.5546E+00
  2.1909E+02 -7.1612E-01 -1.5551E+00
  2.1947E+02 -6.9995E-01 -1.5554E+00
  2.1984E+02 -6.8379E-01 -1.5557E+00
  2.2022E+02 -6.6766E-01 -1.5558E+00
  2.2059E+02 -6.5153E-01 -1.5557E+00
  2.2097E+02 -6.3542E-01 -1.5556E+00
  2.2135E+02 -6.1932E-01 -1.5553E+00
  2.2172E+02 -6.0323E-01 -1.5548E+00
  2.2210E+02 -5.8716E-01 -1.5542E+00
  2.2247E+02 -5.7110E-01 -1.5535E+00
  2.2285E+02 -5.5504E-01 -1.5527E+00
  2.2323E+02 -5.3900E-01 -1.5517E+00
  2.2360E+02 -5.2296E-01 -1.5506E+00
  2.2398E+02 -5.0693E-01 -1.5493E+00
  2.2435E+02 -4.9091E-01 -1.5479E+00
  2.2473E+02 -4.7489E-01 -1.5464E+00
  2.2510E+02 -4.5887E-01 -1.5448E+00
  2.2548E+02 -4.4285E-01 -1.5430E+00
  2.2586E+02 -4.2683E-01 -1.5411E+00
  2.2623E+02 -4.1082E-01 -1.5390E+00
  2.2661E+02 -3.9480E-01 -1.5368E+00
  2.2698E+02 -3.7878E-01 -1.5345E+00
  2.2736E+02 -3.6277E-01 -1.5321E+00
  2.2773E+02 -3.4675E-01 -1.5295E+00
  2.2811E+02 -3.3073E-01 -1.5268E+00
  2.2849E+02 -3.1471E-01 -1.5239E+00
  2.2886E+02 -2.9869E-01 -1.5210E+00
  2.2924E+02 -2.8267E-01 -1.5179E+00
  2.2961E+02 -2.6666E-01 -1.5146E+00
  2.2999E+02 -2.5066E-01 -1.5113E+00
  2.3037E+02 -2.3466E-01 -1.5078E+00
  2.3074E+02 -2.1867E-01 -1.5042E+00
  2.3112E+02 -2.0268E-01 -1.5004E+00
  2.3149E+02 -1.8671E-01 -1.4965E+00
  2.3187E+02 -1.7075E-01 -1.4925E+00
  2.3224E+02 -1.5481E-01 -1.4884E+00
  2.3262E+02 -1.3887E-01 -1.4842E+00
  2.3300E+02 -1.2295E-01 -1.4798E+00
  2.3337E+02 -1.0704E-01 -1.4753E+00
  2.3375E+02 -9.1153E-02 -1.4707E+00
  2.3412E+02 -7.5278E-02 -1.4659E+00
  2.3450E+02 -5.9423E-02 -1.4611E+00
  2.3488E+02 -4.3589E-02 -1.4561E+00
  2.3525E+02 -2.7781E-02 -1.4510E+00
  2.3563E+02 -1.2001E-02 -1.4458E+00
  2.3600E+02  3.7484E-03 -1.4404E+00
  2.3638E+02  1.9463E-02 -1.4350E+00
  2.3675E+02  3.5142E-02 -1.4294E+00
  2.3713E+02  5.0781E-02 -1.4237E+00
  2.3751E+02  6.6379E-02 -1.4179E+00
  2.3788E+02  8.1935E-02 -1.4120E+00
  2.3826E+02  9.7449E-02 -1.4060E+00
  2.3863E+02  1.1292E-01 -1.3998E+00
  2.3901E+02  1.2835E-01 -1.3936E+00
  2.3938E+02  1.4373E-01 -1.3872E+00
  2.3976E+02  1.5908E-01 -1.3808E+00
  2.4014E+02  1.7437E-01 -1.3742E+00
  2.4051E+02  1.8962E-01 -1.3675E+00
  2.4089E+02  2.0482E-01 -1.3607E+00
  2.4126E+02  2.1997E-01 -1.3538E+00
  2.4164E+02  2.3507E-01 -1.3468E+00
  2.4202E+02  2.5011E-01 -1.3397E+00
  2.4239E+02  2.6509E-01 -1.3325E+00
  2.4277E+02  2.8001E-01 -1.3252E+00
  2.4314E+02  2.9486E-01 -1.3178E+00
  2.4352E+02  3.0965E-01 -1.3103E+00
  2.4389E+02  3.2438E-01 -1.3027E+00
  2.4427E+02  3.3903E-01 -1.2950E+00
  2.4465E+02  3.5362E-01 -1.2871E+00
  2.4502E+02  3.6814E-01 -1.2792E+00
  2.4540E+02  3.8259E-01 -1.2712E+00
  2.4577E+02  3.9697E-01 -1.2631E+00
  2.4615E+02  4.1129E-01 -1.2549E+00
  2.4652E+02  4.2554E-01 -1.2466E+00
  2.4690E+02  4.3973E-01 -1.2383E+00
  2.4728E+02  4.5385E-01 -1.2298E+00
  2.4765E+02  4.6790E-01 -1.2212E+00
  2.4803E+02  4.8189E-01 -1.2125E+00
  2.4840E+02  4.9581E-01 -1.2037E+00
  2.4878E+02  5.0966E-01 -1.1949E+00
  2.4916E+02  5.2345E-01 -1.1859E+00
  2.4953E+02  5.3716E-01 -1.1769E+00
  2.4991E+02  5.5081E-01 -1.1677E+00
  2.5028E+02  5.6439E-01 -1.1585E+00
  2.5066E+02  5.7790E-01 -1.1492E+00
  2.5103E+02  5.9134E-01 -1.1397E+00
  2.5141E+02  6.0471E-01 -1.1302E+00
  2.5179E+02  6.1800E-01 -1.1206E+00
  2.5216E+02  6.3123E-01 -1.1109E+00
  2.5254E+02  6.4438E-01 -1.1011E+00
  2.5291E+02  6.5747E-01 -1.0913E+00
  2.5329E+02  6.7047E-01 -1.0813E+00
  2.5367E+02  6.8341E-01 -1.0713E+00
  2.5404E+02  6.9627E-01 -1.0611E+00
  2.5442E+02  7.0906E-01 -1.0509E+00
  2.5479E+02  7.2178E-01 -1.0406E+00
  2.5517E+02  7.3441E-01 -1.0302E+00
  2.5554E+02  7.4697E-01 -1.0197E+00
  2.5592E+02  7.5946E-01 -1.0092E+00
  2.5630E+02  7.7186E-01 -9.9856E-01
  2.5667E+02  7.8418E-01 -9.8784E-01
  2.5705E+02  7.9643E-01 -9.7704E-01
  2.5742E+02  8.0859E-01 -9.6617E-01
  2.5780E+02  8.2067E-01 -9.5522E-01
  2.5817E+02  8.3266E-01 -9.4418E-01
  2.5855E+02  8.4456E-01 -9.3308E-01
  2.5893E+02  8.5638E-01 -9.2190E-01
  2.5930E+02  8.6812E-01 -9.1064E-01
  2.5968E+02  8.7976E-01 -8.9932E-01
  2.6005E+02  8.9131E-01 -8.8792E-01
  2.6043E+02  9.0277E-01 -8.7646E-01
  2.6081E+02  9.1413E-01 -8.6492E-01
  2.6118E+02  9.2541E-01 -8.5332E-01
  2.6156E+02  9.3659E-01 -8.4165E-01
  2.6193E+02  9.4767E-01 -8.2992E-01
  2.6231E+02  9.5865E-01 -8.1813E-01
  2.6268E+02  9.6954E-01 -8.0627E-01
  2.6306E+02  9.8033E-01 -7.9436E-01
  2.6344E+02  9.9103E-01 -7.8238E-01
  2.6381E+02  1.0016E+00 -7.7035E-01
  2.6419E+02  1.0121E+00 -7.5826E-01
  2.6456E+02  1.0225E+00 -7.4612E-01
  2.6494E+02  1.0328E+00 -7.3392E-01
  2.6531E+02  1.0430E+00 -7.2168E-01
  2.6569E+02  1.0531E+00 -7.0938E-01
  2.6607E+02  1.0631E+00 -6.9703E-01
  2.6644E+02  1.0730E+00 -6.8464E-01
  2.6682E+02  1.0828E+00 -6.7219E-01
  2.6719E+02  1.0925E+00 -6.5971E-01
  2.6757E+02  1.1021E+00 -6.4717E-01
  2.6795E+02  1.1116E+00 -6.3460E-01
  2.6832E+02  1.1210E+00 -6.2198E-01
  2.6870E+02  1.1302E+00 -6.0933E-01
  2.6907E+02  1.1394E+00 -5.9663E-01
  2.6945E+02  1.1485E+00 -5.8390E-01
  2.6982E+02  1.1575E+00 -5.7113E-01
  2.7020E+02  1.1664E+00 -5.5832E-01
  2.7058E+02  1.1752E+00 -5.4548E-01
  2.7095E+02  1.1838E+00 -5.3260E-01
  2.7133E+02  1.1924E+00 -5.1969E-01
  2.7170E+02  1.2009E+00 -5.0675E-01
  2.7208E+02  1.2092E+00 -4.9377E-01
  2.7246E+02  1.2175E+00 -4.8077E-01
  2.7283E+02  1.2257E+00 -4.6773E-01
  2.7321E+02  1.2337E+00 -4.5466E-01
  2.7358E+02  1.2417E+00 -4.4157E-01
  2.7396E+02  1.2495E+00 -4.2844E-01
  2.7433E+02  1.2572E+00 -4.1529E-01
  2.7471E+02  1.2649E+00 -4.0210E-01
  2.7509E+02  1.2724E+00 -3.8889E-01
  2.7546E+02  1.2799E+00 -3.7565E-01
  2.7584E+02  1.2872E+00 -3.6239E-01
  2.7621E+02  1.2944E+00 -3.4909E-01
  2.7659E+02  1.3016E+00 -3.3577E-01
  2.7696E+02  1.3086E+00 -3.2242E-01
  2.7734E+02  1.3156E+00 -3.0905E-01
  2.7772E+02  1.3224E+00 -2.9565E-01
  2.7809E+02  1.3292E+00 -2.8222E-01
  2.7847E+02  1.3358E+00 -2.6877E-01
  2.7884E+02  1.3424E+00 -2.5530E-01
  2.7922E+02  1.3488E+00 -2.4179E-01
  2.7960E+02  1.3552E+00 -2.2827E-01
  2.7997E+02  1.3614E+00 -2.1472E-01
  2.8035E+02  1.3676E+00 -2.0114E-01
  2.8072E+02  1.3737E+00 -1.8755E-01
  2.8110E+02  1.3797E+00 -1.7393E-01
  2.8147E+02  1.3856E+00 -1.6028E-01
  2.8185E+02  1.3914E+00 -1.4662E-01
  2.8223E+02  1.3970E+00 -1.3294E-01
  2.8260E+02  1.4026E+00 -1.1923E-01
  2.8298E+02  1.4081E+00 -1.0551E-01
  2.8335E+02  1.4135E+00 -9.1766E-02
  2.8373E+02  1.4188E+00 -7.8006E-02
  2.8410E+02  1.4241E+00 -6.4229E-02
  2.8448E+02  1.4292E+00 -5.0436E-02
  2.8486E+02  1.4342E+00 -3.6628E-02
  2.8523E+02  1.4391E+00 -2.2807E-02
  2.8561E+02  1.4438E+00 -8.9720E-03
  2.8598E+02  1.4485E+00  4.8747E-03
  2.8636E+02  1.4531E+00  1.8732E-02
  2.8674E+02  1.4576E+00  3.2600E-02
  2.8711E+02  1.4620E+00  4.6476E-02
  2.8749E+02  1.4662E+00  6.0359E-02
  2.8786E+02  1.4704E+00  7.4249E-02
  2.8824E+02  1.4744E+00  8.8144E-02
  2.8861E+02  1.4784E+00  1.0204E-01
  2.8899E+02  1.4822E+00  1.1594E-01
  2.8937E+02  1.4859E+00  1.2984E-01
  2.8974E+02  1.4895E+00  1.4375E-01
  2.9012E+02  1.4930E+00  1.5764E-01
  2.9049E+02  1.4963E+00  1.7154E-01
  2.9087E+02  1.4996E+00  1.8543E-01
  2.9125E+02  1.5027E+00  1.9932E-01
  2.9162E+02  1.5057E+00  2.1320E-01
  2.9200E+02  1.5086E+00  2.2707E-01
  2.9237E+02  1.5114E+00  2.4092E-01
  2.9275E+02  1.5141E+00  2.5477E-01
  2.9312E+02  1.5166E+00  2.6860E-01
  2.9350E+02  1.5191E+00  2.8242E-01
  2.9388E+02  1.5214E+00  2.9622E-01
  2.9425E+02  1.5236E+00  3.1001E-01
  2.9463E+02  1.5257E+00  3.2377E-01
  2.9500E+02  1.5276E+00  3.3751E-01
  2.9538E+02  1.5295E+00  3.5124E-01
  2.9575E+02  1.5312E+00  3.6493E-01
  2.9613E+02  1.5329E+00  3.7860E-01
  2.9651E+02  1.5344E+00  3.9225E-01
  2.9688E+02  1.5358E+00  4.0587E-01
  2.9726E+02  1.5370E+00  4.1945E-01
  2.9763E+02  1.5382E+00  4.3301E-01
  2.9801E+02  1.5393E+00  4.4653E-01
  2.9839E+02  1.5402E+00  4.6003E-01
  2.9876E+02  1.5410E+00  4.7348E-01
  2.9914E+02  1.5418E+00  4.8691E-01
  2.9951E+02  1.5424E+00  5.0029E-01
  2.9989E+02  1.5429E+00  5.1364E-01
  3.0026E+02  1.5433E+00  5.2696E-01
  3.0064E+02  1.5436E+00  5.4023E-01
  3.0102E+02  1.5437E+00  5.5347E-01
  3.0139E+02  1.5438E+00  5.6666E-01
  3.0177E+02  1.5438E+00  5.7982E-01
  3.0214E+02  1.5437E+00  5.9293E-01
  3.0252E+02  1.5435E+00  6.0601E-01
  3.0289E+02  1.5431E+00  6.1904E-01
  3.0327E+02  1.5427E+00  6.3204E-01
  3.0365E+02  1.5422E+00  6.4499E-01
  3.0402E+02  1.5416E+00  6.5790E-01
  3.0440E+02  1.5408E+00  6.7077E-01
  3.0477E+02  1.5400E+00  6.8359E-01
  3.0515E+02  1.5391E+00  6.9638E-01
  3.0553E+02  1.5381E+00  7.0912E-01
  3.0590E+02  1.5371E+00  7.2182E-01
  3.0628E+02  1.5359E+00  7.3449E-01
  3.0665E+02  1.5346E+00  7.4710E-01
  3.0703E+02  1.5333E+00  7.5968E-01
  3.0740E+02  1.5319E+00  7.7222E-01
  3.0778E+02  1.5304E+00  7.8472E-01
  3.0816E+02  1.5288E+00  7.9718E-01
  3.0853E+02  1.5271E+00  8.0959E-01
  3.0891E+02  1.5253E+00  8.2197E-01
  3.0928E+02  1.5235E+00  8.3430E-01
  3.0966E+02  1.5216E+00  8.4659E-01
  3.1004E+02  1.5196E+00  8.5885E-01
  3.1041E+02  1.5175E+00  8.7106E-01
  3.1079E+02  1.5154E+00  8.8323E-01
  3.1116E+02  1.5131E+00  8.9536E-01
  3.1154E+02  1.5108E+00  9.0745E-01
  3.1191E+02  1.5084E+00  9.1950E-01
  3.1229E+02  1.5060E+00  9.3150E-01
  3.1267E+02  1.5034E+00  9.4347E-01
  3.1304E+02  1.5008E+00  9.5539E-01
  3.1342E+02  1.4980E+00  9.6726E-01
  3.1379E+02  1.4952E+00  9.7910E-01
  3.1417E+02  1.4924E+00  9.9089E-01
  3.1454E+02  1.4894E+00  1.0026E+00
  3.1492E+02  1.4864E+00  1.0143E+00
  3.1530E+02  1.4832E+00  1.0260E+00
  3.1567E+02  1.4800E+00  1.0376E+00
  3.1605E+02  1.4767E+00  1.0491E+00
  3.1642E+02  1.4733E+00  1.0607E+00
  3.1680E+02  1.4698E+00  1.0721E+00
  3.1718E+02  1.4663E+00  1.0835E+00
  3.1755E+02  1.4626E+00  1.0949E+00
  3.1793E+02  1.4589E+00  1.1062E+00
  3.1830E+02  1.4551E+00  1.1174E+00
  3.1868E+02  1.4512E+00  1.1287E+00
  3.1905E+02  1.4472E+00  1.1398E+00
  3.1943E+02  1.4431E+00  1.1509E+00
  3.1981E+02  1.4389E+00  1.1619E+00
  3.2018E+02  1.4347E+00  1.1729E+00
  3.2056E+02  1.4303E+00  1.1838E+00
  3.2093E+02  1.4259E+00  1.1947E+00
  3.2131E+02  1.4214E+00  1.2055E+00
  3.2168E+02  1.4168E+00  1.2162E+00
  3.2206E+02  1.4120E+00  1.2269E+00
  3.2244E+02  1.4073E+00  1.2375E+00
  3.2281E+02  1.4024E+00  1.2480E+00
  3.2319E+02  1.3974E+00  1.2585E+00
  3.2356E+02  1.3923E+00  1.2689E+00
  3.2394E+02  1.3872E+00  1.2792E+00
  3.2432E+02  1.3820E+00  1.2895E+00
  3.2469E+02  1.3767E+00  1.2997E+00
  3.2507E+02  1.3713E+00  1.3098E+00
  3.2544E+02  1.3658E+00  1.3198E+00
  3.2582E+02  1.3602E+00  1.3298E+00
  3.2619E+02  1.3545E+00  1.3397E+00
  3.2657E+02  1.3488E+00  1.3495E+00
  3.2695E+02  1.3430E+00  1.3592E+00
  3.2732E+02  1.3371E+00  1.3689E+00
  3.2770E+02  1.3311E+00  1.3785E+00
  3.2807E+02  1.3250E+00  1.3880E+00
  3.2845E+02  1.3189E+00  1.3974E+00
  3.2883E+02  1.3127E+00  1.4067E+00
  3.2920E+02  1.3064E+00  1.4160E+00
  3.2958E+02  1.3000E+00  1.4251E+00
  3.2995E+02  1.2936E+00  1.4342E+00
  3.3033E+02  1.2871E+00  1.4432E+00
  3.3070E+02  1.2805E+00  1.4521E+00
  3.3108E+02  1.2738E+00  1.4609E+00
  3.3146E+02  1.2671E+00  1.4696E+00
  3.3183E+02  1.2603E+00  1.4783E+00
  3.3221E+02  1.2534E+00  1.4868E+00
  3.3258E+02  1.2465E+00  1.4953E+00
  3.3296E+02  1.2395E+00  1.5037E+00
  3.3333E+02  1.2324E+00  1.5120E+00
  3.3371E+02  1.2253E+00  1.5202E+00
  3.3409E+02  1.2181E+00  1.5283E+00
  3.3446E+02  1.2109E+00  1.5363E+00
  3.3484E+02  1.2036E+00  1.5443E+00
  3.3521E+02  1.1962E+00  1.5521E+00
  3.3559E+02  1.1888E+00  1.5599E+00
  3.3597E+02  1.1814E+00  1.5676E+00
  3.3634E+02  1.1739E+00  1.5752E+00
  3.3672E+02  1.1663E+00  1.5827E+00
  3.3709E+02  1.1587E+00  1.5901E+00
  3.3747E+02  1.1511E+00  1.5975E+00
  3.3784E+02  1.1434E+00  1.6048E+00
  3.3822E+02  1.1356E+00  1.6119E+00
  3.3860E+02  1.1279E+00  1.6190E+00
  3.3897E+02  1.1201E+00  1.6260E+00
  3.3935E+02  1.1122E+00  1.6330E+00
  3.3972E+02  1.1043E+00  1.6398E+00
  3.4010E+02  1.0964E+00  1.6466E+00
  3.4047E+02  1.0884E+00  1.6533E+00
  3.4085E+02  1.0804E+00  1.6599E+00
  3.4123E+02  1.0724E+00  1.6664E+00
  3.4160E+02  1.0643E+00  1.6728E+00
  3.4198E+02  1.0562E+00  1.6792E+00
  3.4235E+02  1.0481E+00  1.6855E+00
  3.4273E+02  1.0399E+00  1.6917E+00
  3.4311E+02  1.0317E+00  1.6978E+00
  3.4348E+02  1.0235E+00  1.7039E+00
  3.4386E+02  1.0152E+00  1.7098E+00
  3.4423E+02  1.0069E+00  1.7157E+00
  3.4461E+02  9.9861E-01  1.7215E+00
  3.4498E+02  9.9026E-01  1.7273E+00
  3.4536E+02  9.8188E-01  1.7329E+00
  3.4574E+02  9.7347E-01  1.7385E+00
  3.4611E+02  9.6503E-01  1.7440E+00
  3.4649E+02  9.5656E-01  1.7495E+00
  3.4686E+02  9.4806E-01  1.7548E+00
  3.4724E+02  9.3952E-01  1.7601E+00
  3.4762E+02  9.3096E-01  1.7653E+00
  3.4799E+02  9.2237E-01  1.7704E+00
  3.4837E+02  9.1375E-01  1.7754E+00
  3.4874E+02  9.0509E-01  1.7804E+00
  3.4912E+02  8.9641E-01  1.7852E+00
  3.4949E+02  8.8769E-01  1.7900E+00
  3.4987E+02  8.7894E-01  1.7948E+00
  3.5025E+02  8.7016E-01  1.7994E+00
  3.5062E+02  8.6135E-01  1.8039E+00
  3.5100E+02  8.5251E-01  1.8084E+00
  3.5137E+02  8.4363E-01  1.8128E+00
  3.5175E+02  8.3472E-01  1.8171E+00
  3.5212E+02  8.2578E-01  1.8213E+00
  3.5250E+02  8.1680E-01  1.8255E+00
  3.5288E+02  8.0780E-01  1.8295E+00
  3.5325E+02  7.9876E-01  1.8335E+00
  3.5363E+02  7.8969E-01  1.8374E+00
  3.5400E+02  7.8059E-01  1.8412E+00
  3.5438E+02  7.7145E-01  1.8449E+00
  3.5476E+02  7.6229E-01  1.8485E+00
  3.5513E+02  7.5309E-01  1.8521E+00
  3.5551E+02  7.4386E-01  1.8555E+00
  3.5588E+02  7.3460E-01  1.8589E+00
  3.5626E+02  7.2531E-01  1.8622E+00
  3.5663E+02  7.1600E-01  1.8654E+00
  3.5701E+02  7.0665E-01  1.8685E+00
  3.5739E+02  6.9728E-01  1.8715E+00
  3.5776E+02  6.8788E-01  1.8744E+00
  3.5814E+02  6.7845E-01  1.8772E+00
  3.5851E+02  6.6900E-01  1.8800E+00
  3.5889E+02  6.5953E-01  1.8826E+00
  3.5926E+02  6.5003E-01  1.8852E+00
  3.5964E+02  6.4050E-01  1.8876E+00
  3.6002E+02  6.3096E-01  1.8900E+00
  3.6039E+02  6.2139E-01  1.8923E+00
  3.6077E+02  6.1181E-01  1.8945E+00
  3.6114E+02  6.0220E-01  1.8966E+00
  3.6152E+02  5.9258E-01  1.8986E+00
  3.6190E+02  5.8294E-01  1.9005E+00
  3.6227E+02  5.7328E-01  1.9023E+00
  3.6265E+02  5.6361E-01  1.9040E+00
  3.6302E+02  5.5392E-01  1.9056E+00
  3.6340E+02  5.4422E-01  1.9072E+00
  3.6377E+02  5.3450E-01  1.9086E+00
  3.6415E+02  5.2478E-01  1.9100E+00
  3.6453E+02  5.1504E-01  1.9112E+00
  3.6490E+02  5.0529E-01  1.9124E+00
  3.6528E+02  4.9554E-01  1.9134E+00
  3.6565E+02  4.8577E-01  1.9144E+00
  3.6603E+02  4.7600E-01  1.9153E+00
  3.6641E+02  4.6622E-01  1.9161E+00
  3.6678E+02  4.5643E-01  1.9168E+00
  3.6716E+02  4.4664E-01  1.9174E+00
  3.6753E+02  4.3685E-01  1.9179E+00
  3.6791E+02  4.2705E-01  1.9183E+00
  3.6828E+02  4.1725E-01  1.9186E+00
  3.6866E+02  4.0745E-01  1.9189E+00
  3.6904E+02  3.9765E-01  1.9190E+00
  3.6941E+02  3.8785E-01  1.9191E+00
  3.6979E+02  3.7806E-01  1.9191E+00
  3.7016E+02  3.6826E-01  1.9189E+00
  3.7054E+02  3.5848E-01  1.9187E+00
  3.7091E+02  3.4870E-01  1.9185E+00
  3.7129E+02  3.3892E-01  1.9181E+00
  3.7167E+02  3.2916E-01  1.9176E+00
  3.7204E+02  3.1941E-01  1.9171E+00
  3.7242E+02  3.0966E-01  1.9164E+00
  3.7279E+02  2.9994E-01  1.9157E+00
  3.7317E+02  2.9022E-01  1.9149E+00
  3.7355E+02  2.8052E-01  1.9141E+00
  3.7392E+02  2.7084E-01  1.9131E+00
  3.7430E+02  2.6118E-01  1.9121E+00
  3.7467E+02  2.5154E-01  1.9109E+00
  3.7505E+02  2.4192E-01  1.9097E+00
  3.7542E+02  2.3232E-01  1.9085E+00
  3.7580E+02  2.2275E-01  1.9071E+00
  3.7618E+02  2.1320E-01  1.9057E+00
  3.7655E+02  2.0368E-01  1.9042E+00
  3.7693E+02  1.9419E-01  1.9026E+00
  3.7730E+02  1.8472E-01  1.9009E+00
  3.7768E+02  1.7528E-01  1.8992E+00
  3.7805E+02  1.6587E-01  1.8974E+00
  3.7843E+02  1.5650E-01  1.8955E+00
  3.7881E+02  1.4715E-01  1.8936E+00
  3.7918E+02  1.3784E-01  1.8916E+00
  3.7956E+02  1.2855E-01  1.8895E+00
  3.7993E+02  1.1930E-01  1.8873E+00
  3.8031E+02  1.1008E-01  1.8851E+00
  3.8069E+02  1.0090E-01  1.8827E+00
  3.8106E+02  9.1747E-02  1.8804E+00
  3.8144E+02  8.2627E-02  1.8779E+00
  3.8181E+02  7.3540E-02  1.8754E+00
  3.8219E+02  6.4486E-02  1.8728E+00
  3.8256E+02  5.5464E-02  1.8702E+00
  3.8294E+02  4.6475E-02  1.8674E+00
  3.8332E+02  3.7518E-02  1.8646E+00
  3.8369E+02  2.8592E-02  1.8618E+00
  3.8407E+02  1.9697E-02  1.8588E+00
  3.8444E+02  1.0834E-02  1.8558E+00
  3.8482E+02  2.0013E-03  1.8528E+00
  3.8520E+02 -6.8014E-03  1.8497E+00
  3.8557E+02 -1.5574E-02  1.8465E+00
  3.8595E+02 -2.4318E-02  1.8432E+00
  3.8632E+02 -3.3033E-02  1.8399E+00
  3.8670E+02 -4.1719E-02  1.8365E+00
  3.8707E+02 -5.0377E-02  1.8330E+00
  3.8745E+02 -5.9007E-02  1.8295E+00
  3.8783E+02 -6.7609E-02  1.8259E+00
  3.8820E+02 -7.6185E-02  1.8222E+00
  3.8858E+02 -8.4734E-02  1.8185E+00
  3.8895E+02 -9.3255E-02  1.8147E+00
  3.8933E+02 -1.0175E-01  1.8108E+00
  3.8970E+02 -1.1022E-01  1.8069E+00
  3.9008E+02 -1.1866E-01  1.8029E+00
  3.9046E+02 -1.2708E-01  1.7989E+00
  3.9083E+02 -1.3547E-01  1.7948E+00
  3.9121E+02 -1.4383E-01  1.7906E+00
  3.9158E+02 -1.5217E-01  1.7863E+00
  3.9196E+02 -1.6048E-01  1.7820E+00
  3.9234E+02 -1.6877E-01  1.7776E+00
  3.9271E+02 -1.7703E-01  1.7732E+00
  3.9309E+02 -1.8526E-01  1.7687E+00
  3.9346E+02 -1.9346E-01  1.7641E+00
  3.9384E+02 -2.0163E-01  1.7595E+00
  3.9421E+02 -2.0978E-01  1.7548E+00
  3.9459E+02 -2.1790E-01  1.7500E+00
  3.9497E+02 -2.2598E-01  1.7452E+00
  3.9534E+02 -2.3404E-01  1.7403E+00
  3.9572E+02 -2.4207E-01  1.7354E+00
  3.9609E+02 -2.5006E-01  1.7304E+00
  3.9647E+02 -2.5802E-01  1.7253E+00
  3.9684E+02 -2.6595E-01  1.7201E+00
  3.9722E+02 -2.7384E-01  1.7149E+00
  3.9760E+02 -2.8170E-01  1.7097E+00
  3.9797E+02 -2.8952E-01  1.7043E+00
  3.9835E+02 -2.9731E-01  1.6990E+00
  3.9872E+02 -3.0505E-01  1.6935E+00
  3.9910E+02 -3.1276E-01  1.6880E+00
  3.9948E+02 -3.2042E-01  1.6824E+00
  3.9985E+02 -3.2805E-01  1.6768E+00
  4.0023E+02 -3.3563E-01  1.6711E+00
  4.0060E+02 -3.4317E-01  1.6654E+00
  4.0098E+02 -3.5066E-01  1.6596E+00
  4.0135E+02 -3.5811E-01  1.6537E+00
  4.0173E+02 -3.6551E-01  1.6478E+00
  4.0211E+02 -3.7287E-01  1.6418E+00
  4.0248E+02 -3.8017E-01  1.6358E+00
  4.0286E+02 -3.8743E-01  1.6297E+00
  4.0323E+02 -3.9464E-01  1.6236E+00
  4.0361E+02 -4.0179E-01  1.6174E+00
  4.0399E+02 -4.0890E-01  1.6112E+00
  4.0436E+02 -4.1595E-01  1.6049E+00
  4.0474E+02 -4.2295E-01  1.5985E+00
  4.0511E+02 -4.2990E-01  1.5921E+00
  4.0549E+02 -4.3679E-01  1.5857E+00
  4.0586E+02 -4.4363E-01  1.5792E+00
  4.0624E+02 -4.5042E-01  1.5727E+00
  4.0662E+02 -4.5715E-01  1.5661E+00
  4.0699E+02 -4.6382E-01  1.5595E+00
  4.0737E+02 -4.7045E-01  1.5528E+00
  4.0774E+02 -4.7701E-01  1.5460E+00
  4.0812E+02 -4.8353E-01  1.5393E+00
  4.0849E+02 -4.8998E-01  1.5325E+00
  4.0887E+02 -4.9639E-01  1.5256E+00
  4.0925E+02 -5.0273E-01  1.5187E+00
  4.0962E+02 -5.0903E-01  1.5118E+00
  4.1000E+02 -5.1527E-01  1.5048E+00
  4.1037E+02 -5.2145E-01  1.4978E+00
  4.1075E+02 -5.2758E-01  1.4907E+00
  4.1113E+02 -5.3365E-01  1.4836E+00
  4.1150E+02 -5.3967E-01  1.4765E+00
  4.1188E+02 -5.4564E-01  1.4693E+00
  4.1225E+02 -5.5155E-01  1.4621E+00
  4.1263E+02 -5.5740E-01  1.4548E+00
  4.1300E+02 -5.6320E-01  1.4476E+00
  4.1338E+02 -5.6895E-01  1.4402E+00
  4.1376E+02 -5.7464E-01  1.4329E+00
  4.1413E+02 -5.8028E-01  1.4255E+00
  4.1451E+02 -5.8586E-01  1.4181E+00
  4.1488E+02 -5.9139E-01  1.4107E+00
  4.1526E+02 -5.9686E-01  1.4032E+00
  4.1563E+02 -6.0227E-01  1.3957E+00
  4.1601E+02 -6.0763E-01  1.3881E+00
  4.1639E+02 -6.1293E-01  1.3806E+00
  4.1676E+02 -6.1817E-01  1.3730E+00
  4.1714E+02 -6.2336E-01  1.3654E+00
  4.1751E+02 -6.2849E-01  1.3577E+00
  4.1789E+02 -6.3356E-01  1.3500E+00
  4.1827E+02 -6.3858E-01  1.3423E+00
  4.1864E+02 -6.4353E-01  1.3346E+00
  4.1902E+02 -6.4843E-01  1.3269E+00
  4.1939E+02 -6.5326E-01  1.3191E+00
  4.1977E+02 -6.5804E-01  1.3113E+00
  4.2014E+02 -6.6276E-01  1.3035E+00
  4.2052E+02 -6.6742E-01  1.2956E+00
  4.2090E+02 -6.7201E-01  1.2877E+00
  4.2127E+02 -6.7655E-01  1.2798E+00
  4.2165E+02 -6.8102E-01  1.2719E+00
  4.2202E+02 -6.8543E-01  1.2640E+00
  4.2240E+02 -6.8979E-01  1.2560E+00
  4.2278E+02 -6.9407E-01  1.2480E+00
  4.2315E+02 -6.9830E-01  1.2400E+00
  4.2353E+02 -7.0247E-01  1.2320E+00
  4.2390E+02 -7.0657E-01  1.2239E+00
  4.2428E+02 -7.1061E-01  1.2159E+00
  4.2465E+02 -7.1459E-01  1.2078E+00
  4.2503E+02 -7.1850E-01  1.1997E+00
  4.2541E+02 -7.2236E-01  1.1916E+00
  4.2578E+02 -7.2615E-01  1.1834E+00
  4.2616E+02 -7.2988E-01  1.1753E+00
  4.2653E+02 -7.3354E-01  1.1671E+00
  4.2691E+02 -7.3714E-01  1.1589E+00
  4.2728E+02 -7.4068E-01  1.1507E+00
  4.2766E+02 -7.4416E-01  1.1424E+00
  4.2804E+02 -7.4758E-01  1.1342E+00
  4.2841E+02 -7.5093E-01  1.1259E+00
  4.2879E+02 -7.5422E-01  1.1177E+00
  4.2916E+02 -7.5745E-01  1.1094E+00
  4.2954E+02 -7.6061E-01  1.1011E+00
  4.2992E+02 -7.6372E-01  1.0928E+00
  4.3029E+02 -7.6676E-01  1.0845E+00
  4.3067E+02 -7.6975E-01  1.0761E+00
  4.3104E+02 -7.7267E-01  1.0678E+00
  4.3142E+02 -7.7553E-01  1.0594E+00
  4.3179E+02 -7.7833E-01  1.0510E+00
  4.3217E+02 -7.8107E-01  1.0427E+00
  4.3255E+02 -7.8375E-01  1.0343E+00
  4.3292E+02 -7.8637E-01  1.0259E+00
  4.3330E+02 -7.8893E-01  1.0175E+00
  4.3367E+02 -7.9144E-01  1.0091E+00
  4.3405E+02 -7.9388E-01  1.0006E+00
  4.3442E+02 -7.9627E-01  9.9220E-01
  4.3480E+02 -7.9860E-01  9.8377E-01
  4.3518E+02 -8.0087E-01  9.7532E-01
  4.3555E+02 -8.0308E-01  9.6687E-01
  4.3593E+02 -8.0524E-01  9.5842E-01
  4.3630E+02 -8.0734E-01  9.4996E-01
  4.3668E+02 -8.0939E-01  9.4150E-01
  4.3706E+02 -8.1138E-01  9.3303E-01
  4.3743E+02 -8.1331E-01  9.2456E-01
  4.3781E+02 -8.1519E-01  9.1608E-01
  4.3818E+02 -8.1702E-01  9.0761E-01
  4.3856E+02 -8.1879E-01  8.9913E-01
  4.3893E+02 -8.2050E-01  8.9065E-01
  4.3931E+02 -8.2217E-01  8.8217E-01
  4.3969E+02 -8.2377E-01  8.7369E-01
  4.4006E+02 -8.2533E-01  8.6521E-01
  4.4044E+02 -8.2683E-01  8.5674E-01
  4.4081E+02 -8.2827E-01  8.4826E-01
  4.4119E+02 -8.2967E-01  8.3978E-01
  4.4157E+02 -8.3100E-01  8.3131E-01
  4.4194E+02 -8.3229E-01  8.2284E-01
  4.4232E+02 -8.3352E-01  8.1438E-01
  4.4269E+02 -8.3469E-01  8.0592E-01
  4.4307E+02 -8.3581E-01  7.9747E-01
  4.4344E+02 -8.3688E-01  7.8902E-01
  4.4382E+02 -8.3789E-01  7.8057E-01
  4.4420E+02 -8.3884E-01  7.7214E-01
  4.4457E+02 -8.3974E-01  7.6371E-01
  4.4495E+02 -8.4058E-01  7.5529E-01
  4.4532E+02 -8.4137E-01  7.4688E-01
  4.4570E+02 -8.4210E-01  7.3848E-01
  4.4607E+02 -8.4277E-01  7.3009E-01
  4.4645E+02 -8.4339E-01  7.2171E-01
  4.4683E+02 -8.4395E-01  7.1334E-01
  4.4720E+02 -8.4445E-01  7.0498E-01
  4.4758E+02 -8.4490E-01  6.9663E-01
  4.4795E+02 -8.4528E-01  6.8830E-01
  4.4833E+02 -8.4561E-01  6.7998E-01
  4.4871E+02 -8.4588E-01  6.7167E-01
  4.4908E+02 -8.4609E-01  6.6337E-01
  4.4946E+02 -8.4625E-01  6.5510E-01
  4.4983E+02 -8.4634E-01  6.4683E-01
  4.5021E+02 -8.4638E-01  6.3858E-01
  4.5058E+02 -8.4635E-01  6.3035E-01
  4.5096E+02 -8.4627E-01  6.2213E-01
  4.5134E+02 -8.4613E-01  6.1394E-01
  4.5171E+02 -8.4593E-01  6.0575E-01
  4.5209E+02 -8.4568E-01  5.9759E-01
  4.5246E+02 -8.4536E-01  5.8944E-01
  4.5284E+02 -8.4499E-01  5.8131E-01
  4.5321E+02 -8.4456E-01  5.7320E-01
  4.5359E+02 -8.4407E-01  5.6511E-01
  4.5397E+02 -8.4352E-01  5.5704E-01
  4.5434E+02 -8.4292E-01  5.4899E-01
  4.5472E+02 -8.4226E-01  5.4096E-01
  4.5509E+02 -8.4154E-01  5.3296E-01
  4.5547E+02 -8.4077E-01  5.2497E-01
  4.5585E+02 -8.3994E-01  5.1700E-01
  4.5622E+02 -8.3906E-01  5.0906E-01
  4.5660E+02 -8.3812E-01  5.0114E-01
  4.5697E+02 -8.3713E-01  4.9324E-01
  4.5735E+02 -8.3608E-01  4.8536E-01
  4.5772E+02 -8.3498E-01  4.7751E-01
  4.5810E+02 -8.3382E-01  4.6968E-01
  4.5848E+02 -8.3262E-01  4.6188E-01
  4.5885E+02 -8.3136E-01  4.5410E-01
  4.5923E+02 -8.3005E-01  4.4635E-01
  4.5960E+02 -8.2868E-01  4.3862E-01
  4.5998E+02 -8.2727E-01  4.3091E-01
  4.6036E+02 -8.2581E-01  4.2324E-01
  4.6073E+02 -8.2429E-01  4.1559E-01
  4.6111E+02 -8.2273E-01  4.0796E-01
  4.6148E+02 -8.2112E-01  4.0037E-01
  4.6186E+02 -8.1946E-01  3.9280E-01
  4.6223E+02 -8.1775E-01  3.8526E-01
  4.6261E+02 -8.1600E-01  3.7774E-01
  4.6299E+02 -8.1420E-01  3.7026E-01
  4.6336E+02 -8.1235E-01  3.6280E-01
  4.6374E+02 -8.1045E-01  3.5538E-01
  4.6411E+02 -8.0851E-01  3.4798E-01
  4.6449E+02 -8.0653E-01  3.4061E-01
  4.6486E+02 -8.0450E-01  3.3327E-01
  4.6524E+02 -8.0243E-01  3.2596E-01
  4.6562E+02 -8.0031E-01  3.1869E-01
  4.6599E+02 -7.9815E-01  3.1144E-01
  4.6637E+02 -7.9594E-01  3.0422E-01
  4.6674E+02 -7.9370E-01  2.9704E-01
  4.6712E+02 -7.9141E-01  2.8989E-01
  4.6750E+02 -7.8908E-01  2.8277E-01
  4.6787E+02 -7.8670E-01  2.7568E-01
  4.6825E+02 -7.8429E-01  2.6862E-01
  4.6862E+02 -7.8183E-01  2.6160E-01
  4.6900E+02 -7.7934E-01  2.5461E-01
  4.6937E+02 -7.7680E-01  2.4766E-01
  4.6975E+02 -7.7422E-01  2.4074E-01
  4.7013E+02 -7.7160E-01  2.3385E-01
  4.7050E+02 -7.6894E-01  2.2700E-01
  4.7088E+02 -7.6624E-01  2.2019E-01
  4.7125E+02 -7.6350E-01  2.1341E-01
  4.7163E+02 -7.6072E-01  2.0666E-01
  4.7200E+02 -7.5790E-01  1.9995E-01
  4.7238E+02 -7.5504E-01  1.9328E-01
  4.7276E+02 -7.5214E-01  1.8665E-01
  4.7313E+02 -7.4920E-01  1.8005E-01
  4.7351E+02 -7.4622E-01  1.7349E-01
  4.7388E+02 -7.4321E-01  1.6697E-01
  4.7426E+02 -7.4015E-01  1.6048E-01
  4.7464E+02 -7.3705E-01  1.5404E-01
  4.7501E+02 -7.3392E-01  1.4763E-01
  4.7539E+02 -7.3074E-01  1.4126E-01
  4.7576E+02 -7.2753E-01  1.3493E-01
  4.7614E+02 -7.2428E-01  1.2864E-01
  4.7651E+02 -7.2099E-01  1.2240E-01
  4.7689E+02 -7.1767E-01  1.1619E-01
  4.7727E+02 -7.1431E-01  1.1002E-01
  4.7764E+02 -7.1090E-01  1.0389E-01
  4.7802E+02 -7.0747E-01  9.7805E-02
  4.7839E+02 -7.0399E-01  9.1760E-02
  4.7877E+02 -7.0048E-01  8.5756E-02
  4.7915E+02 -6.9693E-01  7.9795E-02
  4.7952E+02 -6.9335E-01  7.3875E-02
  4.7990E+02 -6.8973E-01  6.7997E-02
  4.8027E+02 -6.8608E-01  6.2162E-02
  4.8065E+02 -6.8239E-01  5.6369E-02
  4.8102E+02 -6.7867E-01  5.0619E-02
  4.8140E+02 -6.7491E-01  4.4912E-02
  4.8178E+02 -6.7112E-01  3.9248E-02
  4.8215E+02 -6.6730E-01  3.3628E-02
  4.8253E+02 -6.6344E-01  2.8051E-02
  4.8290E+02 -6.5956E-01  2.2517E-02
  4.8328E+02 -6.5564E-01  1.7027E-02
  4.8365E+02 -6.5169E-01  1.1582E-02
  4.8403E+02 -6.4771E-01  6.1797E-03
  4.8441E+02 -6.4370E-01  8.2212E-04
  4.8478E+02 -6.3966E-01 -4.4912E-03
  4.8516E+02 -6.3559E-01 -9.7600E-03
  4.8553E+02 -6.3150E-01 -1.4984E-02
  4.8591E+02 -6.2737E-01 -2.0164E-02
  4.8629E+02 -6.2322E-01 -2.5299E-02
  4.8666E+02 -6.1905E-01 -3.0389E-02
  4.8704E+02 -6.1484E-01 -3.5433E-02
  4.8741E+02 -6.1061E-01 -4.0433E-02
  4.8779E+02 -6.0636E-01 -4.5388E-02
  4.8816E+02 -6.0208E-01 -5.0297E-02
  4.8854E+02 -5.9778E-01 -5.5160E-02
  4.8892E+02 -5.9345E-01 -5.9979E-02
  4.8929E+02 -5.8910E-01 -6.4751E-02
  4.8967E+02 -5.8473E-01 -6.9478E-02
  4.9004E+02 -5.8033E-01 -7.4158E-02
  4.9042E+02 -5.7592E-01 -7.8793E-02
  4.9079E+02 -5.7148E-01 -8.3381E-02
  4.9117E+02 -5.6702E-01 -8.7923E-02
  4.9155E+02 -5.6255E-01 -9.2419E-02
  4.9192E+02 -5.5805E-01 -9.6868E-02
  4.9230E+02 -5.5353E-01 -1.0127E-01
  4.9267E+02 -5.4899E-01 -1.0563E-01
  4.9305E+02 -5.4444E-01 -1.0994E-01
  4.9343E+02 -5.3986E-01 -1.1420E-01
  4.9380E+02 -5.3527E-01 -1.1841E-01
  4.9418E+02 -5.3066E-01 -1.2258E-01
  4.9455E+02 -5.2603E-01 -1.2670E-01
  4.9493E+02 -5.2139E-01 -1.3077E-01
  4.9530E+02 -5.1672E-01 -1.3480E-01
  4.9568E+02 -5.1204E-01 -1.3877E-01
  4.9606E+02 -5.0735E-01 -1.4270E-01
  4.9643E+02 -5.0263E-01 -1.4658E-01
  4.9681E+02 -4.9790E-01 -1.5041E-01
  4.9718E+02 -4.9315E-01 -1.5420E-01
  4.9756E+02 -4.8839E-01 -1.5793E-01
  4.9794E+02 -4.8361E-01 -1.6162E-01
  4.9831E+02 -4.7881E-01 -1.6525E-01
  4.9869E+02 -4.7400E-01 -1.6884E-01
  4.9906E+02 -4.6917E-01 -1.7238E-01
  4.9944E+02 -4.6433E-01 -1.7587E-01
  4.9981E+02 -4.5948E-01 -1.7931E-01
  5.0000E+02 -4.5707E-01 -1.8100E-01
