# CREATED BY GENE DIAGNOSTICS TOOL on Mon Jan 28 13:46:35 2019
# diag: gamdiag, run(s): 0017, time window: 0-125(924 steps), species: ions
# original data path: /marconi_work/FUA23_ESTRELLA/S-a/q0-1.1/GAM/scan_Lx_R4/
# normalization: R_0
#
# xind= 0, x/a= Infinity, q= 1.1
# Fit:    0.14825765,0.74713049,2.3484508
# Analytic (Gao, Zhou/Yu): 0.13700645,0.14566762,0.95636699
#  t          Re[phi]     Im[phi]   
  0.0000E+00  3.9999E+00  0.0000E+00
  1.3550E-01  3.8271E+00 -8.4258E-18
  2.7100E-01  3.3455E+00 -2.0519E-16
  4.0650E-01  2.6511E+00  5.9476E-18
  5.4200E-01  1.8665E+00  1.1003E-16
  6.7750E-01  1.1079E+00  4.2426E-16
  8.1300E-01  4.6422E-01 -3.8957E-16
  9.4850E-01 -1.1426E-02  1.4522E-16
  1.0840E+00 -3.0011E-01  2.0569E-16
  1.2195E+00 -4.0971E-01  1.2267E-17
  1.3550E+00 -3.6548E-01  1.5092E-16
  1.4905E+00 -2.0157E-01  2.2304E-17
  1.6260E+00  4.4760E-02  6.4804E-17
  1.7615E+00  3.3616E-01  4.5227E-17
  1.8970E+00  6.3679E-01  6.2109E-17
  2.0325E+00  9.1385E-01 -5.2661E-17
  2.1680E+00  1.1396E+00 -5.0803E-18
  2.3035E+00  1.2934E+00 -4.9687E-17
  2.4390E+00  1.3640E+00 -7.9054E-17
  2.5745E+00  1.3497E+00 -1.0904E-17
  2.7100E+00  1.2589E+00 -1.1152E-17
  2.8455E+00  1.1081E+00 -1.2391E-18
  2.9810E+00  9.1984E-01 -9.9127E-19
  3.1165E+00  7.1924E-01  5.2042E-18
  3.2520E+00  5.3090E-01  1.2887E-17
  3.3875E+00  3.7576E-01  4.7457E-17
  3.5230E+00  2.6876E-01 -4.4421E-17
  3.6585E+00  2.1750E-01  3.0420E-17
  3.7940E+00  2.2201E-01 -9.5720E-17
  3.9295E+00  2.7551E-01 -1.1513E-16
  4.0650E+00  3.6598E-01 -1.5460E-16
  4.2005E+00  4.7817E-01 -1.6829E-16
  4.3360E+00  5.9584E-01 -1.8450E-16
  4.4715E+00  7.0385E-01 -1.0064E-16
  4.6070E+00  7.8984E-01 -7.0814E-17
  4.7425E+00  8.4552E-01 -2.0445E-18
  4.8780E+00  8.6714E-01  5.3776E-17
  5.0135E+00  8.5545E-01  1.6529E-16
  5.1490E+00  8.1524E-01  1.2019E-16
  5.2845E+00  7.5434E-01  1.4795E-16
  5.4200E+00  6.8219E-01  9.7392E-17
  5.5555E+00  6.0839E-01  9.8012E-17
  5.6910E+00  5.4165E-01  5.4086E-17
  5.8265E+00  4.8910E-01 -2.0538E-17
  5.9620E+00  4.5581E-01 -2.6950E-18
  6.0975E+00  4.4413E-01  1.1616E-19
  6.2330E+00  4.5307E-01  1.3723E-17
  6.3685E+00  4.7849E-01  4.1726E-17
  6.5040E+00  5.1472E-01  2.4324E-17
  6.6395E+00  5.5646E-01  4.5056E-17
  6.7750E+00  5.9944E-01  1.1554E-17
  6.9105E+00  6.3944E-01 -8.3019E-18
  7.0460E+00  6.7148E-01 -2.8840E-17
  7.1815E+00  6.9062E-01 -9.8446E-17
  7.3170E+00  6.9421E-01 -6.5755E-17
  7.4525E+00  6.8327E-01 -9.9522E-17
  7.5880E+00  6.6192E-01 -1.1222E-16
  7.7235E+00  6.3541E-01 -1.3912E-16
  7.8590E+00  6.0825E-01 -9.8291E-17
  7.9945E+00  5.8353E-01 -1.4082E-16
  8.1300E+00  5.6304E-01 -1.7564E-16
  8.2655E+00  5.4780E-01 -1.7713E-16
  8.4010E+00  5.3842E-01 -2.3468E-16
  8.5365E+00  5.3534E-01 -2.5008E-16
  8.6720E+00  5.3886E-01 -2.6603E-16
  8.8075E+00  5.4891E-01 -2.2545E-16
  8.9430E+00  5.6449E-01 -1.9237E-16
  9.0785E+00  5.8310E-01 -1.2093E-16
  9.2140E+00  6.0072E-01 -6.2891E-17
  9.3495E+00  6.1275E-01 -7.7443E-19
  9.4850E+00  6.1576E-01  5.2259E-17
  9.6205E+00  6.0941E-01  1.2707E-16
  9.7560E+00  5.9726E-01  1.6931E-16
  9.8915E+00  5.8563E-01  2.0587E-16
  1.0027E+01  5.8095E-01  2.0197E-16
  1.0163E+01  5.8645E-01  2.0052E-16
  1.0298E+01  6.0012E-01  1.3805E-16
  1.0434E+01  6.1494E-01  8.0711E-17
  1.0569E+01  6.2172E-01  4.2129E-18
  1.0705E+01  6.1322E-01 -3.1597E-17
  1.0840E+01  5.8765E-01 -9.8631E-17
  1.0976E+01  5.4989E-01 -1.0359E-16
  1.1111E+01  5.1001E-01 -1.2874E-16
  1.1247E+01  4.7992E-01 -1.4795E-16
  1.1382E+01  4.6916E-01 -1.4473E-16
  1.1518E+01  4.8169E-01 -1.2366E-16
  1.1653E+01  5.1476E-01 -1.0681E-16
  1.1789E+01  5.6006E-01 -7.1867E-17
  1.1924E+01  6.0657E-01 -7.5089E-17
  1.2060E+01  6.4366E-01 -1.3010E-17
  1.2195E+01  6.6366E-01 -7.2487E-18
  1.2331E+01  6.6344E-01 -4.6776E-18
  1.2466E+01  6.4465E-01 -1.8091E-17
  1.2602E+01  6.1268E-01 -5.8237E-18
  1.2737E+01  5.7477E-01 -2.7632E-17
  1.2873E+01  5.3814E-01 -4.8077E-17
  1.3008E+01  5.0867E-01 -1.0148E-16
  1.3144E+01  4.9030E-01 -1.5798E-16
  1.3279E+01  4.8468E-01 -1.3878E-16
  1.3415E+01  4.9110E-01 -1.4714E-16
  1.3550E+01  5.0679E-01 -1.5639E-16
  1.3686E+01  5.2797E-01 -1.5320E-16
  1.3821E+01  5.5094E-01 -1.4280E-16
  1.3957E+01  5.7275E-01 -1.3118E-16
  1.4092E+01  5.9115E-01 -1.3411E-16
  1.4228E+01  6.0436E-01 -1.2491E-16
  1.4363E+01  6.1102E-01 -9.8477E-17
  1.4499E+01  6.1058E-01 -1.0898E-16
  1.4634E+01  6.0364E-01 -1.0449E-16
  1.4770E+01  5.9188E-01 -6.6601E-17
  1.4905E+01  5.7755E-01 -6.6415E-17
  1.5041E+01  5.6292E-01 -5.3900E-17
  1.5176E+01  5.4983E-01 -3.5748E-17
  1.5312E+01  5.3951E-01 -2.5401E-17
  1.5447E+01  5.3268E-01  1.1152E-18
  1.5583E+01  5.2966E-01  3.6553E-17
  1.5718E+01  5.3046E-01  3.7761E-17
  1.5854E+01  5.3468E-01  4.7132E-17
  1.5989E+01  5.4153E-01 -3.2371E-18
  1.6125E+01  5.4981E-01 -3.6346E-17
  1.6260E+01  5.5812E-01 -6.3399E-17
  1.6396E+01  5.6503E-01 -1.0557E-16
  1.6531E+01  5.6938E-01 -1.1211E-16
  1.6667E+01  5.7048E-01 -1.3557E-16
  1.6802E+01  5.6821E-01 -1.3855E-16
  1.6938E+01  5.6298E-01 -1.1545E-16
  1.7073E+01  5.5554E-01 -9.8755E-17
  1.7209E+01  5.4691E-01 -8.6984E-17
  1.7344E+01  5.3820E-01 -9.1600E-17
  1.7480E+01  5.3049E-01 -7.6111E-17
  1.7615E+01  5.2468E-01 -8.6891E-17
  1.7751E+01  5.2130E-01 -1.0052E-16
  1.7886E+01  5.2043E-01 -1.1053E-16
  1.8022E+01  5.2161E-01 -1.0040E-16
  1.8157E+01  5.2406E-01 -1.2445E-16
  1.8293E+01  5.2692E-01 -1.1432E-16
  1.8428E+01  5.2951E-01 -8.8579E-17
  1.8564E+01  5.3138E-01 -8.2376E-17
  1.8699E+01  5.3225E-01 -8.6697E-17
  1.8835E+01  5.3188E-01 -8.4343E-17
  1.8970E+01  5.3020E-01 -8.1578E-17
  1.9106E+01  5.2738E-01 -9.0515E-17
  1.9241E+01  5.2401E-01 -8.0618E-17
  1.9377E+01  5.2112E-01 -7.8357E-17
  1.9512E+01  5.2007E-01 -8.3468E-17
  1.9648E+01  5.2212E-01 -9.1584E-17
  1.9783E+01  5.2786E-01 -6.4076E-17
  1.9919E+01  5.3678E-01 -7.0365E-17
  2.0054E+01  5.4732E-01 -7.6560E-17
  2.0190E+01  5.5737E-01 -6.5238E-17
  2.0325E+01  5.6514E-01 -6.9389E-17
  2.0461E+01  5.6961E-01 -8.6581E-17
  2.0596E+01  5.7054E-01 -8.1811E-17
  2.0732E+01  5.6813E-01 -9.4047E-17
  2.0867E+01  5.6256E-01 -1.1102E-16
  2.1003E+01  5.5372E-01 -1.1248E-16
  2.1138E+01  5.4132E-01 -1.1353E-16
  2.1274E+01  5.2515E-01 -1.6876E-16
  2.1409E+01  5.0559E-01 -1.4231E-16
  2.1545E+01  4.8398E-01 -1.2329E-16
  2.1680E+01  4.6278E-01 -1.1595E-16
  2.1816E+01  4.4532E-01 -1.1874E-16
  2.1951E+01  4.3502E-01 -1.0399E-16
  2.2087E+01  4.3446E-01 -9.7764E-17
  2.2222E+01  4.4455E-01 -1.0367E-16
  2.2358E+01  4.6411E-01 -9.4078E-17
  2.2493E+01  4.9010E-01 -8.3329E-17
  2.2629E+01  5.1833E-01 -1.0201E-16
  2.2764E+01  5.4441E-01 -1.0186E-16
  2.2900E+01  5.6472E-01 -1.0952E-16
  2.3035E+01  5.7697E-01 -1.0675E-16
  2.3171E+01  5.8048E-01 -1.2211E-16
  2.3306E+01  5.7597E-01 -1.4318E-16
  2.3442E+01  5.6522E-01 -1.4795E-16
  2.3577E+01  5.5050E-01 -1.2558E-16
  2.3713E+01  5.3418E-01 -1.1883E-16
  2.3848E+01  5.1833E-01 -1.0755E-16
  2.3984E+01  5.0454E-01 -9.9313E-17
  2.4119E+01  4.9385E-01 -8.1424E-17
  2.4255E+01  4.8677E-01 -7.5416E-17
  2.4390E+01  4.8343E-01 -6.6408E-17
  2.4526E+01  4.8361E-01 -6.9746E-17
  2.4661E+01  4.8691E-01 -8.5753E-17
  2.4797E+01  4.9273E-01 -9.0043E-17
  2.4932E+01  5.0037E-01 -1.0230E-16
  2.5068E+01  5.0899E-01 -1.2510E-16
  2.5203E+01  5.1768E-01 -1.2667E-16
  2.5339E+01  5.2554E-01 -1.2688E-16
  2.5474E+01  5.3176E-01 -1.4603E-16
  2.5610E+01  5.3572E-01 -1.3741E-16
  2.5745E+01  5.3705E-01 -1.4349E-16
  2.5881E+01  5.3562E-01 -1.3453E-16
  2.6016E+01  5.3166E-01 -1.2540E-16
  2.6152E+01  5.2567E-01 -1.1954E-16
  2.6287E+01  5.1842E-01 -1.0012E-16
  2.6423E+01  5.1077E-01 -1.0027E-16
  2.6558E+01  5.0357E-01 -8.7418E-17
  2.6694E+01  4.9756E-01 -8.1393E-17
  2.6829E+01  4.9332E-01 -8.2554E-17
  2.6965E+01  4.9121E-01 -1.1324E-16
  2.7100E+01  4.9129E-01 -1.1240E-16
  2.7236E+01  4.9340E-01 -1.2747E-16
  2.7371E+01  4.9710E-01 -1.2035E-16
  2.7507E+01  5.0184E-01 -1.1562E-16
  2.7642E+01  5.0694E-01 -1.2645E-16
  2.7778E+01  5.1173E-01 -1.1375E-16
  2.7913E+01  5.1562E-01 -1.1610E-16
  2.8049E+01  5.1813E-01 -1.3119E-16
  2.8184E+01  5.1904E-01 -1.3419E-16
  2.8320E+01  5.1837E-01 -1.3494E-16
  2.8455E+01  5.1630E-01 -1.2121E-16
  2.8591E+01  5.1310E-01 -1.3429E-16
  2.8726E+01  5.0911E-01 -1.4336E-16
  2.8862E+01  5.0472E-01 -1.3779E-16
  2.8997E+01  5.0036E-01 -1.2643E-16
  2.9133E+01  4.9656E-01 -1.4153E-16
  2.9268E+01  4.9379E-01 -1.3875E-16
  2.9404E+01  4.9236E-01 -1.3580E-16
  2.9539E+01  4.9234E-01 -1.3185E-16
  2.9675E+01  4.9350E-01 -1.2603E-16
  2.9810E+01  4.9544E-01 -1.3060E-16
  2.9946E+01  4.9774E-01 -1.3731E-16
  3.0081E+01  5.0005E-01 -1.3360E-16
  3.0217E+01  5.0217E-01 -1.2849E-16
  3.0352E+01  5.0398E-01 -1.1839E-16
  3.0488E+01  5.0534E-01 -1.2826E-16
  3.0623E+01  5.0603E-01 -1.1257E-16
  3.0759E+01  5.0584E-01 -1.2120E-16
  3.0894E+01  5.0459E-01 -1.1328E-16
  3.1030E+01  5.0229E-01 -9.8322E-17
  3.1165E+01  4.9923E-01 -1.2357E-16
  3.1301E+01  4.9592E-01 -1.1040E-16
  3.1436E+01  4.9295E-01 -1.0377E-16
  3.1572E+01  4.9087E-01 -1.1201E-16
  3.1707E+01  4.8994E-01 -1.1912E-16
  3.1843E+01  4.9015E-01 -1.1012E-16
  3.1978E+01  4.9120E-01 -1.1912E-16
  3.2114E+01  4.9267E-01 -1.2941E-16
  3.2249E+01  4.9415E-01 -1.2693E-16
  3.2385E+01  4.9538E-01 -1.3060E-16
  3.2520E+01  4.9627E-01 -1.2808E-16
  3.2656E+01  4.9689E-01 -1.3137E-16
  3.2791E+01  4.9737E-01 -1.3362E-16
  3.2927E+01  4.9778E-01 -1.2465E-16
  3.3062E+01  4.9803E-01 -1.2823E-16
  3.3198E+01  4.9795E-01 -1.4685E-16
  3.3333E+01  4.9732E-01 -1.3432E-16
  3.3469E+01  4.9597E-01 -1.1595E-16
  3.3604E+01  4.9389E-01 -1.4352E-16
  3.3739E+01  4.9126E-01 -1.3091E-16
  3.3875E+01  4.8844E-01 -1.2874E-16
  3.4010E+01  4.8592E-01 -1.3051E-16
  3.4146E+01  4.8420E-01 -1.2524E-16
  3.4281E+01  4.8361E-01 -1.3051E-16
  3.4417E+01  4.8429E-01 -1.2628E-16
  3.4552E+01  4.8608E-01 -1.2769E-16
  3.4688E+01  4.8861E-01 -1.3065E-16
  3.4823E+01  4.9136E-01 -1.3120E-16
  3.4959E+01  4.9379E-01 -1.2492E-16
  3.5094E+01  4.9543E-01 -1.4009E-16
  3.5230E+01  4.9597E-01 -1.3083E-16
  3.5365E+01  4.9533E-01 -1.4033E-16
  3.5501E+01  4.9362E-01 -1.2891E-16
  3.5636E+01  4.9114E-01 -1.3794E-16
  3.5772E+01  4.8828E-01 -1.2722E-16
  3.5907E+01  4.8545E-01 -1.2372E-16
  3.6043E+01  4.8302E-01 -1.2536E-16
  3.6178E+01  4.8123E-01 -1.2789E-16
  3.6314E+01  4.8021E-01 -1.3297E-16
  3.6449E+01  4.7999E-01 -1.1731E-16
  3.6585E+01  4.8046E-01 -1.3085E-16
  3.6720E+01  4.8146E-01 -1.1554E-16
  3.6856E+01  4.8277E-01 -1.2453E-16
  3.6991E+01  4.8416E-01 -1.2190E-16
  3.7127E+01  4.8542E-01 -1.3549E-16
  3.7262E+01  4.8635E-01 -1.3331E-16
  3.7398E+01  4.8684E-01 -1.2845E-16
  3.7533E+01  4.8682E-01 -1.2538E-16
  3.7669E+01  4.8630E-01 -1.3300E-16
  3.7804E+01  4.8535E-01 -1.3130E-16
  3.7940E+01  4.8411E-01 -1.2862E-16
  3.8075E+01  4.8271E-01 -1.2456E-16
  3.8211E+01  4.8128E-01 -1.3374E-16
  3.8346E+01  4.7997E-01 -1.3407E-16
  3.8482E+01  4.7889E-01 -1.4333E-16
  3.8617E+01  4.7813E-01 -1.2821E-16
  3.8753E+01  4.7776E-01 -1.2467E-16
  3.8888E+01  4.7780E-01 -1.3704E-16
  3.9024E+01  4.7823E-01 -1.4547E-16
  3.9159E+01  4.7895E-01 -1.4378E-16
  3.9295E+01  4.7981E-01 -1.4703E-16
  3.9430E+01  4.8065E-01 -1.3844E-16
  3.9566E+01  4.8131E-01 -1.5097E-16
  3.9701E+01  4.8169E-01 -1.4163E-16
  3.9837E+01  4.8174E-01 -1.4375E-16
  3.9972E+01  4.8148E-01 -1.4082E-16
  4.0108E+01  4.8094E-01 -1.4367E-16
  4.0243E+01  4.8015E-01 -1.3793E-16
  4.0379E+01  4.7919E-01 -1.4438E-16
  4.0514E+01  4.7810E-01 -1.4327E-16
  4.0650E+01  4.7699E-01 -1.3687E-16
  4.0785E+01  4.7594E-01 -1.4747E-16
  4.0921E+01  4.7507E-01 -1.4133E-16
  4.1056E+01  4.7447E-01 -1.3963E-16
  4.1192E+01  4.7418E-01 -1.4081E-16
  4.1327E+01  4.7416E-01 -1.3106E-16
  4.1463E+01  4.7434E-01 -1.3196E-16
  4.1598E+01  4.7460E-01 -1.3745E-16
  4.1734E+01  4.7479E-01 -1.4998E-16
  4.1869E+01  4.7485E-01 -1.4085E-16
  4.2005E+01  4.7473E-01 -1.4694E-16
  4.2140E+01  4.7446E-01 -1.4962E-16
  4.2276E+01  4.7407E-01 -1.5888E-16
  4.2411E+01  4.7363E-01 -1.5557E-16
  4.2547E+01  4.7317E-01 -1.5247E-16
  4.2682E+01  4.7269E-01 -1.5063E-16
  4.2818E+01  4.7222E-01 -1.4748E-16
  4.2953E+01  4.7176E-01 -1.5324E-16
  4.3089E+01  4.7134E-01 -1.5637E-16
  4.3224E+01  4.7103E-01 -1.5868E-16
  4.3360E+01  4.7086E-01 -1.5278E-16
  4.3495E+01  4.7089E-01 -1.5704E-16
  4.3631E+01  4.7110E-01 -1.5628E-16
  4.3766E+01  4.7147E-01 -1.4493E-16
  4.3902E+01  4.7188E-01 -1.5901E-16
  4.4037E+01  4.7221E-01 -1.5932E-16
  4.4173E+01  4.7233E-01 -1.5595E-16
  4.4308E+01  4.7215E-01 -1.5637E-16
  4.4444E+01  4.7162E-01 -1.6452E-16
  4.4579E+01  4.7079E-01 -1.4960E-16
  4.4715E+01  4.6976E-01 -1.6485E-16
  4.4850E+01  4.6867E-01 -1.5280E-16
  4.4986E+01  4.6766E-01 -1.5314E-16
  4.5121E+01  4.6685E-01 -1.5592E-16
  4.5257E+01  4.6631E-01 -1.6000E-16
  4.5392E+01  4.6604E-01 -1.6700E-16
  4.5528E+01  4.6601E-01 -1.4823E-16
  4.5663E+01  4.6614E-01 -1.4843E-16
  4.5799E+01  4.6636E-01 -1.5529E-16
  4.5934E+01  4.6658E-01 -1.5735E-16
  4.6070E+01  4.6676E-01 -1.4964E-16
  4.6205E+01  4.6686E-01 -1.4733E-16
  4.6341E+01  4.6686E-01 -1.5024E-16
  4.6476E+01  4.6676E-01 -1.5997E-16
  4.6612E+01  4.6657E-01 -1.6192E-16
  4.6747E+01  4.6630E-01 -1.5345E-16
  4.6883E+01  4.6596E-01 -1.5732E-16
  4.7018E+01  4.6555E-01 -1.5976E-16
  4.7154E+01  4.6506E-01 -1.5989E-16
  4.7289E+01  4.6452E-01 -1.5902E-16
  4.7425E+01  4.6395E-01 -1.6145E-16
  4.7560E+01  4.6337E-01 -1.6556E-16
  4.7696E+01  4.6282E-01 -1.4666E-16
  4.7831E+01  4.6235E-01 -1.4967E-16
  4.7967E+01  4.6198E-01 -1.4112E-16
  4.8102E+01  4.6173E-01 -1.4821E-16
  4.8238E+01  4.6160E-01 -1.4508E-16
  4.8373E+01  4.6159E-01 -1.6068E-16
  4.8509E+01  4.6166E-01 -1.6203E-16
  4.8644E+01  4.6179E-01 -1.5764E-16
  4.8780E+01  4.6192E-01 -1.6419E-16
  4.8915E+01  4.6201E-01 -1.6960E-16
  4.9051E+01  4.6202E-01 -1.6457E-16
  4.9186E+01  4.6189E-01 -1.5936E-16
  4.9322E+01  4.6163E-01 -1.6354E-16
  4.9457E+01  4.6125E-01 -1.5609E-16
  4.9593E+01  4.6077E-01 -1.6534E-16
  4.9728E+01  4.6023E-01 -1.5973E-16
  4.9864E+01  4.5966E-01 -1.6308E-16
  4.9999E+01  4.5911E-01 -1.6472E-16
  5.0135E+01  4.5861E-01 -1.6261E-16
  5.0270E+01  4.5818E-01 -1.7013E-16
  5.0406E+01  4.5784E-01 -1.6855E-16
  5.0541E+01  4.5761E-01 -1.7016E-16
  5.0677E+01  4.5748E-01 -1.6917E-16
  5.0812E+01  4.5745E-01 -1.7657E-16
  5.0948E+01  4.5749E-01 -1.7205E-16
  5.1083E+01  4.5755E-01 -1.7945E-16
  5.1219E+01  4.5760E-01 -1.6492E-16
  5.1354E+01  4.5759E-01 -1.6525E-16
  5.1490E+01  4.5750E-01 -1.6542E-16
  5.1625E+01  4.5731E-01 -1.7538E-16
  5.1761E+01  4.5704E-01 -1.6994E-16
  5.1896E+01  4.5670E-01 -1.6540E-16
  5.2032E+01  4.5630E-01 -1.5292E-16
  5.2167E+01  4.5588E-01 -1.5640E-16
  5.2303E+01  4.5544E-01 -1.6782E-16
  5.2438E+01  4.5501E-01 -1.6241E-16
  5.2574E+01  4.5460E-01 -1.6641E-16
  5.2709E+01  4.5425E-01 -1.7200E-16
  5.2845E+01  4.5397E-01 -1.6821E-16
  5.2980E+01  4.5377E-01 -1.7662E-16
  5.3116E+01  4.5365E-01 -1.6723E-16
  5.3251E+01  4.5360E-01 -1.7375E-16
  5.3387E+01  4.5358E-01 -1.7510E-16
  5.3522E+01  4.5357E-01 -1.8404E-16
  5.3658E+01  4.5352E-01 -1.8071E-16
  5.3793E+01  4.5340E-01 -1.8757E-16
  5.3929E+01  4.5320E-01 -1.8713E-16
  5.4064E+01  4.5293E-01 -1.8478E-16
  5.4200E+01  4.5261E-01 -1.7736E-16
  5.4335E+01  4.5225E-01 -1.7964E-16
  5.4471E+01  4.5190E-01 -1.7995E-16
  5.4606E+01  4.5155E-01 -1.7457E-16
  5.4742E+01  4.5123E-01 -1.8015E-16
  5.4877E+01  4.5094E-01 -1.7406E-16
  5.5013E+01  4.5068E-01 -1.8032E-16
  5.5148E+01  4.5045E-01 -1.6850E-16
  5.5284E+01  4.5025E-01 -1.7858E-16
  5.5419E+01  4.5007E-01 -1.7436E-16
  5.5555E+01  4.4992E-01 -1.7042E-16
  5.5690E+01  4.4979E-01 -1.7945E-16
  5.5826E+01  4.4969E-01 -1.8328E-16
  5.5961E+01  4.4959E-01 -1.7810E-16
  5.6097E+01  4.4948E-01 -1.8766E-16
  5.6232E+01  4.4933E-01 -1.9302E-16
  5.6368E+01  4.4913E-01 -1.9159E-16
  5.6503E+01  4.4887E-01 -1.8916E-16
  5.6639E+01  4.4856E-01 -1.9358E-16
  5.6774E+01  4.4820E-01 -1.9661E-16
  5.6910E+01  4.4783E-01 -1.8286E-16
  5.7045E+01  4.4746E-01 -1.8012E-16
  5.7181E+01  4.4713E-01 -1.7787E-16
  5.7316E+01  4.4686E-01 -1.7961E-16
  5.7452E+01  4.4665E-01 -1.9339E-16
  5.7587E+01  4.4650E-01 -1.8433E-16
  5.7723E+01  4.4641E-01 -1.8764E-16
  5.7858E+01  4.4634E-01 -1.8588E-16
  5.7994E+01  4.4627E-01 -1.8583E-16
  5.8129E+01  4.4618E-01 -1.8571E-16
  5.8265E+01  4.4606E-01 -1.8431E-16
  5.8400E+01  4.4590E-01 -1.9224E-16
  5.8536E+01  4.4569E-01 -1.8063E-16
  5.8671E+01  4.4544E-01 -1.8774E-16
  5.8807E+01  4.4515E-01 -1.8411E-16
  5.8942E+01  4.4485E-01 -1.8565E-16
  5.9078E+01  4.4454E-01 -1.8038E-16
  5.9213E+01  4.4424E-01 -1.8548E-16
  5.9349E+01  4.4396E-01 -1.8707E-16
  5.9484E+01  4.4371E-01 -1.7632E-16
  5.9620E+01  4.4349E-01 -1.7222E-16
  5.9755E+01  4.4330E-01 -1.8904E-16
  5.9891E+01  4.4313E-01 -1.7640E-16
  6.0026E+01  4.4298E-01 -1.8481E-16
  6.0162E+01  4.4285E-01 -1.7925E-16
  6.0297E+01  4.4271E-01 -1.8473E-16
  6.0433E+01  4.4258E-01 -2.0608E-16
  6.0568E+01  4.4243E-01 -1.9598E-16
  6.0704E+01  4.4227E-01 -1.9986E-16
  6.0839E+01  4.4208E-01 -2.0797E-16
  6.0975E+01  4.4186E-01 -1.9014E-16
  6.1110E+01  4.4162E-01 -1.9971E-16
  6.1246E+01  4.4136E-01 -1.9630E-16
  6.1381E+01  4.4109E-01 -2.0194E-16
  6.1517E+01  4.4082E-01 -1.8740E-16
  6.1652E+01  4.4056E-01 -1.9291E-16
  6.1788E+01  4.4032E-01 -1.9934E-16
  6.1923E+01  4.4009E-01 -1.8294E-16
  6.2059E+01  4.3988E-01 -1.9553E-16
  6.2194E+01  4.3969E-01 -1.9516E-16
  6.2330E+01  4.3952E-01 -1.9632E-16
  6.2465E+01  4.3936E-01 -2.0477E-16
  6.2601E+01  4.3922E-01 -2.0450E-16
  6.2736E+01  4.3908E-01 -2.0481E-16
  6.2872E+01  4.3895E-01 -1.9832E-16
  6.3007E+01  4.3880E-01 -2.0299E-16
  6.3143E+01  4.3863E-01 -2.0443E-16
  6.3278E+01  4.3845E-01 -2.0290E-16
  6.3414E+01  4.3824E-01 -2.0855E-16
  6.3549E+01  4.3802E-01 -2.0084E-16
  6.3685E+01  4.3778E-01 -2.0304E-16
  6.3820E+01  4.3754E-01 -1.9517E-16
  6.3956E+01  4.3730E-01 -1.8089E-16
  6.4091E+01  4.3707E-01 -1.8921E-16
  6.4227E+01  4.3685E-01 -1.9446E-16
  6.4362E+01  4.3665E-01 -1.9994E-16
  6.4498E+01  4.3645E-01 -1.9071E-16
  6.4633E+01  4.3627E-01 -1.8597E-16
  6.4769E+01  4.3609E-01 -2.0231E-16
  6.4904E+01  4.3592E-01 -2.0467E-16
  6.5040E+01  4.3576E-01 -1.9262E-16
  6.5175E+01  4.3560E-01 -2.0677E-16
  6.5311E+01  4.3544E-01 -1.9881E-16
  6.5446E+01  4.3528E-01 -1.9175E-16
  6.5582E+01  4.3510E-01 -2.0117E-16
  6.5717E+01  4.3491E-01 -2.0628E-16
  6.5853E+01  4.3471E-01 -2.1049E-16
  6.5988E+01  4.3449E-01 -2.1257E-16
  6.6124E+01  4.3426E-01 -2.0171E-16
  6.6259E+01  4.3403E-01 -2.1024E-16
  6.6395E+01  4.3381E-01 -2.0597E-16
  6.6530E+01  4.3359E-01 -2.0488E-16
  6.6666E+01  4.3340E-01 -2.0696E-16
  6.6801E+01  4.3322E-01 -2.0789E-16
  6.6937E+01  4.3305E-01 -2.0622E-16
  6.7072E+01  4.3289E-01 -2.0296E-16
  6.7208E+01  4.3274E-01 -2.1312E-16
  6.7343E+01  4.3259E-01 -2.0639E-16
  6.7479E+01  4.3242E-01 -2.1099E-16
  6.7614E+01  4.3226E-01 -2.1579E-16
  6.7750E+01  4.3208E-01 -2.0318E-16
  6.7885E+01  4.3189E-01 -2.0753E-16
  6.8021E+01  4.3170E-01 -2.0928E-16
  6.8156E+01  4.3150E-01 -2.0069E-16
  6.8292E+01  4.3130E-01 -1.9993E-16
  6.8427E+01  4.3110E-01 -2.1147E-16
  6.8563E+01  4.3090E-01 -2.0975E-16
  6.8698E+01  4.3070E-01 -2.0581E-16
  6.8834E+01  4.3050E-01 -2.0728E-16
  6.8969E+01  4.3031E-01 -2.0450E-16
  6.9105E+01  4.3012E-01 -2.0378E-16
  6.9240E+01  4.2993E-01 -2.1543E-16
  6.9376E+01  4.2976E-01 -2.0577E-16
  6.9511E+01  4.2959E-01 -2.0766E-16
  6.9647E+01  4.2943E-01 -2.0304E-16
  6.9782E+01  4.2928E-01 -2.0900E-16
  6.9918E+01  4.2912E-01 -2.0792E-16
  7.0053E+01  4.2896E-01 -2.1274E-16
  7.0189E+01  4.2880E-01 -2.1500E-16
  7.0324E+01  4.2863E-01 -2.1816E-16
  7.0460E+01  4.2845E-01 -2.2356E-16
  7.0595E+01  4.2825E-01 -2.2534E-16
  7.0731E+01  4.2806E-01 -2.2934E-16
  7.0866E+01  4.2785E-01 -2.1732E-16
  7.1002E+01  4.2765E-01 -2.2085E-16
  7.1137E+01  4.2744E-01 -2.2197E-16
  7.1273E+01  4.2725E-01 -2.1992E-16
  7.1408E+01  4.2706E-01 -2.1639E-16
  7.1544E+01  4.2688E-01 -2.1597E-16
  7.1679E+01  4.2671E-01 -2.1741E-16
  7.1815E+01  4.2655E-01 -2.2316E-16
  7.1950E+01  4.2640E-01 -2.2010E-16
  7.2086E+01  4.2624E-01 -2.2619E-16
  7.2221E+01  4.2609E-01 -2.1892E-16
  7.2357E+01  4.2593E-01 -2.2535E-16
  7.2492E+01  4.2577E-01 -2.2101E-16
  7.2628E+01  4.2560E-01 -2.2197E-16
  7.2763E+01  4.2543E-01 -2.2335E-16
  7.2899E+01  4.2524E-01 -2.2479E-16
  7.3034E+01  4.2505E-01 -2.2545E-16
  7.3170E+01  4.2486E-01 -2.2708E-16
  7.3305E+01  4.2467E-01 -2.4007E-16
  7.3441E+01  4.2448E-01 -2.3265E-16
  7.3576E+01  4.2429E-01 -2.3902E-16
  7.3712E+01  4.2411E-01 -2.4367E-16
  7.3847E+01  4.2394E-01 -2.2989E-16
  7.3983E+01  4.2377E-01 -2.4225E-16
  7.4118E+01  4.2360E-01 -2.1490E-16
  7.4254E+01  4.2345E-01 -2.1291E-16
  7.4389E+01  4.2329E-01 -2.1962E-16
  7.4525E+01  4.2313E-01 -2.2203E-16
  7.4660E+01  4.2298E-01 -2.1569E-16
  7.4796E+01  4.2282E-01 -2.1975E-16
  7.4931E+01  4.2266E-01 -2.0986E-16
  7.5067E+01  4.2249E-01 -2.0431E-16
  7.5202E+01  4.2232E-01 -2.1359E-16
  7.5338E+01  4.2214E-01 -2.2630E-16
  7.5473E+01  4.2196E-01 -2.1882E-16
  7.5609E+01  4.2178E-01 -2.2622E-16
  7.5744E+01  4.2159E-01 -2.1514E-16
  7.5880E+01  4.2141E-01 -2.2930E-16
  7.6015E+01  4.2124E-01 -2.2786E-16
  7.6151E+01  4.2107E-01 -2.2488E-16
  7.6286E+01  4.2091E-01 -2.2818E-16
  7.6422E+01  4.2074E-01 -2.2595E-16
  7.6557E+01  4.2059E-01 -2.3604E-16
  7.6693E+01  4.2043E-01 -2.2458E-16
  7.6828E+01  4.2027E-01 -2.3590E-16
  7.6964E+01  4.2011E-01 -2.3058E-16
  7.7099E+01  4.1995E-01 -2.3740E-16
  7.7235E+01  4.1979E-01 -2.3917E-16
  7.7370E+01  4.1962E-01 -2.4374E-16
  7.7506E+01  4.1946E-01 -2.4123E-16
  7.7641E+01  4.1929E-01 -2.3388E-16
  7.7777E+01  4.1912E-01 -2.4346E-16
  7.7912E+01  4.1895E-01 -2.4657E-16
  7.8048E+01  4.1878E-01 -2.3421E-16
  7.8183E+01  4.1860E-01 -2.3728E-16
  7.8319E+01  4.1844E-01 -2.3849E-16
  7.8454E+01  4.1827E-01 -2.2815E-16
  7.8590E+01  4.1810E-01 -2.2994E-16
  7.8725E+01  4.1794E-01 -2.3192E-16
  7.8861E+01  4.1779E-01 -2.2176E-16
  7.8996E+01  4.1763E-01 -2.2824E-16
  7.9132E+01  4.1748E-01 -2.3447E-16
  7.9267E+01  4.1732E-01 -2.3510E-16
  7.9403E+01  4.1716E-01 -2.4287E-16
  7.9538E+01  4.1701E-01 -2.3802E-16
  7.9674E+01  4.1684E-01 -2.3840E-16
  7.9809E+01  4.1668E-01 -2.3269E-16
  7.9945E+01  4.1651E-01 -2.2482E-16
  8.0080E+01  4.1634E-01 -2.3702E-16
  8.0216E+01  4.1618E-01 -2.4355E-16
  8.0351E+01  4.1601E-01 -2.3900E-16
  8.0487E+01  4.1585E-01 -2.4203E-16
  8.0622E+01  4.1568E-01 -2.3877E-16
  8.0758E+01  4.1553E-01 -2.4459E-16
  8.0893E+01  4.1537E-01 -2.3763E-16
  8.1029E+01  4.1521E-01 -2.4457E-16
  8.1164E+01  4.1506E-01 -2.4068E-16
  8.1300E+01  4.1490E-01 -2.3856E-16
  8.1435E+01  4.1475E-01 -2.2860E-16
  8.1571E+01  4.1459E-01 -2.2202E-16
  8.1706E+01  4.1444E-01 -2.3070E-16
  8.1842E+01  4.1428E-01 -2.3224E-16
  8.1977E+01  4.1412E-01 -2.3868E-16
  8.2113E+01  4.1396E-01 -2.4275E-16
  8.2248E+01  4.1380E-01 -2.4392E-16
  8.2384E+01  4.1364E-01 -2.5121E-16
  8.2519E+01  4.1348E-01 -2.4861E-16
  8.2655E+01  4.1332E-01 -2.5000E-16
  8.2790E+01  4.1316E-01 -2.4805E-16
  8.2926E+01  4.1301E-01 -2.5614E-16
  8.3061E+01  4.1285E-01 -2.6166E-16
  8.3197E+01  4.1269E-01 -2.4485E-16
  8.3332E+01  4.1254E-01 -2.4477E-16
  8.3468E+01  4.1239E-01 -2.3784E-16
  8.3603E+01  4.1224E-01 -2.4185E-16
  8.3739E+01  4.1209E-01 -2.3274E-16
  8.3874E+01  4.1193E-01 -2.2787E-16
  8.4010E+01  4.1178E-01 -2.4374E-16
  8.4145E+01  4.1163E-01 -2.5147E-16
  8.4281E+01  4.1148E-01 -2.4799E-16
  8.4416E+01  4.1132E-01 -2.4107E-16
  8.4552E+01  4.1117E-01 -2.4545E-16
  8.4687E+01  4.1101E-01 -2.4682E-16
  8.4823E+01  4.1085E-01 -2.3847E-16
  8.4958E+01  4.1070E-01 -2.4279E-16
  8.5094E+01  4.1054E-01 -2.4228E-16
  8.5229E+01  4.1039E-01 -2.3584E-16
  8.5365E+01  4.1023E-01 -2.3709E-16
  8.5500E+01  4.1008E-01 -2.4154E-16
  8.5636E+01  4.0993E-01 -2.3039E-16
  8.5771E+01  4.0978E-01 -2.4340E-16
  8.5907E+01  4.0963E-01 -2.4208E-16
  8.6042E+01  4.0948E-01 -2.4326E-16
  8.6178E+01  4.0933E-01 -2.4793E-16
  8.6313E+01  4.0919E-01 -2.4178E-16
  8.6449E+01  4.0904E-01 -2.4945E-16
  8.6584E+01  4.0889E-01 -2.4412E-16
  8.6720E+01  4.0874E-01 -2.5271E-16
  8.6855E+01  4.0859E-01 -2.4508E-16
  8.6991E+01  4.0843E-01 -2.4995E-16
  8.7126E+01  4.0828E-01 -2.5575E-16
  8.7262E+01  4.0813E-01 -2.5586E-16
  8.7397E+01  4.0798E-01 -2.4981E-16
  8.7533E+01  4.0783E-01 -2.4902E-16
  8.7668E+01  4.0768E-01 -2.4199E-16
  8.7804E+01  4.0753E-01 -2.4527E-16
  8.7939E+01  4.0738E-01 -2.4598E-16
  8.8075E+01  4.0723E-01 -2.4821E-16
  8.8210E+01  4.0708E-01 -2.5140E-16
  8.8346E+01  4.0694E-01 -2.5131E-16
  8.8481E+01  4.0679E-01 -2.5308E-16
  8.8617E+01  4.0665E-01 -2.6247E-16
  8.8752E+01  4.0650E-01 -2.5910E-16
  8.8888E+01  4.0636E-01 -2.6753E-16
  8.9023E+01  4.0621E-01 -2.6120E-16
  8.9159E+01  4.0606E-01 -2.5842E-16
  8.9294E+01  4.0591E-01 -2.5279E-16
  8.9430E+01  4.0577E-01 -2.5411E-16
  8.9565E+01  4.0562E-01 -2.6062E-16
  8.9701E+01  4.0547E-01 -2.5253E-16
  8.9836E+01  4.0532E-01 -2.5603E-16
  8.9972E+01  4.0518E-01 -2.5705E-16
  9.0107E+01  4.0503E-01 -2.5472E-16
  9.0243E+01  4.0488E-01 -2.6489E-16
  9.0378E+01  4.0474E-01 -2.5894E-16
  9.0514E+01  4.0460E-01 -2.5482E-16
  9.0649E+01  4.0445E-01 -2.5943E-16
  9.0785E+01  4.0431E-01 -2.6363E-16
  9.0920E+01  4.0417E-01 -2.7080E-16
  9.1056E+01  4.0402E-01 -2.6512E-16
  9.1192E+01  4.0388E-01 -2.6694E-16
  9.1327E+01  4.0374E-01 -2.7149E-16
  9.1463E+01  4.0360E-01 -2.6363E-16
  9.1598E+01  4.0345E-01 -2.7142E-16
  9.1734E+01  4.0331E-01 -2.7711E-16
  9.1869E+01  4.0316E-01 -2.6249E-16
  9.2005E+01  4.0302E-01 -2.7337E-16
  9.2140E+01  4.0287E-01 -2.7211E-16
  9.2276E+01  4.0273E-01 -2.7211E-16
  9.2411E+01  4.0259E-01 -2.7828E-16
  9.2547E+01  4.0244E-01 -2.7746E-16
  9.2682E+01  4.0230E-01 -2.7131E-16
  9.2818E+01  4.0216E-01 -2.6999E-16
  9.2953E+01  4.0202E-01 -2.6212E-16
  9.3089E+01  4.0188E-01 -2.6381E-16
  9.3224E+01  4.0174E-01 -2.6425E-16
  9.3360E+01  4.0160E-01 -2.6688E-16
  9.3495E+01  4.0146E-01 -2.6865E-16
  9.3631E+01  4.0132E-01 -2.7030E-16
  9.3766E+01  4.0118E-01 -2.6208E-16
  9.3902E+01  4.0104E-01 -2.6527E-16
  9.4037E+01  4.0090E-01 -2.6287E-16
  9.4173E+01  4.0076E-01 -2.7173E-16
  9.4308E+01  4.0062E-01 -2.6865E-16
  9.4444E+01  4.0047E-01 -2.7128E-16
  9.4579E+01  4.0033E-01 -2.6804E-16
  9.4715E+01  4.0019E-01 -2.6958E-16
  9.4850E+01  4.0005E-01 -2.6980E-16
  9.4986E+01  3.9991E-01 -2.7354E-16
  9.5121E+01  3.9978E-01 -2.8501E-16
  9.5257E+01  3.9964E-01 -2.7775E-16
  9.5392E+01  3.9950E-01 -2.7885E-16
  9.5528E+01  3.9936E-01 -2.8282E-16
  9.5663E+01  3.9923E-01 -2.7944E-16
  9.5799E+01  3.9909E-01 -2.7955E-16
  9.5934E+01  3.9895E-01 -2.7457E-16
  9.6070E+01  3.9881E-01 -2.7709E-16
  9.6205E+01  3.9868E-01 -2.6682E-16
  9.6341E+01  3.9854E-01 -2.6414E-16
  9.6476E+01  3.9840E-01 -2.6692E-16
  9.6612E+01  3.9826E-01 -2.6197E-16
  9.6747E+01  3.9813E-01 -2.5943E-16
  9.6883E+01  3.9799E-01 -2.7905E-16
  9.7018E+01  3.9785E-01 -2.6718E-16
  9.7154E+01  3.9771E-01 -2.6402E-16
  9.7289E+01  3.9758E-01 -2.6698E-16
  9.7425E+01  3.9744E-01 -2.7155E-16
  9.7560E+01  3.9731E-01 -2.6624E-16
  9.7696E+01  3.9717E-01 -2.7917E-16
  9.7831E+01  3.9704E-01 -2.7308E-16
  9.7967E+01  3.9690E-01 -2.8066E-16
  9.8102E+01  3.9677E-01 -2.9080E-16
  9.8238E+01  3.9663E-01 -2.8545E-16
  9.8373E+01  3.9650E-01 -2.9199E-16
  9.8509E+01  3.9636E-01 -2.8549E-16
  9.8644E+01  3.9623E-01 -2.8933E-16
  9.8780E+01  3.9609E-01 -2.9040E-16
  9.8915E+01  3.9596E-01 -2.8798E-16
  9.9051E+01  3.9582E-01 -2.8878E-16
  9.9186E+01  3.9569E-01 -2.7725E-16
  9.9322E+01  3.9556E-01 -2.8685E-16
  9.9457E+01  3.9542E-01 -2.7924E-16
  9.9593E+01  3.9529E-01 -2.8899E-16
  9.9728E+01  3.9516E-01 -2.8075E-16
  9.9864E+01  3.9502E-01 -2.8467E-16
  9.9999E+01  3.9489E-01 -2.8097E-16
  1.0013E+02  3.9476E-01 -2.7486E-16
  1.0027E+02  3.9463E-01 -2.7468E-16
  1.0041E+02  3.9449E-01 -2.7369E-16
  1.0054E+02  3.9436E-01 -2.7158E-16
  1.0068E+02  3.9423E-01 -2.7828E-16
  1.0081E+02  3.9410E-01 -2.7994E-16
  1.0095E+02  3.9397E-01 -2.7984E-16
  1.0108E+02  3.9383E-01 -2.8578E-16
  1.0122E+02  3.9370E-01 -2.8448E-16
  1.0135E+02  3.9357E-01 -2.8447E-16
  1.0149E+02  3.9344E-01 -2.8590E-16
  1.0163E+02  3.9331E-01 -2.9336E-16
  1.0176E+02  3.9317E-01 -2.8219E-16
  1.0190E+02  3.9304E-01 -2.9036E-16
  1.0203E+02  3.9291E-01 -2.8737E-16
  1.0217E+02  3.9278E-01 -2.8440E-16
  1.0230E+02  3.9265E-01 -2.7989E-16
  1.0244E+02  3.9252E-01 -2.8127E-16
  1.0257E+02  3.9239E-01 -2.8257E-16
  1.0271E+02  3.9226E-01 -2.8724E-16
  1.0284E+02  3.9213E-01 -2.8723E-16
  1.0298E+02  3.9200E-01 -2.8559E-16
  1.0312E+02  3.9188E-01 -2.9011E-16
  1.0325E+02  3.9175E-01 -2.8905E-16
  1.0339E+02  3.9162E-01 -2.9445E-16
  1.0352E+02  3.9149E-01 -2.8986E-16
  1.0366E+02  3.9136E-01 -2.9492E-16
  1.0379E+02  3.9123E-01 -2.9680E-16
  1.0393E+02  3.9110E-01 -2.9318E-16
  1.0406E+02  3.9097E-01 -2.9324E-16
  1.0420E+02  3.9084E-01 -2.9332E-16
  1.0434E+02  3.9072E-01 -2.9224E-16
  1.0447E+02  3.9059E-01 -2.8494E-16
  1.0461E+02  3.9046E-01 -2.8750E-16
  1.0474E+02  3.9033E-01 -2.8303E-16
  1.0488E+02  3.9020E-01 -2.8391E-16
  1.0501E+02  3.9008E-01 -2.7669E-16
  1.0515E+02  3.8995E-01 -2.9204E-16
  1.0528E+02  3.8982E-01 -2.9551E-16
  1.0542E+02  3.8970E-01 -2.9244E-16
  1.0555E+02  3.8957E-01 -2.9172E-16
  1.0569E+02  3.8944E-01 -2.9739E-16
  1.0583E+02  3.8932E-01 -2.9014E-16
  1.0596E+02  3.8919E-01 -2.9503E-16
  1.0610E+02  3.8906E-01 -2.8377E-16
  1.0623E+02  3.8894E-01 -2.8551E-16
  1.0637E+02  3.8881E-01 -2.7969E-16
  1.0650E+02  3.8868E-01 -2.7646E-16
  1.0664E+02  3.8856E-01 -2.8144E-16
  1.0677E+02  3.8843E-01 -2.9021E-16
  1.0691E+02  3.8831E-01 -2.8468E-16
  1.0705E+02  3.8818E-01 -2.8865E-16
  1.0718E+02  3.8806E-01 -2.9178E-16
  1.0732E+02  3.8793E-01 -2.9879E-16
  1.0745E+02  3.8781E-01 -3.0859E-16
  1.0759E+02  3.8768E-01 -3.0584E-16
  1.0772E+02  3.8756E-01 -2.9538E-16
  1.0786E+02  3.8743E-01 -3.0114E-16
  1.0799E+02  3.8731E-01 -3.0774E-16
  1.0813E+02  3.8719E-01 -3.0030E-16
  1.0826E+02  3.8706E-01 -2.9982E-16
  1.0840E+02  3.8694E-01 -3.0765E-16
  1.0854E+02  3.8681E-01 -2.9674E-16
  1.0867E+02  3.8669E-01 -3.0270E-16
  1.0881E+02  3.8657E-01 -3.0626E-16
  1.0894E+02  3.8644E-01 -3.0345E-16
  1.0908E+02  3.8632E-01 -3.0131E-16
  1.0921E+02  3.8620E-01 -3.0008E-16
  1.0935E+02  3.8607E-01 -2.9641E-16
  1.0948E+02  3.8595E-01 -2.8992E-16
  1.0962E+02  3.8583E-01 -2.9982E-16
  1.0976E+02  3.8571E-01 -2.9517E-16
  1.0989E+02  3.8558E-01 -2.9514E-16
  1.1003E+02  3.8546E-01 -2.9667E-16
  1.1016E+02  3.8534E-01 -2.9977E-16
  1.1030E+02  3.8522E-01 -2.9675E-16
  1.1043E+02  3.8509E-01 -2.9832E-16
  1.1057E+02  3.8497E-01 -3.0871E-16
  1.1070E+02  3.8485E-01 -3.0248E-16
  1.1084E+02  3.8473E-01 -3.1074E-16
  1.1097E+02  3.8461E-01 -3.1223E-16
  1.1111E+02  3.8449E-01 -3.0890E-16
  1.1125E+02  3.8436E-01 -2.9841E-16
  1.1138E+02  3.8424E-01 -3.0314E-16
  1.1152E+02  3.8412E-01 -2.9777E-16
  1.1165E+02  3.8400E-01 -3.0233E-16
  1.1179E+02  3.8388E-01 -3.0660E-16
  1.1192E+02  3.8376E-01 -3.0252E-16
  1.1206E+02  3.8364E-01 -3.0770E-16
  1.1219E+02  3.8352E-01 -2.9976E-16
  1.1233E+02  3.8340E-01 -3.0152E-16
  1.1247E+02  3.8328E-01 -3.0270E-16
  1.1260E+02  3.8316E-01 -3.0410E-16
  1.1274E+02  3.8304E-01 -3.0406E-16
  1.1287E+02  3.8292E-01 -3.0921E-16
  1.1301E+02  3.8280E-01 -3.0458E-16
  1.1314E+02  3.8268E-01 -3.1383E-16
  1.1328E+02  3.8256E-01 -3.1628E-16
  1.1341E+02  3.8244E-01 -3.1795E-16
  1.1355E+02  3.8232E-01 -3.1498E-16
  1.1368E+02  3.8221E-01 -3.1041E-16
  1.1382E+02  3.8209E-01 -3.0491E-16
  1.1396E+02  3.8197E-01 -3.1076E-16
  1.1409E+02  3.8185E-01 -3.0256E-16
  1.1423E+02  3.8173E-01 -3.0139E-16
  1.1436E+02  3.8161E-01 -2.9805E-16
  1.1450E+02  3.8150E-01 -2.9843E-16
  1.1463E+02  3.8138E-01 -2.9974E-16
  1.1477E+02  3.8126E-01 -3.0152E-16
  1.1490E+02  3.8114E-01 -2.9688E-16
  1.1504E+02  3.8102E-01 -3.0456E-16
  1.1518E+02  3.8091E-01 -3.0174E-16
  1.1531E+02  3.8079E-01 -3.0283E-16
  1.1545E+02  3.8067E-01 -3.0746E-16
  1.1558E+02  3.8055E-01 -3.0191E-16
  1.1572E+02  3.8044E-01 -3.0796E-16
  1.1585E+02  3.8032E-01 -3.0755E-16
  1.1599E+02  3.8020E-01 -3.0606E-16
  1.1612E+02  3.8009E-01 -3.0944E-16
  1.1626E+02  3.7997E-01 -3.0897E-16
  1.1639E+02  3.7985E-01 -3.0298E-16
  1.1653E+02  3.7974E-01 -3.1204E-16
  1.1667E+02  3.7962E-01 -3.1385E-16
  1.1680E+02  3.7951E-01 -3.2422E-16
  1.1694E+02  3.7939E-01 -3.1869E-16
  1.1707E+02  3.7927E-01 -3.1642E-16
  1.1721E+02  3.7916E-01 -3.1173E-16
  1.1734E+02  3.7904E-01 -3.1659E-16
  1.1748E+02  3.7893E-01 -3.0448E-16
  1.1761E+02  3.7881E-01 -3.0016E-16
  1.1775E+02  3.7870E-01 -3.0290E-16
  1.1789E+02  3.7858E-01 -3.0581E-16
  1.1802E+02  3.7847E-01 -3.0604E-16
  1.1816E+02  3.7835E-01 -3.0754E-16
  1.1829E+02  3.7824E-01 -3.1077E-16
  1.1843E+02  3.7812E-01 -3.1102E-16
  1.1856E+02  3.7801E-01 -3.1834E-16
  1.1870E+02  3.7789E-01 -3.0787E-16
  1.1883E+02  3.7778E-01 -3.1423E-16
  1.1897E+02  3.7766E-01 -3.2220E-16
  1.1910E+02  3.7755E-01 -3.2800E-16
  1.1924E+02  3.7744E-01 -3.3191E-16
  1.1938E+02  3.7732E-01 -3.2786E-16
  1.1951E+02  3.7721E-01 -3.1985E-16
  1.1965E+02  3.7710E-01 -3.1514E-16
  1.1978E+02  3.7698E-01 -3.2411E-16
  1.1992E+02  3.7687E-01 -3.1473E-16
  1.2005E+02  3.7676E-01 -3.1190E-16
  1.2019E+02  3.7664E-01 -3.2010E-16
  1.2032E+02  3.7653E-01 -3.1832E-16
  1.2046E+02  3.7642E-01 -3.1382E-16
  1.2060E+02  3.7630E-01 -3.0421E-16
  1.2073E+02  3.7619E-01 -3.1545E-16
  1.2087E+02  3.7608E-01 -3.1507E-16
  1.2100E+02  3.7597E-01 -3.1538E-16
  1.2114E+02  3.7585E-01 -3.2196E-16
  1.2127E+02  3.7574E-01 -3.0917E-16
  1.2141E+02  3.7563E-01 -3.2804E-16
  1.2154E+02  3.7552E-01 -3.2913E-16
  1.2168E+02  3.7540E-01 -3.2476E-16
  1.2181E+02  3.7529E-01 -3.3394E-16
  1.2195E+02  3.7518E-01 -3.3692E-16
  1.2209E+02  3.7507E-01 -3.2992E-16
  1.2222E+02  3.7496E-01 -3.1696E-16
  1.2236E+02  3.7485E-01 -3.2138E-16
  1.2249E+02  3.7474E-01 -3.1411E-16
  1.2263E+02  3.7462E-01 -3.1878E-16
  1.2276E+02  3.7451E-01 -3.1241E-16
  1.2290E+02  3.7440E-01 -3.1561E-16
  1.2303E+02  3.7429E-01 -3.1708E-16
  1.2317E+02  3.7418E-01 -3.2154E-16
  1.2331E+02  3.7407E-01 -3.1804E-16
  1.2344E+02  3.7396E-01 -3.2471E-16
  1.2358E+02  3.7385E-01 -3.2594E-16
  1.2371E+02  3.7374E-01 -3.1710E-16
  1.2385E+02  3.7363E-01 -3.2648E-16
  1.2398E+02  3.7352E-01 -3.2614E-16
  1.2412E+02  3.7341E-01 -3.2355E-16
  1.2425E+02  3.7330E-01 -3.2634E-16
  1.2439E+02  3.7319E-01 -3.2641E-16
  1.2452E+02  3.7308E-01 -3.2799E-16
  1.2466E+02  3.7297E-01 -3.2984E-16
  1.2480E+02  3.7286E-01 -3.3266E-16
  1.2493E+02  3.7275E-01 -3.3384E-16
  1.2500E+02  3.7270E-01 -3.3256E-16
