# CREATED BY GENE DIAGNOSTICS TOOL on Mon Jan 28 13:44:27 2019
# diag: gamdiag, run(s): 0015, time window: 0-125(898 steps), species: ions
# original data path: /marconi_work/FUA23_ESTRELLA/S-a/q0-1.1/GAM/scan_Lx_R4/
# normalization: R_0
#
# xind= 0, x/a= Infinity, q= 1.1
# Fit:    0.1416111,0.68492224,2.4829673
# Analytic (Gao, Zhou/Yu): 0.13700645,0.13011902,0.91128432
#  t          Re[phi]     Im[phi]   
  0.0000E+00  3.9999E+00  0.0000E+00
  1.3950E-01  3.8127E+00 -2.1610E-16
  2.7900E-01  3.2909E+00  2.8251E-16
  4.1850E-01  2.5393E+00 -4.5004E-16
  5.5800E-01  1.6938E+00 -1.4869E-17
  6.9750E-01  8.8588E-01 -3.8660E-17
  8.3700E-01  2.1784E-01  1.7248E-16
  9.7650E-01 -2.4874E-01 -1.8487E-16
  1.1160E+00 -4.9266E-01  9.0453E-17
  1.2555E+00 -5.2579E-01  1.0932E-16
  1.3950E+00 -3.8272E-01  1.5489E-17
  1.5345E+00 -1.1095E-01  3.1597E-17
  1.6740E+00  2.3660E-01  1.0582E-16
  1.8135E+00  6.0686E-01  5.5449E-17
  1.9530E+00  9.5089E-01  5.2003E-17
  2.0925E+00  1.2278E+00  3.2092E-17
  2.2320E+00  1.4082E+00  1.0904E-17
  2.3715E+00  1.4772E+00 -4.2501E-17
  2.5110E+00  1.4346E+00 -4.8324E-17
  2.6505E+00  1.2948E+00 -8.6736E-18
  2.7900E+00  1.0837E+00  0.0000E+00
  2.9295E+00  8.3461E-01 -1.7843E-17
  3.0690E+00  5.8322E-01 -1.3630E-17
  3.2085E+00  3.6278E-01  1.1251E-16
  3.3480E+00  1.9951E-01  8.1780E-18
  3.4875E+00  1.0959E-01 -5.2661E-18
  3.6270E+00  9.7705E-02 -4.7039E-17
  3.7665E+00  1.5741E-01 -6.1405E-17
  3.9060E+00  2.7306E-01 -1.1926E-16
  4.0455E+00  4.2285E-01 -1.2025E-16
  4.1850E+00  5.8244E-01 -1.1867E-16
  4.3245E+00  7.2857E-01 -1.5280E-16
  4.4640E+00  8.4215E-01 -1.0309E-16
  4.6035E+00  9.1047E-01 -2.3357E-17
  4.7430E+00  9.2833E-01  1.6728E-17
  4.8825E+00  8.9799E-01  3.2588E-17
  5.0220E+00  8.2811E-01  1.1722E-16
  5.1615E+00  7.3195E-01  1.2168E-16
  5.3010E+00  6.2513E-01  1.1957E-16
  5.4405E+00  5.2312E-01  1.2354E-16
  5.5800E+00  4.3910E-01 -2.6578E-17
  5.7195E+00  3.8248E-01  1.8586E-19
  5.8590E+00  3.5813E-01 -2.8174E-17
  5.9985E+00  3.6637E-01 -3.7208E-17
  6.1380E+00  4.0301E-01 -1.1136E-17
  6.2775E+00  4.5992E-01 -2.6733E-17
  6.4170E+00  5.2655E-01  6.0560E-18
  6.5565E+00  5.9241E-01  1.6791E-17
  6.6960E+00  6.4915E-01  2.8933E-17
  6.8355E+00  6.9095E-01  1.1647E-17
  6.9750E+00  7.1384E-01 -2.8313E-17
  7.1145E+00  7.1547E-01 -2.9800E-17
  7.2540E+00  6.9619E-01 -7.4345E-17
  7.3935E+00  6.5998E-01 -8.7449E-17
  7.5330E+00  6.1399E-01 -6.3224E-17
  7.6725E+00  5.6656E-01 -6.2388E-17
  7.8120E+00  5.2508E-01 -1.2019E-16
  7.9515E+00  4.9459E-01 -1.5216E-16
  8.0910E+00  4.7755E-01 -1.5346E-16
  8.2305E+00  4.7415E-01 -2.1030E-16
  8.3700E+00  4.8282E-01 -2.1291E-16
  8.5095E+00  5.0091E-01 -2.6928E-16
  8.6490E+00  5.2533E-01 -2.4309E-16
  8.7885E+00  5.5296E-01 -2.0302E-16
  8.9280E+00  5.8050E-01 -1.4214E-16
  9.0675E+00  6.0423E-01 -8.9818E-17
  9.2070E+00  6.1995E-01 -4.5598E-17
  9.3465E+00  6.2381E-01  1.5969E-17
  9.4860E+00  6.1401E-01  9.2064E-17
  9.6255E+00  5.9241E-01  1.5399E-16
  9.7650E+00  5.6502E-01  2.1060E-16
  9.9045E+00  5.4041E-01  2.2028E-16
  1.0044E+01  5.2645E-01  2.1004E-16
  1.0184E+01  5.2675E-01  1.6150E-16
  1.0323E+01  5.3873E-01  9.0988E-17
  1.0463E+01  5.5438E-01  1.9702E-17
  1.0602E+01  5.6384E-01 -2.9552E-17
  1.0742E+01  5.5990E-01 -1.0582E-16
  1.0881E+01  5.4133E-01 -1.3605E-16
  1.1021E+01  5.1362E-01 -1.7954E-16
  1.1160E+01  4.8679E-01 -1.5451E-16
  1.1300E+01  4.7140E-01 -1.5867E-16
  1.1439E+01  4.7443E-01 -1.3354E-16
  1.1579E+01  4.9666E-01 -5.5883E-17
  1.1718E+01  5.3261E-01 -6.1707E-17
  1.1858E+01  5.7256E-01 -1.5365E-17
  1.1997E+01  6.0585E-01 -1.2639E-17
  1.2137E+01  6.2392E-01  1.0470E-17
  1.2276E+01  6.2252E-01  3.6723E-17
  1.2416E+01  6.0243E-01  2.7446E-17
  1.2555E+01  5.6886E-01 -2.2675E-17
  1.2695E+01  5.2953E-01 -3.1721E-17
  1.2834E+01  4.9253E-01 -8.8967E-17
  1.2974E+01  4.6453E-01 -1.1759E-16
  1.3113E+01  4.4985E-01 -1.0433E-16
  1.3253E+01  4.4992E-01 -1.3221E-16
  1.3392E+01  4.6332E-01 -1.4624E-16
  1.3532E+01  4.8623E-01 -1.2844E-16
  1.3671E+01  5.1366E-01 -1.2856E-16
  1.3811E+01  5.4073E-01 -1.2028E-16
  1.3950E+01  5.6352E-01 -1.2368E-16
  1.4090E+01  5.7935E-01 -1.0434E-16
  1.4229E+01  5.8661E-01 -7.2502E-17
  1.4369E+01  5.8481E-01 -6.9668E-17
  1.4508E+01  5.7475E-01 -6.2853E-17
  1.4648E+01  5.5852E-01 -1.6542E-17
  1.4787E+01  5.3911E-01 -7.2796E-17
  1.4927E+01  5.1981E-01 -2.8685E-17
  1.5066E+01  5.0345E-01 -3.1039E-17
  1.5206E+01  4.9202E-01 -4.2749E-17
  1.5345E+01  4.8650E-01 -7.4345E-19
  1.5485E+01  4.8697E-01  2.1560E-17
  1.5624E+01  4.9275E-01  2.7570E-18
  1.5764E+01  5.0258E-01  1.3413E-17
  1.5903E+01  5.1474E-01 -7.2041E-18
  1.6043E+01  5.2724E-01 -1.4420E-17
  1.6182E+01  5.3806E-01 -6.5603E-17
  1.6322E+01  5.4544E-01 -7.7598E-17
  1.6461E+01  5.4816E-01 -1.2143E-16
  1.6601E+01  5.4579E-01 -1.1344E-16
  1.6740E+01  5.3875E-01 -1.2983E-16
  1.6880E+01  5.2820E-01 -1.4225E-16
  1.7019E+01  5.1575E-01 -1.1090E-16
  1.7159E+01  5.0322E-01 -1.0724E-16
  1.7298E+01  4.9233E-01 -7.4345E-17
  1.7438E+01  4.8452E-01 -8.9617E-17
  1.7577E+01  4.8070E-01 -7.6607E-17
  1.7717E+01  4.8116E-01 -9.4573E-17
  1.7856E+01  4.8538E-01 -8.8502E-17
  1.7996E+01  4.9217E-01 -1.0229E-16
  1.8135E+01  4.9987E-01 -8.9803E-17
  1.8275E+01  5.0681E-01 -1.1748E-16
  1.8414E+01  5.1168E-01 -1.0649E-16
  1.8554E+01  5.1371E-01 -1.1121E-16
  1.8693E+01  5.1264E-01 -8.7681E-17
  1.8833E+01  5.0864E-01 -8.4181E-17
  1.8972E+01  5.0225E-01 -7.2007E-17
  1.9112E+01  4.9450E-01 -6.4324E-17
  1.9251E+01  4.8686E-01 -3.9062E-17
  1.9391E+01  4.8118E-01 -5.9600E-17
  1.9530E+01  4.7942E-01 -5.7076E-17
  1.9670E+01  4.8297E-01 -6.8150E-17
  1.9809E+01  4.9210E-01 -5.7680E-17
  1.9949E+01  5.0552E-01 -6.6136E-17
  2.0088E+01  5.2072E-01 -7.4144E-17
  2.0228E+01  5.3473E-01 -7.1666E-17
  2.0367E+01  5.4505E-01 -9.4016E-17
  2.0507E+01  5.5016E-01 -8.5745E-17
  2.0646E+01  5.4952E-01 -1.0579E-16
  2.0786E+01  5.4323E-01 -1.0470E-16
  2.0925E+01  5.3165E-01 -1.1827E-16
  2.1065E+01  5.1522E-01 -1.0681E-16
  2.1204E+01  4.9457E-01 -1.0297E-16
  2.1344E+01  4.7083E-01 -1.2137E-16
  2.1483E+01  4.4595E-01 -1.0923E-16
  2.1623E+01  4.2289E-01 -8.8719E-17
  2.1762E+01  4.0532E-01 -8.9090E-17
  2.1902E+01  3.9686E-01 -7.2270E-17
  2.2041E+01  4.0006E-01 -7.7853E-17
  2.2181E+01  4.1551E-01 -5.3436E-17
  2.2320E+01  4.4139E-01 -9.6959E-17
  2.2460E+01  4.7370E-01 -7.9240E-17
  2.2599E+01  5.0713E-01 -9.2723E-17
  2.2739E+01  5.3624E-01 -1.0491E-16
  2.2878E+01  5.5661E-01 -1.0963E-16
  2.3018E+01  5.6563E-01 -1.2465E-16
  2.3157E+01  5.6288E-01 -1.2094E-16
  2.3297E+01  5.4991E-01 -9.8384E-17
  2.3436E+01  5.2970E-01 -1.1994E-16
  2.3575E+01  5.0596E-01 -1.1740E-16
  2.3715E+01  4.8243E-01 -9.0453E-17
  2.3854E+01  4.6226E-01 -8.8285E-17
  2.3994E+01  4.4769E-01 -7.5368E-17
  2.4133E+01  4.3988E-01 -6.5029E-17
  2.4273E+01  4.3893E-01 -6.8501E-17
  2.4412E+01  4.4412E-01 -5.5480E-17
  2.4552E+01  4.5406E-01 -6.9857E-17
  2.4691E+01  4.6703E-01 -7.9619E-17
  2.4831E+01  4.8117E-01 -8.4382E-17
  2.4970E+01  4.9468E-01 -8.8719E-17
  2.5110E+01  5.0598E-01 -9.3892E-17
  2.5249E+01  5.1384E-01 -1.0446E-16
  2.5389E+01  5.1749E-01 -1.2044E-16
  2.5528E+01  5.1673E-01 -1.2348E-16
  2.5668E+01  5.1188E-01 -1.0755E-16
  2.5807E+01  5.0371E-01 -9.9251E-17
  2.5947E+01  4.9336E-01 -1.0480E-16
  2.6086E+01  4.8217E-01 -8.6395E-17
  2.6226E+01  4.7159E-01 -9.7114E-17
  2.6365E+01  4.6288E-01 -8.2183E-17
  2.6505E+01  4.5700E-01 -7.3075E-17
  2.6644E+01  4.5448E-01 -8.6086E-17
  2.6784E+01  4.5537E-01 -8.3669E-17
  2.6923E+01  4.5929E-01 -9.4326E-17
  2.7063E+01  4.6550E-01 -9.3737E-17
  2.7202E+01  4.7299E-01 -1.0710E-16
  2.7342E+01  4.8064E-01 -1.1465E-16
  2.7481E+01  4.8741E-01 -1.1531E-16
  2.7621E+01  4.9241E-01 -1.1335E-16
  2.7760E+01  4.9503E-01 -1.2056E-16
  2.7900E+01  4.9500E-01 -1.0647E-16
  2.8039E+01  4.9244E-01 -1.0133E-16
  2.8179E+01  4.8782E-01 -1.1257E-16
  2.8318E+01  4.8190E-01 -1.0625E-16
  2.8458E+01  4.7552E-01 -1.2475E-16
  2.8597E+01  4.6948E-01 -1.1260E-16
  2.8737E+01  4.6439E-01 -1.0292E-16
  2.8876E+01  4.6073E-01 -1.1397E-16
  2.9016E+01  4.5879E-01 -1.2509E-16
  2.9155E+01  4.5873E-01 -1.3286E-16
  2.9295E+01  4.6050E-01 -1.1802E-16
  2.9434E+01  4.6378E-01 -1.3639E-16
  2.9574E+01  4.6796E-01 -1.3978E-16
  2.9713E+01  4.7229E-01 -1.2668E-16
  2.9853E+01  4.7601E-01 -1.2701E-16
  2.9992E+01  4.7857E-01 -1.1316E-16
  3.0132E+01  4.7973E-01 -1.2132E-16
  3.0271E+01  4.7952E-01 -1.2264E-16
  3.0411E+01  4.7815E-01 -1.1807E-16
  3.0550E+01  4.7585E-01 -1.1398E-16
  3.0690E+01  4.7285E-01 -1.2386E-16
  3.0829E+01  4.6934E-01 -1.1884E-16
  3.0969E+01  4.6557E-01 -1.1372E-16
  3.1108E+01  4.6195E-01 -1.0185E-16
  3.1248E+01  4.5898E-01 -1.2444E-16
  3.1387E+01  4.5718E-01 -1.1397E-16
  3.1527E+01  4.5690E-01 -1.0988E-16
  3.1666E+01  4.5821E-01 -1.2321E-16
  3.1806E+01  4.6079E-01 -1.2913E-16
  3.1945E+01  4.6406E-01 -1.2640E-16
  3.2085E+01  4.6730E-01 -1.3853E-16
  3.2224E+01  4.6986E-01 -1.3794E-16
  3.2364E+01  4.7135E-01 -1.3093E-16
  3.2503E+01  4.7166E-01 -1.2555E-16
  3.2643E+01  4.7097E-01 -1.2787E-16
  3.2782E+01  4.6959E-01 -1.1333E-16
  3.2922E+01  4.6783E-01 -1.2075E-16
  3.3061E+01  4.6591E-01 -1.1373E-16
  3.3201E+01  4.6391E-01 -1.2414E-16
  3.3340E+01  4.6184E-01 -1.2840E-16
  3.3480E+01  4.5972E-01 -1.3221E-16
  3.3619E+01  4.5762E-01 -1.3264E-16
  3.3759E+01  4.5576E-01 -1.2292E-16
  3.3898E+01  4.5441E-01 -1.3314E-16
  3.4038E+01  4.5390E-01 -1.2504E-16
  3.4177E+01  4.5444E-01 -1.3820E-16
  3.4317E+01  4.5607E-01 -1.3587E-16
  3.4456E+01  4.5857E-01 -1.4009E-16
  3.4596E+01  4.6150E-01 -1.3774E-16
  3.4735E+01  4.6429E-01 -1.3474E-16
  3.4875E+01  4.6635E-01 -1.4359E-16
  3.5014E+01  4.6723E-01 -1.3063E-16
  3.5154E+01  4.6668E-01 -1.2200E-16
  3.5293E+01  4.6473E-01 -1.3218E-16
  3.5433E+01  4.6167E-01 -1.3224E-16
  3.5572E+01  4.5798E-01 -1.2657E-16
  3.5712E+01  4.5426E-01 -1.2620E-16
  3.5851E+01  4.5105E-01 -1.4054E-16
  3.5991E+01  4.4880E-01 -1.4048E-16
  3.6130E+01  4.4776E-01 -1.3294E-16
  3.6270E+01  4.4794E-01 -1.4688E-16
  3.6409E+01  4.4920E-01 -1.4172E-16
  3.6549E+01  4.5120E-01 -1.4263E-16
  3.6688E+01  4.5356E-01 -1.3658E-16
  3.6828E+01  4.5584E-01 -1.3692E-16
  3.6967E+01  4.5768E-01 -1.4033E-16
  3.7107E+01  4.5881E-01 -1.4009E-16
  3.7246E+01  4.5906E-01 -1.4045E-16
  3.7386E+01  4.5842E-01 -1.3681E-16
  3.7525E+01  4.5700E-01 -1.3687E-16
  3.7665E+01  4.5501E-01 -1.3929E-16
  3.7804E+01  4.5274E-01 -1.5100E-16
  3.7944E+01  4.5049E-01 -1.2950E-16
  3.8083E+01  4.4854E-01 -1.3965E-16
  3.8223E+01  4.4709E-01 -1.4369E-16
  3.8362E+01  4.4626E-01 -1.4465E-16
  3.8502E+01  4.4609E-01 -1.3466E-16
  3.8641E+01  4.4653E-01 -1.3850E-16
  3.8781E+01  4.4749E-01 -1.2890E-16
  3.8920E+01  4.4879E-01 -1.4781E-16
  3.9060E+01  4.5023E-01 -1.5315E-16
  3.9199E+01  4.5156E-01 -1.5341E-16
  3.9339E+01  4.5257E-01 -1.5132E-16
  3.9478E+01  4.5307E-01 -1.4228E-16
  3.9618E+01  4.5297E-01 -1.4412E-16
  3.9757E+01  4.5230E-01 -1.4443E-16
  3.9897E+01  4.5116E-01 -1.4401E-16
  4.0036E+01  4.4974E-01 -1.5142E-16
  4.0176E+01  4.4821E-01 -1.5431E-16
  4.0315E+01  4.4672E-01 -1.3590E-16
  4.0455E+01  4.4541E-01 -1.2498E-16
  4.0594E+01  4.4439E-01 -1.4090E-16
  4.0734E+01  4.4371E-01 -1.4377E-16
  4.0873E+01  4.4343E-01 -1.4844E-16
  4.1013E+01  4.4354E-01 -1.5148E-16
  4.1152E+01  4.4396E-01 -1.5451E-16
  4.1292E+01  4.4458E-01 -1.4925E-16
  4.1431E+01  4.4521E-01 -1.4964E-16
  4.1571E+01  4.4566E-01 -1.4900E-16
  4.1710E+01  4.4580E-01 -1.5973E-16
  4.1850E+01  4.4553E-01 -1.5736E-16
  4.1989E+01  4.4490E-01 -1.5915E-16
  4.2129E+01  4.4400E-01 -1.6644E-16
  4.2268E+01  4.4299E-01 -1.5857E-16
  4.2408E+01  4.4201E-01 -1.5730E-16
  4.2547E+01  4.4119E-01 -1.4189E-16
  4.2687E+01  4.4058E-01 -1.4863E-16
  4.2826E+01  4.4023E-01 -1.4183E-16
  4.2966E+01  4.4012E-01 -1.3859E-16
  4.3105E+01  4.4023E-01 -1.3952E-16
  4.3245E+01  4.4054E-01 -1.4215E-16
  4.3384E+01  4.4101E-01 -1.3639E-16
  4.3524E+01  4.4157E-01 -1.5111E-16
  4.3663E+01  4.4212E-01 -1.4243E-16
  4.3803E+01  4.4256E-01 -1.5159E-16
  4.3942E+01  4.4275E-01 -1.5685E-16
  4.4082E+01  4.4258E-01 -1.4900E-16
  4.4221E+01  4.4198E-01 -1.5568E-16
  4.4361E+01  4.4098E-01 -1.5888E-16
  4.4500E+01  4.3966E-01 -1.4407E-16
  4.4640E+01  4.3820E-01 -1.4313E-16
  4.4779E+01  4.3681E-01 -1.3229E-16
  4.4919E+01  4.3568E-01 -1.3980E-16
  4.5058E+01  4.3497E-01 -1.4144E-16
  4.5198E+01  4.3473E-01 -1.4246E-16
  4.5337E+01  4.3494E-01 -1.5140E-16
  4.5477E+01  4.3549E-01 -1.5077E-16
  4.5616E+01  4.3623E-01 -1.4960E-16
  4.5756E+01  4.3696E-01 -1.5710E-16
  4.5895E+01  4.3755E-01 -1.7751E-16
  4.6035E+01  4.3787E-01 -1.6897E-16
  4.6174E+01  4.3787E-01 -1.6895E-16
  4.6314E+01  4.3755E-01 -1.7617E-16
  4.6453E+01  4.3696E-01 -1.6844E-16
  4.6593E+01  4.3617E-01 -1.6808E-16
  4.6732E+01  4.3528E-01 -1.5524E-16
  4.6872E+01  4.3438E-01 -1.4542E-16
  4.7011E+01  4.3354E-01 -1.4810E-16
  4.7151E+01  4.3282E-01 -1.5301E-16
  4.7290E+01  4.3226E-01 -1.4700E-16
  4.7430E+01  4.3188E-01 -1.4759E-16
  4.7569E+01  4.3168E-01 -1.6505E-16
  4.7709E+01  4.3165E-01 -1.6382E-16
  4.7848E+01  4.3176E-01 -1.6776E-16
  4.7988E+01  4.3195E-01 -1.6997E-16
  4.8127E+01  4.3219E-01 -1.5509E-16
  4.8267E+01  4.3240E-01 -1.6325E-16
  4.8406E+01  4.3254E-01 -1.6825E-16
  4.8546E+01  4.3257E-01 -1.8201E-16
  4.8685E+01  4.3246E-01 -1.7767E-16
  4.8825E+01  4.3219E-01 -1.5922E-16
  4.8964E+01  4.3176E-01 -1.6296E-16
  4.9104E+01  4.3119E-01 -1.7183E-16
  4.9243E+01  4.3053E-01 -1.5928E-16
  4.9383E+01  4.2984E-01 -1.5956E-16
  4.9522E+01  4.2918E-01 -1.5515E-16
  4.9662E+01  4.2861E-01 -1.5208E-16
  4.9801E+01  4.2817E-01 -1.6055E-16
  4.9941E+01  4.2789E-01 -1.6271E-16
  5.0080E+01  4.2774E-01 -1.6433E-16
  5.0220E+01  4.2772E-01 -1.7388E-16
  5.0359E+01  4.2779E-01 -1.8352E-16
  5.0499E+01  4.2790E-01 -1.7581E-16
  5.0638E+01  4.2802E-01 -1.8363E-16
  5.0778E+01  4.2810E-01 -1.7807E-16
  5.0917E+01  4.2810E-01 -1.7431E-16
  5.1057E+01  4.2800E-01 -1.9084E-16
  5.1196E+01  4.2776E-01 -1.9118E-16
  5.1336E+01  4.2740E-01 -1.8582E-16
  5.1475E+01  4.2692E-01 -1.7995E-16
  5.1615E+01  4.2637E-01 -1.8549E-16
  5.1754E+01  4.2581E-01 -1.8244E-16
  5.1894E+01  4.2527E-01 -1.7621E-16
  5.2033E+01  4.2481E-01 -1.6475E-16
  5.2173E+01  4.2445E-01 -1.6361E-16
  5.2312E+01  4.2419E-01 -1.7191E-16
  5.2452E+01  4.2403E-01 -1.7993E-16
  5.2591E+01  4.2395E-01 -1.6294E-16
  5.2731E+01  4.2393E-01 -1.7975E-16
  5.2870E+01  4.2394E-01 -1.7611E-16
  5.3010E+01  4.2397E-01 -1.7744E-16
  5.3149E+01  4.2398E-01 -1.9262E-16
  5.3289E+01  4.2394E-01 -1.8410E-16
  5.3428E+01  4.2382E-01 -1.8215E-16
  5.3568E+01  4.2359E-01 -1.8157E-16
  5.3707E+01  4.2325E-01 -1.8399E-16
  5.3847E+01  4.2281E-01 -1.8201E-16
  5.3986E+01  4.2231E-01 -1.8112E-16
  5.4126E+01  4.2179E-01 -1.7401E-16
  5.4265E+01  4.2131E-01 -1.7011E-16
  5.4405E+01  4.2091E-01 -1.8520E-16
  5.4544E+01  4.2061E-01 -1.8337E-16
  5.4684E+01  4.2042E-01 -1.8527E-16
  5.4823E+01  4.2032E-01 -1.8114E-16
  5.4963E+01  4.2029E-01 -1.8771E-16
  5.5102E+01  4.2028E-01 -2.0459E-16
  5.5242E+01  4.2026E-01 -1.8569E-16
  5.5381E+01  4.2022E-01 -1.8405E-16
  5.5521E+01  4.2013E-01 -1.8321E-16
  5.5660E+01  4.1998E-01 -1.6488E-16
  5.5800E+01  4.1978E-01 -1.7417E-16
  5.5939E+01  4.1951E-01 -1.7426E-16
  5.6079E+01  4.1920E-01 -1.7624E-16
  5.6218E+01  4.1883E-01 -1.7248E-16
  5.6358E+01  4.1844E-01 -1.7055E-16
  5.6497E+01  4.1803E-01 -1.7677E-16
  5.6637E+01  4.1763E-01 -1.8417E-16
  5.6776E+01  4.1726E-01 -1.7948E-16
  5.6916E+01  4.1696E-01 -2.0234E-16
  5.7055E+01  4.1673E-01 -2.0425E-16
  5.7195E+01  4.1658E-01 -2.1940E-16
  5.7334E+01  4.1652E-01 -2.0433E-16
  5.7474E+01  4.1651E-01 -1.9714E-16
  5.7613E+01  4.1652E-01 -1.9929E-16
  5.7753E+01  4.1652E-01 -1.9118E-16
  5.7892E+01  4.1647E-01 -1.7945E-16
  5.8032E+01  4.1634E-01 -1.8204E-16
  5.8171E+01  4.1613E-01 -1.8176E-16
  5.8311E+01  4.1583E-01 -1.9059E-16
  5.8450E+01  4.1547E-01 -1.8219E-16
  5.8590E+01  4.1506E-01 -1.8758E-16
  5.8729E+01  4.1465E-01 -1.8427E-16
  5.8869E+01  4.1425E-01 -1.8466E-16
  5.9008E+01  4.1391E-01 -1.8772E-16
  5.9148E+01  4.1363E-01 -1.8557E-16
  5.9287E+01  4.1342E-01 -2.1161E-16
  5.9427E+01  4.1329E-01 -1.9686E-16
  5.9566E+01  4.1321E-01 -1.9940E-16
  5.9706E+01  4.1316E-01 -2.0064E-16
  5.9845E+01  4.1312E-01 -1.9830E-16
  5.9985E+01  4.1306E-01 -1.9257E-16
  6.0124E+01  4.1296E-01 -1.8905E-16
  6.0264E+01  4.1282E-01 -1.8768E-16
  6.0403E+01  4.1262E-01 -1.8729E-16
  6.0543E+01  4.1237E-01 -1.9125E-16
  6.0682E+01  4.1208E-01 -2.0456E-16
  6.0822E+01  4.1175E-01 -1.9540E-16
  6.0961E+01  4.1141E-01 -1.9189E-16
  6.1101E+01  4.1108E-01 -2.1003E-16
  6.1240E+01  4.1077E-01 -2.0792E-16
  6.1380E+01  4.1049E-01 -2.1202E-16
  6.1519E+01  4.1026E-01 -1.9530E-16
  6.1659E+01  4.1007E-01 -2.0428E-16
  6.1798E+01  4.0993E-01 -1.9643E-16
  6.1938E+01  4.0981E-01 -1.9640E-16
  6.2077E+01  4.0972E-01 -2.0908E-16
  6.2217E+01  4.0962E-01 -1.9835E-16
  6.2356E+01  4.0951E-01 -1.9712E-16
  6.2496E+01  4.0938E-01 -1.8970E-16
  6.2635E+01  4.0923E-01 -1.8029E-16
  6.2775E+01  4.0904E-01 -1.8878E-16
  6.2914E+01  4.0882E-01 -1.9040E-16
  6.3054E+01  4.0857E-01 -1.8967E-16
  6.3193E+01  4.0830E-01 -1.9255E-16
  6.3333E+01  4.0802E-01 -1.9308E-16
  6.3472E+01  4.0774E-01 -1.9844E-16
  6.3612E+01  4.0748E-01 -2.0665E-16
  6.3751E+01  4.0724E-01 -1.9156E-16
  6.3891E+01  4.0703E-01 -2.0086E-16
  6.4030E+01  4.0685E-01 -2.0580E-16
  6.4170E+01  4.0670E-01 -2.0406E-16
  6.4309E+01  4.0656E-01 -1.9937E-16
  6.4449E+01  4.0643E-01 -2.0606E-16
  6.4588E+01  4.0630E-01 -1.9842E-16
  6.4728E+01  4.0615E-01 -1.8868E-16
  6.4867E+01  4.0598E-01 -1.9155E-16
  6.5007E+01  4.0579E-01 -1.8713E-16
  6.5146E+01  4.0559E-01 -1.8309E-16
  6.5286E+01  4.0537E-01 -1.9889E-16
  6.5425E+01  4.0514E-01 -1.8529E-16
  6.5565E+01  4.0490E-01 -1.9550E-16
  6.5704E+01  4.0466E-01 -1.8916E-16
  6.5844E+01  4.0442E-01 -1.9327E-16
  6.5983E+01  4.0419E-01 -2.0285E-16
  6.6123E+01  4.0398E-01 -1.9113E-16
  6.6262E+01  4.0378E-01 -2.0126E-16
  6.6402E+01  4.0361E-01 -1.9358E-16
  6.6541E+01  4.0346E-01 -1.9393E-16
  6.6681E+01  4.0332E-01 -2.1137E-16
  6.6820E+01  4.0319E-01 -2.0113E-16
  6.6960E+01  4.0305E-01 -2.0493E-16
  6.7099E+01  4.0291E-01 -2.0220E-16
  6.7239E+01  4.0274E-01 -1.9505E-16
  6.7378E+01  4.0256E-01 -1.9830E-16
  6.7518E+01  4.0235E-01 -1.9709E-16
  6.7657E+01  4.0212E-01 -1.8393E-16
  6.7797E+01  4.0189E-01 -1.9517E-16
  6.7936E+01  4.0166E-01 -2.0495E-16
  6.8076E+01  4.0143E-01 -2.0639E-16
  6.8215E+01  4.0122E-01 -1.9832E-16
  6.8355E+01  4.0102E-01 -2.0405E-16
  6.8494E+01  4.0084E-01 -2.0457E-16
  6.8634E+01  4.0067E-01 -2.0233E-16
  6.8773E+01  4.0051E-01 -2.0653E-16
  6.8913E+01  4.0036E-01 -2.0857E-16
  6.9052E+01  4.0021E-01 -2.1010E-16
  6.9192E+01  4.0006E-01 -2.0859E-16
  6.9331E+01  3.9990E-01 -2.0970E-16
  6.9471E+01  3.9973E-01 -2.1966E-16
  6.9610E+01  3.9956E-01 -2.1743E-16
  6.9750E+01  3.9938E-01 -2.1332E-16
  6.9889E+01  3.9918E-01 -2.2740E-16
  7.0029E+01  3.9899E-01 -2.1446E-16
  7.0168E+01  3.9878E-01 -2.0587E-16
  7.0308E+01  3.9857E-01 -2.1278E-16
  7.0447E+01  3.9837E-01 -2.1432E-16
  7.0587E+01  3.9816E-01 -2.0818E-16
  7.0726E+01  3.9797E-01 -2.1151E-16
  7.0866E+01  3.9778E-01 -2.0460E-16
  7.1005E+01  3.9760E-01 -2.0800E-16
  7.1145E+01  3.9744E-01 -2.1590E-16
  7.1284E+01  3.9728E-01 -2.0456E-16
  7.1424E+01  3.9713E-01 -2.0643E-16
  7.1563E+01  3.9698E-01 -2.0139E-16
  7.1703E+01  3.9683E-01 -1.9870E-16
  7.1842E+01  3.9667E-01 -2.0800E-16
  7.1982E+01  3.9650E-01 -2.0123E-16
  7.2121E+01  3.9633E-01 -2.1716E-16
  7.2261E+01  3.9614E-01 -2.1801E-16
  7.2400E+01  3.9595E-01 -2.1763E-16
  7.2540E+01  3.9575E-01 -2.1159E-16
  7.2679E+01  3.9555E-01 -2.1013E-16
  7.2819E+01  3.9535E-01 -2.1047E-16
  7.2958E+01  3.9516E-01 -2.0859E-16
  7.3098E+01  3.9497E-01 -2.0434E-16
  7.3237E+01  3.9479E-01 -2.1177E-16
  7.3377E+01  3.9462E-01 -2.1070E-16
  7.3516E+01  3.9446E-01 -2.2160E-16
  7.3656E+01  3.9431E-01 -2.1409E-16
  7.3795E+01  3.9416E-01 -2.1464E-16
  7.3935E+01  3.9401E-01 -2.2867E-16
  7.4074E+01  3.9386E-01 -2.1970E-16
  7.4214E+01  3.9370E-01 -2.2049E-16
  7.4353E+01  3.9353E-01 -2.2749E-16
  7.4493E+01  3.9336E-01 -2.3108E-16
  7.4632E+01  3.9318E-01 -2.2074E-16
  7.4772E+01  3.9299E-01 -2.1020E-16
  7.4911E+01  3.9280E-01 -2.2091E-16
  7.5051E+01  3.9261E-01 -2.1988E-16
  7.5190E+01  3.9243E-01 -2.0486E-16
  7.5330E+01  3.9224E-01 -2.2561E-16
  7.5469E+01  3.9207E-01 -2.0680E-16
  7.5609E+01  3.9190E-01 -2.2206E-16
  7.5748E+01  3.9173E-01 -2.2318E-16
  7.5888E+01  3.9158E-01 -2.1755E-16
  7.6027E+01  3.9143E-01 -2.2577E-16
  7.6167E+01  3.9128E-01 -2.1824E-16
  7.6306E+01  3.9113E-01 -2.1754E-16
  7.6446E+01  3.9098E-01 -2.1755E-16
  7.6585E+01  3.9082E-01 -2.1428E-16
  7.6725E+01  3.9065E-01 -2.2549E-16
  7.6864E+01  3.9048E-01 -2.1617E-16
  7.7004E+01  3.9030E-01 -2.1797E-16
  7.7143E+01  3.9012E-01 -2.1915E-16
  7.7283E+01  3.8993E-01 -2.1580E-16
  7.7422E+01  3.8975E-01 -2.2096E-16
  7.7562E+01  3.8958E-01 -2.2555E-16
  7.7701E+01  3.8941E-01 -2.2311E-16
  7.7841E+01  3.8924E-01 -2.1597E-16
  7.7980E+01  3.8908E-01 -2.3578E-16
  7.8120E+01  3.8893E-01 -2.1748E-16
  7.8259E+01  3.8878E-01 -2.3097E-16
  7.8399E+01  3.8862E-01 -2.1452E-16
  7.8538E+01  3.8847E-01 -2.1765E-16
  7.8678E+01  3.8832E-01 -2.1657E-16
  7.8817E+01  3.8817E-01 -2.1754E-16
  7.8957E+01  3.8801E-01 -2.2383E-16
  7.9096E+01  3.8784E-01 -2.2556E-16
  7.9236E+01  3.8767E-01 -2.2896E-16
  7.9375E+01  3.8750E-01 -2.2580E-16
  7.9515E+01  3.8733E-01 -2.2917E-16
  7.9654E+01  3.8715E-01 -2.3601E-16
  7.9794E+01  3.8698E-01 -2.2186E-16
  7.9933E+01  3.8681E-01 -2.4226E-16
  8.0073E+01  3.8664E-01 -2.3456E-16
  8.0212E+01  3.8649E-01 -2.3053E-16
  8.0352E+01  3.8633E-01 -2.3015E-16
  8.0491E+01  3.8618E-01 -2.2477E-16
  8.0631E+01  3.8603E-01 -2.1260E-16
  8.0770E+01  3.8589E-01 -2.3623E-16
  8.0910E+01  3.8574E-01 -2.2764E-16
  8.1049E+01  3.8559E-01 -2.2159E-16
  8.1189E+01  3.8543E-01 -2.2495E-16
  8.1328E+01  3.8527E-01 -2.2353E-16
  8.1468E+01  3.8511E-01 -2.2920E-16
  8.1607E+01  3.8494E-01 -2.2858E-16
  8.1747E+01  3.8477E-01 -2.4075E-16
  8.1886E+01  3.8461E-01 -2.3306E-16
  8.2026E+01  3.8444E-01 -2.3119E-16
  8.2165E+01  3.8428E-01 -2.3721E-16
  8.2305E+01  3.8412E-01 -2.3670E-16
  8.2444E+01  3.8396E-01 -2.3799E-16
  8.2584E+01  3.8381E-01 -2.2849E-16
  8.2723E+01  3.8366E-01 -2.3111E-16
  8.2863E+01  3.8351E-01 -2.2794E-16
  8.3002E+01  3.8336E-01 -2.3097E-16
  8.3142E+01  3.8322E-01 -2.2691E-16
  8.3281E+01  3.8307E-01 -2.2884E-16
  8.3421E+01  3.8292E-01 -2.2402E-16
  8.3560E+01  3.8276E-01 -2.3244E-16
  8.3700E+01  3.8261E-01 -2.2936E-16
  8.3839E+01  3.8245E-01 -2.3249E-16
  8.3979E+01  3.8229E-01 -2.3878E-16
  8.4118E+01  3.8213E-01 -2.3454E-16
  8.4258E+01  3.8197E-01 -2.3724E-16
  8.4397E+01  3.8181E-01 -2.3672E-16
  8.4537E+01  3.8165E-01 -2.3111E-16
  8.4676E+01  3.8149E-01 -2.2694E-16
  8.4816E+01  3.8134E-01 -2.3259E-16
  8.4955E+01  3.8119E-01 -2.3677E-16
  8.5095E+01  3.8104E-01 -2.4002E-16
  8.5234E+01  3.8090E-01 -2.4161E-16
  8.5374E+01  3.8075E-01 -2.3277E-16
  8.5513E+01  3.8061E-01 -2.4459E-16
  8.5653E+01  3.8046E-01 -2.4446E-16
  8.5792E+01  3.8031E-01 -2.3482E-16
  8.5932E+01  3.8016E-01 -2.3784E-16
  8.6071E+01  3.8001E-01 -2.3666E-16
  8.6211E+01  3.7986E-01 -2.3069E-16
  8.6350E+01  3.7970E-01 -2.3129E-16
  8.6490E+01  3.7955E-01 -2.2524E-16
  8.6629E+01  3.7939E-01 -2.2001E-16
  8.6769E+01  3.7924E-01 -2.2374E-16
  8.6908E+01  3.7909E-01 -2.3688E-16
  8.7048E+01  3.7894E-01 -2.3791E-16
  8.7187E+01  3.7879E-01 -2.3482E-16
  8.7327E+01  3.7864E-01 -2.4240E-16
  8.7466E+01  3.7850E-01 -2.6339E-16
  8.7606E+01  3.7835E-01 -2.5761E-16
  8.7745E+01  3.7821E-01 -2.6867E-16
  8.7885E+01  3.7806E-01 -2.5521E-16
  8.8024E+01  3.7792E-01 -2.6898E-16
  8.8164E+01  3.7777E-01 -2.5207E-16
  8.8303E+01  3.7762E-01 -2.4436E-16
  8.8443E+01  3.7748E-01 -2.4053E-16
  8.8582E+01  3.7733E-01 -2.3860E-16
  8.8722E+01  3.7718E-01 -2.4639E-16
  8.8861E+01  3.7703E-01 -2.4944E-16
  8.9001E+01  3.7688E-01 -2.3811E-16
  8.9140E+01  3.7673E-01 -2.3626E-16
  8.9280E+01  3.7658E-01 -2.4491E-16
  8.9419E+01  3.7644E-01 -2.4654E-16
  8.9559E+01  3.7629E-01 -2.4223E-16
  8.9698E+01  3.7615E-01 -2.5346E-16
  8.9838E+01  3.7601E-01 -2.5199E-16
  8.9977E+01  3.7586E-01 -2.5784E-16
  9.0117E+01  3.7572E-01 -2.5399E-16
  9.0256E+01  3.7558E-01 -2.4669E-16
  9.0396E+01  3.7544E-01 -2.5486E-16
  9.0535E+01  3.7530E-01 -2.3325E-16
  9.0675E+01  3.7515E-01 -2.2818E-16
  9.0814E+01  3.7501E-01 -2.3511E-16
  9.0954E+01  3.7486E-01 -2.3502E-16
  9.1093E+01  3.7472E-01 -2.4207E-16
  9.1233E+01  3.7457E-01 -2.4205E-16
  9.1372E+01  3.7443E-01 -2.5469E-16
  9.1512E+01  3.7428E-01 -2.5763E-16
  9.1651E+01  3.7414E-01 -2.4804E-16
  9.1791E+01  3.7400E-01 -2.5023E-16
  9.1930E+01  3.7385E-01 -2.4969E-16
  9.2070E+01  3.7371E-01 -2.4792E-16
  9.2209E+01  3.7357E-01 -2.5730E-16
  9.2349E+01  3.7343E-01 -2.5219E-16
  9.2488E+01  3.7329E-01 -2.5902E-16
  9.2628E+01  3.7316E-01 -2.6515E-16
  9.2767E+01  3.7302E-01 -2.4460E-16
  9.2907E+01  3.7288E-01 -2.4300E-16
  9.3046E+01  3.7274E-01 -2.5160E-16
  9.3186E+01  3.7260E-01 -2.4238E-16
  9.3325E+01  3.7245E-01 -2.4636E-16
  9.3465E+01  3.7231E-01 -2.4463E-16
  9.3604E+01  3.7217E-01 -2.4024E-16
  9.3744E+01  3.7203E-01 -2.4642E-16
  9.3883E+01  3.7189E-01 -2.4985E-16
  9.4023E+01  3.7175E-01 -2.5153E-16
  9.4162E+01  3.7161E-01 -2.4806E-16
  9.4302E+01  3.7147E-01 -2.6063E-16
  9.4441E+01  3.7133E-01 -2.5953E-16
  9.4581E+01  3.7120E-01 -2.4841E-16
  9.4720E+01  3.7106E-01 -2.5910E-16
  9.4860E+01  3.7092E-01 -2.5153E-16
  9.4999E+01  3.7079E-01 -2.5144E-16
  9.5139E+01  3.7065E-01 -2.4598E-16
  9.5278E+01  3.7051E-01 -2.5174E-16
  9.5418E+01  3.7038E-01 -2.5600E-16
  9.5557E+01  3.7024E-01 -2.5418E-16
  9.5697E+01  3.7010E-01 -2.4415E-16
  9.5836E+01  3.6996E-01 -2.4928E-16
  9.5976E+01  3.6982E-01 -2.4989E-16
  9.6115E+01  3.6969E-01 -2.5761E-16
  9.6255E+01  3.6955E-01 -2.5596E-16
  9.6394E+01  3.6941E-01 -2.4034E-16
  9.6534E+01  3.6928E-01 -2.5163E-16
  9.6673E+01  3.6914E-01 -2.6266E-16
  9.6813E+01  3.6901E-01 -2.5953E-16
  9.6952E+01  3.6887E-01 -2.6658E-16
  9.7092E+01  3.6874E-01 -2.5592E-16
  9.7231E+01  3.6861E-01 -2.6911E-16
  9.7371E+01  3.6847E-01 -2.5565E-16
  9.7510E+01  3.6834E-01 -2.6233E-16
  9.7650E+01  3.6820E-01 -2.5916E-16
  9.7789E+01  3.6807E-01 -2.5971E-16
  9.7929E+01  3.6793E-01 -2.5703E-16
  9.8068E+01  3.6780E-01 -2.4779E-16
  9.8208E+01  3.6766E-01 -2.5919E-16
  9.8347E+01  3.6753E-01 -2.5556E-16
  9.8487E+01  3.6739E-01 -2.5224E-16
  9.8626E+01  3.6726E-01 -2.5152E-16
  9.8766E+01  3.6713E-01 -2.5892E-16
  9.8905E+01  3.6700E-01 -2.6125E-16
  9.9045E+01  3.6686E-01 -2.6298E-16
  9.9184E+01  3.6673E-01 -2.6308E-16
  9.9324E+01  3.6660E-01 -2.7071E-16
  9.9463E+01  3.6647E-01 -2.7226E-16
  9.9603E+01  3.6634E-01 -2.6492E-16
  9.9742E+01  3.6621E-01 -2.6667E-16
  9.9882E+01  3.6608E-01 -2.6654E-16
  1.0002E+02  3.6594E-01 -2.5947E-16
  1.0016E+02  3.6581E-01 -2.6111E-16
  1.0030E+02  3.6568E-01 -2.5719E-16
  1.0044E+02  3.6555E-01 -2.5798E-16
  1.0058E+02  3.6542E-01 -2.4806E-16
  1.0072E+02  3.6528E-01 -2.4844E-16
  1.0086E+02  3.6515E-01 -2.6689E-16
  1.0100E+02  3.6502E-01 -2.6066E-16
  1.0114E+02  3.6489E-01 -2.6702E-16
  1.0128E+02  3.6476E-01 -2.7100E-16
  1.0142E+02  3.6463E-01 -2.6678E-16
  1.0156E+02  3.6451E-01 -2.6337E-16
  1.0170E+02  3.6438E-01 -2.7097E-16
  1.0183E+02  3.6425E-01 -2.6302E-16
  1.0197E+02  3.6412E-01 -2.6916E-16
  1.0211E+02  3.6399E-01 -2.7073E-16
  1.0225E+02  3.6386E-01 -2.6296E-16
  1.0239E+02  3.6373E-01 -2.6707E-16
  1.0253E+02  3.6360E-01 -2.6508E-16
  1.0267E+02  3.6347E-01 -2.5964E-16
  1.0281E+02  3.6335E-01 -2.5750E-16
  1.0295E+02  3.6322E-01 -2.6307E-16
  1.0309E+02  3.6309E-01 -2.6689E-16
  1.0323E+02  3.6296E-01 -2.7200E-16
  1.0337E+02  3.6283E-01 -2.6880E-16
  1.0351E+02  3.6271E-01 -2.7475E-16
  1.0365E+02  3.6258E-01 -2.7527E-16
  1.0379E+02  3.6245E-01 -2.7289E-16
  1.0393E+02  3.6233E-01 -2.6696E-16
  1.0407E+02  3.6220E-01 -2.7076E-16
  1.0421E+02  3.6207E-01 -2.7284E-16
  1.0435E+02  3.6195E-01 -2.6893E-16
  1.0449E+02  3.6182E-01 -2.7407E-16
  1.0462E+02  3.6169E-01 -2.5774E-16
  1.0476E+02  3.6157E-01 -2.5937E-16
  1.0490E+02  3.6144E-01 -2.6897E-16
  1.0504E+02  3.6132E-01 -2.6759E-16
  1.0518E+02  3.6119E-01 -2.6934E-16
  1.0532E+02  3.6106E-01 -2.7622E-16
  1.0546E+02  3.6094E-01 -2.8006E-16
  1.0560E+02  3.6081E-01 -2.6175E-16
  1.0574E+02  3.6069E-01 -2.6311E-16
  1.0588E+02  3.6056E-01 -2.6319E-16
  1.0602E+02  3.6044E-01 -2.5777E-16
  1.0616E+02  3.6031E-01 -2.6520E-16
  1.0630E+02  3.6019E-01 -2.6870E-16
  1.0644E+02  3.6007E-01 -2.7440E-16
  1.0658E+02  3.5994E-01 -2.6139E-16
  1.0672E+02  3.5982E-01 -2.7571E-16
  1.0686E+02  3.5970E-01 -2.7422E-16
  1.0700E+02  3.5957E-01 -2.8007E-16
  1.0714E+02  3.5945E-01 -2.8031E-16
  1.0728E+02  3.5932E-01 -2.7437E-16
  1.0741E+02  3.5920E-01 -2.7256E-16
  1.0755E+02  3.5908E-01 -2.7085E-16
  1.0769E+02  3.5895E-01 -2.7074E-16
  1.0783E+02  3.5883E-01 -2.8129E-16
  1.0797E+02  3.5871E-01 -2.7460E-16
  1.0811E+02  3.5859E-01 -2.6894E-16
  1.0825E+02  3.5846E-01 -2.7230E-16
  1.0839E+02  3.5834E-01 -2.6685E-16
  1.0853E+02  3.5822E-01 -2.7643E-16
  1.0867E+02  3.5810E-01 -2.8021E-16
  1.0881E+02  3.5798E-01 -2.7987E-16
  1.0895E+02  3.5786E-01 -2.7432E-16
  1.0909E+02  3.5773E-01 -2.7982E-16
  1.0923E+02  3.5761E-01 -2.7106E-16
  1.0937E+02  3.5749E-01 -2.6863E-16
  1.0951E+02  3.5737E-01 -2.7059E-16
  1.0965E+02  3.5725E-01 -2.7229E-16
  1.0979E+02  3.5713E-01 -2.6104E-16
  1.0993E+02  3.5701E-01 -2.7040E-16
  1.1007E+02  3.5689E-01 -2.6899E-16
  1.1020E+02  3.5677E-01 -2.6328E-16
  1.1034E+02  3.5665E-01 -2.7439E-16
  1.1048E+02  3.5653E-01 -2.6833E-16
  1.1062E+02  3.5641E-01 -2.6287E-16
  1.1076E+02  3.5629E-01 -2.6561E-16
  1.1090E+02  3.5617E-01 -2.6734E-16
  1.1104E+02  3.5605E-01 -2.6300E-16
  1.1118E+02  3.5593E-01 -2.6896E-16
  1.1132E+02  3.5581E-01 -2.7047E-16
  1.1146E+02  3.5569E-01 -2.6348E-16
  1.1160E+02  3.5557E-01 -2.6157E-16
  1.1174E+02  3.5545E-01 -2.6144E-16
  1.1188E+02  3.5534E-01 -2.7059E-16
  1.1202E+02  3.5522E-01 -2.7237E-16
  1.1216E+02  3.5510E-01 -2.7106E-16
  1.1230E+02  3.5498E-01 -2.7670E-16
  1.1244E+02  3.5486E-01 -2.6936E-16
  1.1258E+02  3.5474E-01 -2.7845E-16
  1.1272E+02  3.5462E-01 -2.7468E-16
  1.1286E+02  3.5451E-01 -2.7262E-16
  1.1299E+02  3.5439E-01 -2.6527E-16
  1.1313E+02  3.5427E-01 -2.8003E-16
  1.1327E+02  3.5416E-01 -2.7849E-16
  1.1341E+02  3.5404E-01 -2.7461E-16
  1.1355E+02  3.5392E-01 -2.8416E-16
  1.1369E+02  3.5380E-01 -2.6934E-16
  1.1383E+02  3.5369E-01 -2.7455E-16
  1.1397E+02  3.5357E-01 -2.7642E-16
  1.1411E+02  3.5345E-01 -2.7843E-16
  1.1425E+02  3.5334E-01 -2.7860E-16
  1.1439E+02  3.5322E-01 -2.7653E-16
  1.1453E+02  3.5311E-01 -2.8617E-16
  1.1467E+02  3.5299E-01 -2.8006E-16
  1.1481E+02  3.5287E-01 -2.7856E-16
  1.1495E+02  3.5276E-01 -2.8786E-16
  1.1509E+02  3.5264E-01 -2.9011E-16
  1.1523E+02  3.5253E-01 -2.8585E-16
  1.1537E+02  3.5241E-01 -2.9126E-16
  1.1551E+02  3.5230E-01 -2.9541E-16
  1.1565E+02  3.5218E-01 -2.9928E-16
  1.1578E+02  3.5207E-01 -2.9496E-16
  1.1592E+02  3.5195E-01 -2.9727E-16
  1.1606E+02  3.5184E-01 -2.8795E-16
  1.1620E+02  3.5172E-01 -2.8793E-16
  1.1634E+02  3.5161E-01 -2.8380E-16
  1.1648E+02  3.5149E-01 -2.8013E-16
  1.1662E+02  3.5138E-01 -2.8896E-16
  1.1676E+02  3.5127E-01 -2.8397E-16
  1.1690E+02  3.5115E-01 -2.7713E-16
  1.1704E+02  3.5104E-01 -2.7649E-16
  1.1718E+02  3.5092E-01 -2.7917E-16
  1.1732E+02  3.5081E-01 -2.8500E-16
  1.1746E+02  3.5070E-01 -2.8248E-16
  1.1760E+02  3.5058E-01 -2.8119E-16
  1.1774E+02  3.5047E-01 -2.8516E-16
  1.1788E+02  3.5036E-01 -2.8848E-16
  1.1802E+02  3.5024E-01 -2.8609E-16
  1.1816E+02  3.5013E-01 -2.8010E-16
  1.1830E+02  3.5002E-01 -2.8975E-16
  1.1844E+02  3.4991E-01 -2.8979E-16
  1.1857E+02  3.4979E-01 -2.8502E-16
  1.1871E+02  3.4968E-01 -2.8984E-16
  1.1885E+02  3.4957E-01 -2.8982E-16
  1.1899E+02  3.4946E-01 -2.9527E-16
  1.1913E+02  3.4935E-01 -2.8880E-16
  1.1927E+02  3.4923E-01 -2.9052E-16
  1.1941E+02  3.4912E-01 -2.9743E-16
  1.1955E+02  3.4901E-01 -2.8744E-16
  1.1969E+02  3.4890E-01 -2.9624E-16
  1.1983E+02  3.4879E-01 -3.0471E-16
  1.1997E+02  3.4868E-01 -2.9360E-16
  1.2011E+02  3.4857E-01 -2.9599E-16
  1.2025E+02  3.4845E-01 -2.9154E-16
  1.2039E+02  3.4834E-01 -2.9574E-16
  1.2053E+02  3.4823E-01 -3.0571E-16
  1.2067E+02  3.4812E-01 -3.0195E-16
  1.2081E+02  3.4801E-01 -3.1320E-16
  1.2095E+02  3.4790E-01 -2.9826E-16
  1.2109E+02  3.4779E-01 -3.0080E-16
  1.2123E+02  3.4768E-01 -3.0097E-16
  1.2136E+02  3.4757E-01 -2.9048E-16
  1.2150E+02  3.4746E-01 -2.9921E-16
  1.2164E+02  3.4735E-01 -3.0075E-16
  1.2178E+02  3.4724E-01 -2.8284E-16
  1.2192E+02  3.4713E-01 -2.8378E-16
  1.2206E+02  3.4702E-01 -2.8686E-16
  1.2220E+02  3.4691E-01 -2.8721E-16
  1.2234E+02  3.4680E-01 -2.8877E-16
  1.2248E+02  3.4669E-01 -2.9280E-16
  1.2262E+02  3.4659E-01 -2.9737E-16
  1.2276E+02  3.4648E-01 -2.9850E-16
  1.2290E+02  3.4637E-01 -2.9396E-16
  1.2304E+02  3.4626E-01 -3.0083E-16
  1.2318E+02  3.4615E-01 -2.9907E-16
  1.2332E+02  3.4604E-01 -2.9620E-16
  1.2346E+02  3.4593E-01 -2.8659E-16
  1.2360E+02  3.4583E-01 -2.8386E-16
  1.2374E+02  3.4572E-01 -2.9263E-16
  1.2388E+02  3.4561E-01 -2.9629E-16
  1.2402E+02  3.4550E-01 -3.0081E-16
  1.2415E+02  3.4539E-01 -2.9409E-16
  1.2429E+02  3.4529E-01 -2.9912E-16
  1.2443E+02  3.4518E-01 -3.1334E-16
  1.2457E+02  3.4507E-01 -3.0963E-16
  1.2471E+02  3.4496E-01 -3.0770E-16
  1.2485E+02  3.4486E-01 -2.9756E-16
  1.2499E+02  3.4475E-01 -2.9949E-16
  1.2500E+02  3.4474E-01 -3.0279E-16
