# CREATED BY GENE DIAGNOSTICS TOOL on Fri Jan  4 14:25:05 2019
# diag: fluxspectra, run(s): act, time window: 0-3247.258(632 steps), species: ions
# original data path: /ptmp/cmor/IFERC/W7Xhms05/ITGa_NL/omt1_b/
# normalization: L_T,ions=5.4832m
#
# Q*dVdx =   1.9707E+01 MW
# G*dVdx =   2.0403E-12 MW/keV
#  kx         G_es,p      Q_es,p    
  0.0000E+00 -1.7671E-14  6.0057E-03
  1.0103E-02 -1.2252E-13  1.2099E-02
  2.0206E-02 -4.8784E-14  1.1964E-02
  3.0309E-02 -7.7334E-14  1.1757E-02
  4.0412E-02  4.1276E-14  1.2121E-02
  5.0515E-02 -6.0302E-14  1.1688E-02
  6.0618E-02 -5.3153E-14  1.1644E-02
  7.0721E-02  1.3994E-13  1.1362E-02
  8.0824E-02 -6.7402E-15  1.1143E-02
  9.0927E-02  5.4917E-15  1.0904E-02
  1.0103E-01 -1.5487E-15  1.0828E-02
  1.1113E-01  2.4754E-13  1.0667E-02
  1.2124E-01  1.8057E-14  1.0115E-02
  1.3134E-01 -8.3115E-14  1.0601E-02
  1.4144E-01  6.5884E-14  9.8494E-03
  1.5154E-01  8.8782E-14  9.2674E-03
  1.6165E-01 -3.5857E-14  8.9238E-03
  1.7175E-01  6.7214E-18  8.8625E-03
  1.8185E-01 -3.7702E-14  8.4013E-03
  1.9196E-01  1.1553E-14  8.2719E-03
  2.0206E-01  9.4445E-14  7.9539E-03
  2.1216E-01 -8.1333E-14  7.4846E-03
  2.2227E-01  4.6794E-14  7.3373E-03
  2.3237E-01  5.4610E-14  7.0574E-03
  2.4247E-01 -3.7258E-14  6.5119E-03
  2.5257E-01  6.3987E-14  6.4745E-03
  2.6268E-01  8.2957E-15  5.9659E-03
  2.7278E-01 -5.3830E-14  5.8295E-03
  2.8288E-01 -9.2573E-14  5.5988E-03
  2.9299E-01 -1.0186E-13  5.5512E-03
  3.0309E-01  1.2711E-15  4.9359E-03
  3.1319E-01 -3.9257E-14  4.8868E-03
  3.2330E-01 -2.4143E-14  4.6566E-03
  3.3340E-01 -1.1570E-14  4.2798E-03
  3.4350E-01  2.7121E-14  4.0807E-03
  3.5360E-01 -2.3937E-14  3.8755E-03
  3.6371E-01 -2.1170E-14  3.6745E-03
  3.7381E-01 -4.2140E-14  3.6020E-03
  3.8391E-01  2.7381E-14  3.3262E-03
  3.9402E-01  5.6836E-14  3.0920E-03
  4.0412E-01  5.7007E-14  3.0654E-03
  4.1422E-01  2.5823E-14  2.8732E-03
  4.2433E-01  1.8336E-14  2.6648E-03
  4.3443E-01  1.2884E-14  2.5234E-03
  4.4453E-01 -6.2876E-14  2.4433E-03
  4.5463E-01 -3.6187E-14  2.3841E-03
  4.6474E-01 -5.4724E-16  2.1831E-03
  4.7484E-01 -2.5784E-14  2.1104E-03
  4.8494E-01  4.2647E-14  2.0259E-03
  4.9505E-01  1.7569E-15  1.9563E-03
  5.0515E-01  3.8960E-14  1.8207E-03
  5.1525E-01 -8.9874E-15  1.7214E-03
  5.2536E-01  1.6858E-14  1.6465E-03
  5.3546E-01  9.0173E-14  1.5346E-03
  5.4556E-01 -2.8837E-14  1.4614E-03
  5.5566E-01 -3.2358E-14  1.4268E-03
  5.6577E-01  9.1657E-15  1.3804E-03
  5.7587E-01 -6.8652E-16  1.2657E-03
  5.8597E-01  1.8756E-14  1.2314E-03
  5.9608E-01  2.8890E-14  1.1816E-03
  6.0618E-01 -1.1420E-14  1.1278E-03
  6.1628E-01  2.7602E-14  1.0621E-03
  6.2638E-01  5.3985E-15  1.0120E-03
  6.3649E-01  6.2309E-14  9.6469E-04
  6.4659E-01 -2.0554E-14  9.2538E-04
  6.5669E-01  1.2388E-16  9.0764E-04
  6.6680E-01  1.6573E-14  8.5086E-04
  6.7690E-01 -1.4141E-14  8.1990E-04
  6.8700E-01 -1.7936E-14  7.8885E-04
  6.9711E-01  8.8752E-15  7.5138E-04
  7.0721E-01 -5.3148E-15  7.2896E-04
  7.1731E-01  1.3179E-14  6.8508E-04
  7.2741E-01 -3.9646E-14  6.5327E-04
  7.3752E-01  6.4736E-15  6.1747E-04
  7.4762E-01  1.6444E-15  5.9381E-04
  7.5772E-01  3.2436E-14  5.7231E-04
  7.6783E-01  1.8191E-14  5.5241E-04
  7.7793E-01 -3.0874E-14  5.2562E-04
  7.8803E-01  8.5827E-15  5.0915E-04
  7.9814E-01 -9.2282E-15  4.8459E-04
  8.0824E-01 -2.7298E-15  4.6654E-04
  8.1834E-01 -1.6152E-14  4.4735E-04
  8.2844E-01  1.1331E-15  4.3491E-04
  8.3855E-01  9.7127E-17  4.1350E-04
  8.4865E-01 -1.0823E-14  3.9459E-04
  8.5875E-01 -8.8426E-15  3.8337E-04
  8.6886E-01 -2.9472E-15  3.7145E-04
  8.7896E-01 -1.9453E-15  3.5019E-04
  8.8906E-01 -1.9945E-14  3.3926E-04
  8.9917E-01  2.9830E-14  3.2944E-04
  9.0927E-01  1.0626E-14  3.2558E-04
  9.1937E-01 -1.9484E-15  3.0819E-04
  9.2947E-01 -7.1227E-15  2.9813E-04
  9.3958E-01  9.7071E-15  2.8119E-04
  9.4968E-01 -7.3310E-15  2.7474E-04
  9.5978E-01 -5.1188E-16  2.6650E-04
  9.6989E-01  3.9201E-15  2.5629E-04
  9.7999E-01 -3.0961E-15  2.4738E-04
  9.9009E-01 -6.5151E-15  2.4150E-04
  1.0002E+00  9.2654E-15  2.3206E-04
  1.0103E+00 -1.4426E-14  2.2331E-04
  1.0204E+00  7.1335E-15  2.1594E-04
  1.0305E+00 -4.7849E-16  2.0965E-04
  1.0406E+00 -1.2872E-16  2.0586E-04
  1.0507E+00 -8.3864E-15  1.9568E-04
  1.0608E+00  1.6434E-14  1.9167E-04
  1.0709E+00 -7.0336E-15  1.8927E-04
  1.0810E+00 -6.2032E-15  1.7867E-04
  1.0911E+00 -3.8210E-15  1.7297E-04
  1.1012E+00  1.8449E-14  1.6908E-04
  1.1113E+00 -9.2806E-16  1.6170E-04
  1.1214E+00 -1.0507E-15  1.5910E-04
  1.1315E+00  5.8429E-15  1.5387E-04
  1.1416E+00 -9.5488E-15  1.4940E-04
  1.1517E+00 -2.4885E-15  1.4277E-04
  1.1618E+00  9.2630E-15  1.4057E-04
  1.1719E+00  8.9545E-15  1.3728E-04
  1.1820E+00 -1.7519E-14  1.3349E-04
  1.1922E+00  3.4421E-15  1.2985E-04
  1.2023E+00 -2.3562E-15  1.2430E-04
  1.2124E+00  1.2460E-14  1.2304E-04
  1.2225E+00  4.5814E-15  1.1892E-04
  1.2326E+00 -4.2673E-15  1.1542E-04
  1.2427E+00  7.8427E-15  1.1330E-04
  1.2528E+00  1.1086E-14  1.0950E-04
  1.2629E+00  3.9806E-15  1.0754E-04
  1.2730E+00 -1.1296E-14  1.0422E-04
  1.2831E+00 -1.2893E-15  1.0088E-04
  1.2932E+00 -1.6258E-15  9.9018E-05
  1.3033E+00 -2.4244E-15  9.7301E-05
  1.3134E+00 -4.4749E-15  9.2506E-05
  1.3235E+00  2.2006E-15  9.1542E-05
  1.3336E+00  2.3458E-15  8.8753E-05
  1.3437E+00 -4.7912E-15  8.7597E-05
  1.3538E+00  2.8919E-15  8.6212E-05
  1.3639E+00 -9.7311E-15  8.3093E-05
  1.3740E+00 -3.3480E-15  8.1138E-05
  1.3841E+00  4.7766E-15  7.9215E-05
  1.3942E+00 -4.0223E-15  7.6278E-05
  1.4043E+00  6.3619E-16  7.5656E-05
  1.4144E+00 -1.9179E-15  7.4139E-05
  1.4245E+00 -6.0916E-15  7.1902E-05
  1.4346E+00  2.5888E-15  7.0885E-05
  1.4447E+00 -6.0352E-15  6.9065E-05
  1.4548E+00 -4.4141E-15  6.7629E-05
  1.4649E+00  6.9548E-15  6.6074E-05
  1.4750E+00  7.4986E-15  6.5013E-05
  1.4851E+00 -4.0399E-17  6.3046E-05
  1.4952E+00 -1.3618E-15  6.2017E-05
  1.5053E+00 -3.6157E-15  6.0764E-05
  1.5154E+00 -8.3712E-15  5.8689E-05
  1.5256E+00 -6.0052E-15  5.7987E-05
  1.5357E+00 -1.0146E-16  5.6192E-05
  1.5458E+00 -3.3027E-15  5.5612E-05
  1.5559E+00 -6.8959E-15  5.4101E-05
  1.5660E+00  1.9551E-15  5.2838E-05
  1.5761E+00  1.6287E-15  5.2004E-05
  1.5862E+00 -2.9284E-15  5.1418E-05
  1.5963E+00  4.6652E-15  4.9883E-05
  1.6064E+00 -5.9290E-15  4.9769E-05
  1.6165E+00  4.5412E-15  4.7681E-05
  1.6266E+00 -2.6930E-15  4.7134E-05
  1.6367E+00 -1.6712E-15  4.6568E-05
  1.6468E+00  2.5930E-15  4.5394E-05
  1.6569E+00  3.7883E-15  4.4699E-05
  1.6670E+00 -4.3291E-15  4.3510E-05
  1.6771E+00 -4.9474E-16  4.3770E-05
  1.6872E+00 -1.4243E-15  4.2569E-05
  1.6973E+00 -2.2452E-15  4.1853E-05
  1.7074E+00  2.2485E-15  4.0920E-05
  1.7175E+00  6.4709E-16  4.0007E-05
  1.7276E+00 -4.2829E-15  3.9845E-05
  1.7377E+00  6.3105E-15  3.8375E-05
  1.7478E+00  1.7781E-15  3.8398E-05
  1.7579E+00  4.5441E-15  3.7817E-05
  1.7680E+00 -8.4893E-16  3.7234E-05
  1.7781E+00 -2.1474E-15  3.6774E-05
  1.7882E+00  1.1174E-15  3.5772E-05
  1.7983E+00 -6.8684E-15  3.5373E-05
  1.8084E+00 -2.8527E-15  3.4575E-05
  1.8185E+00 -1.5841E-15  3.4268E-05
  1.8286E+00  3.7913E-15  3.3807E-05
  1.8387E+00  4.5573E-15  3.3322E-05
  1.8488E+00 -4.4589E-15  3.2581E-05
  1.8589E+00 -5.4112E-15  3.2127E-05
  1.8691E+00  9.9774E-16  3.1639E-05
  1.8792E+00  3.8771E-15  3.1427E-05
  1.8893E+00 -1.8696E-15  3.0762E-05
  1.8994E+00 -8.3733E-16  3.0391E-05
  1.9095E+00  1.1486E-15  2.9736E-05
  1.9196E+00 -2.4968E-15  2.9562E-05
  1.9297E+00  3.4161E-15  2.8907E-05
  1.9398E+00  0.0000E+00  0.0000E+00


#  ky         G_es,p      Q_es,p    
  0.0000E+00  0.0000E+00  0.0000E+00
  5.0000E-02 -2.9186E-14  4.1252E-03
  1.0000E-01 -1.5027E-14  1.6601E-02
  1.5000E-01 -2.1698E-13  4.1216E-02
  2.0000E-01  1.0949E-13  5.0752E-02
  2.5000E-01 -1.0164E-13  4.7026E-02
  3.0000E-01  1.8911E-13  3.8495E-02
  3.5000E-01  1.1233E-13  3.4549E-02
  4.0000E-01  1.1592E-13  2.5913E-02
  4.5000E-01 -1.1880E-13  2.0240E-02
  5.0000E-01  4.4032E-14  1.7262E-02
  5.5000E-01 -5.0535E-15  1.4346E-02
  6.0000E-01 -1.0561E-15  1.1906E-02
  6.5000E-01  4.5548E-14  9.7359E-03
  7.0000E-01 -6.6702E-14  7.8996E-03
  7.5000E-01  6.2261E-14  6.1659E-03
  8.0000E-01 -1.1878E-13  5.0467E-03
  8.5000E-01  4.7254E-14  4.0578E-03
  9.0000E-01 -3.5849E-14  3.3115E-03
  9.5000E-01  6.5061E-14  2.7221E-03
  1.0000E+00 -7.0118E-14  2.3192E-03
  1.0500E+00  5.4035E-14  1.9304E-03
  1.1000E+00 -2.2856E-15  1.6578E-03
  1.1500E+00  5.4213E-14  1.4097E-03
  1.2000E+00 -1.9823E-15  1.2368E-03
  1.2500E+00 -1.5018E-14  1.0744E-03
  1.3000E+00 -1.2901E-15  9.4240E-04
  1.3500E+00  1.3021E-14  8.2764E-04
  1.4000E+00 -1.5719E-15  7.3534E-04
  1.4500E+00  3.6263E-16  6.5435E-04
  1.5000E+00 -1.9951E-15  5.7972E-04
  1.5500E+00 -7.6446E-15  5.2171E-04
  1.6000E+00  1.5257E-14  4.6978E-04
  1.6500E+00 -7.1388E-15  4.2488E-04
  1.7000E+00 -9.7014E-15  3.8377E-04
  1.7500E+00  1.4351E-14  3.5340E-04
  1.8000E+00  3.3647E-15  3.2346E-04
  1.8500E+00 -1.6584E-14  2.9899E-04
  1.9000E+00  1.8105E-15  2.7762E-04
  1.9500E+00 -1.8904E-15  2.5707E-04
  2.0000E+00 -3.2874E-15  2.3782E-04
  2.0500E+00  3.7250E-15  2.2306E-04
  2.1000E+00 -1.4415E-14  2.0957E-04
  2.1500E+00 -4.3780E-15  1.9685E-04
  2.2000E+00  2.2160E-15  1.8402E-04
  2.2500E+00  5.2456E-15  1.7317E-04
  2.3000E+00  4.0351E-16  1.6350E-04
  2.3500E+00 -4.8545E-15  1.5339E-04
  2.4000E+00  1.3155E-15  1.4423E-04
  2.4500E+00  2.8498E-15  1.3570E-04
  2.5000E+00  2.6446E-15  1.2703E-04
  2.5500E+00  2.5074E-16  1.1986E-04
  2.6000E+00  3.5653E-15  1.1187E-04
  2.6500E+00  1.3347E-15  1.0517E-04
  2.7000E+00 -7.5057E-15  9.7869E-05
  2.7500E+00 -3.3004E-15  9.2063E-05
  2.8000E+00  1.1876E-15  8.6354E-05
  2.8500E+00 -6.7955E-16  7.9834E-05
  2.9000E+00  1.5278E-15  7.4367E-05
  2.9500E+00  3.6959E-15  6.8827E-05
  3.0000E+00 -3.2767E-16  6.3223E-05
  3.0500E+00  1.3199E-15  5.8263E-05
  3.1000E+00 -8.9357E-16  5.3608E-05
  3.1500E+00 -7.5541E-15  5.7913E-05
