# CREATED BY GENE DIAGNOSTICS TOOL on Fri May 25 10:01:24 2018
# diag: GAMDIAG, run(s): 0018, time window: 0-499(1621 steps), species: ions
# normalization: L_ref=1.2115m
#
# xind= 0, x/a= -NaN, q= 0.93728179
# Fit:    -NaN,Infinity,Infinity
# Analytic: -NaN,Infinity,Infinity
#  t          Re[phi]     Im[phi]   
  0.0000E+00  9.9996E-01  0.0000E+00
  3.0800E-01  9.9581E-01  6.8705E-03
  6.1600E-01  9.8361E-01  1.3632E-02
  9.2400E-01  9.6394E-01  2.0179E-02
  1.2320E+00  9.3763E-01  2.6414E-02
  1.5400E+00  9.0567E-01  3.2255E-02
  1.8480E+00  8.6922E-01  3.7635E-02
  2.1560E+00  8.2948E-01  4.2507E-02
  2.4640E+00  7.8769E-01  4.6841E-02
  2.7720E+00  7.4506E-01  5.0627E-02
  3.0800E+00  7.0270E-01  5.3870E-02
  3.3880E+00  6.6163E-01  5.6594E-02
  3.6960E+00  6.2276E-01  5.8835E-02
  4.0040E+00  5.8683E-01  6.0638E-02
  4.3120E+00  5.5442E-01  6.2062E-02
  4.6200E+00  5.2594E-01  6.3166E-02
  4.9280E+00  5.0163E-01  6.4016E-02
  5.2360E+00  4.8155E-01  6.4675E-02
  5.5440E+00  4.6561E-01  6.5208E-02
  5.8520E+00  4.5358E-01  6.5671E-02
  6.1600E+00  4.4512E-01  6.6116E-02
  6.4680E+00  4.3978E-01  6.6588E-02
  6.7760E+00  4.3706E-01  6.7122E-02
  7.0840E+00  4.3643E-01  6.7744E-02
  7.3920E+00  4.3732E-01  6.8473E-02
  7.7000E+00  4.3919E-01  6.9317E-02
  8.0080E+00  4.4154E-01  7.0276E-02
  8.3160E+00  4.4388E-01  7.1343E-02
  8.6240E+00  4.4582E-01  7.2506E-02
  8.9320E+00  4.4702E-01  7.3747E-02
  9.2400E+00  4.4722E-01  7.5043E-02
  9.5480E+00  4.4624E-01  7.6371E-02
  9.8560E+00  4.4398E-01  7.7707E-02
  1.0164E+01  4.4040E-01  7.9025E-02
  1.0472E+01  4.3553E-01  8.0304E-02
  1.0780E+01  4.2946E-01  8.1521E-02
  1.1088E+01  4.2232E-01  8.2660E-02
  1.1396E+01  4.1429E-01  8.3707E-02
  1.1704E+01  4.0555E-01  8.4650E-02
  1.2012E+01  3.9632E-01  8.5483E-02
  1.2320E+01  3.8679E-01  8.6205E-02
  1.2628E+01  3.7718E-01  8.6816E-02
  1.2936E+01  3.6768E-01  8.7321E-02
  1.3244E+01  3.5846E-01  8.7727E-02
  1.3552E+01  3.4966E-01  8.8045E-02
  1.3860E+01  3.4141E-01  8.8286E-02
  1.4168E+01  3.3380E-01  8.8462E-02
  1.4476E+01  3.2689E-01  8.8588E-02
  1.4784E+01  3.2072E-01  8.8676E-02
  1.5092E+01  3.1528E-01  8.8740E-02
  1.5400E+01  3.1058E-01  8.8792E-02
  1.5708E+01  3.0656E-01  8.8842E-02
  1.6016E+01  3.0319E-01  8.8900E-02
  1.6324E+01  3.0039E-01  8.8975E-02
  1.6632E+01  2.9809E-01  8.9071E-02
  1.6940E+01  2.9622E-01  8.9194E-02
  1.7248E+01  2.9470E-01  8.9347E-02
  1.7556E+01  2.9346E-01  8.9529E-02
  1.7864E+01  2.9243E-01  8.9742E-02
  1.8172E+01  2.9155E-01  8.9984E-02
  1.8480E+01  2.9077E-01  9.0253E-02
  1.8788E+01  2.9005E-01  9.0546E-02
  1.9096E+01  2.8936E-01  9.0860E-02
  1.9404E+01  2.8868E-01  9.1191E-02
  1.9712E+01  2.8801E-01  9.1537E-02
  2.0020E+01  2.8735E-01  9.1895E-02
  2.0328E+01  2.8671E-01  9.2263E-02
  2.0636E+01  2.8611E-01  9.2638E-02
  2.0944E+01  2.8556E-01  9.3020E-02
  2.1252E+01  2.8509E-01  9.3408E-02
  2.1560E+01  2.8473E-01  9.3802E-02
  2.1868E+01  2.8451E-01  9.4204E-02
  2.2176E+01  2.8448E-01  9.4614E-02
  2.2484E+01  2.8465E-01  9.5036E-02
  2.2792E+01  2.8505E-01  9.5472E-02
  2.3100E+01  2.8568E-01  9.5926E-02
  2.3408E+01  2.8656E-01  9.6399E-02
  2.3716E+01  2.8769E-01  9.6896E-02
  2.4024E+01  2.8906E-01  9.7420E-02
  2.4332E+01  2.9069E-01  9.7972E-02
  2.4640E+01  2.9257E-01  9.8557E-02
  2.4948E+01  2.9471E-01  9.9176E-02
  2.5256E+01  2.9710E-01  9.9833E-02
  2.5564E+01  2.9969E-01  1.0053E-01
  2.5872E+01  3.0244E-01  1.0127E-01
  2.6180E+01  3.0532E-01  1.0204E-01
  2.6488E+01  3.0828E-01  1.0286E-01
  2.6796E+01  3.1128E-01  1.0372E-01
  2.7104E+01  3.1431E-01  1.0461E-01
  2.7412E+01  3.1736E-01  1.0554E-01
  2.7720E+01  3.2042E-01  1.0651E-01
  2.8028E+01  3.2352E-01  1.0751E-01
  2.8336E+01  3.2664E-01  1.0854E-01
  2.8644E+01  3.2977E-01  1.0961E-01
  2.8952E+01  3.3289E-01  1.1070E-01
  2.9260E+01  3.3596E-01  1.1182E-01
  2.9568E+01  3.3898E-01  1.1297E-01
  2.9876E+01  3.4190E-01  1.1414E-01
  3.0184E+01  3.4470E-01  1.1534E-01
  3.0492E+01  3.4737E-01  1.1655E-01
  3.0800E+01  3.4990E-01  1.1777E-01
  3.1108E+01  3.5229E-01  1.1901E-01
  3.1416E+01  3.5457E-01  1.2027E-01
  3.1724E+01  3.5674E-01  1.2153E-01
  3.2032E+01  3.5882E-01  1.2280E-01
  3.2340E+01  3.6083E-01  1.2409E-01
  3.2648E+01  3.6276E-01  1.2538E-01
  3.2956E+01  3.6462E-01  1.2667E-01
  3.3264E+01  3.6642E-01  1.2798E-01
  3.3572E+01  3.6815E-01  1.2929E-01
  3.3880E+01  3.6980E-01  1.3060E-01
  3.4188E+01  3.7137E-01  1.3192E-01
  3.4496E+01  3.7285E-01  1.3325E-01
  3.4804E+01  3.7424E-01  1.3457E-01
  3.5112E+01  3.7552E-01  1.3590E-01
  3.5420E+01  3.7669E-01  1.3723E-01
  3.5728E+01  3.7774E-01  1.3856E-01
  3.6036E+01  3.7868E-01  1.3989E-01
  3.6344E+01  3.7950E-01  1.4122E-01
  3.6652E+01  3.8020E-01  1.4254E-01
  3.6960E+01  3.8078E-01  1.4386E-01
  3.7268E+01  3.8123E-01  1.4518E-01
  3.7576E+01  3.8157E-01  1.4648E-01
  3.7884E+01  3.8179E-01  1.4778E-01
  3.8192E+01  3.8191E-01  1.4907E-01
  3.8500E+01  3.8194E-01  1.5034E-01
  3.8808E+01  3.8187E-01  1.5160E-01
  3.9116E+01  3.8173E-01  1.5286E-01
  3.9424E+01  3.8152E-01  1.5409E-01
  3.9732E+01  3.8123E-01  1.5532E-01
  4.0040E+01  3.8086E-01  1.5653E-01
  4.0348E+01  3.8041E-01  1.5773E-01
  4.0656E+01  3.7984E-01  1.5892E-01
  4.0964E+01  3.7915E-01  1.6009E-01
  4.1272E+01  3.7832E-01  1.6125E-01
  4.1580E+01  3.7733E-01  1.6239E-01
  4.1888E+01  3.7617E-01  1.6351E-01
  4.2196E+01  3.7483E-01  1.6460E-01
  4.2504E+01  3.7330E-01  1.6568E-01
  4.2812E+01  3.7161E-01  1.6673E-01
  4.3120E+01  3.6978E-01  1.6776E-01
  4.3428E+01  3.6782E-01  1.6875E-01
  4.3736E+01  3.6579E-01  1.6972E-01
  4.4044E+01  3.6371E-01  1.7066E-01
  4.4352E+01  3.6162E-01  1.7158E-01
  4.4660E+01  3.5954E-01  1.7247E-01
  4.4968E+01  3.5750E-01  1.7334E-01
  4.5276E+01  3.5551E-01  1.7418E-01
  4.5584E+01  3.5358E-01  1.7501E-01
  4.5892E+01  3.5171E-01  1.7582E-01
  4.6200E+01  3.4989E-01  1.7662E-01
  4.6508E+01  3.4810E-01  1.7741E-01
  4.6816E+01  3.4632E-01  1.7818E-01
  4.7124E+01  3.4452E-01  1.7894E-01
  4.7432E+01  3.4269E-01  1.7969E-01
  4.7740E+01  3.4081E-01  1.8043E-01
  4.8048E+01  3.3886E-01  1.8116E-01
  4.8356E+01  3.3685E-01  1.8187E-01
  4.8664E+01  3.3476E-01  1.8256E-01
  4.8972E+01  3.3260E-01  1.8324E-01
  4.9280E+01  3.3038E-01  1.8391E-01
  4.9588E+01  3.2811E-01  1.8456E-01
  4.9896E+01  3.2578E-01  1.8519E-01
  5.0204E+01  3.2343E-01  1.8580E-01
  5.0512E+01  3.2107E-01  1.8639E-01
  5.0820E+01  3.1871E-01  1.8697E-01
  5.1128E+01  3.1637E-01  1.8754E-01
  5.1436E+01  3.1407E-01  1.8808E-01
  5.1744E+01  3.1182E-01  1.8862E-01
  5.2052E+01  3.0962E-01  1.8914E-01
  5.2360E+01  3.0746E-01  1.8965E-01
  5.2668E+01  3.0535E-01  1.9015E-01
  5.2976E+01  3.0327E-01  1.9064E-01
  5.3284E+01  3.0123E-01  1.9113E-01
  5.3592E+01  2.9922E-01  1.9160E-01
  5.3900E+01  2.9723E-01  1.9207E-01
  5.4208E+01  2.9529E-01  1.9253E-01
  5.4516E+01  2.9339E-01  1.9299E-01
  5.4824E+01  2.9154E-01  1.9345E-01
  5.5132E+01  2.8975E-01  1.9390E-01
  5.5440E+01  2.8801E-01  1.9435E-01
  5.5748E+01  2.8632E-01  1.9479E-01
  5.6056E+01  2.8467E-01  1.9524E-01
  5.6364E+01  2.8308E-01  1.9568E-01
  5.6672E+01  2.8154E-01  1.9612E-01
  5.6980E+01  2.8005E-01  1.9657E-01
  5.7288E+01  2.7861E-01  1.9701E-01
  5.7596E+01  2.7724E-01  1.9746E-01
  5.7904E+01  2.7593E-01  1.9791E-01
  5.8212E+01  2.7469E-01  1.9836E-01
  5.8520E+01  2.7352E-01  1.9882E-01
  5.8828E+01  2.7242E-01  1.9928E-01
  5.9136E+01  2.7138E-01  1.9975E-01
  5.9444E+01  2.7038E-01  2.0022E-01
  5.9752E+01  2.6940E-01  2.0070E-01
  6.0060E+01  2.6844E-01  2.0118E-01
  6.0368E+01  2.6747E-01  2.0167E-01
  6.0676E+01  2.6648E-01  2.0216E-01
  6.0984E+01  2.6544E-01  2.0265E-01
  6.1292E+01  2.6436E-01  2.0314E-01
  6.1600E+01  2.6323E-01  2.0363E-01
  6.1908E+01  2.6204E-01  2.0412E-01
  6.2216E+01  2.6082E-01  2.0460E-01
  6.2524E+01  2.5957E-01  2.0509E-01
  6.2832E+01  2.5830E-01  2.0557E-01
  6.3140E+01  2.5705E-01  2.0604E-01
  6.3448E+01  2.5583E-01  2.0651E-01
  6.3756E+01  2.5469E-01  2.0699E-01
  6.4064E+01  2.5364E-01  2.0746E-01
  6.4372E+01  2.5272E-01  2.0793E-01
  6.4680E+01  2.5196E-01  2.0841E-01
  6.4988E+01  2.5138E-01  2.0890E-01
  6.5296E+01  2.5101E-01  2.0940E-01
  6.5604E+01  2.5084E-01  2.0991E-01
  6.5912E+01  2.5087E-01  2.1044E-01
  6.6220E+01  2.5110E-01  2.1099E-01
  6.6528E+01  2.5149E-01  2.1157E-01
  6.6836E+01  2.5201E-01  2.1216E-01
  6.7144E+01  2.5262E-01  2.1277E-01
  6.7452E+01  2.5326E-01  2.1341E-01
  6.7760E+01  2.5388E-01  2.1406E-01
  6.8068E+01  2.5442E-01  2.1474E-01
  6.8376E+01  2.5482E-01  2.1542E-01
  6.8684E+01  2.5501E-01  2.1611E-01
  6.8992E+01  2.5495E-01  2.1680E-01
  6.9300E+01  2.5459E-01  2.1749E-01
  6.9608E+01  2.5390E-01  2.1818E-01
  6.9916E+01  2.5286E-01  2.1884E-01
  7.0224E+01  2.5147E-01  2.1949E-01
  7.0532E+01  2.4973E-01  2.2010E-01
  7.0840E+01  2.4767E-01  2.2069E-01
  7.1148E+01  2.4533E-01  2.2125E-01
  7.1456E+01  2.4278E-01  2.2177E-01
  7.1764E+01  2.4007E-01  2.2226E-01
  7.2072E+01  2.3728E-01  2.2271E-01
  7.2380E+01  2.3449E-01  2.2313E-01
  7.2688E+01  2.3179E-01  2.2352E-01
  7.2996E+01  2.2924E-01  2.2389E-01
  7.3304E+01  2.2692E-01  2.2424E-01
  7.3612E+01  2.2489E-01  2.2458E-01
  7.3920E+01  2.2320E-01  2.2491E-01
  7.4228E+01  2.2188E-01  2.2525E-01
  7.4536E+01  2.2096E-01  2.2559E-01
  7.4844E+01  2.2043E-01  2.2595E-01
  7.5152E+01  2.2029E-01  2.2632E-01
  7.5460E+01  2.2051E-01  2.2672E-01
  7.5768E+01  2.2105E-01  2.2715E-01
  7.6076E+01  2.2186E-01  2.2760E-01
  7.6384E+01  2.2287E-01  2.2809E-01
  7.6692E+01  2.2402E-01  2.2860E-01
  7.7000E+01  2.2523E-01  2.2915E-01
  7.7308E+01  2.2644E-01  2.2971E-01
  7.7616E+01  2.2757E-01  2.3030E-01
  7.7924E+01  2.2856E-01  2.3091E-01
  7.8232E+01  2.2936E-01  2.3153E-01
  7.8540E+01  2.2989E-01  2.3215E-01
  7.8848E+01  2.3013E-01  2.3278E-01
  7.9156E+01  2.3005E-01  2.3339E-01
  7.9464E+01  2.2961E-01  2.3400E-01
  7.9772E+01  2.2882E-01  2.3458E-01
  8.0080E+01  2.2769E-01  2.3514E-01
  8.0388E+01  2.2623E-01  2.3568E-01
  8.0696E+01  2.2448E-01  2.3618E-01
  8.1004E+01  2.2249E-01  2.3665E-01
  8.1312E+01  2.2030E-01  2.3708E-01
  8.1620E+01  2.1796E-01  2.3748E-01
  8.1928E+01  2.1552E-01  2.3785E-01
  8.2236E+01  2.1305E-01  2.3818E-01
  8.2544E+01  2.1058E-01  2.3849E-01
  8.2852E+01  2.0815E-01  2.3877E-01
  8.3160E+01  2.0582E-01  2.3903E-01
  8.3468E+01  2.0359E-01  2.3927E-01
  8.3776E+01  2.0152E-01  2.3950E-01
  8.4084E+01  1.9960E-01  2.3972E-01
  8.4392E+01  1.9786E-01  2.3993E-01
  8.4700E+01  1.9630E-01  2.4014E-01
  8.5008E+01  1.9491E-01  2.4035E-01
  8.5316E+01  1.9370E-01  2.4057E-01
  8.5624E+01  1.9265E-01  2.4078E-01
  8.5932E+01  1.9174E-01  2.4101E-01
  8.6240E+01  1.9095E-01  2.4124E-01
  8.6548E+01  1.9026E-01  2.4148E-01
  8.6856E+01  1.8965E-01  2.4173E-01
  8.7164E+01  1.8908E-01  2.4198E-01
  8.7472E+01  1.8854E-01  2.4225E-01
  8.7780E+01  1.8800E-01  2.4251E-01
  8.8088E+01  1.8743E-01  2.4278E-01
  8.8396E+01  1.8681E-01  2.4306E-01
  8.8704E+01  1.8613E-01  2.4333E-01
  8.9012E+01  1.8537E-01  2.4360E-01
  8.9320E+01  1.8451E-01  2.4386E-01
  8.9628E+01  1.8355E-01  2.4412E-01
  8.9936E+01  1.8249E-01  2.4437E-01
  9.0244E+01  1.8131E-01  2.4461E-01
  9.0552E+01  1.8003E-01  2.4483E-01
  9.0860E+01  1.7866E-01  2.4504E-01
  9.1168E+01  1.7719E-01  2.4524E-01
  9.1476E+01  1.7566E-01  2.4542E-01
  9.1784E+01  1.7407E-01  2.4559E-01
  9.2092E+01  1.7244E-01  2.4575E-01
  9.2400E+01  1.7080E-01  2.4589E-01
  9.2708E+01  1.6915E-01  2.4602E-01
  9.3016E+01  1.6753E-01  2.4614E-01
  9.3324E+01  1.6594E-01  2.4624E-01
  9.3632E+01  1.6439E-01  2.4634E-01
  9.3940E+01  1.6290E-01  2.4644E-01
  9.4248E+01  1.6146E-01  2.4653E-01
  9.4556E+01  1.6009E-01  2.4661E-01
  9.4864E+01  1.5878E-01  2.4670E-01
  9.5172E+01  1.5752E-01  2.4678E-01
  9.5480E+01  1.5632E-01  2.4687E-01
  9.5788E+01  1.5518E-01  2.4695E-01
  9.6096E+01  1.5407E-01  2.4703E-01
  9.6404E+01  1.5301E-01  2.4712E-01
  9.6712E+01  1.5197E-01  2.4721E-01
  9.7020E+01  1.5096E-01  2.4730E-01
  9.7328E+01  1.4997E-01  2.4739E-01
  9.7636E+01  1.4898E-01  2.4748E-01
  9.7944E+01  1.4800E-01  2.4758E-01
  9.8252E+01  1.4702E-01  2.4767E-01
  9.8560E+01  1.4604E-01  2.4776E-01
  9.8868E+01  1.4505E-01  2.4785E-01
  9.9176E+01  1.4406E-01  2.4794E-01
  9.9484E+01  1.4307E-01  2.4803E-01
  9.9792E+01  1.4206E-01  2.4811E-01
  1.0010E+02  1.4106E-01  2.4820E-01
  1.0041E+02  1.4005E-01  2.4828E-01
  1.0072E+02  1.3904E-01  2.4836E-01
  1.0102E+02  1.3803E-01  2.4843E-01
  1.0133E+02  1.3703E-01  2.4850E-01
  1.0164E+02  1.3602E-01  2.4857E-01
  1.0195E+02  1.3502E-01  2.4864E-01
  1.0226E+02  1.3402E-01  2.4870E-01
  1.0256E+02  1.3302E-01  2.4877E-01
  1.0287E+02  1.3202E-01  2.4882E-01
  1.0318E+02  1.3102E-01  2.4888E-01
  1.0349E+02  1.3003E-01  2.4894E-01
  1.0380E+02  1.2903E-01  2.4899E-01
  1.0410E+02  1.2803E-01  2.4904E-01
  1.0441E+02  1.2702E-01  2.4909E-01
  1.0472E+02  1.2601E-01  2.4914E-01
  1.0503E+02  1.2500E-01  2.4918E-01
  1.0534E+02  1.2398E-01  2.4923E-01
  1.0564E+02  1.2295E-01  2.4927E-01
  1.0595E+02  1.2191E-01  2.4930E-01
  1.0626E+02  1.2087E-01  2.4934E-01
  1.0657E+02  1.1981E-01  2.4937E-01
  1.0688E+02  1.1875E-01  2.4939E-01
  1.0718E+02  1.1768E-01  2.4942E-01
  1.0749E+02  1.1661E-01  2.4944E-01
  1.0780E+02  1.1554E-01  2.4945E-01
  1.0811E+02  1.1447E-01  2.4947E-01
  1.0842E+02  1.1341E-01  2.4948E-01
  1.0872E+02  1.1235E-01  2.4948E-01
  1.0903E+02  1.1130E-01  2.4948E-01
  1.0934E+02  1.1026E-01  2.4948E-01
  1.0965E+02  1.0923E-01  2.4948E-01
  1.0996E+02  1.0821E-01  2.4947E-01
  1.1026E+02  1.0720E-01  2.4946E-01
  1.1057E+02  1.0621E-01  2.4945E-01
  1.1088E+02  1.0523E-01  2.4943E-01
  1.1119E+02  1.0427E-01  2.4941E-01
  1.1150E+02  1.0332E-01  2.4939E-01
  1.1180E+02  1.0239E-01  2.4937E-01
  1.1211E+02  1.0148E-01  2.4934E-01
  1.1242E+02  1.0058E-01  2.4932E-01
  1.1273E+02  9.9698E-02  2.4929E-01
  1.1304E+02  9.8826E-02  2.4926E-01
  1.1334E+02  9.7963E-02  2.4923E-01
  1.1365E+02  9.7107E-02  2.4920E-01
  1.1396E+02  9.6259E-02  2.4916E-01
  1.1427E+02  9.5416E-02  2.4913E-01
  1.1458E+02  9.4577E-02  2.4909E-01
  1.1488E+02  9.3741E-02  2.4905E-01
  1.1519E+02  9.2908E-02  2.4901E-01
  1.1550E+02  9.2077E-02  2.4897E-01
  1.1581E+02  9.1246E-02  2.4893E-01
  1.1612E+02  9.0415E-02  2.4888E-01
  1.1642E+02  8.9581E-02  2.4883E-01
  1.1673E+02  8.8742E-02  2.4878E-01
  1.1704E+02  8.7897E-02  2.4873E-01
  1.1735E+02  8.7043E-02  2.4867E-01
  1.1766E+02  8.6178E-02  2.4861E-01
  1.1796E+02  8.5301E-02  2.4855E-01
  1.1827E+02  8.4411E-02  2.4848E-01
  1.1858E+02  8.3506E-02  2.4841E-01
  1.1889E+02  8.2587E-02  2.4833E-01
  1.1920E+02  8.1653E-02  2.4825E-01
  1.1950E+02  8.0705E-02  2.4817E-01
  1.1981E+02  7.9743E-02  2.4808E-01
  1.2012E+02  7.8769E-02  2.4798E-01
  1.2043E+02  7.7784E-02  2.4788E-01
  1.2074E+02  7.6787E-02  2.4778E-01
  1.2104E+02  7.5780E-02  2.4767E-01
  1.2135E+02  7.4764E-02  2.4755E-01
  1.2166E+02  7.3739E-02  2.4743E-01
  1.2197E+02  7.2708E-02  2.4731E-01
  1.2228E+02  7.1672E-02  2.4718E-01
  1.2258E+02  7.0631E-02  2.4704E-01
  1.2289E+02  6.9588E-02  2.4690E-01
  1.2320E+02  6.8544E-02  2.4676E-01
  1.2351E+02  6.7499E-02  2.4661E-01
  1.2382E+02  6.6454E-02  2.4646E-01
  1.2412E+02  6.5410E-02  2.4630E-01
  1.2443E+02  6.4366E-02  2.4614E-01
  1.2474E+02  6.3323E-02  2.4597E-01
  1.2505E+02  6.2281E-02  2.4580E-01
  1.2536E+02  6.1239E-02  2.4563E-01
  1.2566E+02  6.0196E-02  2.4545E-01
  1.2597E+02  5.9153E-02  2.4527E-01
  1.2628E+02  5.8108E-02  2.4508E-01
  1.2659E+02  5.7061E-02  2.4489E-01
  1.2690E+02  5.6013E-02  2.4469E-01
  1.2720E+02  5.4964E-02  2.4449E-01
  1.2751E+02  5.3914E-02  2.4429E-01
  1.2782E+02  5.2867E-02  2.4408E-01
  1.2813E+02  5.1824E-02  2.4387E-01
  1.2844E+02  5.0787E-02  2.4365E-01
  1.2874E+02  4.9758E-02  2.4343E-01
  1.2905E+02  4.8738E-02  2.4321E-01
  1.2936E+02  4.7728E-02  2.4298E-01
  1.2967E+02  4.6730E-02  2.4275E-01
  1.2998E+02  4.5743E-02  2.4251E-01
  1.3028E+02  4.4766E-02  2.4228E-01
  1.3059E+02  4.3799E-02  2.4204E-01
  1.3090E+02  4.2839E-02  2.4179E-01
  1.3121E+02  4.1884E-02  2.4155E-01
  1.3152E+02  4.0932E-02  2.4130E-01
  1.3182E+02  3.9980E-02  2.4104E-01
  1.3213E+02  3.9024E-02  2.4079E-01
  1.3244E+02  3.8063E-02  2.4053E-01
  1.3275E+02  3.7094E-02  2.4027E-01
  1.3306E+02  3.6117E-02  2.4000E-01
  1.3336E+02  3.5132E-02  2.3973E-01
  1.3367E+02  3.4139E-02  2.3946E-01
  1.3398E+02  3.3140E-02  2.3918E-01
  1.3429E+02  3.2140E-02  2.3890E-01
  1.3460E+02  3.1141E-02  2.3861E-01
  1.3490E+02  3.0146E-02  2.3833E-01
  1.3521E+02  2.9160E-02  2.3803E-01
  1.3552E+02  2.8184E-02  2.3774E-01
  1.3583E+02  2.7220E-02  2.3744E-01
  1.3614E+02  2.6271E-02  2.3714E-01
  1.3644E+02  2.5336E-02  2.3684E-01
  1.3675E+02  2.4415E-02  2.3654E-01
  1.3706E+02  2.3507E-02  2.3624E-01
  1.3737E+02  2.2610E-02  2.3593E-01
  1.3768E+02  2.1720E-02  2.3563E-01
  1.3798E+02  2.0835E-02  2.3532E-01
  1.3829E+02  1.9950E-02  2.3501E-01
  1.3860E+02  1.9061E-02  2.3469E-01
  1.3891E+02  1.8163E-02  2.3438E-01
  1.3922E+02  1.7253E-02  2.3406E-01
  1.3952E+02  1.6327E-02  2.3374E-01
  1.3983E+02  1.5383E-02  2.3341E-01
  1.4014E+02  1.4421E-02  2.3308E-01
  1.4045E+02  1.3440E-02  2.3275E-01
  1.4076E+02  1.2442E-02  2.3241E-01
  1.4106E+02  1.1429E-02  2.3207E-01
  1.4137E+02  1.0407E-02  2.3172E-01
  1.4168E+02  9.3782E-03  2.3137E-01
  1.4199E+02  8.3498E-03  2.3101E-01
  1.4230E+02  7.3273E-03  2.3065E-01
  1.4260E+02  6.3166E-03  2.3028E-01
  1.4291E+02  5.3235E-03  2.2991E-01
  1.4322E+02  4.3534E-03  2.2954E-01
  1.4353E+02  3.4109E-03  2.2917E-01
  1.4384E+02  2.4996E-03  2.2879E-01
  1.4414E+02  1.6222E-03  2.2842E-01
  1.4445E+02  7.8014E-04  2.2805E-01
  1.4476E+02 -2.6352E-05  2.2767E-01
  1.4507E+02 -7.9834E-04  2.2730E-01
  1.4538E+02 -1.5381E-03  2.2693E-01
  1.4568E+02 -2.2492E-03  2.2656E-01
  1.4599E+02 -2.9360E-03  2.2619E-01
  1.4630E+02 -3.6040E-03  2.2582E-01
  1.4661E+02 -4.2594E-03  2.2546E-01
  1.4692E+02 -4.9086E-03  2.2510E-01
  1.4722E+02 -5.5585E-03  2.2473E-01
  1.4753E+02 -6.2157E-03  2.2437E-01
  1.4784E+02 -6.8863E-03  2.2400E-01
  1.4815E+02 -7.5760E-03  2.2364E-01
  1.4846E+02 -8.2892E-03  2.2327E-01
  1.4876E+02 -9.0297E-03  2.2290E-01
  1.4907E+02 -9.7999E-03  2.2252E-01
  1.4938E+02 -1.0601E-02  2.2214E-01
  1.4969E+02 -1.1433E-02  2.2176E-01
  1.5000E+02 -1.2295E-02  2.2137E-01
  1.5030E+02 -1.3184E-02  2.2097E-01
  1.5061E+02 -1.4098E-02  2.2057E-01
  1.5092E+02 -1.5033E-02  2.2017E-01
  1.5123E+02 -1.5982E-02  2.1975E-01
  1.5154E+02 -1.6942E-02  2.1934E-01
  1.5184E+02 -1.7906E-02  2.1891E-01
  1.5215E+02 -1.8868E-02  2.1849E-01
  1.5246E+02 -1.9823E-02  2.1805E-01
  1.5277E+02 -2.0765E-02  2.1762E-01
  1.5308E+02 -2.1690E-02  2.1718E-01
  1.5338E+02 -2.2593E-02  2.1674E-01
  1.5369E+02 -2.3472E-02  2.1630E-01
  1.5400E+02 -2.4323E-02  2.1586E-01
  1.5431E+02 -2.5147E-02  2.1541E-01
  1.5462E+02 -2.5942E-02  2.1497E-01
  1.5492E+02 -2.6709E-02  2.1453E-01
  1.5523E+02 -2.7452E-02  2.1409E-01
  1.5554E+02 -2.8171E-02  2.1364E-01
  1.5585E+02 -2.8871E-02  2.1320E-01
  1.5616E+02 -2.9556E-02  2.1276E-01
  1.5646E+02 -3.0229E-02  2.1232E-01
  1.5677E+02 -3.0895E-02  2.1188E-01
  1.5708E+02 -3.1558E-02  2.1144E-01
  1.5739E+02 -3.2222E-02  2.1100E-01
  1.5770E+02 -3.2891E-02  2.1055E-01
  1.5800E+02 -3.3568E-02  2.1011E-01
  1.5831E+02 -3.4255E-02  2.0966E-01
  1.5862E+02 -3.4956E-02  2.0921E-01
  1.5893E+02 -3.5671E-02  2.0876E-01
  1.5924E+02 -3.6402E-02  2.0830E-01
  1.5954E+02 -3.7149E-02  2.0784E-01
  1.5985E+02 -3.7910E-02  2.0737E-01
  1.6016E+02 -3.8686E-02  2.0690E-01
  1.6047E+02 -3.9473E-02  2.0643E-01
  1.6078E+02 -4.0269E-02  2.0595E-01
  1.6108E+02 -4.1072E-02  2.0547E-01
  1.6139E+02 -4.1878E-02  2.0498E-01
  1.6170E+02 -4.2685E-02  2.0449E-01
  1.6201E+02 -4.3490E-02  2.0400E-01
  1.6232E+02 -4.4289E-02  2.0350E-01
  1.6262E+02 -4.5081E-02  2.0300E-01
  1.6293E+02 -4.5864E-02  2.0250E-01
  1.6324E+02 -4.6635E-02  2.0199E-01
  1.6355E+02 -4.7394E-02  2.0149E-01
  1.6386E+02 -4.8141E-02  2.0098E-01
  1.6416E+02 -4.8874E-02  2.0047E-01
  1.6447E+02 -4.9595E-02  1.9996E-01
  1.6478E+02 -5.0304E-02  1.9944E-01
  1.6509E+02 -5.1002E-02  1.9893E-01
  1.6540E+02 -5.1690E-02  1.9842E-01
  1.6570E+02 -5.2371E-02  1.9790E-01
  1.6601E+02 -5.3046E-02  1.9739E-01
  1.6632E+02 -5.3716E-02  1.9687E-01
  1.6663E+02 -5.4384E-02  1.9636E-01
  1.6694E+02 -5.5050E-02  1.9584E-01
  1.6724E+02 -5.5716E-02  1.9532E-01
  1.6755E+02 -5.6384E-02  1.9480E-01
  1.6786E+02 -5.7055E-02  1.9427E-01
  1.6817E+02 -5.7729E-02  1.9375E-01
  1.6848E+02 -5.8408E-02  1.9322E-01
  1.6878E+02 -5.9091E-02  1.9269E-01
  1.6909E+02 -5.9781E-02  1.9216E-01
  1.6940E+02 -6.0475E-02  1.9162E-01
  1.6971E+02 -6.1176E-02  1.9108E-01
  1.7002E+02 -6.1881E-02  1.9054E-01
  1.7032E+02 -6.2591E-02  1.9000E-01
  1.7063E+02 -6.3305E-02  1.8945E-01
  1.7094E+02 -6.4021E-02  1.8890E-01
  1.7125E+02 -6.4739E-02  1.8835E-01
  1.7156E+02 -6.5458E-02  1.8779E-01
  1.7186E+02 -6.6176E-02  1.8723E-01
  1.7217E+02 -6.6892E-02  1.8667E-01
  1.7248E+02 -6.7605E-02  1.8611E-01
  1.7279E+02 -6.8315E-02  1.8554E-01
  1.7310E+02 -6.9020E-02  1.8498E-01
  1.7340E+02 -6.9720E-02  1.8441E-01
  1.7371E+02 -7.0414E-02  1.8383E-01
  1.7402E+02 -7.1103E-02  1.8326E-01
  1.7433E+02 -7.1787E-02  1.8268E-01
  1.7464E+02 -7.2464E-02  1.8211E-01
  1.7494E+02 -7.3136E-02  1.8153E-01
  1.7525E+02 -7.3803E-02  1.8095E-01
  1.7556E+02 -7.4463E-02  1.8037E-01
  1.7587E+02 -7.5118E-02  1.7978E-01
  1.7618E+02 -7.5768E-02  1.7920E-01
  1.7648E+02 -7.6413E-02  1.7861E-01
  1.7679E+02 -7.7052E-02  1.7803E-01
  1.7710E+02 -7.7686E-02  1.7744E-01
  1.7741E+02 -7.8315E-02  1.7685E-01
  1.7772E+02 -7.8940E-02  1.7626E-01
  1.7802E+02 -7.9559E-02  1.7567E-01
  1.7833E+02 -8.0173E-02  1.7507E-01
  1.7864E+02 -8.0784E-02  1.7448E-01
  1.7895E+02 -8.1390E-02  1.7388E-01
  1.7926E+02 -8.1992E-02  1.7329E-01
  1.7956E+02 -8.2592E-02  1.7269E-01
  1.7987E+02 -8.3189E-02  1.7209E-01
  1.8018E+02 -8.3783E-02  1.7149E-01
  1.8049E+02 -8.4376E-02  1.7089E-01
  1.8080E+02 -8.4968E-02  1.7028E-01
  1.8110E+02 -8.5558E-02  1.6968E-01
  1.8141E+02 -8.6148E-02  1.6907E-01
  1.8172E+02 -8.6738E-02  1.6846E-01
  1.8203E+02 -8.7327E-02  1.6785E-01
  1.8234E+02 -8.7917E-02  1.6724E-01
  1.8264E+02 -8.8506E-02  1.6663E-01
  1.8295E+02 -8.9094E-02  1.6602E-01
  1.8326E+02 -8.9682E-02  1.6540E-01
  1.8357E+02 -9.0270E-02  1.6479E-01
  1.8388E+02 -9.0856E-02  1.6417E-01
  1.8418E+02 -9.1440E-02  1.6355E-01
  1.8449E+02 -9.2023E-02  1.6293E-01
  1.8480E+02 -9.2603E-02  1.6231E-01
  1.8511E+02 -9.3182E-02  1.6168E-01
  1.8542E+02 -9.3758E-02  1.6106E-01
  1.8572E+02 -9.4331E-02  1.6043E-01
  1.8603E+02 -9.4903E-02  1.5980E-01
  1.8634E+02 -9.5472E-02  1.5918E-01
  1.8665E+02 -9.6039E-02  1.5855E-01
  1.8696E+02 -9.6604E-02  1.5791E-01
  1.8726E+02 -9.7167E-02  1.5728E-01
  1.8757E+02 -9.7727E-02  1.5665E-01
  1.8788E+02 -9.8285E-02  1.5601E-01
  1.8819E+02 -9.8842E-02  1.5538E-01
  1.8850E+02 -9.9395E-02  1.5474E-01
  1.8880E+02 -9.9947E-02  1.5410E-01
  1.8911E+02 -1.0050E-01  1.5346E-01
  1.8942E+02 -1.0104E-01  1.5282E-01
  1.8973E+02 -1.0159E-01  1.5217E-01
  1.9004E+02 -1.0213E-01  1.5153E-01
  1.9034E+02 -1.0267E-01  1.5088E-01
  1.9065E+02 -1.0320E-01  1.5024E-01
  1.9096E+02 -1.0373E-01  1.4959E-01
  1.9127E+02 -1.0425E-01  1.4894E-01
  1.9158E+02 -1.0477E-01  1.4829E-01
  1.9188E+02 -1.0529E-01  1.4764E-01
  1.9219E+02 -1.0580E-01  1.4699E-01
  1.9250E+02 -1.0630E-01  1.4633E-01
  1.9281E+02 -1.0680E-01  1.4568E-01
  1.9312E+02 -1.0729E-01  1.4503E-01
  1.9342E+02 -1.0778E-01  1.4437E-01
  1.9373E+02 -1.0826E-01  1.4371E-01
  1.9404E+02 -1.0874E-01  1.4306E-01
  1.9435E+02 -1.0921E-01  1.4240E-01
  1.9466E+02 -1.0968E-01  1.4174E-01
  1.9496E+02 -1.1014E-01  1.4108E-01
  1.9527E+02 -1.1060E-01  1.4042E-01
  1.9558E+02 -1.1105E-01  1.3976E-01
  1.9589E+02 -1.1150E-01  1.3910E-01
  1.9620E+02 -1.1194E-01  1.3844E-01
  1.9650E+02 -1.1239E-01  1.3778E-01
  1.9681E+02 -1.1282E-01  1.3712E-01
  1.9712E+02 -1.1326E-01  1.3645E-01
  1.9743E+02 -1.1369E-01  1.3579E-01
  1.9774E+02 -1.1412E-01  1.3512E-01
  1.9804E+02 -1.1455E-01  1.3446E-01
  1.9835E+02 -1.1497E-01  1.3379E-01
  1.9866E+02 -1.1539E-01  1.3312E-01
  1.9897E+02 -1.1580E-01  1.3245E-01
  1.9928E+02 -1.1621E-01  1.3178E-01
  1.9958E+02 -1.1662E-01  1.3111E-01
  1.9989E+02 -1.1702E-01  1.3044E-01
  2.0020E+02 -1.1742E-01  1.2977E-01
  2.0051E+02 -1.1782E-01  1.2910E-01
  2.0082E+02 -1.1821E-01  1.2843E-01
  2.0112E+02 -1.1860E-01  1.2776E-01
  2.0143E+02 -1.1899E-01  1.2709E-01
  2.0174E+02 -1.1937E-01  1.2641E-01
  2.0205E+02 -1.1975E-01  1.2574E-01
  2.0236E+02 -1.2013E-01  1.2506E-01
  2.0266E+02 -1.2051E-01  1.2439E-01
  2.0297E+02 -1.2088E-01  1.2371E-01
  2.0328E+02 -1.2126E-01  1.2304E-01
  2.0359E+02 -1.2163E-01  1.2236E-01
  2.0390E+02 -1.2200E-01  1.2168E-01
  2.0420E+02 -1.2238E-01  1.2101E-01
  2.0451E+02 -1.2275E-01  1.2033E-01
  2.0482E+02 -1.2312E-01  1.1965E-01
  2.0513E+02 -1.2349E-01  1.1897E-01
  2.0544E+02 -1.2386E-01  1.1829E-01
  2.0574E+02 -1.2422E-01  1.1761E-01
  2.0605E+02 -1.2459E-01  1.1693E-01
  2.0636E+02 -1.2496E-01  1.1624E-01
  2.0667E+02 -1.2532E-01  1.1556E-01
  2.0698E+02 -1.2569E-01  1.1488E-01
  2.0728E+02 -1.2605E-01  1.1419E-01
  2.0759E+02 -1.2641E-01  1.1351E-01
  2.0790E+02 -1.2677E-01  1.1282E-01
  2.0821E+02 -1.2713E-01  1.1214E-01
  2.0852E+02 -1.2748E-01  1.1145E-01
  2.0882E+02 -1.2784E-01  1.1076E-01
  2.0913E+02 -1.2820E-01  1.1007E-01
  2.0944E+02 -1.2855E-01  1.0938E-01
  2.0975E+02 -1.2891E-01  1.0869E-01
  2.1006E+02 -1.2926E-01  1.0800E-01
  2.1036E+02 -1.2962E-01  1.0731E-01
  2.1067E+02 -1.2997E-01  1.0662E-01
  2.1098E+02 -1.3033E-01  1.0592E-01
  2.1129E+02 -1.3068E-01  1.0523E-01
  2.1160E+02 -1.3104E-01  1.0453E-01
  2.1190E+02 -1.3139E-01  1.0383E-01
  2.1221E+02 -1.3174E-01  1.0314E-01
  2.1252E+02 -1.3209E-01  1.0244E-01
  2.1283E+02 -1.3244E-01  1.0174E-01
  2.1314E+02 -1.3278E-01  1.0104E-01
  2.1344E+02 -1.3312E-01  1.0034E-01
  2.1375E+02 -1.3346E-01  9.9635E-02
  2.1406E+02 -1.3379E-01  9.8933E-02
  2.1437E+02 -1.3412E-01  9.8230E-02
  2.1468E+02 -1.3444E-01  9.7527E-02
  2.1498E+02 -1.3476E-01  9.6824E-02
  2.1529E+02 -1.3507E-01  9.6120E-02
  2.1560E+02 -1.3538E-01  9.5416E-02
  2.1591E+02 -1.3568E-01  9.4712E-02
  2.1622E+02 -1.3598E-01  9.4008E-02
  2.1652E+02 -1.3628E-01  9.3304E-02
  2.1683E+02 -1.3656E-01  9.2599E-02
  2.1714E+02 -1.3685E-01  9.1894E-02
  2.1745E+02 -1.3713E-01  9.1189E-02
  2.1776E+02 -1.3741E-01  9.0484E-02
  2.1806E+02 -1.3769E-01  8.9778E-02
  2.1837E+02 -1.3796E-01  8.9072E-02
  2.1868E+02 -1.3824E-01  8.8366E-02
  2.1899E+02 -1.3851E-01  8.7659E-02
  2.1930E+02 -1.3878E-01  8.6951E-02
  2.1960E+02 -1.3905E-01  8.6244E-02
  2.1991E+02 -1.3932E-01  8.5535E-02
  2.2022E+02 -1.3958E-01  8.4827E-02
  2.2053E+02 -1.3985E-01  8.4117E-02
  2.2084E+02 -1.4011E-01  8.3408E-02
  2.2114E+02 -1.4037E-01  8.2698E-02
  2.2145E+02 -1.4062E-01  8.1988E-02
  2.2176E+02 -1.4088E-01  8.1277E-02
  2.2207E+02 -1.4113E-01  8.0567E-02
  2.2238E+02 -1.4137E-01  7.9856E-02
  2.2268E+02 -1.4161E-01  7.9145E-02
  2.2299E+02 -1.4185E-01  7.8435E-02
  2.2330E+02 -1.4207E-01  7.7724E-02
  2.2361E+02 -1.4230E-01  7.7014E-02
  2.2392E+02 -1.4252E-01  7.6304E-02
  2.2422E+02 -1.4273E-01  7.5595E-02
  2.2453E+02 -1.4294E-01  7.4886E-02
  2.2484E+02 -1.4314E-01  7.4178E-02
  2.2515E+02 -1.4333E-01  7.3470E-02
  2.2546E+02 -1.4352E-01  7.2762E-02
  2.2576E+02 -1.4371E-01  7.2055E-02
  2.2607E+02 -1.4389E-01  7.1349E-02
  2.2638E+02 -1.4407E-01  7.0643E-02
  2.2669E+02 -1.4425E-01  6.9938E-02
  2.2700E+02 -1.4442E-01  6.9232E-02
  2.2730E+02 -1.4459E-01  6.8528E-02
  2.2761E+02 -1.4476E-01  6.7823E-02
  2.2792E+02 -1.4493E-01  6.7119E-02
  2.2823E+02 -1.4510E-01  6.6414E-02
  2.2854E+02 -1.4527E-01  6.5710E-02
  2.2884E+02 -1.4543E-01  6.5006E-02
  2.2915E+02 -1.4560E-01  6.4302E-02
  2.2946E+02 -1.4576E-01  6.3598E-02
  2.2977E+02 -1.4593E-01  6.2894E-02
  2.3008E+02 -1.4609E-01  6.2190E-02
  2.3038E+02 -1.4625E-01  6.1486E-02
  2.3069E+02 -1.4641E-01  6.0782E-02
  2.3100E+02 -1.4657E-01  6.0078E-02
  2.3131E+02 -1.4672E-01  5.9374E-02
  2.3162E+02 -1.4687E-01  5.8670E-02
  2.3192E+02 -1.4702E-01  5.7966E-02
  2.3223E+02 -1.4717E-01  5.7263E-02
  2.3254E+02 -1.4731E-01  5.6560E-02
  2.3285E+02 -1.4744E-01  5.5857E-02
  2.3316E+02 -1.4758E-01  5.5155E-02
  2.3346E+02 -1.4770E-01  5.4454E-02
  2.3377E+02 -1.4783E-01  5.3753E-02
  2.3408E+02 -1.4794E-01  5.3053E-02
  2.3439E+02 -1.4806E-01  5.2353E-02
  2.3470E+02 -1.4816E-01  5.1654E-02
  2.3500E+02 -1.4827E-01  5.0956E-02
  2.3531E+02 -1.4837E-01  5.0259E-02
  2.3562E+02 -1.4846E-01  4.9562E-02
  2.3593E+02 -1.4856E-01  4.8866E-02
  2.3624E+02 -1.4865E-01  4.8171E-02
  2.3654E+02 -1.4873E-01  4.7476E-02
  2.3685E+02 -1.4882E-01  4.6781E-02
  2.3716E+02 -1.4890E-01  4.6088E-02
  2.3747E+02 -1.4899E-01  4.5395E-02
  2.3778E+02 -1.4907E-01  4.4702E-02
  2.3808E+02 -1.4915E-01  4.4009E-02
  2.3839E+02 -1.4923E-01  4.3317E-02
  2.3870E+02 -1.4931E-01  4.2626E-02
  2.3901E+02 -1.4939E-01  4.1934E-02
  2.3932E+02 -1.4947E-01  4.1243E-02
  2.3962E+02 -1.4955E-01  4.0552E-02
  2.3993E+02 -1.4963E-01  3.9861E-02
  2.4024E+02 -1.4971E-01  3.9171E-02
  2.4055E+02 -1.4979E-01  3.8480E-02
  2.4086E+02 -1.4986E-01  3.7790E-02
  2.4116E+02 -1.4994E-01  3.7100E-02
  2.4147E+02 -1.5002E-01  3.6411E-02
  2.4178E+02 -1.5010E-01  3.5721E-02
  2.4209E+02 -1.5018E-01  3.5032E-02
  2.4240E+02 -1.5026E-01  3.4343E-02
  2.4270E+02 -1.5033E-01  3.3654E-02
  2.4301E+02 -1.5041E-01  3.2966E-02
  2.4332E+02 -1.5048E-01  3.2277E-02
  2.4363E+02 -1.5055E-01  3.1590E-02
  2.4394E+02 -1.5063E-01  3.0902E-02
  2.4424E+02 -1.5070E-01  3.0215E-02
  2.4455E+02 -1.5077E-01  2.9528E-02
  2.4486E+02 -1.5083E-01  2.8842E-02
  2.4517E+02 -1.5090E-01  2.8156E-02
  2.4548E+02 -1.5096E-01  2.7471E-02
  2.4578E+02 -1.5103E-01  2.6786E-02
  2.4609E+02 -1.5109E-01  2.6101E-02
  2.4640E+02 -1.5115E-01  2.5416E-02
  2.4671E+02 -1.5120E-01  2.4732E-02
  2.4702E+02 -1.5126E-01  2.4048E-02
  2.4732E+02 -1.5131E-01  2.3365E-02
  2.4763E+02 -1.5137E-01  2.2682E-02
  2.4794E+02 -1.5142E-01  2.1999E-02
  2.4825E+02 -1.5147E-01  2.1317E-02
  2.4856E+02 -1.5151E-01  2.0635E-02
  2.4886E+02 -1.5156E-01  1.9953E-02
  2.4917E+02 -1.5160E-01  1.9272E-02
  2.4948E+02 -1.5164E-01  1.8591E-02
  2.4979E+02 -1.5167E-01  1.7910E-02
  2.5010E+02 -1.5171E-01  1.7230E-02
  2.5040E+02 -1.5174E-01  1.6550E-02
  2.5071E+02 -1.5177E-01  1.5871E-02
  2.5102E+02 -1.5179E-01  1.5192E-02
  2.5133E+02 -1.5182E-01  1.4513E-02
  2.5164E+02 -1.5184E-01  1.3836E-02
  2.5194E+02 -1.5185E-01  1.3158E-02
  2.5225E+02 -1.5186E-01  1.2481E-02
  2.5256E+02 -1.5187E-01  1.1805E-02
  2.5287E+02 -1.5187E-01  1.1130E-02
  2.5318E+02 -1.5187E-01  1.0455E-02
  2.5348E+02 -1.5187E-01  9.7810E-03
  2.5379E+02 -1.5186E-01  9.1077E-03
  2.5410E+02 -1.5184E-01  8.4352E-03
  2.5441E+02 -1.5182E-01  7.7636E-03
  2.5472E+02 -1.5180E-01  7.0928E-03
  2.5502E+02 -1.5177E-01  6.4229E-03
  2.5533E+02 -1.5174E-01  5.7540E-03
  2.5564E+02 -1.5170E-01  5.0860E-03
  2.5595E+02 -1.5165E-01  4.4191E-03
  2.5626E+02 -1.5161E-01  3.7532E-03
  2.5656E+02 -1.5155E-01  3.0884E-03
  2.5687E+02 -1.5149E-01  2.4246E-03
  2.5718E+02 -1.5143E-01  1.7621E-03
  2.5749E+02 -1.5136E-01  1.1007E-03
  2.5780E+02 -1.5128E-01  4.4048E-04
  2.5810E+02 -1.5121E-01 -2.1849E-04
  2.5841E+02 -1.5112E-01 -8.7622E-04
  2.5872E+02 -1.5103E-01 -1.5327E-03
  2.5903E+02 -1.5094E-01 -2.1878E-03
  2.5934E+02 -1.5084E-01 -2.8416E-03
  2.5964E+02 -1.5073E-01 -3.4941E-03
  2.5995E+02 -1.5063E-01 -4.1452E-03
  2.6026E+02 -1.5051E-01 -4.7949E-03
  2.6057E+02 -1.5040E-01 -5.4432E-03
  2.6088E+02 -1.5028E-01 -6.0900E-03
  2.6118E+02 -1.5015E-01 -6.7354E-03
  2.6149E+02 -1.5002E-01 -7.3794E-03
  2.6180E+02 -1.4989E-01 -8.0218E-03
  2.6211E+02 -1.4975E-01 -8.6627E-03
  2.6242E+02 -1.4962E-01 -9.3022E-03
  2.6272E+02 -1.4947E-01 -9.9401E-03
  2.6303E+02 -1.4933E-01 -1.0576E-02
  2.6334E+02 -1.4918E-01 -1.1211E-02
  2.6365E+02 -1.4903E-01 -1.1845E-02
  2.6396E+02 -1.4888E-01 -1.2476E-02
  2.6426E+02 -1.4872E-01 -1.3107E-02
  2.6457E+02 -1.4857E-01 -1.3735E-02
  2.6488E+02 -1.4841E-01 -1.4363E-02
  2.6519E+02 -1.4825E-01 -1.4988E-02
  2.6550E+02 -1.4810E-01 -1.5613E-02
  2.6580E+02 -1.4794E-01 -1.6235E-02
  2.6611E+02 -1.4778E-01 -1.6857E-02
  2.6642E+02 -1.4762E-01 -1.7477E-02
  2.6673E+02 -1.4746E-01 -1.8096E-02
  2.6704E+02 -1.4730E-01 -1.8713E-02
  2.6734E+02 -1.4715E-01 -1.9330E-02
  2.6765E+02 -1.4699E-01 -1.9945E-02
  2.6796E+02 -1.4683E-01 -2.0558E-02
  2.6827E+02 -1.4668E-01 -2.1171E-02
  2.6858E+02 -1.4653E-01 -2.1782E-02
  2.6888E+02 -1.4637E-01 -2.2393E-02
  2.6919E+02 -1.4622E-01 -2.3002E-02
  2.6950E+02 -1.4607E-01 -2.3610E-02
  2.6981E+02 -1.4593E-01 -2.4217E-02
  2.7012E+02 -1.4578E-01 -2.4823E-02
  2.7042E+02 -1.4564E-01 -2.5428E-02
  2.7073E+02 -1.4549E-01 -2.6033E-02
  2.7104E+02 -1.4535E-01 -2.6636E-02
  2.7135E+02 -1.4521E-01 -2.7238E-02
  2.7166E+02 -1.4507E-01 -2.7840E-02
  2.7196E+02 -1.4493E-01 -2.8440E-02
  2.7227E+02 -1.4480E-01 -2.9040E-02
  2.7258E+02 -1.4466E-01 -2.9639E-02
  2.7289E+02 -1.4453E-01 -3.0238E-02
  2.7320E+02 -1.4440E-01 -3.0835E-02
  2.7350E+02 -1.4427E-01 -3.1432E-02
  2.7381E+02 -1.4414E-01 -3.2028E-02
  2.7412E+02 -1.4401E-01 -3.2624E-02
  2.7443E+02 -1.4388E-01 -3.3218E-02
  2.7474E+02 -1.4375E-01 -3.3812E-02
  2.7504E+02 -1.4362E-01 -3.4406E-02
  2.7535E+02 -1.4350E-01 -3.4999E-02
  2.7566E+02 -1.4337E-01 -3.5591E-02
  2.7597E+02 -1.4325E-01 -3.6182E-02
  2.7628E+02 -1.4312E-01 -3.6773E-02
  2.7658E+02 -1.4299E-01 -3.7364E-02
  2.7689E+02 -1.4286E-01 -3.7953E-02
  2.7720E+02 -1.4273E-01 -3.8542E-02
  2.7751E+02 -1.4260E-01 -3.9130E-02
  2.7782E+02 -1.4247E-01 -3.9718E-02
  2.7812E+02 -1.4234E-01 -4.0304E-02
  2.7843E+02 -1.4221E-01 -4.0891E-02
  2.7874E+02 -1.4207E-01 -4.1476E-02
  2.7905E+02 -1.4193E-01 -4.2060E-02
  2.7936E+02 -1.4179E-01 -4.2644E-02
  2.7966E+02 -1.4164E-01 -4.3227E-02
  2.7997E+02 -1.4150E-01 -4.3809E-02
  2.8028E+02 -1.4135E-01 -4.4390E-02
  2.8059E+02 -1.4119E-01 -4.4970E-02
  2.8090E+02 -1.4103E-01 -4.5549E-02
  2.8120E+02 -1.4087E-01 -4.6128E-02
  2.8151E+02 -1.4071E-01 -4.6705E-02
  2.8182E+02 -1.4054E-01 -4.7281E-02
  2.8213E+02 -1.4036E-01 -4.7856E-02
  2.8244E+02 -1.4018E-01 -4.8430E-02
  2.8274E+02 -1.4000E-01 -4.9002E-02
  2.8305E+02 -1.3981E-01 -4.9573E-02
  2.8336E+02 -1.3961E-01 -5.0143E-02
  2.8367E+02 -1.3941E-01 -5.0712E-02
  2.8398E+02 -1.3921E-01 -5.1279E-02
  2.8428E+02 -1.3899E-01 -5.1845E-02
  2.8459E+02 -1.3877E-01 -5.2409E-02
  2.8490E+02 -1.3855E-01 -5.2971E-02
  2.8521E+02 -1.3831E-01 -5.3532E-02
  2.8552E+02 -1.3807E-01 -5.4091E-02
  2.8582E+02 -1.3783E-01 -5.4648E-02
  2.8613E+02 -1.3758E-01 -5.5204E-02
  2.8644E+02 -1.3732E-01 -5.5757E-02
  2.8675E+02 -1.3705E-01 -5.6308E-02
  2.8706E+02 -1.3677E-01 -5.6858E-02
  2.8736E+02 -1.3649E-01 -5.7405E-02
  2.8767E+02 -1.3621E-01 -5.7951E-02
  2.8798E+02 -1.3591E-01 -5.8494E-02
  2.8829E+02 -1.3561E-01 -5.9035E-02
  2.8860E+02 -1.3531E-01 -5.9573E-02
  2.8890E+02 -1.3499E-01 -6.0110E-02
  2.8921E+02 -1.3467E-01 -6.0644E-02
  2.8952E+02 -1.3435E-01 -6.1176E-02
  2.8983E+02 -1.3402E-01 -6.1705E-02
  2.9014E+02 -1.3368E-01 -6.2232E-02
  2.9044E+02 -1.3334E-01 -6.2757E-02
  2.9075E+02 -1.3300E-01 -6.3279E-02
  2.9106E+02 -1.3265E-01 -6.3799E-02
  2.9137E+02 -1.3229E-01 -6.4316E-02
  2.9168E+02 -1.3194E-01 -6.4831E-02
  2.9198E+02 -1.3157E-01 -6.5343E-02
  2.9229E+02 -1.3121E-01 -6.5853E-02
  2.9260E+02 -1.3084E-01 -6.6360E-02
  2.9291E+02 -1.3047E-01 -6.6865E-02
  2.9322E+02 -1.3009E-01 -6.7367E-02
  2.9352E+02 -1.2972E-01 -6.7866E-02
  2.9383E+02 -1.2934E-01 -6.8363E-02
  2.9414E+02 -1.2896E-01 -6.8858E-02
  2.9445E+02 -1.2858E-01 -6.9350E-02
  2.9476E+02 -1.2820E-01 -6.9840E-02
  2.9506E+02 -1.2782E-01 -7.0327E-02
  2.9537E+02 -1.2744E-01 -7.0812E-02
  2.9568E+02 -1.2706E-01 -7.1295E-02
  2.9599E+02 -1.2668E-01 -7.1776E-02
  2.9630E+02 -1.2630E-01 -7.2254E-02
  2.9660E+02 -1.2593E-01 -7.2730E-02
  2.9691E+02 -1.2555E-01 -7.3204E-02
  2.9722E+02 -1.2518E-01 -7.3676E-02
  2.9753E+02 -1.2481E-01 -7.4146E-02
  2.9784E+02 -1.2445E-01 -7.4614E-02
  2.9814E+02 -1.2409E-01 -7.5081E-02
  2.9845E+02 -1.2373E-01 -7.5545E-02
  2.9876E+02 -1.2338E-01 -7.6008E-02
  2.9907E+02 -1.2303E-01 -7.6470E-02
  2.9938E+02 -1.2269E-01 -7.6929E-02
  2.9968E+02 -1.2235E-01 -7.7388E-02
  2.9999E+02 -1.2202E-01 -7.7845E-02
  3.0030E+02 -1.2169E-01 -7.8300E-02
  3.0061E+02 -1.2136E-01 -7.8754E-02
  3.0092E+02 -1.2104E-01 -7.9207E-02
  3.0122E+02 -1.2073E-01 -7.9659E-02
  3.0153E+02 -1.2042E-01 -8.0110E-02
  3.0184E+02 -1.2012E-01 -8.0560E-02
  3.0215E+02 -1.1982E-01 -8.1008E-02
  3.0246E+02 -1.1952E-01 -8.1456E-02
  3.0276E+02 -1.1923E-01 -8.1903E-02
  3.0307E+02 -1.1895E-01 -8.2349E-02
  3.0338E+02 -1.1867E-01 -8.2794E-02
  3.0369E+02 -1.1840E-01 -8.3238E-02
  3.0400E+02 -1.1813E-01 -8.3682E-02
  3.0430E+02 -1.1786E-01 -8.4124E-02
  3.0461E+02 -1.1760E-01 -8.4567E-02
  3.0492E+02 -1.1734E-01 -8.5008E-02
  3.0523E+02 -1.1709E-01 -8.5449E-02
  3.0554E+02 -1.1684E-01 -8.5889E-02
  3.0584E+02 -1.1659E-01 -8.6329E-02
  3.0615E+02 -1.1635E-01 -8.6769E-02
  3.0646E+02 -1.1611E-01 -8.7207E-02
  3.0677E+02 -1.1587E-01 -8.7646E-02
  3.0708E+02 -1.1564E-01 -8.8084E-02
  3.0738E+02 -1.1540E-01 -8.8521E-02
  3.0769E+02 -1.1517E-01 -8.8958E-02
  3.0800E+02 -1.1494E-01 -8.9395E-02
  3.0831E+02 -1.1472E-01 -8.9831E-02
  3.0862E+02 -1.1449E-01 -9.0266E-02
  3.0892E+02 -1.1426E-01 -9.0702E-02
  3.0923E+02 -1.1403E-01 -9.1136E-02
  3.0954E+02 -1.1380E-01 -9.1570E-02
  3.0985E+02 -1.1358E-01 -9.2004E-02
  3.1016E+02 -1.1334E-01 -9.2437E-02
  3.1046E+02 -1.1311E-01 -9.2869E-02
  3.1077E+02 -1.1288E-01 -9.3301E-02
  3.1108E+02 -1.1264E-01 -9.3732E-02
  3.1139E+02 -1.1240E-01 -9.4162E-02
  3.1170E+02 -1.1215E-01 -9.4591E-02
  3.1200E+02 -1.1190E-01 -9.5019E-02
  3.1231E+02 -1.1164E-01 -9.5447E-02
  3.1262E+02 -1.1138E-01 -9.5873E-02
  3.1293E+02 -1.1111E-01 -9.6298E-02
  3.1324E+02 -1.1084E-01 -9.6721E-02
  3.1354E+02 -1.1056E-01 -9.7143E-02
  3.1385E+02 -1.1027E-01 -9.7564E-02
  3.1416E+02 -1.0998E-01 -9.7984E-02
  3.1447E+02 -1.0967E-01 -9.8401E-02
  3.1478E+02 -1.0936E-01 -9.8817E-02
  3.1508E+02 -1.0904E-01 -9.9231E-02
  3.1539E+02 -1.0871E-01 -9.9643E-02
  3.1570E+02 -1.0837E-01 -1.0005E-01
  3.1601E+02 -1.0802E-01 -1.0046E-01
  3.1632E+02 -1.0766E-01 -1.0087E-01
  3.1662E+02 -1.0729E-01 -1.0127E-01
  3.1693E+02 -1.0691E-01 -1.0167E-01
  3.1724E+02 -1.0652E-01 -1.0207E-01
  3.1755E+02 -1.0612E-01 -1.0247E-01
  3.1786E+02 -1.0571E-01 -1.0286E-01
  3.1816E+02 -1.0529E-01 -1.0325E-01
  3.1847E+02 -1.0486E-01 -1.0364E-01
  3.1878E+02 -1.0442E-01 -1.0402E-01
  3.1909E+02 -1.0397E-01 -1.0440E-01
  3.1940E+02 -1.0350E-01 -1.0478E-01
  3.1970E+02 -1.0303E-01 -1.0516E-01
  3.2001E+02 -1.0255E-01 -1.0553E-01
  3.2032E+02 -1.0206E-01 -1.0590E-01
  3.2063E+02 -1.0156E-01 -1.0626E-01
  3.2094E+02 -1.0105E-01 -1.0662E-01
  3.2124E+02 -1.0054E-01 -1.0698E-01
  3.2155E+02 -1.0001E-01 -1.0734E-01
  3.2186E+02 -9.9476E-02 -1.0769E-01
  3.2217E+02 -9.8934E-02 -1.0804E-01
  3.2248E+02 -9.8385E-02 -1.0838E-01
  3.2278E+02 -9.7829E-02 -1.0872E-01
  3.2309E+02 -9.7267E-02 -1.0906E-01
  3.2340E+02 -9.6699E-02 -1.0939E-01
  3.2371E+02 -9.6125E-02 -1.0972E-01
  3.2402E+02 -9.5546E-02 -1.1004E-01
  3.2432E+02 -9.4963E-02 -1.1036E-01
  3.2463E+02 -9.4376E-02 -1.1068E-01
  3.2494E+02 -9.3785E-02 -1.1100E-01
  3.2525E+02 -9.3191E-02 -1.1131E-01
  3.2556E+02 -9.2595E-02 -1.1161E-01
  3.2586E+02 -9.1997E-02 -1.1192E-01
  3.2617E+02 -9.1399E-02 -1.1222E-01
  3.2648E+02 -9.0799E-02 -1.1251E-01
  3.2679E+02 -9.0199E-02 -1.1280E-01
  3.2710E+02 -8.9600E-02 -1.1309E-01
  3.2740E+02 -8.9003E-02 -1.1338E-01
  3.2771E+02 -8.8407E-02 -1.1366E-01
  3.2802E+02 -8.7813E-02 -1.1394E-01
  3.2833E+02 -8.7222E-02 -1.1422E-01
  3.2864E+02 -8.6635E-02 -1.1449E-01
  3.2894E+02 -8.6052E-02 -1.1476E-01
  3.2925E+02 -8.5474E-02 -1.1503E-01
  3.2956E+02 -8.4900E-02 -1.1529E-01
  3.2987E+02 -8.4333E-02 -1.1555E-01
  3.3018E+02 -8.3772E-02 -1.1581E-01
  3.3048E+02 -8.3218E-02 -1.1607E-01
  3.3079E+02 -8.2671E-02 -1.1632E-01
  3.3110E+02 -8.2132E-02 -1.1658E-01
  3.3141E+02 -8.1601E-02 -1.1683E-01
  3.3172E+02 -8.1079E-02 -1.1707E-01
  3.3202E+02 -8.0565E-02 -1.1732E-01
  3.3233E+02 -8.0061E-02 -1.1757E-01
  3.3264E+02 -7.9567E-02 -1.1781E-01
  3.3295E+02 -7.9083E-02 -1.1805E-01
  3.3326E+02 -7.8609E-02 -1.1829E-01
  3.3356E+02 -7.8146E-02 -1.1853E-01
  3.3387E+02 -7.7694E-02 -1.1877E-01
  3.3418E+02 -7.7252E-02 -1.1900E-01
  3.3449E+02 -7.6822E-02 -1.1924E-01
  3.3480E+02 -7.6403E-02 -1.1947E-01
  3.3510E+02 -7.5995E-02 -1.1971E-01
  3.3541E+02 -7.5598E-02 -1.1994E-01
  3.3572E+02 -7.5213E-02 -1.2017E-01
  3.3603E+02 -7.4839E-02 -1.2041E-01
  3.3634E+02 -7.4476E-02 -1.2064E-01
  3.3664E+02 -7.4124E-02 -1.2087E-01
  3.3695E+02 -7.3783E-02 -1.2111E-01
  3.3726E+02 -7.3453E-02 -1.2134E-01
  3.3757E+02 -7.3133E-02 -1.2157E-01
  3.3788E+02 -7.2823E-02 -1.2180E-01
  3.3818E+02 -7.2523E-02 -1.2204E-01
  3.3849E+02 -7.2233E-02 -1.2227E-01
  3.3880E+02 -7.1952E-02 -1.2250E-01
  3.3911E+02 -7.1679E-02 -1.2274E-01
  3.3942E+02 -7.1414E-02 -1.2297E-01
  3.3972E+02 -7.1157E-02 -1.2321E-01
  3.4003E+02 -7.0908E-02 -1.2344E-01
  3.4034E+02 -7.0665E-02 -1.2368E-01
  3.4065E+02 -7.0428E-02 -1.2391E-01
  3.4096E+02 -7.0196E-02 -1.2415E-01
  3.4126E+02 -6.9970E-02 -1.2439E-01
  3.4157E+02 -6.9747E-02 -1.2463E-01
  3.4188E+02 -6.9529E-02 -1.2487E-01
  3.4219E+02 -6.9313E-02 -1.2510E-01
  3.4250E+02 -6.9099E-02 -1.2534E-01
  3.4280E+02 -6.8887E-02 -1.2558E-01
  3.4311E+02 -6.8675E-02 -1.2582E-01
  3.4342E+02 -6.8464E-02 -1.2606E-01
  3.4373E+02 -6.8251E-02 -1.2630E-01
  3.4404E+02 -6.8038E-02 -1.2654E-01
  3.4434E+02 -6.7822E-02 -1.2678E-01
  3.4465E+02 -6.7603E-02 -1.2703E-01
  3.4496E+02 -6.7381E-02 -1.2727E-01
  3.4527E+02 -6.7154E-02 -1.2751E-01
  3.4558E+02 -6.6922E-02 -1.2775E-01
  3.4588E+02 -6.6685E-02 -1.2798E-01
  3.4619E+02 -6.6441E-02 -1.2822E-01
  3.4650E+02 -6.6189E-02 -1.2846E-01
  3.4681E+02 -6.5930E-02 -1.2870E-01
  3.4712E+02 -6.5662E-02 -1.2893E-01
  3.4742E+02 -6.5386E-02 -1.2917E-01
  3.4773E+02 -6.5099E-02 -1.2940E-01
  3.4804E+02 -6.4803E-02 -1.2963E-01
  3.4835E+02 -6.4495E-02 -1.2987E-01
  3.4866E+02 -6.4176E-02 -1.3009E-01
  3.4896E+02 -6.3845E-02 -1.3032E-01
  3.4927E+02 -6.3503E-02 -1.3055E-01
  3.4958E+02 -6.3147E-02 -1.3077E-01
  3.4989E+02 -6.2779E-02 -1.3099E-01
  3.5020E+02 -6.2397E-02 -1.3121E-01
  3.5050E+02 -6.2002E-02 -1.3142E-01
  3.5081E+02 -6.1593E-02 -1.3164E-01
  3.5112E+02 -6.1169E-02 -1.3185E-01
  3.5143E+02 -6.0732E-02 -1.3205E-01
  3.5174E+02 -6.0281E-02 -1.3226E-01
  3.5204E+02 -5.9815E-02 -1.3246E-01
  3.5235E+02 -5.9335E-02 -1.3265E-01
  3.5266E+02 -5.8840E-02 -1.3285E-01
  3.5297E+02 -5.8331E-02 -1.3304E-01
  3.5328E+02 -5.7808E-02 -1.3322E-01
  3.5358E+02 -5.7272E-02 -1.3340E-01
  3.5389E+02 -5.6721E-02 -1.3358E-01
  3.5420E+02 -5.6157E-02 -1.3375E-01
  3.5451E+02 -5.5579E-02 -1.3392E-01
  3.5482E+02 -5.4988E-02 -1.3409E-01
  3.5512E+02 -5.4385E-02 -1.3425E-01
  3.5543E+02 -5.3770E-02 -1.3440E-01
  3.5574E+02 -5.3142E-02 -1.3456E-01
  3.5605E+02 -5.2503E-02 -1.3470E-01
  3.5636E+02 -5.1854E-02 -1.3484E-01
  3.5666E+02 -5.1193E-02 -1.3498E-01
  3.5697E+02 -5.0523E-02 -1.3511E-01
  3.5728E+02 -4.9844E-02 -1.3524E-01
  3.5759E+02 -4.9156E-02 -1.3536E-01
  3.5790E+02 -4.8460E-02 -1.3548E-01
  3.5820E+02 -4.7756E-02 -1.3560E-01
  3.5851E+02 -4.7046E-02 -1.3570E-01
  3.5882E+02 -4.6329E-02 -1.3581E-01
  3.5913E+02 -4.5607E-02 -1.3591E-01
  3.5944E+02 -4.4881E-02 -1.3600E-01
  3.5974E+02 -4.4150E-02 -1.3609E-01
  3.6005E+02 -4.3416E-02 -1.3617E-01
  3.6036E+02 -4.2680E-02 -1.3626E-01
  3.6067E+02 -4.1942E-02 -1.3633E-01
  3.6098E+02 -4.1203E-02 -1.3640E-01
  3.6128E+02 -4.0464E-02 -1.3647E-01
  3.6159E+02 -3.9726E-02 -1.3653E-01
  3.6190E+02 -3.8988E-02 -1.3659E-01
  3.6221E+02 -3.8253E-02 -1.3664E-01
  3.6252E+02 -3.7521E-02 -1.3669E-01
  3.6282E+02 -3.6793E-02 -1.3674E-01
  3.6313E+02 -3.6069E-02 -1.3678E-01
  3.6344E+02 -3.5350E-02 -1.3682E-01
  3.6375E+02 -3.4637E-02 -1.3686E-01
  3.6406E+02 -3.3931E-02 -1.3689E-01
  3.6436E+02 -3.3233E-02 -1.3692E-01
  3.6467E+02 -3.2542E-02 -1.3694E-01
  3.6498E+02 -3.1861E-02 -1.3697E-01
  3.6529E+02 -3.1189E-02 -1.3699E-01
  3.6560E+02 -3.0527E-02 -1.3700E-01
  3.6590E+02 -2.9875E-02 -1.3702E-01
  3.6621E+02 -2.9236E-02 -1.3703E-01
  3.6652E+02 -2.8608E-02 -1.3704E-01
  3.6683E+02 -2.7993E-02 -1.3705E-01
  3.6714E+02 -2.7390E-02 -1.3706E-01
  3.6744E+02 -2.6801E-02 -1.3707E-01
  3.6775E+02 -2.6227E-02 -1.3707E-01
  3.6806E+02 -2.5666E-02 -1.3707E-01
  3.6837E+02 -2.5120E-02 -1.3708E-01
  3.6868E+02 -2.4589E-02 -1.3708E-01
  3.6898E+02 -2.4073E-02 -1.3708E-01
  3.6929E+02 -2.3573E-02 -1.3708E-01
  3.6960E+02 -2.3088E-02 -1.3708E-01
  3.6991E+02 -2.2619E-02 -1.3708E-01
  3.7022E+02 -2.2166E-02 -1.3708E-01
  3.7052E+02 -2.1728E-02 -1.3708E-01
  3.7083E+02 -2.1306E-02 -1.3708E-01
  3.7114E+02 -2.0900E-02 -1.3708E-01
  3.7145E+02 -2.0509E-02 -1.3708E-01
  3.7176E+02 -2.0133E-02 -1.3708E-01
  3.7206E+02 -1.9773E-02 -1.3708E-01
  3.7237E+02 -1.9427E-02 -1.3708E-01
  3.7268E+02 -1.9096E-02 -1.3709E-01
  3.7299E+02 -1.8779E-02 -1.3709E-01
  3.7330E+02 -1.8476E-02 -1.3710E-01
  3.7360E+02 -1.8186E-02 -1.3711E-01
  3.7391E+02 -1.7908E-02 -1.3712E-01
  3.7422E+02 -1.7643E-02 -1.3713E-01
  3.7453E+02 -1.7389E-02 -1.3714E-01
  3.7484E+02 -1.7146E-02 -1.3715E-01
  3.7514E+02 -1.6913E-02 -1.3716E-01
  3.7545E+02 -1.6690E-02 -1.3718E-01
  3.7576E+02 -1.6476E-02 -1.3720E-01
  3.7607E+02 -1.6271E-02 -1.3722E-01
  3.7638E+02 -1.6072E-02 -1.3724E-01
  3.7668E+02 -1.5880E-02 -1.3726E-01
  3.7699E+02 -1.5695E-02 -1.3728E-01
  3.7730E+02 -1.5514E-02 -1.3731E-01
  3.7761E+02 -1.5337E-02 -1.3733E-01
  3.7792E+02 -1.5164E-02 -1.3736E-01
  3.7822E+02 -1.4993E-02 -1.3739E-01
  3.7853E+02 -1.4824E-02 -1.3742E-01
  3.7884E+02 -1.4656E-02 -1.3745E-01
  3.7915E+02 -1.4487E-02 -1.3748E-01
  3.7946E+02 -1.4318E-02 -1.3751E-01
  3.7976E+02 -1.4147E-02 -1.3754E-01
  3.8007E+02 -1.3973E-02 -1.3758E-01
  3.8038E+02 -1.3795E-02 -1.3761E-01
  3.8069E+02 -1.3613E-02 -1.3764E-01
  3.8100E+02 -1.3426E-02 -1.3768E-01
  3.8130E+02 -1.3232E-02 -1.3771E-01
  3.8161E+02 -1.3032E-02 -1.3775E-01
  3.8192E+02 -1.2824E-02 -1.3778E-01
  3.8223E+02 -1.2608E-02 -1.3781E-01
  3.8254E+02 -1.2382E-02 -1.3785E-01
  3.8284E+02 -1.2146E-02 -1.3788E-01
  3.8315E+02 -1.1900E-02 -1.3791E-01
  3.8346E+02 -1.1643E-02 -1.3794E-01
  3.8377E+02 -1.1373E-02 -1.3797E-01
  3.8408E+02 -1.1092E-02 -1.3800E-01
  3.8438E+02 -1.0797E-02 -1.3802E-01
  3.8469E+02 -1.0488E-02 -1.3805E-01
  3.8500E+02 -1.0166E-02 -1.3807E-01
  3.8531E+02 -9.8288E-03 -1.3809E-01
  3.8562E+02 -9.4771E-03 -1.3810E-01
  3.8592E+02 -9.1103E-03 -1.3812E-01
  3.8623E+02 -8.7280E-03 -1.3813E-01
  3.8654E+02 -8.3301E-03 -1.3814E-01
  3.8685E+02 -7.9163E-03 -1.3814E-01
  3.8716E+02 -7.4866E-03 -1.3814E-01
  3.8746E+02 -7.0407E-03 -1.3814E-01
  3.8777E+02 -6.5788E-03 -1.3813E-01
  3.8808E+02 -6.1008E-03 -1.3813E-01
  3.8839E+02 -5.6067E-03 -1.3811E-01
  3.8870E+02 -5.0968E-03 -1.3809E-01
  3.8900E+02 -4.5712E-03 -1.3807E-01
  3.8931E+02 -4.0300E-03 -1.3805E-01
  3.8962E+02 -3.4737E-03 -1.3802E-01
  3.8993E+02 -2.9025E-03 -1.3798E-01
  3.9024E+02 -2.3167E-03 -1.3794E-01
  3.9054E+02 -1.7169E-03 -1.3789E-01
  3.9085E+02 -1.1035E-03 -1.3784E-01
  3.9116E+02 -4.7695E-04 -1.3779E-01
  3.9147E+02  1.6213E-04 -1.3773E-01
  3.9178E+02  8.1317E-04 -1.3766E-01
  3.9208E+02  1.4755E-03 -1.3759E-01
  3.9239E+02  2.1485E-03 -1.3752E-01
  3.9270E+02  2.8315E-03 -1.3744E-01
  3.9301E+02  3.5236E-03 -1.3735E-01
  3.9332E+02  4.2242E-03 -1.3726E-01
  3.9362E+02  4.9324E-03 -1.3716E-01
  3.9393E+02  5.6475E-03 -1.3706E-01
  3.9424E+02  6.3685E-03 -1.3695E-01
  3.9455E+02  7.0947E-03 -1.3684E-01
  3.9486E+02  7.8252E-03 -1.3672E-01
  3.9516E+02  8.5590E-03 -1.3660E-01
  3.9547E+02  9.2952E-03 -1.3647E-01
  3.9578E+02  1.0033E-02 -1.3634E-01
  3.9609E+02  1.0772E-02 -1.3620E-01
  3.9640E+02  1.1510E-02 -1.3606E-01
  3.9670E+02  1.2247E-02 -1.3591E-01
  3.9701E+02  1.2982E-02 -1.3576E-01
  3.9732E+02  1.3713E-02 -1.3560E-01
  3.9763E+02  1.4441E-02 -1.3544E-01
  3.9794E+02  1.5164E-02 -1.3528E-01
  3.9824E+02  1.5881E-02 -1.3511E-01
  3.9855E+02  1.6592E-02 -1.3494E-01
  3.9886E+02  1.7295E-02 -1.3476E-01
  3.9917E+02  1.7990E-02 -1.3459E-01
  3.9948E+02  1.8675E-02 -1.3440E-01
  3.9978E+02  1.9350E-02 -1.3422E-01
  4.0009E+02  2.0015E-02 -1.3403E-01
  4.0040E+02  2.0668E-02 -1.3384E-01
  4.0071E+02  2.1308E-02 -1.3365E-01
  4.0102E+02  2.1936E-02 -1.3345E-01
  4.0132E+02  2.2550E-02 -1.3325E-01
  4.0163E+02  2.3149E-02 -1.3306E-01
  4.0194E+02  2.3733E-02 -1.3285E-01
  4.0225E+02  2.4302E-02 -1.3265E-01
  4.0256E+02  2.4855E-02 -1.3245E-01
  4.0286E+02  2.5390E-02 -1.3225E-01
  4.0317E+02  2.5909E-02 -1.3204E-01
  4.0348E+02  2.6410E-02 -1.3183E-01
  4.0379E+02  2.6893E-02 -1.3163E-01
  4.0410E+02  2.7358E-02 -1.3142E-01
  4.0440E+02  2.7804E-02 -1.3122E-01
  4.0471E+02  2.8231E-02 -1.3101E-01
  4.0502E+02  2.8639E-02 -1.3081E-01
  4.0533E+02  2.9028E-02 -1.3060E-01
  4.0564E+02  2.9397E-02 -1.3040E-01
  4.0594E+02  2.9747E-02 -1.3019E-01
  4.0625E+02  3.0077E-02 -1.2999E-01
  4.0656E+02  3.0388E-02 -1.2979E-01
  4.0687E+02  3.0680E-02 -1.2959E-01
  4.0718E+02  3.0952E-02 -1.2940E-01
  4.0748E+02  3.1205E-02 -1.2920E-01
  4.0779E+02  3.1439E-02 -1.2901E-01
  4.0810E+02  3.1654E-02 -1.2882E-01
  4.0841E+02  3.1852E-02 -1.2863E-01
  4.0872E+02  3.2031E-02 -1.2844E-01
  4.0902E+02  3.2193E-02 -1.2826E-01
  4.0933E+02  3.2337E-02 -1.2808E-01
  4.0964E+02  3.2466E-02 -1.2790E-01
  4.0995E+02  3.2578E-02 -1.2773E-01
  4.1026E+02  3.2675E-02 -1.2755E-01
  4.1056E+02  3.2757E-02 -1.2739E-01
  4.1087E+02  3.2825E-02 -1.2722E-01
  4.1118E+02  3.2880E-02 -1.2706E-01
  4.1149E+02  3.2922E-02 -1.2690E-01
  4.1180E+02  3.2953E-02 -1.2674E-01
  4.1210E+02  3.2973E-02 -1.2658E-01
  4.1241E+02  3.2982E-02 -1.2643E-01
  4.1272E+02  3.2983E-02 -1.2628E-01
  4.1303E+02  3.2975E-02 -1.2614E-01
  4.1334E+02  3.2961E-02 -1.2600E-01
  4.1364E+02  3.2940E-02 -1.2586E-01
  4.1395E+02  3.2914E-02 -1.2572E-01
  4.1426E+02  3.2884E-02 -1.2559E-01
  4.1457E+02  3.2851E-02 -1.2546E-01
  4.1488E+02  3.2816E-02 -1.2533E-01
  4.1518E+02  3.2780E-02 -1.2520E-01
  4.1549E+02  3.2744E-02 -1.2508E-01
  4.1580E+02  3.2709E-02 -1.2496E-01
  4.1611E+02  3.2677E-02 -1.2484E-01
  4.1642E+02  3.2648E-02 -1.2472E-01
  4.1672E+02  3.2624E-02 -1.2460E-01
  4.1703E+02  3.2606E-02 -1.2449E-01
  4.1734E+02  3.2594E-02 -1.2438E-01
  4.1765E+02  3.2590E-02 -1.2426E-01
  4.1796E+02  3.2596E-02 -1.2415E-01
  4.1826E+02  3.2610E-02 -1.2404E-01
  4.1857E+02  3.2636E-02 -1.2393E-01
  4.1888E+02  3.2674E-02 -1.2382E-01
  4.1919E+02  3.2725E-02 -1.2371E-01
  4.1950E+02  3.2789E-02 -1.2360E-01
  4.1980E+02  3.2868E-02 -1.2349E-01
  4.2011E+02  3.2962E-02 -1.2338E-01
  4.2042E+02  3.3073E-02 -1.2327E-01
  4.2073E+02  3.3201E-02 -1.2316E-01
  4.2104E+02  3.3347E-02 -1.2304E-01
  4.2134E+02  3.3511E-02 -1.2293E-01
  4.2165E+02  3.3694E-02 -1.2281E-01
  4.2196E+02  3.3897E-02 -1.2269E-01
  4.2227E+02  3.4121E-02 -1.2257E-01
  4.2258E+02  3.4365E-02 -1.2244E-01
  4.2288E+02  3.4630E-02 -1.2232E-01
  4.2319E+02  3.4917E-02 -1.2219E-01
  4.2350E+02  3.5225E-02 -1.2205E-01
  4.2381E+02  3.5556E-02 -1.2191E-01
  4.2412E+02  3.5909E-02 -1.2177E-01
  4.2442E+02  3.6285E-02 -1.2163E-01
  4.2473E+02  3.6683E-02 -1.2148E-01
  4.2504E+02  3.7104E-02 -1.2133E-01
  4.2535E+02  3.7548E-02 -1.2117E-01
  4.2566E+02  3.8015E-02 -1.2100E-01
  4.2596E+02  3.8504E-02 -1.2084E-01
  4.2627E+02  3.9015E-02 -1.2066E-01
  4.2658E+02  3.9549E-02 -1.2048E-01
  4.2689E+02  4.0104E-02 -1.2030E-01
  4.2720E+02  4.0681E-02 -1.2011E-01
  4.2750E+02  4.1279E-02 -1.1991E-01
  4.2781E+02  4.1898E-02 -1.1971E-01
  4.2812E+02  4.2537E-02 -1.1950E-01
  4.2843E+02  4.3196E-02 -1.1929E-01
  4.2874E+02  4.3874E-02 -1.1907E-01
  4.2904E+02  4.4571E-02 -1.1884E-01
  4.2935E+02  4.5285E-02 -1.1861E-01
  4.2966E+02  4.6016E-02 -1.1837E-01
  4.2997E+02  4.6764E-02 -1.1812E-01
  4.3028E+02  4.7527E-02 -1.1787E-01
  4.3058E+02  4.8305E-02 -1.1761E-01
  4.3089E+02  4.9097E-02 -1.1734E-01
  4.3120E+02  4.9901E-02 -1.1707E-01
  4.3151E+02  5.0717E-02 -1.1679E-01
  4.3182E+02  5.1544E-02 -1.1651E-01
  4.3212E+02  5.2381E-02 -1.1621E-01
  4.3243E+02  5.3226E-02 -1.1591E-01
  4.3274E+02  5.4080E-02 -1.1561E-01
  4.3305E+02  5.4939E-02 -1.1530E-01
  4.3336E+02  5.5804E-02 -1.1498E-01
  4.3366E+02  5.6674E-02 -1.1465E-01
  4.3397E+02  5.7546E-02 -1.1432E-01
  4.3428E+02  5.8421E-02 -1.1398E-01
  4.3459E+02  5.9296E-02 -1.1364E-01
  4.3490E+02  6.0171E-02 -1.1329E-01
  4.3520E+02  6.1044E-02 -1.1294E-01
  4.3551E+02  6.1915E-02 -1.1258E-01
  4.3582E+02  6.2781E-02 -1.1222E-01
  4.3613E+02  6.3643E-02 -1.1185E-01
  4.3644E+02  6.4498E-02 -1.1147E-01
  4.3674E+02  6.5346E-02 -1.1109E-01
  4.3705E+02  6.6185E-02 -1.1071E-01
  4.3736E+02  6.7014E-02 -1.1032E-01
  4.3767E+02  6.7832E-02 -1.0993E-01
  4.3798E+02  6.8639E-02 -1.0954E-01
  4.3828E+02  6.9432E-02 -1.0914E-01
  4.3859E+02  7.0212E-02 -1.0874E-01
  4.3890E+02  7.0976E-02 -1.0833E-01
  4.3921E+02  7.1725E-02 -1.0793E-01
  4.3952E+02  7.2456E-02 -1.0752E-01
  4.3982E+02  7.3170E-02 -1.0710E-01
  4.4013E+02  7.3865E-02 -1.0669E-01
  4.4044E+02  7.4541E-02 -1.0628E-01
  4.4075E+02  7.5196E-02 -1.0586E-01
  4.4106E+02  7.5830E-02 -1.0544E-01
  4.4136E+02  7.6442E-02 -1.0502E-01
  4.4167E+02  7.7032E-02 -1.0460E-01
  4.4198E+02  7.7599E-02 -1.0418E-01
  4.4229E+02  7.8142E-02 -1.0377E-01
  4.4260E+02  7.8661E-02 -1.0335E-01
  4.4290E+02  7.9155E-02 -1.0293E-01
  4.4321E+02  7.9624E-02 -1.0251E-01
  4.4352E+02  8.0067E-02 -1.0209E-01
  4.4383E+02  8.0485E-02 -1.0168E-01
  4.4414E+02  8.0877E-02 -1.0126E-01
  4.4444E+02  8.1242E-02 -1.0085E-01
  4.4475E+02  8.1580E-02 -1.0044E-01
  4.4506E+02  8.1892E-02 -1.0003E-01
  4.4537E+02  8.2177E-02 -9.9627E-02
  4.4568E+02  8.2434E-02 -9.9224E-02
  4.4598E+02  8.2665E-02 -9.8824E-02
  4.4629E+02  8.2869E-02 -9.8427E-02
  4.4660E+02  8.3047E-02 -9.8034E-02
  4.4691E+02  8.3197E-02 -9.7643E-02
  4.4722E+02  8.3322E-02 -9.7257E-02
  4.4752E+02  8.3420E-02 -9.6874E-02
  4.4783E+02  8.3492E-02 -9.6495E-02
  4.4814E+02  8.3538E-02 -9.6121E-02
  4.4845E+02  8.3560E-02 -9.5750E-02
  4.4876E+02  8.3557E-02 -9.5384E-02
  4.4906E+02  8.3529E-02 -9.5022E-02
  4.4937E+02  8.3478E-02 -9.4665E-02
  4.4968E+02  8.3403E-02 -9.4313E-02
  4.4999E+02  8.3307E-02 -9.3965E-02
  4.5030E+02  8.3188E-02 -9.3622E-02
  4.5060E+02  8.3048E-02 -9.3284E-02
  4.5091E+02  8.2888E-02 -9.2951E-02
  4.5122E+02  8.2708E-02 -9.2623E-02
  4.5153E+02  8.2509E-02 -9.2299E-02
  4.5184E+02  8.2292E-02 -9.1981E-02
  4.5214E+02  8.2058E-02 -9.1668E-02
  4.5245E+02  8.1807E-02 -9.1360E-02
  4.5276E+02  8.1541E-02 -9.1056E-02
  4.5307E+02  8.1261E-02 -9.0758E-02
  4.5338E+02  8.0968E-02 -9.0464E-02
  4.5368E+02  8.0662E-02 -9.0176E-02
  4.5399E+02  8.0344E-02 -8.9892E-02
  4.5430E+02  8.0017E-02 -8.9612E-02
  4.5461E+02  7.9679E-02 -8.9337E-02
  4.5492E+02  7.9334E-02 -8.9067E-02
  4.5522E+02  7.8981E-02 -8.8801E-02
  4.5553E+02  7.8623E-02 -8.8539E-02
  4.5584E+02  7.8259E-02 -8.8282E-02
  4.5615E+02  7.7891E-02 -8.8028E-02
  4.5646E+02  7.7520E-02 -8.7778E-02
  4.5676E+02  7.7148E-02 -8.7532E-02
  4.5707E+02  7.6775E-02 -8.7290E-02
  4.5738E+02  7.6402E-02 -8.7050E-02
  4.5769E+02  7.6031E-02 -8.6814E-02
  4.5800E+02  7.5663E-02 -8.6581E-02
  4.5830E+02  7.5298E-02 -8.6351E-02
  4.5861E+02  7.4938E-02 -8.6123E-02
  4.5892E+02  7.4583E-02 -8.5897E-02
  4.5923E+02  7.4236E-02 -8.5674E-02
  4.5954E+02  7.3896E-02 -8.5453E-02
  4.5984E+02  7.3565E-02 -8.5233E-02
  4.6015E+02  7.3244E-02 -8.5015E-02
  4.6046E+02  7.2934E-02 -8.4799E-02
  4.6077E+02  7.2635E-02 -8.4583E-02
  4.6108E+02  7.2349E-02 -8.4368E-02
  4.6138E+02  7.2077E-02 -8.4154E-02
  4.6169E+02  7.1819E-02 -8.3940E-02
  4.6200E+02  7.1576E-02 -8.3726E-02
  4.6231E+02  7.1349E-02 -8.3512E-02
  4.6262E+02  7.1139E-02 -8.3298E-02
  4.6292E+02  7.0946E-02 -8.3083E-02
  4.6323E+02  7.0772E-02 -8.2867E-02
  4.6354E+02  7.0616E-02 -8.2650E-02
  4.6385E+02  7.0480E-02 -8.2432E-02
  4.6416E+02  7.0364E-02 -8.2213E-02
  4.6446E+02  7.0268E-02 -8.1991E-02
  4.6477E+02  7.0193E-02 -8.1768E-02
  4.6508E+02  7.0140E-02 -8.1542E-02
  4.6539E+02  7.0109E-02 -8.1314E-02
  4.6570E+02  7.0100E-02 -8.1084E-02
  4.6600E+02  7.0113E-02 -8.0850E-02
  4.6631E+02  7.0150E-02 -8.0613E-02
  4.6662E+02  7.0209E-02 -8.0373E-02
  4.6693E+02  7.0292E-02 -8.0130E-02
  4.6724E+02  7.0398E-02 -7.9883E-02
  4.6754E+02  7.0527E-02 -7.9632E-02
  4.6785E+02  7.0680E-02 -7.9377E-02
  4.6816E+02  7.0856E-02 -7.9118E-02
  4.6847E+02  7.1056E-02 -7.8855E-02
  4.6878E+02  7.1278E-02 -7.8587E-02
  4.6908E+02  7.1524E-02 -7.8315E-02
  4.6939E+02  7.1792E-02 -7.8038E-02
  4.6970E+02  7.2083E-02 -7.7756E-02
  4.7001E+02  7.2396E-02 -7.7469E-02
  4.7032E+02  7.2731E-02 -7.7177E-02
  4.7062E+02  7.3087E-02 -7.6880E-02
  4.7093E+02  7.3464E-02 -7.6577E-02
  4.7124E+02  7.3861E-02 -7.6269E-02
  4.7155E+02  7.4278E-02 -7.5956E-02
  4.7186E+02  7.4715E-02 -7.5638E-02
  4.7216E+02  7.5170E-02 -7.5314E-02
  4.7247E+02  7.5644E-02 -7.4984E-02
  4.7278E+02  7.6134E-02 -7.4649E-02
  4.7309E+02  7.6641E-02 -7.4308E-02
  4.7340E+02  7.7164E-02 -7.3962E-02
  4.7370E+02  7.7702E-02 -7.3610E-02
  4.7401E+02  7.8255E-02 -7.3253E-02
  4.7432E+02  7.8821E-02 -7.2891E-02
  4.7463E+02  7.9399E-02 -7.2522E-02
  4.7494E+02  7.9989E-02 -7.2149E-02
  4.7524E+02  8.0590E-02 -7.1770E-02
  4.7555E+02  8.1201E-02 -7.1386E-02
  4.7586E+02  8.1820E-02 -7.0997E-02
  4.7617E+02  8.2448E-02 -7.0603E-02
  4.7648E+02  8.3083E-02 -7.0203E-02
  4.7678E+02  8.3724E-02 -6.9799E-02
  4.7709E+02  8.4370E-02 -6.9391E-02
  4.7740E+02  8.5020E-02 -6.8977E-02
  4.7771E+02  8.5674E-02 -6.8559E-02
  4.7802E+02  8.6329E-02 -6.8137E-02
  4.7832E+02  8.6986E-02 -6.7710E-02
  4.7863E+02  8.7644E-02 -6.7280E-02
  4.7894E+02  8.8300E-02 -6.6845E-02
  4.7925E+02  8.8955E-02 -6.6407E-02
  4.7956E+02  8.9608E-02 -6.5966E-02
  4.7986E+02  9.0257E-02 -6.5520E-02
  4.8017E+02  9.0901E-02 -6.5072E-02
  4.8048E+02  9.1540E-02 -6.4621E-02
  4.8079E+02  9.2173E-02 -6.4167E-02
  4.8110E+02  9.2799E-02 -6.3710E-02
  4.8140E+02  9.3416E-02 -6.3251E-02
  4.8171E+02  9.4025E-02 -6.2790E-02
  4.8202E+02  9.4624E-02 -6.2326E-02
  4.8233E+02  9.5213E-02 -6.1861E-02
  4.8264E+02  9.5790E-02 -6.1394E-02
  4.8294E+02  9.6356E-02 -6.0926E-02
  4.8325E+02  9.6908E-02 -6.0457E-02
  4.8356E+02  9.7447E-02 -5.9986E-02
  4.8387E+02  9.7972E-02 -5.9515E-02
  4.8418E+02  9.8482E-02 -5.9043E-02
  4.8448E+02  9.8977E-02 -5.8571E-02
  4.8479E+02  9.9456E-02 -5.8099E-02
  4.8510E+02  9.9918E-02 -5.7627E-02
  4.8541E+02  1.0036E-01 -5.7155E-02
  4.8572E+02  1.0079E-01 -5.6683E-02
  4.8602E+02  1.0120E-01 -5.6212E-02
  4.8633E+02  1.0159E-01 -5.5742E-02
  4.8664E+02  1.0197E-01 -5.5273E-02
  4.8695E+02  1.0232E-01 -5.4805E-02
  4.8726E+02  1.0265E-01 -5.4339E-02
  4.8756E+02  1.0297E-01 -5.3874E-02
  4.8787E+02  1.0326E-01 -5.3411E-02
  4.8818E+02  1.0354E-01 -5.2950E-02
  4.8849E+02  1.0379E-01 -5.2490E-02
  4.8880E+02  1.0403E-01 -5.2033E-02
  4.8910E+02  1.0424E-01 -5.1579E-02
  4.8941E+02  1.0444E-01 -5.1126E-02
  4.8972E+02  1.0461E-01 -5.0677E-02
  4.9003E+02  1.0477E-01 -5.0230E-02
  4.9034E+02  1.0490E-01 -4.9786E-02
  4.9064E+02  1.0502E-01 -4.9345E-02
  4.9095E+02  1.0511E-01 -4.8907E-02
  4.9126E+02  1.0519E-01 -4.8472E-02
  4.9157E+02  1.0524E-01 -4.8041E-02
  4.9188E+02  1.0528E-01 -4.7613E-02
  4.9218E+02  1.0530E-01 -4.7188E-02
  4.9249E+02  1.0530E-01 -4.6766E-02
  4.9280E+02  1.0528E-01 -4.6349E-02
  4.9311E+02  1.0525E-01 -4.5934E-02
  4.9342E+02  1.0520E-01 -4.5524E-02
  4.9372E+02  1.0513E-01 -4.5117E-02
  4.9403E+02  1.0504E-01 -4.4713E-02
  4.9434E+02  1.0494E-01 -4.4314E-02
  4.9465E+02  1.0482E-01 -4.3918E-02
  4.9496E+02  1.0469E-01 -4.3525E-02
  4.9526E+02  1.0455E-01 -4.3137E-02
  4.9557E+02  1.0439E-01 -4.2752E-02
  4.9588E+02  1.0422E-01 -4.2370E-02
  4.9619E+02  1.0403E-01 -4.1992E-02
  4.9650E+02  1.0384E-01 -4.1618E-02
  4.9680E+02  1.0363E-01 -4.1247E-02
  4.9711E+02  1.0341E-01 -4.0880E-02
  4.9742E+02  1.0319E-01 -4.0516E-02
  4.9773E+02  1.0295E-01 -4.0155E-02
  4.9804E+02  1.0271E-01 -3.9798E-02
  4.9834E+02  1.0246E-01 -3.9443E-02
  4.9865E+02  1.0220E-01 -3.9092E-02
  4.9896E+02  1.0193E-01 -3.8744E-02
