# CREATED BY GENE DIAGNOSTICS TOOL on Sat Jun 23 12:22:34 2018
# diag: GAMDIAG, run(s): 0002, time window: 0-500(1332 steps), species: ions
# original data path: /ptmp/cmor/PoP/scanfiles0002/
# normalization: L_ref=5.4832m
#
# xind= 0, x/a= 0.70710677, q= 1.1018624
# Fit:    0.02970003,3.0244914,-1.193976
# Analytic (Gao, Zhou/Yu): 0.32199362,-9.1822541e-22,1.8952763
#  t          Re[phi]     Im[phi]   
  0.0000E+00  9.9991E-01  0.0000E+00
  3.7580E-01  9.9626E-01  3.2547E-02
  7.5160E-01  9.8670E-01  6.4719E-02
  1.1274E+00  9.7232E-01  9.6184E-02
  1.5032E+00  9.5401E-01  1.2668E-01
  1.8790E+00  9.3267E-01  1.5602E-01
  2.2548E+00  9.0919E-01  1.8407E-01
  2.6306E+00  8.8439E-01  2.1076E-01
  3.0064E+00  8.5900E-01  2.3606E-01
  3.3822E+00  8.3361E-01  2.5999E-01
  3.7580E+00  8.0864E-01  2.8260E-01
  4.1338E+00  7.8431E-01  3.0396E-01
  4.5096E+00  7.6070E-01  3.2415E-01
  4.8854E+00  7.3776E-01  3.4325E-01
  5.2612E+00  7.1533E-01  3.6132E-01
  5.6370E+00  6.9323E-01  3.7841E-01
  6.0128E+00  6.7123E-01  3.9457E-01
  6.3886E+00  6.4912E-01  4.0982E-01
  6.7644E+00  6.2675E-01  4.2415E-01
  7.1402E+00  6.0399E-01  4.3758E-01
  7.5160E+00  5.8078E-01  4.5007E-01
  7.8918E+00  5.5713E-01  4.6163E-01
  8.2676E+00  5.3306E-01  4.7223E-01
  8.6434E+00  5.0866E-01  4.8186E-01
  9.0192E+00  4.8403E-01  4.9052E-01
  9.3950E+00  4.5932E-01  4.9821E-01
  9.7708E+00  4.3466E-01  5.0493E-01
  1.0147E+01  4.1017E-01  5.1071E-01
  1.0522E+01  3.8598E-01  5.1556E-01
  1.0898E+01  3.6221E-01  5.1953E-01
  1.1274E+01  3.3897E-01  5.2264E-01
  1.1650E+01  3.1634E-01  5.2494E-01
  1.2026E+01  2.9439E-01  5.2648E-01
  1.2401E+01  2.7317E-01  5.2731E-01
  1.2777E+01  2.5271E-01  5.2747E-01
  1.3153E+01  2.3303E-01  5.2702E-01
  1.3529E+01  2.1416E-01  5.2601E-01
  1.3905E+01  1.9610E-01  5.2449E-01
  1.4280E+01  1.7886E-01  5.2251E-01
  1.4656E+01  1.6244E-01  5.2011E-01
  1.5032E+01  1.4680E-01  5.1734E-01
  1.5408E+01  1.3195E-01  5.1425E-01
  1.5784E+01  1.1786E-01  5.1088E-01
  1.6159E+01  1.0453E-01  5.0726E-01
  1.6535E+01  9.1922E-02  5.0345E-01
  1.6911E+01  8.0024E-02  4.9946E-01
  1.7287E+01  6.8805E-02  4.9535E-01
  1.7663E+01  5.8244E-02  4.9113E-01
  1.8038E+01  4.8320E-02  4.8685E-01
  1.8414E+01  3.9012E-02  4.8253E-01
  1.8790E+01  3.0293E-02  4.7819E-01
  1.9166E+01  2.2128E-02  4.7387E-01
  1.9542E+01  1.4480E-02  4.6958E-01
  1.9917E+01  7.3171E-03  4.6535E-01
  2.0293E+01  6.0848E-04  4.6120E-01
  2.0669E+01 -5.6797E-03  4.5713E-01
  2.1045E+01 -1.1586E-02  4.5317E-01
  2.1421E+01 -1.7149E-02  4.4932E-01
  2.1796E+01 -2.2401E-02  4.4559E-01
  2.2172E+01 -2.7375E-02  4.4199E-01
  2.2548E+01 -3.2101E-02  4.3852E-01
  2.2924E+01 -3.6621E-02  4.3519E-01
  2.3300E+01 -4.0986E-02  4.3199E-01
  2.3675E+01 -4.5249E-02  4.2893E-01
  2.4051E+01 -4.9454E-02  4.2600E-01
  2.4427E+01 -5.3628E-02  4.2318E-01
  2.4803E+01 -5.7780E-02  4.2048E-01
  2.5179E+01 -6.1920E-02  4.1787E-01
  2.5554E+01 -6.6067E-02  4.1536E-01
  2.5930E+01 -7.0256E-02  4.1292E-01
  2.6306E+01 -7.4523E-02  4.1055E-01
  2.6682E+01 -7.8903E-02  4.0824E-01
  2.7058E+01 -8.3429E-02  4.0596E-01
  2.7433E+01 -8.8122E-02  4.0370E-01
  2.7809E+01 -9.2994E-02  4.0144E-01
  2.8185E+01 -9.8050E-02  3.9916E-01
  2.8561E+01 -1.0329E-01  3.9684E-01
  2.8937E+01 -1.0872E-01  3.9447E-01
  2.9312E+01 -1.1434E-01  3.9203E-01
  2.9688E+01 -1.2016E-01  3.8950E-01
  3.0064E+01 -1.2619E-01  3.8686E-01
  3.0440E+01 -1.3244E-01  3.8410E-01
  3.0816E+01 -1.3889E-01  3.8119E-01
  3.1191E+01 -1.4552E-01  3.7812E-01
  3.1567E+01 -1.5233E-01  3.7488E-01
  3.1943E+01 -1.5929E-01  3.7145E-01
  3.2319E+01 -1.6640E-01  3.6782E-01
  3.2695E+01 -1.7366E-01  3.6398E-01
  3.3070E+01 -1.8104E-01  3.5992E-01
  3.3446E+01 -1.8856E-01  3.5562E-01
  3.3822E+01 -1.9620E-01  3.5108E-01
  3.4198E+01 -2.0397E-01  3.4629E-01
  3.4574E+01 -2.1184E-01  3.4123E-01
  3.4949E+01 -2.1977E-01  3.3590E-01
  3.5325E+01 -2.2771E-01  3.3030E-01
  3.5701E+01 -2.3563E-01  3.2442E-01
  3.6077E+01 -2.4348E-01  3.1827E-01
  3.6453E+01 -2.5127E-01  3.1184E-01
  3.6828E+01 -2.5896E-01  3.0515E-01
  3.7204E+01 -2.6655E-01  2.9819E-01
  3.7580E+01 -2.7401E-01  2.9098E-01
  3.7956E+01 -2.8133E-01  2.8351E-01
  3.8332E+01 -2.8850E-01  2.7579E-01
  3.8707E+01 -2.9553E-01  2.6784E-01
  3.9083E+01 -3.0241E-01  2.5965E-01
  3.9459E+01 -3.0911E-01  2.5123E-01
  3.9835E+01 -3.1561E-01  2.4260E-01
  4.0211E+01 -3.2190E-01  2.3376E-01
  4.0586E+01 -3.2795E-01  2.2472E-01
  4.0962E+01 -3.3374E-01  2.1549E-01
  4.1338E+01 -3.3924E-01  2.0610E-01
  4.1714E+01 -3.4444E-01  1.9654E-01
  4.2090E+01 -3.4932E-01  1.8684E-01
  4.2465E+01 -3.5384E-01  1.7701E-01
  4.2841E+01 -3.5798E-01  1.6707E-01
  4.3217E+01 -3.6172E-01  1.5704E-01
  4.3593E+01 -3.6503E-01  1.4694E-01
  4.3969E+01 -3.6790E-01  1.3679E-01
  4.4344E+01 -3.7032E-01  1.2662E-01
  4.4720E+01 -3.7232E-01  1.1643E-01
  4.5096E+01 -3.7393E-01  1.0626E-01
  4.5472E+01 -3.7518E-01  9.6112E-02
  4.5848E+01 -3.7612E-01  8.6004E-02
  4.6223E+01 -3.7681E-01  7.5944E-02
  4.6599E+01 -3.7729E-01  6.5937E-02
  4.6975E+01 -3.7760E-01  5.5986E-02
  4.7351E+01 -3.7776E-01  4.6092E-02
  4.7727E+01 -3.7776E-01  3.6255E-02
  4.8102E+01 -3.7758E-01  2.6476E-02
  4.8478E+01 -3.7716E-01  1.6760E-02
  4.8854E+01 -3.7644E-01  7.1162E-03
  4.9230E+01 -3.7537E-01 -2.4451E-03
  4.9606E+01 -3.7390E-01 -1.1908E-02
  4.9981E+01 -3.7200E-01 -2.1255E-02
  5.0357E+01 -3.6966E-01 -3.0468E-02
  5.0733E+01 -3.6690E-01 -3.9528E-02
  5.1109E+01 -3.6373E-01 -4.8419E-02
  5.1485E+01 -3.6019E-01 -5.7124E-02
  5.1860E+01 -3.5632E-01 -6.5634E-02
  5.2236E+01 -3.5219E-01 -7.3939E-02
  5.2612E+01 -3.4785E-01 -8.2034E-02
  5.2988E+01 -3.4333E-01 -8.9918E-02
  5.3364E+01 -3.3870E-01 -9.7592E-02
  5.3739E+01 -3.3396E-01 -1.0506E-01
  5.4115E+01 -3.2913E-01 -1.1232E-01
  5.4491E+01 -3.2421E-01 -1.1939E-01
  5.4867E+01 -3.1919E-01 -1.2626E-01
  5.5243E+01 -3.1405E-01 -1.3293E-01
  5.5618E+01 -3.0878E-01 -1.3941E-01
  5.5994E+01 -3.0339E-01 -1.4570E-01
  5.6370E+01 -2.9787E-01 -1.5179E-01
  5.6746E+01 -2.9223E-01 -1.5770E-01
  5.7122E+01 -2.8651E-01 -1.6340E-01
  5.7497E+01 -2.8073E-01 -1.6892E-01
  5.7873E+01 -2.7493E-01 -1.7426E-01
  5.8249E+01 -2.6915E-01 -1.7941E-01
  5.8625E+01 -2.6342E-01 -1.8440E-01
  5.9001E+01 -2.5776E-01 -1.8923E-01
  5.9376E+01 -2.5219E-01 -1.9391E-01
  5.9752E+01 -2.4672E-01 -1.9845E-01
  6.0128E+01 -2.4134E-01 -2.0288E-01
  6.0504E+01 -2.3604E-01 -2.0719E-01
  6.0880E+01 -2.3076E-01 -2.1139E-01
  6.1255E+01 -2.2549E-01 -2.1549E-01
  6.1631E+01 -2.2017E-01 -2.1950E-01
  6.2007E+01 -2.1478E-01 -2.2341E-01
  6.2383E+01 -2.0928E-01 -2.2721E-01
  6.2759E+01 -2.0364E-01 -2.3091E-01
  6.3134E+01 -1.9785E-01 -2.3450E-01
  6.3510E+01 -1.9190E-01 -2.3796E-01
  6.3886E+01 -1.8581E-01 -2.4129E-01
  6.4262E+01 -1.7958E-01 -2.4449E-01
  6.4638E+01 -1.7325E-01 -2.4755E-01
  6.5013E+01 -1.6683E-01 -2.5046E-01
  6.5389E+01 -1.6037E-01 -2.5323E-01
  6.5765E+01 -1.5390E-01 -2.5585E-01
  6.6141E+01 -1.4744E-01 -2.5833E-01
  6.6517E+01 -1.4104E-01 -2.6066E-01
  6.6892E+01 -1.3470E-01 -2.6287E-01
  6.7268E+01 -1.2846E-01 -2.6495E-01
  6.7644E+01 -1.2231E-01 -2.6690E-01
  6.8020E+01 -1.1627E-01 -2.6875E-01
  6.8396E+01 -1.1032E-01 -2.7048E-01
  6.8771E+01 -1.0446E-01 -2.7212E-01
  6.9147E+01 -9.8665E-02 -2.7366E-01
  6.9523E+01 -9.2906E-02 -2.7511E-01
  6.9899E+01 -8.7163E-02 -2.7646E-01
  7.0275E+01 -8.1420E-02 -2.7773E-01
  7.0650E+01 -7.5665E-02 -2.7889E-01
  7.1026E+01 -6.9887E-02 -2.7996E-01
  7.1402E+01 -6.4079E-02 -2.8093E-01
  7.1778E+01 -5.8234E-02 -2.8180E-01
  7.2154E+01 -5.2345E-02 -2.8255E-01
  7.2529E+01 -4.6414E-02 -2.8320E-01
  7.2905E+01 -4.0444E-02 -2.8373E-01
  7.3281E+01 -3.4442E-02 -2.8413E-01
  7.3657E+01 -2.8415E-02 -2.8442E-01
  7.4033E+01 -2.2374E-02 -2.8458E-01
  7.4408E+01 -1.6327E-02 -2.8461E-01
  7.4784E+01 -1.0282E-02 -2.8452E-01
  7.5160E+01 -4.2466E-03 -2.8429E-01
  7.5536E+01  1.7729E-03 -2.8394E-01
  7.5912E+01  7.7714E-03 -2.8345E-01
  7.6287E+01  1.3743E-02 -2.8284E-01
  7.6663E+01  1.9683E-02 -2.8209E-01
  7.7039E+01  2.5584E-02 -2.8122E-01
  7.7415E+01  3.1439E-02 -2.8021E-01
  7.7791E+01  3.7242E-02 -2.7908E-01
  7.8166E+01  4.2988E-02 -2.7783E-01
  7.8542E+01  4.8673E-02 -2.7645E-01
  7.8918E+01  5.4300E-02 -2.7495E-01
  7.9294E+01  5.9869E-02 -2.7332E-01
  7.9670E+01  6.5384E-02 -2.7158E-01
  8.0045E+01  7.0850E-02 -2.6972E-01
  8.0421E+01  7.6270E-02 -2.6775E-01
  8.0797E+01  8.1646E-02 -2.6565E-01
  8.1173E+01  8.6979E-02 -2.6344E-01
  8.1549E+01  9.2267E-02 -2.6111E-01
  8.1924E+01  9.7508E-02 -2.5867E-01
  8.2300E+01  1.0270E-01 -2.5611E-01
  8.2676E+01  1.0784E-01 -2.5343E-01
  8.3052E+01  1.1291E-01 -2.5064E-01
  8.3428E+01  1.1792E-01 -2.4774E-01
  8.3803E+01  1.2286E-01 -2.4473E-01
  8.4179E+01  1.2771E-01 -2.4161E-01
  8.4555E+01  1.3247E-01 -2.3839E-01
  8.4931E+01  1.3715E-01 -2.3506E-01
  8.5307E+01  1.4174E-01 -2.3163E-01
  8.5682E+01  1.4623E-01 -2.2810E-01
  8.6058E+01  1.5064E-01 -2.2449E-01
  8.6434E+01  1.5496E-01 -2.2077E-01
  8.6810E+01  1.5919E-01 -2.1697E-01
  8.7186E+01  1.6332E-01 -2.1309E-01
  8.7561E+01  1.6736E-01 -2.0911E-01
  8.7937E+01  1.7129E-01 -2.0506E-01
  8.8313E+01  1.7510E-01 -2.0093E-01
  8.8689E+01  1.7880E-01 -1.9673E-01
  8.9065E+01  1.8237E-01 -1.9245E-01
  8.9440E+01  1.8582E-01 -1.8812E-01
  8.9816E+01  1.8912E-01 -1.8372E-01
  9.0192E+01  1.9230E-01 -1.7926E-01
  9.0568E+01  1.9535E-01 -1.7476E-01
  9.0944E+01  1.9828E-01 -1.7021E-01
  9.1319E+01  2.0110E-01 -1.6561E-01
  9.1695E+01  2.0380E-01 -1.6097E-01
  9.2071E+01  2.0639E-01 -1.5630E-01
  9.2447E+01  2.0886E-01 -1.5159E-01
  9.2823E+01  2.1121E-01 -1.4685E-01
  9.3198E+01  2.1343E-01 -1.4208E-01
  9.3574E+01  2.1552E-01 -1.3728E-01
  9.3950E+01  2.1748E-01 -1.3247E-01
  9.4326E+01  2.1929E-01 -1.2764E-01
  9.4702E+01  2.2096E-01 -1.2280E-01
  9.5077E+01  2.2249E-01 -1.1795E-01
  9.5453E+01  2.2389E-01 -1.1311E-01
  9.5829E+01  2.2516E-01 -1.0826E-01
  9.6205E+01  2.2631E-01 -1.0342E-01
  9.6581E+01  2.2736E-01 -9.8580E-02
  9.6956E+01  2.2831E-01 -9.3752E-02
  9.7332E+01  2.2918E-01 -8.8933E-02
  9.7708E+01  2.2997E-01 -8.4123E-02
  9.8084E+01  2.3067E-01 -7.9323E-02
  9.8460E+01  2.3130E-01 -7.4534E-02
  9.8835E+01  2.3183E-01 -6.9755E-02
  9.9211E+01  2.3228E-01 -6.4989E-02
  9.9587E+01  2.3262E-01 -6.0236E-02
  9.9963E+01  2.3285E-01 -5.5500E-02
  1.0034E+02  2.3297E-01 -5.0782E-02
  1.0071E+02  2.3296E-01 -4.6086E-02
  1.0109E+02  2.3282E-01 -4.1416E-02
  1.0147E+02  2.3256E-01 -3.6776E-02
  1.0184E+02  2.3217E-01 -3.2168E-02
  1.0222E+02  2.3166E-01 -2.7596E-02
  1.0259E+02  2.3104E-01 -2.3064E-02
  1.0297E+02  2.3032E-01 -1.8573E-02
  1.0334E+02  2.2951E-01 -1.4124E-02
  1.0372E+02  2.2862E-01 -9.7191E-03
  1.0410E+02  2.2766E-01 -5.3579E-03
  1.0447E+02  2.2663E-01 -1.0407E-03
  1.0485E+02  2.2553E-01  3.2325E-03
  1.0522E+02  2.2437E-01  7.4618E-03
  1.0560E+02  2.2314E-01  1.1647E-02
  1.0598E+02  2.2185E-01  1.5788E-02
  1.0635E+02  2.2048E-01  1.9884E-02
  1.0673E+02  2.1905E-01  2.3935E-02
  1.0710E+02  2.1754E-01  2.7940E-02
  1.0748E+02  2.1596E-01  3.1898E-02
  1.0785E+02  2.1431E-01  3.5808E-02
  1.0823E+02  2.1259E-01  3.9670E-02
  1.0861E+02  2.1080E-01  4.3482E-02
  1.0898E+02  2.0894E-01  4.7244E-02
  1.0936E+02  2.0700E-01  5.0953E-02
  1.0973E+02  2.0499E-01  5.4610E-02
  1.1011E+02  2.0291E-01  5.8212E-02
  1.1049E+02  2.0076E-01  6.1757E-02
  1.1086E+02  1.9854E-01  6.5246E-02
  1.1124E+02  1.9625E-01  6.8675E-02
  1.1161E+02  1.9389E-01  7.2044E-02
  1.1199E+02  1.9147E-01  7.5352E-02
  1.1236E+02  1.8898E-01  7.8597E-02
  1.1274E+02  1.8644E-01  8.1778E-02
  1.1312E+02  1.8385E-01  8.4894E-02
  1.1349E+02  1.8121E-01  8.7945E-02
  1.1387E+02  1.7851E-01  9.0930E-02
  1.1424E+02  1.7578E-01  9.3848E-02
  1.1462E+02  1.7300E-01  9.6700E-02
  1.1499E+02  1.7019E-01  9.9485E-02
  1.1537E+02  1.6733E-01  1.0220E-01
  1.1575E+02  1.6443E-01  1.0485E-01
  1.1612E+02  1.6149E-01  1.0744E-01
  1.1650E+02  1.5850E-01  1.0995E-01
  1.1687E+02  1.5547E-01  1.1239E-01
  1.1725E+02  1.5238E-01  1.1476E-01
  1.1763E+02  1.4924E-01  1.1706E-01
  1.1800E+02  1.4606E-01  1.1928E-01
  1.1838E+02  1.4282E-01  1.2143E-01
  1.1875E+02  1.3953E-01  1.2350E-01
  1.1913E+02  1.3620E-01  1.2549E-01
  1.1950E+02  1.3283E-01  1.2740E-01
  1.1988E+02  1.2943E-01  1.2923E-01
  1.2026E+02  1.2600E-01  1.3097E-01
  1.2063E+02  1.2256E-01  1.3264E-01
  1.2101E+02  1.1911E-01  1.3422E-01
  1.2138E+02  1.1566E-01  1.3573E-01
  1.2176E+02  1.1220E-01  1.3715E-01
  1.2213E+02  1.0873E-01  1.3850E-01
  1.2251E+02  1.0527E-01  1.3976E-01
  1.2289E+02  1.0181E-01  1.4095E-01
  1.2326E+02  9.8348E-02  1.4207E-01
  1.2364E+02  9.4882E-02  1.4311E-01
  1.2401E+02  9.1410E-02  1.4407E-01
  1.2439E+02  8.7928E-02  1.4496E-01
  1.2477E+02  8.4434E-02  1.4577E-01
  1.2514E+02  8.0927E-02  1.4650E-01
  1.2552E+02  7.7405E-02  1.4716E-01
  1.2589E+02  7.3867E-02  1.4774E-01
  1.2627E+02  7.0315E-02  1.4824E-01
  1.2664E+02  6.6750E-02  1.4866E-01
  1.2702E+02  6.3175E-02  1.4900E-01
  1.2740E+02  5.9595E-02  1.4925E-01
  1.2777E+02  5.6013E-02  1.4943E-01
  1.2815E+02  5.2435E-02  1.4953E-01
  1.2852E+02  4.8866E-02  1.4954E-01
  1.2890E+02  4.5311E-02  1.4948E-01
  1.2928E+02  4.1776E-02  1.4933E-01
  1.2965E+02  3.8265E-02  1.4911E-01
  1.3003E+02  3.4782E-02  1.4881E-01
  1.3040E+02  3.1331E-02  1.4844E-01
  1.3078E+02  2.7914E-02  1.4799E-01
  1.3115E+02  2.4532E-02  1.4747E-01
  1.3153E+02  2.1187E-02  1.4688E-01
  1.3191E+02  1.7878E-02  1.4623E-01
  1.3228E+02  1.4607E-02  1.4550E-01
  1.3266E+02  1.1374E-02  1.4471E-01
  1.3303E+02  8.1783E-03  1.4385E-01
  1.3341E+02  5.0212E-03  1.4294E-01
  1.3378E+02  1.9021E-03  1.4196E-01
  1.3416E+02 -1.1796E-03  1.4092E-01
  1.3454E+02 -4.2251E-03  1.3982E-01
  1.3491E+02 -7.2352E-03  1.3866E-01
  1.3529E+02 -1.0211E-02  1.3745E-01
  1.3566E+02 -1.3153E-02  1.3618E-01
  1.3604E+02 -1.6060E-02  1.3485E-01
  1.3642E+02 -1.8933E-02  1.3347E-01
  1.3679E+02 -2.1769E-02  1.3203E-01
  1.3717E+02 -2.4567E-02  1.3054E-01
  1.3754E+02 -2.7324E-02  1.2900E-01
  1.3792E+02 -3.0037E-02  1.2740E-01
  1.3829E+02 -3.2702E-02  1.2576E-01
  1.3867E+02 -3.5319E-02  1.2407E-01
  1.3905E+02 -3.7884E-02  1.2233E-01
  1.3942E+02 -4.0397E-02  1.2054E-01
  1.3980E+02 -4.2856E-02  1.1871E-01
  1.4017E+02 -4.5262E-02  1.1684E-01
  1.4055E+02 -4.7615E-02  1.1493E-01
  1.4093E+02 -4.9914E-02  1.1298E-01
  1.4130E+02 -5.2162E-02  1.1099E-01
  1.4168E+02 -5.4357E-02  1.0896E-01
  1.4205E+02 -5.6502E-02  1.0690E-01
  1.4243E+02 -5.8595E-02  1.0480E-01
  1.4280E+02 -6.0637E-02  1.0267E-01
  1.4318E+02 -6.2625E-02  1.0051E-01
  1.4356E+02 -6.4559E-02  9.8313E-02
  1.4393E+02 -6.6437E-02  9.6089E-02
  1.4431E+02 -6.8258E-02  9.3836E-02
  1.4468E+02 -7.0020E-02  9.1557E-02
  1.4506E+02 -7.1723E-02  8.9252E-02
  1.4543E+02 -7.3368E-02  8.6923E-02
  1.4581E+02 -7.4954E-02  8.4571E-02
  1.4619E+02 -7.6483E-02  8.2198E-02
  1.4656E+02 -7.7955E-02  7.9805E-02
  1.4694E+02 -7.9372E-02  7.7392E-02
  1.4731E+02 -8.0736E-02  7.4962E-02
  1.4769E+02 -8.2047E-02  7.2515E-02
  1.4807E+02 -8.3307E-02  7.0052E-02
  1.4844E+02 -8.4516E-02  6.7574E-02
  1.4882E+02 -8.5675E-02  6.5081E-02
  1.4919E+02 -8.6783E-02  6.2574E-02
  1.4957E+02 -8.7838E-02  6.0055E-02
  1.4994E+02 -8.8840E-02  5.7524E-02
  1.5032E+02 -8.9785E-02  5.4983E-02
  1.5070E+02 -9.0672E-02  5.2432E-02
  1.5107E+02 -9.1500E-02  4.9873E-02
  1.5145E+02 -9.2267E-02  4.7308E-02
  1.5182E+02 -9.2974E-02  4.4737E-02
  1.5220E+02 -9.3619E-02  4.2163E-02
  1.5257E+02 -9.4205E-02  3.9587E-02
  1.5295E+02 -9.4732E-02  3.7010E-02
  1.5333E+02 -9.5200E-02  3.4434E-02
  1.5370E+02 -9.5612E-02  3.1859E-02
  1.5408E+02 -9.5969E-02  2.9288E-02
  1.5445E+02 -9.6272E-02  2.6720E-02
  1.5483E+02 -9.6521E-02  2.4158E-02
  1.5521E+02 -9.6720E-02  2.1601E-02
  1.5558E+02 -9.6867E-02  1.9051E-02
  1.5596E+02 -9.6963E-02  1.6509E-02
  1.5633E+02 -9.7009E-02  1.3975E-02
  1.5671E+02 -9.7004E-02  1.1451E-02
  1.5708E+02 -9.6949E-02  8.9374E-03
  1.5746E+02 -9.6843E-02  6.4351E-03
  1.5784E+02 -9.6685E-02  3.9451E-03
  1.5821E+02 -9.6476E-02  1.4685E-03
  1.5859E+02 -9.6216E-02 -9.9356E-04
  1.5896E+02 -9.5903E-02 -3.4401E-03
  1.5934E+02 -9.5538E-02 -5.8699E-03
  1.5972E+02 -9.5122E-02 -8.2818E-03
  1.6009E+02 -9.4654E-02 -1.0675E-02
  1.6047E+02 -9.4136E-02 -1.3047E-02
  1.6084E+02 -9.3568E-02 -1.5399E-02
  1.6122E+02 -9.2951E-02 -1.7728E-02
  1.6159E+02 -9.2286E-02 -2.0034E-02
  1.6197E+02 -9.1574E-02 -2.2315E-02
  1.6235E+02 -9.0817E-02 -2.4571E-02
  1.6272E+02 -9.0015E-02 -2.6801E-02
  1.6310E+02 -8.9171E-02 -2.9004E-02
  1.6347E+02 -8.8285E-02 -3.1179E-02
  1.6385E+02 -8.7358E-02 -3.3326E-02
  1.6422E+02 -8.6391E-02 -3.5443E-02
  1.6460E+02 -8.5385E-02 -3.7530E-02
  1.6498E+02 -8.4341E-02 -3.9587E-02
  1.6535E+02 -8.3259E-02 -4.1613E-02
  1.6573E+02 -8.2140E-02 -4.3606E-02
  1.6610E+02 -8.0985E-02 -4.5567E-02
  1.6648E+02 -7.9794E-02 -4.7495E-02
  1.6686E+02 -7.8567E-02 -4.9389E-02
  1.6723E+02 -7.7306E-02 -5.1249E-02
  1.6761E+02 -7.6012E-02 -5.3074E-02
  1.6798E+02 -7.4685E-02 -5.4862E-02
  1.6836E+02 -7.3327E-02 -5.6615E-02
  1.6873E+02 -7.1940E-02 -5.8331E-02
  1.6911E+02 -7.0525E-02 -6.0010E-02
  1.6949E+02 -6.9084E-02 -6.1652E-02
  1.6986E+02 -6.7618E-02 -6.3256E-02
  1.7024E+02 -6.6127E-02 -6.4823E-02
  1.7061E+02 -6.4613E-02 -6.6351E-02
  1.7099E+02 -6.3076E-02 -6.7841E-02
  1.7136E+02 -6.1516E-02 -6.9293E-02
  1.7174E+02 -5.9934E-02 -7.0705E-02
  1.7212E+02 -5.8329E-02 -7.2079E-02
  1.7249E+02 -5.6704E-02 -7.3413E-02
  1.7287E+02 -5.5057E-02 -7.4708E-02
  1.7324E+02 -5.3390E-02 -7.5962E-02
  1.7362E+02 -5.1703E-02 -7.7177E-02
  1.7400E+02 -4.9997E-02 -7.8350E-02
  1.7437E+02 -4.8273E-02 -7.9483E-02
  1.7475E+02 -4.6531E-02 -8.0575E-02
  1.7512E+02 -4.4772E-02 -8.1625E-02
  1.7550E+02 -4.2998E-02 -8.2633E-02
  1.7587E+02 -4.1210E-02 -8.3600E-02
  1.7625E+02 -3.9408E-02 -8.4525E-02
  1.7663E+02 -3.7594E-02 -8.5407E-02
  1.7700E+02 -3.5770E-02 -8.6247E-02
  1.7738E+02 -3.3936E-02 -8.7046E-02
  1.7775E+02 -3.2093E-02 -8.7801E-02
  1.7813E+02 -3.0242E-02 -8.8515E-02
  1.7851E+02 -2.8384E-02 -8.9187E-02
  1.7888E+02 -2.6521E-02 -8.9816E-02
  1.7926E+02 -2.4651E-02 -9.0403E-02
  1.7963E+02 -2.2776E-02 -9.0948E-02
  1.8001E+02 -2.0896E-02 -9.1451E-02
  1.8038E+02 -1.9011E-02 -9.1912E-02
  1.8076E+02 -1.7121E-02 -9.2330E-02
  1.8114E+02 -1.5228E-02 -9.2706E-02
  1.8151E+02 -1.3331E-02 -9.3040E-02
  1.8189E+02 -1.1433E-02 -9.3331E-02
  1.8226E+02 -9.5348E-03 -9.3580E-02
  1.8264E+02 -7.6376E-03 -9.3787E-02
  1.8301E+02 -5.7433E-03 -9.3951E-02
  1.8339E+02 -3.8536E-03 -9.4074E-02
  1.8377E+02 -1.9702E-03 -9.4155E-02
  1.8414E+02 -9.4778E-05 -9.4195E-02
  1.8452E+02  1.7714E-03 -9.4195E-02
  1.8489E+02  3.6272E-03 -9.4154E-02
  1.8527E+02  5.4718E-03 -9.4073E-02
  1.8565E+02  7.3046E-03 -9.3954E-02
  1.8602E+02  9.1249E-03 -9.3795E-02
  1.8640E+02  1.0932E-02 -9.3599E-02
  1.8677E+02  1.2727E-02 -9.3365E-02
  1.8715E+02  1.4507E-02 -9.3093E-02
  1.8752E+02  1.6274E-02 -9.2785E-02
  1.8790E+02  1.8025E-02 -9.2441E-02
  1.8828E+02  1.9762E-02 -9.2061E-02
  1.8865E+02  2.1482E-02 -9.1645E-02
  1.8903E+02  2.3186E-02 -9.1195E-02
  1.8940E+02  2.4873E-02 -9.0710E-02
  1.8978E+02  2.6542E-02 -9.0191E-02
  1.9015E+02  2.8192E-02 -8.9640E-02
  1.9053E+02  2.9823E-02 -8.9055E-02
  1.9091E+02  3.1434E-02 -8.8439E-02
  1.9128E+02  3.3024E-02 -8.7791E-02
  1.9166E+02  3.4593E-02 -8.7112E-02
  1.9203E+02  3.6139E-02 -8.6402E-02
  1.9241E+02  3.7663E-02 -8.5663E-02
  1.9279E+02  3.9163E-02 -8.4895E-02
  1.9316E+02  4.0638E-02 -8.4099E-02
  1.9354E+02  4.2088E-02 -8.3276E-02
  1.9391E+02  4.3512E-02 -8.2426E-02
  1.9429E+02  4.4909E-02 -8.1549E-02
  1.9466E+02  4.6279E-02 -8.0648E-02
  1.9504E+02  4.7621E-02 -7.9722E-02
  1.9542E+02  4.8935E-02 -7.8773E-02
  1.9579E+02  5.0222E-02 -7.7801E-02
  1.9617E+02  5.1481E-02 -7.6807E-02
  1.9654E+02  5.2713E-02 -7.5791E-02
  1.9692E+02  5.3918E-02 -7.4755E-02
  1.9730E+02  5.5097E-02 -7.3698E-02
  1.9767E+02  5.6250E-02 -7.2622E-02
  1.9805E+02  5.7377E-02 -7.1526E-02
  1.9842E+02  5.8480E-02 -7.0412E-02
  1.9880E+02  5.9558E-02 -6.9279E-02
  1.9917E+02  6.0611E-02 -6.8129E-02
  1.9955E+02  6.1639E-02 -6.6961E-02
  1.9993E+02  6.2642E-02 -6.5775E-02
  2.0030E+02  6.3619E-02 -6.4573E-02
  2.0068E+02  6.4570E-02 -6.3355E-02
  2.0105E+02  6.5495E-02 -6.2121E-02
  2.0143E+02  6.6392E-02 -6.0871E-02
  2.0180E+02  6.7262E-02 -5.9607E-02
  2.0218E+02  6.8104E-02 -5.8329E-02
  2.0256E+02  6.8918E-02 -5.7037E-02
  2.0293E+02  6.9702E-02 -5.5732E-02
  2.0331E+02  7.0458E-02 -5.4414E-02
  2.0368E+02  7.1184E-02 -5.3085E-02
  2.0406E+02  7.1882E-02 -5.1744E-02
  2.0444E+02  7.2550E-02 -5.0392E-02
  2.0481E+02  7.3190E-02 -4.9030E-02
  2.0519E+02  7.3800E-02 -4.7658E-02
  2.0556E+02  7.4382E-02 -4.6278E-02
  2.0594E+02  7.4934E-02 -4.4888E-02
  2.0631E+02  7.5457E-02 -4.3491E-02
  2.0669E+02  7.5950E-02 -4.2086E-02
  2.0707E+02  7.6413E-02 -4.0675E-02
  2.0744E+02  7.6845E-02 -3.9257E-02
  2.0782E+02  7.7246E-02 -3.7834E-02
  2.0819E+02  7.7616E-02 -3.6406E-02
  2.0857E+02  7.7953E-02 -3.4974E-02
  2.0894E+02  7.8258E-02 -3.3538E-02
  2.0932E+02  7.8530E-02 -3.2101E-02
  2.0970E+02  7.8769E-02 -3.0661E-02
  2.1007E+02  7.8975E-02 -2.9221E-02
  2.1045E+02  7.9147E-02 -2.7780E-02
  2.1082E+02  7.9285E-02 -2.6341E-02
  2.1120E+02  7.9389E-02 -2.4903E-02
  2.1158E+02  7.9459E-02 -2.3468E-02
  2.1195E+02  7.9494E-02 -2.2036E-02
  2.1233E+02  7.9496E-02 -2.0609E-02
  2.1270E+02  7.9463E-02 -1.9187E-02
  2.1308E+02  7.9396E-02 -1.7771E-02
  2.1345E+02  7.9296E-02 -1.6362E-02
  2.1383E+02  7.9162E-02 -1.4962E-02
  2.1421E+02  7.8995E-02 -1.3570E-02
  2.1458E+02  7.8795E-02 -1.2188E-02
  2.1496E+02  7.8563E-02 -1.0816E-02
  2.1533E+02  7.8298E-02 -9.4554E-03
  2.1571E+02  7.8002E-02 -8.1070E-03
  2.1609E+02  7.7675E-02 -6.7715E-03
  2.1646E+02  7.7316E-02 -5.4497E-03
  2.1684E+02  7.6928E-02 -4.1421E-03
  2.1721E+02  7.6510E-02 -2.8497E-03
  2.1759E+02  7.6063E-02 -1.5729E-03
  2.1796E+02  7.5588E-02 -3.1249E-04
  2.1834E+02  7.5086E-02  9.3099E-04
  2.1872E+02  7.4558E-02  2.1570E-03
  2.1909E+02  7.4004E-02  3.3650E-03
  2.1947E+02  7.3426E-02  4.5546E-03
  2.1984E+02  7.2824E-02  5.7253E-03
  2.2022E+02  7.2199E-02  6.8767E-03
  2.2059E+02  7.1552E-02  8.0086E-03
  2.2097E+02  7.0885E-02  9.1205E-03
  2.2135E+02  7.0197E-02  1.0212E-02
  2.2172E+02  6.9490E-02  1.1284E-02
  2.2210E+02  6.8765E-02  1.2334E-02
  2.2247E+02  6.8022E-02  1.3364E-02
  2.2285E+02  6.7263E-02  1.4374E-02
  2.2323E+02  6.6488E-02  1.5362E-02
  2.2360E+02  6.5698E-02  1.6329E-02
  2.2398E+02  6.4893E-02  1.7275E-02
  2.2435E+02  6.4075E-02  1.8199E-02
  2.2473E+02  6.3244E-02  1.9103E-02
  2.2510E+02  6.2401E-02  1.9985E-02
  2.2548E+02  6.1547E-02  2.0847E-02
  2.2586E+02  6.0681E-02  2.1687E-02
  2.2623E+02  5.9806E-02  2.2506E-02
  2.2661E+02  5.8920E-02  2.3305E-02
  2.2698E+02  5.8025E-02  2.4082E-02
  2.2736E+02  5.7121E-02  2.4839E-02
  2.2773E+02  5.6208E-02  2.5575E-02
  2.2811E+02  5.5287E-02  2.6290E-02
  2.2849E+02  5.4358E-02  2.6985E-02
  2.2886E+02  5.3421E-02  2.7659E-02
  2.2924E+02  5.2476E-02  2.8313E-02
  2.2961E+02  5.1524E-02  2.8946E-02
  2.2999E+02  5.0565E-02  2.9559E-02
  2.3037E+02  4.9599E-02  3.0152E-02
  2.3074E+02  4.8625E-02  3.0723E-02
  2.3112E+02  4.7645E-02  3.1275E-02
  2.3149E+02  4.6658E-02  3.1805E-02
  2.3187E+02  4.5664E-02  3.2316E-02
  2.3224E+02  4.4664E-02  3.2805E-02
  2.3262E+02  4.3658E-02  3.3274E-02
  2.3300E+02  4.2646E-02  3.3721E-02
  2.3337E+02  4.1628E-02  3.4148E-02
  2.3375E+02  4.0605E-02  3.4554E-02
  2.3412E+02  3.9577E-02  3.4939E-02
  2.3450E+02  3.8543E-02  3.5302E-02
  2.3488E+02  3.7504E-02  3.5644E-02
  2.3525E+02  3.6460E-02  3.5964E-02
  2.3563E+02  3.5411E-02  3.6263E-02
  2.3600E+02  3.4358E-02  3.6539E-02
  2.3638E+02  3.3301E-02  3.6794E-02
  2.3675E+02  3.2239E-02  3.7026E-02
  2.3713E+02  3.1173E-02  3.7236E-02
  2.3751E+02  3.0104E-02  3.7423E-02
  2.3788E+02  2.9033E-02  3.7588E-02
  2.3826E+02  2.7958E-02  3.7729E-02
  2.3863E+02  2.6882E-02  3.7848E-02
  2.3901E+02  2.5805E-02  3.7943E-02
  2.3938E+02  2.4728E-02  3.8015E-02
  2.3976E+02  2.3650E-02  3.8064E-02
  2.4014E+02  2.2573E-02  3.8090E-02
  2.4051E+02  2.1497E-02  3.8092E-02
  2.4089E+02  2.0423E-02  3.8071E-02
  2.4126E+02  1.9351E-02  3.8026E-02
  2.4164E+02  1.8283E-02  3.7958E-02
  2.4202E+02  1.7218E-02  3.7868E-02
  2.4239E+02  1.6157E-02  3.7754E-02
  2.4277E+02  1.5100E-02  3.7617E-02
  2.4314E+02  1.4050E-02  3.7457E-02
  2.4352E+02  1.3005E-02  3.7274E-02
  2.4389E+02  1.1966E-02  3.7069E-02
  2.4427E+02  1.0936E-02  3.6842E-02
  2.4465E+02  9.9132E-03  3.6592E-02
  2.4502E+02  8.8996E-03  3.6321E-02
  2.4540E+02  7.8957E-03  3.6028E-02
  2.4577E+02  6.9023E-03  3.5714E-02
  2.4615E+02  5.9200E-03  3.5379E-02
  2.4652E+02  4.9496E-03  3.5024E-02
  2.4690E+02  3.9918E-03  3.4649E-02
  2.4728E+02  3.0472E-03  3.4255E-02
  2.4765E+02  2.1163E-03  3.3842E-02
  2.4803E+02  1.1997E-03  3.3410E-02
  2.4840E+02  2.9792E-04  3.2960E-02
  2.4878E+02 -5.8858E-04  3.2492E-02
  2.4916E+02 -1.4594E-03  3.2008E-02
  2.4953E+02 -2.3141E-03  3.1507E-02
  2.4991E+02 -3.1524E-03  3.0991E-02
  2.5028E+02 -3.9739E-03  3.0459E-02
  2.5066E+02 -4.7785E-03  2.9912E-02
  2.5103E+02 -5.5657E-03  2.9352E-02
  2.5141E+02 -6.3353E-03  2.8777E-02
  2.5179E+02 -7.0872E-03  2.8190E-02
  2.5216E+02 -7.8212E-03  2.7590E-02
  2.5254E+02 -8.5371E-03  2.6979E-02
  2.5291E+02 -9.2347E-03  2.6356E-02
  2.5329E+02 -9.9141E-03  2.5722E-02
  2.5367E+02 -1.0575E-02  2.5078E-02
  2.5404E+02 -1.1218E-02  2.4424E-02
  2.5442E+02 -1.1843E-02  2.3761E-02
  2.5479E+02 -1.2449E-02  2.3089E-02
  2.5517E+02 -1.3037E-02  2.2409E-02
  2.5554E+02 -1.3607E-02  2.1722E-02
  2.5592E+02 -1.4160E-02  2.1027E-02
  2.5630E+02 -1.4695E-02  2.0325E-02
  2.5667E+02 -1.5212E-02  1.9617E-02
  2.5705E+02 -1.5711E-02  1.8902E-02
  2.5742E+02 -1.6194E-02  1.8182E-02
  2.5780E+02 -1.6660E-02  1.7457E-02
  2.5817E+02 -1.7108E-02  1.6727E-02
  2.5855E+02 -1.7541E-02  1.5992E-02
  2.5893E+02 -1.7957E-02  1.5253E-02
  2.5930E+02 -1.8357E-02  1.4510E-02
  2.5968E+02 -1.8740E-02  1.3763E-02
  2.6005E+02 -1.9109E-02  1.3013E-02
  2.6043E+02 -1.9461E-02  1.2259E-02
  2.6081E+02 -1.9798E-02  1.1502E-02
  2.6118E+02 -2.0120E-02  1.0743E-02
  2.6156E+02 -2.0427E-02  9.9805E-03
  2.6193E+02 -2.0719E-02  9.2159E-03
  2.6231E+02 -2.0997E-02  8.4491E-03
  2.6268E+02 -2.1259E-02  7.6803E-03
  2.6306E+02 -2.1507E-02  6.9097E-03
  2.6344E+02 -2.1740E-02  6.1373E-03
  2.6381E+02 -2.1959E-02  5.3635E-03
  2.6419E+02 -2.2163E-02  4.5884E-03
  2.6456E+02 -2.2352E-02  3.8121E-03
  2.6494E+02 -2.2527E-02  3.0349E-03
  2.6531E+02 -2.2687E-02  2.2569E-03
  2.6569E+02 -2.2833E-02  1.4784E-03
  2.6607E+02 -2.2963E-02  6.9961E-04
  2.6644E+02 -2.3079E-02 -7.9318E-05
  2.6682E+02 -2.3180E-02 -8.5813E-04
  2.6719E+02 -2.3266E-02 -1.6366E-03
  2.6757E+02 -2.3337E-02 -2.4144E-03
  2.6795E+02 -2.3393E-02 -3.1914E-03
  2.6832E+02 -2.3433E-02 -3.9673E-03
  2.6870E+02 -2.3458E-02 -4.7418E-03
  2.6907E+02 -2.3468E-02 -5.5145E-03
  2.6945E+02 -2.3463E-02 -6.2853E-03
  2.6982E+02 -2.3441E-02 -7.0538E-03
  2.7020E+02 -2.3405E-02 -7.8196E-03
  2.7058E+02 -2.3352E-02 -8.5825E-03
  2.7095E+02 -2.3284E-02 -9.3421E-03
  2.7133E+02 -2.3200E-02 -1.0098E-02
  2.7170E+02 -2.3101E-02 -1.0850E-02
  2.7208E+02 -2.2985E-02 -1.1598E-02
  2.7246E+02 -2.2854E-02 -1.2340E-02
  2.7283E+02 -2.2707E-02 -1.3078E-02
  2.7321E+02 -2.2544E-02 -1.3810E-02
  2.7358E+02 -2.2366E-02 -1.4536E-02
  2.7396E+02 -2.2171E-02 -1.5256E-02
  2.7433E+02 -2.1961E-02 -1.5969E-02
  2.7471E+02 -2.1735E-02 -1.6675E-02
  2.7509E+02 -2.1494E-02 -1.7374E-02
  2.7546E+02 -2.1237E-02 -1.8064E-02
  2.7584E+02 -2.0965E-02 -1.8746E-02
  2.7621E+02 -2.0677E-02 -1.9419E-02
  2.7659E+02 -2.0375E-02 -2.0083E-02
  2.7696E+02 -2.0058E-02 -2.0738E-02
  2.7734E+02 -1.9726E-02 -2.1382E-02
  2.7772E+02 -1.9380E-02 -2.2016E-02
  2.7809E+02 -1.9020E-02 -2.2639E-02
  2.7847E+02 -1.8646E-02 -2.3251E-02
  2.7884E+02 -1.8259E-02 -2.3852E-02
  2.7922E+02 -1.7858E-02 -2.4440E-02
  2.7960E+02 -1.7445E-02 -2.5017E-02
  2.7997E+02 -1.7019E-02 -2.5581E-02
  2.8035E+02 -1.6581E-02 -2.6132E-02
  2.8072E+02 -1.6132E-02 -2.6671E-02
  2.8110E+02 -1.5671E-02 -2.7195E-02
  2.8147E+02 -1.5200E-02 -2.7707E-02
  2.8185E+02 -1.4718E-02 -2.8204E-02
  2.8223E+02 -1.4227E-02 -2.8688E-02
  2.8260E+02 -1.3726E-02 -2.9157E-02
  2.8298E+02 -1.3217E-02 -2.9612E-02
  2.8335E+02 -1.2699E-02 -3.0052E-02
  2.8373E+02 -1.2174E-02 -3.0478E-02
  2.8410E+02 -1.1642E-02 -3.0889E-02
  2.8448E+02 -1.1103E-02 -3.1286E-02
  2.8486E+02 -1.0558E-02 -3.1667E-02
  2.8523E+02 -1.0007E-02 -3.2034E-02
  2.8561E+02 -9.4514E-03 -3.2385E-02
  2.8598E+02 -8.8913E-03 -3.2722E-02
  2.8636E+02 -8.3272E-03 -3.3044E-02
  2.8674E+02 -7.7596E-03 -3.3352E-02
  2.8711E+02 -7.1890E-03 -3.3644E-02
  2.8749E+02 -6.6159E-03 -3.3922E-02
  2.8786E+02 -6.0408E-03 -3.4186E-02
  2.8824E+02 -5.4642E-03 -3.4435E-02
  2.8861E+02 -4.8864E-03 -3.4669E-02
  2.8899E+02 -4.3080E-03 -3.4890E-02
  2.8937E+02 -3.7292E-03 -3.5097E-02
  2.8974E+02 -3.1506E-03 -3.5289E-02
  2.9012E+02 -2.5724E-03 -3.5469E-02
  2.9049E+02 -1.9950E-03 -3.5634E-02
  2.9087E+02 -1.4187E-03 -3.5787E-02
  2.9125E+02 -8.4378E-04 -3.5927E-02
  2.9162E+02 -2.7047E-04 -3.6053E-02
  2.9200E+02  3.0097E-04 -3.6167E-02
  2.9237E+02  8.7035E-04 -3.6269E-02
  2.9275E+02  1.4374E-03 -3.6358E-02
  2.9312E+02  2.0021E-03 -3.6435E-02
  2.9350E+02  2.5641E-03 -3.6500E-02
  2.9388E+02  3.1233E-03 -3.6554E-02
  2.9425E+02  3.6795E-03 -3.6596E-02
  2.9463E+02  4.2327E-03 -3.6627E-02
  2.9500E+02  4.7826E-03 -3.6646E-02
  2.9538E+02  5.3292E-03 -3.6655E-02
  2.9575E+02  5.8723E-03 -3.6652E-02
  2.9613E+02  6.4119E-03 -3.6639E-02
  2.9651E+02  6.9478E-03 -3.6616E-02
  2.9688E+02  7.4800E-03 -3.6582E-02
  2.9726E+02  8.0085E-03 -3.6538E-02
  2.9763E+02  8.5331E-03 -3.6484E-02
  2.9801E+02  9.0538E-03 -3.6420E-02
  2.9839E+02  9.5705E-03 -3.6346E-02
  2.9876E+02  1.0083E-02 -3.6262E-02
  2.9914E+02  1.0592E-02 -3.6169E-02
  2.9951E+02  1.1097E-02 -3.6066E-02
  2.9989E+02  1.1597E-02 -3.5953E-02
  3.0026E+02  1.2094E-02 -3.5831E-02
  3.0064E+02  1.2586E-02 -3.5700E-02
  3.0102E+02  1.3074E-02 -3.5560E-02
  3.0139E+02  1.3558E-02 -3.5410E-02
  3.0177E+02  1.4037E-02 -3.5251E-02
  3.0214E+02  1.4512E-02 -3.5083E-02
  3.0252E+02  1.4982E-02 -3.4906E-02
  3.0289E+02  1.5447E-02 -3.4719E-02
  3.0327E+02  1.5908E-02 -3.4524E-02
  3.0365E+02  1.6364E-02 -3.4320E-02
  3.0402E+02  1.6814E-02 -3.4107E-02
  3.0440E+02  1.7260E-02 -3.3885E-02
  3.0477E+02  1.7701E-02 -3.3655E-02
  3.0515E+02  1.8136E-02 -3.3415E-02
  3.0553E+02  1.8566E-02 -3.3167E-02
  3.0590E+02  1.8991E-02 -3.2911E-02
  3.0628E+02  1.9410E-02 -3.2645E-02
  3.0665E+02  1.9823E-02 -3.2372E-02
  3.0703E+02  2.0231E-02 -3.2089E-02
  3.0740E+02  2.0632E-02 -3.1799E-02
  3.0778E+02  2.1028E-02 -3.1499E-02
  3.0816E+02  2.1417E-02 -3.1192E-02
  3.0853E+02  2.1800E-02 -3.0877E-02
  3.0891E+02  2.2176E-02 -3.0553E-02
  3.0928E+02  2.2545E-02 -3.0221E-02
  3.0966E+02  2.2907E-02 -2.9882E-02
  3.1004E+02  2.3261E-02 -2.9535E-02
  3.1041E+02  2.3608E-02 -2.9180E-02
  3.1079E+02  2.3947E-02 -2.8818E-02
  3.1116E+02  2.4278E-02 -2.8448E-02
  3.1154E+02  2.4601E-02 -2.8071E-02
  3.1191E+02  2.4916E-02 -2.7688E-02
  3.1229E+02  2.5221E-02 -2.7298E-02
  3.1267E+02  2.5518E-02 -2.6901E-02
  3.1304E+02  2.5806E-02 -2.6498E-02
  3.1342E+02  2.6084E-02 -2.6088E-02
  3.1379E+02  2.6352E-02 -2.5673E-02
  3.1417E+02  2.6611E-02 -2.5253E-02
  3.1454E+02  2.6860E-02 -2.4827E-02
  3.1492E+02  2.7098E-02 -2.4396E-02
  3.1530E+02  2.7326E-02 -2.3960E-02
  3.1567E+02  2.7543E-02 -2.3520E-02
  3.1605E+02  2.7750E-02 -2.3075E-02
  3.1642E+02  2.7946E-02 -2.2627E-02
  3.1680E+02  2.8131E-02 -2.2175E-02
  3.1718E+02  2.8304E-02 -2.1720E-02
  3.1755E+02  2.8466E-02 -2.1262E-02
  3.1793E+02  2.8617E-02 -2.0801E-02
  3.1830E+02  2.8756E-02 -2.0339E-02
  3.1868E+02  2.8884E-02 -1.9874E-02
  3.1905E+02  2.9000E-02 -1.9407E-02
  3.1943E+02  2.9104E-02 -1.8940E-02
  3.1981E+02  2.9196E-02 -1.8471E-02
  3.2018E+02  2.9277E-02 -1.8002E-02
  3.2056E+02  2.9346E-02 -1.7533E-02
  3.2093E+02  2.9403E-02 -1.7063E-02
  3.2131E+02  2.9449E-02 -1.6595E-02
  3.2168E+02  2.9482E-02 -1.6127E-02
  3.2206E+02  2.9505E-02 -1.5660E-02
  3.2244E+02  2.9515E-02 -1.5194E-02
  3.2281E+02  2.9515E-02 -1.4730E-02
  3.2319E+02  2.9503E-02 -1.4269E-02
  3.2356E+02  2.9480E-02 -1.3809E-02
  3.2394E+02  2.9446E-02 -1.3352E-02
  3.2432E+02  2.9401E-02 -1.2898E-02
  3.2469E+02  2.9345E-02 -1.2448E-02
  3.2507E+02  2.9279E-02 -1.2000E-02
  3.2544E+02  2.9202E-02 -1.1557E-02
  3.2582E+02  2.9115E-02 -1.1117E-02
  3.2619E+02  2.9018E-02 -1.0682E-02
  3.2657E+02  2.8912E-02 -1.0251E-02
  3.2695E+02  2.8795E-02 -9.8242E-03
  3.2732E+02  2.8670E-02 -9.4026E-03
  3.2770E+02  2.8535E-02 -8.9859E-03
  3.2807E+02  2.8391E-02 -8.5745E-03
  3.2845E+02  2.8238E-02 -8.1684E-03
  3.2883E+02  2.8077E-02 -7.7679E-03
  3.2920E+02  2.7908E-02 -7.3730E-03
  3.2958E+02  2.7731E-02 -6.9840E-03
  3.2995E+02  2.7546E-02 -6.6009E-03
  3.3033E+02  2.7353E-02 -6.2238E-03
  3.3070E+02  2.7153E-02 -5.8529E-03
  3.3108E+02  2.6946E-02 -5.4883E-03
  3.3146E+02  2.6732E-02 -5.1300E-03
  3.3183E+02  2.6512E-02 -4.7781E-03
  3.3221E+02  2.6286E-02 -4.4327E-03
  3.3258E+02  2.6053E-02 -4.0938E-03
  3.3296E+02  2.5815E-02 -3.7614E-03
  3.3333E+02  2.5571E-02 -3.4357E-03
  3.3371E+02  2.5322E-02 -3.1167E-03
  3.3409E+02  2.5068E-02 -2.8042E-03
  3.3446E+02  2.4809E-02 -2.4985E-03
  3.3484E+02  2.4545E-02 -2.1993E-03
  3.3521E+02  2.4278E-02 -1.9069E-03
  3.3559E+02  2.4006E-02 -1.6211E-03
  3.3597E+02  2.3730E-02 -1.3419E-03
  3.3634E+02  2.3451E-02 -1.0693E-03
  3.3672E+02  2.3168E-02 -8.0332E-04
  3.3709E+02  2.2882E-02 -5.4387E-04
  3.3747E+02  2.2592E-02 -2.9093E-04
  3.3784E+02  2.2300E-02 -4.4477E-05
  3.3822E+02  2.2005E-02  1.9554E-04
  3.3860E+02  2.1708E-02  4.2916E-04
  3.3897E+02  2.1408E-02  6.5642E-04
  3.3935E+02  2.1106E-02  8.7736E-04
  3.3972E+02  2.0802E-02  1.0920E-03
  3.4010E+02  2.0495E-02  1.3005E-03
  3.4047E+02  2.0187E-02  1.5027E-03
  3.4085E+02  1.9877E-02  1.6988E-03
  3.4123E+02  1.9565E-02  1.8887E-03
  3.4160E+02  1.9252E-02  2.0726E-03
  3.4198E+02  1.8937E-02  2.2504E-03
  3.4235E+02  1.8621E-02  2.4222E-03
  3.4273E+02  1.8303E-02  2.5880E-03
  3.4311E+02  1.7984E-02  2.7477E-03
  3.4348E+02  1.7664E-02  2.9016E-03
  3.4386E+02  1.7342E-02  3.0494E-03
  3.4423E+02  1.7020E-02  3.1913E-03
  3.4461E+02  1.6696E-02  3.3273E-03
  3.4498E+02  1.6371E-02  3.4572E-03
  3.4536E+02  1.6045E-02  3.5813E-03
  3.4574E+02  1.5718E-02  3.6993E-03
  3.4611E+02  1.5391E-02  3.8114E-03
  3.4649E+02  1.5062E-02  3.9174E-03
  3.4686E+02  1.4732E-02  4.0174E-03
  3.4724E+02  1.4402E-02  4.1114E-03
  3.4762E+02  1.4071E-02  4.1992E-03
  3.4799E+02  1.3739E-02  4.2809E-03
  3.4837E+02  1.3406E-02  4.3565E-03
  3.4874E+02  1.3072E-02  4.4258E-03
  3.4912E+02  1.2738E-02  4.4888E-03
  3.4949E+02  1.2403E-02  4.5456E-03
  3.4987E+02  1.2068E-02  4.5960E-03
  3.5025E+02  1.1732E-02  4.6400E-03
  3.5062E+02  1.1396E-02  4.6775E-03
  3.5100E+02  1.1059E-02  4.7086E-03
  3.5137E+02  1.0722E-02  4.7330E-03
  3.5175E+02  1.0385E-02  4.7509E-03
  3.5212E+02  1.0047E-02  4.7621E-03
  3.5250E+02  9.7101E-03  4.7666E-03
  3.5288E+02  9.3728E-03  4.7644E-03
  3.5325E+02  9.0358E-03  4.7554E-03
  3.5363E+02  8.6991E-03  4.7396E-03
  3.5400E+02  8.3628E-03  4.7170E-03
  3.5438E+02  8.0272E-03  4.6874E-03
  3.5476E+02  7.6923E-03  4.6510E-03
  3.5513E+02  7.3584E-03  4.6077E-03
  3.5551E+02  7.0256E-03  4.5575E-03
  3.5588E+02  6.6940E-03  4.5004E-03
  3.5626E+02  6.3639E-03  4.4363E-03
  3.5663E+02  6.0354E-03  4.3654E-03
  3.5701E+02  5.7087E-03  4.2876E-03
  3.5739E+02  5.3840E-03  4.2030E-03
  3.5776E+02  5.0614E-03  4.1116E-03
  3.5814E+02  4.7413E-03  4.0134E-03
  3.5851E+02  4.4238E-03  3.9085E-03
  3.5889E+02  4.1091E-03  3.7970E-03
  3.5926E+02  3.7973E-03  3.6790E-03
  3.5964E+02  3.4888E-03  3.5545E-03
  3.6002E+02  3.1836E-03  3.4235E-03
  3.6039E+02  2.8821E-03  3.2863E-03
  3.6077E+02  2.5843E-03  3.1429E-03
  3.6114E+02  2.2905E-03  2.9935E-03
  3.6152E+02  2.0008E-03  2.8381E-03
  3.6190E+02  1.7155E-03  2.6769E-03
  3.6227E+02  1.4346E-03  2.5100E-03
  3.6265E+02  1.1584E-03  2.3376E-03
  3.6302E+02  8.8706E-04  2.1598E-03
  3.6340E+02  6.2063E-04  1.9767E-03
  3.6377E+02  3.5929E-04  1.7886E-03
  3.6415E+02  1.0318E-04  1.5955E-03
  3.6453E+02 -1.4760E-04  1.3977E-03
  3.6490E+02 -3.9292E-04  1.1954E-03
  3.6528E+02 -6.3269E-04  9.8857E-04
  3.6565E+02 -8.6681E-04  7.7756E-04
  3.6603E+02 -1.0952E-03  5.6249E-04
  3.6641E+02 -1.3178E-03  3.4355E-04
  3.6678E+02 -1.5345E-03  1.2091E-04
  3.6716E+02 -1.7452E-03 -1.0525E-04
  3.6753E+02 -1.9500E-03 -3.3475E-04
  3.6791E+02 -2.1487E-03 -5.6740E-04
  3.6828E+02 -2.3413E-03 -8.0304E-04
  3.6866E+02 -2.5278E-03 -1.0415E-03
  3.6904E+02 -2.7081E-03 -1.2825E-03
  3.6941E+02 -2.8823E-03 -1.5261E-03
  3.6979E+02 -3.0503E-03 -1.7718E-03
  3.7016E+02 -3.2120E-03 -2.0197E-03
  3.7054E+02 -3.3676E-03 -2.2696E-03
  3.7091E+02 -3.5168E-03 -2.5212E-03
  3.7129E+02 -3.6598E-03 -2.7744E-03
  3.7167E+02 -3.7966E-03 -3.0290E-03
  3.7204E+02 -3.9270E-03 -3.2849E-03
  3.7242E+02 -4.0512E-03 -3.5419E-03
  3.7279E+02 -4.1691E-03 -3.7999E-03
  3.7317E+02 -4.2807E-03 -4.0586E-03
  3.7355E+02 -4.3861E-03 -4.3180E-03
  3.7392E+02 -4.4851E-03 -4.5779E-03
  3.7430E+02 -4.5779E-03 -4.8382E-03
  3.7467E+02 -4.6644E-03 -5.0986E-03
  3.7505E+02 -4.7446E-03 -5.3591E-03
  3.7542E+02 -4.8186E-03 -5.6194E-03
  3.7580E+02 -4.8864E-03 -5.8796E-03
  3.7618E+02 -4.9480E-03 -6.1393E-03
  3.7655E+02 -5.0033E-03 -6.3985E-03
  3.7693E+02 -5.0525E-03 -6.6570E-03
  3.7730E+02 -5.0955E-03 -6.9148E-03
  3.7768E+02 -5.1325E-03 -7.1716E-03
  3.7805E+02 -5.1634E-03 -7.4274E-03
  3.7843E+02 -5.1882E-03 -7.6819E-03
  3.7881E+02 -5.2070E-03 -7.9351E-03
  3.7918E+02 -5.2199E-03 -8.1869E-03
  3.7956E+02 -5.2270E-03 -8.4371E-03
  3.7993E+02 -5.2281E-03 -8.6856E-03
  3.8031E+02 -5.2236E-03 -8.9323E-03
  3.8069E+02 -5.2133E-03 -9.1771E-03
  3.8106E+02 -5.1973E-03 -9.4198E-03
  3.8144E+02 -5.1758E-03 -9.6604E-03
  3.8181E+02 -5.1489E-03 -9.8986E-03
  3.8219E+02 -5.1165E-03 -1.0135E-02
  3.8256E+02 -5.0788E-03 -1.0368E-02
  3.8294E+02 -5.0359E-03 -1.0599E-02
  3.8332E+02 -4.9878E-03 -1.0827E-02
  3.8369E+02 -4.9347E-03 -1.1052E-02
  3.8407E+02 -4.8767E-03 -1.1275E-02
  3.8444E+02 -4.8138E-03 -1.1495E-02
  3.8482E+02 -4.7463E-03 -1.1711E-02
  3.8520E+02 -4.6741E-03 -1.1925E-02
  3.8557E+02 -4.5974E-03 -1.2135E-02
  3.8595E+02 -4.5164E-03 -1.2342E-02
  3.8632E+02 -4.4311E-03 -1.2546E-02
  3.8670E+02 -4.3417E-03 -1.2746E-02
  3.8707E+02 -4.2484E-03 -1.2943E-02
  3.8745E+02 -4.1511E-03 -1.3136E-02
  3.8783E+02 -4.0501E-03 -1.3326E-02
  3.8820E+02 -3.9455E-03 -1.3512E-02
  3.8858E+02 -3.8374E-03 -1.3694E-02
  3.8895E+02 -3.7260E-03 -1.3873E-02
  3.8933E+02 -3.6114E-03 -1.4048E-02
  3.8970E+02 -3.4937E-03 -1.4219E-02
  3.9008E+02 -3.3731E-03 -1.4386E-02
  3.9046E+02 -3.2497E-03 -1.4550E-02
  3.9083E+02 -3.1236E-03 -1.4710E-02
  3.9121E+02 -2.9951E-03 -1.4865E-02
  3.9158E+02 -2.8641E-03 -1.5017E-02
  3.9196E+02 -2.7310E-03 -1.5165E-02
  3.9234E+02 -2.5957E-03 -1.5309E-02
  3.9271E+02 -2.4584E-03 -1.5450E-02
  3.9309E+02 -2.3194E-03 -1.5586E-02
  3.9346E+02 -2.1786E-03 -1.5718E-02
  3.9384E+02 -2.0362E-03 -1.5847E-02
  3.9421E+02 -1.8924E-03 -1.5972E-02
  3.9459E+02 -1.7472E-03 -1.6093E-02
  3.9497E+02 -1.6008E-03 -1.6210E-02
  3.9534E+02 -1.4533E-03 -1.6323E-02
  3.9572E+02 -1.3049E-03 -1.6432E-02
  3.9609E+02 -1.1555E-03 -1.6538E-02
  3.9647E+02 -1.0053E-03 -1.6640E-02
  3.9684E+02 -8.5437E-04 -1.6738E-02
  3.9722E+02 -7.0284E-04 -1.6833E-02
  3.9760E+02 -5.5077E-04 -1.6923E-02
  3.9797E+02 -3.9824E-04 -1.7011E-02
  3.9835E+02 -2.4531E-04 -1.7094E-02
  3.9872E+02 -9.2036E-05 -1.7174E-02
  3.9910E+02  6.1513E-05 -1.7251E-02
  3.9948E+02  2.1529E-04 -1.7324E-02
  3.9985E+02  3.6925E-04 -1.7393E-02
  4.0023E+02  5.2334E-04 -1.7459E-02
  4.0060E+02  6.7755E-04 -1.7522E-02
  4.0098E+02  8.3182E-04 -1.7581E-02
  4.0135E+02  9.8613E-04 -1.7637E-02
  4.0173E+02  1.1405E-03 -1.7689E-02
  4.0211E+02  1.2948E-03 -1.7738E-02
  4.0248E+02  1.4491E-03 -1.7784E-02
  4.0286E+02  1.6034E-03 -1.7826E-02
  4.0323E+02  1.7576E-03 -1.7865E-02
  4.0361E+02  1.9118E-03 -1.7901E-02
  4.0399E+02  2.0659E-03 -1.7933E-02
  4.0436E+02  2.2199E-03 -1.7963E-02
  4.0474E+02  2.3738E-03 -1.7988E-02
  4.0511E+02  2.5276E-03 -1.8011E-02
  4.0549E+02  2.6813E-03 -1.8030E-02
  4.0586E+02  2.8348E-03 -1.8045E-02
  4.0624E+02  2.9882E-03 -1.8058E-02
  4.0662E+02  3.1415E-03 -1.8067E-02
  4.0699E+02  3.2945E-03 -1.8073E-02
  4.0737E+02  3.4474E-03 -1.8075E-02
  4.0774E+02  3.6000E-03 -1.8074E-02
  4.0812E+02  3.7523E-03 -1.8069E-02
  4.0849E+02  3.9044E-03 -1.8061E-02
  4.0887E+02  4.0562E-03 -1.8050E-02
  4.0925E+02  4.2077E-03 -1.8035E-02
  4.0962E+02  4.3587E-03 -1.8017E-02
  4.1000E+02  4.5094E-03 -1.7995E-02
  4.1037E+02  4.6596E-03 -1.7970E-02
  4.1075E+02  4.8093E-03 -1.7941E-02
  4.1113E+02  4.9584E-03 -1.7909E-02
  4.1150E+02  5.1070E-03 -1.7874E-02
  4.1188E+02  5.2549E-03 -1.7834E-02
  4.1225E+02  5.4021E-03 -1.7792E-02
  4.1263E+02  5.5485E-03 -1.7745E-02
  4.1300E+02  5.6941E-03 -1.7695E-02
  4.1338E+02  5.8388E-03 -1.7642E-02
  4.1376E+02  5.9826E-03 -1.7585E-02
  4.1413E+02  6.1254E-03 -1.7525E-02
  4.1451E+02  6.2670E-03 -1.7461E-02
  4.1488E+02  6.4075E-03 -1.7393E-02
  4.1526E+02  6.5467E-03 -1.7323E-02
  4.1563E+02  6.6846E-03 -1.7248E-02
  4.1601E+02  6.8211E-03 -1.7170E-02
  4.1639E+02  6.9561E-03 -1.7089E-02
  4.1676E+02  7.0896E-03 -1.7005E-02
  4.1714E+02  7.2213E-03 -1.6917E-02
  4.1751E+02  7.3513E-03 -1.6825E-02
  4.1789E+02  7.4795E-03 -1.6731E-02
  4.1827E+02  7.6057E-03 -1.6633E-02
  4.1864E+02  7.7298E-03 -1.6532E-02
  4.1902E+02  7.8518E-03 -1.6428E-02
  4.1939E+02  7.9715E-03 -1.6321E-02
  4.1977E+02  8.0889E-03 -1.6211E-02
  4.2014E+02  8.2039E-03 -1.6098E-02
  4.2052E+02  8.3163E-03 -1.5982E-02
  4.2090E+02  8.4260E-03 -1.5864E-02
  4.2127E+02  8.5330E-03 -1.5742E-02
  4.2165E+02  8.6372E-03 -1.5618E-02
  4.2202E+02  8.7384E-03 -1.5492E-02
  4.2240E+02  8.8365E-03 -1.5363E-02
  4.2278E+02  8.9315E-03 -1.5232E-02
  4.2315E+02  9.0233E-03 -1.5099E-02
  4.2353E+02  9.1117E-03 -1.4963E-02
  4.2390E+02  9.1968E-03 -1.4826E-02
  4.2428E+02  9.2784E-03 -1.4687E-02
  4.2465E+02  9.3564E-03 -1.4546E-02
  4.2503E+02  9.4308E-03 -1.4403E-02
  4.2541E+02  9.5015E-03 -1.4258E-02
  4.2578E+02  9.5685E-03 -1.4113E-02
  4.2616E+02  9.6317E-03 -1.3966E-02
  4.2653E+02  9.6910E-03 -1.3817E-02
  4.2691E+02  9.7465E-03 -1.3668E-02
  4.2728E+02  9.7981E-03 -1.3518E-02
  4.2766E+02  9.8458E-03 -1.3367E-02
  4.2804E+02  9.8896E-03 -1.3215E-02
  4.2841E+02  9.9294E-03 -1.3063E-02
  4.2879E+02  9.9652E-03 -1.2910E-02
  4.2916E+02  9.9972E-03 -1.2756E-02
  4.2954E+02  1.0025E-02 -1.2603E-02
  4.2992E+02  1.0049E-02 -1.2449E-02
  4.3029E+02  1.0070E-02 -1.2296E-02
  4.3067E+02  1.0086E-02 -1.2142E-02
  4.3104E+02  1.0099E-02 -1.1989E-02
  4.3142E+02  1.0107E-02 -1.1836E-02
  4.3179E+02  1.0113E-02 -1.1683E-02
  4.3217E+02  1.0114E-02 -1.1531E-02
  4.3255E+02  1.0112E-02 -1.1379E-02
  4.3292E+02  1.0106E-02 -1.1228E-02
  4.3330E+02  1.0097E-02 -1.1078E-02
  4.3367E+02  1.0085E-02 -1.0928E-02
  4.3405E+02  1.0069E-02 -1.0780E-02
  4.3442E+02  1.0049E-02 -1.0632E-02
  4.3480E+02  1.0027E-02 -1.0485E-02
  4.3518E+02  1.0002E-02 -1.0340E-02
  4.3555E+02  9.9730E-03 -1.0195E-02
  4.3593E+02  9.9415E-03 -1.0052E-02
  4.3630E+02  9.9070E-03 -9.9098E-03
  4.3668E+02  9.8698E-03 -9.7689E-03
  4.3706E+02  9.8297E-03 -9.6293E-03
  4.3743E+02  9.7870E-03 -9.4910E-03
  4.3781E+02  9.7417E-03 -9.3541E-03
  4.3818E+02  9.6938E-03 -9.2185E-03
  4.3856E+02  9.6435E-03 -9.0844E-03
  4.3893E+02  9.5908E-03 -8.9517E-03
  4.3931E+02  9.5357E-03 -8.8205E-03
  4.3969E+02  9.4784E-03 -8.6907E-03
  4.4006E+02  9.4189E-03 -8.5624E-03
  4.4044E+02  9.3572E-03 -8.4357E-03
  4.4081E+02  9.2935E-03 -8.3105E-03
  4.4119E+02  9.2277E-03 -8.1867E-03
  4.4157E+02  9.1599E-03 -8.0646E-03
  4.4194E+02  9.0902E-03 -7.9440E-03
  4.4232E+02  9.0187E-03 -7.8249E-03
  4.4269E+02  8.9453E-03 -7.7074E-03
  4.4307E+02  8.8701E-03 -7.5915E-03
  4.4344E+02  8.7932E-03 -7.4772E-03
  4.4382E+02  8.7146E-03 -7.3645E-03
  4.4420E+02  8.6343E-03 -7.2534E-03
  4.4457E+02  8.5524E-03 -7.1439E-03
  4.4495E+02  8.4689E-03 -7.0360E-03
  4.4532E+02  8.3838E-03 -6.9297E-03
  4.4570E+02  8.2971E-03 -6.8251E-03
  4.4607E+02  8.2090E-03 -6.7221E-03
  4.4645E+02  8.1193E-03 -6.6208E-03
  4.4683E+02  8.0281E-03 -6.5212E-03
  4.4720E+02  7.9355E-03 -6.4233E-03
  4.4758E+02  7.8415E-03 -6.3271E-03
  4.4795E+02  7.7460E-03 -6.2327E-03
  4.4833E+02  7.6491E-03 -6.1400E-03
  4.4871E+02  7.5509E-03 -6.0491E-03
  4.4908E+02  7.4512E-03 -5.9600E-03
  4.4946E+02  7.3502E-03 -5.8728E-03
  4.4983E+02  7.2479E-03 -5.7874E-03
  4.5021E+02  7.1442E-03 -5.7039E-03
  4.5058E+02  7.0393E-03 -5.6224E-03
  4.5096E+02  6.9330E-03 -5.5427E-03
  4.5134E+02  6.8255E-03 -5.4651E-03
  4.5171E+02  6.7167E-03 -5.3895E-03
  4.5209E+02  6.6067E-03 -5.3160E-03
  4.5246E+02  6.4956E-03 -5.2445E-03
  4.5284E+02  6.3832E-03 -5.1752E-03
  4.5321E+02  6.2698E-03 -5.1080E-03
  4.5359E+02  6.1552E-03 -5.0431E-03
  4.5397E+02  6.0396E-03 -4.9803E-03
  4.5434E+02  5.9230E-03 -4.9198E-03
  4.5472E+02  5.8055E-03 -4.8616E-03
  4.5509E+02  5.6870E-03 -4.8057E-03
  4.5547E+02  5.5676E-03 -4.7521E-03
  4.5585E+02  5.4474E-03 -4.7009E-03
  4.5622E+02  5.3265E-03 -4.6522E-03
  4.5660E+02  5.2049E-03 -4.6058E-03
  4.5697E+02  5.0826E-03 -4.5619E-03
  4.5735E+02  4.9598E-03 -4.5205E-03
  4.5772E+02  4.8365E-03 -4.4815E-03
  4.5810E+02  4.7128E-03 -4.4451E-03
  4.5848E+02  4.5887E-03 -4.4111E-03
  4.5885E+02  4.4643E-03 -4.3797E-03
  4.5923E+02  4.3397E-03 -4.3507E-03
  4.5960E+02  4.2150E-03 -4.3243E-03
  4.5998E+02  4.0902E-03 -4.3005E-03
  4.6036E+02  3.9655E-03 -4.2791E-03
  4.6073E+02  3.8409E-03 -4.2603E-03
  4.6111E+02  3.7164E-03 -4.2439E-03
  4.6148E+02  3.5922E-03 -4.2300E-03
  4.6186E+02  3.4683E-03 -4.2187E-03
  4.6223E+02  3.3448E-03 -4.2097E-03
  4.6261E+02  3.2217E-03 -4.2032E-03
  4.6299E+02  3.0992E-03 -4.1991E-03
  4.6336E+02  2.9774E-03 -4.1974E-03
  4.6374E+02  2.8562E-03 -4.1980E-03
  4.6411E+02  2.7357E-03 -4.2010E-03
  4.6449E+02  2.6160E-03 -4.2062E-03
  4.6486E+02  2.4973E-03 -4.2137E-03
  4.6524E+02  2.3794E-03 -4.2233E-03
  4.6562E+02  2.2625E-03 -4.2352E-03
  4.6599E+02  2.1466E-03 -4.2492E-03
  4.6637E+02  2.0318E-03 -4.2652E-03
  4.6674E+02  1.9181E-03 -4.2833E-03
  4.6712E+02  1.8055E-03 -4.3034E-03
  4.6750E+02  1.6942E-03 -4.3255E-03
  4.6787E+02  1.5841E-03 -4.3494E-03
  4.6825E+02  1.4753E-03 -4.3752E-03
  4.6862E+02  1.3677E-03 -4.4028E-03
  4.6900E+02  1.2615E-03 -4.4322E-03
  4.6937E+02  1.1566E-03 -4.4633E-03
  4.6975E+02  1.0532E-03 -4.4960E-03
  4.7013E+02  9.5108E-04 -4.5304E-03
  4.7050E+02  8.5041E-04 -4.5664E-03
  4.7088E+02  7.5116E-04 -4.6038E-03
  4.7125E+02  6.5336E-04 -4.6428E-03
  4.7163E+02  5.5702E-04 -4.6832E-03
  4.7200E+02  4.6214E-04 -4.7250E-03
  4.7238E+02  3.6873E-04 -4.7681E-03
  4.7276E+02  2.7681E-04 -4.8126E-03
  4.7313E+02  1.8636E-04 -4.8583E-03
  4.7351E+02  9.7409E-05 -4.9053E-03
  4.7388E+02  9.9443E-06 -4.9534E-03
  4.7426E+02 -7.6028E-05 -5.0027E-03
  4.7464E+02 -1.6051E-04 -5.0531E-03
  4.7501E+02 -2.4349E-04 -5.1046E-03
  4.7539E+02 -3.2498E-04 -5.1572E-03
  4.7576E+02 -4.0498E-04 -5.2107E-03
  4.7614E+02 -4.8349E-04 -5.2653E-03
  4.7651E+02 -5.6050E-04 -5.3208E-03
  4.7689E+02 -6.3601E-04 -5.3772E-03
  4.7727E+02 -7.1004E-04 -5.4345E-03
  4.7764E+02 -7.8257E-04 -5.4927E-03
  4.7802E+02 -8.5361E-04 -5.5517E-03
  4.7839E+02 -9.2315E-04 -5.6116E-03
  4.7877E+02 -9.9119E-04 -5.6722E-03
  4.7915E+02 -1.0577E-03 -5.7336E-03
  4.7952E+02 -1.1228E-03 -5.7958E-03
  4.7990E+02 -1.1863E-03 -5.8586E-03
  4.8027E+02 -1.2483E-03 -5.9222E-03
  4.8065E+02 -1.3087E-03 -5.9864E-03
  4.8102E+02 -1.3677E-03 -6.0513E-03
  4.8140E+02 -1.4251E-03 -6.1167E-03
  4.8178E+02 -1.4809E-03 -6.1828E-03
  4.8215E+02 -1.5352E-03 -6.2494E-03
  4.8253E+02 -1.5879E-03 -6.3166E-03
  4.8290E+02 -1.6390E-03 -6.3843E-03
  4.8328E+02 -1.6886E-03 -6.4525E-03
  4.8365E+02 -1.7365E-03 -6.5211E-03
  4.8403E+02 -1.7827E-03 -6.5902E-03
  4.8441E+02 -1.8274E-03 -6.6597E-03
  4.8478E+02 -1.8704E-03 -6.7295E-03
  4.8516E+02 -1.9117E-03 -6.7997E-03
  4.8553E+02 -1.9513E-03 -6.8702E-03
  4.8591E+02 -1.9893E-03 -6.9409E-03
  4.8629E+02 -2.0255E-03 -7.0119E-03
  4.8666E+02 -2.0600E-03 -7.0831E-03
  4.8704E+02 -2.0928E-03 -7.1545E-03
  4.8741E+02 -2.1239E-03 -7.2260E-03
  4.8779E+02 -2.1532E-03 -7.2976E-03
  4.8816E+02 -2.1807E-03 -7.3692E-03
  4.8854E+02 -2.2065E-03 -7.4409E-03
  4.8892E+02 -2.2306E-03 -7.5125E-03
  4.8929E+02 -2.2529E-03 -7.5841E-03
  4.8967E+02 -2.2734E-03 -7.6556E-03
  4.9004E+02 -2.2921E-03 -7.7269E-03
  4.9042E+02 -2.3091E-03 -7.7980E-03
  4.9079E+02 -2.3243E-03 -7.8690E-03
  4.9117E+02 -2.3378E-03 -7.9396E-03
  4.9155E+02 -2.3495E-03 -8.0099E-03
  4.9192E+02 -2.3594E-03 -8.0799E-03
  4.9230E+02 -2.3677E-03 -8.1495E-03
  4.9267E+02 -2.3742E-03 -8.2186E-03
  4.9305E+02 -2.3790E-03 -8.2873E-03
  4.9343E+02 -2.3821E-03 -8.3554E-03
  4.9380E+02 -2.3836E-03 -8.4230E-03
  4.9418E+02 -2.3834E-03 -8.4899E-03
  4.9455E+02 -2.3815E-03 -8.5563E-03
  4.9493E+02 -2.3781E-03 -8.6219E-03
  4.9530E+02 -2.3730E-03 -8.6869E-03
  4.9568E+02 -2.3664E-03 -8.7511E-03
  4.9606E+02 -2.3583E-03 -8.8145E-03
  4.9643E+02 -2.3486E-03 -8.8771E-03
  4.9681E+02 -2.3374E-03 -8.9388E-03
  4.9718E+02 -2.3247E-03 -8.9997E-03
  4.9756E+02 -2.3107E-03 -9.0596E-03
  4.9794E+02 -2.2952E-03 -9.1186E-03
  4.9831E+02 -2.2783E-03 -9.1766E-03
  4.9869E+02 -2.2601E-03 -9.2336E-03
  4.9906E+02 -2.2406E-03 -9.2895E-03
  4.9944E+02 -2.2199E-03 -9.3444E-03
  4.9981E+02 -2.1978E-03 -9.3982E-03
  5.0000E+02 -2.1865E-03 -9.4245E-03
