# CREATED BY GENE DIAGNOSTICS TOOL on Sat Jun 23 12:22:03 2018
# diag: GAMDIAG, run(s): 0001, time window: 0-500(1332 steps), species: ions
# original data path: /ptmp/cmor/PoP/scanfiles0002/
# normalization: L_ref=5.4832m
#
# xind= 0, x/a= 0.70710677, q= 1.1018624
# Fit:    0.0069160344,1.46403,-0.044665181
# Analytic (Gao, Zhou/Yu): 0.32199362,-1.4359452e-42,1.8949245
#  t          Re[phi]     Im[phi]   
  0.0000E+00  9.9991E-01  0.0000E+00
  3.7580E-01  9.9334E-01  6.1252E-02
  7.5160E-01  9.7759E-01  1.2139E-01
  1.1274E+00  9.5470E-01  1.7961E-01
  1.5032E+00  9.2578E-01  2.3533E-01
  1.8790E+00  8.9178E-01  2.8807E-01
  2.2548E+00  8.5372E-01  3.3750E-01
  2.6306E+00  8.1259E-01  3.8337E-01
  3.0064E+00  7.6934E-01  4.2557E-01
  3.3822E+00  7.2478E-01  4.6406E-01
  3.7580E+00  6.7956E-01  4.9889E-01
  4.1338E+00  6.3411E-01  5.3017E-01
  4.5096E+00  5.8867E-01  5.5803E-01
  4.8854E+00  5.4337E-01  5.8258E-01
  5.2612E+00  4.9825E-01  6.0396E-01
  5.6370E+00  4.5328E-01  6.2229E-01
  6.0128E+00  4.0838E-01  6.3765E-01
  6.3886E+00  3.6349E-01  6.5010E-01
  6.7644E+00  3.1856E-01  6.5970E-01
  7.1402E+00  2.7363E-01  6.6647E-01
  7.5160E+00  2.2876E-01  6.7045E-01
  7.8918E+00  1.8410E-01  6.7165E-01
  8.2676E+00  1.3981E-01  6.7012E-01
  8.6434E+00  9.6046E-02  6.6590E-01
  9.0192E+00  5.3067E-02  6.5905E-01
  9.3950E+00  1.1141E-02  6.4967E-01
  9.7708E+00 -2.9500E-02  6.3785E-01
  1.0147E+01 -6.8642E-02  6.2373E-01
  1.0522E+01 -1.0608E-01  6.0743E-01
  1.0898E+01 -1.4161E-01  5.8913E-01
  1.1274E+01 -1.7507E-01  5.6900E-01
  1.1650E+01 -2.0631E-01  5.4722E-01
  1.2026E+01 -2.3520E-01  5.2399E-01
  1.2401E+01 -2.6169E-01  4.9950E-01
  1.2777E+01 -2.8575E-01  4.7396E-01
  1.3153E+01 -3.0737E-01  4.4756E-01
  1.3529E+01 -3.2652E-01  4.2049E-01
  1.3905E+01 -3.4320E-01  3.9294E-01
  1.4280E+01 -3.5742E-01  3.6509E-01
  1.4656E+01 -3.6923E-01  3.3713E-01
  1.5032E+01 -3.7872E-01  3.0923E-01
  1.5408E+01 -3.8597E-01  2.8153E-01
  1.5784E+01 -3.9106E-01  2.5420E-01
  1.6159E+01 -3.9405E-01  2.2738E-01
  1.6535E+01 -3.9504E-01  2.0118E-01
  1.6911E+01 -3.9415E-01  1.7575E-01
  1.7287E+01 -3.9149E-01  1.5118E-01
  1.7663E+01 -3.8718E-01  1.2757E-01
  1.8038E+01 -3.8133E-01  1.0501E-01
  1.8414E+01 -3.7407E-01  8.3589E-02
  1.8790E+01 -3.6551E-01  6.3362E-02
  1.9166E+01 -3.5579E-01  4.4391E-02
  1.9542E+01 -3.4505E-01  2.6718E-02
  1.9917E+01 -3.3342E-01  1.0377E-02
  2.0293E+01 -3.2104E-01 -4.6100E-03
  2.0669E+01 -3.0802E-01 -1.8230E-02
  2.1045E+01 -2.9451E-01 -3.0480E-02
  2.1421E+01 -2.8062E-01 -4.1369E-02
  2.1796E+01 -2.6648E-01 -5.0914E-02
  2.2172E+01 -2.5221E-01 -5.9142E-02
  2.2548E+01 -2.3791E-01 -6.6087E-02
  2.2924E+01 -2.2370E-01 -7.1792E-02
  2.3300E+01 -2.0970E-01 -7.6305E-02
  2.3675E+01 -1.9602E-01 -7.9686E-02
  2.4051E+01 -1.8278E-01 -8.2003E-02
  2.4427E+01 -1.7002E-01 -8.3330E-02
  2.4803E+01 -1.5782E-01 -8.3741E-02
  2.5179E+01 -1.4619E-01 -8.3314E-02
  2.5554E+01 -1.3522E-01 -8.2127E-02
  2.5930E+01 -1.2496E-01 -8.0261E-02
  2.6306E+01 -1.1547E-01 -7.7802E-02
  2.6682E+01 -1.0678E-01 -7.4836E-02
  2.7058E+01 -9.8917E-02 -7.1450E-02
  2.7433E+01 -9.1912E-02 -6.7733E-02
  2.7809E+01 -8.5770E-02 -6.3772E-02
  2.8185E+01 -8.0486E-02 -5.9655E-02
  2.8561E+01 -7.6039E-02 -5.5463E-02
  2.8937E+01 -7.2405E-02 -5.1275E-02
  2.9312E+01 -6.9557E-02 -4.7164E-02
  2.9688E+01 -6.7474E-02 -4.3201E-02
  3.0064E+01 -6.6131E-02 -3.9453E-02
  3.0440E+01 -6.5491E-02 -3.5982E-02
  3.0816E+01 -6.5504E-02 -3.2847E-02
  3.1191E+01 -6.6105E-02 -3.0097E-02
  3.1567E+01 -6.7227E-02 -2.7777E-02
  3.1943E+01 -6.8812E-02 -2.5922E-02
  3.2319E+01 -7.0803E-02 -2.4566E-02
  3.2695E+01 -7.3141E-02 -2.3734E-02
  3.3070E+01 -7.5768E-02 -2.3445E-02
  3.3446E+01 -7.8635E-02 -2.3715E-02
  3.3822E+01 -8.1692E-02 -2.4553E-02
  3.4198E+01 -8.4886E-02 -2.5966E-02
  3.4574E+01 -8.8146E-02 -2.7956E-02
  3.4949E+01 -9.1391E-02 -3.0516E-02
  3.5325E+01 -9.4533E-02 -3.3630E-02
  3.5701E+01 -9.7489E-02 -3.7275E-02
  3.6077E+01 -1.0020E-01 -4.1423E-02
  3.6453E+01 -1.0260E-01 -4.6038E-02
  3.6828E+01 -1.0467E-01 -5.1081E-02
  3.7204E+01 -1.0635E-01 -5.6513E-02
  3.7580E+01 -1.0760E-01 -6.2289E-02
  3.7956E+01 -1.0840E-01 -6.8364E-02
  3.8332E+01 -1.0874E-01 -7.4688E-02
  3.8707E+01 -1.0860E-01 -8.1216E-02
  3.9083E+01 -1.0797E-01 -8.7901E-02
  3.9459E+01 -1.0683E-01 -9.4695E-02
  3.9835E+01 -1.0517E-01 -1.0155E-01
  4.0211E+01 -1.0297E-01 -1.0841E-01
  4.0586E+01 -1.0022E-01 -1.1523E-01
  4.0962E+01 -9.6913E-02 -1.2196E-01
  4.1338E+01 -9.3046E-02 -1.2855E-01
  4.1714E+01 -8.8621E-02 -1.3495E-01
  4.2090E+01 -8.3641E-02 -1.4110E-01
  4.2465E+01 -7.8113E-02 -1.4696E-01
  4.2841E+01 -7.2040E-02 -1.5248E-01
  4.3217E+01 -6.5431E-02 -1.5761E-01
  4.3593E+01 -5.8299E-02 -1.6230E-01
  4.3969E+01 -5.0672E-02 -1.6650E-01
  4.4344E+01 -4.2593E-02 -1.7018E-01
  4.4720E+01 -3.4123E-02 -1.7328E-01
  4.5096E+01 -2.5338E-02 -1.7580E-01
  4.5472E+01 -1.6327E-02 -1.7769E-01
  4.5848E+01 -7.1842E-03 -1.7896E-01
  4.6223E+01  1.9915E-03 -1.7960E-01
  4.6599E+01  1.1109E-02 -1.7961E-01
  4.6975E+01  2.0090E-02 -1.7902E-01
  4.7351E+01  2.8875E-02 -1.7785E-01
  4.7727E+01  3.7433E-02 -1.7612E-01
  4.8102E+01  4.5761E-02 -1.7387E-01
  4.8478E+01  5.3877E-02 -1.7111E-01
  4.8854E+01  6.1812E-02 -1.6787E-01
  4.9230E+01  6.9592E-02 -1.6416E-01
  4.9606E+01  7.7238E-02 -1.5999E-01
  4.9981E+01  8.4754E-02 -1.5535E-01
  5.0357E+01  9.2128E-02 -1.5027E-01
  5.0733E+01  9.9329E-02 -1.4474E-01
  5.1109E+01  1.0631E-01 -1.3877E-01
  5.1485E+01  1.1302E-01 -1.3237E-01
  5.1860E+01  1.1939E-01 -1.2558E-01
  5.2236E+01  1.2535E-01 -1.1841E-01
  5.2612E+01  1.3084E-01 -1.1090E-01
  5.2988E+01  1.3580E-01 -1.0310E-01
  5.3364E+01  1.4018E-01 -9.5043E-02
  5.3739E+01  1.4397E-01 -8.6787E-02
  5.4115E+01  1.4714E-01 -7.8380E-02
  5.4491E+01  1.4972E-01 -6.9873E-02
  5.4867E+01  1.5173E-01 -6.1312E-02
  5.5243E+01  1.5318E-01 -5.2740E-02
  5.5618E+01  1.5411E-01 -4.4195E-02
  5.5994E+01  1.5454E-01 -3.5713E-02
  5.6370E+01  1.5448E-01 -2.7326E-02
  5.6746E+01  1.5395E-01 -1.9066E-02
  5.7122E+01  1.5294E-01 -1.0962E-02
  5.7497E+01  1.5146E-01 -3.0470E-03
  5.7873E+01  1.4948E-01  4.6477E-03
  5.8249E+01  1.4701E-01  1.2088E-02
  5.8625E+01  1.4404E-01  1.9238E-02
  5.9001E+01  1.4059E-01  2.6061E-02
  5.9376E+01  1.3666E-01  3.2523E-02
  5.9752E+01  1.3229E-01  3.8591E-02
  6.0128E+01  1.2753E-01  4.4236E-02
  6.0504E+01  1.2244E-01  4.9435E-02
  6.0880E+01  1.1709E-01  5.4171E-02
  6.1255E+01  1.1155E-01  5.8435E-02
  6.1631E+01  1.0590E-01  6.2227E-02
  6.2007E+01  1.0022E-01  6.5554E-02
  6.2383E+01  9.4577E-02  6.8432E-02
  6.2759E+01  8.9029E-02  7.0880E-02
  6.3134E+01  8.3620E-02  7.2926E-02
  6.3510E+01  7.8383E-02  7.4596E-02
  6.3886E+01  7.3335E-02  7.5922E-02
  6.4262E+01  6.8480E-02  7.6933E-02
  6.4638E+01  6.3815E-02  7.7656E-02
  6.5013E+01  5.9329E-02  7.8118E-02
  6.5389E+01  5.5004E-02  7.8340E-02
  6.5765E+01  5.0821E-02  7.8342E-02
  6.6141E+01  4.6757E-02  7.8139E-02
  6.6517E+01  4.2794E-02  7.7743E-02
  6.6892E+01  3.8918E-02  7.7164E-02
  6.7268E+01  3.5120E-02  7.6408E-02
  6.7644E+01  3.1397E-02  7.5482E-02
  6.8020E+01  2.7749E-02  7.4392E-02
  6.8396E+01  2.4189E-02  7.3143E-02
  6.8771E+01  2.0734E-02  7.1743E-02
  6.9147E+01  1.7412E-02  7.0201E-02
  6.9523E+01  1.4248E-02  6.8532E-02
  6.9899E+01  1.1268E-02  6.6751E-02
  7.0275E+01  8.4864E-03  6.4875E-02
  7.0650E+01  5.9156E-03  6.2923E-02
  7.1026E+01  3.5622E-03  6.0915E-02
  7.1402E+01  1.4307E-03  5.8870E-02
  7.1778E+01 -4.7711E-04  5.6809E-02
  7.2154E+01 -2.1632E-03  5.4751E-02
  7.2529E+01 -3.6350E-03  5.2715E-02
  7.2905E+01 -4.9050E-03  5.0717E-02
  7.3281E+01 -5.9896E-03  4.8772E-02
  7.3657E+01 -6.9071E-03  4.6894E-02
  7.4033E+01 -7.6770E-03  4.5094E-02
  7.4408E+01 -8.3191E-03  4.3378E-02
  7.4784E+01 -8.8526E-03  4.1753E-02
  7.5160E+01 -9.2953E-03  4.0223E-02
  7.5536E+01 -9.6635E-03  3.8789E-02
  7.5912E+01 -9.9727E-03  3.7454E-02
  7.6287E+01 -1.0238E-02  3.6214E-02
  7.6663E+01 -1.0473E-02  3.5069E-02
  7.7039E+01 -1.0694E-02  3.4015E-02
  7.7415E+01 -1.0915E-02  3.3046E-02
  7.7791E+01 -1.1147E-02  3.2157E-02
  7.8166E+01 -1.1403E-02  3.1340E-02
  7.8542E+01 -1.1689E-02  3.0587E-02
  7.8918E+01 -1.2008E-02  2.9890E-02
  7.9294E+01 -1.2361E-02  2.9241E-02
  7.9670E+01 -1.2746E-02  2.8632E-02
  8.0045E+01 -1.3161E-02  2.8057E-02
  8.0421E+01 -1.3600E-02  2.7508E-02
  8.0797E+01 -1.4062E-02  2.6980E-02
  8.1173E+01 -1.4545E-02  2.6467E-02
  8.1549E+01 -1.5049E-02  2.5964E-02
  8.1924E+01 -1.5572E-02  2.5466E-02
  8.2300E+01 -1.6115E-02  2.4967E-02
  8.2676E+01 -1.6679E-02  2.4463E-02
  8.3052E+01 -1.7265E-02  2.3949E-02
  8.3428E+01 -1.7877E-02  2.3420E-02
  8.3803E+01 -1.8515E-02  2.2868E-02
  8.4179E+01 -1.9181E-02  2.2290E-02
  8.4555E+01 -1.9874E-02  2.1679E-02
  8.4931E+01 -2.0588E-02  2.1030E-02
  8.5307E+01 -2.1317E-02  2.0338E-02
  8.5682E+01 -2.2054E-02  1.9599E-02
  8.6058E+01 -2.2790E-02  1.8811E-02
  8.6434E+01 -2.3517E-02  1.7972E-02
  8.6810E+01 -2.4229E-02  1.7080E-02
  8.7186E+01 -2.4922E-02  1.6136E-02
  8.7561E+01 -2.5593E-02  1.5139E-02
  8.7937E+01 -2.6239E-02  1.4088E-02
  8.8313E+01 -2.6860E-02  1.2985E-02
  8.8689E+01 -2.7457E-02  1.1829E-02
  8.9065E+01 -2.8027E-02  1.0620E-02
  8.9440E+01 -2.8570E-02  9.3573E-03
  8.9816E+01 -2.9081E-02  8.0421E-03
  9.0192E+01 -2.9550E-02  6.6750E-03
  9.0568E+01 -2.9967E-02  5.2581E-03
  9.0944E+01 -3.0320E-02  3.7948E-03
  9.1319E+01 -3.0599E-02  2.2896E-03
  9.1695E+01 -3.0798E-02  7.4795E-04
  9.2071E+01 -3.0912E-02 -8.2410E-04
  9.2447E+01 -3.0942E-02 -2.4205E-03
  9.2823E+01 -3.0888E-02 -4.0352E-03
  9.3198E+01 -3.0753E-02 -5.6625E-03
  9.3574E+01 -3.0540E-02 -7.2973E-03
  9.3950E+01 -3.0254E-02 -8.9348E-03
  9.4326E+01 -2.9899E-02 -1.0571E-02
  9.4702E+01 -2.9477E-02 -1.2202E-02
  9.5077E+01 -2.8985E-02 -1.3824E-02
  9.5453E+01 -2.8420E-02 -1.5433E-02
  9.5829E+01 -2.7773E-02 -1.7024E-02
  9.6205E+01 -2.7035E-02 -1.8590E-02
  9.6581E+01 -2.6197E-02 -2.0124E-02
  9.6956E+01 -2.5253E-02 -2.1618E-02
  9.7332E+01 -2.4200E-02 -2.3062E-02
  9.7708E+01 -2.3038E-02 -2.4446E-02
  9.8084E+01 -2.1772E-02 -2.5763E-02
  9.8460E+01 -2.0409E-02 -2.7003E-02
  9.8835E+01 -1.8961E-02 -2.8159E-02
  9.9211E+01 -1.7441E-02 -2.9225E-02
  9.9587E+01 -1.5864E-02 -3.0197E-02
  9.9963E+01 -1.4246E-02 -3.1071E-02
  1.0034E+02 -1.2604E-02 -3.1847E-02
  1.0071E+02 -1.0952E-02 -3.2525E-02
  1.0109E+02 -9.3027E-03 -3.3107E-02
  1.0147E+02 -7.6637E-03 -3.3595E-02
  1.0184E+02 -6.0397E-03 -3.3994E-02
  1.0222E+02 -4.4316E-03 -3.4305E-02
  1.0259E+02 -2.8372E-03 -3.4531E-02
  1.0297E+02 -1.2525E-03 -3.4674E-02
  1.0334E+02  3.2655E-04 -3.4736E-02
  1.0372E+02  1.9027E-03 -3.4715E-02
  1.0410E+02  3.4761E-03 -3.4613E-02
  1.0447E+02  5.0443E-03 -3.4429E-02
  1.0485E+02  6.6030E-03 -3.4163E-02
  1.0522E+02  8.1460E-03 -3.3816E-02
  1.0560E+02  9.6667E-03 -3.3387E-02
  1.0598E+02  1.1158E-02 -3.2879E-02
  1.0635E+02  1.2612E-02 -3.2295E-02
  1.0673E+02  1.4022E-02 -3.1636E-02
  1.0710E+02  1.5382E-02 -3.0907E-02
  1.0748E+02  1.6687E-02 -3.0112E-02
  1.0785E+02  1.7931E-02 -2.9255E-02
  1.0823E+02  1.9112E-02 -2.8340E-02
  1.0861E+02  2.0224E-02 -2.7373E-02
  1.0898E+02  2.1264E-02 -2.6359E-02
  1.0936E+02  2.2229E-02 -2.5303E-02
  1.0973E+02  2.3117E-02 -2.4211E-02
  1.1011E+02  2.3925E-02 -2.3090E-02
  1.1049E+02  2.4652E-02 -2.1944E-02
  1.1086E+02  2.5298E-02 -2.0780E-02
  1.1124E+02  2.5864E-02 -1.9603E-02
  1.1161E+02  2.6351E-02 -1.8420E-02
  1.1199E+02  2.6762E-02 -1.7236E-02
  1.1236E+02  2.7100E-02 -1.6055E-02
  1.1274E+02  2.7369E-02 -1.4883E-02
  1.1312E+02  2.7574E-02 -1.3722E-02
  1.1349E+02  2.7718E-02 -1.2577E-02
  1.1387E+02  2.7808E-02 -1.1451E-02
  1.1424E+02  2.7847E-02 -1.0345E-02
  1.1462E+02  2.7838E-02 -9.2621E-03
  1.1499E+02  2.7785E-02 -8.2038E-03
  1.1537E+02  2.7688E-02 -7.1715E-03
  1.1575E+02  2.7548E-02 -6.1668E-03
  1.1612E+02  2.7365E-02 -5.1914E-03
  1.1650E+02  2.7137E-02 -4.2472E-03
  1.1687E+02  2.6865E-02 -3.3361E-03
  1.1725E+02  2.6547E-02 -2.4605E-03
  1.1763E+02  2.6184E-02 -1.6227E-03
  1.1800E+02  2.5777E-02 -8.2533E-04
  1.1838E+02  2.5329E-02 -7.0602E-05
  1.1875E+02  2.4844E-02  6.3944E-04
  1.1913E+02  2.4330E-02  1.3033E-03
  1.1950E+02  2.3793E-02  1.9204E-03
  1.1988E+02  2.3242E-02  2.4908E-03
  1.2026E+02  2.2688E-02  3.0156E-03
  1.2063E+02  2.2136E-02  3.4969E-03
  1.2101E+02  2.1594E-02  3.9372E-03
  1.2138E+02  2.1068E-02  4.3399E-03
  1.2176E+02  2.0559E-02  4.7084E-03
  1.2213E+02  2.0071E-02  5.0465E-03
  1.2251E+02  1.9604E-02  5.3579E-03
  1.2289E+02  1.9158E-02  5.6460E-03
  1.2326E+02  1.8730E-02  5.9141E-03
  1.2364E+02  1.8317E-02  6.1648E-03
  1.2401E+02  1.7914E-02  6.4002E-03
  1.2439E+02  1.7518E-02  6.6219E-03
  1.2477E+02  1.7124E-02  6.8306E-03
  1.2514E+02  1.6727E-02  7.0265E-03
  1.2552E+02  1.6326E-02  7.2096E-03
  1.2589E+02  1.5918E-02  7.3792E-03
  1.2627E+02  1.5502E-02  7.5346E-03
  1.2664E+02  1.5079E-02  7.6752E-03
  1.2702E+02  1.4650E-02  7.8002E-03
  1.2740E+02  1.4216E-02  7.9092E-03
  1.2777E+02  1.3781E-02  8.0022E-03
  1.2815E+02  1.3349E-02  8.0793E-03
  1.2852E+02  1.2922E-02  8.1413E-03
  1.2890E+02  1.2505E-02  8.1892E-03
  1.2928E+02  1.2100E-02  8.2244E-03
  1.2965E+02  1.1710E-02  8.2488E-03
  1.3003E+02  1.1338E-02  8.2642E-03
  1.3040E+02  1.0984E-02  8.2727E-03
  1.3078E+02  1.0649E-02  8.2764E-03
  1.3115E+02  1.0331E-02  8.2772E-03
  1.3153E+02  1.0029E-02  8.2769E-03
  1.3191E+02  9.7417E-03  8.2769E-03
  1.3228E+02  9.4656E-03  8.2782E-03
  1.3266E+02  9.1993E-03  8.2818E-03
  1.3303E+02  8.9406E-03  8.2882E-03
  1.3341E+02  8.6873E-03  8.2976E-03
  1.3378E+02  8.4369E-03  8.3102E-03
  1.3416E+02  8.1864E-03  8.3254E-03
  1.3454E+02  7.9328E-03  8.3428E-03
  1.3491E+02  7.6732E-03  8.3613E-03
  1.3529E+02  7.4050E-03  8.3796E-03
  1.3566E+02  7.1262E-03  8.3962E-03
  1.3604E+02  6.8355E-03  8.4093E-03
  1.3642E+02  6.5324E-03  8.4173E-03
  1.3679E+02  6.2175E-03  8.4185E-03
  1.3717E+02  5.8922E-03  8.4111E-03
  1.3754E+02  5.5586E-03  8.3940E-03
  1.3792E+02  5.2191E-03  8.3660E-03
  1.3829E+02  4.8760E-03  8.3264E-03
  1.3867E+02  4.5315E-03  8.2747E-03
  1.3905E+02  4.1873E-03  8.2105E-03
  1.3942E+02  3.8446E-03  8.1337E-03
  1.3980E+02  3.5041E-03  8.0442E-03
  1.4017E+02  3.1662E-03  7.9419E-03
  1.4055E+02  2.8307E-03  7.8267E-03
  1.4093E+02  2.4973E-03  7.6984E-03
  1.4130E+02  2.1656E-03  7.5566E-03
  1.4168E+02  1.8352E-03  7.4009E-03
  1.4205E+02  1.5064E-03  7.2310E-03
  1.4243E+02  1.1797E-03  7.0463E-03
  1.4280E+02  8.5643E-04  6.8465E-03
  1.4318E+02  5.3820E-04  6.6313E-03
  1.4356E+02  2.2715E-04  6.4008E-03
  1.4393E+02 -7.4523E-05  6.1551E-03
  1.4431E+02 -3.6468E-04  5.8948E-03
  1.4468E+02 -6.4154E-04  5.6204E-03
  1.4506E+02 -9.0385E-04  5.3329E-03
  1.4543E+02 -1.1510E-03  5.0331E-03
  1.4581E+02 -1.3828E-03  4.7219E-03
  1.4619E+02 -1.5995E-03  4.4001E-03
  1.4656E+02 -1.8018E-03  4.0686E-03
  1.4694E+02 -1.9904E-03  3.7278E-03
  1.4731E+02 -2.1659E-03  3.3785E-03
  1.4769E+02 -2.3294E-03  3.0209E-03
  1.4807E+02 -2.4812E-03  2.6555E-03
  1.4844E+02 -2.6217E-03  2.2824E-03
  1.4882E+02 -2.7503E-03  1.9019E-03
  1.4919E+02 -2.8660E-03  1.5144E-03
  1.4957E+02 -2.9669E-03  1.1205E-03
  1.4994E+02 -3.0508E-03  7.2097E-04
  1.5032E+02 -3.1151E-03  3.1687E-04
  1.5070E+02 -3.1578E-03 -9.0397E-05
  1.5107E+02 -3.1772E-03 -4.9925E-04
  1.5145E+02 -3.1722E-03 -9.0796E-04
  1.5182E+02 -3.1426E-03 -1.3147E-03
  1.5220E+02 -3.0884E-03 -1.7177E-03
  1.5257E+02 -3.0105E-03 -2.1152E-03
  1.5295E+02 -2.9100E-03 -2.5055E-03
  1.5333E+02 -2.7884E-03 -2.8873E-03
  1.5370E+02 -2.6476E-03 -3.2593E-03
  1.5408E+02 -2.4895E-03 -3.6205E-03
  1.5445E+02 -2.3160E-03 -3.9700E-03
  1.5483E+02 -2.1288E-03 -4.3072E-03
  1.5521E+02 -1.9293E-03 -4.6315E-03
  1.5558E+02 -1.7190E-03 -4.9428E-03
  1.5596E+02 -1.4987E-03 -5.2405E-03
  1.5633E+02 -1.2693E-03 -5.5246E-03
  1.5671E+02 -1.0311E-03 -5.7949E-03
  1.5708E+02 -7.8442E-04 -6.0510E-03
  1.5746E+02 -5.2957E-04 -6.2928E-03
  1.5784E+02 -2.6674E-04 -6.5199E-03
  1.5821E+02  3.8622E-06 -6.7322E-03
  1.5859E+02  2.8203E-04 -6.9292E-03
  1.5896E+02  5.6746E-04 -7.1106E-03
  1.5934E+02  8.5973E-04 -7.2761E-03
  1.5972E+02  1.1582E-03 -7.4253E-03
  1.6009E+02  1.4619E-03 -7.5580E-03
  1.6047E+02  1.7699E-03 -7.6739E-03
  1.6084E+02  2.0809E-03 -7.7729E-03
  1.6122E+02  2.3935E-03 -7.8550E-03
  1.6159E+02  2.7065E-03 -7.9203E-03
  1.6197E+02  3.0184E-03 -7.9689E-03
  1.6235E+02  3.3278E-03 -8.0012E-03
  1.6272E+02  3.6332E-03 -8.0177E-03
  1.6310E+02  3.9331E-03 -8.0189E-03
  1.6347E+02  4.2264E-03 -8.0054E-03
  1.6385E+02  4.5121E-03 -7.9781E-03
  1.6422E+02  4.7895E-03 -7.9377E-03
  1.6460E+02  5.0578E-03 -7.8852E-03
  1.6498E+02  5.3169E-03 -7.8214E-03
  1.6535E+02  5.5663E-03 -7.7471E-03
  1.6573E+02  5.8059E-03 -7.6632E-03
  1.6610E+02  6.0357E-03 -7.5705E-03
  1.6648E+02  6.2558E-03 -7.4698E-03
  1.6686E+02  6.4661E-03 -7.3618E-03
  1.6723E+02  6.6668E-03 -7.2473E-03
  1.6761E+02  6.8575E-03 -7.1270E-03
  1.6798E+02  7.0380E-03 -7.0015E-03
  1.6836E+02  7.2077E-03 -6.8717E-03
  1.6873E+02  7.3662E-03 -6.7383E-03
  1.6911E+02  7.5130E-03 -6.6022E-03
  1.6949E+02  7.6478E-03 -6.4643E-03
  1.6986E+02  7.7707E-03 -6.3256E-03
  1.7024E+02  7.8818E-03 -6.1868E-03
  1.7061E+02  7.9820E-03 -6.0488E-03
  1.7099E+02  8.0720E-03 -5.9123E-03
  1.7136E+02  8.1529E-03 -5.7779E-03
  1.7174E+02  8.2257E-03 -5.6461E-03
  1.7212E+02  8.2915E-03 -5.5172E-03
  1.7249E+02  8.3513E-03 -5.3916E-03
  1.7287E+02  8.4060E-03 -5.2692E-03
  1.7324E+02  8.4565E-03 -5.1502E-03
  1.7362E+02  8.5036E-03 -5.0344E-03
  1.7400E+02  8.5481E-03 -4.9218E-03
  1.7437E+02  8.5906E-03 -4.8122E-03
  1.7475E+02  8.6315E-03 -4.7052E-03
  1.7512E+02  8.6711E-03 -4.6007E-03
  1.7550E+02  8.7097E-03 -4.4983E-03
  1.7587E+02  8.7473E-03 -4.3978E-03
  1.7625E+02  8.7839E-03 -4.2989E-03
  1.7663E+02  8.8194E-03 -4.2014E-03
  1.7700E+02  8.8538E-03 -4.1050E-03
  1.7738E+02  8.8871E-03 -4.0096E-03
  1.7775E+02  8.9191E-03 -3.9149E-03
  1.7813E+02  8.9501E-03 -3.8207E-03
  1.7851E+02  8.9802E-03 -3.7269E-03
  1.7888E+02  9.0096E-03 -3.6332E-03
  1.7926E+02  9.0388E-03 -3.5393E-03
  1.7963E+02  9.0683E-03 -3.4450E-03
  1.8001E+02  9.0987E-03 -3.3497E-03
  1.8038E+02  9.1303E-03 -3.2531E-03
  1.8076E+02  9.1636E-03 -3.1546E-03
  1.8114E+02  9.1985E-03 -3.0537E-03
  1.8151E+02  9.2348E-03 -2.9500E-03
  1.8189E+02  9.2718E-03 -2.8430E-03
  1.8226E+02  9.3086E-03 -2.7323E-03
  1.8264E+02  9.3442E-03 -2.6178E-03
  1.8301E+02  9.3774E-03 -2.4994E-03
  1.8339E+02  9.4069E-03 -2.3771E-03
  1.8377E+02  9.4314E-03 -2.2512E-03
  1.8414E+02  9.4501E-03 -2.1220E-03
  1.8452E+02  9.4619E-03 -1.9899E-03
  1.8489E+02  9.4664E-03 -1.8555E-03
  1.8527E+02  9.4632E-03 -1.7194E-03
  1.8565E+02  9.4523E-03 -1.5820E-03
  1.8602E+02  9.4338E-03 -1.4440E-03
  1.8640E+02  9.4079E-03 -1.3059E-03
  1.8677E+02  9.3748E-03 -1.1681E-03
  1.8715E+02  9.3349E-03 -1.0311E-03
  1.8752E+02  9.2883E-03 -8.9520E-04
  1.8790E+02  9.2352E-03 -7.6092E-04
  1.8828E+02  9.1757E-03 -6.2858E-04
  1.8865E+02  9.1100E-03 -4.9855E-04
  1.8903E+02  9.0382E-03 -3.7119E-04
  1.8940E+02  8.9603E-03 -2.4687E-04
  1.8978E+02  8.8764E-03 -1.2597E-04
  1.9015E+02  8.7866E-03 -8.8476E-06
  1.9053E+02  8.6911E-03  1.0411E-04
  1.9091E+02  8.5901E-03  2.1254E-04
  1.9128E+02  8.4837E-03  3.1607E-04
  1.9166E+02  8.3721E-03  4.1431E-04
  1.9203E+02  8.2552E-03  5.0690E-04
  1.9241E+02  8.1332E-03  5.9344E-04
  1.9279E+02  8.0062E-03  6.7352E-04
  1.9316E+02  7.8743E-03  7.4676E-04
  1.9354E+02  7.7375E-03  8.1272E-04
  1.9391E+02  7.5961E-03  8.7102E-04
  1.9429E+02  7.4504E-03  9.2126E-04
  1.9466E+02  7.3010E-03  9.6310E-04
  1.9504E+02  7.1484E-03  9.9622E-04
  1.9542E+02  6.9934E-03  1.0204E-03
  1.9579E+02  6.8369E-03  1.0355E-03
  1.9617E+02  6.6801E-03  1.0415E-03
  1.9654E+02  6.5241E-03  1.0384E-03
  1.9692E+02  6.3703E-03  1.0266E-03
  1.9730E+02  6.2200E-03  1.0062E-03
  1.9767E+02  6.0744E-03  9.7790E-04
  1.9805E+02  5.9348E-03  9.4219E-04
  1.9842E+02  5.8021E-03  8.9982E-04
  1.9880E+02  5.6771E-03  8.5153E-04
  1.9917E+02  5.5602E-03  7.9817E-04
  1.9955E+02  5.4517E-03  7.4056E-04
  1.9993E+02  5.3517E-03  6.7953E-04
  2.0030E+02  5.2601E-03  6.1587E-04
  2.0068E+02  5.1767E-03  5.5035E-04
  2.0105E+02  5.1011E-03  4.8366E-04
  2.0143E+02  5.0329E-03  4.1646E-04
  2.0180E+02  4.9715E-03  3.4931E-04
  2.0218E+02  4.9166E-03  2.8274E-04
  2.0256E+02  4.8677E-03  2.1722E-04
  2.0293E+02  4.8244E-03  1.5316E-04
  2.0331E+02  4.7863E-03  9.0943E-05
  2.0368E+02  4.7533E-03  3.0925E-05
  2.0406E+02  4.7251E-03 -2.6548E-05
  2.0444E+02  4.7017E-03 -8.1144E-05
  2.0481E+02  4.6827E-03 -1.3254E-04
  2.0519E+02  4.6680E-03 -1.8043E-04
  2.0556E+02  4.6571E-03 -2.2453E-04
  2.0594E+02  4.6497E-03 -2.6461E-04
  2.0631E+02  4.6450E-03 -3.0050E-04
  2.0669E+02  4.6423E-03 -3.3208E-04
  2.0707E+02  4.6410E-03 -3.5933E-04
  2.0744E+02  4.6401E-03 -3.8230E-04
  2.0782E+02  4.6389E-03 -4.0114E-04
  2.0819E+02  4.6365E-03 -4.1608E-04
  2.0857E+02  4.6322E-03 -4.2744E-04
  2.0894E+02  4.6251E-03 -4.3562E-04
  2.0932E+02  4.6147E-03 -4.4109E-04
  2.0970E+02  4.6004E-03 -4.4438E-04
  2.1007E+02  4.5817E-03 -4.4607E-04
  2.1045E+02  4.5580E-03 -4.4678E-04
  2.1082E+02  4.5292E-03 -4.4718E-04
  2.1120E+02  4.4948E-03 -4.4798E-04
  2.1158E+02  4.4547E-03 -4.4987E-04
  2.1195E+02  4.4089E-03 -4.5360E-04
  2.1233E+02  4.3573E-03 -4.5987E-04
  2.1270E+02  4.3003E-03 -4.6938E-04
  2.1308E+02  4.2379E-03 -4.8281E-04
  2.1345E+02  4.1707E-03 -5.0079E-04
  2.1383E+02  4.0989E-03 -5.2393E-04
  2.1421E+02  4.0230E-03 -5.5277E-04
  2.1458E+02  3.9436E-03 -5.8783E-04
  2.1496E+02  3.8612E-03 -6.2954E-04
  2.1533E+02  3.7765E-03 -6.7830E-04
  2.1571E+02  3.6901E-03 -7.3442E-04
  2.1609E+02  3.6026E-03 -7.9818E-04
  2.1646E+02  3.5149E-03 -8.6975E-04
  2.1684E+02  3.4276E-03 -9.4928E-04
  2.1721E+02  3.3416E-03 -1.0368E-03
  2.1759E+02  3.2580E-03 -1.1322E-03
  2.1796E+02  3.1775E-03 -1.2355E-03
  2.1834E+02  3.1012E-03 -1.3463E-03
  2.1872E+02  3.0300E-03 -1.4644E-03
  2.1909E+02  2.9648E-03 -1.5893E-03
  2.1947E+02  2.9065E-03 -1.7204E-03
  2.1984E+02  2.8561E-03 -1.8574E-03
  2.2022E+02  2.8141E-03 -1.9993E-03
  2.2059E+02  2.7814E-03 -2.1456E-03
  2.2097E+02  2.7585E-03 -2.2954E-03
  2.2135E+02  2.7461E-03 -2.4479E-03
  2.2172E+02  2.7445E-03 -2.6021E-03
  2.2210E+02  2.7542E-03 -2.7572E-03
  2.2247E+02  2.7754E-03 -2.9121E-03
  2.2285E+02  2.8083E-03 -3.0660E-03
  2.2323E+02  2.8531E-03 -3.2176E-03
  2.2360E+02  2.9097E-03 -3.3662E-03
  2.2398E+02  2.9781E-03 -3.5106E-03
  2.2435E+02  3.0581E-03 -3.6498E-03
  2.2473E+02  3.1493E-03 -3.7830E-03
  2.2510E+02  3.2514E-03 -3.9092E-03
  2.2548E+02  3.3638E-03 -4.0274E-03
  2.2586E+02  3.4860E-03 -4.1369E-03
  2.2623E+02  3.6173E-03 -4.2368E-03
  2.2661E+02  3.7569E-03 -4.3264E-03
  2.2698E+02  3.9039E-03 -4.4052E-03
  2.2736E+02  4.0574E-03 -4.4724E-03
  2.2773E+02  4.2164E-03 -4.5278E-03
  2.2811E+02  4.3799E-03 -4.5708E-03
  2.2849E+02  4.5467E-03 -4.6013E-03
  2.2886E+02  4.7157E-03 -4.6189E-03
  2.2924E+02  4.8857E-03 -4.6238E-03
  2.2961E+02  5.0555E-03 -4.6158E-03
  2.2999E+02  5.2238E-03 -4.5952E-03
  2.3037E+02  5.3895E-03 -4.5622E-03
  2.3074E+02  5.5515E-03 -4.5172E-03
  2.3112E+02  5.7087E-03 -4.4605E-03
  2.3149E+02  5.8601E-03 -4.3928E-03
  2.3187E+02  6.0047E-03 -4.3147E-03
  2.3224E+02  6.1416E-03 -4.2269E-03
  2.3262E+02  6.2702E-03 -4.1300E-03
  2.3300E+02  6.3896E-03 -4.0250E-03
  2.3337E+02  6.4992E-03 -3.9127E-03
  2.3375E+02  6.5985E-03 -3.7941E-03
  2.3412E+02  6.6869E-03 -3.6700E-03
  2.3450E+02  6.7639E-03 -3.5414E-03
  2.3488E+02  6.8291E-03 -3.4095E-03
  2.3525E+02  6.8823E-03 -3.2752E-03
  2.3563E+02  6.9232E-03 -3.1396E-03
  2.3600E+02  6.9517E-03 -3.0039E-03
  2.3638E+02  6.9678E-03 -2.8690E-03
  2.3675E+02  6.9716E-03 -2.7361E-03
  2.3713E+02  6.9634E-03 -2.6062E-03
  2.3751E+02  6.9435E-03 -2.4803E-03
  2.3788E+02  6.9126E-03 -2.3593E-03
  2.3826E+02  6.8713E-03 -2.2441E-03
  2.3863E+02  6.8203E-03 -2.1355E-03
  2.3901E+02  6.7604E-03 -2.0343E-03
  2.3938E+02  6.6927E-03 -1.9410E-03
  2.3976E+02  6.6179E-03 -1.8562E-03
  2.4014E+02  6.5371E-03 -1.7804E-03
  2.4051E+02  6.4511E-03 -1.7138E-03
  2.4089E+02  6.3608E-03 -1.6568E-03
  2.4126E+02  6.2673E-03 -1.6095E-03
  2.4164E+02  6.1713E-03 -1.5720E-03
  2.4202E+02  6.0739E-03 -1.5444E-03
  2.4239E+02  5.9758E-03 -1.5266E-03
  2.4277E+02  5.8781E-03 -1.5185E-03
  2.4314E+02  5.7816E-03 -1.5198E-03
  2.4352E+02  5.6873E-03 -1.5303E-03
  2.4389E+02  5.5960E-03 -1.5495E-03
  2.4427E+02  5.5087E-03 -1.5770E-03
  2.4465E+02  5.4262E-03 -1.6123E-03
  2.4502E+02  5.3493E-03 -1.6547E-03
  2.4540E+02  5.2788E-03 -1.7036E-03
  2.4577E+02  5.2154E-03 -1.7582E-03
  2.4615E+02  5.1596E-03 -1.8176E-03
  2.4652E+02  5.1121E-03 -1.8811E-03
  2.4690E+02  5.0733E-03 -1.9478E-03
  2.4728E+02  5.0434E-03 -2.0167E-03
  2.4765E+02  5.0226E-03 -2.0869E-03
  2.4803E+02  5.0111E-03 -2.1574E-03
  2.4840E+02  5.0088E-03 -2.2274E-03
  2.4878E+02  5.0156E-03 -2.2959E-03
  2.4916E+02  5.0313E-03 -2.3621E-03
  2.4953E+02  5.0557E-03 -2.4250E-03
  2.4991E+02  5.0882E-03 -2.4839E-03
  2.5028E+02  5.1286E-03 -2.5380E-03
  2.5066E+02  5.1761E-03 -2.5865E-03
  2.5103E+02  5.2302E-03 -2.6290E-03
  2.5141E+02  5.2903E-03 -2.6646E-03
  2.5179E+02  5.3557E-03 -2.6930E-03
  2.5216E+02  5.4257E-03 -2.7137E-03
  2.5254E+02  5.4994E-03 -2.7262E-03
  2.5291E+02  5.5759E-03 -2.7303E-03
  2.5329E+02  5.6546E-03 -2.7258E-03
  2.5367E+02  5.7343E-03 -2.7126E-03
  2.5404E+02  5.8143E-03 -2.6905E-03
  2.5442E+02  5.8936E-03 -2.6596E-03
  2.5479E+02  5.9713E-03 -2.6202E-03
  2.5517E+02  6.0465E-03 -2.5722E-03
  2.5554E+02  6.1182E-03 -2.5161E-03
  2.5592E+02  6.1857E-03 -2.4523E-03
  2.5630E+02  6.2480E-03 -2.3811E-03
  2.5667E+02  6.3045E-03 -2.3031E-03
  2.5705E+02  6.3544E-03 -2.2189E-03
  2.5742E+02  6.3970E-03 -2.1291E-03
  2.5780E+02  6.4318E-03 -2.0345E-03
  2.5817E+02  6.4580E-03 -1.9358E-03
  2.5855E+02  6.4754E-03 -1.8338E-03
  2.5893E+02  6.4835E-03 -1.7294E-03
  2.5930E+02  6.4819E-03 -1.6234E-03
  2.5968E+02  6.4706E-03 -1.5167E-03
  2.6005E+02  6.4492E-03 -1.4103E-03
  2.6043E+02  6.4179E-03 -1.3051E-03
  2.6081E+02  6.3766E-03 -1.2019E-03
  2.6118E+02  6.3255E-03 -1.1017E-03
  2.6156E+02  6.2649E-03 -1.0053E-03
  2.6193E+02  6.1949E-03 -9.1367E-04
  2.6231E+02  6.1161E-03 -8.2751E-04
  2.6268E+02  6.0288E-03 -7.4763E-04
  2.6306E+02  5.9337E-03 -6.7475E-04
  2.6344E+02  5.8314E-03 -6.0952E-04
  2.6381E+02  5.7225E-03 -5.5256E-04
  2.6419E+02  5.6079E-03 -5.0440E-04
  2.6456E+02  5.4882E-03 -4.6549E-04
  2.6494E+02  5.3644E-03 -4.3622E-04
  2.6531E+02  5.2375E-03 -4.1689E-04
  2.6569E+02  5.1082E-03 -4.0771E-04
  2.6607E+02  4.9775E-03 -4.0882E-04
  2.6644E+02  4.8463E-03 -4.2027E-04
  2.6682E+02  4.7157E-03 -4.4202E-04
  2.6719E+02  4.5864E-03 -4.7396E-04
  2.6757E+02  4.4595E-03 -5.1590E-04
  2.6795E+02  4.3357E-03 -5.6757E-04
  2.6832E+02  4.2160E-03 -6.2862E-04
  2.6870E+02  4.1011E-03 -6.9863E-04
  2.6907E+02  3.9918E-03 -7.7713E-04
  2.6945E+02  3.8888E-03 -8.6357E-04
  2.6982E+02  3.7929E-03 -9.5734E-04
  2.7020E+02  3.7046E-03 -1.0578E-03
  2.7058E+02  3.6245E-03 -1.1642E-03
  2.7095E+02  3.5531E-03 -1.2758E-03
  2.7133E+02  3.4908E-03 -1.3919E-03
  2.7170E+02  3.4379E-03 -1.5116E-03
  2.7208E+02  3.3949E-03 -1.6341E-03
  2.7246E+02  3.3618E-03 -1.7585E-03
  2.7283E+02  3.3389E-03 -1.8840E-03
  2.7321E+02  3.3261E-03 -2.0097E-03
  2.7358E+02  3.3236E-03 -2.1348E-03
  2.7396E+02  3.3311E-03 -2.2583E-03
  2.7433E+02  3.3486E-03 -2.3794E-03
  2.7471E+02  3.3758E-03 -2.4974E-03
  2.7509E+02  3.4125E-03 -2.6113E-03
  2.7546E+02  3.4582E-03 -2.7206E-03
  2.7584E+02  3.5126E-03 -2.8243E-03
  2.7621E+02  3.5751E-03 -2.9220E-03
  2.7659E+02  3.6453E-03 -3.0129E-03
  2.7696E+02  3.7225E-03 -3.0965E-03
  2.7734E+02  3.8060E-03 -3.1722E-03
  2.7772E+02  3.8953E-03 -3.2396E-03
  2.7809E+02  3.9894E-03 -3.2984E-03
  2.7847E+02  4.0878E-03 -3.3482E-03
  2.7884E+02  4.1897E-03 -3.3888E-03
  2.7922E+02  4.2941E-03 -3.4199E-03
  2.7960E+02  4.4004E-03 -3.4415E-03
  2.7997E+02  4.5076E-03 -3.4536E-03
  2.8035E+02  4.6151E-03 -3.4561E-03
  2.8072E+02  4.7219E-03 -3.4492E-03
  2.8110E+02  4.8272E-03 -3.4331E-03
  2.8147E+02  4.9303E-03 -3.4080E-03
  2.8185E+02  5.0304E-03 -3.3742E-03
  2.8223E+02  5.1267E-03 -3.3321E-03
  2.8260E+02  5.2185E-03 -3.2822E-03
  2.8298E+02  5.3050E-03 -3.2249E-03
  2.8335E+02  5.3858E-03 -3.1607E-03
  2.8373E+02  5.4602E-03 -3.0904E-03
  2.8410E+02  5.5276E-03 -3.0145E-03
  2.8448E+02  5.5876E-03 -2.9337E-03
  2.8486E+02  5.6398E-03 -2.8487E-03
  2.8523E+02  5.6838E-03 -2.7604E-03
  2.8561E+02  5.7195E-03 -2.6693E-03
  2.8598E+02  5.7465E-03 -2.5764E-03
  2.8636E+02  5.7647E-03 -2.4824E-03
  2.8674E+02  5.7742E-03 -2.3881E-03
  2.8711E+02  5.7748E-03 -2.2942E-03
  2.8749E+02  5.7668E-03 -2.2016E-03
  2.8786E+02  5.7501E-03 -2.1110E-03
  2.8824E+02  5.7250E-03 -2.0232E-03
  2.8861E+02  5.6919E-03 -1.9387E-03
  2.8899E+02  5.6509E-03 -1.8585E-03
  2.8937E+02  5.6026E-03 -1.7829E-03
  2.8974E+02  5.5473E-03 -1.7128E-03
  2.9012E+02  5.4857E-03 -1.6485E-03
  2.9049E+02  5.4182E-03 -1.5907E-03
  2.9087E+02  5.3454E-03 -1.5397E-03
  2.9125E+02  5.2681E-03 -1.4959E-03
  2.9162E+02  5.1869E-03 -1.4596E-03
  2.9200E+02  5.1025E-03 -1.4312E-03
  2.9237E+02  5.0157E-03 -1.4107E-03
  2.9275E+02  4.9272E-03 -1.3983E-03
  2.9312E+02  4.8378E-03 -1.3940E-03
  2.9350E+02  4.7481E-03 -1.3979E-03
  2.9388E+02  4.6589E-03 -1.4098E-03
  2.9425E+02  4.5710E-03 -1.4296E-03
  2.9463E+02  4.4850E-03 -1.4571E-03
  2.9500E+02  4.4016E-03 -1.4920E-03
  2.9538E+02  4.3214E-03 -1.5340E-03
  2.9575E+02  4.2451E-03 -1.5828E-03
  2.9613E+02  4.1731E-03 -1.6379E-03
  2.9651E+02  4.1061E-03 -1.6988E-03
  2.9688E+02  4.0445E-03 -1.7651E-03
  2.9726E+02  3.9888E-03 -1.8362E-03
  2.9763E+02  3.9393E-03 -1.9115E-03
  2.9801E+02  3.8965E-03 -1.9904E-03
  2.9839E+02  3.8605E-03 -2.0724E-03
  2.9876E+02  3.8317E-03 -2.1566E-03
  2.9914E+02  3.8103E-03 -2.2426E-03
  2.9951E+02  3.7963E-03 -2.3296E-03
  2.9989E+02  3.7898E-03 -2.4170E-03
  3.0026E+02  3.7908E-03 -2.5040E-03
  3.0064E+02  3.7993E-03 -2.5900E-03
  3.0102E+02  3.8151E-03 -2.6743E-03
  3.0139E+02  3.8380E-03 -2.7564E-03
  3.0177E+02  3.8677E-03 -2.8357E-03
  3.0214E+02  3.9042E-03 -2.9115E-03
  3.0252E+02  3.9468E-03 -2.9832E-03
  3.0289E+02  3.9954E-03 -3.0505E-03
  3.0327E+02  4.0495E-03 -3.1128E-03
  3.0365E+02  4.1087E-03 -3.1697E-03
  3.0402E+02  4.1725E-03 -3.2208E-03
  3.0440E+02  4.2404E-03 -3.2657E-03
  3.0477E+02  4.3119E-03 -3.3042E-03
  3.0515E+02  4.3865E-03 -3.3359E-03
  3.0553E+02  4.4637E-03 -3.3608E-03
  3.0590E+02  4.5428E-03 -3.3785E-03
  3.0628E+02  4.6234E-03 -3.3891E-03
  3.0665E+02  4.7049E-03 -3.3924E-03
  3.0703E+02  4.7866E-03 -3.3884E-03
  3.0740E+02  4.8681E-03 -3.3772E-03
  3.0778E+02  4.9487E-03 -3.3588E-03
  3.0816E+02  5.0278E-03 -3.3335E-03
  3.0853E+02  5.1050E-03 -3.3012E-03
  3.0891E+02  5.1797E-03 -3.2624E-03
  3.0928E+02  5.2513E-03 -3.2172E-03
  3.0966E+02  5.3193E-03 -3.1660E-03
  3.1004E+02  5.3833E-03 -3.1092E-03
  3.1041E+02  5.4428E-03 -3.0470E-03
  3.1079E+02  5.4973E-03 -2.9801E-03
  3.1116E+02  5.5466E-03 -2.9087E-03
  3.1154E+02  5.5901E-03 -2.8335E-03
  3.1191E+02  5.6278E-03 -2.7548E-03
  3.1229E+02  5.6593E-03 -2.6734E-03
  3.1267E+02  5.6843E-03 -2.5896E-03
  3.1304E+02  5.7028E-03 -2.5040E-03
  3.1342E+02  5.7147E-03 -2.4173E-03
  3.1379E+02  5.7198E-03 -2.3300E-03
  3.1417E+02  5.7181E-03 -2.2427E-03
  3.1454E+02  5.7098E-03 -2.1559E-03
  3.1492E+02  5.6947E-03 -2.0701E-03
  3.1530E+02  5.6731E-03 -1.9860E-03
  3.1567E+02  5.6452E-03 -1.9040E-03
  3.1605E+02  5.6110E-03 -1.8246E-03
  3.1642E+02  5.5709E-03 -1.7484E-03
  3.1680E+02  5.5250E-03 -1.6758E-03
  3.1718E+02  5.4738E-03 -1.6073E-03
  3.1755E+02  5.4175E-03 -1.5431E-03
  3.1793E+02  5.3565E-03 -1.4838E-03
  3.1830E+02  5.2913E-03 -1.4297E-03
  3.1868E+02  5.2221E-03 -1.3810E-03
  3.1905E+02  5.1496E-03 -1.3380E-03
  3.1943E+02  5.0740E-03 -1.3009E-03
  3.1981E+02  4.9960E-03 -1.2700E-03
  3.2018E+02  4.9159E-03 -1.2453E-03
  3.2056E+02  4.8344E-03 -1.2269E-03
  3.2093E+02  4.7518E-03 -1.2150E-03
  3.2131E+02  4.6687E-03 -1.2095E-03
  3.2168E+02  4.5857E-03 -1.2103E-03
  3.2206E+02  4.5031E-03 -1.2175E-03
  3.2244E+02  4.4215E-03 -1.2309E-03
  3.2281E+02  4.3413E-03 -1.2504E-03
  3.2319E+02  4.2631E-03 -1.2757E-03
  3.2356E+02  4.1872E-03 -1.3066E-03
  3.2394E+02  4.1140E-03 -1.3430E-03
  3.2432E+02  4.0440E-03 -1.3844E-03
  3.2469E+02  3.9775E-03 -1.4306E-03
  3.2507E+02  3.9148E-03 -1.4812E-03
  3.2544E+02  3.8562E-03 -1.5360E-03
  3.2582E+02  3.8020E-03 -1.5944E-03
  3.2619E+02  3.7524E-03 -1.6561E-03
  3.2657E+02  3.7077E-03 -1.7207E-03
  3.2695E+02  3.6678E-03 -1.7878E-03
  3.2732E+02  3.6331E-03 -1.8569E-03
  3.2770E+02  3.6036E-03 -1.9276E-03
  3.2807E+02  3.5793E-03 -1.9995E-03
  3.2845E+02  3.5603E-03 -2.0721E-03
  3.2883E+02  3.5466E-03 -2.1450E-03
  3.2920E+02  3.5381E-03 -2.2178E-03
  3.2958E+02  3.5347E-03 -2.2901E-03
  3.2995E+02  3.5364E-03 -2.3614E-03
  3.3033E+02  3.5430E-03 -2.4314E-03
  3.3070E+02  3.5544E-03 -2.4996E-03
  3.3108E+02  3.5704E-03 -2.5659E-03
  3.3146E+02  3.5908E-03 -2.6297E-03
  3.3183E+02  3.6153E-03 -2.6908E-03
  3.3221E+02  3.6437E-03 -2.7489E-03
  3.3258E+02  3.6759E-03 -2.8037E-03
  3.3296E+02  3.7114E-03 -2.8549E-03
  3.3333E+02  3.7500E-03 -2.9024E-03
  3.3371E+02  3.7914E-03 -2.9460E-03
  3.3409E+02  3.8353E-03 -2.9854E-03
  3.3446E+02  3.8814E-03 -3.0205E-03
  3.3484E+02  3.9293E-03 -3.0513E-03
  3.3521E+02  3.9788E-03 -3.0776E-03
  3.3559E+02  4.0295E-03 -3.0993E-03
  3.3597E+02  4.0811E-03 -3.1165E-03
  3.3634E+02  4.1332E-03 -3.1290E-03
  3.3672E+02  4.1855E-03 -3.1370E-03
  3.3709E+02  4.2378E-03 -3.1405E-03
  3.3747E+02  4.2896E-03 -3.1395E-03
  3.3784E+02  4.3407E-03 -3.1341E-03
  3.3822E+02  4.3908E-03 -3.1244E-03
  3.3860E+02  4.4396E-03 -3.1107E-03
  3.3897E+02  4.4869E-03 -3.0930E-03
  3.3935E+02  4.5324E-03 -3.0714E-03
  3.3972E+02  4.5758E-03 -3.0463E-03
  3.4010E+02  4.6170E-03 -3.0178E-03
  3.4047E+02  4.6556E-03 -2.9862E-03
  3.4085E+02  4.6917E-03 -2.9516E-03
  3.4123E+02  4.7248E-03 -2.9143E-03
  3.4160E+02  4.7550E-03 -2.8746E-03
  3.4198E+02  4.7821E-03 -2.8328E-03
  3.4235E+02  4.8060E-03 -2.7891E-03
  3.4273E+02  4.8265E-03 -2.7439E-03
  3.4311E+02  4.8436E-03 -2.6973E-03
  3.4348E+02  4.8573E-03 -2.6497E-03
  3.4386E+02  4.8674E-03 -2.6014E-03
  3.4423E+02  4.8741E-03 -2.5527E-03
  3.4461E+02  4.8772E-03 -2.5039E-03
  3.4498E+02  4.8769E-03 -2.4551E-03
  3.4536E+02  4.8731E-03 -2.4068E-03
  3.4574E+02  4.8660E-03 -2.3592E-03
  3.4611E+02  4.8556E-03 -2.3125E-03
  3.4649E+02  4.8419E-03 -2.2671E-03
  3.4686E+02  4.8252E-03 -2.2230E-03
  3.4724E+02  4.8055E-03 -2.1807E-03
  3.4762E+02  4.7830E-03 -2.1402E-03
  3.4799E+02  4.7577E-03 -2.1018E-03
  3.4837E+02  4.7300E-03 -2.0657E-03
  3.4874E+02  4.6998E-03 -2.0320E-03
  3.4912E+02  4.6675E-03 -2.0009E-03
  3.4949E+02  4.6333E-03 -1.9726E-03
  3.4987E+02  4.5972E-03 -1.9472E-03
  3.5025E+02  4.5595E-03 -1.9248E-03
  3.5062E+02  4.5205E-03 -1.9054E-03
  3.5100E+02  4.4804E-03 -1.8892E-03
  3.5137E+02  4.4393E-03 -1.8762E-03
  3.5175E+02  4.3975E-03 -1.8664E-03
  3.5212E+02  4.3552E-03 -1.8599E-03
  3.5250E+02  4.3127E-03 -1.8566E-03
  3.5288E+02  4.2701E-03 -1.8566E-03
  3.5325E+02  4.2278E-03 -1.8597E-03
  3.5363E+02  4.1859E-03 -1.8660E-03
  3.5400E+02  4.1446E-03 -1.8753E-03
  3.5438E+02  4.1042E-03 -1.8877E-03
  3.5476E+02  4.0648E-03 -1.9028E-03
  3.5513E+02  4.0267E-03 -1.9208E-03
  3.5551E+02  3.9900E-03 -1.9413E-03
  3.5588E+02  3.9549E-03 -1.9643E-03
  3.5626E+02  3.9216E-03 -1.9896E-03
  3.5663E+02  3.8903E-03 -2.0171E-03
  3.5701E+02  3.8610E-03 -2.0464E-03
  3.5739E+02  3.8339E-03 -2.0776E-03
  3.5776E+02  3.8091E-03 -2.1103E-03
  3.5814E+02  3.7867E-03 -2.1443E-03
  3.5851E+02  3.7668E-03 -2.1795E-03
  3.5889E+02  3.7495E-03 -2.2155E-03
  3.5926E+02  3.7348E-03 -2.2523E-03
  3.5964E+02  3.7227E-03 -2.2896E-03
  3.6002E+02  3.7133E-03 -2.3271E-03
  3.6039E+02  3.7065E-03 -2.3646E-03
  3.6077E+02  3.7024E-03 -2.4020E-03
  3.6114E+02  3.7009E-03 -2.4389E-03
  3.6152E+02  3.7019E-03 -2.4753E-03
  3.6190E+02  3.7054E-03 -2.5108E-03
  3.6227E+02  3.7112E-03 -2.5454E-03
  3.6265E+02  3.7193E-03 -2.5788E-03
  3.6302E+02  3.7296E-03 -2.6109E-03
  3.6340E+02  3.7419E-03 -2.6415E-03
  3.6377E+02  3.7560E-03 -2.6704E-03
  3.6415E+02  3.7718E-03 -2.6976E-03
  3.6453E+02  3.7892E-03 -2.7230E-03
  3.6490E+02  3.8080E-03 -2.7463E-03
  3.6528E+02  3.8279E-03 -2.7677E-03
  3.6565E+02  3.8489E-03 -2.7869E-03
  3.6603E+02  3.8706E-03 -2.8040E-03
  3.6641E+02  3.8930E-03 -2.8189E-03
  3.6678E+02  3.9158E-03 -2.8316E-03
  3.6716E+02  3.9388E-03 -2.8422E-03
  3.6753E+02  3.9619E-03 -2.8505E-03
  3.6791E+02  3.9848E-03 -2.8568E-03
  3.6828E+02  4.0075E-03 -2.8610E-03
  3.6866E+02  4.0296E-03 -2.8632E-03
  3.6904E+02  4.0512E-03 -2.8635E-03
  3.6941E+02  4.0720E-03 -2.8619E-03
  3.6979E+02  4.0919E-03 -2.8586E-03
  3.7016E+02  4.1107E-03 -2.8537E-03
  3.7054E+02  4.1285E-03 -2.8473E-03
  3.7091E+02  4.1450E-03 -2.8395E-03
  3.7129E+02  4.1603E-03 -2.8305E-03
  3.7167E+02  4.1743E-03 -2.8204E-03
  3.7204E+02  4.1869E-03 -2.8093E-03
  3.7242E+02  4.1981E-03 -2.7974E-03
  3.7279E+02  4.2079E-03 -2.7848E-03
  3.7317E+02  4.2163E-03 -2.7716E-03
  3.7355E+02  4.2233E-03 -2.7580E-03
  3.7392E+02  4.2290E-03 -2.7441E-03
  3.7430E+02  4.2334E-03 -2.7300E-03
  3.7467E+02  4.2365E-03 -2.7158E-03
  3.7505E+02  4.2385E-03 -2.7016E-03
  3.7542E+02  4.2394E-03 -2.6876E-03
  3.7580E+02  4.2393E-03 -2.6737E-03
  3.7618E+02  4.2383E-03 -2.6602E-03
  3.7655E+02  4.2365E-03 -2.6470E-03
  3.7693E+02  4.2339E-03 -2.6342E-03
  3.7730E+02  4.2307E-03 -2.6218E-03
  3.7768E+02  4.2270E-03 -2.6099E-03
  3.7805E+02  4.2229E-03 -2.5985E-03
  3.7843E+02  4.2185E-03 -2.5876E-03
  3.7881E+02  4.2138E-03 -2.5773E-03
  3.7918E+02  4.2090E-03 -2.5674E-03
  3.7956E+02  4.2042E-03 -2.5580E-03
  3.7993E+02  4.1994E-03 -2.5491E-03
  3.8031E+02  4.1947E-03 -2.5406E-03
  3.8069E+02  4.1902E-03 -2.5324E-03
  3.8106E+02  4.1860E-03 -2.5246E-03
  3.8144E+02  4.1820E-03 -2.5171E-03
  3.8181E+02  4.1785E-03 -2.5098E-03
  3.8219E+02  4.1753E-03 -2.5026E-03
  3.8256E+02  4.1724E-03 -2.4956E-03
  3.8294E+02  4.1700E-03 -2.4885E-03
  3.8332E+02  4.1681E-03 -2.4814E-03
  3.8369E+02  4.1665E-03 -2.4742E-03
  3.8407E+02  4.1653E-03 -2.4668E-03
  3.8444E+02  4.1645E-03 -2.4592E-03
  3.8482E+02  4.1640E-03 -2.4512E-03
  3.8520E+02  4.1638E-03 -2.4429E-03
  3.8557E+02  4.1639E-03 -2.4342E-03
  3.8595E+02  4.1641E-03 -2.4251E-03
  3.8632E+02  4.1644E-03 -2.4154E-03
  3.8670E+02  4.1647E-03 -2.4052E-03
  3.8707E+02  4.1650E-03 -2.3944E-03
  3.8745E+02  4.1651E-03 -2.3831E-03
  3.8783E+02  4.1650E-03 -2.3712E-03
  3.8820E+02  4.1646E-03 -2.3588E-03
  3.8858E+02  4.1637E-03 -2.3458E-03
  3.8895E+02  4.1624E-03 -2.3322E-03
  3.8933E+02  4.1604E-03 -2.3182E-03
  3.8970E+02  4.1578E-03 -2.3036E-03
  3.9008E+02  4.1543E-03 -2.2887E-03
  3.9046E+02  4.1500E-03 -2.2734E-03
  3.9083E+02  4.1446E-03 -2.2578E-03
  3.9121E+02  4.1382E-03 -2.2420E-03
  3.9158E+02  4.1307E-03 -2.2261E-03
  3.9196E+02  4.1220E-03 -2.2101E-03
  3.9234E+02  4.1120E-03 -2.1943E-03
  3.9271E+02  4.1007E-03 -2.1786E-03
  3.9309E+02  4.0880E-03 -2.1631E-03
  3.9346E+02  4.0738E-03 -2.1481E-03
  3.9384E+02  4.0583E-03 -2.1336E-03
  3.9421E+02  4.0413E-03 -2.1198E-03
  3.9459E+02  4.0229E-03 -2.1067E-03
  3.9497E+02  4.0030E-03 -2.0946E-03
  3.9534E+02  3.9818E-03 -2.0834E-03
  3.9572E+02  3.9591E-03 -2.0735E-03
  3.9609E+02  3.9351E-03 -2.0648E-03
  3.9647E+02  3.9099E-03 -2.0574E-03
  3.9684E+02  3.8834E-03 -2.0516E-03
  3.9722E+02  3.8559E-03 -2.0474E-03
  3.9760E+02  3.8273E-03 -2.0449E-03
  3.9797E+02  3.7979E-03 -2.0442E-03
  3.9835E+02  3.7677E-03 -2.0454E-03
  3.9872E+02  3.7369E-03 -2.0485E-03
  3.9910E+02  3.7055E-03 -2.0536E-03
  3.9948E+02  3.6738E-03 -2.0607E-03
  3.9985E+02  3.6420E-03 -2.0700E-03
  4.0023E+02  3.6101E-03 -2.0813E-03
  4.0060E+02  3.5784E-03 -2.0947E-03
  4.0098E+02  3.5470E-03 -2.1103E-03
  4.0135E+02  3.5161E-03 -2.1279E-03
  4.0173E+02  3.4858E-03 -2.1475E-03
  4.0211E+02  3.4564E-03 -2.1691E-03
  4.0248E+02  3.4280E-03 -2.1926E-03
  4.0286E+02  3.4008E-03 -2.2180E-03
  4.0323E+02  3.3749E-03 -2.2451E-03
  4.0361E+02  3.3506E-03 -2.2738E-03
  4.0399E+02  3.3278E-03 -2.3040E-03
  4.0436E+02  3.3069E-03 -2.3356E-03
  4.0474E+02  3.2879E-03 -2.3684E-03
  4.0511E+02  3.2708E-03 -2.4022E-03
  4.0549E+02  3.2559E-03 -2.4370E-03
  4.0586E+02  3.2433E-03 -2.4725E-03
  4.0624E+02  3.2329E-03 -2.5086E-03
  4.0662E+02  3.2249E-03 -2.5451E-03
  4.0699E+02  3.2193E-03 -2.5817E-03
  4.0737E+02  3.2161E-03 -2.6184E-03
  4.0774E+02  3.2154E-03 -2.6549E-03
  4.0812E+02  3.2172E-03 -2.6910E-03
  4.0849E+02  3.2214E-03 -2.7265E-03
  4.0887E+02  3.2280E-03 -2.7613E-03
  4.0925E+02  3.2370E-03 -2.7951E-03
  4.0962E+02  3.2483E-03 -2.8279E-03
  4.1000E+02  3.2619E-03 -2.8593E-03
  4.1037E+02  3.2776E-03 -2.8893E-03
  4.1075E+02  3.2954E-03 -2.9177E-03
  4.1113E+02  3.3151E-03 -2.9443E-03
  4.1150E+02  3.3367E-03 -2.9691E-03
  4.1188E+02  3.3600E-03 -2.9918E-03
  4.1225E+02  3.3849E-03 -3.0124E-03
  4.1263E+02  3.4111E-03 -3.0307E-03
  4.1300E+02  3.4387E-03 -3.0467E-03
  4.1338E+02  3.4673E-03 -3.0603E-03
  4.1376E+02  3.4968E-03 -3.0715E-03
  4.1413E+02  3.5271E-03 -3.0801E-03
  4.1451E+02  3.5580E-03 -3.0862E-03
  4.1488E+02  3.5893E-03 -3.0897E-03
  4.1526E+02  3.6208E-03 -3.0907E-03
  4.1563E+02  3.6524E-03 -3.0891E-03
  4.1601E+02  3.6838E-03 -3.0849E-03
  4.1639E+02  3.7148E-03 -3.0783E-03
  4.1676E+02  3.7454E-03 -3.0692E-03
  4.1714E+02  3.7753E-03 -3.0577E-03
  4.1751E+02  3.8044E-03 -3.0440E-03
  4.1789E+02  3.8325E-03 -3.0280E-03
  4.1827E+02  3.8594E-03 -3.0099E-03
  4.1864E+02  3.8851E-03 -2.9898E-03
  4.1902E+02  3.9092E-03 -2.9678E-03
  4.1939E+02  3.9319E-03 -2.9442E-03
  4.1977E+02  3.9528E-03 -2.9189E-03
  4.2014E+02  3.9719E-03 -2.8922E-03
  4.2052E+02  3.9890E-03 -2.8642E-03
  4.2090E+02  4.0042E-03 -2.8351E-03
  4.2127E+02  4.0173E-03 -2.8051E-03
  4.2165E+02  4.0282E-03 -2.7743E-03
  4.2202E+02  4.0369E-03 -2.7430E-03
  4.2240E+02  4.0434E-03 -2.7112E-03
  4.2278E+02  4.0476E-03 -2.6793E-03
  4.2315E+02  4.0495E-03 -2.6473E-03
  4.2353E+02  4.0491E-03 -2.6155E-03
  4.2390E+02  4.0464E-03 -2.5840E-03
  4.2428E+02  4.0415E-03 -2.5530E-03
  4.2465E+02  4.0344E-03 -2.5227E-03
  4.2503E+02  4.0252E-03 -2.4932E-03
  4.2541E+02  4.0139E-03 -2.4648E-03
  4.2578E+02  4.0005E-03 -2.4375E-03
  4.2616E+02  3.9853E-03 -2.4115E-03
  4.2653E+02  3.9683E-03 -2.3869E-03
  4.2691E+02  3.9496E-03 -2.3639E-03
  4.2728E+02  3.9294E-03 -2.3425E-03
  4.2766E+02  3.9078E-03 -2.3230E-03
  4.2804E+02  3.8848E-03 -2.3052E-03
  4.2841E+02  3.8608E-03 -2.2894E-03
  4.2879E+02  3.8358E-03 -2.2755E-03
  4.2916E+02  3.8100E-03 -2.2637E-03
  4.2954E+02  3.7836E-03 -2.2539E-03
  4.2992E+02  3.7567E-03 -2.2461E-03
  4.3029E+02  3.7295E-03 -2.2405E-03
  4.3067E+02  3.7022E-03 -2.2368E-03
  4.3104E+02  3.6749E-03 -2.2352E-03
  4.3142E+02  3.6478E-03 -2.2356E-03
  4.3179E+02  3.6211E-03 -2.2379E-03
  4.3217E+02  3.5948E-03 -2.2420E-03
  4.3255E+02  3.5693E-03 -2.2479E-03
  4.3292E+02  3.5445E-03 -2.2555E-03
  4.3330E+02  3.5206E-03 -2.2647E-03
  4.3367E+02  3.4977E-03 -2.2753E-03
  4.3405E+02  3.4760E-03 -2.2873E-03
  4.3442E+02  3.4556E-03 -2.3005E-03
  4.3480E+02  3.4364E-03 -2.3148E-03
  4.3518E+02  3.4187E-03 -2.3300E-03
  4.3555E+02  3.4024E-03 -2.3461E-03
  4.3593E+02  3.3877E-03 -2.3628E-03
  4.3630E+02  3.3745E-03 -2.3801E-03
  4.3668E+02  3.3628E-03 -2.3977E-03
  4.3706E+02  3.3527E-03 -2.4155E-03
  4.3743E+02  3.3442E-03 -2.4334E-03
  4.3781E+02  3.3373E-03 -2.4512E-03
  4.3818E+02  3.3318E-03 -2.4688E-03
  4.3856E+02  3.3279E-03 -2.4861E-03
  4.3893E+02  3.3254E-03 -2.5029E-03
  4.3931E+02  3.3242E-03 -2.5191E-03
  4.3969E+02  3.3244E-03 -2.5346E-03
  4.4006E+02  3.3258E-03 -2.5493E-03
  4.4044E+02  3.3283E-03 -2.5631E-03
  4.4081E+02  3.3319E-03 -2.5759E-03
  4.4119E+02  3.3363E-03 -2.5877E-03
  4.4157E+02  3.3417E-03 -2.5983E-03
  4.4194E+02  3.3477E-03 -2.6077E-03
  4.4232E+02  3.3543E-03 -2.6158E-03
  4.4269E+02  3.3614E-03 -2.6227E-03
  4.4307E+02  3.3689E-03 -2.6283E-03
  4.4344E+02  3.3766E-03 -2.6327E-03
  4.4382E+02  3.3845E-03 -2.6357E-03
  4.4420E+02  3.3923E-03 -2.6374E-03
  4.4457E+02  3.4000E-03 -2.6379E-03
  4.4495E+02  3.4075E-03 -2.6371E-03
  4.4532E+02  3.4146E-03 -2.6352E-03
  4.4570E+02  3.4213E-03 -2.6321E-03
  4.4607E+02  3.4274E-03 -2.6280E-03
  4.4645E+02  3.4329E-03 -2.6228E-03
  4.4683E+02  3.4376E-03 -2.6168E-03
  4.4720E+02  3.4416E-03 -2.6100E-03
  4.4758E+02  3.4446E-03 -2.6024E-03
  4.4795E+02  3.4467E-03 -2.5941E-03
  4.4833E+02  3.4478E-03 -2.5854E-03
  4.4871E+02  3.4479E-03 -2.5762E-03
  4.4908E+02  3.4468E-03 -2.5668E-03
  4.4946E+02  3.4447E-03 -2.5571E-03
  4.4983E+02  3.4414E-03 -2.5474E-03
  4.5021E+02  3.4370E-03 -2.5376E-03
  4.5058E+02  3.4315E-03 -2.5281E-03
  4.5096E+02  3.4249E-03 -2.5188E-03
  4.5134E+02  3.4172E-03 -2.5098E-03
  4.5171E+02  3.4085E-03 -2.5014E-03
  4.5209E+02  3.3988E-03 -2.4935E-03
  4.5246E+02  3.3881E-03 -2.4862E-03
  4.5284E+02  3.3765E-03 -2.4798E-03
  4.5321E+02  3.3642E-03 -2.4741E-03
  4.5359E+02  3.3511E-03 -2.4694E-03
  4.5397E+02  3.3374E-03 -2.4657E-03
  4.5434E+02  3.3231E-03 -2.4630E-03
  4.5472E+02  3.3084E-03 -2.4614E-03
  4.5509E+02  3.2934E-03 -2.4609E-03
  4.5547E+02  3.2781E-03 -2.4615E-03
  4.5585E+02  3.2627E-03 -2.4633E-03
  4.5622E+02  3.2473E-03 -2.4663E-03
  4.5660E+02  3.2320E-03 -2.4705E-03
  4.5697E+02  3.2169E-03 -2.4758E-03
  4.5735E+02  3.2022E-03 -2.4823E-03
  4.5772E+02  3.1879E-03 -2.4899E-03
  4.5810E+02  3.1741E-03 -2.4985E-03
  4.5848E+02  3.1610E-03 -2.5081E-03
  4.5885E+02  3.1486E-03 -2.5187E-03
  4.5923E+02  3.1370E-03 -2.5301E-03
  4.5960E+02  3.1264E-03 -2.5423E-03
  4.5998E+02  3.1168E-03 -2.5552E-03
  4.6036E+02  3.1083E-03 -2.5687E-03
  4.6073E+02  3.1009E-03 -2.5828E-03
  4.6111E+02  3.0946E-03 -2.5972E-03
  4.6148E+02  3.0896E-03 -2.6120E-03
  4.6186E+02  3.0858E-03 -2.6269E-03
  4.6223E+02  3.0834E-03 -2.6419E-03
  4.6261E+02  3.0821E-03 -2.6569E-03
  4.6299E+02  3.0822E-03 -2.6717E-03
  4.6336E+02  3.0836E-03 -2.6863E-03
  4.6374E+02  3.0862E-03 -2.7005E-03
  4.6411E+02  3.0900E-03 -2.7143E-03
  4.6449E+02  3.0950E-03 -2.7274E-03
  4.6486E+02  3.1011E-03 -2.7399E-03
  4.6524E+02  3.1083E-03 -2.7516E-03
  4.6562E+02  3.1165E-03 -2.7625E-03
  4.6599E+02  3.1256E-03 -2.7724E-03
  4.6637E+02  3.1356E-03 -2.7813E-03
  4.6674E+02  3.1463E-03 -2.7891E-03
  4.6712E+02  3.1576E-03 -2.7958E-03
  4.6750E+02  3.1696E-03 -2.8013E-03
  4.6787E+02  3.1819E-03 -2.8056E-03
  4.6825E+02  3.1946E-03 -2.8087E-03
  4.6862E+02  3.2075E-03 -2.8105E-03
  4.6900E+02  3.2206E-03 -2.8110E-03
  4.6937E+02  3.2336E-03 -2.8102E-03
  4.6975E+02  3.2465E-03 -2.8081E-03
  4.7013E+02  3.2593E-03 -2.8048E-03
  4.7050E+02  3.2717E-03 -2.8003E-03
  4.7088E+02  3.2837E-03 -2.7946E-03
  4.7125E+02  3.2951E-03 -2.7877E-03
  4.7163E+02  3.3059E-03 -2.7798E-03
  4.7200E+02  3.3160E-03 -2.7708E-03
  4.7238E+02  3.3254E-03 -2.7609E-03
  4.7276E+02  3.3338E-03 -2.7501E-03
  4.7313E+02  3.3413E-03 -2.7385E-03
  4.7351E+02  3.3477E-03 -2.7261E-03
  4.7388E+02  3.3531E-03 -2.7132E-03
  4.7426E+02  3.3574E-03 -2.6997E-03
  4.7464E+02  3.3605E-03 -2.6858E-03
  4.7501E+02  3.3625E-03 -2.6716E-03
  4.7539E+02  3.3632E-03 -2.6571E-03
  4.7576E+02  3.3627E-03 -2.6425E-03
  4.7614E+02  3.3610E-03 -2.6279E-03
  4.7651E+02  3.3581E-03 -2.6134E-03
  4.7689E+02  3.3539E-03 -2.5990E-03
  4.7727E+02  3.3486E-03 -2.5849E-03
  4.7764E+02  3.3421E-03 -2.5712E-03
  4.7802E+02  3.3346E-03 -2.5579E-03
  4.7839E+02  3.3259E-03 -2.5452E-03
  4.7877E+02  3.3163E-03 -2.5331E-03
  4.7915E+02  3.3057E-03 -2.5217E-03
  4.7952E+02  3.2943E-03 -2.5111E-03
  4.7990E+02  3.2820E-03 -2.5013E-03
  4.8027E+02  3.2690E-03 -2.4924E-03
  4.8065E+02  3.2554E-03 -2.4844E-03
  4.8102E+02  3.2413E-03 -2.4774E-03
  4.8140E+02  3.2266E-03 -2.4714E-03
  4.8178E+02  3.2116E-03 -2.4665E-03
  4.8215E+02  3.1964E-03 -2.4626E-03
  4.8253E+02  3.1809E-03 -2.4597E-03
  4.8290E+02  3.1653E-03 -2.4579E-03
  4.8328E+02  3.1498E-03 -2.4571E-03
  4.8365E+02  3.1343E-03 -2.4573E-03
  4.8403E+02  3.1191E-03 -2.4586E-03
  4.8441E+02  3.1041E-03 -2.4608E-03
  4.8478E+02  3.0894E-03 -2.4639E-03
  4.8516E+02  3.0752E-03 -2.4679E-03
  4.8553E+02  3.0615E-03 -2.4728E-03
  4.8591E+02  3.0484E-03 -2.4784E-03
  4.8629E+02  3.0358E-03 -2.4847E-03
  4.8666E+02  3.0240E-03 -2.4917E-03
  4.8704E+02  3.0129E-03 -2.4992E-03
  4.8741E+02  3.0026E-03 -2.5073E-03
  4.8779E+02  2.9931E-03 -2.5157E-03
  4.8816E+02  2.9844E-03 -2.5245E-03
  4.8854E+02  2.9766E-03 -2.5336E-03
  4.8892E+02  2.9697E-03 -2.5428E-03
  4.8929E+02  2.9636E-03 -2.5522E-03
  4.8967E+02  2.9584E-03 -2.5616E-03
  4.9004E+02  2.9540E-03 -2.5709E-03
  4.9042E+02  2.9505E-03 -2.5801E-03
  4.9079E+02  2.9478E-03 -2.5892E-03
  4.9117E+02  2.9459E-03 -2.5979E-03
  4.9155E+02  2.9448E-03 -2.6064E-03
  4.9192E+02  2.9443E-03 -2.6144E-03
  4.9230E+02  2.9445E-03 -2.6220E-03
  4.9267E+02  2.9454E-03 -2.6291E-03
  4.9305E+02  2.9468E-03 -2.6357E-03
  4.9343E+02  2.9487E-03 -2.6417E-03
  4.9380E+02  2.9510E-03 -2.6471E-03
  4.9418E+02  2.9537E-03 -2.6518E-03
  4.9455E+02  2.9568E-03 -2.6559E-03
  4.9493E+02  2.9601E-03 -2.6593E-03
  4.9530E+02  2.9635E-03 -2.6620E-03
  4.9568E+02  2.9671E-03 -2.6641E-03
  4.9606E+02  2.9708E-03 -2.6654E-03
  4.9643E+02  2.9744E-03 -2.6661E-03
  4.9681E+02  2.9780E-03 -2.6661E-03
  4.9718E+02  2.9814E-03 -2.6654E-03
  4.9756E+02  2.9847E-03 -2.6642E-03
  4.9794E+02  2.9877E-03 -2.6623E-03
  4.9831E+02  2.9904E-03 -2.6599E-03
  4.9869E+02  2.9927E-03 -2.6570E-03
  4.9906E+02  2.9947E-03 -2.6535E-03
  4.9944E+02  2.9962E-03 -2.6497E-03
  4.9981E+02  2.9973E-03 -2.6454E-03
  5.0000E+02  2.9977E-03 -2.6432E-03
