# CREATED BY GENE DIAGNOSTICS TOOL on Thu Jun 14 12:53:56 2018
# diag: GAMDIAG, run(s): 0019, time window: 0-500(1691 steps), species: ions
# normalization: L_ref=5.508m
#
# xind= 0, x/a= Infinity, q= 1.1313306
# Fit:    1,0.17734077,2.9247553
# Analytic: 1,0.17734077,2.9247553
#  t          Re[phi]     Im[phi]   
  0.0000E+00  9.9998E-01  0.0000E+00
  2.9600E-01  9.9281E-01  6.6106E-04
  5.9200E-01  9.7319E-01  1.2421E-03
  8.8800E-01  9.4503E-01  1.7386E-03
  1.1840E+00  9.1211E-01  2.1742E-03
  1.4800E+00  8.7732E-01  2.5695E-03
  1.7760E+00  8.4263E-01  2.9465E-03
  2.0720E+00  8.0930E-01  3.3278E-03
  2.3680E+00  7.7805E-01  3.7311E-03
  2.6640E+00  7.4923E-01  4.1649E-03
  2.9600E+00  7.2295E-01  4.6258E-03
  3.2560E+00  6.9909E-01  5.1001E-03
  3.5520E+00  6.7744E-01  5.5689E-03
  3.8480E+00  6.5773E-01  6.0124E-03
  4.1440E+00  6.3968E-01  6.4141E-03
  4.4400E+00  6.2304E-01  6.7619E-03
  4.7360E+00  6.0759E-01  7.0493E-03
  5.0320E+00  5.9319E-01  7.2743E-03
  5.3280E+00  5.7970E-01  7.4395E-03
  5.6240E+00  5.6706E-01  7.5497E-03
  5.9200E+00  5.5518E-01  7.6115E-03
  6.2160E+00  5.4403E-01  7.6343E-03
  6.5120E+00  5.3355E-01  7.6267E-03
  6.8080E+00  5.2370E-01  7.5953E-03
  7.1040E+00  5.1445E-01  7.5522E-03
  7.4000E+00  5.0576E-01  7.5121E-03
  7.6960E+00  4.9757E-01  7.4801E-03
  7.9920E+00  4.8984E-01  7.4495E-03
  8.2880E+00  4.8253E-01  7.4258E-03
  8.5840E+00  4.7562E-01  7.4346E-03
  8.8800E+00  4.6909E-01  7.4825E-03
  9.1760E+00  4.6286E-01  7.5443E-03
  9.4720E+00  4.5690E-01  7.6094E-03
  9.7680E+00  4.5121E-01  7.7006E-03
  1.0064E+01  4.4577E-01  7.8334E-03
  1.0360E+01  4.4055E-01  7.9895E-03
  1.0656E+01  4.3553E-01  8.1450E-03
  1.0952E+01  4.3072E-01  8.3004E-03
  1.1248E+01  4.2611E-01  8.4677E-03
  1.1544E+01  4.2165E-01  8.6444E-03
  1.1840E+01  4.1733E-01  8.8143E-03
  1.2136E+01  4.1313E-01  8.9688E-03
  1.2432E+01  4.0911E-01  9.1153E-03
  1.2728E+01  4.0531E-01  9.2622E-03
  1.3024E+01  4.0171E-01  9.4027E-03
  1.3320E+01  3.9824E-01  9.5153E-03
  1.3616E+01  3.9482E-01  9.5837E-03
  1.3912E+01  3.9144E-01  9.6125E-03
  1.4208E+01  3.8808E-01  9.6225E-03
  1.4504E+01  3.8479E-01  9.6314E-03
  1.4800E+01  3.8160E-01  9.6408E-03
  1.5096E+01  3.7851E-01  9.6361E-03
  1.5392E+01  3.7551E-01  9.5968E-03
  1.5688E+01  3.7255E-01  9.5083E-03
  1.5984E+01  3.6965E-01  9.3714E-03
  1.6280E+01  3.6682E-01  9.2055E-03
  1.6576E+01  3.6409E-01  9.0383E-03
  1.6872E+01  3.6145E-01  8.8867E-03
  1.7168E+01  3.5885E-01  8.7518E-03
  1.7464E+01  3.5627E-01  8.6288E-03
  1.7760E+01  3.5366E-01  8.5143E-03
  1.8056E+01  3.5099E-01  8.3996E-03
  1.8352E+01  3.4822E-01  8.2685E-03
  1.8648E+01  3.4532E-01  8.1036E-03
  1.8944E+01  3.4225E-01  7.8951E-03
  1.9240E+01  3.3904E-01  7.6457E-03
  1.9536E+01  3.3583E-01  7.3725E-03
  1.9832E+01  3.3277E-01  7.1053E-03
  2.0128E+01  3.3001E-01  6.8737E-03
  2.0424E+01  3.2764E-01  6.6904E-03
  2.0720E+01  3.2562E-01  6.5472E-03
  2.1016E+01  3.2388E-01  6.4239E-03
  2.1312E+01  3.2232E-01  6.3020E-03
  2.1608E+01  3.2087E-01  6.1738E-03
  2.1904E+01  3.1950E-01  6.0453E-03
  2.2200E+01  3.1821E-01  5.9317E-03
  2.2496E+01  3.1701E-01  5.8488E-03
  2.2792E+01  3.1587E-01  5.8017E-03
  2.3088E+01  3.1475E-01  5.7777E-03
  2.3384E+01  3.1356E-01  5.7514E-03
  2.3680E+01  3.1229E-01  5.6978E-03
  2.3976E+01  3.1092E-01  5.6045E-03
  2.4272E+01  3.0953E-01  5.4762E-03
  2.4568E+01  3.0818E-01  5.3345E-03
  2.4864E+01  3.0699E-01  5.2144E-03
  2.5160E+01  3.0603E-01  5.1534E-03
  2.5456E+01  3.0532E-01  5.1751E-03
  2.5752E+01  3.0481E-01  5.2772E-03
  2.6048E+01  3.0437E-01  5.4348E-03
  2.6344E+01  3.0388E-01  5.6148E-03
  2.6640E+01  3.0328E-01  5.7867E-03
  2.6936E+01  3.0256E-01  5.9266E-03
  2.7232E+01  3.0173E-01  6.0199E-03
  2.7528E+01  3.0085E-01  6.0707E-03
  2.7824E+01  3.0002E-01  6.1078E-03
  2.8120E+01  2.9937E-01  6.1768E-03
  2.8416E+01  2.9901E-01  6.3200E-03
  2.8712E+01  2.9899E-01  6.5572E-03
  2.9008E+01  2.9927E-01  6.8790E-03
  2.9304E+01  2.9973E-01  7.2553E-03
  2.9600E+01  3.0025E-01  7.6489E-03
  2.9896E+01  3.0069E-01  8.0245E-03
  3.0192E+01  3.0096E-01  8.3527E-03
  3.0488E+01  3.0101E-01  8.6131E-03
  3.0784E+01  3.0086E-01  8.8005E-03
  3.1080E+01  3.0061E-01  8.9310E-03
  3.1376E+01  3.0042E-01  9.0417E-03
  3.1672E+01  3.0044E-01  9.1778E-03
  3.1968E+01  3.0078E-01  9.3750E-03
  3.2264E+01  3.0146E-01  9.6475E-03
  3.2560E+01  3.0243E-01  9.9874E-03
  3.2856E+01  3.0361E-01  1.0374E-02
  3.3152E+01  3.0491E-01  1.0782E-02
  3.3448E+01  3.0626E-01  1.1189E-02
  3.3744E+01  3.0759E-01  1.1576E-02
  3.4040E+01  3.0881E-01  1.1920E-02
  3.4336E+01  3.0982E-01  1.2199E-02
  3.4632E+01  3.1053E-01  1.2392E-02
  3.4928E+01  3.1092E-01  1.2493E-02
  3.5224E+01  3.1110E-01  1.2525E-02
  3.5520E+01  3.1124E-01  1.2534E-02
  3.5816E+01  3.1155E-01  1.2582E-02
  3.6112E+01  3.1222E-01  1.2721E-02
  3.6408E+01  3.1333E-01  1.2981E-02
  3.6704E+01  3.1487E-01  1.3362E-02
  3.7000E+01  3.1676E-01  1.3843E-02
  3.7296E+01  3.1885E-01  1.4389E-02
  3.7592E+01  3.2101E-01  1.4959E-02
  3.7888E+01  3.2311E-01  1.5522E-02
  3.8184E+01  3.2511E-01  1.6056E-02
  3.8480E+01  3.2699E-01  1.6555E-02
  3.8776E+01  3.2875E-01  1.7016E-02
  3.9072E+01  3.3034E-01  1.7429E-02
  3.9368E+01  3.3170E-01  1.7780E-02
  3.9664E+01  3.3276E-01  1.8052E-02
  3.9960E+01  3.3345E-01  1.8236E-02
  4.0256E+01  3.3376E-01  1.8332E-02
  4.0552E+01  3.3371E-01  1.8345E-02
  4.0848E+01  3.3335E-01  1.8288E-02
  4.1144E+01  3.3276E-01  1.8179E-02
  4.1440E+01  3.3207E-01  1.8048E-02
  4.1736E+01  3.3138E-01  1.7925E-02
  4.2032E+01  3.3084E-01  1.7840E-02
  4.2328E+01  3.3056E-01  1.7815E-02
  4.2624E+01  3.3062E-01  1.7861E-02
  4.2920E+01  3.3107E-01  1.7984E-02
  4.3216E+01  3.3189E-01  1.8178E-02
  4.3512E+01  3.3305E-01  1.8430E-02
  4.3808E+01  3.3447E-01  1.8725E-02
  4.4104E+01  3.3609E-01  1.9048E-02
  4.4400E+01  3.3782E-01  1.9384E-02
  4.4696E+01  3.3961E-01  1.9719E-02
  4.4992E+01  3.4138E-01  2.0035E-02
  4.5288E+01  3.4308E-01  2.0321E-02
  4.5584E+01  3.4464E-01  2.0571E-02
  4.5880E+01  3.4606E-01  2.0785E-02
  4.6176E+01  3.4728E-01  2.0964E-02
  4.6472E+01  3.4828E-01  2.1105E-02
  4.6768E+01  3.4904E-01  2.1206E-02
  4.7064E+01  3.4954E-01  2.1268E-02
  4.7360E+01  3.4977E-01  2.1296E-02
  4.7656E+01  3.4974E-01  2.1290E-02
  4.7952E+01  3.4946E-01  2.1250E-02
  4.8248E+01  3.4894E-01  2.1176E-02
  4.8544E+01  3.4823E-01  2.1075E-02
  4.8840E+01  3.4739E-01  2.0963E-02
  4.9136E+01  3.4644E-01  2.0858E-02
  4.9432E+01  3.4544E-01  2.0767E-02
  4.9728E+01  3.4442E-01  2.0687E-02
  5.0024E+01  3.4339E-01  2.0612E-02
  5.0320E+01  3.4239E-01  2.0535E-02
  5.0616E+01  3.4149E-01  2.0461E-02
  5.0912E+01  3.4072E-01  2.0400E-02
  5.1208E+01  3.4014E-01  2.0364E-02
  5.1504E+01  3.3974E-01  2.0357E-02
  5.1800E+01  3.3950E-01  2.0378E-02
  5.2096E+01  3.3939E-01  2.0423E-02
  5.2392E+01  3.3938E-01  2.0490E-02
  5.2688E+01  3.3945E-01  2.0581E-02
  5.2984E+01  3.3958E-01  2.0691E-02
  5.3280E+01  3.3976E-01  2.0811E-02
  5.3576E+01  3.3996E-01  2.0928E-02
  5.3872E+01  3.4017E-01  2.1030E-02
  5.4168E+01  3.4040E-01  2.1113E-02
  5.4464E+01  3.4067E-01  2.1184E-02
  5.4760E+01  3.4098E-01  2.1257E-02
  5.5056E+01  3.4138E-01  2.1344E-02
  5.5352E+01  3.4185E-01  2.1456E-02
  5.5648E+01  3.4240E-01  2.1592E-02
  5.5944E+01  3.4300E-01  2.1746E-02
  5.6240E+01  3.4363E-01  2.1909E-02
  5.6536E+01  3.4428E-01  2.2074E-02
  5.6832E+01  3.4493E-01  2.2240E-02
  5.7128E+01  3.4558E-01  2.2407E-02
  5.7424E+01  3.4622E-01  2.2575E-02
  5.7720E+01  3.4684E-01  2.2744E-02
  5.8016E+01  3.4740E-01  2.2907E-02
  5.8312E+01  3.4788E-01  2.3061E-02
  5.8608E+01  3.4823E-01  2.3196E-02
  5.8904E+01  3.4843E-01  2.3306E-02
  5.9200E+01  3.4845E-01  2.3385E-02
  5.9496E+01  3.4829E-01  2.3429E-02
  5.9792E+01  3.4795E-01  2.3438E-02
  6.0088E+01  3.4747E-01  2.3415E-02
  6.0384E+01  3.4688E-01  2.3367E-02
  6.0680E+01  3.4621E-01  2.3295E-02
  6.0976E+01  3.4551E-01  2.3206E-02
  6.1272E+01  3.4480E-01  2.3104E-02
  6.1568E+01  3.4412E-01  2.2998E-02
  6.1864E+01  3.4347E-01  2.2898E-02
  6.2160E+01  3.4289E-01  2.2813E-02
  6.2456E+01  3.4239E-01  2.2753E-02
  6.2752E+01  3.4195E-01  2.2722E-02
  6.3048E+01  3.4159E-01  2.2722E-02
  6.3344E+01  3.4129E-01  2.2749E-02
  6.3640E+01  3.4105E-01  2.2795E-02
  6.3936E+01  3.4086E-01  2.2852E-02
  6.4232E+01  3.4072E-01  2.2916E-02
  6.4528E+01  3.4062E-01  2.2988E-02
  6.4824E+01  3.4057E-01  2.3068E-02
  6.5120E+01  3.4056E-01  2.3158E-02
  6.5416E+01  3.4059E-01  2.3259E-02
  6.5712E+01  3.4064E-01  2.3373E-02
  6.6008E+01  3.4071E-01  2.3503E-02
  6.6304E+01  3.4081E-01  2.3655E-02
  6.6600E+01  3.4093E-01  2.3827E-02
  6.6896E+01  3.4106E-01  2.4014E-02
  6.7192E+01  3.4119E-01  2.4205E-02
  6.7488E+01  3.4129E-01  2.4391E-02
  6.7784E+01  3.4137E-01  2.4564E-02
  6.8080E+01  3.4142E-01  2.4720E-02
  6.8376E+01  3.4143E-01  2.4853E-02
  6.8672E+01  3.4141E-01  2.4958E-02
  6.8968E+01  3.4134E-01  2.5033E-02
  6.9264E+01  3.4122E-01  2.5079E-02
  6.9560E+01  3.4107E-01  2.5105E-02
  6.9856E+01  3.4088E-01  2.5123E-02
  7.0152E+01  3.4070E-01  2.5146E-02
  7.0448E+01  3.4053E-01  2.5189E-02
  7.0744E+01  3.4041E-01  2.5259E-02
  7.1040E+01  3.4035E-01  2.5359E-02
  7.1336E+01  3.4034E-01  2.5489E-02
  7.1632E+01  3.4037E-01  2.5640E-02
  7.1928E+01  3.4042E-01  2.5801E-02
  7.2224E+01  3.4046E-01  2.5960E-02
  7.2520E+01  3.4048E-01  2.6108E-02
  7.2816E+01  3.4047E-01  2.6239E-02
  7.3112E+01  3.4042E-01  2.6354E-02
  7.3408E+01  3.4035E-01  2.6456E-02
  7.3704E+01  3.4025E-01  2.6551E-02
  7.4000E+01  3.4015E-01  2.6639E-02
  7.4296E+01  3.4004E-01  2.6720E-02
  7.4592E+01  3.3993E-01  2.6794E-02
  7.4888E+01  3.3982E-01  2.6862E-02
  7.5184E+01  3.3972E-01  2.6929E-02
  7.5480E+01  3.3964E-01  2.7005E-02
  7.5776E+01  3.3960E-01  2.7100E-02
  7.6072E+01  3.3960E-01  2.7220E-02
  7.6368E+01  3.3964E-01  2.7367E-02
  7.6664E+01  3.3972E-01  2.7541E-02
  7.6960E+01  3.3983E-01  2.7732E-02
  7.7256E+01  3.3994E-01  2.7933E-02
  7.7552E+01  3.4003E-01  2.8135E-02
  7.7848E+01  3.4010E-01  2.8333E-02
  7.8144E+01  3.4014E-01  2.8525E-02
  7.8440E+01  3.4014E-01  2.8711E-02
  7.8736E+01  3.4009E-01  2.8888E-02
  7.9032E+01  3.4001E-01  2.9055E-02
  7.9328E+01  3.3987E-01  2.9208E-02
  7.9624E+01  3.3969E-01  2.9344E-02
  7.9920E+01  3.3944E-01  2.9458E-02
  8.0216E+01  3.3914E-01  2.9543E-02
  8.0512E+01  3.3878E-01  2.9593E-02
  8.0808E+01  3.3836E-01  2.9606E-02
  8.1104E+01  3.3790E-01  2.9584E-02
  8.1400E+01  3.3741E-01  2.9537E-02
  8.1696E+01  3.3692E-01  2.9482E-02
  8.1992E+01  3.3645E-01  2.9434E-02
  8.2288E+01  3.3604E-01  2.9406E-02
  8.2584E+01  3.3569E-01  2.9408E-02
  8.2880E+01  3.3541E-01  2.9442E-02
  8.3176E+01  3.3521E-01  2.9509E-02
  8.3472E+01  3.3508E-01  2.9608E-02
  8.3768E+01  3.3502E-01  2.9736E-02
  8.4064E+01  3.3500E-01  2.9885E-02
  8.4360E+01  3.3501E-01  3.0046E-02
  8.4656E+01  3.3502E-01  3.0207E-02
  8.4952E+01  3.3502E-01  3.0355E-02
  8.5248E+01  3.3498E-01  3.0482E-02
  8.5544E+01  3.3491E-01  3.0586E-02
  8.5840E+01  3.3479E-01  3.0668E-02
  8.6136E+01  3.3464E-01  3.0733E-02
  8.6432E+01  3.3446E-01  3.0787E-02
  8.6728E+01  3.3426E-01  3.0835E-02
  8.7024E+01  3.3404E-01  3.0880E-02
  8.7320E+01  3.3381E-01  3.0926E-02
  8.7616E+01  3.3358E-01  3.0976E-02
  8.7912E+01  3.3336E-01  3.1034E-02
  8.8208E+01  3.3316E-01  3.1103E-02
  8.8504E+01  3.3299E-01  3.1185E-02
  8.8800E+01  3.3284E-01  3.1277E-02
  8.9096E+01  3.3272E-01  3.1380E-02
  8.9392E+01  3.3262E-01  3.1493E-02
  8.9688E+01  3.3254E-01  3.1613E-02
  8.9984E+01  3.3248E-01  3.1742E-02
  9.0280E+01  3.3244E-01  3.1875E-02
  9.0576E+01  3.3241E-01  3.2012E-02
  9.0872E+01  3.3240E-01  3.2149E-02
  9.1168E+01  3.3240E-01  3.2283E-02
  9.1464E+01  3.3242E-01  3.2415E-02
  9.1760E+01  3.3244E-01  3.2543E-02
  9.2056E+01  3.3247E-01  3.2670E-02
  9.2352E+01  3.3250E-01  3.2795E-02
  9.2648E+01  3.3254E-01  3.2918E-02
  9.2944E+01  3.3258E-01  3.3039E-02
  9.3240E+01  3.3260E-01  3.3154E-02
  9.3536E+01  3.3261E-01  3.3265E-02
  9.3832E+01  3.3260E-01  3.3370E-02
  9.4128E+01  3.3257E-01  3.3474E-02
  9.4424E+01  3.3254E-01  3.3577E-02
  9.4720E+01  3.3249E-01  3.3682E-02
  9.5016E+01  3.3244E-01  3.3786E-02
  9.5312E+01  3.3237E-01  3.3890E-02
  9.5608E+01  3.3229E-01  3.3988E-02
  9.5904E+01  3.3220E-01  3.4079E-02
  9.6200E+01  3.3208E-01  3.4160E-02
  9.6496E+01  3.3193E-01  3.4230E-02
  9.6792E+01  3.3175E-01  3.4289E-02
  9.7088E+01  3.3155E-01  3.4339E-02
  9.7384E+01  3.3134E-01  3.4381E-02
  9.7680E+01  3.3112E-01  3.4418E-02
  9.7976E+01  3.3090E-01  3.4451E-02
  9.8272E+01  3.3071E-01  3.4483E-02
  9.8568E+01  3.3055E-01  3.4522E-02
  9.8864E+01  3.3043E-01  3.4571E-02
  9.9160E+01  3.3035E-01  3.4638E-02
  9.9456E+01  3.3033E-01  3.4725E-02
  9.9752E+01  3.3034E-01  3.4831E-02
  1.0005E+02  3.3038E-01  3.4953E-02
  1.0034E+02  3.3045E-01  3.5087E-02
  1.0064E+02  3.3055E-01  3.5230E-02
  1.0094E+02  3.3065E-01  3.5381E-02
  1.0123E+02  3.3077E-01  3.5538E-02
  1.0153E+02  3.3089E-01  3.5699E-02
  1.0182E+02  3.3101E-01  3.5860E-02
  1.0212E+02  3.3113E-01  3.6019E-02
  1.0242E+02  3.3124E-01  3.6173E-02
  1.0271E+02  3.3134E-01  3.6322E-02
  1.0301E+02  3.3143E-01  3.6465E-02
  1.0330E+02  3.3150E-01  3.6599E-02
  1.0360E+02  3.3157E-01  3.6723E-02
  1.0390E+02  3.3161E-01  3.6836E-02
  1.0419E+02  3.3165E-01  3.6938E-02
  1.0449E+02  3.3166E-01  3.7029E-02
  1.0478E+02  3.3166E-01  3.7113E-02
  1.0508E+02  3.3165E-01  3.7196E-02
  1.0538E+02  3.3163E-01  3.7280E-02
  1.0567E+02  3.3161E-01  3.7368E-02
  1.0597E+02  3.3157E-01  3.7462E-02
  1.0626E+02  3.3152E-01  3.7557E-02
  1.0656E+02  3.3145E-01  3.7649E-02
  1.0686E+02  3.3136E-01  3.7732E-02
  1.0715E+02  3.3124E-01  3.7803E-02
  1.0745E+02  3.3110E-01  3.7857E-02
  1.0774E+02  3.3094E-01  3.7895E-02
  1.0804E+02  3.3076E-01  3.7923E-02
  1.0834E+02  3.3058E-01  3.7945E-02
  1.0863E+02  3.3041E-01  3.7971E-02
  1.0893E+02  3.3025E-01  3.8008E-02
  1.0922E+02  3.3011E-01  3.8058E-02
  1.0952E+02  3.2999E-01  3.8125E-02
  1.0982E+02  3.2990E-01  3.8207E-02
  1.1011E+02  3.2982E-01  3.8302E-02
  1.1041E+02  3.2977E-01  3.8408E-02
  1.1070E+02  3.2972E-01  3.8524E-02
  1.1100E+02  3.2968E-01  3.8647E-02
  1.1130E+02  3.2965E-01  3.8776E-02
  1.1159E+02  3.2963E-01  3.8905E-02
  1.1189E+02  3.2959E-01  3.9031E-02
  1.1218E+02  3.2955E-01  3.9150E-02
  1.1248E+02  3.2950E-01  3.9263E-02
  1.1278E+02  3.2944E-01  3.9368E-02
  1.1307E+02  3.2937E-01  3.9468E-02
  1.1337E+02  3.2930E-01  3.9566E-02
  1.1366E+02  3.2923E-01  3.9662E-02
  1.1396E+02  3.2917E-01  3.9760E-02
  1.1426E+02  3.2911E-01  3.9863E-02
  1.1455E+02  3.2907E-01  3.9973E-02
  1.1485E+02  3.2903E-01  4.0090E-02
  1.1514E+02  3.2901E-01  4.0215E-02
  1.1544E+02  3.2900E-01  4.0347E-02
  1.1574E+02  3.2900E-01  4.0484E-02
  1.1603E+02  3.2900E-01  4.0627E-02
  1.1633E+02  3.2901E-01  4.0774E-02
  1.1662E+02  3.2903E-01  4.0925E-02
  1.1692E+02  3.2904E-01  4.1080E-02
  1.1722E+02  3.2905E-01  4.1237E-02
  1.1751E+02  3.2906E-01  4.1395E-02
  1.1781E+02  3.2906E-01  4.1553E-02
  1.1810E+02  3.2905E-01  4.1708E-02
  1.1840E+02  3.2902E-01  4.1858E-02
  1.1870E+02  3.2898E-01  4.2000E-02
  1.1899E+02  3.2892E-01  4.2131E-02
  1.1929E+02  3.2885E-01  4.2249E-02
  1.1958E+02  3.2875E-01  4.2353E-02
  1.1988E+02  3.2864E-01  4.2442E-02
  1.2018E+02  3.2851E-01  4.2520E-02
  1.2047E+02  3.2838E-01  4.2587E-02
  1.2077E+02  3.2823E-01  4.2646E-02
  1.2106E+02  3.2807E-01  4.2697E-02
  1.2136E+02  3.2790E-01  4.2741E-02
  1.2166E+02  3.2773E-01  4.2778E-02
  1.2195E+02  3.2755E-01  4.2810E-02
  1.2225E+02  3.2738E-01  4.2838E-02
  1.2254E+02  3.2722E-01  4.2865E-02
  1.2284E+02  3.2706E-01  4.2897E-02
  1.2314E+02  3.2692E-01  4.2936E-02
  1.2343E+02  3.2679E-01  4.2986E-02
  1.2373E+02  3.2667E-01  4.3048E-02
  1.2402E+02  3.2656E-01  4.3119E-02
  1.2432E+02  3.2646E-01  4.3196E-02
  1.2462E+02  3.2636E-01  4.3279E-02
  1.2491E+02  3.2627E-01  4.3363E-02
  1.2521E+02  3.2617E-01  4.3447E-02
  1.2550E+02  3.2606E-01  4.3531E-02
  1.2580E+02  3.2596E-01  4.3612E-02
  1.2610E+02  3.2584E-01  4.3689E-02
  1.2639E+02  3.2572E-01  4.3762E-02
  1.2669E+02  3.2559E-01  4.3830E-02
  1.2698E+02  3.2546E-01  4.3893E-02
  1.2728E+02  3.2533E-01  4.3954E-02
  1.2758E+02  3.2519E-01  4.4013E-02
  1.2787E+02  3.2506E-01  4.4071E-02
  1.2817E+02  3.2493E-01  4.4133E-02
  1.2846E+02  3.2481E-01  4.4199E-02
  1.2876E+02  3.2469E-01  4.4271E-02
  1.2906E+02  3.2459E-01  4.4352E-02
  1.2935E+02  3.2450E-01  4.4442E-02
  1.2965E+02  3.2441E-01  4.4540E-02
  1.2994E+02  3.2433E-01  4.4646E-02
  1.3024E+02  3.2425E-01  4.4755E-02
  1.3054E+02  3.2418E-01  4.4866E-02
  1.3083E+02  3.2410E-01  4.4976E-02
  1.3113E+02  3.2402E-01  4.5082E-02
  1.3142E+02  3.2394E-01  4.5186E-02
  1.3172E+02  3.2386E-01  4.5288E-02
  1.3202E+02  3.2378E-01  4.5389E-02
  1.3231E+02  3.2369E-01  4.5489E-02
  1.3261E+02  3.2361E-01  4.5590E-02
  1.3290E+02  3.2352E-01  4.5691E-02
  1.3320E+02  3.2344E-01  4.5791E-02
  1.3350E+02  3.2335E-01  4.5891E-02
  1.3379E+02  3.2326E-01  4.5990E-02
  1.3409E+02  3.2317E-01  4.6086E-02
  1.3438E+02  3.2307E-01  4.6179E-02
  1.3468E+02  3.2297E-01  4.6270E-02
  1.3498E+02  3.2287E-01  4.6358E-02
  1.3527E+02  3.2277E-01  4.6444E-02
  1.3557E+02  3.2266E-01  4.6531E-02
  1.3586E+02  3.2256E-01  4.6618E-02
  1.3616E+02  3.2246E-01  4.6708E-02
  1.3646E+02  3.2236E-01  4.6800E-02
  1.3675E+02  3.2226E-01  4.6893E-02
  1.3705E+02  3.2216E-01  4.6986E-02
  1.3734E+02  3.2207E-01  4.7079E-02
  1.3764E+02  3.2198E-01  4.7170E-02
  1.3794E+02  3.2188E-01  4.7259E-02
  1.3823E+02  3.2179E-01  4.7348E-02
  1.3853E+02  3.2170E-01  4.7437E-02
  1.3882E+02  3.2161E-01  4.7527E-02
  1.3912E+02  3.2152E-01  4.7616E-02
  1.3942E+02  3.2143E-01  4.7706E-02
  1.3971E+02  3.2134E-01  4.7796E-02
  1.4001E+02  3.2125E-01  4.7885E-02
  1.4030E+02  3.2115E-01  4.7974E-02
  1.4060E+02  3.2106E-01  4.8063E-02
  1.4090E+02  3.2097E-01  4.8150E-02
  1.4119E+02  3.2087E-01  4.8236E-02
  1.4149E+02  3.2078E-01  4.8322E-02
  1.4178E+02  3.2068E-01  4.8407E-02
  1.4208E+02  3.2058E-01  4.8492E-02
  1.4238E+02  3.2048E-01  4.8574E-02
  1.4267E+02  3.2037E-01  4.8655E-02
  1.4297E+02  3.2026E-01  4.8733E-02
  1.4326E+02  3.2015E-01  4.8809E-02
  1.4356E+02  3.2004E-01  4.8883E-02
  1.4386E+02  3.1993E-01  4.8957E-02
  1.4415E+02  3.1982E-01  4.9032E-02
  1.4445E+02  3.1970E-01  4.9107E-02
  1.4474E+02  3.1959E-01  4.9184E-02
  1.4504E+02  3.1948E-01  4.9262E-02
  1.4534E+02  3.1936E-01  4.9342E-02
  1.4563E+02  3.1925E-01  4.9422E-02
  1.4593E+02  3.1914E-01  4.9504E-02
  1.4622E+02  3.1903E-01  4.9585E-02
  1.4652E+02  3.1892E-01  4.9668E-02
  1.4682E+02  3.1882E-01  4.9750E-02
  1.4711E+02  3.1871E-01  4.9832E-02
  1.4741E+02  3.1861E-01  4.9913E-02
  1.4770E+02  3.1850E-01  4.9993E-02
  1.4800E+02  3.1840E-01  5.0073E-02
  1.4830E+02  3.1830E-01  5.0153E-02
  1.4859E+02  3.1820E-01  5.0233E-02
  1.4889E+02  3.1811E-01  5.0315E-02
  1.4918E+02  3.1801E-01  5.0400E-02
  1.4948E+02  3.1792E-01  5.0487E-02
  1.4978E+02  3.1783E-01  5.0577E-02
  1.5007E+02  3.1774E-01  5.0670E-02
  1.5037E+02  3.1766E-01  5.0764E-02
  1.5066E+02  3.1757E-01  5.0860E-02
  1.5096E+02  3.1748E-01  5.0956E-02
  1.5126E+02  3.1739E-01  5.1050E-02
  1.5155E+02  3.1730E-01  5.1143E-02
  1.5185E+02  3.1720E-01  5.1232E-02
  1.5214E+02  3.1710E-01  5.1317E-02
  1.5244E+02  3.1700E-01  5.1399E-02
  1.5274E+02  3.1690E-01  5.1477E-02
  1.5303E+02  3.1678E-01  5.1553E-02
  1.5333E+02  3.1667E-01  5.1627E-02
  1.5362E+02  3.1656E-01  5.1701E-02
  1.5392E+02  3.1644E-01  5.1774E-02
  1.5422E+02  3.1632E-01  5.1847E-02
  1.5451E+02  3.1620E-01  5.1921E-02
  1.5481E+02  3.1609E-01  5.1996E-02
  1.5510E+02  3.1597E-01  5.2073E-02
  1.5540E+02  3.1586E-01  5.2153E-02
  1.5570E+02  3.1575E-01  5.2235E-02
  1.5599E+02  3.1564E-01  5.2319E-02
  1.5629E+02  3.1553E-01  5.2405E-02
  1.5658E+02  3.1542E-01  5.2491E-02
  1.5688E+02  3.1531E-01  5.2577E-02
  1.5718E+02  3.1521E-01  5.2662E-02
  1.5747E+02  3.1511E-01  5.2747E-02
  1.5777E+02  3.1500E-01  5.2831E-02
  1.5806E+02  3.1490E-01  5.2917E-02
  1.5836E+02  3.1481E-01  5.3003E-02
  1.5866E+02  3.1471E-01  5.3091E-02
  1.5895E+02  3.1462E-01  5.3181E-02
  1.5925E+02  3.1453E-01  5.3272E-02
  1.5954E+02  3.1444E-01  5.3364E-02
  1.5984E+02  3.1435E-01  5.3455E-02
  1.6014E+02  3.1426E-01  5.3544E-02
  1.6043E+02  3.1417E-01  5.3632E-02
  1.6073E+02  3.1408E-01  5.3717E-02
  1.6102E+02  3.1399E-01  5.3800E-02
  1.6132E+02  3.1390E-01  5.3880E-02
  1.6162E+02  3.1381E-01  5.3958E-02
  1.6191E+02  3.1372E-01  5.4035E-02
  1.6221E+02  3.1363E-01  5.4112E-02
  1.6250E+02  3.1354E-01  5.4190E-02
  1.6280E+02  3.1346E-01  5.4269E-02
  1.6310E+02  3.1337E-01  5.4350E-02
  1.6339E+02  3.1329E-01  5.4433E-02
  1.6369E+02  3.1320E-01  5.4517E-02
  1.6398E+02  3.1312E-01  5.4602E-02
  1.6428E+02  3.1304E-01  5.4688E-02
  1.6458E+02  3.1296E-01  5.4774E-02
  1.6487E+02  3.1287E-01  5.4859E-02
  1.6517E+02  3.1279E-01  5.4943E-02
  1.6546E+02  3.1271E-01  5.5027E-02
  1.6576E+02  3.1262E-01  5.5109E-02
  1.6606E+02  3.1253E-01  5.5189E-02
  1.6635E+02  3.1244E-01  5.5267E-02
  1.6665E+02  3.1235E-01  5.5343E-02
  1.6694E+02  3.1225E-01  5.5418E-02
  1.6724E+02  3.1216E-01  5.5492E-02
  1.6754E+02  3.1207E-01  5.5567E-02
  1.6783E+02  3.1198E-01  5.5643E-02
  1.6813E+02  3.1189E-01  5.5721E-02
  1.6842E+02  3.1181E-01  5.5802E-02
  1.6872E+02  3.1172E-01  5.5886E-02
  1.6902E+02  3.1164E-01  5.5971E-02
  1.6931E+02  3.1156E-01  5.6059E-02
  1.6961E+02  3.1148E-01  5.6148E-02
  1.6990E+02  3.1139E-01  5.6237E-02
  1.7020E+02  3.1131E-01  5.6325E-02
  1.7050E+02  3.1123E-01  5.6413E-02
  1.7079E+02  3.1115E-01  5.6499E-02
  1.7109E+02  3.1107E-01  5.6584E-02
  1.7138E+02  3.1098E-01  5.6668E-02
  1.7168E+02  3.1090E-01  5.6751E-02
  1.7198E+02  3.1082E-01  5.6834E-02
  1.7227E+02  3.1073E-01  5.6916E-02
  1.7257E+02  3.1065E-01  5.6998E-02
  1.7286E+02  3.1057E-01  5.7081E-02
  1.7316E+02  3.1049E-01  5.7163E-02
  1.7346E+02  3.1041E-01  5.7246E-02
  1.7375E+02  3.1032E-01  5.7328E-02
  1.7405E+02  3.1024E-01  5.7410E-02
  1.7434E+02  3.1016E-01  5.7490E-02
  1.7464E+02  3.1008E-01  5.7570E-02
  1.7494E+02  3.1000E-01  5.7649E-02
  1.7523E+02  3.0991E-01  5.7727E-02
  1.7553E+02  3.0983E-01  5.7805E-02
  1.7582E+02  3.0975E-01  5.7883E-02
  1.7612E+02  3.0966E-01  5.7962E-02
  1.7642E+02  3.0958E-01  5.8041E-02
  1.7671E+02  3.0950E-01  5.8121E-02
  1.7701E+02  3.0941E-01  5.8202E-02
  1.7730E+02  3.0933E-01  5.8283E-02
  1.7760E+02  3.0924E-01  5.8365E-02
  1.7790E+02  3.0916E-01  5.8446E-02
  1.7819E+02  3.0907E-01  5.8526E-02
  1.7849E+02  3.0899E-01  5.8606E-02
  1.7878E+02  3.0890E-01  5.8686E-02
  1.7908E+02  3.0882E-01  5.8765E-02
  1.7938E+02  3.0873E-01  5.8844E-02
  1.7967E+02  3.0865E-01  5.8924E-02
  1.7997E+02  3.0856E-01  5.9003E-02
  1.8026E+02  3.0847E-01  5.9082E-02
  1.8056E+02  3.0839E-01  5.9160E-02
  1.8086E+02  3.0830E-01  5.9238E-02
  1.8115E+02  3.0821E-01  5.9314E-02
  1.8145E+02  3.0812E-01  5.9389E-02
  1.8174E+02  3.0803E-01  5.9463E-02
  1.8204E+02  3.0794E-01  5.9535E-02
  1.8234E+02  3.0785E-01  5.9606E-02
  1.8263E+02  3.0776E-01  5.9677E-02
  1.8293E+02  3.0767E-01  5.9747E-02
  1.8322E+02  3.0758E-01  5.9818E-02
  1.8352E+02  3.0749E-01  5.9890E-02
  1.8382E+02  3.0740E-01  5.9963E-02
  1.8411E+02  3.0731E-01  6.0038E-02
  1.8441E+02  3.0723E-01  6.0114E-02
  1.8470E+02  3.0714E-01  6.0191E-02
  1.8500E+02  3.0706E-01  6.0270E-02
  1.8530E+02  3.0697E-01  6.0350E-02
  1.8559E+02  3.0689E-01  6.0430E-02
  1.8589E+02  3.0680E-01  6.0511E-02
  1.8618E+02  3.0672E-01  6.0592E-02
  1.8648E+02  3.0664E-01  6.0673E-02
  1.8678E+02  3.0655E-01  6.0752E-02
  1.8707E+02  3.0647E-01  6.0831E-02
  1.8737E+02  3.0639E-01  6.0909E-02
  1.8766E+02  3.0630E-01  6.0986E-02
  1.8796E+02  3.0622E-01  6.1062E-02
  1.8826E+02  3.0613E-01  6.1138E-02
  1.8855E+02  3.0605E-01  6.1213E-02
  1.8885E+02  3.0596E-01  6.1289E-02
  1.8914E+02  3.0588E-01  6.1366E-02
  1.8944E+02  3.0579E-01  6.1443E-02
  1.8974E+02  3.0571E-01  6.1521E-02
  1.9003E+02  3.0562E-01  6.1599E-02
  1.9033E+02  3.0554E-01  6.1677E-02
  1.9062E+02  3.0545E-01  6.1754E-02
  1.9092E+02  3.0536E-01  6.1830E-02
  1.9122E+02  3.0527E-01  6.1906E-02
  1.9151E+02  3.0518E-01  6.1981E-02
  1.9181E+02  3.0509E-01  6.2055E-02
  1.9210E+02  3.0500E-01  6.2128E-02
  1.9240E+02  3.0491E-01  6.2202E-02
  1.9270E+02  3.0482E-01  6.2274E-02
  1.9299E+02  3.0472E-01  6.2347E-02
  1.9329E+02  3.0463E-01  6.2419E-02
  1.9358E+02  3.0454E-01  6.2491E-02
  1.9388E+02  3.0444E-01  6.2563E-02
  1.9418E+02  3.0435E-01  6.2634E-02
  1.9447E+02  3.0426E-01  6.2706E-02
  1.9477E+02  3.0416E-01  6.2777E-02
  1.9506E+02  3.0407E-01  6.2849E-02
  1.9536E+02  3.0398E-01  6.2922E-02
  1.9566E+02  3.0389E-01  6.2995E-02
  1.9595E+02  3.0380E-01  6.3070E-02
  1.9625E+02  3.0371E-01  6.3144E-02
  1.9654E+02  3.0361E-01  6.3219E-02
  1.9684E+02  3.0352E-01  6.3295E-02
  1.9714E+02  3.0343E-01  6.3370E-02
  1.9743E+02  3.0334E-01  6.3445E-02
  1.9773E+02  3.0325E-01  6.3520E-02
  1.9802E+02  3.0316E-01  6.3595E-02
  1.9832E+02  3.0307E-01  6.3670E-02
  1.9862E+02  3.0298E-01  6.3744E-02
  1.9891E+02  3.0289E-01  6.3818E-02
  1.9921E+02  3.0279E-01  6.3892E-02
  1.9950E+02  3.0270E-01  6.3966E-02
  1.9980E+02  3.0261E-01  6.4039E-02
  2.0010E+02  3.0251E-01  6.4112E-02
  2.0039E+02  3.0242E-01  6.4185E-02
  2.0069E+02  3.0233E-01  6.4257E-02
  2.0098E+02  3.0223E-01  6.4328E-02
  2.0128E+02  3.0214E-01  6.4399E-02
  2.0158E+02  3.0204E-01  6.4469E-02
  2.0187E+02  3.0195E-01  6.4539E-02
  2.0217E+02  3.0185E-01  6.4610E-02
  2.0246E+02  3.0176E-01  6.4680E-02
  2.0276E+02  3.0166E-01  6.4751E-02
  2.0306E+02  3.0157E-01  6.4823E-02
  2.0335E+02  3.0148E-01  6.4895E-02
  2.0365E+02  3.0138E-01  6.4968E-02
  2.0394E+02  3.0129E-01  6.5041E-02
  2.0424E+02  3.0119E-01  6.5115E-02
  2.0454E+02  3.0110E-01  6.5188E-02
  2.0483E+02  3.0101E-01  6.5261E-02
  2.0513E+02  3.0091E-01  6.5333E-02
  2.0542E+02  3.0082E-01  6.5406E-02
  2.0572E+02  3.0073E-01  6.5478E-02
  2.0602E+02  3.0063E-01  6.5550E-02
  2.0631E+02  3.0054E-01  6.5622E-02
  2.0661E+02  3.0045E-01  6.5694E-02
  2.0690E+02  3.0035E-01  6.5767E-02
  2.0720E+02  3.0026E-01  6.5839E-02
  2.0750E+02  3.0017E-01  6.5911E-02
  2.0779E+02  3.0007E-01  6.5984E-02
  2.0809E+02  2.9998E-01  6.6056E-02
  2.0838E+02  2.9989E-01  6.6128E-02
  2.0868E+02  2.9979E-01  6.6200E-02
  2.0898E+02  2.9970E-01  6.6271E-02
  2.0927E+02  2.9961E-01  6.6343E-02
  2.0957E+02  2.9951E-01  6.6414E-02
  2.0986E+02  2.9942E-01  6.6486E-02
  2.1016E+02  2.9933E-01  6.6557E-02
  2.1046E+02  2.9923E-01  6.6628E-02
  2.1075E+02  2.9914E-01  6.6700E-02
  2.1105E+02  2.9905E-01  6.6771E-02
  2.1134E+02  2.9895E-01  6.6842E-02
  2.1164E+02  2.9886E-01  6.6913E-02
  2.1194E+02  2.9877E-01  6.6984E-02
  2.1223E+02  2.9867E-01  6.7054E-02
  2.1253E+02  2.9858E-01  6.7124E-02
  2.1282E+02  2.9848E-01  6.7194E-02
  2.1312E+02  2.9839E-01  6.7264E-02
  2.1342E+02  2.9829E-01  6.7333E-02
  2.1371E+02  2.9820E-01  6.7403E-02
  2.1401E+02  2.9810E-01  6.7472E-02
  2.1430E+02  2.9801E-01  6.7542E-02
  2.1460E+02  2.9792E-01  6.7612E-02
  2.1490E+02  2.9782E-01  6.7682E-02
  2.1519E+02  2.9772E-01  6.7751E-02
  2.1549E+02  2.9763E-01  6.7821E-02
  2.1578E+02  2.9753E-01  6.7891E-02
  2.1608E+02  2.9744E-01  6.7960E-02
  2.1638E+02  2.9734E-01  6.8030E-02
  2.1667E+02  2.9725E-01  6.8099E-02
  2.1697E+02  2.9715E-01  6.8169E-02
  2.1726E+02  2.9706E-01  6.8239E-02
  2.1756E+02  2.9696E-01  6.8309E-02
  2.1786E+02  2.9687E-01  6.8379E-02
  2.1815E+02  2.9678E-01  6.8449E-02
  2.1845E+02  2.9668E-01  6.8520E-02
  2.1874E+02  2.9659E-01  6.8590E-02
  2.1904E+02  2.9649E-01  6.8661E-02
  2.1934E+02  2.9640E-01  6.8732E-02
  2.1963E+02  2.9631E-01  6.8804E-02
  2.1993E+02  2.9621E-01  6.8875E-02
  2.2022E+02  2.9612E-01  6.8945E-02
  2.2052E+02  2.9603E-01  6.9016E-02
  2.2082E+02  2.9593E-01  6.9086E-02
  2.2111E+02  2.9584E-01  6.9157E-02
  2.2141E+02  2.9575E-01  6.9226E-02
  2.2170E+02  2.9565E-01  6.9296E-02
  2.2200E+02  2.9556E-01  6.9366E-02
  2.2230E+02  2.9547E-01  6.9435E-02
  2.2259E+02  2.9537E-01  6.9505E-02
  2.2289E+02  2.9528E-01  6.9575E-02
  2.2318E+02  2.9519E-01  6.9645E-02
  2.2348E+02  2.9510E-01  6.9715E-02
  2.2378E+02  2.9500E-01  6.9785E-02
  2.2407E+02  2.9491E-01  6.9855E-02
  2.2437E+02  2.9482E-01  6.9925E-02
  2.2466E+02  2.9473E-01  6.9995E-02
  2.2496E+02  2.9463E-01  7.0066E-02
  2.2526E+02  2.9454E-01  7.0136E-02
  2.2555E+02  2.9445E-01  7.0206E-02
  2.2585E+02  2.9436E-01  7.0276E-02
  2.2614E+02  2.9427E-01  7.0346E-02
  2.2644E+02  2.9418E-01  7.0416E-02
  2.2674E+02  2.9409E-01  7.0486E-02
  2.2703E+02  2.9399E-01  7.0556E-02
  2.2733E+02  2.9390E-01  7.0626E-02
  2.2762E+02  2.9381E-01  7.0695E-02
  2.2792E+02  2.9372E-01  7.0765E-02
  2.2822E+02  2.9363E-01  7.0835E-02
  2.2851E+02  2.9354E-01  7.0904E-02
  2.2881E+02  2.9345E-01  7.0973E-02
  2.2910E+02  2.9335E-01  7.1042E-02
  2.2940E+02  2.9326E-01  7.1111E-02
  2.2970E+02  2.9317E-01  7.1180E-02
  2.2999E+02  2.9308E-01  7.1250E-02
  2.3029E+02  2.9299E-01  7.1319E-02
  2.3058E+02  2.9290E-01  7.1388E-02
  2.3088E+02  2.9280E-01  7.1457E-02
  2.3118E+02  2.9271E-01  7.1526E-02
  2.3147E+02  2.9262E-01  7.1596E-02
  2.3177E+02  2.9253E-01  7.1665E-02
  2.3206E+02  2.9244E-01  7.1734E-02
  2.3236E+02  2.9235E-01  7.1803E-02
  2.3266E+02  2.9225E-01  7.1873E-02
  2.3295E+02  2.9216E-01  7.1942E-02
  2.3325E+02  2.9207E-01  7.2012E-02
  2.3354E+02  2.9198E-01  7.2081E-02
  2.3384E+02  2.9189E-01  7.2151E-02
  2.3414E+02  2.9180E-01  7.2221E-02
  2.3443E+02  2.9171E-01  7.2290E-02
  2.3473E+02  2.9162E-01  7.2360E-02
  2.3502E+02  2.9153E-01  7.2430E-02
  2.3532E+02  2.9144E-01  7.2499E-02
  2.3562E+02  2.9135E-01  7.2569E-02
  2.3591E+02  2.9126E-01  7.2638E-02
  2.3621E+02  2.9116E-01  7.2708E-02
  2.3650E+02  2.9107E-01  7.2778E-02
  2.3680E+02  2.9098E-01  7.2847E-02
  2.3710E+02  2.9089E-01  7.2917E-02
  2.3739E+02  2.9080E-01  7.2987E-02
  2.3769E+02  2.9071E-01  7.3056E-02
  2.3798E+02  2.9062E-01  7.3125E-02
  2.3828E+02  2.9053E-01  7.3194E-02
  2.3858E+02  2.9044E-01  7.3263E-02
  2.3887E+02  2.9034E-01  7.3332E-02
  2.3917E+02  2.9025E-01  7.3400E-02
  2.3946E+02  2.9016E-01  7.3468E-02
  2.3976E+02  2.9007E-01  7.3535E-02
  2.4006E+02  2.8998E-01  7.3602E-02
  2.4035E+02  2.8989E-01  7.3669E-02
  2.4065E+02  2.8980E-01  7.3736E-02
  2.4094E+02  2.8970E-01  7.3803E-02
  2.4124E+02  2.8961E-01  7.3870E-02
  2.4154E+02  2.8952E-01  7.3937E-02
  2.4183E+02  2.8943E-01  7.4003E-02
  2.4213E+02  2.8934E-01  7.4070E-02
  2.4242E+02  2.8925E-01  7.4136E-02
  2.4272E+02  2.8916E-01  7.4202E-02
  2.4302E+02  2.8907E-01  7.4268E-02
  2.4331E+02  2.8898E-01  7.4334E-02
  2.4361E+02  2.8888E-01  7.4400E-02
  2.4390E+02  2.8879E-01  7.4466E-02
  2.4420E+02  2.8870E-01  7.4532E-02
  2.4450E+02  2.8861E-01  7.4597E-02
  2.4479E+02  2.8852E-01  7.4663E-02
  2.4509E+02  2.8843E-01  7.4729E-02
  2.4538E+02  2.8834E-01  7.4794E-02
  2.4568E+02  2.8825E-01  7.4860E-02
  2.4598E+02  2.8816E-01  7.4926E-02
  2.4627E+02  2.8807E-01  7.4991E-02
  2.4657E+02  2.8798E-01  7.5057E-02
  2.4686E+02  2.8789E-01  7.5122E-02
  2.4716E+02  2.8780E-01  7.5187E-02
  2.4746E+02  2.8771E-01  7.5252E-02
  2.4775E+02  2.8761E-01  7.5317E-02
  2.4805E+02  2.8752E-01  7.5383E-02
  2.4834E+02  2.8743E-01  7.5448E-02
  2.4864E+02  2.8734E-01  7.5513E-02
  2.4894E+02  2.8725E-01  7.5578E-02
  2.4923E+02  2.8716E-01  7.5643E-02
  2.4953E+02  2.8707E-01  7.5708E-02
  2.4982E+02  2.8698E-01  7.5773E-02
  2.5012E+02  2.8689E-01  7.5838E-02
  2.5042E+02  2.8680E-01  7.5903E-02
  2.5071E+02  2.8671E-01  7.5968E-02
  2.5101E+02  2.8662E-01  7.6033E-02
  2.5130E+02  2.8653E-01  7.6097E-02
  2.5160E+02  2.8644E-01  7.6162E-02
  2.5190E+02  2.8635E-01  7.6226E-02
  2.5219E+02  2.8626E-01  7.6291E-02
  2.5249E+02  2.8617E-01  7.6355E-02
  2.5278E+02  2.8608E-01  7.6420E-02
  2.5308E+02  2.8599E-01  7.6484E-02
  2.5338E+02  2.8590E-01  7.6548E-02
  2.5367E+02  2.8581E-01  7.6613E-02
  2.5397E+02  2.8572E-01  7.6677E-02
  2.5426E+02  2.8563E-01  7.6742E-02
  2.5456E+02  2.8554E-01  7.6806E-02
  2.5486E+02  2.8545E-01  7.6870E-02
  2.5515E+02  2.8536E-01  7.6934E-02
  2.5545E+02  2.8527E-01  7.6998E-02
  2.5574E+02  2.8518E-01  7.7062E-02
  2.5604E+02  2.8509E-01  7.7125E-02
  2.5634E+02  2.8500E-01  7.7189E-02
  2.5663E+02  2.8491E-01  7.7252E-02
  2.5693E+02  2.8482E-01  7.7316E-02
  2.5722E+02  2.8473E-01  7.7380E-02
  2.5752E+02  2.8464E-01  7.7443E-02
  2.5782E+02  2.8455E-01  7.7507E-02
  2.5811E+02  2.8446E-01  7.7570E-02
  2.5841E+02  2.8437E-01  7.7634E-02
  2.5870E+02  2.8429E-01  7.7697E-02
  2.5900E+02  2.8420E-01  7.7760E-02
  2.5930E+02  2.8411E-01  7.7823E-02
  2.5959E+02  2.8402E-01  7.7886E-02
  2.5989E+02  2.8393E-01  7.7949E-02
  2.6018E+02  2.8384E-01  7.8012E-02
  2.6048E+02  2.8375E-01  7.8075E-02
  2.6078E+02  2.8366E-01  7.8137E-02
  2.6107E+02  2.8357E-01  7.8200E-02
  2.6137E+02  2.8348E-01  7.8262E-02
  2.6166E+02  2.8339E-01  7.8324E-02
  2.6196E+02  2.8330E-01  7.8387E-02
  2.6226E+02  2.8321E-01  7.8449E-02
  2.6255E+02  2.8312E-01  7.8511E-02
  2.6285E+02  2.8303E-01  7.8573E-02
  2.6314E+02  2.8294E-01  7.8635E-02
  2.6344E+02  2.8285E-01  7.8698E-02
  2.6374E+02  2.8276E-01  7.8760E-02
  2.6403E+02  2.8267E-01  7.8822E-02
  2.6433E+02  2.8258E-01  7.8884E-02
  2.6462E+02  2.8249E-01  7.8946E-02
  2.6492E+02  2.8240E-01  7.9009E-02
  2.6522E+02  2.8231E-01  7.9071E-02
  2.6551E+02  2.8222E-01  7.9133E-02
  2.6581E+02  2.8213E-01  7.9195E-02
  2.6610E+02  2.8204E-01  7.9257E-02
  2.6640E+02  2.8195E-01  7.9319E-02
  2.6670E+02  2.8187E-01  7.9381E-02
  2.6699E+02  2.8178E-01  7.9443E-02
  2.6729E+02  2.8169E-01  7.9504E-02
  2.6758E+02  2.8160E-01  7.9566E-02
  2.6788E+02  2.8151E-01  7.9628E-02
  2.6818E+02  2.8142E-01  7.9690E-02
  2.6847E+02  2.8133E-01  7.9751E-02
  2.6877E+02  2.8124E-01  7.9813E-02
  2.6906E+02  2.8115E-01  7.9874E-02
  2.6936E+02  2.8106E-01  7.9936E-02
  2.6966E+02  2.8097E-01  7.9997E-02
  2.6995E+02  2.8088E-01  8.0058E-02
  2.7025E+02  2.8079E-01  8.0120E-02
  2.7054E+02  2.8070E-01  8.0181E-02
  2.7084E+02  2.8061E-01  8.0242E-02
  2.7114E+02  2.8052E-01  8.0304E-02
  2.7143E+02  2.8043E-01  8.0365E-02
  2.7173E+02  2.8035E-01  8.0426E-02
  2.7202E+02  2.8026E-01  8.0488E-02
  2.7232E+02  2.8017E-01  8.0549E-02
  2.7262E+02  2.8008E-01  8.0610E-02
  2.7291E+02  2.7999E-01  8.0671E-02
  2.7321E+02  2.7990E-01  8.0733E-02
  2.7350E+02  2.7981E-01  8.0794E-02
  2.7380E+02  2.7972E-01  8.0855E-02
  2.7410E+02  2.7963E-01  8.0916E-02
  2.7439E+02  2.7954E-01  8.0976E-02
  2.7469E+02  2.7945E-01  8.1037E-02
  2.7498E+02  2.7936E-01  8.1098E-02
  2.7528E+02  2.7927E-01  8.1159E-02
  2.7558E+02  2.7919E-01  8.1220E-02
  2.7587E+02  2.7910E-01  8.1280E-02
  2.7617E+02  2.7901E-01  8.1341E-02
  2.7646E+02  2.7892E-01  8.1402E-02
  2.7676E+02  2.7883E-01  8.1462E-02
  2.7706E+02  2.7874E-01  8.1523E-02
  2.7735E+02  2.7865E-01  8.1583E-02
  2.7765E+02  2.7856E-01  8.1644E-02
  2.7794E+02  2.7847E-01  8.1704E-02
  2.7824E+02  2.7838E-01  8.1764E-02
  2.7854E+02  2.7829E-01  8.1825E-02
  2.7883E+02  2.7820E-01  8.1885E-02
  2.7913E+02  2.7811E-01  8.1945E-02
  2.7942E+02  2.7802E-01  8.2005E-02
  2.7972E+02  2.7794E-01  8.2065E-02
  2.8002E+02  2.7785E-01  8.2124E-02
  2.8031E+02  2.7776E-01  8.2184E-02
  2.8061E+02  2.7767E-01  8.2244E-02
  2.8090E+02  2.7758E-01  8.2304E-02
  2.8120E+02  2.7749E-01  8.2364E-02
  2.8150E+02  2.7740E-01  8.2424E-02
  2.8179E+02  2.7731E-01  8.2484E-02
  2.8209E+02  2.7722E-01  8.2544E-02
  2.8238E+02  2.7713E-01  8.2603E-02
  2.8268E+02  2.7704E-01  8.2663E-02
  2.8298E+02  2.7695E-01  8.2723E-02
  2.8327E+02  2.7687E-01  8.2782E-02
  2.8357E+02  2.7678E-01  8.2842E-02
  2.8386E+02  2.7669E-01  8.2901E-02
  2.8416E+02  2.7660E-01  8.2960E-02
  2.8446E+02  2.7651E-01  8.3020E-02
  2.8475E+02  2.7642E-01  8.3079E-02
  2.8505E+02  2.7633E-01  8.3138E-02
  2.8534E+02  2.7624E-01  8.3197E-02
  2.8564E+02  2.7615E-01  8.3256E-02
  2.8594E+02  2.7606E-01  8.3315E-02
  2.8623E+02  2.7597E-01  8.3374E-02
  2.8653E+02  2.7588E-01  8.3433E-02
  2.8682E+02  2.7580E-01  8.3492E-02
  2.8712E+02  2.7571E-01  8.3550E-02
  2.8742E+02  2.7562E-01  8.3609E-02
  2.8771E+02  2.7553E-01  8.3668E-02
  2.8801E+02  2.7544E-01  8.3726E-02
  2.8830E+02  2.7535E-01  8.3785E-02
  2.8860E+02  2.7526E-01  8.3844E-02
  2.8890E+02  2.7517E-01  8.3902E-02
  2.8919E+02  2.7508E-01  8.3960E-02
  2.8949E+02  2.7499E-01  8.4019E-02
  2.8978E+02  2.7490E-01  8.4077E-02
  2.9008E+02  2.7481E-01  8.4135E-02
  2.9038E+02  2.7472E-01  8.4194E-02
  2.9067E+02  2.7464E-01  8.4252E-02
  2.9097E+02  2.7455E-01  8.4310E-02
  2.9126E+02  2.7446E-01  8.4368E-02
  2.9156E+02  2.7437E-01  8.4426E-02
  2.9186E+02  2.7428E-01  8.4484E-02
  2.9215E+02  2.7419E-01  8.4542E-02
  2.9245E+02  2.7410E-01  8.4600E-02
  2.9274E+02  2.7401E-01  8.4658E-02
  2.9304E+02  2.7392E-01  8.4716E-02
  2.9334E+02  2.7383E-01  8.4774E-02
  2.9363E+02  2.7374E-01  8.4831E-02
  2.9393E+02  2.7365E-01  8.4889E-02
  2.9422E+02  2.7356E-01  8.4947E-02
  2.9452E+02  2.7348E-01  8.5004E-02
  2.9482E+02  2.7339E-01  8.5062E-02
  2.9511E+02  2.7330E-01  8.5119E-02
  2.9541E+02  2.7321E-01  8.5177E-02
  2.9570E+02  2.7312E-01  8.5234E-02
  2.9600E+02  2.7303E-01  8.5291E-02
  2.9630E+02  2.7294E-01  8.5349E-02
  2.9659E+02  2.7285E-01  8.5406E-02
  2.9689E+02  2.7276E-01  8.5463E-02
  2.9718E+02  2.7267E-01  8.5520E-02
  2.9748E+02  2.7258E-01  8.5577E-02
  2.9778E+02  2.7249E-01  8.5634E-02
  2.9807E+02  2.7240E-01  8.5691E-02
  2.9837E+02  2.7231E-01  8.5748E-02
  2.9866E+02  2.7222E-01  8.5805E-02
  2.9896E+02  2.7214E-01  8.5862E-02
  2.9926E+02  2.7205E-01  8.5919E-02
  2.9955E+02  2.7196E-01  8.5975E-02
  2.9985E+02  2.7187E-01  8.6032E-02
  3.0014E+02  2.7178E-01  8.6089E-02
  3.0044E+02  2.7169E-01  8.6145E-02
  3.0074E+02  2.7160E-01  8.6202E-02
  3.0103E+02  2.7151E-01  8.6259E-02
  3.0133E+02  2.7142E-01  8.6315E-02
  3.0162E+02  2.7133E-01  8.6371E-02
  3.0192E+02  2.7124E-01  8.6428E-02
  3.0222E+02  2.7115E-01  8.6484E-02
  3.0251E+02  2.7106E-01  8.6540E-02
  3.0281E+02  2.7097E-01  8.6597E-02
  3.0310E+02  2.7088E-01  8.6653E-02
  3.0340E+02  2.7079E-01  8.6709E-02
  3.0370E+02  2.7071E-01  8.6765E-02
  3.0399E+02  2.7062E-01  8.6821E-02
  3.0429E+02  2.7053E-01  8.6877E-02
  3.0458E+02  2.7044E-01  8.6933E-02
  3.0488E+02  2.7035E-01  8.6989E-02
  3.0518E+02  2.7026E-01  8.7045E-02
  3.0547E+02  2.7017E-01  8.7100E-02
  3.0577E+02  2.7008E-01  8.7156E-02
  3.0606E+02  2.6999E-01  8.7212E-02
  3.0636E+02  2.6990E-01  8.7267E-02
  3.0666E+02  2.6981E-01  8.7323E-02
  3.0695E+02  2.6972E-01  8.7379E-02
  3.0725E+02  2.6963E-01  8.7434E-02
  3.0754E+02  2.6954E-01  8.7489E-02
  3.0784E+02  2.6945E-01  8.7545E-02
  3.0814E+02  2.6936E-01  8.7600E-02
  3.0843E+02  2.6927E-01  8.7655E-02
  3.0873E+02  2.6918E-01  8.7711E-02
  3.0902E+02  2.6909E-01  8.7766E-02
  3.0932E+02  2.6900E-01  8.7821E-02
  3.0962E+02  2.6891E-01  8.7876E-02
  3.0991E+02  2.6883E-01  8.7931E-02
  3.1021E+02  2.6874E-01  8.7986E-02
  3.1050E+02  2.6865E-01  8.8041E-02
  3.1080E+02  2.6856E-01  8.8095E-02
  3.1110E+02  2.6847E-01  8.8150E-02
  3.1139E+02  2.6838E-01  8.8205E-02
  3.1169E+02  2.6829E-01  8.8260E-02
  3.1198E+02  2.6820E-01  8.8314E-02
  3.1228E+02  2.6811E-01  8.8369E-02
  3.1258E+02  2.6802E-01  8.8423E-02
  3.1287E+02  2.6793E-01  8.8478E-02
  3.1317E+02  2.6784E-01  8.8532E-02
  3.1346E+02  2.6775E-01  8.8587E-02
  3.1376E+02  2.6766E-01  8.8641E-02
  3.1406E+02  2.6757E-01  8.8695E-02
  3.1435E+02  2.6748E-01  8.8749E-02
  3.1465E+02  2.6739E-01  8.8804E-02
  3.1494E+02  2.6730E-01  8.8858E-02
  3.1524E+02  2.6721E-01  8.8912E-02
  3.1554E+02  2.6712E-01  8.8966E-02
  3.1583E+02  2.6703E-01  8.9020E-02
  3.1613E+02  2.6694E-01  8.9074E-02
  3.1642E+02  2.6685E-01  8.9127E-02
  3.1672E+02  2.6677E-01  8.9181E-02
  3.1702E+02  2.6668E-01  8.9235E-02
  3.1731E+02  2.6659E-01  8.9289E-02
  3.1761E+02  2.6650E-01  8.9342E-02
  3.1790E+02  2.6641E-01  8.9396E-02
  3.1820E+02  2.6632E-01  8.9449E-02
  3.1850E+02  2.6623E-01  8.9503E-02
  3.1879E+02  2.6614E-01  8.9556E-02
  3.1909E+02  2.6605E-01  8.9610E-02
  3.1938E+02  2.6596E-01  8.9663E-02
  3.1968E+02  2.6587E-01  8.9716E-02
  3.1998E+02  2.6578E-01  8.9769E-02
  3.2027E+02  2.6569E-01  8.9823E-02
  3.2057E+02  2.6560E-01  8.9876E-02
  3.2086E+02  2.6551E-01  8.9929E-02
  3.2116E+02  2.6542E-01  8.9982E-02
  3.2146E+02  2.6533E-01  9.0035E-02
  3.2175E+02  2.6524E-01  9.0088E-02
  3.2205E+02  2.6515E-01  9.0140E-02
  3.2234E+02  2.6506E-01  9.0193E-02
  3.2264E+02  2.6497E-01  9.0246E-02
  3.2294E+02  2.6488E-01  9.0299E-02
  3.2323E+02  2.6479E-01  9.0351E-02
  3.2353E+02  2.6470E-01  9.0404E-02
  3.2382E+02  2.6461E-01  9.0456E-02
  3.2412E+02  2.6452E-01  9.0509E-02
  3.2442E+02  2.6444E-01  9.0561E-02
  3.2471E+02  2.6435E-01  9.0614E-02
  3.2501E+02  2.6426E-01  9.0666E-02
  3.2530E+02  2.6417E-01  9.0718E-02
  3.2560E+02  2.6408E-01  9.0770E-02
  3.2590E+02  2.6399E-01  9.0822E-02
  3.2619E+02  2.6390E-01  9.0875E-02
  3.2649E+02  2.6381E-01  9.0927E-02
  3.2678E+02  2.6372E-01  9.0979E-02
  3.2708E+02  2.6363E-01  9.1031E-02
  3.2738E+02  2.6354E-01  9.1082E-02
  3.2767E+02  2.6345E-01  9.1134E-02
  3.2797E+02  2.6336E-01  9.1186E-02
  3.2826E+02  2.6327E-01  9.1238E-02
  3.2856E+02  2.6318E-01  9.1289E-02
  3.2886E+02  2.6309E-01  9.1341E-02
  3.2915E+02  2.6300E-01  9.1393E-02
  3.2945E+02  2.6291E-01  9.1444E-02
  3.2974E+02  2.6282E-01  9.1496E-02
  3.3004E+02  2.6273E-01  9.1547E-02
  3.3034E+02  2.6264E-01  9.1599E-02
  3.3063E+02  2.6255E-01  9.1650E-02
  3.3093E+02  2.6246E-01  9.1702E-02
  3.3122E+02  2.6237E-01  9.1753E-02
  3.3152E+02  2.6229E-01  9.1804E-02
  3.3182E+02  2.6220E-01  9.1855E-02
  3.3211E+02  2.6211E-01  9.1907E-02
  3.3241E+02  2.6202E-01  9.1958E-02
  3.3270E+02  2.6193E-01  9.2009E-02
  3.3300E+02  2.6184E-01  9.2060E-02
  3.3330E+02  2.6175E-01  9.2111E-02
  3.3359E+02  2.6166E-01  9.2162E-02
  3.3389E+02  2.6157E-01  9.2212E-02
  3.3418E+02  2.6148E-01  9.2263E-02
  3.3448E+02  2.6139E-01  9.2314E-02
  3.3478E+02  2.6130E-01  9.2365E-02
  3.3507E+02  2.6121E-01  9.2415E-02
  3.3537E+02  2.6112E-01  9.2466E-02
  3.3566E+02  2.6103E-01  9.2516E-02
  3.3596E+02  2.6094E-01  9.2567E-02
  3.3626E+02  2.6085E-01  9.2617E-02
  3.3655E+02  2.6076E-01  9.2668E-02
  3.3685E+02  2.6067E-01  9.2718E-02
  3.3714E+02  2.6059E-01  9.2769E-02
  3.3744E+02  2.6050E-01  9.2819E-02
  3.3774E+02  2.6041E-01  9.2869E-02
  3.3803E+02  2.6032E-01  9.2919E-02
  3.3833E+02  2.6023E-01  9.2970E-02
  3.3862E+02  2.6014E-01  9.3020E-02
  3.3892E+02  2.6005E-01  9.3070E-02
  3.3922E+02  2.5996E-01  9.3120E-02
  3.3951E+02  2.5987E-01  9.3170E-02
  3.3981E+02  2.5978E-01  9.3220E-02
  3.4010E+02  2.5969E-01  9.3270E-02
  3.4040E+02  2.5960E-01  9.3320E-02
  3.4070E+02  2.5951E-01  9.3369E-02
  3.4099E+02  2.5942E-01  9.3419E-02
  3.4129E+02  2.5933E-01  9.3469E-02
  3.4158E+02  2.5924E-01  9.3519E-02
  3.4188E+02  2.5916E-01  9.3568E-02
  3.4218E+02  2.5907E-01  9.3618E-02
  3.4247E+02  2.5898E-01  9.3667E-02
  3.4277E+02  2.5889E-01  9.3717E-02
  3.4306E+02  2.5880E-01  9.3766E-02
  3.4336E+02  2.5871E-01  9.3816E-02
  3.4366E+02  2.5862E-01  9.3865E-02
  3.4395E+02  2.5853E-01  9.3915E-02
  3.4425E+02  2.5844E-01  9.3964E-02
  3.4454E+02  2.5835E-01  9.4013E-02
  3.4484E+02  2.5826E-01  9.4062E-02
  3.4514E+02  2.5817E-01  9.4112E-02
  3.4543E+02  2.5808E-01  9.4161E-02
  3.4573E+02  2.5800E-01  9.4210E-02
  3.4602E+02  2.5791E-01  9.4259E-02
  3.4632E+02  2.5782E-01  9.4308E-02
  3.4662E+02  2.5773E-01  9.4357E-02
  3.4691E+02  2.5764E-01  9.4406E-02
  3.4721E+02  2.5755E-01  9.4455E-02
  3.4750E+02  2.5746E-01  9.4503E-02
  3.4780E+02  2.5737E-01  9.4552E-02
  3.4810E+02  2.5728E-01  9.4601E-02
  3.4839E+02  2.5719E-01  9.4650E-02
  3.4869E+02  2.5710E-01  9.4698E-02
  3.4898E+02  2.5702E-01  9.4747E-02
  3.4928E+02  2.5693E-01  9.4795E-02
  3.4958E+02  2.5684E-01  9.4844E-02
  3.4987E+02  2.5675E-01  9.4892E-02
  3.5017E+02  2.5666E-01  9.4941E-02
  3.5046E+02  2.5657E-01  9.4989E-02
  3.5076E+02  2.5648E-01  9.5037E-02
  3.5106E+02  2.5639E-01  9.5086E-02
  3.5135E+02  2.5630E-01  9.5134E-02
  3.5165E+02  2.5621E-01  9.5182E-02
  3.5194E+02  2.5613E-01  9.5230E-02
  3.5224E+02  2.5604E-01  9.5279E-02
  3.5254E+02  2.5595E-01  9.5327E-02
  3.5283E+02  2.5586E-01  9.5375E-02
  3.5313E+02  2.5577E-01  9.5423E-02
  3.5342E+02  2.5568E-01  9.5471E-02
  3.5372E+02  2.5559E-01  9.5519E-02
  3.5402E+02  2.5550E-01  9.5566E-02
  3.5431E+02  2.5541E-01  9.5614E-02
  3.5461E+02  2.5533E-01  9.5662E-02
  3.5490E+02  2.5524E-01  9.5710E-02
  3.5520E+02  2.5515E-01  9.5757E-02
  3.5550E+02  2.5506E-01  9.5805E-02
  3.5579E+02  2.5497E-01  9.5853E-02
  3.5609E+02  2.5488E-01  9.5900E-02
  3.5638E+02  2.5479E-01  9.5948E-02
  3.5668E+02  2.5470E-01  9.5995E-02
  3.5698E+02  2.5462E-01  9.6043E-02
  3.5727E+02  2.5453E-01  9.6090E-02
  3.5757E+02  2.5444E-01  9.6137E-02
  3.5786E+02  2.5435E-01  9.6185E-02
  3.5816E+02  2.5426E-01  9.6232E-02
  3.5846E+02  2.5417E-01  9.6279E-02
  3.5875E+02  2.5408E-01  9.6326E-02
  3.5905E+02  2.5400E-01  9.6373E-02
  3.5934E+02  2.5391E-01  9.6421E-02
  3.5964E+02  2.5382E-01  9.6468E-02
  3.5994E+02  2.5373E-01  9.6515E-02
  3.6023E+02  2.5364E-01  9.6562E-02
  3.6053E+02  2.5355E-01  9.6608E-02
  3.6082E+02  2.5346E-01  9.6655E-02
  3.6112E+02  2.5338E-01  9.6702E-02
  3.6142E+02  2.5329E-01  9.6749E-02
  3.6171E+02  2.5320E-01  9.6796E-02
  3.6201E+02  2.5311E-01  9.6842E-02
  3.6230E+02  2.5302E-01  9.6889E-02
  3.6260E+02  2.5293E-01  9.6935E-02
  3.6290E+02  2.5285E-01  9.6982E-02
  3.6319E+02  2.5276E-01  9.7029E-02
  3.6349E+02  2.5267E-01  9.7075E-02
  3.6378E+02  2.5258E-01  9.7121E-02
  3.6408E+02  2.5249E-01  9.7168E-02
  3.6438E+02  2.5240E-01  9.7214E-02
  3.6467E+02  2.5232E-01  9.7260E-02
  3.6497E+02  2.5223E-01  9.7307E-02
  3.6526E+02  2.5214E-01  9.7353E-02
  3.6556E+02  2.5205E-01  9.7399E-02
  3.6586E+02  2.5196E-01  9.7445E-02
  3.6615E+02  2.5187E-01  9.7491E-02
  3.6645E+02  2.5179E-01  9.7537E-02
  3.6674E+02  2.5170E-01  9.7583E-02
  3.6704E+02  2.5161E-01  9.7629E-02
  3.6734E+02  2.5152E-01  9.7675E-02
  3.6763E+02  2.5143E-01  9.7721E-02
  3.6793E+02  2.5134E-01  9.7767E-02
  3.6822E+02  2.5126E-01  9.7812E-02
  3.6852E+02  2.5117E-01  9.7858E-02
  3.6882E+02  2.5108E-01  9.7904E-02
  3.6911E+02  2.5099E-01  9.7949E-02
  3.6941E+02  2.5090E-01  9.7995E-02
  3.6970E+02  2.5082E-01  9.8040E-02
  3.7000E+02  2.5073E-01  9.8086E-02
  3.7030E+02  2.5064E-01  9.8131E-02
  3.7059E+02  2.5055E-01  9.8177E-02
  3.7089E+02  2.5046E-01  9.8222E-02
  3.7118E+02  2.5038E-01  9.8267E-02
  3.7148E+02  2.5029E-01  9.8313E-02
  3.7178E+02  2.5020E-01  9.8358E-02
  3.7207E+02  2.5011E-01  9.8403E-02
  3.7237E+02  2.5002E-01  9.8448E-02
  3.7266E+02  2.4994E-01  9.8493E-02
  3.7296E+02  2.4985E-01  9.8538E-02
  3.7326E+02  2.4976E-01  9.8583E-02
  3.7355E+02  2.4967E-01  9.8628E-02
  3.7385E+02  2.4958E-01  9.8673E-02
  3.7414E+02  2.4950E-01  9.8718E-02
  3.7444E+02  2.4941E-01  9.8763E-02
  3.7474E+02  2.4932E-01  9.8808E-02
  3.7503E+02  2.4923E-01  9.8853E-02
  3.7533E+02  2.4915E-01  9.8897E-02
  3.7562E+02  2.4906E-01  9.8942E-02
  3.7592E+02  2.4897E-01  9.8987E-02
  3.7622E+02  2.4888E-01  9.9031E-02
  3.7651E+02  2.4879E-01  9.9076E-02
  3.7681E+02  2.4871E-01  9.9120E-02
  3.7710E+02  2.4862E-01  9.9165E-02
  3.7740E+02  2.4853E-01  9.9209E-02
  3.7770E+02  2.4844E-01  9.9253E-02
  3.7799E+02  2.4836E-01  9.9298E-02
  3.7829E+02  2.4827E-01  9.9342E-02
  3.7858E+02  2.4818E-01  9.9386E-02
  3.7888E+02  2.4809E-01  9.9430E-02
  3.7918E+02  2.4801E-01  9.9475E-02
  3.7947E+02  2.4792E-01  9.9519E-02
  3.7977E+02  2.4783E-01  9.9563E-02
  3.8006E+02  2.4774E-01  9.9607E-02
  3.8036E+02  2.4766E-01  9.9651E-02
  3.8066E+02  2.4757E-01  9.9695E-02
  3.8095E+02  2.4748E-01  9.9738E-02
  3.8125E+02  2.4739E-01  9.9782E-02
  3.8154E+02  2.4731E-01  9.9826E-02
  3.8184E+02  2.4722E-01  9.9870E-02
  3.8214E+02  2.4713E-01  9.9914E-02
  3.8243E+02  2.4704E-01  9.9957E-02
  3.8273E+02  2.4696E-01  1.0000E-01
  3.8302E+02  2.4687E-01  1.0004E-01
  3.8332E+02  2.4678E-01  1.0009E-01
  3.8362E+02  2.4669E-01  1.0013E-01
  3.8391E+02  2.4661E-01  1.0017E-01
  3.8421E+02  2.4652E-01  1.0022E-01
  3.8450E+02  2.4643E-01  1.0026E-01
  3.8480E+02  2.4634E-01  1.0030E-01
  3.8510E+02  2.4626E-01  1.0035E-01
  3.8539E+02  2.4617E-01  1.0039E-01
  3.8569E+02  2.4608E-01  1.0043E-01
  3.8598E+02  2.4599E-01  1.0048E-01
  3.8628E+02  2.4591E-01  1.0052E-01
  3.8658E+02  2.4582E-01  1.0056E-01
  3.8687E+02  2.4573E-01  1.0061E-01
  3.8717E+02  2.4565E-01  1.0065E-01
  3.8746E+02  2.4556E-01  1.0069E-01
  3.8776E+02  2.4547E-01  1.0074E-01
  3.8806E+02  2.4538E-01  1.0078E-01
  3.8835E+02  2.4530E-01  1.0082E-01
  3.8865E+02  2.4521E-01  1.0086E-01
  3.8894E+02  2.4512E-01  1.0091E-01
  3.8924E+02  2.4504E-01  1.0095E-01
  3.8954E+02  2.4495E-01  1.0099E-01
  3.8983E+02  2.4486E-01  1.0103E-01
  3.9013E+02  2.4477E-01  1.0108E-01
  3.9042E+02  2.4469E-01  1.0112E-01
  3.9072E+02  2.4460E-01  1.0116E-01
  3.9102E+02  2.4451E-01  1.0120E-01
  3.9131E+02  2.4443E-01  1.0125E-01
  3.9161E+02  2.4434E-01  1.0129E-01
  3.9190E+02  2.4425E-01  1.0133E-01
  3.9220E+02  2.4416E-01  1.0137E-01
  3.9250E+02  2.4408E-01  1.0142E-01
  3.9279E+02  2.4399E-01  1.0146E-01
  3.9309E+02  2.4390E-01  1.0150E-01
  3.9338E+02  2.4382E-01  1.0154E-01
  3.9368E+02  2.4373E-01  1.0158E-01
  3.9398E+02  2.4364E-01  1.0163E-01
  3.9427E+02  2.4356E-01  1.0167E-01
  3.9457E+02  2.4347E-01  1.0171E-01
  3.9486E+02  2.4338E-01  1.0175E-01
  3.9516E+02  2.4329E-01  1.0179E-01
  3.9546E+02  2.4321E-01  1.0184E-01
  3.9575E+02  2.4312E-01  1.0188E-01
  3.9605E+02  2.4303E-01  1.0192E-01
  3.9634E+02  2.4295E-01  1.0196E-01
  3.9664E+02  2.4286E-01  1.0200E-01
  3.9694E+02  2.4277E-01  1.0204E-01
  3.9723E+02  2.4269E-01  1.0209E-01
  3.9753E+02  2.4260E-01  1.0213E-01
  3.9782E+02  2.4251E-01  1.0217E-01
  3.9812E+02  2.4243E-01  1.0221E-01
  3.9842E+02  2.4234E-01  1.0225E-01
  3.9871E+02  2.4225E-01  1.0229E-01
  3.9901E+02  2.4217E-01  1.0233E-01
  3.9930E+02  2.4208E-01  1.0237E-01
  3.9960E+02  2.4199E-01  1.0242E-01
  3.9990E+02  2.4191E-01  1.0246E-01
  4.0019E+02  2.4182E-01  1.0250E-01
  4.0049E+02  2.4173E-01  1.0254E-01
  4.0078E+02  2.4165E-01  1.0258E-01
  4.0108E+02  2.4156E-01  1.0262E-01
  4.0138E+02  2.4147E-01  1.0266E-01
  4.0167E+02  2.4139E-01  1.0270E-01
  4.0197E+02  2.4130E-01  1.0274E-01
  4.0226E+02  2.4121E-01  1.0278E-01
  4.0256E+02  2.4113E-01  1.0283E-01
  4.0286E+02  2.4104E-01  1.0287E-01
  4.0315E+02  2.4095E-01  1.0291E-01
  4.0345E+02  2.4087E-01  1.0295E-01
  4.0374E+02  2.4078E-01  1.0299E-01
  4.0404E+02  2.4069E-01  1.0303E-01
  4.0434E+02  2.4061E-01  1.0307E-01
  4.0463E+02  2.4052E-01  1.0311E-01
  4.0493E+02  2.4043E-01  1.0315E-01
  4.0522E+02  2.4035E-01  1.0319E-01
  4.0552E+02  2.4026E-01  1.0323E-01
  4.0582E+02  2.4017E-01  1.0327E-01
  4.0611E+02  2.4009E-01  1.0331E-01
  4.0641E+02  2.4000E-01  1.0335E-01
  4.0670E+02  2.3991E-01  1.0339E-01
  4.0700E+02  2.3983E-01  1.0343E-01
  4.0730E+02  2.3974E-01  1.0347E-01
  4.0759E+02  2.3966E-01  1.0351E-01
  4.0789E+02  2.3957E-01  1.0355E-01
  4.0818E+02  2.3948E-01  1.0359E-01
  4.0848E+02  2.3940E-01  1.0363E-01
  4.0878E+02  2.3931E-01  1.0367E-01
  4.0907E+02  2.3922E-01  1.0371E-01
  4.0937E+02  2.3914E-01  1.0375E-01
  4.0966E+02  2.3905E-01  1.0379E-01
  4.0996E+02  2.3896E-01  1.0383E-01
  4.1026E+02  2.3888E-01  1.0387E-01
  4.1055E+02  2.3879E-01  1.0391E-01
  4.1085E+02  2.3871E-01  1.0395E-01
  4.1114E+02  2.3862E-01  1.0399E-01
  4.1144E+02  2.3853E-01  1.0403E-01
  4.1174E+02  2.3845E-01  1.0407E-01
  4.1203E+02  2.3836E-01  1.0411E-01
  4.1233E+02  2.3827E-01  1.0415E-01
  4.1262E+02  2.3819E-01  1.0419E-01
  4.1292E+02  2.3810E-01  1.0423E-01
  4.1322E+02  2.3802E-01  1.0426E-01
  4.1351E+02  2.3793E-01  1.0430E-01
  4.1381E+02  2.3784E-01  1.0434E-01
  4.1410E+02  2.3776E-01  1.0438E-01
  4.1440E+02  2.3767E-01  1.0442E-01
  4.1470E+02  2.3758E-01  1.0446E-01
  4.1499E+02  2.3750E-01  1.0450E-01
  4.1529E+02  2.3741E-01  1.0454E-01
  4.1558E+02  2.3733E-01  1.0458E-01
  4.1588E+02  2.3724E-01  1.0462E-01
  4.1618E+02  2.3715E-01  1.0465E-01
  4.1647E+02  2.3707E-01  1.0469E-01
  4.1677E+02  2.3698E-01  1.0473E-01
  4.1706E+02  2.3690E-01  1.0477E-01
  4.1736E+02  2.3681E-01  1.0481E-01
  4.1766E+02  2.3672E-01  1.0485E-01
  4.1795E+02  2.3664E-01  1.0489E-01
  4.1825E+02  2.3655E-01  1.0492E-01
  4.1854E+02  2.3647E-01  1.0496E-01
  4.1884E+02  2.3638E-01  1.0500E-01
  4.1914E+02  2.3629E-01  1.0504E-01
  4.1943E+02  2.3621E-01  1.0508E-01
  4.1973E+02  2.3612E-01  1.0512E-01
  4.2002E+02  2.3604E-01  1.0516E-01
  4.2032E+02  2.3595E-01  1.0519E-01
  4.2062E+02  2.3586E-01  1.0523E-01
  4.2091E+02  2.3578E-01  1.0527E-01
  4.2121E+02  2.3569E-01  1.0531E-01
  4.2150E+02  2.3561E-01  1.0535E-01
  4.2180E+02  2.3552E-01  1.0538E-01
  4.2210E+02  2.3543E-01  1.0542E-01
  4.2239E+02  2.3535E-01  1.0546E-01
  4.2269E+02  2.3526E-01  1.0550E-01
  4.2298E+02  2.3518E-01  1.0554E-01
  4.2328E+02  2.3509E-01  1.0557E-01
  4.2358E+02  2.3500E-01  1.0561E-01
  4.2387E+02  2.3492E-01  1.0565E-01
  4.2417E+02  2.3483E-01  1.0569E-01
  4.2446E+02  2.3475E-01  1.0572E-01
  4.2476E+02  2.3466E-01  1.0576E-01
  4.2506E+02  2.3458E-01  1.0580E-01
  4.2535E+02  2.3449E-01  1.0584E-01
  4.2565E+02  2.3440E-01  1.0587E-01
  4.2594E+02  2.3432E-01  1.0591E-01
  4.2624E+02  2.3423E-01  1.0595E-01
  4.2654E+02  2.3415E-01  1.0599E-01
  4.2683E+02  2.3406E-01  1.0602E-01
  4.2713E+02  2.3398E-01  1.0606E-01
  4.2742E+02  2.3389E-01  1.0610E-01
  4.2772E+02  2.3380E-01  1.0614E-01
  4.2802E+02  2.3372E-01  1.0617E-01
  4.2831E+02  2.3363E-01  1.0621E-01
  4.2861E+02  2.3355E-01  1.0625E-01
  4.2890E+02  2.3346E-01  1.0628E-01
  4.2920E+02  2.3338E-01  1.0632E-01
  4.2950E+02  2.3329E-01  1.0636E-01
  4.2979E+02  2.3321E-01  1.0639E-01
  4.3009E+02  2.3312E-01  1.0643E-01
  4.3038E+02  2.3303E-01  1.0647E-01
  4.3068E+02  2.3295E-01  1.0650E-01
  4.3098E+02  2.3286E-01  1.0654E-01
  4.3127E+02  2.3278E-01  1.0658E-01
  4.3157E+02  2.3269E-01  1.0661E-01
  4.3186E+02  2.3261E-01  1.0665E-01
  4.3216E+02  2.3252E-01  1.0669E-01
  4.3246E+02  2.3244E-01  1.0672E-01
  4.3275E+02  2.3235E-01  1.0676E-01
  4.3305E+02  2.3226E-01  1.0680E-01
  4.3334E+02  2.3218E-01  1.0683E-01
  4.3364E+02  2.3209E-01  1.0687E-01
  4.3394E+02  2.3201E-01  1.0691E-01
  4.3423E+02  2.3192E-01  1.0694E-01
  4.3453E+02  2.3184E-01  1.0698E-01
  4.3482E+02  2.3175E-01  1.0702E-01
  4.3512E+02  2.3167E-01  1.0705E-01
  4.3542E+02  2.3158E-01  1.0709E-01
  4.3571E+02  2.3150E-01  1.0712E-01
  4.3601E+02  2.3141E-01  1.0716E-01
  4.3630E+02  2.3133E-01  1.0720E-01
  4.3660E+02  2.3124E-01  1.0723E-01
  4.3690E+02  2.3116E-01  1.0727E-01
  4.3719E+02  2.3107E-01  1.0730E-01
  4.3749E+02  2.3098E-01  1.0734E-01
  4.3778E+02  2.3090E-01  1.0737E-01
  4.3808E+02  2.3081E-01  1.0741E-01
  4.3838E+02  2.3073E-01  1.0745E-01
  4.3867E+02  2.3064E-01  1.0748E-01
  4.3897E+02  2.3056E-01  1.0752E-01
  4.3926E+02  2.3047E-01  1.0755E-01
  4.3956E+02  2.3039E-01  1.0759E-01
  4.3986E+02  2.3030E-01  1.0762E-01
  4.4015E+02  2.3022E-01  1.0766E-01
  4.4045E+02  2.3013E-01  1.0770E-01
  4.4074E+02  2.3005E-01  1.0773E-01
  4.4104E+02  2.2996E-01  1.0777E-01
  4.4134E+02  2.2988E-01  1.0780E-01
  4.4163E+02  2.2979E-01  1.0784E-01
  4.4193E+02  2.2971E-01  1.0787E-01
  4.4222E+02  2.2962E-01  1.0791E-01
  4.4252E+02  2.2954E-01  1.0794E-01
  4.4282E+02  2.2945E-01  1.0798E-01
  4.4311E+02  2.2937E-01  1.0801E-01
  4.4341E+02  2.2928E-01  1.0805E-01
  4.4370E+02  2.2920E-01  1.0808E-01
  4.4400E+02  2.2911E-01  1.0812E-01
  4.4430E+02  2.2903E-01  1.0815E-01
  4.4459E+02  2.2894E-01  1.0819E-01
  4.4489E+02  2.2886E-01  1.0822E-01
  4.4518E+02  2.2877E-01  1.0826E-01
  4.4548E+02  2.2869E-01  1.0829E-01
  4.4578E+02  2.2860E-01  1.0833E-01
  4.4607E+02  2.2852E-01  1.0836E-01
  4.4637E+02  2.2843E-01  1.0839E-01
  4.4666E+02  2.2835E-01  1.0843E-01
  4.4696E+02  2.2826E-01  1.0846E-01
  4.4726E+02  2.2818E-01  1.0850E-01
  4.4755E+02  2.2809E-01  1.0853E-01
  4.4785E+02  2.2801E-01  1.0857E-01
  4.4814E+02  2.2793E-01  1.0860E-01
  4.4844E+02  2.2784E-01  1.0864E-01
  4.4874E+02  2.2776E-01  1.0867E-01
  4.4903E+02  2.2767E-01  1.0870E-01
  4.4933E+02  2.2759E-01  1.0874E-01
  4.4962E+02  2.2750E-01  1.0877E-01
  4.4992E+02  2.2742E-01  1.0881E-01
  4.5022E+02  2.2733E-01  1.0884E-01
  4.5051E+02  2.2725E-01  1.0888E-01
  4.5081E+02  2.2716E-01  1.0891E-01
  4.5110E+02  2.2708E-01  1.0894E-01
  4.5140E+02  2.2699E-01  1.0898E-01
  4.5170E+02  2.2691E-01  1.0901E-01
  4.5199E+02  2.2683E-01  1.0905E-01
  4.5229E+02  2.2674E-01  1.0908E-01
  4.5258E+02  2.2666E-01  1.0911E-01
  4.5288E+02  2.2657E-01  1.0915E-01
  4.5318E+02  2.2649E-01  1.0918E-01
  4.5347E+02  2.2640E-01  1.0921E-01
  4.5377E+02  2.2632E-01  1.0925E-01
  4.5406E+02  2.2623E-01  1.0928E-01
  4.5436E+02  2.2615E-01  1.0931E-01
  4.5466E+02  2.2606E-01  1.0935E-01
  4.5495E+02  2.2598E-01  1.0938E-01
  4.5525E+02  2.2590E-01  1.0941E-01
  4.5554E+02  2.2581E-01  1.0945E-01
  4.5584E+02  2.2573E-01  1.0948E-01
  4.5614E+02  2.2564E-01  1.0952E-01
  4.5643E+02  2.2556E-01  1.0955E-01
  4.5673E+02  2.2547E-01  1.0958E-01
  4.5702E+02  2.2539E-01  1.0961E-01
  4.5732E+02  2.2531E-01  1.0965E-01
  4.5762E+02  2.2522E-01  1.0968E-01
  4.5791E+02  2.2514E-01  1.0971E-01
  4.5821E+02  2.2505E-01  1.0975E-01
  4.5850E+02  2.2497E-01  1.0978E-01
  4.5880E+02  2.2488E-01  1.0981E-01
  4.5910E+02  2.2480E-01  1.0985E-01
  4.5939E+02  2.2472E-01  1.0988E-01
  4.5969E+02  2.2463E-01  1.0991E-01
  4.5998E+02  2.2455E-01  1.0994E-01
  4.6028E+02  2.2446E-01  1.0998E-01
  4.6058E+02  2.2438E-01  1.1001E-01
  4.6087E+02  2.2430E-01  1.1004E-01
  4.6117E+02  2.2421E-01  1.1008E-01
  4.6146E+02  2.2413E-01  1.1011E-01
  4.6176E+02  2.2404E-01  1.1014E-01
  4.6206E+02  2.2396E-01  1.1017E-01
  4.6235E+02  2.2387E-01  1.1021E-01
  4.6265E+02  2.2379E-01  1.1024E-01
  4.6294E+02  2.2371E-01  1.1027E-01
  4.6324E+02  2.2362E-01  1.1030E-01
  4.6354E+02  2.2354E-01  1.1034E-01
  4.6383E+02  2.2345E-01  1.1037E-01
  4.6413E+02  2.2337E-01  1.1040E-01
  4.6442E+02  2.2329E-01  1.1043E-01
  4.6472E+02  2.2320E-01  1.1046E-01
  4.6502E+02  2.2312E-01  1.1050E-01
  4.6531E+02  2.2304E-01  1.1053E-01
  4.6561E+02  2.2295E-01  1.1056E-01
  4.6590E+02  2.2287E-01  1.1059E-01
  4.6620E+02  2.2278E-01  1.1062E-01
  4.6650E+02  2.2270E-01  1.1066E-01
  4.6679E+02  2.2262E-01  1.1069E-01
  4.6709E+02  2.2253E-01  1.1072E-01
  4.6738E+02  2.2245E-01  1.1075E-01
  4.6768E+02  2.2236E-01  1.1078E-01
  4.6798E+02  2.2228E-01  1.1082E-01
  4.6827E+02  2.2220E-01  1.1085E-01
  4.6857E+02  2.2211E-01  1.1088E-01
  4.6886E+02  2.2203E-01  1.1091E-01
  4.6916E+02  2.2195E-01  1.1094E-01
  4.6946E+02  2.2186E-01  1.1097E-01
  4.6975E+02  2.2178E-01  1.1101E-01
  4.7005E+02  2.2170E-01  1.1104E-01
  4.7034E+02  2.2161E-01  1.1107E-01
  4.7064E+02  2.2153E-01  1.1110E-01
  4.7094E+02  2.2144E-01  1.1113E-01
  4.7123E+02  2.2136E-01  1.1116E-01
  4.7153E+02  2.2128E-01  1.1119E-01
  4.7182E+02  2.2119E-01  1.1123E-01
  4.7212E+02  2.2111E-01  1.1126E-01
  4.7242E+02  2.2103E-01  1.1129E-01
  4.7271E+02  2.2094E-01  1.1132E-01
  4.7301E+02  2.2086E-01  1.1135E-01
  4.7330E+02  2.2078E-01  1.1138E-01
  4.7360E+02  2.2069E-01  1.1141E-01
  4.7390E+02  2.2061E-01  1.1144E-01
  4.7419E+02  2.2053E-01  1.1147E-01
  4.7449E+02  2.2044E-01  1.1151E-01
  4.7478E+02  2.2036E-01  1.1154E-01
  4.7508E+02  2.2028E-01  1.1157E-01
  4.7538E+02  2.2019E-01  1.1160E-01
  4.7567E+02  2.2011E-01  1.1163E-01
  4.7597E+02  2.2003E-01  1.1166E-01
  4.7626E+02  2.1994E-01  1.1169E-01
  4.7656E+02  2.1986E-01  1.1172E-01
  4.7686E+02  2.1978E-01  1.1175E-01
  4.7715E+02  2.1969E-01  1.1178E-01
  4.7745E+02  2.1961E-01  1.1181E-01
  4.7774E+02  2.1953E-01  1.1184E-01
  4.7804E+02  2.1944E-01  1.1187E-01
  4.7834E+02  2.1936E-01  1.1190E-01
  4.7863E+02  2.1928E-01  1.1194E-01
  4.7893E+02  2.1919E-01  1.1197E-01
  4.7922E+02  2.1911E-01  1.1200E-01
  4.7952E+02  2.1903E-01  1.1203E-01
  4.7982E+02  2.1894E-01  1.1206E-01
  4.8011E+02  2.1886E-01  1.1209E-01
  4.8041E+02  2.1878E-01  1.1212E-01
  4.8070E+02  2.1869E-01  1.1215E-01
  4.8100E+02  2.1861E-01  1.1218E-01
  4.8130E+02  2.1853E-01  1.1221E-01
  4.8159E+02  2.1844E-01  1.1224E-01
  4.8189E+02  2.1836E-01  1.1227E-01
  4.8218E+02  2.1828E-01  1.1230E-01
  4.8248E+02  2.1820E-01  1.1233E-01
  4.8278E+02  2.1811E-01  1.1236E-01
  4.8307E+02  2.1803E-01  1.1239E-01
  4.8337E+02  2.1795E-01  1.1242E-01
  4.8366E+02  2.1786E-01  1.1245E-01
  4.8396E+02  2.1778E-01  1.1248E-01
  4.8426E+02  2.1770E-01  1.1251E-01
  4.8455E+02  2.1761E-01  1.1254E-01
  4.8485E+02  2.1753E-01  1.1257E-01
  4.8514E+02  2.1745E-01  1.1260E-01
  4.8544E+02  2.1737E-01  1.1263E-01
  4.8574E+02  2.1728E-01  1.1265E-01
  4.8603E+02  2.1720E-01  1.1268E-01
  4.8633E+02  2.1712E-01  1.1271E-01
  4.8662E+02  2.1703E-01  1.1274E-01
  4.8692E+02  2.1695E-01  1.1277E-01
  4.8722E+02  2.1687E-01  1.1280E-01
  4.8751E+02  2.1679E-01  1.1283E-01
  4.8781E+02  2.1670E-01  1.1286E-01
  4.8810E+02  2.1662E-01  1.1289E-01
  4.8840E+02  2.1654E-01  1.1292E-01
  4.8870E+02  2.1646E-01  1.1295E-01
  4.8899E+02  2.1637E-01  1.1298E-01
  4.8929E+02  2.1629E-01  1.1301E-01
  4.8958E+02  2.1621E-01  1.1304E-01
  4.8988E+02  2.1612E-01  1.1306E-01
  4.9018E+02  2.1604E-01  1.1309E-01
  4.9047E+02  2.1596E-01  1.1312E-01
  4.9077E+02  2.1588E-01  1.1315E-01
  4.9106E+02  2.1579E-01  1.1318E-01
  4.9136E+02  2.1571E-01  1.1321E-01
  4.9166E+02  2.1563E-01  1.1324E-01
  4.9195E+02  2.1555E-01  1.1327E-01
  4.9225E+02  2.1546E-01  1.1330E-01
  4.9254E+02  2.1538E-01  1.1332E-01
  4.9284E+02  2.1530E-01  1.1335E-01
  4.9314E+02  2.1522E-01  1.1338E-01
  4.9343E+02  2.1513E-01  1.1341E-01
  4.9373E+02  2.1505E-01  1.1344E-01
  4.9402E+02  2.1497E-01  1.1347E-01
  4.9432E+02  2.1489E-01  1.1350E-01
  4.9462E+02  2.1480E-01  1.1352E-01
  4.9491E+02  2.1472E-01  1.1355E-01
  4.9521E+02  2.1464E-01  1.1358E-01
  4.9550E+02  2.1456E-01  1.1361E-01
  4.9580E+02  2.1448E-01  1.1364E-01
  4.9610E+02  2.1439E-01  1.1367E-01
  4.9639E+02  2.1431E-01  1.1369E-01
  4.9669E+02  2.1423E-01  1.1372E-01
  4.9698E+02  2.1415E-01  1.1375E-01
  4.9728E+02  2.1406E-01  1.1378E-01
  4.9758E+02  2.1398E-01  1.1381E-01
  4.9787E+02  2.1390E-01  1.1383E-01
  4.9817E+02  2.1382E-01  1.1386E-01
  4.9846E+02  2.1373E-01  1.1389E-01
  4.9876E+02  2.1365E-01  1.1392E-01
  4.9906E+02  2.1357E-01  1.1395E-01
  4.9935E+02  2.1349E-01  1.1397E-01
  4.9965E+02  2.1341E-01  1.1400E-01
  4.9994E+02  2.1332E-01  1.1403E-01
  5.0000E+02  2.1331E-01  1.1404E-01
