# CREATED BY GENE DIAGNOSTICS TOOL on Fri May 25 11:37:11 2018
# diag: GAMDIAG, run(s): 0027, time window: 0-499(1394 steps), species: ions
# normalization: L_ref=5.4832m
#
# xind= 0, x/a= -NaN, q= 1.1200612
# Fit:    -NaN,Infinity,Infinity
# Analytic: -NaN,Infinity,Infinity
#  t          Re[phi]     Im[phi]   
  0.0000E+00  9.9991E-01  0.0000E+00
  3.5800E-01  9.9842E-01  8.3476E-04
  7.1600E-01  9.9299E-01  2.0224E-03
  1.0740E+00  9.8143E-01  3.3180E-03
  1.4320E+00  9.6268E-01  4.5201E-03
  1.7900E+00  9.3709E-01  5.6333E-03
  2.1480E+00  9.0583E-01  6.7008E-03
  2.5060E+00  8.7030E-01  7.7531E-03
  2.8640E+00  8.3195E-01  8.8007E-03
  3.2220E+00  7.9215E-01  9.8343E-03
  3.5800E+00  7.5213E-01  1.0831E-02
  3.9380E+00  7.1289E-01  1.1767E-02
  4.2960E+00  6.7522E-01  1.2623E-02
  4.6540E+00  6.3969E-01  1.3390E-02
  5.0120E+00  6.0665E-01  1.4074E-02
  5.3700E+00  5.7629E-01  1.4686E-02
  5.7280E+00  5.4866E-01  1.5242E-02
  6.0860E+00  5.2369E-01  1.5758E-02
  6.4440E+00  5.0123E-01  1.6249E-02
  6.8020E+00  4.8109E-01  1.6727E-02
  7.1600E+00  4.6303E-01  1.7204E-02
  7.5180E+00  4.4682E-01  1.7668E-02
  7.8760E+00  4.3231E-01  1.8135E-02
  8.2340E+00  4.1918E-01  1.8617E-02
  8.5920E+00  4.0723E-01  1.9072E-02
  8.9500E+00  3.9650E-01  1.9517E-02
  9.3080E+00  3.8679E-01  1.9979E-02
  9.6660E+00  3.7793E-01  2.0404E-02
  1.0024E+01  3.6977E-01  2.0779E-02
  1.0382E+01  3.6202E-01  2.1111E-02
  1.0740E+01  3.5485E-01  2.1362E-02
  1.1098E+01  3.4903E-01  2.1561E-02
  1.1456E+01  3.4429E-01  2.1819E-02
  1.1814E+01  3.3871E-01  2.2124E-02
  1.2172E+01  3.3067E-01  2.2303E-02
  1.2530E+01  3.2088E-01  2.2240E-02
  1.2888E+01  3.1190E-01  2.2054E-02
  1.3246E+01  3.0542E-01  2.1936E-02
  1.3604E+01  3.0058E-01  2.1892E-02
  1.3962E+01  2.9519E-01  2.1760E-02
  1.4320E+01  2.8828E-01  2.1450E-02
  1.4678E+01  2.8064E-01  2.1050E-02
  1.5036E+01  2.7347E-01  2.0680E-02
  1.5394E+01  2.6728E-01  2.0342E-02
  1.5752E+01  2.6217E-01  1.9975E-02
  1.6110E+01  2.5839E-01  1.9575E-02
  1.6468E+01  2.5618E-01  1.9218E-02
  1.6826E+01  2.5502E-01  1.8964E-02
  1.7184E+01  2.5329E-01  1.8759E-02
  1.7542E+01  2.4921E-01  1.8461E-02
  1.7900E+01  2.4214E-01  1.7963E-02
  1.8258E+01  2.3320E-01  1.7249E-02
  1.8616E+01  2.2472E-01  1.6409E-02
  1.8974E+01  2.1893E-01  1.5588E-02
  1.9332E+01  2.1676E-01  1.4903E-02
  1.9690E+01  2.1768E-01  1.4370E-02
  2.0048E+01  2.2020E-01  1.3923E-02
  2.0406E+01  2.2257E-01  1.3470E-02
  2.0764E+01  2.2369E-01  1.2920E-02
  2.1122E+01  2.2351E-01  1.2200E-02
  2.1480E+01  2.2283E-01  1.1322E-02
  2.1838E+01  2.2293E-01  1.0423E-02
  2.2196E+01  2.2531E-01  9.6932E-03
  2.2554E+01  2.3106E-01  9.2763E-03
  2.2912E+01  2.4014E-01  9.2077E-03
  2.3270E+01  2.5143E-01  9.4131E-03
  2.3628E+01  2.6350E-01  9.7581E-03
  2.3986E+01  2.7515E-01  1.0115E-02
  2.4344E+01  2.8541E-01  1.0398E-02
  2.4702E+01  2.9340E-01  1.0550E-02
  2.5060E+01  2.9843E-01  1.0522E-02
  2.5418E+01  3.0049E-01  1.0297E-02
  2.5776E+01  3.0062E-01  9.9611E-03
  2.6134E+01  3.0051E-01  9.7008E-03
  2.6492E+01  3.0129E-01  9.6624E-03
  2.6850E+01  3.0297E-01  9.8224E-03
  2.7208E+01  3.0502E-01  1.0054E-02
  2.7566E+01  3.0718E-01  1.0278E-02
  2.7924E+01  3.0959E-01  1.0493E-02
  2.8282E+01  3.1249E-01  1.0725E-02
  2.8640E+01  3.1591E-01  1.0976E-02
  2.8998E+01  3.1979E-01  1.1234E-02
  2.9356E+01  3.2403E-01  1.1511E-02
  2.9714E+01  3.2857E-01  1.1846E-02
  3.0072E+01  3.3332E-01  1.2265E-02
  3.0430E+01  3.3820E-01  1.2758E-02
  3.0788E+01  3.4316E-01  1.3308E-02
  3.1146E+01  3.4824E-01  1.3914E-02
  3.1504E+01  3.5352E-01  1.4583E-02
  3.1862E+01  3.5894E-01  1.5298E-02
  3.2220E+01  3.6413E-01  1.5990E-02
  3.2578E+01  3.6854E-01  1.6568E-02
  3.2936E+01  3.7181E-01  1.6984E-02
  3.3294E+01  3.7393E-01  1.7266E-02
  3.3652E+01  3.7517E-01  1.7492E-02
  3.4010E+01  3.7588E-01  1.7724E-02
  3.4368E+01  3.7640E-01  1.7982E-02
  3.4726E+01  3.7702E-01  1.8274E-02
  3.5084E+01  3.7791E-01  1.8615E-02
  3.5442E+01  3.7899E-01  1.9021E-02
  3.5800E+01  3.7995E-01  1.9466E-02
  3.6158E+01  3.8048E-01  1.9894E-02
  3.6516E+01  3.8036E-01  2.0243E-02
  3.6874E+01  3.7968E-01  2.0505E-02
  3.7232E+01  3.7880E-01  2.0759E-02
  3.7590E+01  3.7809E-01  2.1109E-02
  3.7948E+01  3.7759E-01  2.1584E-02
  3.8306E+01  3.7703E-01  2.2114E-02
  3.8664E+01  3.7612E-01  2.2610E-02
  3.9022E+01  3.7474E-01  2.3029E-02
  3.9380E+01  3.7294E-01  2.3367E-02
  3.9738E+01  3.7089E-01  2.3631E-02
  4.0096E+01  3.6886E-01  2.3839E-02
  4.0454E+01  3.6715E-01  2.4013E-02
  4.0812E+01  3.6591E-01  2.4166E-02
  4.1170E+01  3.6520E-01  2.4304E-02
  4.1528E+01  3.6507E-01  2.4458E-02
  4.1886E+01  3.6553E-01  2.4666E-02
  4.2244E+01  3.6653E-01  2.4936E-02
  4.2602E+01  3.6792E-01  2.5244E-02
  4.2960E+01  3.6962E-01  2.5566E-02
  4.3318E+01  3.7159E-01  2.5904E-02
  4.3676E+01  3.7381E-01  2.6273E-02
  4.4034E+01  3.7623E-01  2.6681E-02
  4.4392E+01  3.7881E-01  2.7129E-02
  4.4750E+01  3.8151E-01  2.7610E-02
  4.5108E+01  3.8432E-01  2.8122E-02
  4.5466E+01  3.8720E-01  2.8660E-02
  4.5824E+01  3.9003E-01  2.9224E-02
  4.6182E+01  3.9261E-01  2.9803E-02
  4.6540E+01  3.9473E-01  3.0368E-02
  4.6898E+01  3.9618E-01  3.0881E-02
  4.7256E+01  3.9685E-01  3.1304E-02
  4.7614E+01  3.9674E-01  3.1624E-02
  4.7972E+01  3.9601E-01  3.1846E-02
  4.8330E+01  3.9487E-01  3.1987E-02
  4.8688E+01  3.9355E-01  3.2075E-02
  4.9046E+01  3.9225E-01  3.2144E-02
  4.9404E+01  3.9108E-01  3.2230E-02
  4.9762E+01  3.9007E-01  3.2364E-02
  5.0120E+01  3.8916E-01  3.2560E-02
  5.0478E+01  3.8827E-01  3.2803E-02
  5.0836E+01  3.8732E-01  3.3061E-02
  5.1194E+01  3.8630E-01  3.3298E-02
  5.1552E+01  3.8527E-01  3.3507E-02
  5.1910E+01  3.8431E-01  3.3699E-02
  5.2268E+01  3.8343E-01  3.3883E-02
  5.2626E+01  3.8255E-01  3.4041E-02
  5.2984E+01  3.8161E-01  3.4151E-02
  5.3342E+01  3.8070E-01  3.4224E-02
  5.3700E+01  3.8003E-01  3.4305E-02
  5.4058E+01  3.7986E-01  3.4437E-02
  5.4416E+01  3.8032E-01  3.4627E-02
  5.4774E+01  3.8132E-01  3.4846E-02
  5.5132E+01  3.8266E-01  3.5052E-02
  5.5490E+01  3.8411E-01  3.5215E-02
  5.5848E+01  3.8553E-01  3.5330E-02
  5.6206E+01  3.8695E-01  3.5414E-02
  5.6564E+01  3.8848E-01  3.5507E-02
  5.6922E+01  3.9023E-01  3.5655E-02
  5.7280E+01  3.9219E-01  3.5878E-02
  5.7638E+01  3.9416E-01  3.6153E-02
  5.7996E+01  3.9589E-01  3.6433E-02
  5.8354E+01  3.9724E-01  3.6682E-02
  5.8712E+01  3.9819E-01  3.6896E-02
  5.9070E+01  3.9878E-01  3.7082E-02
  5.9428E+01  3.9905E-01  3.7245E-02
  5.9786E+01  3.9907E-01  3.7390E-02
  6.0144E+01  3.9897E-01  3.7525E-02
  6.0502E+01  3.9885E-01  3.7655E-02
  6.0860E+01  3.9878E-01  3.7773E-02
  6.1218E+01  3.9875E-01  3.7863E-02
  6.1576E+01  3.9870E-01  3.7904E-02
  6.1934E+01  3.9851E-01  3.7873E-02
  6.2292E+01  3.9805E-01  3.7745E-02
  6.2650E+01  3.9717E-01  3.7504E-02
  6.3008E+01  3.9585E-01  3.7152E-02
  6.3366E+01  3.9414E-01  3.6720E-02
  6.3724E+01  3.9221E-01  3.6258E-02
  6.4082E+01  3.9027E-01  3.5816E-02
  6.4440E+01  3.8852E-01  3.5443E-02
  6.4798E+01  3.8711E-01  3.5178E-02
  6.5156E+01  3.8613E-01  3.5040E-02
  6.5514E+01  3.8555E-01  3.5015E-02
  6.5872E+01  3.8531E-01  3.5071E-02
  6.6230E+01  3.8534E-01  3.5189E-02
  6.6588E+01  3.8561E-01  3.5365E-02
  6.6946E+01  3.8609E-01  3.5599E-02
  6.7304E+01  3.8676E-01  3.5878E-02
  6.7662E+01  3.8758E-01  3.6180E-02
  6.8020E+01  3.8852E-01  3.6485E-02
  6.8378E+01  3.8954E-01  3.6792E-02
  6.8736E+01  3.9066E-01  3.7111E-02
  6.9094E+01  3.9185E-01  3.7448E-02
  6.9452E+01  3.9305E-01  3.7784E-02
  6.9810E+01  3.9414E-01  3.8080E-02
  7.0168E+01  3.9506E-01  3.8317E-02
  7.0526E+01  3.9580E-01  3.8509E-02
  7.0884E+01  3.9641E-01  3.8689E-02
  7.1242E+01  3.9691E-01  3.8877E-02
  7.1600E+01  3.9728E-01  3.9064E-02
  7.1958E+01  3.9752E-01  3.9234E-02
  7.2316E+01  3.9762E-01  3.9391E-02
  7.2674E+01  3.9762E-01  3.9557E-02
  7.3032E+01  3.9756E-01  3.9752E-02
  7.3390E+01  3.9744E-01  3.9980E-02
  7.3748E+01  3.9724E-01  4.0228E-02
  7.4106E+01  3.9691E-01  4.0473E-02
  7.4464E+01  3.9640E-01  4.0694E-02
  7.4822E+01  3.9569E-01  4.0880E-02
  7.5180E+01  3.9479E-01  4.1039E-02
  7.5538E+01  3.9377E-01  4.1192E-02
  7.5896E+01  3.9268E-01  4.1365E-02
  7.6254E+01  3.9157E-01  4.1569E-02
  7.6612E+01  3.9042E-01  4.1806E-02
  7.6970E+01  3.8925E-01  4.2069E-02
  7.7328E+01  3.8807E-01  4.2361E-02
  7.7686E+01  3.8690E-01  4.2686E-02
  7.8044E+01  3.8576E-01  4.3044E-02
  7.8402E+01  3.8462E-01  4.3424E-02
  7.8760E+01  3.8346E-01  4.3813E-02
  7.9118E+01  3.8222E-01  4.4194E-02
  7.9476E+01  3.8087E-01  4.4549E-02
  7.9834E+01  3.7938E-01  4.4865E-02
  8.0192E+01  3.7778E-01  4.5139E-02
  8.0550E+01  3.7609E-01  4.5384E-02
  8.0908E+01  3.7437E-01  4.5613E-02
  8.1266E+01  3.7266E-01  4.5835E-02
  8.1624E+01  3.7097E-01  4.6049E-02
  8.1982E+01  3.6928E-01  4.6249E-02
  8.2340E+01  3.6757E-01  4.6433E-02
  8.2698E+01  3.6583E-01  4.6601E-02
  8.3056E+01  3.6408E-01  4.6754E-02
  8.3414E+01  3.6232E-01  4.6898E-02
  8.3772E+01  3.6059E-01  4.7038E-02
  8.4130E+01  3.5891E-01  4.7178E-02
  8.4488E+01  3.5727E-01  4.7317E-02
  8.4846E+01  3.5568E-01  4.7447E-02
  8.5204E+01  3.5412E-01  4.7559E-02
  8.5562E+01  3.5259E-01  4.7644E-02
  8.5920E+01  3.5110E-01  4.7707E-02
  8.6278E+01  3.4967E-01  4.7758E-02
  8.6636E+01  3.4834E-01  4.7811E-02
  8.6994E+01  3.4714E-01  4.7882E-02
  8.7352E+01  3.4609E-01  4.7984E-02
  8.7710E+01  3.4518E-01  4.8115E-02
  8.8068E+01  3.4436E-01  4.8253E-02
  8.8426E+01  3.4357E-01  4.8370E-02
  8.8784E+01  3.4274E-01  4.8442E-02
  8.9142E+01  3.4187E-01  4.8472E-02
  8.9500E+01  3.4099E-01  4.8480E-02
  8.9858E+01  3.4016E-01  4.8488E-02
  9.0216E+01  3.3940E-01  4.8502E-02
  9.0574E+01  3.3871E-01  4.8517E-02
  9.0932E+01  3.3810E-01  4.8529E-02
  9.1290E+01  3.3758E-01  4.8544E-02
  9.1648E+01  3.3718E-01  4.8571E-02
  9.2006E+01  3.3690E-01  4.8616E-02
  9.2364E+01  3.3674E-01  4.8679E-02
  9.2722E+01  3.3667E-01  4.8750E-02
  9.3080E+01  3.3665E-01  4.8818E-02
  9.3438E+01  3.3664E-01  4.8874E-02
  9.3796E+01  3.3662E-01  4.8923E-02
  9.4154E+01  3.3659E-01  4.8975E-02
  9.4512E+01  3.3657E-01  4.9043E-02
  9.4870E+01  3.3655E-01  4.9134E-02
  9.5228E+01  3.3655E-01  4.9248E-02
  9.5586E+01  3.3654E-01  4.9380E-02
  9.5944E+01  3.3649E-01  4.9520E-02
  9.6302E+01  3.3638E-01  4.9661E-02
  9.6660E+01  3.3619E-01  4.9798E-02
  9.7018E+01  3.3589E-01  4.9929E-02
  9.7376E+01  3.3549E-01  5.0047E-02
  9.7734E+01  3.3498E-01  5.0149E-02
  9.8092E+01  3.3438E-01  5.0235E-02
  9.8450E+01  3.3370E-01  5.0308E-02
  9.8808E+01  3.3297E-01  5.0374E-02
  9.9166E+01  3.3224E-01  5.0444E-02
  9.9524E+01  3.3155E-01  5.0530E-02
  9.9882E+01  3.3094E-01  5.0649E-02
  1.0024E+02  3.3046E-01  5.0806E-02
  1.0060E+02  3.3011E-01  5.0998E-02
  1.0096E+02  3.2987E-01  5.1216E-02
  1.0131E+02  3.2974E-01  5.1451E-02
  1.0167E+02  3.2972E-01  5.1697E-02
  1.0203E+02  3.2978E-01  5.1950E-02
  1.0239E+02  3.2992E-01  5.2205E-02
  1.0275E+02  3.3013E-01  5.2455E-02
  1.0310E+02  3.3038E-01  5.2698E-02
  1.0346E+02  3.3068E-01  5.2932E-02
  1.0382E+02  3.3102E-01  5.3164E-02
  1.0418E+02  3.3138E-01  5.3396E-02
  1.0454E+02  3.3174E-01  5.3628E-02
  1.0489E+02  3.3209E-01  5.3852E-02
  1.0525E+02  3.3239E-01  5.4062E-02
  1.0561E+02  3.3266E-01  5.4257E-02
  1.0597E+02  3.3290E-01  5.4444E-02
  1.0633E+02  3.3314E-01  5.4636E-02
  1.0668E+02  3.3340E-01  5.4840E-02
  1.0704E+02  3.3368E-01  5.5053E-02
  1.0740E+02  3.3398E-01  5.5267E-02
  1.0776E+02  3.3427E-01  5.5477E-02
  1.0812E+02  3.3458E-01  5.5685E-02
  1.0847E+02  3.3492E-01  5.5900E-02
  1.0883E+02  3.3529E-01  5.6126E-02
  1.0919E+02  3.3571E-01  5.6364E-02
  1.0955E+02  3.3617E-01  5.6609E-02
  1.0991E+02  3.3667E-01  5.6855E-02
  1.1026E+02  3.3720E-01  5.7101E-02
  1.1062E+02  3.3778E-01  5.7348E-02
  1.1098E+02  3.3838E-01  5.7595E-02
  1.1134E+02  3.3900E-01  5.7836E-02
  1.1170E+02  3.3962E-01  5.8066E-02
  1.1205E+02  3.4022E-01  5.8281E-02
  1.1241E+02  3.4081E-01  5.8481E-02
  1.1277E+02  3.4137E-01  5.8668E-02
  1.1313E+02  3.4192E-01  5.8845E-02
  1.1349E+02  3.4246E-01  5.9017E-02
  1.1384E+02  3.4299E-01  5.9184E-02
  1.1420E+02  3.4352E-01  5.9345E-02
  1.1456E+02  3.4405E-01  5.9498E-02
  1.1492E+02  3.4457E-01  5.9639E-02
  1.1528E+02  3.4509E-01  5.9770E-02
  1.1563E+02  3.4561E-01  5.9893E-02
  1.1599E+02  3.4614E-01  6.0014E-02
  1.1635E+02  3.4669E-01  6.0138E-02
  1.1671E+02  3.4727E-01  6.0272E-02
  1.1707E+02  3.4788E-01  6.0427E-02
  1.1742E+02  3.4855E-01  6.0605E-02
  1.1778E+02  3.4926E-01  6.0809E-02
  1.1814E+02  3.5002E-01  6.1037E-02
  1.1850E+02  3.5081E-01  6.1280E-02
  1.1886E+02  3.5162E-01  6.1532E-02
  1.1921E+02  3.5243E-01  6.1781E-02
  1.1957E+02  3.5321E-01  6.2016E-02
  1.1993E+02  3.5396E-01  6.2229E-02
  1.2029E+02  3.5464E-01  6.2414E-02
  1.2065E+02  3.5527E-01  6.2573E-02
  1.2100E+02  3.5584E-01  6.2710E-02
  1.2136E+02  3.5635E-01  6.2831E-02
  1.2172E+02  3.5682E-01  6.2940E-02
  1.2208E+02  3.5726E-01  6.3039E-02
  1.2244E+02  3.5767E-01  6.3130E-02
  1.2279E+02  3.5805E-01  6.3216E-02
  1.2315E+02  3.5840E-01  6.3298E-02
  1.2351E+02  3.5869E-01  6.3372E-02
  1.2387E+02  3.5892E-01  6.3436E-02
  1.2423E+02  3.5907E-01  6.3487E-02
  1.2458E+02  3.5915E-01  6.3532E-02
  1.2494E+02  3.5917E-01  6.3578E-02
  1.2530E+02  3.5913E-01  6.3637E-02
  1.2566E+02  3.5905E-01  6.3717E-02
  1.2602E+02  3.5894E-01  6.3822E-02
  1.2637E+02  3.5879E-01  6.3948E-02
  1.2673E+02  3.5860E-01  6.4091E-02
  1.2709E+02  3.5838E-01  6.4253E-02
  1.2745E+02  3.5812E-01  6.4435E-02
  1.2781E+02  3.5785E-01  6.4641E-02
  1.2816E+02  3.5756E-01  6.4869E-02
  1.2852E+02  3.5725E-01  6.5115E-02
  1.2888E+02  3.5692E-01  6.5373E-02
  1.2924E+02  3.5655E-01  6.5635E-02
  1.2960E+02  3.5615E-01  6.5898E-02
  1.2995E+02  3.5573E-01  6.6158E-02
  1.3031E+02  3.5528E-01  6.6417E-02
  1.3067E+02  3.5481E-01  6.6675E-02
  1.3103E+02  3.5433E-01  6.6932E-02
  1.3139E+02  3.5384E-01  6.7186E-02
  1.3174E+02  3.5334E-01  6.7436E-02
  1.3210E+02  3.5286E-01  6.7682E-02
  1.3246E+02  3.5238E-01  6.7927E-02
  1.3282E+02  3.5191E-01  6.8172E-02
  1.3318E+02  3.5146E-01  6.8416E-02
  1.3353E+02  3.5102E-01  6.8655E-02
  1.3389E+02  3.5060E-01  6.8887E-02
  1.3425E+02  3.5018E-01  6.9111E-02
  1.3461E+02  3.4978E-01  6.9325E-02
  1.3497E+02  3.4938E-01  6.9532E-02
  1.3532E+02  3.4901E-01  6.9735E-02
  1.3568E+02  3.4864E-01  6.9934E-02
  1.3604E+02  3.4830E-01  7.0133E-02
  1.3640E+02  3.4798E-01  7.0334E-02
  1.3676E+02  3.4769E-01  7.0537E-02
  1.3711E+02  3.4741E-01  7.0743E-02
  1.3747E+02  3.4715E-01  7.0950E-02
  1.3783E+02  3.4690E-01  7.1155E-02
  1.3819E+02  3.4666E-01  7.1353E-02
  1.3855E+02  3.4642E-01  7.1540E-02
  1.3890E+02  3.4618E-01  7.1715E-02
  1.3926E+02  3.4595E-01  7.1878E-02
  1.3962E+02  3.4572E-01  7.2033E-02
  1.3998E+02  3.4550E-01  7.2183E-02
  1.4034E+02  3.4530E-01  7.2327E-02
  1.4069E+02  3.4510E-01  7.2464E-02
  1.4105E+02  3.4492E-01  7.2595E-02
  1.4141E+02  3.4474E-01  7.2723E-02
  1.4177E+02  3.4459E-01  7.2850E-02
  1.4213E+02  3.4444E-01  7.2977E-02
  1.4248E+02  3.4431E-01  7.3104E-02
  1.4284E+02  3.4418E-01  7.3228E-02
  1.4320E+02  3.4407E-01  7.3348E-02
  1.4356E+02  3.4395E-01  7.3463E-02
  1.4392E+02  3.4382E-01  7.3573E-02
  1.4427E+02  3.4369E-01  7.3676E-02
  1.4463E+02  3.4354E-01  7.3770E-02
  1.4499E+02  3.4337E-01  7.3854E-02
  1.4535E+02  3.4318E-01  7.3924E-02
  1.4571E+02  3.4296E-01  7.3982E-02
  1.4606E+02  3.4271E-01  7.4030E-02
  1.4642E+02  3.4245E-01  7.4069E-02
  1.4678E+02  3.4216E-01  7.4103E-02
  1.4714E+02  3.4186E-01  7.4135E-02
  1.4750E+02  3.4155E-01  7.4169E-02
  1.4785E+02  3.4124E-01  7.4206E-02
  1.4821E+02  3.4092E-01  7.4248E-02
  1.4857E+02  3.4060E-01  7.4296E-02
  1.4893E+02  3.4030E-01  7.4349E-02
  1.4929E+02  3.4000E-01  7.4407E-02
  1.4964E+02  3.3971E-01  7.4467E-02
  1.5000E+02  3.3943E-01  7.4528E-02
  1.5036E+02  3.3917E-01  7.4591E-02
  1.5072E+02  3.3893E-01  7.4657E-02
  1.5108E+02  3.3871E-01  7.4726E-02
  1.5143E+02  3.3852E-01  7.4799E-02
  1.5179E+02  3.3836E-01  7.4879E-02
  1.5215E+02  3.3822E-01  7.4963E-02
  1.5251E+02  3.3810E-01  7.5053E-02
  1.5287E+02  3.3801E-01  7.5148E-02
  1.5322E+02  3.3793E-01  7.5245E-02
  1.5358E+02  3.3787E-01  7.5344E-02
  1.5394E+02  3.3781E-01  7.5443E-02
  1.5430E+02  3.3775E-01  7.5543E-02
  1.5466E+02  3.3769E-01  7.5645E-02
  1.5501E+02  3.3763E-01  7.5749E-02
  1.5537E+02  3.3757E-01  7.5857E-02
  1.5573E+02  3.3750E-01  7.5969E-02
  1.5609E+02  3.3744E-01  7.6088E-02
  1.5645E+02  3.3737E-01  7.6214E-02
  1.5680E+02  3.3730E-01  7.6348E-02
  1.5716E+02  3.3723E-01  7.6492E-02
  1.5752E+02  3.3717E-01  7.6643E-02
  1.5788E+02  3.3711E-01  7.6803E-02
  1.5824E+02  3.3705E-01  7.6971E-02
  1.5859E+02  3.3699E-01  7.7147E-02
  1.5895E+02  3.3693E-01  7.7329E-02
  1.5931E+02  3.3687E-01  7.7515E-02
  1.5967E+02  3.3680E-01  7.7703E-02
  1.6003E+02  3.3674E-01  7.7891E-02
  1.6038E+02  3.3667E-01  7.8082E-02
  1.6074E+02  3.3661E-01  7.8275E-02
  1.6110E+02  3.3655E-01  7.8472E-02
  1.6146E+02  3.3649E-01  7.8669E-02
  1.6182E+02  3.3644E-01  7.8864E-02
  1.6217E+02  3.3639E-01  7.9054E-02
  1.6253E+02  3.3634E-01  7.9240E-02
  1.6289E+02  3.3629E-01  7.9421E-02
  1.6325E+02  3.3625E-01  7.9601E-02
  1.6361E+02  3.3622E-01  7.9781E-02
  1.6396E+02  3.3619E-01  7.9961E-02
  1.6432E+02  3.3617E-01  8.0142E-02
  1.6468E+02  3.3615E-01  8.0325E-02
  1.6504E+02  3.3614E-01  8.0506E-02
  1.6540E+02  3.3613E-01  8.0687E-02
  1.6575E+02  3.3612E-01  8.0866E-02
  1.6611E+02  3.3611E-01  8.1044E-02
  1.6647E+02  3.3609E-01  8.1220E-02
  1.6683E+02  3.3607E-01  8.1396E-02
  1.6719E+02  3.3603E-01  8.1569E-02
  1.6754E+02  3.3598E-01  8.1740E-02
  1.6790E+02  3.3592E-01  8.1908E-02
  1.6826E+02  3.3584E-01  8.2072E-02
  1.6862E+02  3.3575E-01  8.2232E-02
  1.6898E+02  3.3563E-01  8.2387E-02
  1.6933E+02  3.3550E-01  8.2536E-02
  1.6969E+02  3.3536E-01  8.2680E-02
  1.7005E+02  3.3519E-01  8.2817E-02
  1.7041E+02  3.3502E-01  8.2949E-02
  1.7077E+02  3.3483E-01  8.3076E-02
  1.7112E+02  3.3463E-01  8.3199E-02
  1.7148E+02  3.3442E-01  8.3319E-02
  1.7184E+02  3.3421E-01  8.3434E-02
  1.7220E+02  3.3399E-01  8.3543E-02
  1.7256E+02  3.3376E-01  8.3645E-02
  1.7291E+02  3.3353E-01  8.3740E-02
  1.7327E+02  3.3330E-01  8.3828E-02
  1.7363E+02  3.3306E-01  8.3910E-02
  1.7399E+02  3.3282E-01  8.3987E-02
  1.7435E+02  3.3258E-01  8.4058E-02
  1.7470E+02  3.3233E-01  8.4124E-02
  1.7506E+02  3.3208E-01  8.4185E-02
  1.7542E+02  3.3183E-01  8.4239E-02
  1.7578E+02  3.3158E-01  8.4287E-02
  1.7614E+02  3.3131E-01  8.4329E-02
  1.7649E+02  3.3104E-01  8.4365E-02
  1.7685E+02  3.3077E-01  8.4397E-02
  1.7721E+02  3.3050E-01  8.4427E-02
  1.7757E+02  3.3022E-01  8.4457E-02
  1.7793E+02  3.2994E-01  8.4487E-02
  1.7828E+02  3.2966E-01  8.4518E-02
  1.7864E+02  3.2937E-01  8.4552E-02
  1.7900E+02  3.2909E-01  8.4587E-02
  1.7936E+02  3.2880E-01  8.4624E-02
  1.7972E+02  3.2852E-01  8.4662E-02
  1.8007E+02  3.2823E-01  8.4701E-02
  1.8043E+02  3.2794E-01  8.4739E-02
  1.8079E+02  3.2766E-01  8.4778E-02
  1.8115E+02  3.2738E-01  8.4816E-02
  1.8151E+02  3.2710E-01  8.4855E-02
  1.8186E+02  3.2683E-01  8.4896E-02
  1.8222E+02  3.2657E-01  8.4939E-02
  1.8258E+02  3.2632E-01  8.4986E-02
  1.8294E+02  3.2608E-01  8.5037E-02
  1.8330E+02  3.2585E-01  8.5090E-02
  1.8365E+02  3.2563E-01  8.5147E-02
  1.8401E+02  3.2543E-01  8.5208E-02
  1.8437E+02  3.2524E-01  8.5272E-02
  1.8473E+02  3.2505E-01  8.5341E-02
  1.8509E+02  3.2487E-01  8.5413E-02
  1.8544E+02  3.2471E-01  8.5489E-02
  1.8580E+02  3.2454E-01  8.5570E-02
  1.8616E+02  3.2438E-01  8.5654E-02
  1.8652E+02  3.2422E-01  8.5744E-02
  1.8688E+02  3.2407E-01  8.5838E-02
  1.8723E+02  3.2392E-01  8.5940E-02
  1.8759E+02  3.2377E-01  8.6048E-02
  1.8795E+02  3.2362E-01  8.6162E-02
  1.8831E+02  3.2347E-01  8.6284E-02
  1.8867E+02  3.2331E-01  8.6411E-02
  1.8902E+02  3.2316E-01  8.6543E-02
  1.8938E+02  3.2301E-01  8.6681E-02
  1.8974E+02  3.2286E-01  8.6823E-02
  1.9010E+02  3.2270E-01  8.6969E-02
  1.9046E+02  3.2255E-01  8.7121E-02
  1.9081E+02  3.2240E-01  8.7276E-02
  1.9117E+02  3.2225E-01  8.7435E-02
  1.9153E+02  3.2211E-01  8.7599E-02
  1.9189E+02  3.2197E-01  8.7767E-02
  1.9225E+02  3.2185E-01  8.7939E-02
  1.9260E+02  3.2173E-01  8.8113E-02
  1.9296E+02  3.2161E-01  8.8289E-02
  1.9332E+02  3.2151E-01  8.8465E-02
  1.9368E+02  3.2141E-01  8.8641E-02
  1.9404E+02  3.2132E-01  8.8816E-02
  1.9439E+02  3.2123E-01  8.8991E-02
  1.9475E+02  3.2116E-01  8.9165E-02
  1.9511E+02  3.2108E-01  8.9337E-02
  1.9547E+02  3.2101E-01  8.9508E-02
  1.9583E+02  3.2094E-01  8.9677E-02
  1.9618E+02  3.2088E-01  8.9845E-02
  1.9654E+02  3.2082E-01  9.0012E-02
  1.9690E+02  3.2076E-01  9.0177E-02
  1.9726E+02  3.2070E-01  9.0341E-02
  1.9762E+02  3.2063E-01  9.0503E-02
  1.9797E+02  3.2057E-01  9.0663E-02
  1.9833E+02  3.2050E-01  9.0822E-02
  1.9869E+02  3.2042E-01  9.0979E-02
  1.9905E+02  3.2034E-01  9.1134E-02
  1.9941E+02  3.2024E-01  9.1287E-02
  1.9976E+02  3.2014E-01  9.1436E-02
  2.0012E+02  3.2003E-01  9.1581E-02
  2.0048E+02  3.1990E-01  9.1722E-02
  2.0084E+02  3.1977E-01  9.1859E-02
  2.0120E+02  3.1962E-01  9.1992E-02
  2.0155E+02  3.1947E-01  9.2120E-02
  2.0191E+02  3.1931E-01  9.2245E-02
  2.0227E+02  3.1914E-01  9.2366E-02
  2.0263E+02  3.1896E-01  9.2483E-02
  2.0299E+02  3.1878E-01  9.2596E-02
  2.0334E+02  3.1860E-01  9.2705E-02
  2.0370E+02  3.1841E-01  9.2810E-02
  2.0406E+02  3.1822E-01  9.2912E-02
  2.0442E+02  3.1802E-01  9.3012E-02
  2.0478E+02  3.1783E-01  9.3108E-02
  2.0513E+02  3.1764E-01  9.3203E-02
  2.0549E+02  3.1745E-01  9.3296E-02
  2.0585E+02  3.1726E-01  9.3388E-02
  2.0621E+02  3.1708E-01  9.3478E-02
  2.0657E+02  3.1690E-01  9.3566E-02
  2.0692E+02  3.1672E-01  9.3654E-02
  2.0728E+02  3.1654E-01  9.3742E-02
  2.0764E+02  3.1636E-01  9.3829E-02
  2.0800E+02  3.1619E-01  9.3916E-02
  2.0836E+02  3.1602E-01  9.4003E-02
  2.0871E+02  3.1586E-01  9.4091E-02
  2.0907E+02  3.1569E-01  9.4181E-02
  2.0943E+02  3.1553E-01  9.4272E-02
  2.0979E+02  3.1538E-01  9.4364E-02
  2.1015E+02  3.1523E-01  9.4458E-02
  2.1050E+02  3.1508E-01  9.4554E-02
  2.1086E+02  3.1493E-01  9.4650E-02
  2.1122E+02  3.1479E-01  9.4748E-02
  2.1158E+02  3.1466E-01  9.4847E-02
  2.1194E+02  3.1453E-01  9.4948E-02
  2.1229E+02  3.1441E-01  9.5051E-02
  2.1265E+02  3.1429E-01  9.5155E-02
  2.1301E+02  3.1418E-01  9.5263E-02
  2.1337E+02  3.1407E-01  9.5373E-02
  2.1373E+02  3.1397E-01  9.5485E-02
  2.1408E+02  3.1387E-01  9.5600E-02
  2.1444E+02  3.1379E-01  9.5719E-02
  2.1480E+02  3.1370E-01  9.5840E-02
  2.1516E+02  3.1362E-01  9.5964E-02
  2.1552E+02  3.1353E-01  9.6091E-02
  2.1587E+02  3.1345E-01  9.6220E-02
  2.1623E+02  3.1337E-01  9.6351E-02
  2.1659E+02  3.1329E-01  9.6485E-02
  2.1695E+02  3.1320E-01  9.6620E-02
  2.1731E+02  3.1311E-01  9.6758E-02
  2.1766E+02  3.1301E-01  9.6898E-02
  2.1802E+02  3.1290E-01  9.7041E-02
  2.1838E+02  3.1279E-01  9.7186E-02
  2.1874E+02  3.1267E-01  9.7332E-02
  2.1910E+02  3.1254E-01  9.7481E-02
  2.1945E+02  3.1241E-01  9.7631E-02
  2.1981E+02  3.1227E-01  9.7783E-02
  2.2017E+02  3.1212E-01  9.7936E-02
  2.2053E+02  3.1197E-01  9.8089E-02
  2.2089E+02  3.1181E-01  9.8243E-02
  2.2124E+02  3.1165E-01  9.8397E-02
  2.2160E+02  3.1148E-01  9.8551E-02
  2.2196E+02  3.1132E-01  9.8705E-02
  2.2232E+02  3.1115E-01  9.8859E-02
  2.2268E+02  3.1099E-01  9.9012E-02
  2.2303E+02  3.1083E-01  9.9166E-02
  2.2339E+02  3.1067E-01  9.9318E-02
  2.2375E+02  3.1052E-01  9.9470E-02
  2.2411E+02  3.1038E-01  9.9621E-02
  2.2447E+02  3.1024E-01  9.9771E-02
  2.2482E+02  3.1012E-01  9.9918E-02
  2.2518E+02  3.1000E-01  1.0006E-01
  2.2554E+02  3.0989E-01  1.0021E-01
  2.2590E+02  3.0979E-01  1.0035E-01
  2.2626E+02  3.0969E-01  1.0049E-01
  2.2661E+02  3.0961E-01  1.0063E-01
  2.2697E+02  3.0953E-01  1.0076E-01
  2.2733E+02  3.0946E-01  1.0089E-01
  2.2769E+02  3.0939E-01  1.0102E-01
  2.2805E+02  3.0933E-01  1.0115E-01
  2.2840E+02  3.0927E-01  1.0127E-01
  2.2876E+02  3.0921E-01  1.0139E-01
  2.2912E+02  3.0916E-01  1.0151E-01
  2.2948E+02  3.0910E-01  1.0163E-01
  2.2984E+02  3.0905E-01  1.0174E-01
  2.3019E+02  3.0899E-01  1.0185E-01
  2.3055E+02  3.0893E-01  1.0196E-01
  2.3091E+02  3.0886E-01  1.0207E-01
  2.3127E+02  3.0879E-01  1.0217E-01
  2.3163E+02  3.0871E-01  1.0227E-01
  2.3198E+02  3.0863E-01  1.0237E-01
  2.3234E+02  3.0854E-01  1.0247E-01
  2.3270E+02  3.0844E-01  1.0256E-01
  2.3306E+02  3.0834E-01  1.0265E-01
  2.3342E+02  3.0823E-01  1.0274E-01
  2.3377E+02  3.0811E-01  1.0283E-01
  2.3413E+02  3.0798E-01  1.0291E-01
  2.3449E+02  3.0784E-01  1.0300E-01
  2.3485E+02  3.0770E-01  1.0308E-01
  2.3521E+02  3.0754E-01  1.0316E-01
  2.3556E+02  3.0738E-01  1.0324E-01
  2.3592E+02  3.0721E-01  1.0331E-01
  2.3628E+02  3.0703E-01  1.0338E-01
  2.3664E+02  3.0684E-01  1.0346E-01
  2.3700E+02  3.0664E-01  1.0353E-01
  2.3735E+02  3.0643E-01  1.0360E-01
  2.3771E+02  3.0622E-01  1.0367E-01
  2.3807E+02  3.0600E-01  1.0373E-01
  2.3843E+02  3.0577E-01  1.0380E-01
  2.3879E+02  3.0554E-01  1.0387E-01
  2.3914E+02  3.0530E-01  1.0394E-01
  2.3950E+02  3.0506E-01  1.0401E-01
  2.3986E+02  3.0481E-01  1.0408E-01
  2.4022E+02  3.0457E-01  1.0415E-01
  2.4058E+02  3.0431E-01  1.0422E-01
  2.4093E+02  3.0406E-01  1.0430E-01
  2.4129E+02  3.0381E-01  1.0437E-01
  2.4165E+02  3.0356E-01  1.0445E-01
  2.4201E+02  3.0330E-01  1.0452E-01
  2.4237E+02  3.0305E-01  1.0460E-01
  2.4272E+02  3.0281E-01  1.0468E-01
  2.4308E+02  3.0256E-01  1.0476E-01
  2.4344E+02  3.0232E-01  1.0484E-01
  2.4380E+02  3.0209E-01  1.0492E-01
  2.4416E+02  3.0185E-01  1.0500E-01
  2.4451E+02  3.0163E-01  1.0508E-01
  2.4487E+02  3.0140E-01  1.0517E-01
  2.4523E+02  3.0118E-01  1.0525E-01
  2.4559E+02  3.0097E-01  1.0534E-01
  2.4595E+02  3.0076E-01  1.0543E-01
  2.4630E+02  3.0055E-01  1.0552E-01
  2.4666E+02  3.0035E-01  1.0561E-01
  2.4702E+02  3.0014E-01  1.0570E-01
  2.4738E+02  2.9994E-01  1.0579E-01
  2.4774E+02  2.9974E-01  1.0589E-01
  2.4809E+02  2.9954E-01  1.0599E-01
  2.4845E+02  2.9933E-01  1.0608E-01
  2.4881E+02  2.9912E-01  1.0618E-01
  2.4917E+02  2.9891E-01  1.0628E-01
  2.4953E+02  2.9870E-01  1.0638E-01
  2.4988E+02  2.9848E-01  1.0648E-01
  2.5024E+02  2.9825E-01  1.0659E-01
  2.5060E+02  2.9802E-01  1.0669E-01
  2.5096E+02  2.9778E-01  1.0679E-01
  2.5132E+02  2.9754E-01  1.0690E-01
  2.5167E+02  2.9729E-01  1.0700E-01
  2.5203E+02  2.9703E-01  1.0710E-01
  2.5239E+02  2.9677E-01  1.0721E-01
  2.5275E+02  2.9651E-01  1.0731E-01
  2.5311E+02  2.9624E-01  1.0741E-01
  2.5346E+02  2.9597E-01  1.0752E-01
  2.5382E+02  2.9569E-01  1.0762E-01
  2.5418E+02  2.9541E-01  1.0772E-01
  2.5454E+02  2.9513E-01  1.0782E-01
  2.5490E+02  2.9484E-01  1.0792E-01
  2.5525E+02  2.9456E-01  1.0802E-01
  2.5561E+02  2.9428E-01  1.0811E-01
  2.5597E+02  2.9399E-01  1.0821E-01
  2.5633E+02  2.9371E-01  1.0830E-01
  2.5669E+02  2.9342E-01  1.0840E-01
  2.5704E+02  2.9314E-01  1.0849E-01
  2.5740E+02  2.9286E-01  1.0858E-01
  2.5776E+02  2.9257E-01  1.0867E-01
  2.5812E+02  2.9229E-01  1.0875E-01
  2.5848E+02  2.9201E-01  1.0884E-01
  2.5883E+02  2.9173E-01  1.0892E-01
  2.5919E+02  2.9145E-01  1.0901E-01
  2.5955E+02  2.9116E-01  1.0909E-01
  2.5991E+02  2.9088E-01  1.0917E-01
  2.6027E+02  2.9060E-01  1.0924E-01
  2.6062E+02  2.9031E-01  1.0932E-01
  2.6098E+02  2.9003E-01  1.0939E-01
  2.6134E+02  2.8974E-01  1.0946E-01
  2.6170E+02  2.8946E-01  1.0953E-01
  2.6206E+02  2.8917E-01  1.0960E-01
  2.6241E+02  2.8888E-01  1.0967E-01
  2.6277E+02  2.8860E-01  1.0974E-01
  2.6313E+02  2.8831E-01  1.0981E-01
  2.6349E+02  2.8802E-01  1.0987E-01
  2.6385E+02  2.8773E-01  1.0993E-01
  2.6420E+02  2.8744E-01  1.1000E-01
  2.6456E+02  2.8716E-01  1.1006E-01
  2.6492E+02  2.8687E-01  1.1012E-01
  2.6528E+02  2.8659E-01  1.1018E-01
  2.6564E+02  2.8630E-01  1.1024E-01
  2.6599E+02  2.8602E-01  1.1030E-01
  2.6635E+02  2.8574E-01  1.1036E-01
  2.6671E+02  2.8546E-01  1.1042E-01
  2.6707E+02  2.8518E-01  1.1048E-01
  2.6743E+02  2.8491E-01  1.1054E-01
  2.6778E+02  2.8464E-01  1.1060E-01
  2.6814E+02  2.8436E-01  1.1066E-01
  2.6850E+02  2.8410E-01  1.1072E-01
  2.6886E+02  2.8383E-01  1.1078E-01
  2.6922E+02  2.8357E-01  1.1085E-01
  2.6957E+02  2.8331E-01  1.1091E-01
  2.6993E+02  2.8305E-01  1.1097E-01
  2.7029E+02  2.8280E-01  1.1104E-01
  2.7065E+02  2.8255E-01  1.1111E-01
  2.7101E+02  2.8231E-01  1.1117E-01
  2.7136E+02  2.8207E-01  1.1124E-01
  2.7172E+02  2.8183E-01  1.1131E-01
  2.7208E+02  2.8160E-01  1.1138E-01
  2.7244E+02  2.8138E-01  1.1146E-01
  2.7280E+02  2.8116E-01  1.1153E-01
  2.7315E+02  2.8094E-01  1.1161E-01
  2.7351E+02  2.8073E-01  1.1169E-01
  2.7387E+02  2.8053E-01  1.1177E-01
  2.7423E+02  2.8033E-01  1.1185E-01
  2.7459E+02  2.8014E-01  1.1193E-01
  2.7494E+02  2.7996E-01  1.1202E-01
  2.7530E+02  2.7978E-01  1.1210E-01
  2.7566E+02  2.7961E-01  1.1219E-01
  2.7602E+02  2.7944E-01  1.1228E-01
  2.7638E+02  2.7928E-01  1.1237E-01
  2.7673E+02  2.7912E-01  1.1246E-01
  2.7709E+02  2.7897E-01  1.1255E-01
  2.7745E+02  2.7882E-01  1.1265E-01
  2.7781E+02  2.7867E-01  1.1274E-01
  2.7817E+02  2.7852E-01  1.1284E-01
  2.7852E+02  2.7838E-01  1.1294E-01
  2.7888E+02  2.7824E-01  1.1304E-01
  2.7924E+02  2.7809E-01  1.1314E-01
  2.7960E+02  2.7795E-01  1.1324E-01
  2.7996E+02  2.7781E-01  1.1334E-01
  2.8031E+02  2.7766E-01  1.1344E-01
  2.8067E+02  2.7751E-01  1.1355E-01
  2.8103E+02  2.7736E-01  1.1365E-01
  2.8139E+02  2.7720E-01  1.1376E-01
  2.8175E+02  2.7704E-01  1.1386E-01
  2.8210E+02  2.7688E-01  1.1397E-01
  2.8246E+02  2.7672E-01  1.1407E-01
  2.8282E+02  2.7655E-01  1.1418E-01
  2.8318E+02  2.7637E-01  1.1428E-01
  2.8354E+02  2.7619E-01  1.1439E-01
  2.8389E+02  2.7601E-01  1.1449E-01
  2.8425E+02  2.7583E-01  1.1459E-01
  2.8461E+02  2.7564E-01  1.1470E-01
  2.8497E+02  2.7545E-01  1.1480E-01
  2.8533E+02  2.7525E-01  1.1490E-01
  2.8568E+02  2.7506E-01  1.1500E-01
  2.8604E+02  2.7486E-01  1.1510E-01
  2.8640E+02  2.7466E-01  1.1520E-01
  2.8676E+02  2.7445E-01  1.1530E-01
  2.8712E+02  2.7425E-01  1.1540E-01
  2.8747E+02  2.7404E-01  1.1550E-01
  2.8783E+02  2.7384E-01  1.1559E-01
  2.8819E+02  2.7363E-01  1.1569E-01
  2.8855E+02  2.7342E-01  1.1578E-01
  2.8891E+02  2.7321E-01  1.1587E-01
  2.8926E+02  2.7300E-01  1.1596E-01
  2.8962E+02  2.7279E-01  1.1605E-01
  2.8998E+02  2.7258E-01  1.1614E-01
  2.9034E+02  2.7237E-01  1.1623E-01
  2.9070E+02  2.7215E-01  1.1631E-01
  2.9105E+02  2.7194E-01  1.1640E-01
  2.9141E+02  2.7172E-01  1.1648E-01
  2.9177E+02  2.7151E-01  1.1657E-01
  2.9213E+02  2.7129E-01  1.1665E-01
  2.9249E+02  2.7107E-01  1.1673E-01
  2.9284E+02  2.7085E-01  1.1681E-01
  2.9320E+02  2.7063E-01  1.1689E-01
  2.9356E+02  2.7041E-01  1.1697E-01
  2.9392E+02  2.7019E-01  1.1705E-01
  2.9428E+02  2.6997E-01  1.1712E-01
  2.9463E+02  2.6975E-01  1.1720E-01
  2.9499E+02  2.6952E-01  1.1727E-01
  2.9535E+02  2.6930E-01  1.1735E-01
  2.9571E+02  2.6908E-01  1.1742E-01
  2.9607E+02  2.6886E-01  1.1750E-01
  2.9642E+02  2.6863E-01  1.1757E-01
  2.9678E+02  2.6841E-01  1.1764E-01
  2.9714E+02  2.6819E-01  1.1771E-01
  2.9750E+02  2.6797E-01  1.1778E-01
  2.9786E+02  2.6775E-01  1.1785E-01
  2.9821E+02  2.6753E-01  1.1792E-01
  2.9857E+02  2.6732E-01  1.1799E-01
  2.9893E+02  2.6710E-01  1.1806E-01
  2.9929E+02  2.6689E-01  1.1812E-01
  2.9965E+02  2.6667E-01  1.1819E-01
  3.0000E+02  2.6646E-01  1.1826E-01
  3.0036E+02  2.6625E-01  1.1833E-01
  3.0072E+02  2.6604E-01  1.1839E-01
  3.0108E+02  2.6584E-01  1.1846E-01
  3.0144E+02  2.6563E-01  1.1853E-01
  3.0179E+02  2.6543E-01  1.1860E-01
  3.0215E+02  2.6523E-01  1.1866E-01
  3.0251E+02  2.6504E-01  1.1873E-01
  3.0287E+02  2.6485E-01  1.1880E-01
  3.0323E+02  2.6466E-01  1.1887E-01
  3.0358E+02  2.6447E-01  1.1894E-01
  3.0394E+02  2.6429E-01  1.1901E-01
  3.0430E+02  2.6411E-01  1.1908E-01
  3.0466E+02  2.6393E-01  1.1915E-01
  3.0502E+02  2.6376E-01  1.1922E-01
  3.0537E+02  2.6359E-01  1.1929E-01
  3.0573E+02  2.6343E-01  1.1936E-01
  3.0609E+02  2.6326E-01  1.1943E-01
  3.0645E+02  2.6311E-01  1.1950E-01
  3.0681E+02  2.6295E-01  1.1957E-01
  3.0716E+02  2.6280E-01  1.1964E-01
  3.0752E+02  2.6265E-01  1.1972E-01
  3.0788E+02  2.6250E-01  1.1979E-01
  3.0824E+02  2.6236E-01  1.1986E-01
  3.0860E+02  2.6222E-01  1.1994E-01
  3.0895E+02  2.6208E-01  1.2001E-01
  3.0931E+02  2.6193E-01  1.2009E-01
  3.0967E+02  2.6179E-01  1.2016E-01
  3.1003E+02  2.6165E-01  1.2024E-01
  3.1039E+02  2.6151E-01  1.2031E-01
  3.1074E+02  2.6137E-01  1.2039E-01
  3.1110E+02  2.6123E-01  1.2046E-01
  3.1146E+02  2.6108E-01  1.2054E-01
  3.1182E+02  2.6094E-01  1.2061E-01
  3.1218E+02  2.6079E-01  1.2069E-01
  3.1253E+02  2.6064E-01  1.2077E-01
  3.1289E+02  2.6048E-01  1.2084E-01
  3.1325E+02  2.6033E-01  1.2092E-01
  3.1361E+02  2.6017E-01  1.2099E-01
  3.1397E+02  2.6001E-01  1.2107E-01
  3.1432E+02  2.5984E-01  1.2114E-01
  3.1468E+02  2.5968E-01  1.2122E-01
  3.1504E+02  2.5951E-01  1.2129E-01
  3.1540E+02  2.5933E-01  1.2137E-01
  3.1576E+02  2.5916E-01  1.2144E-01
  3.1611E+02  2.5898E-01  1.2151E-01
  3.1647E+02  2.5880E-01  1.2159E-01
  3.1683E+02  2.5862E-01  1.2166E-01
  3.1719E+02  2.5844E-01  1.2173E-01
  3.1755E+02  2.5826E-01  1.2181E-01
  3.1790E+02  2.5807E-01  1.2188E-01
  3.1826E+02  2.5789E-01  1.2195E-01
  3.1862E+02  2.5770E-01  1.2202E-01
  3.1898E+02  2.5751E-01  1.2209E-01
  3.1934E+02  2.5732E-01  1.2216E-01
  3.1969E+02  2.5713E-01  1.2223E-01
  3.2005E+02  2.5695E-01  1.2230E-01
  3.2041E+02  2.5676E-01  1.2237E-01
  3.2077E+02  2.5657E-01  1.2244E-01
  3.2113E+02  2.5638E-01  1.2251E-01
  3.2148E+02  2.5619E-01  1.2258E-01
  3.2184E+02  2.5600E-01  1.2265E-01
  3.2220E+02  2.5581E-01  1.2271E-01
  3.2256E+02  2.5562E-01  1.2278E-01
  3.2292E+02  2.5543E-01  1.2285E-01
  3.2327E+02  2.5524E-01  1.2292E-01
  3.2363E+02  2.5506E-01  1.2298E-01
  3.2399E+02  2.5487E-01  1.2305E-01
  3.2435E+02  2.5468E-01  1.2312E-01
  3.2471E+02  2.5450E-01  1.2318E-01
  3.2506E+02  2.5432E-01  1.2325E-01
  3.2542E+02  2.5414E-01  1.2331E-01
  3.2578E+02  2.5395E-01  1.2338E-01
  3.2614E+02  2.5378E-01  1.2344E-01
  3.2650E+02  2.5360E-01  1.2351E-01
  3.2685E+02  2.5342E-01  1.2357E-01
  3.2721E+02  2.5325E-01  1.2364E-01
  3.2757E+02  2.5307E-01  1.2370E-01
  3.2793E+02  2.5290E-01  1.2376E-01
  3.2829E+02  2.5273E-01  1.2383E-01
  3.2864E+02  2.5256E-01  1.2389E-01
  3.2900E+02  2.5239E-01  1.2395E-01
  3.2936E+02  2.5223E-01  1.2401E-01
  3.2972E+02  2.5206E-01  1.2408E-01
  3.3008E+02  2.5189E-01  1.2414E-01
  3.3043E+02  2.5173E-01  1.2420E-01
  3.3079E+02  2.5156E-01  1.2426E-01
  3.3115E+02  2.5140E-01  1.2432E-01
  3.3151E+02  2.5123E-01  1.2439E-01
  3.3187E+02  2.5107E-01  1.2445E-01
  3.3222E+02  2.5090E-01  1.2451E-01
  3.3258E+02  2.5073E-01  1.2457E-01
  3.3294E+02  2.5057E-01  1.2463E-01
  3.3330E+02  2.5040E-01  1.2469E-01
  3.3366E+02  2.5023E-01  1.2475E-01
  3.3401E+02  2.5006E-01  1.2481E-01
  3.3437E+02  2.4988E-01  1.2487E-01
  3.3473E+02  2.4971E-01  1.2493E-01
  3.3509E+02  2.4953E-01  1.2499E-01
  3.3545E+02  2.4936E-01  1.2505E-01
  3.3580E+02  2.4918E-01  1.2511E-01
  3.3616E+02  2.4900E-01  1.2517E-01
  3.3652E+02  2.4881E-01  1.2523E-01
  3.3688E+02  2.4863E-01  1.2529E-01
  3.3724E+02  2.4844E-01  1.2535E-01
  3.3759E+02  2.4825E-01  1.2541E-01
  3.3795E+02  2.4806E-01  1.2547E-01
  3.3831E+02  2.4787E-01  1.2553E-01
  3.3867E+02  2.4767E-01  1.2559E-01
  3.3903E+02  2.4748E-01  1.2565E-01
  3.3938E+02  2.4728E-01  1.2571E-01
  3.3974E+02  2.4708E-01  1.2576E-01
  3.4010E+02  2.4687E-01  1.2582E-01
  3.4046E+02  2.4667E-01  1.2588E-01
  3.4082E+02  2.4646E-01  1.2594E-01
  3.4117E+02  2.4626E-01  1.2600E-01
  3.4153E+02  2.4605E-01  1.2606E-01
  3.4189E+02  2.4584E-01  1.2612E-01
  3.4225E+02  2.4562E-01  1.2618E-01
  3.4261E+02  2.4541E-01  1.2623E-01
  3.4296E+02  2.4520E-01  1.2629E-01
  3.4332E+02  2.4498E-01  1.2635E-01
  3.4368E+02  2.4477E-01  1.2641E-01
  3.4404E+02  2.4456E-01  1.2647E-01
  3.4440E+02  2.4434E-01  1.2653E-01
  3.4475E+02  2.4413E-01  1.2659E-01
  3.4511E+02  2.4392E-01  1.2665E-01
  3.4547E+02  2.4371E-01  1.2670E-01
  3.4583E+02  2.4350E-01  1.2676E-01
  3.4619E+02  2.4330E-01  1.2682E-01
  3.4654E+02  2.4309E-01  1.2688E-01
  3.4690E+02  2.4289E-01  1.2694E-01
  3.4726E+02  2.4269E-01  1.2700E-01
  3.4762E+02  2.4250E-01  1.2706E-01
  3.4798E+02  2.4230E-01  1.2711E-01
  3.4833E+02  2.4211E-01  1.2717E-01
  3.4869E+02  2.4192E-01  1.2723E-01
  3.4905E+02  2.4174E-01  1.2729E-01
  3.4941E+02  2.4156E-01  1.2735E-01
  3.4977E+02  2.4138E-01  1.2741E-01
  3.5012E+02  2.4120E-01  1.2746E-01
  3.5048E+02  2.4103E-01  1.2752E-01
  3.5084E+02  2.4086E-01  1.2758E-01
  3.5120E+02  2.4069E-01  1.2764E-01
  3.5156E+02  2.4052E-01  1.2770E-01
  3.5191E+02  2.4035E-01  1.2775E-01
  3.5227E+02  2.4019E-01  1.2781E-01
  3.5263E+02  2.4003E-01  1.2787E-01
  3.5299E+02  2.3986E-01  1.2792E-01
  3.5335E+02  2.3970E-01  1.2798E-01
  3.5370E+02  2.3954E-01  1.2804E-01
  3.5406E+02  2.3938E-01  1.2809E-01
  3.5442E+02  2.3922E-01  1.2815E-01
  3.5478E+02  2.3906E-01  1.2821E-01
  3.5514E+02  2.3890E-01  1.2826E-01
  3.5549E+02  2.3874E-01  1.2832E-01
  3.5585E+02  2.3857E-01  1.2837E-01
  3.5621E+02  2.3841E-01  1.2843E-01
  3.5657E+02  2.3825E-01  1.2848E-01
  3.5693E+02  2.3808E-01  1.2853E-01
  3.5728E+02  2.3792E-01  1.2859E-01
  3.5764E+02  2.3775E-01  1.2864E-01
  3.5800E+02  2.3758E-01  1.2869E-01
  3.5836E+02  2.3742E-01  1.2875E-01
  3.5872E+02  2.3725E-01  1.2880E-01
  3.5907E+02  2.3708E-01  1.2885E-01
  3.5943E+02  2.3691E-01  1.2890E-01
  3.5979E+02  2.3674E-01  1.2895E-01
  3.6015E+02  2.3657E-01  1.2900E-01
  3.6051E+02  2.3639E-01  1.2905E-01
  3.6086E+02  2.3622E-01  1.2910E-01
  3.6122E+02  2.3605E-01  1.2915E-01
  3.6158E+02  2.3588E-01  1.2920E-01
  3.6194E+02  2.3570E-01  1.2925E-01
  3.6230E+02  2.3553E-01  1.2930E-01
  3.6265E+02  2.3536E-01  1.2935E-01
  3.6301E+02  2.3518E-01  1.2940E-01
  3.6337E+02  2.3501E-01  1.2945E-01
  3.6373E+02  2.3484E-01  1.2949E-01
  3.6409E+02  2.3467E-01  1.2954E-01
  3.6444E+02  2.3450E-01  1.2959E-01
  3.6480E+02  2.3432E-01  1.2964E-01
  3.6516E+02  2.3415E-01  1.2969E-01
  3.6552E+02  2.3399E-01  1.2973E-01
  3.6588E+02  2.3382E-01  1.2978E-01
  3.6623E+02  2.3365E-01  1.2983E-01
  3.6659E+02  2.3348E-01  1.2988E-01
  3.6695E+02  2.3332E-01  1.2993E-01
  3.6731E+02  2.3315E-01  1.2997E-01
  3.6767E+02  2.3298E-01  1.3002E-01
  3.6802E+02  2.3282E-01  1.3007E-01
  3.6838E+02  2.3266E-01  1.3012E-01
  3.6874E+02  2.3249E-01  1.3017E-01
  3.6910E+02  2.3233E-01  1.3022E-01
  3.6946E+02  2.3217E-01  1.3026E-01
  3.6981E+02  2.3200E-01  1.3031E-01
  3.7017E+02  2.3184E-01  1.3036E-01
  3.7053E+02  2.3168E-01  1.3041E-01
  3.7089E+02  2.3151E-01  1.3046E-01
  3.7125E+02  2.3135E-01  1.3051E-01
  3.7160E+02  2.3118E-01  1.3056E-01
  3.7196E+02  2.3102E-01  1.3061E-01
  3.7232E+02  2.3085E-01  1.3066E-01
  3.7268E+02  2.3069E-01  1.3072E-01
  3.7304E+02  2.3052E-01  1.3077E-01
  3.7339E+02  2.3035E-01  1.3082E-01
  3.7375E+02  2.3018E-01  1.3087E-01
  3.7411E+02  2.3001E-01  1.3092E-01
  3.7447E+02  2.2984E-01  1.3097E-01
  3.7483E+02  2.2967E-01  1.3103E-01
  3.7518E+02  2.2950E-01  1.3108E-01
  3.7554E+02  2.2932E-01  1.3113E-01
  3.7590E+02  2.2915E-01  1.3118E-01
  3.7626E+02  2.2898E-01  1.3124E-01
  3.7662E+02  2.2880E-01  1.3129E-01
  3.7697E+02  2.2863E-01  1.3134E-01
  3.7733E+02  2.2845E-01  1.3139E-01
  3.7769E+02  2.2828E-01  1.3145E-01
  3.7805E+02  2.2810E-01  1.3150E-01
  3.7841E+02  2.2793E-01  1.3155E-01
  3.7876E+02  2.2776E-01  1.3160E-01
  3.7912E+02  2.2758E-01  1.3166E-01
  3.7948E+02  2.2741E-01  1.3171E-01
  3.7984E+02  2.2724E-01  1.3176E-01
  3.8020E+02  2.2707E-01  1.3181E-01
  3.8055E+02  2.2690E-01  1.3186E-01
  3.8091E+02  2.2673E-01  1.3192E-01
  3.8127E+02  2.2656E-01  1.3197E-01
  3.8163E+02  2.2639E-01  1.3202E-01
  3.8199E+02  2.2622E-01  1.3207E-01
  3.8234E+02  2.2606E-01  1.3212E-01
  3.8270E+02  2.2589E-01  1.3217E-01
  3.8306E+02  2.2573E-01  1.3222E-01
  3.8342E+02  2.2556E-01  1.3227E-01
  3.8378E+02  2.2540E-01  1.3232E-01
  3.8413E+02  2.2523E-01  1.3236E-01
  3.8449E+02  2.2507E-01  1.3241E-01
  3.8485E+02  2.2490E-01  1.3246E-01
  3.8521E+02  2.2474E-01  1.3251E-01
  3.8557E+02  2.2457E-01  1.3255E-01
  3.8592E+02  2.2441E-01  1.3260E-01
  3.8628E+02  2.2424E-01  1.3264E-01
  3.8664E+02  2.2407E-01  1.3269E-01
  3.8700E+02  2.2391E-01  1.3273E-01
  3.8736E+02  2.2374E-01  1.3277E-01
  3.8771E+02  2.2357E-01  1.3282E-01
  3.8807E+02  2.2340E-01  1.3286E-01
  3.8843E+02  2.2323E-01  1.3290E-01
  3.8879E+02  2.2306E-01  1.3294E-01
  3.8915E+02  2.2289E-01  1.3298E-01
  3.8950E+02  2.2272E-01  1.3302E-01
  3.8986E+02  2.2254E-01  1.3306E-01
  3.9022E+02  2.2237E-01  1.3310E-01
  3.9058E+02  2.2219E-01  1.3314E-01
  3.9094E+02  2.2202E-01  1.3318E-01
  3.9129E+02  2.2184E-01  1.3322E-01
  3.9165E+02  2.2167E-01  1.3326E-01
  3.9201E+02  2.2149E-01  1.3329E-01
  3.9237E+02  2.2131E-01  1.3333E-01
  3.9273E+02  2.2113E-01  1.3337E-01
  3.9308E+02  2.2096E-01  1.3340E-01
  3.9344E+02  2.2078E-01  1.3344E-01
  3.9380E+02  2.2060E-01  1.3348E-01
  3.9416E+02  2.2043E-01  1.3351E-01
  3.9452E+02  2.2025E-01  1.3355E-01
  3.9487E+02  2.2007E-01  1.3358E-01
  3.9523E+02  2.1990E-01  1.3362E-01
  3.9559E+02  2.1973E-01  1.3366E-01
  3.9595E+02  2.1955E-01  1.3369E-01
  3.9631E+02  2.1938E-01  1.3373E-01
  3.9666E+02  2.1921E-01  1.3377E-01
  3.9702E+02  2.1904E-01  1.3380E-01
  3.9738E+02  2.1887E-01  1.3384E-01
  3.9774E+02  2.1871E-01  1.3388E-01
  3.9810E+02  2.1854E-01  1.3392E-01
  3.9845E+02  2.1838E-01  1.3395E-01
  3.9881E+02  2.1822E-01  1.3399E-01
  3.9917E+02  2.1806E-01  1.3403E-01
  3.9953E+02  2.1790E-01  1.3407E-01
  3.9989E+02  2.1774E-01  1.3411E-01
  4.0024E+02  2.1758E-01  1.3415E-01
  4.0060E+02  2.1743E-01  1.3419E-01
  4.0096E+02  2.1727E-01  1.3423E-01
  4.0132E+02  2.1712E-01  1.3427E-01
  4.0168E+02  2.1697E-01  1.3431E-01
  4.0203E+02  2.1682E-01  1.3436E-01
  4.0239E+02  2.1667E-01  1.3440E-01
  4.0275E+02  2.1652E-01  1.3444E-01
  4.0311E+02  2.1637E-01  1.3448E-01
  4.0347E+02  2.1622E-01  1.3453E-01
  4.0382E+02  2.1607E-01  1.3457E-01
  4.0418E+02  2.1592E-01  1.3462E-01
  4.0454E+02  2.1577E-01  1.3466E-01
  4.0490E+02  2.1562E-01  1.3471E-01
  4.0526E+02  2.1547E-01  1.3475E-01
  4.0561E+02  2.1533E-01  1.3480E-01
  4.0597E+02  2.1518E-01  1.3484E-01
  4.0633E+02  2.1503E-01  1.3489E-01
  4.0669E+02  2.1488E-01  1.3494E-01
  4.0705E+02  2.1473E-01  1.3498E-01
  4.0740E+02  2.1457E-01  1.3503E-01
  4.0776E+02  2.1442E-01  1.3508E-01
  4.0812E+02  2.1427E-01  1.3512E-01
  4.0848E+02  2.1412E-01  1.3517E-01
  4.0884E+02  2.1397E-01  1.3521E-01
  4.0919E+02  2.1381E-01  1.3526E-01
  4.0955E+02  2.1366E-01  1.3531E-01
  4.0991E+02  2.1351E-01  1.3535E-01
  4.1027E+02  2.1335E-01  1.3540E-01
  4.1063E+02  2.1320E-01  1.3544E-01
  4.1098E+02  2.1304E-01  1.3549E-01
  4.1134E+02  2.1289E-01  1.3553E-01
  4.1170E+02  2.1273E-01  1.3558E-01
  4.1206E+02  2.1258E-01  1.3562E-01
  4.1242E+02  2.1242E-01  1.3566E-01
  4.1277E+02  2.1227E-01  1.3571E-01
  4.1313E+02  2.1211E-01  1.3575E-01
  4.1349E+02  2.1196E-01  1.3579E-01
  4.1385E+02  2.1180E-01  1.3583E-01
  4.1421E+02  2.1164E-01  1.3587E-01
  4.1456E+02  2.1149E-01  1.3591E-01
  4.1492E+02  2.1133E-01  1.3595E-01
  4.1528E+02  2.1118E-01  1.3599E-01
  4.1564E+02  2.1102E-01  1.3603E-01
  4.1600E+02  2.1087E-01  1.3607E-01
  4.1635E+02  2.1071E-01  1.3611E-01
  4.1671E+02  2.1055E-01  1.3614E-01
  4.1707E+02  2.1040E-01  1.3618E-01
  4.1743E+02  2.1024E-01  1.3622E-01
  4.1779E+02  2.1009E-01  1.3625E-01
  4.1814E+02  2.0993E-01  1.3628E-01
  4.1850E+02  2.0977E-01  1.3632E-01
  4.1886E+02  2.0962E-01  1.3635E-01
  4.1922E+02  2.0946E-01  1.3639E-01
  4.1958E+02  2.0930E-01  1.3642E-01
  4.1993E+02  2.0915E-01  1.3645E-01
  4.2029E+02  2.0899E-01  1.3648E-01
  4.2065E+02  2.0883E-01  1.3651E-01
  4.2101E+02  2.0868E-01  1.3654E-01
  4.2137E+02  2.0852E-01  1.3657E-01
  4.2172E+02  2.0836E-01  1.3660E-01
  4.2208E+02  2.0821E-01  1.3663E-01
  4.2244E+02  2.0805E-01  1.3666E-01
  4.2280E+02  2.0789E-01  1.3669E-01
  4.2316E+02  2.0773E-01  1.3672E-01
  4.2351E+02  2.0757E-01  1.3675E-01
  4.2387E+02  2.0741E-01  1.3678E-01
  4.2423E+02  2.0726E-01  1.3681E-01
  4.2459E+02  2.0710E-01  1.3684E-01
  4.2495E+02  2.0694E-01  1.3687E-01
  4.2530E+02  2.0678E-01  1.3690E-01
  4.2566E+02  2.0662E-01  1.3692E-01
  4.2602E+02  2.0646E-01  1.3695E-01
  4.2638E+02  2.0630E-01  1.3698E-01
  4.2674E+02  2.0614E-01  1.3701E-01
  4.2709E+02  2.0598E-01  1.3704E-01
  4.2745E+02  2.0583E-01  1.3707E-01
  4.2781E+02  2.0567E-01  1.3710E-01
  4.2817E+02  2.0551E-01  1.3713E-01
  4.2853E+02  2.0535E-01  1.3716E-01
  4.2888E+02  2.0519E-01  1.3719E-01
  4.2924E+02  2.0503E-01  1.3722E-01
  4.2960E+02  2.0488E-01  1.3725E-01
  4.2996E+02  2.0472E-01  1.3728E-01
  4.3032E+02  2.0456E-01  1.3731E-01
  4.3067E+02  2.0441E-01  1.3734E-01
  4.3103E+02  2.0425E-01  1.3737E-01
  4.3139E+02  2.0410E-01  1.3740E-01
  4.3175E+02  2.0394E-01  1.3744E-01
  4.3211E+02  2.0379E-01  1.3747E-01
  4.3246E+02  2.0363E-01  1.3750E-01
  4.3282E+02  2.0348E-01  1.3753E-01
  4.3318E+02  2.0333E-01  1.3757E-01
  4.3354E+02  2.0317E-01  1.3760E-01
  4.3390E+02  2.0302E-01  1.3763E-01
  4.3425E+02  2.0287E-01  1.3767E-01
  4.3461E+02  2.0272E-01  1.3770E-01
  4.3497E+02  2.0257E-01  1.3773E-01
  4.3533E+02  2.0241E-01  1.3777E-01
  4.3569E+02  2.0226E-01  1.3780E-01
  4.3604E+02  2.0211E-01  1.3784E-01
  4.3640E+02  2.0196E-01  1.3787E-01
  4.3676E+02  2.0181E-01  1.3790E-01
  4.3712E+02  2.0166E-01  1.3794E-01
  4.3748E+02  2.0151E-01  1.3797E-01
  4.3783E+02  2.0136E-01  1.3801E-01
  4.3819E+02  2.0121E-01  1.3804E-01
  4.3855E+02  2.0105E-01  1.3807E-01
  4.3891E+02  2.0090E-01  1.3811E-01
  4.3927E+02  2.0075E-01  1.3814E-01
  4.3962E+02  2.0060E-01  1.3818E-01
  4.3998E+02  2.0045E-01  1.3821E-01
  4.4034E+02  2.0030E-01  1.3824E-01
  4.4070E+02  2.0015E-01  1.3827E-01
  4.4106E+02  2.0000E-01  1.3831E-01
  4.4141E+02  1.9985E-01  1.3834E-01
  4.4177E+02  1.9970E-01  1.3837E-01
  4.4213E+02  1.9955E-01  1.3840E-01
  4.4249E+02  1.9940E-01  1.3843E-01
  4.4285E+02  1.9925E-01  1.3846E-01
  4.4320E+02  1.9910E-01  1.3849E-01
  4.4356E+02  1.9894E-01  1.3852E-01
  4.4392E+02  1.9879E-01  1.3855E-01
  4.4428E+02  1.9864E-01  1.3858E-01
  4.4464E+02  1.9849E-01  1.3861E-01
  4.4499E+02  1.9834E-01  1.3864E-01
  4.4535E+02  1.9819E-01  1.3867E-01
  4.4571E+02  1.9804E-01  1.3870E-01
  4.4607E+02  1.9788E-01  1.3873E-01
  4.4643E+02  1.9773E-01  1.3875E-01
  4.4678E+02  1.9758E-01  1.3878E-01
  4.4714E+02  1.9743E-01  1.3881E-01
  4.4750E+02  1.9728E-01  1.3883E-01
  4.4786E+02  1.9713E-01  1.3886E-01
  4.4822E+02  1.9697E-01  1.3889E-01
  4.4857E+02  1.9682E-01  1.3891E-01
  4.4893E+02  1.9667E-01  1.3894E-01
  4.4929E+02  1.9652E-01  1.3896E-01
  4.4965E+02  1.9636E-01  1.3899E-01
  4.5001E+02  1.9621E-01  1.3901E-01
  4.5036E+02  1.9606E-01  1.3904E-01
  4.5072E+02  1.9591E-01  1.3906E-01
  4.5108E+02  1.9576E-01  1.3909E-01
  4.5144E+02  1.9560E-01  1.3911E-01
  4.5180E+02  1.9545E-01  1.3913E-01
  4.5215E+02  1.9530E-01  1.3916E-01
  4.5251E+02  1.9515E-01  1.3918E-01
  4.5287E+02  1.9500E-01  1.3920E-01
  4.5323E+02  1.9485E-01  1.3923E-01
  4.5359E+02  1.9470E-01  1.3925E-01
  4.5394E+02  1.9455E-01  1.3927E-01
  4.5430E+02  1.9440E-01  1.3930E-01
  4.5466E+02  1.9425E-01  1.3932E-01
  4.5502E+02  1.9410E-01  1.3934E-01
  4.5538E+02  1.9395E-01  1.3937E-01
  4.5573E+02  1.9381E-01  1.3939E-01
  4.5609E+02  1.9366E-01  1.3942E-01
  4.5645E+02  1.9351E-01  1.3944E-01
  4.5681E+02  1.9336E-01  1.3946E-01
  4.5717E+02  1.9322E-01  1.3949E-01
  4.5752E+02  1.9307E-01  1.3951E-01
  4.5788E+02  1.9293E-01  1.3954E-01
  4.5824E+02  1.9278E-01  1.3956E-01
  4.5860E+02  1.9264E-01  1.3958E-01
  4.5896E+02  1.9249E-01  1.3961E-01
  4.5931E+02  1.9235E-01  1.3963E-01
  4.5967E+02  1.9220E-01  1.3966E-01
  4.6003E+02  1.9206E-01  1.3968E-01
  4.6039E+02  1.9192E-01  1.3971E-01
  4.6075E+02  1.9178E-01  1.3974E-01
  4.6110E+02  1.9163E-01  1.3976E-01
  4.6146E+02  1.9149E-01  1.3979E-01
  4.6182E+02  1.9135E-01  1.3981E-01
  4.6218E+02  1.9121E-01  1.3984E-01
  4.6254E+02  1.9107E-01  1.3987E-01
  4.6289E+02  1.9092E-01  1.3989E-01
  4.6325E+02  1.9078E-01  1.3992E-01
  4.6361E+02  1.9064E-01  1.3995E-01
  4.6397E+02  1.9050E-01  1.3997E-01
  4.6433E+02  1.9036E-01  1.4000E-01
  4.6468E+02  1.9022E-01  1.4003E-01
  4.6504E+02  1.9007E-01  1.4005E-01
  4.6540E+02  1.8993E-01  1.4008E-01
  4.6576E+02  1.8979E-01  1.4011E-01
  4.6612E+02  1.8965E-01  1.4013E-01
  4.6647E+02  1.8951E-01  1.4016E-01
  4.6683E+02  1.8936E-01  1.4019E-01
  4.6719E+02  1.8922E-01  1.4021E-01
  4.6755E+02  1.8908E-01  1.4024E-01
  4.6791E+02  1.8894E-01  1.4027E-01
  4.6826E+02  1.8879E-01  1.4029E-01
  4.6862E+02  1.8865E-01  1.4032E-01
  4.6898E+02  1.8851E-01  1.4035E-01
  4.6934E+02  1.8836E-01  1.4037E-01
  4.6970E+02  1.8822E-01  1.4040E-01
  4.7005E+02  1.8808E-01  1.4042E-01
  4.7041E+02  1.8793E-01  1.4045E-01
  4.7077E+02  1.8779E-01  1.4047E-01
  4.7113E+02  1.8765E-01  1.4050E-01
  4.7149E+02  1.8750E-01  1.4052E-01
  4.7184E+02  1.8736E-01  1.4055E-01
  4.7220E+02  1.8722E-01  1.4057E-01
  4.7256E+02  1.8707E-01  1.4059E-01
  4.7292E+02  1.8693E-01  1.4062E-01
  4.7328E+02  1.8679E-01  1.4064E-01
  4.7363E+02  1.8665E-01  1.4066E-01
  4.7399E+02  1.8650E-01  1.4068E-01
  4.7435E+02  1.8636E-01  1.4071E-01
  4.7471E+02  1.8622E-01  1.4073E-01
  4.7507E+02  1.8607E-01  1.4075E-01
  4.7542E+02  1.8593E-01  1.4077E-01
  4.7578E+02  1.8579E-01  1.4079E-01
  4.7614E+02  1.8565E-01  1.4081E-01
  4.7650E+02  1.8550E-01  1.4083E-01
  4.7686E+02  1.8536E-01  1.4085E-01
  4.7721E+02  1.8522E-01  1.4087E-01
  4.7757E+02  1.8508E-01  1.4089E-01
  4.7793E+02  1.8494E-01  1.4091E-01
  4.7829E+02  1.8479E-01  1.4093E-01
  4.7865E+02  1.8465E-01  1.4095E-01
  4.7900E+02  1.8451E-01  1.4097E-01
  4.7936E+02  1.8437E-01  1.4099E-01
  4.7972E+02  1.8422E-01  1.4101E-01
  4.8008E+02  1.8408E-01  1.4102E-01
  4.8044E+02  1.8394E-01  1.4104E-01
  4.8079E+02  1.8379E-01  1.4106E-01
  4.8115E+02  1.8365E-01  1.4108E-01
  4.8151E+02  1.8351E-01  1.4109E-01
  4.8187E+02  1.8337E-01  1.4111E-01
  4.8223E+02  1.8322E-01  1.4113E-01
  4.8258E+02  1.8308E-01  1.4115E-01
  4.8294E+02  1.8294E-01  1.4116E-01
  4.8330E+02  1.8280E-01  1.4118E-01
  4.8366E+02  1.8265E-01  1.4120E-01
  4.8402E+02  1.8251E-01  1.4121E-01
  4.8437E+02  1.8237E-01  1.4123E-01
  4.8473E+02  1.8223E-01  1.4125E-01
  4.8509E+02  1.8208E-01  1.4126E-01
  4.8545E+02  1.8194E-01  1.4128E-01
  4.8581E+02  1.8180E-01  1.4130E-01
  4.8616E+02  1.8166E-01  1.4131E-01
  4.8652E+02  1.8152E-01  1.4133E-01
  4.8688E+02  1.8138E-01  1.4135E-01
  4.8724E+02  1.8123E-01  1.4136E-01
  4.8760E+02  1.8109E-01  1.4138E-01
  4.8795E+02  1.8095E-01  1.4140E-01
  4.8831E+02  1.8081E-01  1.4142E-01
  4.8867E+02  1.8067E-01  1.4143E-01
  4.8903E+02  1.8053E-01  1.4145E-01
  4.8939E+02  1.8039E-01  1.4147E-01
  4.8974E+02  1.8025E-01  1.4149E-01
  4.9010E+02  1.8012E-01  1.4150E-01
  4.9046E+02  1.7998E-01  1.4152E-01
  4.9082E+02  1.7984E-01  1.4154E-01
  4.9118E+02  1.7970E-01  1.4156E-01
  4.9153E+02  1.7956E-01  1.4157E-01
  4.9189E+02  1.7943E-01  1.4159E-01
  4.9225E+02  1.7929E-01  1.4161E-01
  4.9261E+02  1.7915E-01  1.4163E-01
  4.9297E+02  1.7902E-01  1.4164E-01
  4.9332E+02  1.7888E-01  1.4166E-01
  4.9368E+02  1.7874E-01  1.4168E-01
  4.9404E+02  1.7861E-01  1.4170E-01
  4.9440E+02  1.7847E-01  1.4172E-01
  4.9476E+02  1.7834E-01  1.4173E-01
  4.9511E+02  1.7820E-01  1.4175E-01
  4.9547E+02  1.7807E-01  1.4177E-01
  4.9583E+02  1.7793E-01  1.4179E-01
  4.9619E+02  1.7780E-01  1.4181E-01
  4.9655E+02  1.7766E-01  1.4182E-01
  4.9690E+02  1.7753E-01  1.4184E-01
  4.9726E+02  1.7739E-01  1.4186E-01
  4.9762E+02  1.7726E-01  1.4188E-01
  4.9798E+02  1.7713E-01  1.4190E-01
  4.9834E+02  1.7699E-01  1.4191E-01
  4.9869E+02  1.7686E-01  1.4193E-01
