# CREATED BY GENE DIAGNOSTICS TOOL on Mon Jun 25 12:29:12 2018
# diag: GAMDIAG, run(s): 0197, time window: 0-500(1517 steps), species: ions
# original data path: /r/c/cmor/ZF_3rd/w7xhms05/0.5-1.5/
# normalization: L_ref=5.4832m
#
# xind= 0, x/a= 0.70710677, q= 1.1018624
# Fit:    1,0.25168388,7.4973882
# Analytic (Gao, Zhou/Yu): 0.32199362,-0.061895494,7.4920325
#  t          Re[phi]     Im[phi]   
  0.0000E+00  9.9997E-01  0.0000E+00
  3.3000E-01  9.9529E-01  7.1845E-04
  6.6000E-01  9.8220E-01  1.4272E-03
  9.9000E-01  9.6276E-01  2.1299E-03
  1.3200E+00  9.3915E-01  2.8265E-03
  1.6500E+00  9.1329E-01  3.5220E-03
  1.9800E+00  8.8669E-01  4.2196E-03
  2.3100E+00  8.6042E-01  4.9120E-03
  2.6400E+00  8.3516E-01  5.5832E-03
  2.9700E+00  8.1134E-01  6.2138E-03
  3.3000E+00  7.8914E-01  6.7861E-03
  3.6300E+00  7.6861E-01  7.2878E-03
  3.9600E+00  7.4967E-01  7.7131E-03
  4.2900E+00  7.3221E-01  8.0623E-03
  4.6200E+00  7.1610E-01  8.3412E-03
  4.9500E+00  7.0121E-01  8.5595E-03
  5.2800E+00  6.8740E-01  8.7301E-03
  5.6100E+00  6.7457E-01  8.8669E-03
  5.9400E+00  6.6261E-01  8.9839E-03
  6.2700E+00  6.5144E-01  9.0944E-03
  6.6000E+00  6.4098E-01  9.2094E-03
  6.9300E+00  6.3115E-01  9.3362E-03
  7.2600E+00  6.2189E-01  9.4818E-03
  7.5900E+00  6.1312E-01  9.6477E-03
  7.9200E+00  6.0478E-01  9.8322E-03
  8.2500E+00  5.9680E-01  1.0037E-02
  8.5800E+00  5.8914E-01  1.0257E-02
  8.9100E+00  5.8175E-01  1.0485E-02
  9.2400E+00  5.7461E-01  1.0718E-02
  9.5700E+00  5.6768E-01  1.0950E-02
  9.9000E+00  5.6093E-01  1.1178E-02
  1.0230E+01  5.5436E-01  1.1399E-02
  1.0560E+01  5.4798E-01  1.1603E-02
  1.0890E+01  5.4176E-01  1.1787E-02
  1.1220E+01  5.3569E-01  1.1948E-02
  1.1550E+01  5.2978E-01  1.2087E-02
  1.1880E+01  5.2404E-01  1.2196E-02
  1.2210E+01  5.1847E-01  1.2275E-02
  1.2540E+01  5.1306E-01  1.2325E-02
  1.2870E+01  5.0779E-01  1.2351E-02
  1.3200E+01  5.0267E-01  1.2358E-02
  1.3530E+01  4.9770E-01  1.2345E-02
  1.3860E+01  4.9289E-01  1.2312E-02
  1.4190E+01  4.8823E-01  1.2257E-02
  1.4520E+01  4.8371E-01  1.2181E-02
  1.4850E+01  4.7935E-01  1.2087E-02
  1.5180E+01  4.7516E-01  1.1981E-02
  1.5510E+01  4.7111E-01  1.1870E-02
  1.5840E+01  4.6720E-01  1.1757E-02
  1.6170E+01  4.6339E-01  1.1640E-02
  1.6500E+01  4.5967E-01  1.1519E-02
  1.6830E+01  4.5603E-01  1.1392E-02
  1.7160E+01  4.5249E-01  1.1263E-02
  1.7490E+01  4.4907E-01  1.1137E-02
  1.7820E+01  4.4580E-01  1.1021E-02
  1.8150E+01  4.4270E-01  1.0916E-02
  1.8480E+01  4.3979E-01  1.0817E-02
  1.8810E+01  4.3709E-01  1.0722E-02
  1.9140E+01  4.3461E-01  1.0633E-02
  1.9470E+01  4.3235E-01  1.0558E-02
  1.9800E+01  4.3030E-01  1.0507E-02
  2.0130E+01  4.2844E-01  1.0480E-02
  2.0460E+01  4.2672E-01  1.0473E-02
  2.0790E+01  4.2513E-01  1.0479E-02
  2.1120E+01  4.2365E-01  1.0493E-02
  2.1450E+01  4.2230E-01  1.0516E-02
  2.1780E+01  4.2112E-01  1.0556E-02
  2.2110E+01  4.2012E-01  1.0621E-02
  2.2440E+01  4.1931E-01  1.0716E-02
  2.2770E+01  4.1865E-01  1.0841E-02
  2.3100E+01  4.1811E-01  1.0987E-02
  2.3430E+01  4.1766E-01  1.1143E-02
  2.3760E+01  4.1730E-01  1.1304E-02
  2.4090E+01  4.1710E-01  1.1475E-02
  2.4420E+01  4.1711E-01  1.1668E-02
  2.4750E+01  4.1738E-01  1.1898E-02
  2.5080E+01  4.1793E-01  1.2175E-02
  2.5410E+01  4.1868E-01  1.2495E-02
  2.5740E+01  4.1949E-01  1.2836E-02
  2.6070E+01  4.2024E-01  1.3171E-02
  2.6400E+01  4.2080E-01  1.3478E-02
  2.6730E+01  4.2114E-01  1.3742E-02
  2.7060E+01  4.2128E-01  1.3965E-02
  2.7390E+01  4.2133E-01  1.4163E-02
  2.7720E+01  4.2147E-01  1.4368E-02
  2.8050E+01  4.2185E-01  1.4612E-02
  2.8380E+01  4.2256E-01  1.4915E-02
  2.8710E+01  4.2364E-01  1.5275E-02
  2.9040E+01  4.2502E-01  1.5679E-02
  2.9370E+01  4.2659E-01  1.6104E-02
  2.9700E+01  4.2824E-01  1.6528E-02
  3.0030E+01  4.2984E-01  1.6928E-02
  3.0360E+01  4.3129E-01  1.7290E-02
  3.0690E+01  4.3254E-01  1.7612E-02
  3.1020E+01  4.3359E-01  1.7903E-02
  3.1350E+01  4.3452E-01  1.8178E-02
  3.1680E+01  4.3539E-01  1.8451E-02
  3.2010E+01  4.3627E-01  1.8730E-02
  3.2340E+01  4.3721E-01  1.9022E-02
  3.2670E+01  4.3824E-01  1.9329E-02
  3.3000E+01  4.3940E-01  1.9652E-02
  3.3330E+01  4.4067E-01  1.9988E-02
  3.3660E+01  4.4202E-01  2.0327E-02
  3.3990E+01  4.4338E-01  2.0652E-02
  3.4320E+01  4.4467E-01  2.0947E-02
  3.4650E+01  4.4582E-01  2.1199E-02
  3.4980E+01  4.4681E-01  2.1406E-02
  3.5310E+01  4.4768E-01  2.1576E-02
  3.5640E+01  4.4850E-01  2.1728E-02
  3.5970E+01  4.4937E-01  2.1885E-02
  3.6300E+01  4.5036E-01  2.2065E-02
  3.6630E+01  4.5149E-01  2.2284E-02
  3.6960E+01  4.5279E-01  2.2544E-02
  3.7290E+01  4.5422E-01  2.2843E-02
  3.7620E+01  4.5576E-01  2.3170E-02
  3.7950E+01  4.5736E-01  2.3511E-02
  3.8280E+01  4.5897E-01  2.3851E-02
  3.8610E+01  4.6051E-01  2.4176E-02
  3.8940E+01  4.6191E-01  2.4466E-02
  3.9270E+01  4.6308E-01  2.4706E-02
  3.9600E+01  4.6394E-01  2.4883E-02
  3.9930E+01  4.6446E-01  2.4988E-02
  4.0260E+01  4.6461E-01  2.5025E-02
  4.0590E+01  4.6444E-01  2.5007E-02
  4.0920E+01  4.6402E-01  2.4959E-02
  4.1250E+01  4.6346E-01  2.4905E-02
  4.1580E+01  4.6289E-01  2.4870E-02
  4.1910E+01  4.6240E-01  2.4873E-02
  4.2240E+01  4.6210E-01  2.4925E-02
  4.2570E+01  4.6203E-01  2.5027E-02
  4.2900E+01  4.6222E-01  2.5174E-02
  4.3230E+01  4.6266E-01  2.5354E-02
  4.3560E+01  4.6331E-01  2.5552E-02
  4.3890E+01  4.6411E-01  2.5756E-02
  4.4220E+01  4.6501E-01  2.5957E-02
  4.4550E+01  4.6595E-01  2.6147E-02
  4.4880E+01  4.6690E-01  2.6327E-02
  4.5210E+01  4.6781E-01  2.6497E-02
  4.5540E+01  4.6864E-01  2.6655E-02
  4.5870E+01  4.6936E-01  2.6796E-02
  4.6200E+01  4.6993E-01  2.6914E-02
  4.6530E+01  4.7031E-01  2.7004E-02
  4.6860E+01  4.7048E-01  2.7065E-02
  4.7190E+01  4.7046E-01  2.7098E-02
  4.7520E+01  4.7025E-01  2.7107E-02
  4.7850E+01  4.6987E-01  2.7097E-02
  4.8180E+01  4.6936E-01  2.7077E-02
  4.8510E+01  4.6873E-01  2.7054E-02
  4.8840E+01  4.6803E-01  2.7036E-02
  4.9170E+01  4.6726E-01  2.7025E-02
  4.9500E+01  4.6645E-01  2.7025E-02
  4.9830E+01  4.6564E-01  2.7040E-02
  5.0160E+01  4.6486E-01  2.7076E-02
  5.0490E+01  4.6417E-01  2.7144E-02
  5.0820E+01  4.6361E-01  2.7250E-02
  5.1150E+01  4.6321E-01  2.7401E-02
  5.1480E+01  4.6299E-01  2.7596E-02
  5.1810E+01  4.6295E-01  2.7835E-02
  5.2140E+01  4.6305E-01  2.8108E-02
  5.2470E+01  4.6325E-01  2.8398E-02
  5.2800E+01  4.6349E-01  2.8684E-02
  5.3130E+01  4.6372E-01  2.8943E-02
  5.3460E+01  4.6392E-01  2.9162E-02
  5.3790E+01  4.6408E-01  2.9339E-02
  5.4120E+01  4.6421E-01  2.9486E-02
  5.4450E+01  4.6436E-01  2.9622E-02
  5.4780E+01  4.6454E-01  2.9764E-02
  5.5110E+01  4.6477E-01  2.9926E-02
  5.5440E+01  4.6505E-01  3.0111E-02
  5.5770E+01  4.6537E-01  3.0316E-02
  5.6100E+01  4.6569E-01  3.0537E-02
  5.6430E+01  4.6599E-01  3.0769E-02
  5.6760E+01  4.6624E-01  3.1012E-02
  5.7090E+01  4.6642E-01  3.1264E-02
  5.7420E+01  4.6651E-01  3.1527E-02
  5.7750E+01  4.6650E-01  3.1796E-02
  5.8080E+01  4.6638E-01  3.2073E-02
  5.8410E+01  4.6614E-01  3.2352E-02
  5.8740E+01  4.6580E-01  3.2631E-02
  5.9070E+01  4.6535E-01  3.2904E-02
  5.9400E+01  4.6479E-01  3.3163E-02
  5.9730E+01  4.6413E-01  3.3398E-02
  6.0060E+01  4.6335E-01  3.3598E-02
  6.0390E+01  4.6247E-01  3.3758E-02
  6.0720E+01  4.6150E-01  3.3876E-02
  6.1050E+01  4.6046E-01  3.3956E-02
  6.1380E+01  4.5940E-01  3.4009E-02
  6.1710E+01  4.5834E-01  3.4046E-02
  6.2040E+01  4.5731E-01  3.4078E-02
  6.2370E+01  4.5636E-01  3.4114E-02
  6.2700E+01  4.5550E-01  3.4156E-02
  6.3030E+01  4.5473E-01  3.4206E-02
  6.3360E+01  4.5408E-01  3.4266E-02
  6.3690E+01  4.5355E-01  3.4337E-02
  6.4020E+01  4.5312E-01  3.4422E-02
  6.4350E+01  4.5281E-01  3.4523E-02
  6.4680E+01  4.5260E-01  3.4639E-02
  6.5010E+01  4.5247E-01  3.4772E-02
  6.5340E+01  4.5242E-01  3.4925E-02
  6.5670E+01  4.5244E-01  3.5101E-02
  6.6000E+01  4.5253E-01  3.5299E-02
  6.6330E+01  4.5267E-01  3.5518E-02
  6.6660E+01  4.5284E-01  3.5750E-02
  6.6990E+01  4.5305E-01  3.5990E-02
  6.7320E+01  4.5326E-01  3.6232E-02
  6.7650E+01  4.5348E-01  3.6476E-02
  6.7980E+01  4.5370E-01  3.6721E-02
  6.8310E+01  4.5391E-01  3.6971E-02
  6.8640E+01  4.5411E-01  3.7225E-02
  6.8970E+01  4.5430E-01  3.7484E-02
  6.9300E+01  4.5445E-01  3.7742E-02
  6.9630E+01  4.5457E-01  3.7992E-02
  6.9960E+01  4.5464E-01  3.8230E-02
  7.0290E+01  4.5468E-01  3.8452E-02
  7.0620E+01  4.5467E-01  3.8658E-02
  7.0950E+01  4.5462E-01  3.8849E-02
  7.1280E+01  4.5454E-01  3.9029E-02
  7.1610E+01  4.5442E-01  3.9200E-02
  7.1940E+01  4.5429E-01  3.9367E-02
  7.2270E+01  4.5414E-01  3.9534E-02
  7.2600E+01  4.5398E-01  3.9705E-02
  7.2930E+01  4.5382E-01  3.9884E-02
  7.3260E+01  4.5366E-01  4.0070E-02
  7.3590E+01  4.5349E-01  4.0258E-02
  7.3920E+01  4.5333E-01  4.0444E-02
  7.4250E+01  4.5315E-01  4.0622E-02
  7.4580E+01  4.5296E-01  4.0788E-02
  7.4910E+01  4.5276E-01  4.0942E-02
  7.5240E+01  4.5256E-01  4.1089E-02
  7.5570E+01  4.5235E-01  4.1235E-02
  7.5900E+01  4.5216E-01  4.1388E-02
  7.6230E+01  4.5200E-01  4.1558E-02
  7.6560E+01  4.5188E-01  4.1749E-02
  7.6890E+01  4.5180E-01  4.1965E-02
  7.7220E+01  4.5177E-01  4.2206E-02
  7.7550E+01  4.5179E-01  4.2468E-02
  7.7880E+01  4.5183E-01  4.2744E-02
  7.8210E+01  4.5190E-01  4.3028E-02
  7.8540E+01  4.5195E-01  4.3308E-02
  7.8870E+01  4.5198E-01  4.3574E-02
  7.9200E+01  4.5196E-01  4.3818E-02
  7.9530E+01  4.5186E-01  4.4028E-02
  7.9860E+01  4.5169E-01  4.4200E-02
  8.0190E+01  4.5144E-01  4.4334E-02
  8.0520E+01  4.5112E-01  4.4438E-02
  8.0850E+01  4.5077E-01  4.4524E-02
  8.1180E+01  4.5040E-01  4.4608E-02
  8.1510E+01  4.5006E-01  4.4702E-02
  8.1840E+01  4.4976E-01  4.4818E-02
  8.2170E+01  4.4952E-01  4.4959E-02
  8.2500E+01  4.4934E-01  4.5126E-02
  8.2830E+01  4.4923E-01  4.5315E-02
  8.3160E+01  4.4917E-01  4.5519E-02
  8.3490E+01  4.4914E-01  4.5729E-02
  8.3820E+01  4.4912E-01  4.5937E-02
  8.4150E+01  4.4909E-01  4.6138E-02
  8.4480E+01  4.4905E-01  4.6327E-02
  8.4810E+01  4.4898E-01  4.6504E-02
  8.5140E+01  4.4888E-01  4.6670E-02
  8.5470E+01  4.4875E-01  4.6828E-02
  8.5800E+01  4.4860E-01  4.6979E-02
  8.6130E+01  4.4844E-01  4.7126E-02
  8.6460E+01  4.4828E-01  4.7271E-02
  8.6790E+01  4.4812E-01  4.7420E-02
  8.7120E+01  4.4798E-01  4.7578E-02
  8.7450E+01  4.4786E-01  4.7748E-02
  8.7780E+01  4.4777E-01  4.7929E-02
  8.8110E+01  4.4771E-01  4.8122E-02
  8.8440E+01  4.4767E-01  4.8325E-02
  8.8770E+01  4.4767E-01  4.8535E-02
  8.9100E+01  4.4768E-01  4.8749E-02
  8.9430E+01  4.4772E-01  4.8965E-02
  8.9760E+01  4.4776E-01  4.9177E-02
  9.0090E+01  4.4780E-01  4.9383E-02
  9.0420E+01  4.4785E-01  4.9577E-02
  9.0750E+01  4.4789E-01  4.9761E-02
  9.1080E+01  4.4793E-01  4.9936E-02
  9.1410E+01  4.4797E-01  5.0106E-02
  9.1740E+01  4.4802E-01  5.0278E-02
  9.2070E+01  4.4807E-01  5.0453E-02
  9.2400E+01  4.4813E-01  5.0636E-02
  9.2730E+01  4.4819E-01  5.0825E-02
  9.3060E+01  4.4826E-01  5.1019E-02
  9.3390E+01  4.4833E-01  5.1216E-02
  9.3720E+01  4.4839E-01  5.1411E-02
  9.4050E+01  4.4845E-01  5.1604E-02
  9.4380E+01  4.4850E-01  5.1793E-02
  9.4710E+01  4.4853E-01  5.1975E-02
  9.5040E+01  4.4854E-01  5.2148E-02
  9.5370E+01  4.4852E-01  5.2311E-02
  9.5700E+01  4.4848E-01  5.2463E-02
  9.6030E+01  4.4841E-01  5.2604E-02
  9.6360E+01  4.4832E-01  5.2736E-02
  9.6690E+01  4.4822E-01  5.2863E-02
  9.7020E+01  4.4810E-01  5.2990E-02
  9.7350E+01  4.4798E-01  5.3117E-02
  9.7680E+01  4.4787E-01  5.3250E-02
  9.8010E+01  4.4776E-01  5.3389E-02
  9.8340E+01  4.4767E-01  5.3536E-02
  9.8670E+01  4.4760E-01  5.3691E-02
  9.9000E+01  4.4754E-01  5.3856E-02
  9.9330E+01  4.4751E-01  5.4031E-02
  9.9660E+01  4.4750E-01  5.4215E-02
  9.9990E+01  4.4750E-01  5.4408E-02
  1.0032E+02  4.4753E-01  5.4607E-02
  1.0065E+02  4.4756E-01  5.4810E-02
  1.0098E+02  4.4760E-01  5.5014E-02
  1.0131E+02  4.4764E-01  5.5215E-02
  1.0164E+02  4.4767E-01  5.5411E-02
  1.0197E+02  4.4769E-01  5.5600E-02
  1.0230E+02  4.4770E-01  5.5780E-02
  1.0263E+02  4.4770E-01  5.5951E-02
  1.0296E+02  4.4767E-01  5.6113E-02
  1.0329E+02  4.4762E-01  5.6265E-02
  1.0362E+02  4.4756E-01  5.6409E-02
  1.0395E+02  4.4747E-01  5.6546E-02
  1.0428E+02  4.4737E-01  5.6680E-02
  1.0461E+02  4.4726E-01  5.6812E-02
  1.0494E+02  4.4714E-01  5.6944E-02
  1.0527E+02  4.4701E-01  5.7076E-02
  1.0560E+02  4.4687E-01  5.7208E-02
  1.0593E+02  4.4672E-01  5.7338E-02
  1.0626E+02  4.4656E-01  5.7462E-02
  1.0659E+02  4.4640E-01  5.7580E-02
  1.0692E+02  4.4623E-01  5.7693E-02
  1.0725E+02  4.4606E-01  5.7805E-02
  1.0758E+02  4.4590E-01  5.7921E-02
  1.0791E+02  4.4575E-01  5.8048E-02
  1.0824E+02  4.4561E-01  5.8188E-02
  1.0857E+02  4.4550E-01  5.8341E-02
  1.0890E+02  4.4539E-01  5.8506E-02
  1.0923E+02  4.4529E-01  5.8677E-02
  1.0956E+02  4.4520E-01  5.8850E-02
  1.0989E+02  4.4511E-01  5.9022E-02
  1.1022E+02  4.4501E-01  5.9191E-02
  1.1055E+02  4.4490E-01  5.9354E-02
  1.1088E+02  4.4478E-01  5.9514E-02
  1.1121E+02  4.4466E-01  5.9670E-02
  1.1154E+02  4.4452E-01  5.9826E-02
  1.1187E+02  4.4438E-01  5.9984E-02
  1.1220E+02  4.4424E-01  6.0146E-02
  1.1253E+02  4.4409E-01  6.0312E-02
  1.1286E+02  4.4395E-01  6.0482E-02
  1.1319E+02  4.4381E-01  6.0656E-02
  1.1352E+02  4.4368E-01  6.0832E-02
  1.1385E+02  4.4354E-01  6.1007E-02
  1.1418E+02  4.4341E-01  6.1181E-02
  1.1451E+02  4.4328E-01  6.1353E-02
  1.1484E+02  4.4314E-01  6.1524E-02
  1.1517E+02  4.4300E-01  6.1695E-02
  1.1550E+02  4.4286E-01  6.1869E-02
  1.1583E+02  4.4272E-01  6.2047E-02
  1.1616E+02  4.4258E-01  6.2231E-02
  1.1649E+02  4.4244E-01  6.2420E-02
  1.1682E+02  4.4230E-01  6.2615E-02
  1.1715E+02  4.4215E-01  6.2814E-02
  1.1748E+02  4.4200E-01  6.3015E-02
  1.1781E+02  4.4185E-01  6.3215E-02
  1.1814E+02  4.4168E-01  6.3410E-02
  1.1847E+02  4.4151E-01  6.3597E-02
  1.1880E+02  4.4131E-01  6.3773E-02
  1.1913E+02  4.4110E-01  6.3935E-02
  1.1946E+02  4.4087E-01  6.4081E-02
  1.1979E+02  4.4062E-01  6.4214E-02
  1.2012E+02  4.4035E-01  6.4333E-02
  1.2045E+02  4.4007E-01  6.4441E-02
  1.2078E+02  4.3978E-01  6.4540E-02
  1.2111E+02  4.3949E-01  6.4631E-02
  1.2144E+02  4.3920E-01  6.4720E-02
  1.2177E+02  4.3891E-01  6.4808E-02
  1.2210E+02  4.3864E-01  6.4900E-02
  1.2243E+02  4.3838E-01  6.4997E-02
  1.2276E+02  4.3813E-01  6.5102E-02
  1.2309E+02  4.3791E-01  6.5214E-02
  1.2342E+02  4.3770E-01  6.5334E-02
  1.2375E+02  4.3751E-01  6.5460E-02
  1.2408E+02  4.3733E-01  6.5592E-02
  1.2441E+02  4.3716E-01  6.5727E-02
  1.2474E+02  4.3700E-01  6.5865E-02
  1.2507E+02  4.3684E-01  6.6004E-02
  1.2540E+02  4.3668E-01  6.6144E-02
  1.2573E+02  4.3653E-01  6.6284E-02
  1.2606E+02  4.3637E-01  6.6426E-02
  1.2639E+02  4.3621E-01  6.6569E-02
  1.2672E+02  4.3605E-01  6.6714E-02
  1.2705E+02  4.3590E-01  6.6862E-02
  1.2738E+02  4.3574E-01  6.7012E-02
  1.2771E+02  4.3559E-01  6.7165E-02
  1.2804E+02  4.3544E-01  6.7320E-02
  1.2837E+02  4.3529E-01  6.7479E-02
  1.2870E+02  4.3515E-01  6.7640E-02
  1.2903E+02  4.3501E-01  6.7804E-02
  1.2936E+02  4.3487E-01  6.7969E-02
  1.2969E+02  4.3472E-01  6.8134E-02
  1.3002E+02  4.3458E-01  6.8297E-02
  1.3035E+02  4.3443E-01  6.8457E-02
  1.3068E+02  4.3429E-01  6.8614E-02
  1.3101E+02  4.3413E-01  6.8768E-02
  1.3134E+02  4.3398E-01  6.8920E-02
  1.3167E+02  4.3382E-01  6.9070E-02
  1.3200E+02  4.3365E-01  6.9218E-02
  1.3233E+02  4.3349E-01  6.9365E-02
  1.3266E+02  4.3332E-01  6.9510E-02
  1.3299E+02  4.3315E-01  6.9652E-02
  1.3332E+02  4.3298E-01  6.9791E-02
  1.3365E+02  4.3280E-01  6.9927E-02
  1.3398E+02  4.3263E-01  7.0063E-02
  1.3431E+02  4.3246E-01  7.0199E-02
  1.3464E+02  4.3229E-01  7.0338E-02
  1.3497E+02  4.3212E-01  7.0479E-02
  1.3530E+02  4.3197E-01  7.0625E-02
  1.3563E+02  4.3182E-01  7.0774E-02
  1.3596E+02  4.3167E-01  7.0926E-02
  1.3629E+02  4.3153E-01  7.1078E-02
  1.3662E+02  4.3140E-01  7.1230E-02
  1.3695E+02  4.3126E-01  7.1379E-02
  1.3728E+02  4.3113E-01  7.1526E-02
  1.3761E+02  4.3100E-01  7.1670E-02
  1.3794E+02  4.3086E-01  7.1811E-02
  1.3827E+02  4.3073E-01  7.1951E-02
  1.3860E+02  4.3060E-01  7.2090E-02
  1.3893E+02  4.3046E-01  7.2229E-02
  1.3926E+02  4.3033E-01  7.2369E-02
  1.3959E+02  4.3021E-01  7.2511E-02
  1.3992E+02  4.3008E-01  7.2655E-02
  1.4025E+02  4.2995E-01  7.2799E-02
  1.4058E+02  4.2983E-01  7.2945E-02
  1.4091E+02  4.2970E-01  7.3091E-02
  1.4124E+02  4.2957E-01  7.3237E-02
  1.4157E+02  4.2944E-01  7.3381E-02
  1.4190E+02  4.2931E-01  7.3524E-02
  1.4223E+02  4.2918E-01  7.3666E-02
  1.4256E+02  4.2905E-01  7.3806E-02
  1.4289E+02  4.2891E-01  7.3946E-02
  1.4322E+02  4.2877E-01  7.4085E-02
  1.4355E+02  4.2863E-01  7.4224E-02
  1.4388E+02  4.2849E-01  7.4363E-02
  1.4421E+02  4.2834E-01  7.4503E-02
  1.4454E+02  4.2820E-01  7.4642E-02
  1.4487E+02  4.2805E-01  7.4780E-02
  1.4520E+02  4.2790E-01  7.4918E-02
  1.4553E+02  4.2776E-01  7.5056E-02
  1.4586E+02  4.2761E-01  7.5194E-02
  1.4619E+02  4.2747E-01  7.5333E-02
  1.4652E+02  4.2732E-01  7.5473E-02
  1.4685E+02  4.2718E-01  7.5617E-02
  1.4718E+02  4.2705E-01  7.5764E-02
  1.4751E+02  4.2691E-01  7.5914E-02
  1.4784E+02  4.2678E-01  7.6066E-02
  1.4817E+02  4.2665E-01  7.6221E-02
  1.4850E+02  4.2653E-01  7.6376E-02
  1.4883E+02  4.2640E-01  7.6532E-02
  1.4916E+02  4.2627E-01  7.6685E-02
  1.4949E+02  4.2615E-01  7.6836E-02
  1.4982E+02  4.2601E-01  7.6983E-02
  1.5015E+02  4.2588E-01  7.7127E-02
  1.5048E+02  4.2574E-01  7.7268E-02
  1.5081E+02  4.2560E-01  7.7405E-02
  1.5114E+02  4.2545E-01  7.7541E-02
  1.5147E+02  4.2531E-01  7.7676E-02
  1.5180E+02  4.2516E-01  7.7811E-02
  1.5213E+02  4.2501E-01  7.7948E-02
  1.5246E+02  4.2486E-01  7.8085E-02
  1.5279E+02  4.2471E-01  7.8223E-02
  1.5312E+02  4.2456E-01  7.8362E-02
  1.5345E+02  4.2441E-01  7.8502E-02
  1.5378E+02  4.2426E-01  7.8641E-02
  1.5411E+02  4.2411E-01  7.8780E-02
  1.5444E+02  4.2397E-01  7.8919E-02
  1.5477E+02  4.2382E-01  7.9059E-02
  1.5510E+02  4.2368E-01  7.9199E-02
  1.5543E+02  4.2354E-01  7.9339E-02
  1.5576E+02  4.2340E-01  7.9480E-02
  1.5609E+02  4.2326E-01  7.9621E-02
  1.5642E+02  4.2312E-01  7.9763E-02
  1.5675E+02  4.2298E-01  7.9906E-02
  1.5708E+02  4.2284E-01  8.0048E-02
  1.5741E+02  4.2270E-01  8.0192E-02
  1.5774E+02  4.2257E-01  8.0336E-02
  1.5807E+02  4.2243E-01  8.0479E-02
  1.5840E+02  4.2230E-01  8.0622E-02
  1.5873E+02  4.2216E-01  8.0763E-02
  1.5906E+02  4.2202E-01  8.0903E-02
  1.5939E+02  4.2189E-01  8.1041E-02
  1.5972E+02  4.2175E-01  8.1175E-02
  1.6005E+02  4.2160E-01  8.1308E-02
  1.6038E+02  4.2146E-01  8.1438E-02
  1.6071E+02  4.2132E-01  8.1567E-02
  1.6104E+02  4.2117E-01  8.1696E-02
  1.6137E+02  4.2103E-01  8.1826E-02
  1.6170E+02  4.2088E-01  8.1958E-02
  1.6203E+02  4.2074E-01  8.2091E-02
  1.6236E+02  4.2060E-01  8.2227E-02
  1.6269E+02  4.2045E-01  8.2364E-02
  1.6302E+02  4.2031E-01  8.2501E-02
  1.6335E+02  4.2017E-01  8.2639E-02
  1.6368E+02  4.2003E-01  8.2777E-02
  1.6401E+02  4.1988E-01  8.2913E-02
  1.6434E+02  4.1974E-01  8.3049E-02
  1.6467E+02  4.1959E-01  8.3184E-02
  1.6500E+02  4.1944E-01  8.3318E-02
  1.6533E+02  4.1929E-01  8.3452E-02
  1.6566E+02  4.1914E-01  8.3586E-02
  1.6599E+02  4.1899E-01  8.3720E-02
  1.6632E+02  4.1884E-01  8.3854E-02
  1.6665E+02  4.1868E-01  8.3989E-02
  1.6698E+02  4.1853E-01  8.4125E-02
  1.6731E+02  4.1838E-01  8.4262E-02
  1.6764E+02  4.1823E-01  8.4401E-02
  1.6797E+02  4.1808E-01  8.4542E-02
  1.6830E+02  4.1794E-01  8.4683E-02
  1.6863E+02  4.1779E-01  8.4825E-02
  1.6896E+02  4.1764E-01  8.4967E-02
  1.6929E+02  4.1749E-01  8.5109E-02
  1.6962E+02  4.1734E-01  8.5251E-02
  1.6995E+02  4.1719E-01  8.5392E-02
  1.7028E+02  4.1704E-01  8.5532E-02
  1.7061E+02  4.1688E-01  8.5672E-02
  1.7094E+02  4.1673E-01  8.5811E-02
  1.7127E+02  4.1658E-01  8.5948E-02
  1.7160E+02  4.1643E-01  8.6084E-02
  1.7193E+02  4.1627E-01  8.6220E-02
  1.7226E+02  4.1612E-01  8.6354E-02
  1.7259E+02  4.1597E-01  8.6487E-02
  1.7292E+02  4.1581E-01  8.6620E-02
  1.7325E+02  4.1566E-01  8.6752E-02
  1.7358E+02  4.1550E-01  8.6883E-02
  1.7391E+02  4.1535E-01  8.7015E-02
  1.7424E+02  4.1520E-01  8.7146E-02
  1.7457E+02  4.1505E-01  8.7278E-02
  1.7490E+02  4.1489E-01  8.7411E-02
  1.7523E+02  4.1474E-01  8.7544E-02
  1.7556E+02  4.1460E-01  8.7678E-02
  1.7589E+02  4.1445E-01  8.7813E-02
  1.7622E+02  4.1430E-01  8.7949E-02
  1.7655E+02  4.1415E-01  8.8084E-02
  1.7688E+02  4.1400E-01  8.8220E-02
  1.7721E+02  4.1386E-01  8.8355E-02
  1.7754E+02  4.1371E-01  8.8489E-02
  1.7787E+02  4.1356E-01  8.8623E-02
  1.7820E+02  4.1341E-01  8.8756E-02
  1.7853E+02  4.1326E-01  8.8889E-02
  1.7886E+02  4.1311E-01  8.9021E-02
  1.7919E+02  4.1295E-01  8.9152E-02
  1.7952E+02  4.1280E-01  8.9281E-02
  1.7985E+02  4.1264E-01  8.9409E-02
  1.8018E+02  4.1249E-01  8.9536E-02
  1.8051E+02  4.1233E-01  8.9661E-02
  1.8084E+02  4.1217E-01  8.9785E-02
  1.8117E+02  4.1202E-01  8.9909E-02
  1.8150E+02  4.1186E-01  9.0033E-02
  1.8183E+02  4.1170E-01  9.0158E-02
  1.8216E+02  4.1154E-01  9.0284E-02
  1.8249E+02  4.1139E-01  9.0412E-02
  1.8282E+02  4.1123E-01  9.0540E-02
  1.8315E+02  4.1108E-01  9.0671E-02
  1.8348E+02  4.1093E-01  9.0803E-02
  1.8381E+02  4.1077E-01  9.0935E-02
  1.8414E+02  4.1062E-01  9.1068E-02
  1.8447E+02  4.1047E-01  9.1202E-02
  1.8480E+02  4.1032E-01  9.1335E-02
  1.8513E+02  4.1017E-01  9.1468E-02
  1.8546E+02  4.1002E-01  9.1601E-02
  1.8579E+02  4.0986E-01  9.1734E-02
  1.8612E+02  4.0971E-01  9.1866E-02
  1.8645E+02  4.0956E-01  9.1998E-02
  1.8678E+02  4.0940E-01  9.2129E-02
  1.8711E+02  4.0925E-01  9.2261E-02
  1.8744E+02  4.0909E-01  9.2393E-02
  1.8777E+02  4.0894E-01  9.2525E-02
  1.8810E+02  4.0878E-01  9.2658E-02
  1.8843E+02  4.0863E-01  9.2791E-02
  1.8876E+02  4.0847E-01  9.2924E-02
  1.8909E+02  4.0831E-01  9.3056E-02
  1.8942E+02  4.0815E-01  9.3187E-02
  1.8975E+02  4.0800E-01  9.3317E-02
  1.9008E+02  4.0784E-01  9.3446E-02
  1.9041E+02  4.0768E-01  9.3574E-02
  1.9074E+02  4.0752E-01  9.3701E-02
  1.9107E+02  4.0736E-01  9.3827E-02
  1.9140E+02  4.0720E-01  9.3954E-02
  1.9173E+02  4.0704E-01  9.4080E-02
  1.9206E+02  4.0688E-01  9.4206E-02
  1.9239E+02  4.0672E-01  9.4332E-02
  1.9272E+02  4.0657E-01  9.4459E-02
  1.9305E+02  4.0641E-01  9.4585E-02
  1.9338E+02  4.0625E-01  9.4711E-02
  1.9371E+02  4.0610E-01  9.4838E-02
  1.9404E+02  4.0594E-01  9.4964E-02
  1.9437E+02  4.0579E-01  9.5091E-02
  1.9470E+02  4.0564E-01  9.5218E-02
  1.9503E+02  4.0549E-01  9.5345E-02
  1.9536E+02  4.0534E-01  9.5472E-02
  1.9569E+02  4.0519E-01  9.5599E-02
  1.9602E+02  4.0504E-01  9.5726E-02
  1.9635E+02  4.0489E-01  9.5854E-02
  1.9668E+02  4.0474E-01  9.5982E-02
  1.9701E+02  4.0459E-01  9.6110E-02
  1.9734E+02  4.0444E-01  9.6238E-02
  1.9767E+02  4.0430E-01  9.6365E-02
  1.9800E+02  4.0415E-01  9.6492E-02
  1.9833E+02  4.0400E-01  9.6619E-02
  1.9866E+02  4.0385E-01  9.6745E-02
  1.9899E+02  4.0371E-01  9.6871E-02
  1.9932E+02  4.0356E-01  9.6995E-02
  1.9965E+02  4.0341E-01  9.7120E-02
  1.9998E+02  4.0326E-01  9.7244E-02
  2.0031E+02  4.0311E-01  9.7367E-02
  2.0064E+02  4.0297E-01  9.7491E-02
  2.0097E+02  4.0282E-01  9.7614E-02
  2.0130E+02  4.0267E-01  9.7738E-02
  2.0163E+02  4.0252E-01  9.7862E-02
  2.0196E+02  4.0238E-01  9.7987E-02
  2.0229E+02  4.0223E-01  9.8112E-02
  2.0262E+02  4.0208E-01  9.8238E-02
  2.0295E+02  4.0194E-01  9.8363E-02
  2.0328E+02  4.0179E-01  9.8489E-02
  2.0361E+02  4.0164E-01  9.8615E-02
  2.0394E+02  4.0150E-01  9.8740E-02
  2.0427E+02  4.0135E-01  9.8866E-02
  2.0460E+02  4.0121E-01  9.8991E-02
  2.0493E+02  4.0106E-01  9.9116E-02
  2.0526E+02  4.0092E-01  9.9241E-02
  2.0559E+02  4.0077E-01  9.9365E-02
  2.0592E+02  4.0063E-01  9.9490E-02
  2.0625E+02  4.0048E-01  9.9614E-02
  2.0658E+02  4.0034E-01  9.9738E-02
  2.0691E+02  4.0019E-01  9.9862E-02
  2.0724E+02  4.0004E-01  9.9985E-02
  2.0757E+02  3.9990E-01  1.0011E-01
  2.0790E+02  3.9975E-01  1.0023E-01
  2.0823E+02  3.9961E-01  1.0036E-01
  2.0856E+02  3.9946E-01  1.0048E-01
  2.0889E+02  3.9932E-01  1.0060E-01
  2.0922E+02  3.9917E-01  1.0073E-01
  2.0955E+02  3.9903E-01  1.0085E-01
  2.0988E+02  3.9888E-01  1.0097E-01
  2.1021E+02  3.9874E-01  1.0110E-01
  2.1054E+02  3.9859E-01  1.0122E-01
  2.1087E+02  3.9844E-01  1.0134E-01
  2.1120E+02  3.9830E-01  1.0146E-01
  2.1153E+02  3.9815E-01  1.0159E-01
  2.1186E+02  3.9801E-01  1.0171E-01
  2.1219E+02  3.9786E-01  1.0183E-01
  2.1252E+02  3.9771E-01  1.0195E-01
  2.1285E+02  3.9757E-01  1.0207E-01
  2.1318E+02  3.9742E-01  1.0219E-01
  2.1351E+02  3.9727E-01  1.0231E-01
  2.1384E+02  3.9713E-01  1.0243E-01
  2.1417E+02  3.9698E-01  1.0255E-01
  2.1450E+02  3.9683E-01  1.0267E-01
  2.1483E+02  3.9669E-01  1.0279E-01
  2.1516E+02  3.9654E-01  1.0291E-01
  2.1549E+02  3.9639E-01  1.0303E-01
  2.1582E+02  3.9625E-01  1.0315E-01
  2.1615E+02  3.9610E-01  1.0327E-01
  2.1648E+02  3.9595E-01  1.0339E-01
  2.1681E+02  3.9581E-01  1.0351E-01
  2.1714E+02  3.9566E-01  1.0363E-01
  2.1747E+02  3.9552E-01  1.0375E-01
  2.1780E+02  3.9537E-01  1.0387E-01
  2.1813E+02  3.9522E-01  1.0399E-01
  2.1846E+02  3.9508E-01  1.0411E-01
  2.1879E+02  3.9493E-01  1.0422E-01
  2.1912E+02  3.9478E-01  1.0434E-01
  2.1945E+02  3.9463E-01  1.0446E-01
  2.1978E+02  3.9449E-01  1.0458E-01
  2.2011E+02  3.9434E-01  1.0470E-01
  2.2044E+02  3.9419E-01  1.0482E-01
  2.2077E+02  3.9404E-01  1.0493E-01
  2.2110E+02  3.9390E-01  1.0505E-01
  2.2143E+02  3.9375E-01  1.0517E-01
  2.2176E+02  3.9360E-01  1.0529E-01
  2.2209E+02  3.9345E-01  1.0540E-01
  2.2242E+02  3.9330E-01  1.0552E-01
  2.2275E+02  3.9316E-01  1.0564E-01
  2.2308E+02  3.9301E-01  1.0576E-01
  2.2341E+02  3.9286E-01  1.0587E-01
  2.2374E+02  3.9271E-01  1.0599E-01
  2.2407E+02  3.9256E-01  1.0611E-01
  2.2440E+02  3.9241E-01  1.0623E-01
  2.2473E+02  3.9227E-01  1.0634E-01
  2.2506E+02  3.9212E-01  1.0646E-01
  2.2539E+02  3.9197E-01  1.0658E-01
  2.2572E+02  3.9182E-01  1.0669E-01
  2.2605E+02  3.9167E-01  1.0681E-01
  2.2638E+02  3.9152E-01  1.0692E-01
  2.2671E+02  3.9137E-01  1.0704E-01
  2.2704E+02  3.9123E-01  1.0716E-01
  2.2737E+02  3.9108E-01  1.0727E-01
  2.2770E+02  3.9093E-01  1.0739E-01
  2.2803E+02  3.9078E-01  1.0751E-01
  2.2836E+02  3.9063E-01  1.0762E-01
  2.2869E+02  3.9048E-01  1.0774E-01
  2.2902E+02  3.9033E-01  1.0785E-01
  2.2935E+02  3.9018E-01  1.0797E-01
  2.2968E+02  3.9003E-01  1.0809E-01
  2.3001E+02  3.8988E-01  1.0820E-01
  2.3034E+02  3.8973E-01  1.0832E-01
  2.3067E+02  3.8958E-01  1.0843E-01
  2.3100E+02  3.8943E-01  1.0855E-01
  2.3133E+02  3.8928E-01  1.0866E-01
  2.3166E+02  3.8913E-01  1.0878E-01
  2.3199E+02  3.8898E-01  1.0890E-01
  2.3232E+02  3.8883E-01  1.0901E-01
  2.3265E+02  3.8868E-01  1.0913E-01
  2.3298E+02  3.8854E-01  1.0924E-01
  2.3331E+02  3.8839E-01  1.0936E-01
  2.3364E+02  3.8824E-01  1.0947E-01
  2.3397E+02  3.8809E-01  1.0959E-01
  2.3430E+02  3.8794E-01  1.0970E-01
  2.3463E+02  3.8779E-01  1.0982E-01
  2.3496E+02  3.8764E-01  1.0993E-01
  2.3529E+02  3.8750E-01  1.1005E-01
  2.3562E+02  3.8735E-01  1.1016E-01
  2.3595E+02  3.8720E-01  1.1027E-01
  2.3628E+02  3.8705E-01  1.1039E-01
  2.3661E+02  3.8690E-01  1.1050E-01
  2.3694E+02  3.8675E-01  1.1062E-01
  2.3727E+02  3.8661E-01  1.1073E-01
  2.3760E+02  3.8646E-01  1.1084E-01
  2.3793E+02  3.8631E-01  1.1096E-01
  2.3826E+02  3.8616E-01  1.1107E-01
  2.3859E+02  3.8601E-01  1.1118E-01
  2.3892E+02  3.8586E-01  1.1130E-01
  2.3925E+02  3.8571E-01  1.1141E-01
  2.3958E+02  3.8556E-01  1.1152E-01
  2.3991E+02  3.8542E-01  1.1163E-01
  2.4024E+02  3.8527E-01  1.1174E-01
  2.4057E+02  3.8512E-01  1.1185E-01
  2.4090E+02  3.8497E-01  1.1196E-01
  2.4123E+02  3.8482E-01  1.1207E-01
  2.4156E+02  3.8467E-01  1.1218E-01
  2.4189E+02  3.8452E-01  1.1229E-01
  2.4222E+02  3.8437E-01  1.1240E-01
  2.4255E+02  3.8423E-01  1.1251E-01
  2.4288E+02  3.8408E-01  1.1262E-01
  2.4321E+02  3.8393E-01  1.1273E-01
  2.4354E+02  3.8378E-01  1.1284E-01
  2.4387E+02  3.8363E-01  1.1295E-01
  2.4420E+02  3.8349E-01  1.1306E-01
  2.4453E+02  3.8334E-01  1.1317E-01
  2.4486E+02  3.8319E-01  1.1328E-01
  2.4519E+02  3.8304E-01  1.1339E-01
  2.4552E+02  3.8289E-01  1.1350E-01
  2.4585E+02  3.8275E-01  1.1361E-01
  2.4618E+02  3.8260E-01  1.1372E-01
  2.4651E+02  3.8245E-01  1.1383E-01
  2.4684E+02  3.8230E-01  1.1394E-01
  2.4717E+02  3.8215E-01  1.1405E-01
  2.4750E+02  3.8201E-01  1.1416E-01
  2.4783E+02  3.8186E-01  1.1427E-01
  2.4816E+02  3.8171E-01  1.1438E-01
  2.4849E+02  3.8156E-01  1.1449E-01
  2.4882E+02  3.8142E-01  1.1460E-01
  2.4915E+02  3.8127E-01  1.1471E-01
  2.4948E+02  3.8112E-01  1.1482E-01
  2.4981E+02  3.8097E-01  1.1493E-01
  2.5014E+02  3.8083E-01  1.1504E-01
  2.5047E+02  3.8068E-01  1.1515E-01
  2.5080E+02  3.8053E-01  1.1525E-01
  2.5113E+02  3.8039E-01  1.1536E-01
  2.5146E+02  3.8024E-01  1.1547E-01
  2.5179E+02  3.8010E-01  1.1558E-01
  2.5212E+02  3.7995E-01  1.1569E-01
  2.5245E+02  3.7980E-01  1.1580E-01
  2.5278E+02  3.7966E-01  1.1591E-01
  2.5311E+02  3.7951E-01  1.1602E-01
  2.5344E+02  3.7937E-01  1.1612E-01
  2.5377E+02  3.7922E-01  1.1623E-01
  2.5410E+02  3.7908E-01  1.1634E-01
  2.5443E+02  3.7893E-01  1.1645E-01
  2.5476E+02  3.7879E-01  1.1656E-01
  2.5509E+02  3.7864E-01  1.1666E-01
  2.5542E+02  3.7850E-01  1.1677E-01
  2.5575E+02  3.7836E-01  1.1688E-01
  2.5608E+02  3.7821E-01  1.1699E-01
  2.5641E+02  3.7807E-01  1.1710E-01
  2.5674E+02  3.7792E-01  1.1720E-01
  2.5707E+02  3.7778E-01  1.1731E-01
  2.5740E+02  3.7763E-01  1.1742E-01
  2.5773E+02  3.7749E-01  1.1753E-01
  2.5806E+02  3.7735E-01  1.1763E-01
  2.5839E+02  3.7720E-01  1.1774E-01
  2.5872E+02  3.7706E-01  1.1785E-01
  2.5905E+02  3.7691E-01  1.1795E-01
  2.5938E+02  3.7677E-01  1.1806E-01
  2.5971E+02  3.7662E-01  1.1817E-01
  2.6004E+02  3.7648E-01  1.1827E-01
  2.6037E+02  3.7634E-01  1.1838E-01
  2.6070E+02  3.7619E-01  1.1849E-01
  2.6103E+02  3.7605E-01  1.1859E-01
  2.6136E+02  3.7590E-01  1.1870E-01
  2.6169E+02  3.7576E-01  1.1880E-01
  2.6202E+02  3.7561E-01  1.1891E-01
  2.6235E+02  3.7547E-01  1.1901E-01
  2.6268E+02  3.7532E-01  1.1912E-01
  2.6301E+02  3.7518E-01  1.1923E-01
  2.6334E+02  3.7504E-01  1.1933E-01
  2.6367E+02  3.7489E-01  1.1944E-01
  2.6400E+02  3.7475E-01  1.1954E-01
  2.6433E+02  3.7460E-01  1.1965E-01
  2.6466E+02  3.7446E-01  1.1975E-01
  2.6499E+02  3.7431E-01  1.1986E-01
  2.6532E+02  3.7417E-01  1.1996E-01
  2.6565E+02  3.7402E-01  1.2007E-01
  2.6598E+02  3.7388E-01  1.2017E-01
  2.6631E+02  3.7373E-01  1.2027E-01
  2.6664E+02  3.7358E-01  1.2038E-01
  2.6697E+02  3.7344E-01  1.2048E-01
  2.6730E+02  3.7329E-01  1.2059E-01
  2.6763E+02  3.7315E-01  1.2069E-01
  2.6796E+02  3.7300E-01  1.2079E-01
  2.6829E+02  3.7286E-01  1.2090E-01
  2.6862E+02  3.7271E-01  1.2100E-01
  2.6895E+02  3.7257E-01  1.2111E-01
  2.6928E+02  3.7242E-01  1.2121E-01
  2.6961E+02  3.7227E-01  1.2131E-01
  2.6994E+02  3.7213E-01  1.2142E-01
  2.7027E+02  3.7198E-01  1.2152E-01
  2.7060E+02  3.7184E-01  1.2162E-01
  2.7093E+02  3.7169E-01  1.2172E-01
  2.7126E+02  3.7155E-01  1.2183E-01
  2.7159E+02  3.7140E-01  1.2193E-01
  2.7192E+02  3.7126E-01  1.2203E-01
  2.7225E+02  3.7111E-01  1.2214E-01
  2.7258E+02  3.7096E-01  1.2224E-01
  2.7291E+02  3.7082E-01  1.2234E-01
  2.7324E+02  3.7067E-01  1.2244E-01
  2.7357E+02  3.7053E-01  1.2255E-01
  2.7390E+02  3.7038E-01  1.2265E-01
  2.7423E+02  3.7023E-01  1.2275E-01
  2.7456E+02  3.7009E-01  1.2285E-01
  2.7489E+02  3.6994E-01  1.2295E-01
  2.7522E+02  3.6980E-01  1.2306E-01
  2.7555E+02  3.6965E-01  1.2316E-01
  2.7588E+02  3.6950E-01  1.2326E-01
  2.7621E+02  3.6936E-01  1.2336E-01
  2.7654E+02  3.6921E-01  1.2346E-01
  2.7687E+02  3.6906E-01  1.2356E-01
  2.7720E+02  3.6892E-01  1.2366E-01
  2.7753E+02  3.6877E-01  1.2376E-01
  2.7786E+02  3.6863E-01  1.2386E-01
  2.7819E+02  3.6848E-01  1.2397E-01
  2.7852E+02  3.6833E-01  1.2407E-01
  2.7885E+02  3.6819E-01  1.2417E-01
  2.7918E+02  3.6804E-01  1.2427E-01
  2.7951E+02  3.6789E-01  1.2437E-01
  2.7984E+02  3.6775E-01  1.2447E-01
  2.8017E+02  3.6760E-01  1.2457E-01
  2.8050E+02  3.6745E-01  1.2467E-01
  2.8083E+02  3.6731E-01  1.2477E-01
  2.8116E+02  3.6716E-01  1.2487E-01
  2.8149E+02  3.6701E-01  1.2497E-01
  2.8182E+02  3.6687E-01  1.2507E-01
  2.8215E+02  3.6672E-01  1.2517E-01
  2.8248E+02  3.6657E-01  1.2526E-01
  2.8281E+02  3.6642E-01  1.2536E-01
  2.8314E+02  3.6628E-01  1.2546E-01
  2.8347E+02  3.6613E-01  1.2556E-01
  2.8380E+02  3.6598E-01  1.2566E-01
  2.8413E+02  3.6584E-01  1.2576E-01
  2.8446E+02  3.6569E-01  1.2586E-01
  2.8479E+02  3.6554E-01  1.2596E-01
  2.8512E+02  3.6539E-01  1.2605E-01
  2.8545E+02  3.6525E-01  1.2615E-01
  2.8578E+02  3.6510E-01  1.2625E-01
  2.8611E+02  3.6495E-01  1.2635E-01
  2.8644E+02  3.6481E-01  1.2645E-01
  2.8677E+02  3.6466E-01  1.2654E-01
  2.8710E+02  3.6451E-01  1.2664E-01
  2.8743E+02  3.6436E-01  1.2674E-01
  2.8776E+02  3.6422E-01  1.2683E-01
  2.8809E+02  3.6407E-01  1.2693E-01
  2.8842E+02  3.6392E-01  1.2703E-01
  2.8875E+02  3.6377E-01  1.2713E-01
  2.8908E+02  3.6363E-01  1.2722E-01
  2.8941E+02  3.6348E-01  1.2732E-01
  2.8974E+02  3.6333E-01  1.2742E-01
  2.9007E+02  3.6318E-01  1.2751E-01
  2.9040E+02  3.6304E-01  1.2761E-01
  2.9073E+02  3.6289E-01  1.2770E-01
  2.9106E+02  3.6274E-01  1.2780E-01
  2.9139E+02  3.6259E-01  1.2790E-01
  2.9172E+02  3.6245E-01  1.2799E-01
  2.9205E+02  3.6230E-01  1.2809E-01
  2.9238E+02  3.6215E-01  1.2818E-01
  2.9271E+02  3.6201E-01  1.2828E-01
  2.9304E+02  3.6186E-01  1.2837E-01
  2.9337E+02  3.6171E-01  1.2847E-01
  2.9370E+02  3.6156E-01  1.2857E-01
  2.9403E+02  3.6142E-01  1.2866E-01
  2.9436E+02  3.6127E-01  1.2876E-01
  2.9469E+02  3.6112E-01  1.2885E-01
  2.9502E+02  3.6098E-01  1.2894E-01
  2.9535E+02  3.6083E-01  1.2904E-01
  2.9568E+02  3.6068E-01  1.2913E-01
  2.9601E+02  3.6053E-01  1.2923E-01
  2.9634E+02  3.6039E-01  1.2932E-01
  2.9667E+02  3.6024E-01  1.2942E-01
  2.9700E+02  3.6009E-01  1.2951E-01
  2.9733E+02  3.5995E-01  1.2960E-01
  2.9766E+02  3.5980E-01  1.2970E-01
  2.9799E+02  3.5965E-01  1.2979E-01
  2.9832E+02  3.5950E-01  1.2989E-01
  2.9865E+02  3.5936E-01  1.2998E-01
  2.9898E+02  3.5921E-01  1.3007E-01
  2.9931E+02  3.5906E-01  1.3017E-01
  2.9964E+02  3.5892E-01  1.3026E-01
  2.9997E+02  3.5877E-01  1.3035E-01
  3.0030E+02  3.5862E-01  1.3045E-01
  3.0063E+02  3.5847E-01  1.3054E-01
  3.0096E+02  3.5833E-01  1.3063E-01
  3.0129E+02  3.5818E-01  1.3072E-01
  3.0162E+02  3.5803E-01  1.3082E-01
  3.0195E+02  3.5789E-01  1.3091E-01
  3.0228E+02  3.5774E-01  1.3100E-01
  3.0261E+02  3.5759E-01  1.3109E-01
  3.0294E+02  3.5745E-01  1.3119E-01
  3.0327E+02  3.5730E-01  1.3128E-01
  3.0360E+02  3.5715E-01  1.3137E-01
  3.0393E+02  3.5701E-01  1.3146E-01
  3.0426E+02  3.5686E-01  1.3155E-01
  3.0459E+02  3.5671E-01  1.3164E-01
  3.0492E+02  3.5656E-01  1.3174E-01
  3.0525E+02  3.5642E-01  1.3183E-01
  3.0558E+02  3.5627E-01  1.3192E-01
  3.0591E+02  3.5612E-01  1.3201E-01
  3.0624E+02  3.5598E-01  1.3210E-01
  3.0657E+02  3.5583E-01  1.3219E-01
  3.0690E+02  3.5569E-01  1.3228E-01
  3.0723E+02  3.5554E-01  1.3238E-01
  3.0756E+02  3.5539E-01  1.3247E-01
  3.0789E+02  3.5525E-01  1.3256E-01
  3.0822E+02  3.5510E-01  1.3265E-01
  3.0855E+02  3.5495E-01  1.3274E-01
  3.0888E+02  3.5481E-01  1.3283E-01
  3.0921E+02  3.5466E-01  1.3292E-01
  3.0954E+02  3.5451E-01  1.3301E-01
  3.0987E+02  3.5437E-01  1.3310E-01
  3.1020E+02  3.5422E-01  1.3319E-01
  3.1053E+02  3.5408E-01  1.3328E-01
  3.1086E+02  3.5393E-01  1.3337E-01
  3.1119E+02  3.5378E-01  1.3346E-01
  3.1152E+02  3.5364E-01  1.3355E-01
  3.1185E+02  3.5349E-01  1.3364E-01
  3.1218E+02  3.5334E-01  1.3373E-01
  3.1251E+02  3.5320E-01  1.3382E-01
  3.1284E+02  3.5305E-01  1.3391E-01
  3.1317E+02  3.5291E-01  1.3399E-01
  3.1350E+02  3.5276E-01  1.3408E-01
  3.1383E+02  3.5261E-01  1.3417E-01
  3.1416E+02  3.5247E-01  1.3426E-01
  3.1449E+02  3.5232E-01  1.3435E-01
  3.1482E+02  3.5218E-01  1.3444E-01
  3.1515E+02  3.5203E-01  1.3453E-01
  3.1548E+02  3.5188E-01  1.3462E-01
  3.1581E+02  3.5174E-01  1.3470E-01
  3.1614E+02  3.5159E-01  1.3479E-01
  3.1647E+02  3.5145E-01  1.3488E-01
  3.1680E+02  3.5130E-01  1.3497E-01
  3.1713E+02  3.5115E-01  1.3506E-01
  3.1746E+02  3.5101E-01  1.3514E-01
  3.1779E+02  3.5086E-01  1.3523E-01
  3.1812E+02  3.5072E-01  1.3532E-01
  3.1845E+02  3.5057E-01  1.3541E-01
  3.1878E+02  3.5042E-01  1.3549E-01
  3.1911E+02  3.5028E-01  1.3558E-01
  3.1944E+02  3.5013E-01  1.3567E-01
  3.1977E+02  3.4999E-01  1.3575E-01
  3.2010E+02  3.4984E-01  1.3584E-01
  3.2043E+02  3.4969E-01  1.3593E-01
  3.2076E+02  3.4955E-01  1.3601E-01
  3.2109E+02  3.4940E-01  1.3610E-01
  3.2142E+02  3.4926E-01  1.3619E-01
  3.2175E+02  3.4911E-01  1.3627E-01
  3.2208E+02  3.4896E-01  1.3636E-01
  3.2241E+02  3.4882E-01  1.3645E-01
  3.2274E+02  3.4867E-01  1.3653E-01
  3.2307E+02  3.4852E-01  1.3662E-01
  3.2340E+02  3.4838E-01  1.3670E-01
  3.2373E+02  3.4823E-01  1.3679E-01
  3.2406E+02  3.4809E-01  1.3688E-01
  3.2439E+02  3.4794E-01  1.3696E-01
  3.2472E+02  3.4779E-01  1.3705E-01
  3.2505E+02  3.4765E-01  1.3713E-01
  3.2538E+02  3.4750E-01  1.3722E-01
  3.2571E+02  3.4736E-01  1.3730E-01
  3.2604E+02  3.4721E-01  1.3739E-01
  3.2637E+02  3.4706E-01  1.3747E-01
  3.2670E+02  3.4692E-01  1.3756E-01
  3.2703E+02  3.4677E-01  1.3764E-01
  3.2736E+02  3.4662E-01  1.3773E-01
  3.2769E+02  3.4648E-01  1.3781E-01
  3.2802E+02  3.4633E-01  1.3790E-01
  3.2835E+02  3.4619E-01  1.3798E-01
  3.2868E+02  3.4604E-01  1.3806E-01
  3.2901E+02  3.4589E-01  1.3815E-01
  3.2934E+02  3.4575E-01  1.3823E-01
  3.2967E+02  3.4560E-01  1.3832E-01
  3.3000E+02  3.4546E-01  1.3840E-01
  3.3033E+02  3.4531E-01  1.3848E-01
  3.3066E+02  3.4516E-01  1.3857E-01
  3.3099E+02  3.4502E-01  1.3865E-01
  3.3132E+02  3.4487E-01  1.3874E-01
  3.3165E+02  3.4473E-01  1.3882E-01
  3.3198E+02  3.4458E-01  1.3890E-01
  3.3231E+02  3.4443E-01  1.3899E-01
  3.3264E+02  3.4429E-01  1.3907E-01
  3.3297E+02  3.4414E-01  1.3915E-01
  3.3330E+02  3.4400E-01  1.3923E-01
  3.3363E+02  3.4385E-01  1.3932E-01
  3.3396E+02  3.4370E-01  1.3940E-01
  3.3429E+02  3.4356E-01  1.3948E-01
  3.3462E+02  3.4341E-01  1.3956E-01
  3.3495E+02  3.4327E-01  1.3965E-01
  3.3528E+02  3.4312E-01  1.3973E-01
  3.3561E+02  3.4297E-01  1.3981E-01
  3.3594E+02  3.4283E-01  1.3989E-01
  3.3627E+02  3.4268E-01  1.3998E-01
  3.3660E+02  3.4254E-01  1.4006E-01
  3.3693E+02  3.4239E-01  1.4014E-01
  3.3726E+02  3.4225E-01  1.4022E-01
  3.3759E+02  3.4210E-01  1.4030E-01
  3.3792E+02  3.4195E-01  1.4038E-01
  3.3825E+02  3.4181E-01  1.4047E-01
  3.3858E+02  3.4166E-01  1.4055E-01
  3.3891E+02  3.4152E-01  1.4063E-01
  3.3924E+02  3.4137E-01  1.4071E-01
  3.3957E+02  3.4123E-01  1.4079E-01
  3.3990E+02  3.4108E-01  1.4087E-01
  3.4023E+02  3.4093E-01  1.4095E-01
  3.4056E+02  3.4079E-01  1.4103E-01
  3.4089E+02  3.4064E-01  1.4111E-01
  3.4122E+02  3.4050E-01  1.4119E-01
  3.4155E+02  3.4035E-01  1.4127E-01
  3.4188E+02  3.4021E-01  1.4136E-01
  3.4221E+02  3.4006E-01  1.4144E-01
  3.4254E+02  3.3992E-01  1.4152E-01
  3.4287E+02  3.3977E-01  1.4160E-01
  3.4320E+02  3.3962E-01  1.4168E-01
  3.4353E+02  3.3948E-01  1.4176E-01
  3.4386E+02  3.3933E-01  1.4184E-01
  3.4419E+02  3.3919E-01  1.4192E-01
  3.4452E+02  3.3904E-01  1.4199E-01
  3.4485E+02  3.3890E-01  1.4207E-01
  3.4518E+02  3.3875E-01  1.4215E-01
  3.4551E+02  3.3861E-01  1.4223E-01
  3.4584E+02  3.3846E-01  1.4231E-01
  3.4617E+02  3.3832E-01  1.4239E-01
  3.4650E+02  3.3817E-01  1.4247E-01
  3.4683E+02  3.3803E-01  1.4255E-01
  3.4716E+02  3.3788E-01  1.4263E-01
  3.4749E+02  3.3774E-01  1.4271E-01
  3.4782E+02  3.3759E-01  1.4279E-01
  3.4815E+02  3.3745E-01  1.4287E-01
  3.4848E+02  3.3730E-01  1.4294E-01
  3.4881E+02  3.3715E-01  1.4302E-01
  3.4914E+02  3.3701E-01  1.4310E-01
  3.4947E+02  3.3686E-01  1.4318E-01
  3.4980E+02  3.3672E-01  1.4326E-01
  3.5013E+02  3.3657E-01  1.4334E-01
  3.5046E+02  3.3643E-01  1.4341E-01
  3.5079E+02  3.3628E-01  1.4349E-01
  3.5112E+02  3.3614E-01  1.4357E-01
  3.5145E+02  3.3599E-01  1.4365E-01
  3.5178E+02  3.3585E-01  1.4373E-01
  3.5211E+02  3.3571E-01  1.4380E-01
  3.5244E+02  3.3556E-01  1.4388E-01
  3.5277E+02  3.3542E-01  1.4396E-01
  3.5310E+02  3.3527E-01  1.4404E-01
  3.5343E+02  3.3513E-01  1.4411E-01
  3.5376E+02  3.3498E-01  1.4419E-01
  3.5409E+02  3.3484E-01  1.4427E-01
  3.5442E+02  3.3469E-01  1.4434E-01
  3.5475E+02  3.3455E-01  1.4442E-01
  3.5508E+02  3.3440E-01  1.4450E-01
  3.5541E+02  3.3426E-01  1.4457E-01
  3.5574E+02  3.3411E-01  1.4465E-01
  3.5607E+02  3.3397E-01  1.4473E-01
  3.5640E+02  3.3382E-01  1.4480E-01
  3.5673E+02  3.3368E-01  1.4488E-01
  3.5706E+02  3.3353E-01  1.4496E-01
  3.5739E+02  3.3339E-01  1.4503E-01
  3.5772E+02  3.3325E-01  1.4511E-01
  3.5805E+02  3.3310E-01  1.4518E-01
  3.5838E+02  3.3296E-01  1.4526E-01
  3.5871E+02  3.3281E-01  1.4533E-01
  3.5904E+02  3.3267E-01  1.4541E-01
  3.5937E+02  3.3252E-01  1.4549E-01
  3.5970E+02  3.3238E-01  1.4556E-01
  3.6003E+02  3.3224E-01  1.4564E-01
  3.6036E+02  3.3209E-01  1.4571E-01
  3.6069E+02  3.3195E-01  1.4579E-01
  3.6102E+02  3.3180E-01  1.4586E-01
  3.6135E+02  3.3166E-01  1.4594E-01
  3.6168E+02  3.3152E-01  1.4601E-01
  3.6201E+02  3.3137E-01  1.4609E-01
  3.6234E+02  3.3123E-01  1.4616E-01
  3.6267E+02  3.3108E-01  1.4623E-01
  3.6300E+02  3.3094E-01  1.4631E-01
  3.6333E+02  3.3080E-01  1.4638E-01
  3.6366E+02  3.3065E-01  1.4646E-01
  3.6399E+02  3.3051E-01  1.4653E-01
  3.6432E+02  3.3036E-01  1.4661E-01
  3.6465E+02  3.3022E-01  1.4668E-01
  3.6498E+02  3.3008E-01  1.4675E-01
  3.6531E+02  3.2993E-01  1.4683E-01
  3.6564E+02  3.2979E-01  1.4690E-01
  3.6597E+02  3.2964E-01  1.4697E-01
  3.6630E+02  3.2950E-01  1.4705E-01
  3.6663E+02  3.2936E-01  1.4712E-01
  3.6696E+02  3.2921E-01  1.4719E-01
  3.6729E+02  3.2907E-01  1.4727E-01
  3.6762E+02  3.2893E-01  1.4734E-01
  3.6795E+02  3.2878E-01  1.4741E-01
  3.6828E+02  3.2864E-01  1.4749E-01
  3.6861E+02  3.2850E-01  1.4756E-01
  3.6894E+02  3.2835E-01  1.4763E-01
  3.6927E+02  3.2821E-01  1.4771E-01
  3.6960E+02  3.2807E-01  1.4778E-01
  3.6993E+02  3.2792E-01  1.4785E-01
  3.7026E+02  3.2778E-01  1.4792E-01
  3.7059E+02  3.2764E-01  1.4800E-01
  3.7092E+02  3.2749E-01  1.4807E-01
  3.7125E+02  3.2735E-01  1.4814E-01
  3.7158E+02  3.2720E-01  1.4821E-01
  3.7191E+02  3.2706E-01  1.4828E-01
  3.7224E+02  3.2692E-01  1.4836E-01
  3.7257E+02  3.2677E-01  1.4843E-01
  3.7290E+02  3.2663E-01  1.4850E-01
  3.7323E+02  3.2649E-01  1.4857E-01
  3.7356E+02  3.2634E-01  1.4864E-01
  3.7389E+02  3.2620E-01  1.4871E-01
  3.7422E+02  3.2606E-01  1.4878E-01
  3.7455E+02  3.2591E-01  1.4886E-01
  3.7488E+02  3.2577E-01  1.4893E-01
  3.7521E+02  3.2563E-01  1.4900E-01
  3.7554E+02  3.2549E-01  1.4907E-01
  3.7587E+02  3.2534E-01  1.4914E-01
  3.7620E+02  3.2520E-01  1.4921E-01
  3.7653E+02  3.2506E-01  1.4928E-01
  3.7686E+02  3.2491E-01  1.4935E-01
  3.7719E+02  3.2477E-01  1.4942E-01
  3.7752E+02  3.2463E-01  1.4949E-01
  3.7785E+02  3.2448E-01  1.4956E-01
  3.7818E+02  3.2434E-01  1.4963E-01
  3.7851E+02  3.2420E-01  1.4970E-01
  3.7884E+02  3.2405E-01  1.4977E-01
  3.7917E+02  3.2391E-01  1.4984E-01
  3.7950E+02  3.2377E-01  1.4991E-01
  3.7983E+02  3.2362E-01  1.4998E-01
  3.8016E+02  3.2348E-01  1.5005E-01
  3.8049E+02  3.2334E-01  1.5012E-01
  3.8082E+02  3.2320E-01  1.5019E-01
  3.8115E+02  3.2305E-01  1.5026E-01
  3.8148E+02  3.2291E-01  1.5033E-01
  3.8181E+02  3.2277E-01  1.5040E-01
  3.8214E+02  3.2262E-01  1.5046E-01
  3.8247E+02  3.2248E-01  1.5053E-01
  3.8280E+02  3.2234E-01  1.5060E-01
  3.8313E+02  3.2220E-01  1.5067E-01
  3.8346E+02  3.2205E-01  1.5074E-01
  3.8379E+02  3.2191E-01  1.5081E-01
  3.8412E+02  3.2177E-01  1.5088E-01
  3.8445E+02  3.2162E-01  1.5094E-01
  3.8478E+02  3.2148E-01  1.5101E-01
  3.8511E+02  3.2134E-01  1.5108E-01
  3.8544E+02  3.2120E-01  1.5115E-01
  3.8577E+02  3.2105E-01  1.5122E-01
  3.8610E+02  3.2091E-01  1.5128E-01
  3.8643E+02  3.2077E-01  1.5135E-01
  3.8676E+02  3.2063E-01  1.5142E-01
  3.8709E+02  3.2048E-01  1.5149E-01
  3.8742E+02  3.2034E-01  1.5155E-01
  3.8775E+02  3.2020E-01  1.5162E-01
  3.8808E+02  3.2006E-01  1.5169E-01
  3.8841E+02  3.1991E-01  1.5176E-01
  3.8874E+02  3.1977E-01  1.5182E-01
  3.8907E+02  3.1963E-01  1.5189E-01
  3.8940E+02  3.1948E-01  1.5196E-01
  3.8973E+02  3.1934E-01  1.5202E-01
  3.9006E+02  3.1920E-01  1.5209E-01
  3.9039E+02  3.1906E-01  1.5216E-01
  3.9072E+02  3.1892E-01  1.5222E-01
  3.9105E+02  3.1877E-01  1.5229E-01
  3.9138E+02  3.1863E-01  1.5236E-01
  3.9171E+02  3.1849E-01  1.5242E-01
  3.9204E+02  3.1835E-01  1.5249E-01
  3.9237E+02  3.1820E-01  1.5255E-01
  3.9270E+02  3.1806E-01  1.5262E-01
  3.9303E+02  3.1792E-01  1.5269E-01
  3.9336E+02  3.1778E-01  1.5275E-01
  3.9369E+02  3.1763E-01  1.5282E-01
  3.9402E+02  3.1749E-01  1.5288E-01
  3.9435E+02  3.1735E-01  1.5295E-01
  3.9468E+02  3.1721E-01  1.5301E-01
  3.9501E+02  3.1706E-01  1.5308E-01
  3.9534E+02  3.1692E-01  1.5314E-01
  3.9567E+02  3.1678E-01  1.5321E-01
  3.9600E+02  3.1664E-01  1.5327E-01
  3.9633E+02  3.1650E-01  1.5334E-01
  3.9666E+02  3.1635E-01  1.5340E-01
  3.9699E+02  3.1621E-01  1.5347E-01
  3.9732E+02  3.1607E-01  1.5353E-01
  3.9765E+02  3.1593E-01  1.5360E-01
  3.9798E+02  3.1579E-01  1.5366E-01
  3.9831E+02  3.1564E-01  1.5373E-01
  3.9864E+02  3.1550E-01  1.5379E-01
  3.9897E+02  3.1536E-01  1.5386E-01
  3.9930E+02  3.1522E-01  1.5392E-01
  3.9963E+02  3.1508E-01  1.5398E-01
  3.9996E+02  3.1493E-01  1.5405E-01
  4.0029E+02  3.1479E-01  1.5411E-01
  4.0062E+02  3.1465E-01  1.5418E-01
  4.0095E+02  3.1451E-01  1.5424E-01
  4.0128E+02  3.1437E-01  1.5430E-01
  4.0161E+02  3.1422E-01  1.5437E-01
  4.0194E+02  3.1408E-01  1.5443E-01
  4.0227E+02  3.1394E-01  1.5449E-01
  4.0260E+02  3.1380E-01  1.5456E-01
  4.0293E+02  3.1366E-01  1.5462E-01
  4.0326E+02  3.1352E-01  1.5468E-01
  4.0359E+02  3.1337E-01  1.5475E-01
  4.0392E+02  3.1323E-01  1.5481E-01
  4.0425E+02  3.1309E-01  1.5487E-01
  4.0458E+02  3.1295E-01  1.5493E-01
  4.0491E+02  3.1281E-01  1.5500E-01
  4.0524E+02  3.1267E-01  1.5506E-01
  4.0557E+02  3.1252E-01  1.5512E-01
  4.0590E+02  3.1238E-01  1.5518E-01
  4.0623E+02  3.1224E-01  1.5525E-01
  4.0656E+02  3.1210E-01  1.5531E-01
  4.0689E+02  3.1196E-01  1.5537E-01
  4.0722E+02  3.1182E-01  1.5543E-01
  4.0755E+02  3.1168E-01  1.5549E-01
  4.0788E+02  3.1153E-01  1.5556E-01
  4.0821E+02  3.1139E-01  1.5562E-01
  4.0854E+02  3.1125E-01  1.5568E-01
  4.0887E+02  3.1111E-01  1.5574E-01
  4.0920E+02  3.1097E-01  1.5580E-01
  4.0953E+02  3.1083E-01  1.5586E-01
  4.0986E+02  3.1069E-01  1.5592E-01
  4.1019E+02  3.1055E-01  1.5599E-01
  4.1052E+02  3.1040E-01  1.5605E-01
  4.1085E+02  3.1026E-01  1.5611E-01
  4.1118E+02  3.1012E-01  1.5617E-01
  4.1151E+02  3.0998E-01  1.5623E-01
  4.1184E+02  3.0984E-01  1.5629E-01
  4.1217E+02  3.0970E-01  1.5635E-01
  4.1250E+02  3.0956E-01  1.5641E-01
  4.1283E+02  3.0942E-01  1.5647E-01
  4.1316E+02  3.0928E-01  1.5653E-01
  4.1349E+02  3.0914E-01  1.5659E-01
  4.1382E+02  3.0899E-01  1.5665E-01
  4.1415E+02  3.0885E-01  1.5671E-01
  4.1448E+02  3.0871E-01  1.5677E-01
  4.1481E+02  3.0857E-01  1.5683E-01
  4.1514E+02  3.0843E-01  1.5689E-01
  4.1547E+02  3.0829E-01  1.5695E-01
  4.1580E+02  3.0815E-01  1.5701E-01
  4.1613E+02  3.0801E-01  1.5707E-01
  4.1646E+02  3.0787E-01  1.5713E-01
  4.1679E+02  3.0773E-01  1.5719E-01
  4.1712E+02  3.0759E-01  1.5725E-01
  4.1745E+02  3.0745E-01  1.5731E-01
  4.1778E+02  3.0730E-01  1.5737E-01
  4.1811E+02  3.0716E-01  1.5743E-01
  4.1844E+02  3.0702E-01  1.5749E-01
  4.1877E+02  3.0688E-01  1.5754E-01
  4.1910E+02  3.0674E-01  1.5760E-01
  4.1943E+02  3.0660E-01  1.5766E-01
  4.1976E+02  3.0646E-01  1.5772E-01
  4.2009E+02  3.0632E-01  1.5778E-01
  4.2042E+02  3.0618E-01  1.5784E-01
  4.2075E+02  3.0604E-01  1.5790E-01
  4.2108E+02  3.0590E-01  1.5795E-01
  4.2141E+02  3.0576E-01  1.5801E-01
  4.2174E+02  3.0562E-01  1.5807E-01
  4.2207E+02  3.0548E-01  1.5813E-01
  4.2240E+02  3.0534E-01  1.5819E-01
  4.2273E+02  3.0520E-01  1.5824E-01
  4.2306E+02  3.0506E-01  1.5830E-01
  4.2339E+02  3.0492E-01  1.5836E-01
  4.2372E+02  3.0478E-01  1.5842E-01
  4.2405E+02  3.0464E-01  1.5847E-01
  4.2438E+02  3.0450E-01  1.5853E-01
  4.2471E+02  3.0436E-01  1.5859E-01
  4.2504E+02  3.0422E-01  1.5865E-01
  4.2537E+02  3.0408E-01  1.5870E-01
  4.2570E+02  3.0393E-01  1.5876E-01
  4.2603E+02  3.0379E-01  1.5882E-01
  4.2636E+02  3.0365E-01  1.5887E-01
  4.2669E+02  3.0351E-01  1.5893E-01
  4.2702E+02  3.0337E-01  1.5899E-01
  4.2735E+02  3.0323E-01  1.5904E-01
  4.2768E+02  3.0309E-01  1.5910E-01
  4.2801E+02  3.0295E-01  1.5916E-01
  4.2834E+02  3.0281E-01  1.5921E-01
  4.2867E+02  3.0267E-01  1.5927E-01
  4.2900E+02  3.0253E-01  1.5933E-01
  4.2933E+02  3.0240E-01  1.5938E-01
  4.2966E+02  3.0226E-01  1.5944E-01
  4.2999E+02  3.0212E-01  1.5949E-01
  4.3032E+02  3.0198E-01  1.5955E-01
  4.3065E+02  3.0184E-01  1.5960E-01
  4.3098E+02  3.0170E-01  1.5966E-01
  4.3131E+02  3.0156E-01  1.5972E-01
  4.3164E+02  3.0142E-01  1.5977E-01
  4.3197E+02  3.0128E-01  1.5983E-01
  4.3230E+02  3.0114E-01  1.5988E-01
  4.3263E+02  3.0100E-01  1.5994E-01
  4.3296E+02  3.0086E-01  1.5999E-01
  4.3329E+02  3.0072E-01  1.6005E-01
  4.3362E+02  3.0058E-01  1.6010E-01
  4.3395E+02  3.0044E-01  1.6016E-01
  4.3428E+02  3.0030E-01  1.6021E-01
  4.3461E+02  3.0016E-01  1.6027E-01
  4.3494E+02  3.0002E-01  1.6032E-01
  4.3527E+02  2.9988E-01  1.6038E-01
  4.3560E+02  2.9974E-01  1.6043E-01
  4.3593E+02  2.9960E-01  1.6048E-01
  4.3626E+02  2.9946E-01  1.6054E-01
  4.3659E+02  2.9932E-01  1.6059E-01
  4.3692E+02  2.9918E-01  1.6065E-01
  4.3725E+02  2.9904E-01  1.6070E-01
  4.3758E+02  2.9891E-01  1.6075E-01
  4.3791E+02  2.9877E-01  1.6081E-01
  4.3824E+02  2.9863E-01  1.6086E-01
  4.3857E+02  2.9849E-01  1.6092E-01
  4.3890E+02  2.9835E-01  1.6097E-01
  4.3923E+02  2.9821E-01  1.6102E-01
  4.3956E+02  2.9807E-01  1.6108E-01
  4.3989E+02  2.9793E-01  1.6113E-01
  4.4022E+02  2.9779E-01  1.6118E-01
  4.4055E+02  2.9765E-01  1.6124E-01
  4.4088E+02  2.9751E-01  1.6129E-01
  4.4121E+02  2.9737E-01  1.6134E-01
  4.4154E+02  2.9724E-01  1.6139E-01
  4.4187E+02  2.9710E-01  1.6145E-01
  4.4220E+02  2.9696E-01  1.6150E-01
  4.4253E+02  2.9682E-01  1.6155E-01
  4.4286E+02  2.9668E-01  1.6161E-01
  4.4319E+02  2.9654E-01  1.6166E-01
  4.4352E+02  2.9640E-01  1.6171E-01
  4.4385E+02  2.9626E-01  1.6176E-01
  4.4418E+02  2.9613E-01  1.6181E-01
  4.4451E+02  2.9599E-01  1.6187E-01
  4.4484E+02  2.9585E-01  1.6192E-01
  4.4517E+02  2.9571E-01  1.6197E-01
  4.4550E+02  2.9557E-01  1.6202E-01
  4.4583E+02  2.9543E-01  1.6207E-01
  4.4616E+02  2.9529E-01  1.6213E-01
  4.4649E+02  2.9515E-01  1.6218E-01
  4.4682E+02  2.9502E-01  1.6223E-01
  4.4715E+02  2.9488E-01  1.6228E-01
  4.4748E+02  2.9474E-01  1.6233E-01
  4.4781E+02  2.9460E-01  1.6238E-01
  4.4814E+02  2.9446E-01  1.6243E-01
  4.4847E+02  2.9432E-01  1.6249E-01
  4.4880E+02  2.9419E-01  1.6254E-01
  4.4913E+02  2.9405E-01  1.6259E-01
  4.4946E+02  2.9391E-01  1.6264E-01
  4.4979E+02  2.9377E-01  1.6269E-01
  4.5012E+02  2.9363E-01  1.6274E-01
  4.5045E+02  2.9349E-01  1.6279E-01
  4.5078E+02  2.9336E-01  1.6284E-01
  4.5111E+02  2.9322E-01  1.6289E-01
  4.5144E+02  2.9308E-01  1.6294E-01
  4.5177E+02  2.9294E-01  1.6299E-01
  4.5210E+02  2.9280E-01  1.6304E-01
  4.5243E+02  2.9266E-01  1.6309E-01
  4.5276E+02  2.9253E-01  1.6314E-01
  4.5309E+02  2.9239E-01  1.6319E-01
  4.5342E+02  2.9225E-01  1.6324E-01
  4.5375E+02  2.9211E-01  1.6329E-01
  4.5408E+02  2.9197E-01  1.6334E-01
  4.5441E+02  2.9184E-01  1.6339E-01
  4.5474E+02  2.9170E-01  1.6344E-01
  4.5507E+02  2.9156E-01  1.6349E-01
  4.5540E+02  2.9142E-01  1.6354E-01
  4.5573E+02  2.9128E-01  1.6359E-01
  4.5606E+02  2.9115E-01  1.6364E-01
  4.5639E+02  2.9101E-01  1.6369E-01
  4.5672E+02  2.9087E-01  1.6374E-01
  4.5705E+02  2.9073E-01  1.6378E-01
  4.5738E+02  2.9060E-01  1.6383E-01
  4.5771E+02  2.9046E-01  1.6388E-01
  4.5804E+02  2.9032E-01  1.6393E-01
  4.5837E+02  2.9018E-01  1.6398E-01
  4.5870E+02  2.9005E-01  1.6403E-01
  4.5903E+02  2.8991E-01  1.6408E-01
  4.5936E+02  2.8977E-01  1.6412E-01
  4.5969E+02  2.8963E-01  1.6417E-01
  4.6002E+02  2.8950E-01  1.6422E-01
  4.6035E+02  2.8936E-01  1.6427E-01
  4.6068E+02  2.8922E-01  1.6432E-01
  4.6101E+02  2.8908E-01  1.6437E-01
  4.6134E+02  2.8895E-01  1.6441E-01
  4.6167E+02  2.8881E-01  1.6446E-01
  4.6200E+02  2.8867E-01  1.6451E-01
  4.6233E+02  2.8853E-01  1.6456E-01
  4.6266E+02  2.8840E-01  1.6460E-01
  4.6299E+02  2.8826E-01  1.6465E-01
  4.6332E+02  2.8812E-01  1.6470E-01
  4.6365E+02  2.8799E-01  1.6475E-01
  4.6398E+02  2.8785E-01  1.6479E-01
  4.6431E+02  2.8771E-01  1.6484E-01
  4.6464E+02  2.8757E-01  1.6489E-01
  4.6497E+02  2.8744E-01  1.6493E-01
  4.6530E+02  2.8730E-01  1.6498E-01
  4.6563E+02  2.8716E-01  1.6503E-01
  4.6596E+02  2.8703E-01  1.6507E-01
  4.6629E+02  2.8689E-01  1.6512E-01
  4.6662E+02  2.8675E-01  1.6517E-01
  4.6695E+02  2.8662E-01  1.6521E-01
  4.6728E+02  2.8648E-01  1.6526E-01
  4.6761E+02  2.8634E-01  1.6531E-01
  4.6794E+02  2.8621E-01  1.6535E-01
  4.6827E+02  2.8607E-01  1.6540E-01
  4.6860E+02  2.8593E-01  1.6545E-01
  4.6893E+02  2.8580E-01  1.6549E-01
  4.6926E+02  2.8566E-01  1.6554E-01
  4.6959E+02  2.8552E-01  1.6558E-01
  4.6992E+02  2.8539E-01  1.6563E-01
  4.7025E+02  2.8525E-01  1.6567E-01
  4.7058E+02  2.8511E-01  1.6572E-01
  4.7091E+02  2.8498E-01  1.6577E-01
  4.7124E+02  2.8484E-01  1.6581E-01
  4.7157E+02  2.8470E-01  1.6586E-01
  4.7190E+02  2.8457E-01  1.6590E-01
  4.7223E+02  2.8443E-01  1.6595E-01
  4.7256E+02  2.8429E-01  1.6599E-01
  4.7289E+02  2.8416E-01  1.6604E-01
  4.7322E+02  2.8402E-01  1.6608E-01
  4.7355E+02  2.8389E-01  1.6613E-01
  4.7388E+02  2.8375E-01  1.6617E-01
  4.7421E+02  2.8361E-01  1.6622E-01
  4.7454E+02  2.8348E-01  1.6626E-01
  4.7487E+02  2.8334E-01  1.6631E-01
  4.7520E+02  2.8320E-01  1.6635E-01
  4.7553E+02  2.8307E-01  1.6639E-01
  4.7586E+02  2.8293E-01  1.6644E-01
  4.7619E+02  2.8280E-01  1.6648E-01
  4.7652E+02  2.8266E-01  1.6653E-01
  4.7685E+02  2.8252E-01  1.6657E-01
  4.7718E+02  2.8239E-01  1.6662E-01
  4.7751E+02  2.8225E-01  1.6666E-01
  4.7784E+02  2.8212E-01  1.6670E-01
  4.7817E+02  2.8198E-01  1.6675E-01
  4.7850E+02  2.8184E-01  1.6679E-01
  4.7883E+02  2.8171E-01  1.6683E-01
  4.7916E+02  2.8157E-01  1.6688E-01
  4.7949E+02  2.8144E-01  1.6692E-01
  4.7982E+02  2.8130E-01  1.6696E-01
  4.8015E+02  2.8117E-01  1.6701E-01
  4.8048E+02  2.8103E-01  1.6705E-01
  4.8081E+02  2.8089E-01  1.6709E-01
  4.8114E+02  2.8076E-01  1.6714E-01
  4.8147E+02  2.8062E-01  1.6718E-01
  4.8180E+02  2.8049E-01  1.6722E-01
  4.8213E+02  2.8035E-01  1.6727E-01
  4.8246E+02  2.8022E-01  1.6731E-01
  4.8279E+02  2.8008E-01  1.6735E-01
  4.8312E+02  2.7995E-01  1.6739E-01
  4.8345E+02  2.7981E-01  1.6744E-01
  4.8378E+02  2.7968E-01  1.6748E-01
  4.8411E+02  2.7954E-01  1.6752E-01
  4.8444E+02  2.7940E-01  1.6756E-01
  4.8477E+02  2.7927E-01  1.6761E-01
  4.8510E+02  2.7913E-01  1.6765E-01
  4.8543E+02  2.7900E-01  1.6769E-01
  4.8576E+02  2.7886E-01  1.6773E-01
  4.8609E+02  2.7873E-01  1.6777E-01
  4.8642E+02  2.7859E-01  1.6782E-01
  4.8675E+02  2.7846E-01  1.6786E-01
  4.8708E+02  2.7832E-01  1.6790E-01
  4.8741E+02  2.7819E-01  1.6794E-01
  4.8774E+02  2.7805E-01  1.6798E-01
  4.8807E+02  2.7792E-01  1.6802E-01
  4.8840E+02  2.7778E-01  1.6806E-01
  4.8873E+02  2.7765E-01  1.6811E-01
  4.8906E+02  2.7751E-01  1.6815E-01
  4.8939E+02  2.7738E-01  1.6819E-01
  4.8972E+02  2.7724E-01  1.6823E-01
  4.9005E+02  2.7711E-01  1.6827E-01
  4.9038E+02  2.7697E-01  1.6831E-01
  4.9071E+02  2.7684E-01  1.6835E-01
  4.9104E+02  2.7670E-01  1.6839E-01
  4.9137E+02  2.7657E-01  1.6843E-01
  4.9170E+02  2.7644E-01  1.6847E-01
  4.9203E+02  2.7630E-01  1.6851E-01
  4.9236E+02  2.7617E-01  1.6855E-01
  4.9269E+02  2.7603E-01  1.6860E-01
  4.9302E+02  2.7590E-01  1.6864E-01
  4.9335E+02  2.7576E-01  1.6868E-01
  4.9368E+02  2.7563E-01  1.6872E-01
  4.9401E+02  2.7549E-01  1.6876E-01
  4.9434E+02  2.7536E-01  1.6880E-01
  4.9467E+02  2.7522E-01  1.6884E-01
  4.9500E+02  2.7509E-01  1.6888E-01
  4.9533E+02  2.7496E-01  1.6892E-01
  4.9566E+02  2.7482E-01  1.6895E-01
  4.9599E+02  2.7469E-01  1.6899E-01
  4.9632E+02  2.7455E-01  1.6903E-01
  4.9665E+02  2.7442E-01  1.6907E-01
  4.9698E+02  2.7428E-01  1.6911E-01
  4.9731E+02  2.7415E-01  1.6915E-01
  4.9764E+02  2.7402E-01  1.6919E-01
  4.9797E+02  2.7388E-01  1.6923E-01
  4.9830E+02  2.7375E-01  1.6927E-01
  4.9863E+02  2.7361E-01  1.6931E-01
  4.9896E+02  2.7348E-01  1.6935E-01
  4.9929E+02  2.7335E-01  1.6939E-01
  4.9962E+02  2.7321E-01  1.6942E-01
  4.9995E+02  2.7308E-01  1.6946E-01
  5.0000E+02  2.7306E-01  1.6947E-01
