# CREATED BY GENE DIAGNOSTICS TOOL on Mon Jun 25 11:47:36 2018
# diag: GAMDIAG, run(s): 0003, time window: 0-500(1375 steps), species: ions
# original data path: /r/c/cmor/ZF_3rd/w7xhms05/0.5047-1.5/
# normalization: L_ref=5.4832m
#
# xind= 0, x/a= 0.70710677, q= 1.1018624
# Fit:    1,-0.16642529,2.623378
# Analytic (Gao, Zhou/Yu): 0.32199362,-0.18953143,2.6233792
#  t          Re[phi]     Im[phi]   
  0.0000E+00  9.9998E-01  0.0000E+00
  3.6400E-01  9.9767E-01  1.0044E-03
  7.2800E-01  9.9109E-01  2.0274E-03
  1.0920E+00  9.8090E-01  3.0574E-03
  1.4560E+00  9.6786E-01  4.0779E-03
  1.8200E+00  9.5276E-01  5.0843E-03
  2.1840E+00  9.3640E-01  6.0755E-03
  2.5480E+00  9.1950E-01  7.0475E-03
  2.9120E+00  9.0266E-01  7.9928E-03
  3.2760E+00  8.8637E-01  8.9019E-03
  3.6400E+00  8.7096E-01  9.7651E-03
  4.0040E+00  8.5662E-01  1.0575E-02
  4.3680E+00  8.4343E-01  1.1329E-02
  4.7320E+00  8.3133E-01  1.2029E-02
  5.0960E+00  8.2021E-01  1.2680E-02
  5.4600E+00  8.0990E-01  1.3292E-02
  5.8240E+00  8.0020E-01  1.3874E-02
  6.1880E+00  7.9094E-01  1.4434E-02
  6.5520E+00  7.8192E-01  1.4982E-02
  6.9160E+00  7.7302E-01  1.5521E-02
  7.2800E+00  7.6412E-01  1.6054E-02
  7.6440E+00  7.5516E-01  1.6580E-02
  8.0080E+00  7.4609E-01  1.7099E-02
  8.3720E+00  7.3691E-01  1.7606E-02
  8.7360E+00  7.2764E-01  1.8096E-02
  9.1000E+00  7.1833E-01  1.8565E-02
  9.4640E+00  7.0902E-01  1.9008E-02
  9.8280E+00  6.9976E-01  1.9423E-02
  1.0192E+01  6.9061E-01  1.9806E-02
  1.0556E+01  6.8162E-01  2.0155E-02
  1.0920E+01  6.7285E-01  2.0470E-02
  1.1284E+01  6.6435E-01  2.0751E-02
  1.1648E+01  6.5615E-01  2.0999E-02
  1.2012E+01  6.4828E-01  2.1214E-02
  1.2376E+01  6.4076E-01  2.1399E-02
  1.2740E+01  6.3361E-01  2.1559E-02
  1.3104E+01  6.2685E-01  2.1699E-02
  1.3468E+01  6.2049E-01  2.1819E-02
  1.3832E+01  6.1454E-01  2.1921E-02
  1.4196E+01  6.0898E-01  2.2008E-02
  1.4560E+01  6.0382E-01  2.2086E-02
  1.4924E+01  5.9905E-01  2.2158E-02
  1.5288E+01  5.9467E-01  2.2228E-02
  1.5652E+01  5.9067E-01  2.2299E-02
  1.6016E+01  5.8705E-01  2.2373E-02
  1.6380E+01  5.8379E-01  2.2452E-02
  1.6744E+01  5.8090E-01  2.2536E-02
  1.7108E+01  5.7833E-01  2.2629E-02
  1.7472E+01  5.7610E-01  2.2732E-02
  1.7836E+01  5.7420E-01  2.2850E-02
  1.8200E+01  5.7261E-01  2.2985E-02
  1.8564E+01  5.7135E-01  2.3138E-02
  1.8928E+01  5.7038E-01  2.3307E-02
  1.9292E+01  5.6970E-01  2.3489E-02
  1.9656E+01  5.6929E-01  2.3686E-02
  2.0020E+01  5.6913E-01  2.3900E-02
  2.0384E+01  5.6922E-01  2.4137E-02
  2.0748E+01  5.6953E-01  2.4399E-02
  2.1112E+01  5.7003E-01  2.4684E-02
  2.1476E+01  5.7070E-01  2.4991E-02
  2.1840E+01  5.7153E-01  2.5317E-02
  2.2204E+01  5.7250E-01  2.5660E-02
  2.2568E+01  5.7363E-01  2.6020E-02
  2.2932E+01  5.7491E-01  2.6399E-02
  2.3296E+01  5.7630E-01  2.6794E-02
  2.3660E+01  5.7780E-01  2.7207E-02
  2.4024E+01  5.7936E-01  2.7635E-02
  2.4388E+01  5.8096E-01  2.8079E-02
  2.4752E+01  5.8261E-01  2.8540E-02
  2.5116E+01  5.8429E-01  2.9019E-02
  2.5480E+01  5.8602E-01  2.9515E-02
  2.5844E+01  5.8775E-01  3.0025E-02
  2.6208E+01  5.8948E-01  3.0545E-02
  2.6572E+01  5.9117E-01  3.1070E-02
  2.6936E+01  5.9280E-01  3.1596E-02
  2.7300E+01  5.9435E-01  3.2118E-02
  2.7664E+01  5.9582E-01  3.2638E-02
  2.8028E+01  5.9723E-01  3.3156E-02
  2.8392E+01  5.9859E-01  3.3676E-02
  2.8756E+01  5.9990E-01  3.4202E-02
  2.9120E+01  6.0117E-01  3.4735E-02
  2.9484E+01  6.0240E-01  3.5275E-02
  2.9848E+01  6.0356E-01  3.5818E-02
  3.0212E+01  6.0465E-01  3.6361E-02
  3.0576E+01  6.0563E-01  3.6901E-02
  3.0940E+01  6.0649E-01  3.7435E-02
  3.1304E+01  6.0721E-01  3.7962E-02
  3.1668E+01  6.0780E-01  3.8479E-02
  3.2032E+01  6.0824E-01  3.8988E-02
  3.2396E+01  6.0854E-01  3.9488E-02
  3.2760E+01  6.0873E-01  3.9983E-02
  3.3124E+01  6.0881E-01  4.0472E-02
  3.3488E+01  6.0880E-01  4.0955E-02
  3.3852E+01  6.0869E-01  4.1431E-02
  3.4216E+01  6.0847E-01  4.1900E-02
  3.4580E+01  6.0813E-01  4.2362E-02
  3.4944E+01  6.0768E-01  4.2815E-02
  3.5308E+01  6.0713E-01  4.3259E-02
  3.5672E+01  6.0648E-01  4.3695E-02
  3.6036E+01  6.0576E-01  4.4123E-02
  3.6400E+01  6.0498E-01  4.4545E-02
  3.6764E+01  6.0415E-01  4.4962E-02
  3.7128E+01  6.0329E-01  4.5373E-02
  3.7492E+01  6.0241E-01  4.5780E-02
  3.7856E+01  6.0151E-01  4.6183E-02
  3.8220E+01  6.0058E-01  4.6579E-02
  3.8584E+01  5.9961E-01  4.6969E-02
  3.8948E+01  5.9858E-01  4.7349E-02
  3.9312E+01  5.9747E-01  4.7720E-02
  3.9676E+01  5.9628E-01  4.8079E-02
  4.0040E+01  5.9500E-01  4.8427E-02
  4.0404E+01  5.9365E-01  4.8766E-02
  4.0768E+01  5.9223E-01  4.9096E-02
  4.1132E+01  5.9077E-01  4.9418E-02
  4.1496E+01  5.8929E-01  4.9735E-02
  4.1860E+01  5.8782E-01  5.0049E-02
  4.2224E+01  5.8639E-01  5.0364E-02
  4.2588E+01  5.8503E-01  5.0683E-02
  4.2952E+01  5.8374E-01  5.1008E-02
  4.3316E+01  5.8256E-01  5.1342E-02
  4.3680E+01  5.8148E-01  5.1685E-02
  4.4044E+01  5.8051E-01  5.2038E-02
  4.4408E+01  5.7965E-01  5.2399E-02
  4.4772E+01  5.7889E-01  5.2764E-02
  4.5136E+01  5.7818E-01  5.3129E-02
  4.5500E+01  5.7751E-01  5.3489E-02
  4.5864E+01  5.7682E-01  5.3838E-02
  4.6228E+01  5.7607E-01  5.4168E-02
  4.6592E+01  5.7522E-01  5.4477E-02
  4.6956E+01  5.7422E-01  5.4761E-02
  4.7320E+01  5.7305E-01  5.5021E-02
  4.7684E+01  5.7172E-01  5.5259E-02
  4.8048E+01  5.7025E-01  5.5485E-02
  4.8412E+01  5.6866E-01  5.5707E-02
  4.8776E+01  5.6702E-01  5.5936E-02
  4.9140E+01  5.6538E-01  5.6180E-02
  4.9504E+01  5.6380E-01  5.6446E-02
  4.9868E+01  5.6232E-01  5.6736E-02
  5.0232E+01  5.6098E-01  5.7052E-02
  5.0596E+01  5.5980E-01  5.7391E-02
  5.0960E+01  5.5880E-01  5.7750E-02
  5.1324E+01  5.5797E-01  5.8121E-02
  5.1688E+01  5.5730E-01  5.8500E-02
  5.2052E+01  5.5676E-01  5.8878E-02
  5.2416E+01  5.5633E-01  5.9250E-02
  5.2780E+01  5.5597E-01  5.9608E-02
  5.3144E+01  5.5566E-01  5.9948E-02
  5.3508E+01  5.5538E-01  6.0269E-02
  5.3872E+01  5.5511E-01  6.0571E-02
  5.4236E+01  5.5484E-01  6.0860E-02
  5.4600E+01  5.5460E-01  6.1142E-02
  5.4964E+01  5.5438E-01  6.1426E-02
  5.5328E+01  5.5420E-01  6.1718E-02
  5.5692E+01  5.5405E-01  6.2026E-02
  5.6056E+01  5.5393E-01  6.2352E-02
  5.6420E+01  5.5384E-01  6.2701E-02
  5.6784E+01  5.5377E-01  6.3072E-02
  5.7148E+01  5.5369E-01  6.3464E-02
  5.7512E+01  5.5359E-01  6.3872E-02
  5.7876E+01  5.5345E-01  6.4293E-02
  5.8240E+01  5.5326E-01  6.4719E-02
  5.8604E+01  5.5299E-01  6.5145E-02
  5.8968E+01  5.5265E-01  6.5563E-02
  5.9332E+01  5.5221E-01  6.5968E-02
  5.9696E+01  5.5168E-01  6.6355E-02
  6.0060E+01  5.5105E-01  6.6719E-02
  6.0424E+01  5.5034E-01  6.7059E-02
  6.0788E+01  5.4954E-01  6.7373E-02
  6.1152E+01  5.4869E-01  6.7665E-02
  6.1516E+01  5.4782E-01  6.7938E-02
  6.1880E+01  5.4694E-01  6.8197E-02
  6.2244E+01  5.4611E-01  6.8447E-02
  6.2608E+01  5.4533E-01  6.8694E-02
  6.2972E+01  5.4465E-01  6.8945E-02
  6.3336E+01  5.4408E-01  6.9204E-02
  6.3700E+01  5.4363E-01  6.9475E-02
  6.4064E+01  5.4331E-01  6.9760E-02
  6.4428E+01  5.4310E-01  7.0059E-02
  6.4792E+01  5.4298E-01  7.0373E-02
  6.5156E+01  5.4295E-01  7.0700E-02
  6.5520E+01  5.4297E-01  7.1038E-02
  6.5884E+01  5.4303E-01  7.1383E-02
  6.6248E+01  5.4309E-01  7.1733E-02
  6.6612E+01  5.4313E-01  7.2086E-02
  6.6976E+01  5.4315E-01  7.2439E-02
  6.7340E+01  5.4312E-01  7.2791E-02
  6.7704E+01  5.4304E-01  7.3139E-02
  6.8068E+01  5.4289E-01  7.3483E-02
  6.8432E+01  5.4268E-01  7.3821E-02
  6.8796E+01  5.4240E-01  7.4153E-02
  6.9160E+01  5.4205E-01  7.4477E-02
  6.9524E+01  5.4165E-01  7.4795E-02
  6.9888E+01  5.4120E-01  7.5105E-02
  7.0252E+01  5.4070E-01  7.5408E-02
  7.0616E+01  5.4017E-01  7.5704E-02
  7.0980E+01  5.3961E-01  7.5994E-02
  7.1344E+01  5.3903E-01  7.6279E-02
  7.1708E+01  5.3844E-01  7.6560E-02
  7.2072E+01  5.3784E-01  7.6839E-02
  7.2436E+01  5.3726E-01  7.7117E-02
  7.2800E+01  5.3669E-01  7.7396E-02
  7.3164E+01  5.3613E-01  7.7676E-02
  7.3528E+01  5.3558E-01  7.7956E-02
  7.3892E+01  5.3504E-01  7.8236E-02
  7.4256E+01  5.3450E-01  7.8513E-02
  7.4620E+01  5.3396E-01  7.8789E-02
  7.4984E+01  5.3342E-01  7.9064E-02
  7.5348E+01  5.3288E-01  7.9337E-02
  7.5712E+01  5.3234E-01  7.9611E-02
  7.6076E+01  5.3181E-01  7.9886E-02
  7.6440E+01  5.3129E-01  8.0162E-02
  7.6804E+01  5.3078E-01  8.0439E-02
  7.7168E+01  5.3029E-01  8.0717E-02
  7.7532E+01  5.2981E-01  8.0995E-02
  7.7896E+01  5.2933E-01  8.1273E-02
  7.8260E+01  5.2886E-01  8.1550E-02
  7.8624E+01  5.2838E-01  8.1824E-02
  7.8988E+01  5.2789E-01  8.2095E-02
  7.9352E+01  5.2739E-01  8.2361E-02
  7.9716E+01  5.2687E-01  8.2623E-02
  8.0080E+01  5.2635E-01  8.2881E-02
  8.0444E+01  5.2583E-01  8.3137E-02
  8.0808E+01  5.2533E-01  8.3392E-02
  8.1172E+01  5.2484E-01  8.3649E-02
  8.1536E+01  5.2437E-01  8.3908E-02
  8.1900E+01  5.2394E-01  8.4171E-02
  8.2264E+01  5.2353E-01  8.4437E-02
  8.2628E+01  5.2314E-01  8.4706E-02
  8.2992E+01  5.2278E-01  8.4976E-02
  8.3356E+01  5.2243E-01  8.5247E-02
  8.3720E+01  5.2208E-01  8.5515E-02
  8.4084E+01  5.2173E-01  8.5782E-02
  8.4448E+01  5.2137E-01  8.6046E-02
  8.4812E+01  5.2102E-01  8.6307E-02
  8.5176E+01  5.2067E-01  8.6568E-02
  8.5540E+01  5.2032E-01  8.6828E-02
  8.5904E+01  5.1997E-01  8.7090E-02
  8.6268E+01  5.1964E-01  8.7354E-02
  8.6632E+01  5.1931E-01  8.7621E-02
  8.6996E+01  5.1900E-01  8.7891E-02
  8.7360E+01  5.1871E-01  8.8163E-02
  8.7724E+01  5.1842E-01  8.8438E-02
  8.8088E+01  5.1815E-01  8.8714E-02
  8.8452E+01  5.1789E-01  8.8990E-02
  8.8816E+01  5.1763E-01  8.9267E-02
  8.9180E+01  5.1738E-01  8.9542E-02
  8.9544E+01  5.1712E-01  8.9816E-02
  8.9908E+01  5.1686E-01  9.0089E-02
  9.0272E+01  5.1659E-01  9.0360E-02
  9.0636E+01  5.1632E-01  9.0631E-02
  9.1000E+01  5.1605E-01  9.0904E-02
  9.1364E+01  5.1579E-01  9.1181E-02
  9.1728E+01  5.1554E-01  9.1463E-02
  9.2092E+01  5.1529E-01  9.1749E-02
  9.2456E+01  5.1506E-01  9.2040E-02
  9.2820E+01  5.1484E-01  9.2333E-02
  9.3184E+01  5.1463E-01  9.2628E-02
  9.3548E+01  5.1441E-01  9.2922E-02
  9.3912E+01  5.1419E-01  9.3215E-02
  9.4276E+01  5.1396E-01  9.3504E-02
  9.4640E+01  5.1370E-01  9.3788E-02
  9.5004E+01  5.1342E-01  9.4066E-02
  9.5368E+01  5.1311E-01  9.4339E-02
  9.5732E+01  5.1278E-01  9.4607E-02
  9.6096E+01  5.1243E-01  9.4874E-02
  9.6460E+01  5.1207E-01  9.5139E-02
  9.6824E+01  5.1170E-01  9.5407E-02
  9.7188E+01  5.1134E-01  9.5679E-02
  9.7552E+01  5.1100E-01  9.5955E-02
  9.7916E+01  5.1067E-01  9.6237E-02
  9.8280E+01  5.1038E-01  9.6525E-02
  9.8644E+01  5.1010E-01  9.6817E-02
  9.9008E+01  5.0985E-01  9.7113E-02
  9.9372E+01  5.0962E-01  9.7410E-02
  9.9736E+01  5.0940E-01  9.7707E-02
  1.0010E+02  5.0919E-01  9.8003E-02
  1.0046E+02  5.0897E-01  9.8295E-02
  1.0083E+02  5.0875E-01  9.8584E-02
  1.0119E+02  5.0851E-01  9.8868E-02
  1.0156E+02  5.0826E-01  9.9147E-02
  1.0192E+02  5.0798E-01  9.9422E-02
  1.0228E+02  5.0767E-01  9.9693E-02
  1.0265E+02  5.0735E-01  9.9961E-02
  1.0301E+02  5.0699E-01  1.0023E-01
  1.0338E+02  5.0662E-01  1.0049E-01
  1.0374E+02  5.0624E-01  1.0075E-01
  1.0410E+02  5.0585E-01  1.0102E-01
  1.0447E+02  5.0545E-01  1.0128E-01
  1.0483E+02  5.0506E-01  1.0155E-01
  1.0520E+02  5.0467E-01  1.0182E-01
  1.0556E+02  5.0429E-01  1.0208E-01
  1.0592E+02  5.0391E-01  1.0235E-01
  1.0629E+02  5.0355E-01  1.0261E-01
  1.0665E+02  5.0320E-01  1.0288E-01
  1.0702E+02  5.0285E-01  1.0314E-01
  1.0738E+02  5.0253E-01  1.0341E-01
  1.0774E+02  5.0221E-01  1.0367E-01
  1.0811E+02  5.0191E-01  1.0394E-01
  1.0847E+02  5.0162E-01  1.0420E-01
  1.0884E+02  5.0134E-01  1.0447E-01
  1.0920E+02  5.0105E-01  1.0474E-01
  1.0956E+02  5.0077E-01  1.0501E-01
  1.0993E+02  5.0049E-01  1.0528E-01
  1.1029E+02  5.0019E-01  1.0555E-01
  1.1066E+02  4.9990E-01  1.0581E-01
  1.1102E+02  4.9959E-01  1.0608E-01
  1.1138E+02  4.9929E-01  1.0634E-01
  1.1175E+02  4.9897E-01  1.0660E-01
  1.1211E+02  4.9866E-01  1.0685E-01
  1.1248E+02  4.9834E-01  1.0711E-01
  1.1284E+02  4.9803E-01  1.0736E-01
  1.1320E+02  4.9771E-01  1.0761E-01
  1.1357E+02  4.9739E-01  1.0786E-01
  1.1393E+02  4.9708E-01  1.0811E-01
  1.1430E+02  4.9678E-01  1.0836E-01
  1.1466E+02  4.9648E-01  1.0861E-01
  1.1502E+02  4.9619E-01  1.0886E-01
  1.1539E+02  4.9591E-01  1.0912E-01
  1.1575E+02  4.9565E-01  1.0938E-01
  1.1612E+02  4.9539E-01  1.0964E-01
  1.1648E+02  4.9513E-01  1.0991E-01
  1.1684E+02  4.9488E-01  1.1018E-01
  1.1721E+02  4.9463E-01  1.1045E-01
  1.1757E+02  4.9437E-01  1.1071E-01
  1.1794E+02  4.9410E-01  1.1098E-01
  1.1830E+02  4.9382E-01  1.1124E-01
  1.1866E+02  4.9352E-01  1.1149E-01
  1.1903E+02  4.9321E-01  1.1175E-01
  1.1939E+02  4.9289E-01  1.1199E-01
  1.1976E+02  4.9256E-01  1.1223E-01
  1.2012E+02  4.9221E-01  1.1247E-01
  1.2048E+02  4.9187E-01  1.1271E-01
  1.2085E+02  4.9153E-01  1.1294E-01
  1.2121E+02  4.9119E-01  1.1317E-01
  1.2158E+02  4.9086E-01  1.1341E-01
  1.2194E+02  4.9054E-01  1.1365E-01
  1.2230E+02  4.9024E-01  1.1389E-01
  1.2267E+02  4.8995E-01  1.1413E-01
  1.2303E+02  4.8967E-01  1.1437E-01
  1.2340E+02  4.8941E-01  1.1462E-01
  1.2376E+02  4.8916E-01  1.1487E-01
  1.2412E+02  4.8892E-01  1.1513E-01
  1.2449E+02  4.8868E-01  1.1539E-01
  1.2485E+02  4.8845E-01  1.1565E-01
  1.2522E+02  4.8821E-01  1.1591E-01
  1.2558E+02  4.8797E-01  1.1617E-01
  1.2594E+02  4.8773E-01  1.1643E-01
  1.2631E+02  4.8748E-01  1.1669E-01
  1.2667E+02  4.8722E-01  1.1695E-01
  1.2704E+02  4.8696E-01  1.1721E-01
  1.2740E+02  4.8669E-01  1.1747E-01
  1.2776E+02  4.8641E-01  1.1772E-01
  1.2813E+02  4.8613E-01  1.1797E-01
  1.2849E+02  4.8584E-01  1.1823E-01
  1.2886E+02  4.8555E-01  1.1848E-01
  1.2922E+02  4.8526E-01  1.1873E-01
  1.2958E+02  4.8496E-01  1.1897E-01
  1.2995E+02  4.8467E-01  1.1922E-01
  1.3031E+02  4.8437E-01  1.1947E-01
  1.3068E+02  4.8408E-01  1.1971E-01
  1.3104E+02  4.8378E-01  1.1995E-01
  1.3140E+02  4.8348E-01  1.2020E-01
  1.3177E+02  4.8319E-01  1.2044E-01
  1.3213E+02  4.8290E-01  1.2068E-01
  1.3250E+02  4.8261E-01  1.2092E-01
  1.3286E+02  4.8232E-01  1.2116E-01
  1.3322E+02  4.8204E-01  1.2140E-01
  1.3359E+02  4.8177E-01  1.2164E-01
  1.3395E+02  4.8150E-01  1.2189E-01
  1.3432E+02  4.8123E-01  1.2213E-01
  1.3468E+02  4.8097E-01  1.2238E-01
  1.3504E+02  4.8071E-01  1.2262E-01
  1.3541E+02  4.8046E-01  1.2287E-01
  1.3577E+02  4.8020E-01  1.2312E-01
  1.3614E+02  4.7994E-01  1.2336E-01
  1.3650E+02  4.7968E-01  1.2360E-01
  1.3686E+02  4.7941E-01  1.2385E-01
  1.3723E+02  4.7914E-01  1.2409E-01
  1.3759E+02  4.7886E-01  1.2432E-01
  1.3796E+02  4.7859E-01  1.2456E-01
  1.3832E+02  4.7830E-01  1.2480E-01
  1.3868E+02  4.7802E-01  1.2504E-01
  1.3905E+02  4.7774E-01  1.2528E-01
  1.3941E+02  4.7746E-01  1.2551E-01
  1.3978E+02  4.7718E-01  1.2575E-01
  1.4014E+02  4.7690E-01  1.2600E-01
  1.4050E+02  4.7662E-01  1.2624E-01
  1.4087E+02  4.7635E-01  1.2648E-01
  1.4123E+02  4.7607E-01  1.2672E-01
  1.4160E+02  4.7579E-01  1.2696E-01
  1.4196E+02  4.7551E-01  1.2720E-01
  1.4232E+02  4.7523E-01  1.2744E-01
  1.4269E+02  4.7494E-01  1.2768E-01
  1.4305E+02  4.7465E-01  1.2792E-01
  1.4342E+02  4.7436E-01  1.2816E-01
  1.4378E+02  4.7407E-01  1.2839E-01
  1.4414E+02  4.7378E-01  1.2863E-01
  1.4451E+02  4.7348E-01  1.2887E-01
  1.4487E+02  4.7319E-01  1.2911E-01
  1.4524E+02  4.7290E-01  1.2935E-01
  1.4560E+02  4.7262E-01  1.2959E-01
  1.4596E+02  4.7233E-01  1.2983E-01
  1.4633E+02  4.7205E-01  1.3007E-01
  1.4669E+02  4.7178E-01  1.3031E-01
  1.4706E+02  4.7150E-01  1.3055E-01
  1.4742E+02  4.7123E-01  1.3079E-01
  1.4778E+02  4.7095E-01  1.3103E-01
  1.4815E+02  4.7067E-01  1.3126E-01
  1.4851E+02  4.7039E-01  1.3150E-01
  1.4888E+02  4.7010E-01  1.3174E-01
  1.4924E+02  4.6981E-01  1.3197E-01
  1.4960E+02  4.6951E-01  1.3220E-01
  1.4997E+02  4.6921E-01  1.3243E-01
  1.5033E+02  4.6890E-01  1.3265E-01
  1.5070E+02  4.6860E-01  1.3288E-01
  1.5106E+02  4.6829E-01  1.3311E-01
  1.5142E+02  4.6798E-01  1.3333E-01
  1.5179E+02  4.6767E-01  1.3356E-01
  1.5215E+02  4.6736E-01  1.3379E-01
  1.5252E+02  4.6706E-01  1.3402E-01
  1.5288E+02  4.6676E-01  1.3425E-01
  1.5324E+02  4.6647E-01  1.3448E-01
  1.5361E+02  4.6617E-01  1.3471E-01
  1.5397E+02  4.6588E-01  1.3494E-01
  1.5434E+02  4.6560E-01  1.3517E-01
  1.5470E+02  4.6531E-01  1.3540E-01
  1.5506E+02  4.6502E-01  1.3563E-01
  1.5543E+02  4.6474E-01  1.3586E-01
  1.5579E+02  4.6446E-01  1.3609E-01
  1.5616E+02  4.6417E-01  1.3632E-01
  1.5652E+02  4.6389E-01  1.3655E-01
  1.5688E+02  4.6360E-01  1.3678E-01
  1.5725E+02  4.6332E-01  1.3701E-01
  1.5761E+02  4.6303E-01  1.3725E-01
  1.5798E+02  4.6273E-01  1.3748E-01
  1.5834E+02  4.6244E-01  1.3771E-01
  1.5870E+02  4.6214E-01  1.3793E-01
  1.5907E+02  4.6184E-01  1.3816E-01
  1.5943E+02  4.6154E-01  1.3839E-01
  1.5980E+02  4.6124E-01  1.3862E-01
  1.6016E+02  4.6093E-01  1.3885E-01
  1.6052E+02  4.6063E-01  1.3907E-01
  1.6089E+02  4.6032E-01  1.3930E-01
  1.6125E+02  4.6002E-01  1.3953E-01
  1.6162E+02  4.5971E-01  1.3976E-01
  1.6198E+02  4.5941E-01  1.3999E-01
  1.6234E+02  4.5910E-01  1.4021E-01
  1.6271E+02  4.5880E-01  1.4044E-01
  1.6307E+02  4.5849E-01  1.4067E-01
  1.6344E+02  4.5819E-01  1.4089E-01
  1.6380E+02  4.5788E-01  1.4112E-01
  1.6416E+02  4.5757E-01  1.4134E-01
  1.6453E+02  4.5726E-01  1.4156E-01
  1.6489E+02  4.5695E-01  1.4178E-01
  1.6526E+02  4.5663E-01  1.4200E-01
  1.6562E+02  4.5632E-01  1.4222E-01
  1.6598E+02  4.5600E-01  1.4244E-01
  1.6635E+02  4.5569E-01  1.4265E-01
  1.6671E+02  4.5538E-01  1.4287E-01
  1.6708E+02  4.5506E-01  1.4309E-01
  1.6744E+02  4.5475E-01  1.4330E-01
  1.6780E+02  4.5444E-01  1.4352E-01
  1.6817E+02  4.5413E-01  1.4374E-01
  1.6853E+02  4.5382E-01  1.4395E-01
  1.6890E+02  4.5351E-01  1.4417E-01
  1.6926E+02  4.5321E-01  1.4439E-01
  1.6962E+02  4.5290E-01  1.4460E-01
  1.6999E+02  4.5259E-01  1.4482E-01
  1.7035E+02  4.5228E-01  1.4503E-01
  1.7072E+02  4.5197E-01  1.4525E-01
  1.7108E+02  4.5165E-01  1.4546E-01
  1.7144E+02  4.5134E-01  1.4567E-01
  1.7181E+02  4.5102E-01  1.4588E-01
  1.7217E+02  4.5071E-01  1.4610E-01
  1.7254E+02  4.5039E-01  1.4631E-01
  1.7290E+02  4.5007E-01  1.4652E-01
  1.7326E+02  4.4976E-01  1.4673E-01
  1.7363E+02  4.4944E-01  1.4694E-01
  1.7399E+02  4.4913E-01  1.4715E-01
  1.7436E+02  4.4881E-01  1.4737E-01
  1.7472E+02  4.4849E-01  1.4758E-01
  1.7508E+02  4.4818E-01  1.4779E-01
  1.7545E+02  4.4786E-01  1.4801E-01
  1.7581E+02  4.4754E-01  1.4822E-01
  1.7618E+02  4.4722E-01  1.4843E-01
  1.7654E+02  4.4690E-01  1.4865E-01
  1.7690E+02  4.4658E-01  1.4886E-01
  1.7727E+02  4.4626E-01  1.4907E-01
  1.7763E+02  4.4593E-01  1.4929E-01
  1.7800E+02  4.4561E-01  1.4950E-01
  1.7836E+02  4.4527E-01  1.4971E-01
  1.7872E+02  4.4494E-01  1.4992E-01
  1.7909E+02  4.4461E-01  1.5013E-01
  1.7945E+02  4.4427E-01  1.5033E-01
  1.7982E+02  4.4393E-01  1.5054E-01
  1.8018E+02  4.4359E-01  1.5074E-01
  1.8054E+02  4.4325E-01  1.5095E-01
  1.8091E+02  4.4291E-01  1.5115E-01
  1.8127E+02  4.4257E-01  1.5135E-01
  1.8164E+02  4.4224E-01  1.5155E-01
  1.8200E+02  4.4190E-01  1.5176E-01
  1.8236E+02  4.4157E-01  1.5196E-01
  1.8273E+02  4.4124E-01  1.5216E-01
  1.8309E+02  4.4091E-01  1.5236E-01
  1.8346E+02  4.4058E-01  1.5256E-01
  1.8382E+02  4.4025E-01  1.5277E-01
  1.8418E+02  4.3992E-01  1.5297E-01
  1.8455E+02  4.3959E-01  1.5316E-01
  1.8491E+02  4.3926E-01  1.5336E-01
  1.8528E+02  4.3893E-01  1.5356E-01
  1.8564E+02  4.3860E-01  1.5376E-01
  1.8600E+02  4.3826E-01  1.5395E-01
  1.8637E+02  4.3793E-01  1.5414E-01
  1.8673E+02  4.3760E-01  1.5434E-01
  1.8710E+02  4.3727E-01  1.5453E-01
  1.8746E+02  4.3693E-01  1.5472E-01
  1.8782E+02  4.3660E-01  1.5491E-01
  1.8819E+02  4.3627E-01  1.5510E-01
  1.8855E+02  4.3594E-01  1.5530E-01
  1.8892E+02  4.3561E-01  1.5548E-01
  1.8928E+02  4.3528E-01  1.5567E-01
  1.8964E+02  4.3495E-01  1.5586E-01
  1.9001E+02  4.3462E-01  1.5605E-01
  1.9037E+02  4.3429E-01  1.5624E-01
  1.9074E+02  4.3396E-01  1.5643E-01
  1.9110E+02  4.3364E-01  1.5662E-01
  1.9146E+02  4.3331E-01  1.5681E-01
  1.9183E+02  4.3299E-01  1.5700E-01
  1.9219E+02  4.3266E-01  1.5719E-01
  1.9256E+02  4.3234E-01  1.5738E-01
  1.9292E+02  4.3202E-01  1.5757E-01
  1.9328E+02  4.3169E-01  1.5776E-01
  1.9365E+02  4.3137E-01  1.5795E-01
  1.9401E+02  4.3105E-01  1.5814E-01
  1.9438E+02  4.3073E-01  1.5833E-01
  1.9474E+02  4.3041E-01  1.5853E-01
  1.9510E+02  4.3008E-01  1.5872E-01
  1.9547E+02  4.2976E-01  1.5891E-01
  1.9583E+02  4.2943E-01  1.5910E-01
  1.9620E+02  4.2910E-01  1.5929E-01
  1.9656E+02  4.2877E-01  1.5948E-01
  1.9692E+02  4.2844E-01  1.5967E-01
  1.9729E+02  4.2810E-01  1.5986E-01
  1.9765E+02  4.2776E-01  1.6005E-01
  1.9802E+02  4.2742E-01  1.6024E-01
  1.9838E+02  4.2708E-01  1.6043E-01
  1.9874E+02  4.2674E-01  1.6061E-01
  1.9911E+02  4.2640E-01  1.6080E-01
  1.9947E+02  4.2605E-01  1.6099E-01
  1.9984E+02  4.2571E-01  1.6117E-01
  2.0020E+02  4.2537E-01  1.6136E-01
  2.0056E+02  4.2502E-01  1.6155E-01
  2.0093E+02  4.2468E-01  1.6173E-01
  2.0129E+02  4.2434E-01  1.6192E-01
  2.0166E+02  4.2400E-01  1.6210E-01
  2.0202E+02  4.2366E-01  1.6229E-01
  2.0238E+02  4.2332E-01  1.6247E-01
  2.0275E+02  4.2297E-01  1.6266E-01
  2.0311E+02  4.2263E-01  1.6284E-01
  2.0348E+02  4.2229E-01  1.6302E-01
  2.0384E+02  4.2195E-01  1.6320E-01
  2.0420E+02  4.2161E-01  1.6338E-01
  2.0457E+02  4.2127E-01  1.6356E-01
  2.0493E+02  4.2093E-01  1.6374E-01
  2.0530E+02  4.2059E-01  1.6392E-01
  2.0566E+02  4.2024E-01  1.6410E-01
  2.0602E+02  4.1990E-01  1.6428E-01
  2.0639E+02  4.1956E-01  1.6446E-01
  2.0675E+02  4.1923E-01  1.6464E-01
  2.0712E+02  4.1889E-01  1.6482E-01
  2.0748E+02  4.1855E-01  1.6500E-01
  2.0784E+02  4.1822E-01  1.6517E-01
  2.0821E+02  4.1788E-01  1.6535E-01
  2.0857E+02  4.1755E-01  1.6553E-01
  2.0894E+02  4.1722E-01  1.6571E-01
  2.0930E+02  4.1689E-01  1.6589E-01
  2.0966E+02  4.1656E-01  1.6606E-01
  2.1003E+02  4.1623E-01  1.6624E-01
  2.1039E+02  4.1590E-01  1.6642E-01
  2.1076E+02  4.1557E-01  1.6660E-01
  2.1112E+02  4.1525E-01  1.6678E-01
  2.1148E+02  4.1492E-01  1.6696E-01
  2.1185E+02  4.1460E-01  1.6714E-01
  2.1221E+02  4.1428E-01  1.6732E-01
  2.1258E+02  4.1396E-01  1.6749E-01
  2.1294E+02  4.1364E-01  1.6767E-01
  2.1330E+02  4.1332E-01  1.6785E-01
  2.1367E+02  4.1300E-01  1.6803E-01
  2.1403E+02  4.1268E-01  1.6821E-01
  2.1440E+02  4.1236E-01  1.6839E-01
  2.1476E+02  4.1204E-01  1.6857E-01
  2.1512E+02  4.1172E-01  1.6875E-01
  2.1549E+02  4.1141E-01  1.6893E-01
  2.1585E+02  4.1109E-01  1.6911E-01
  2.1622E+02  4.1077E-01  1.6929E-01
  2.1658E+02  4.1046E-01  1.6946E-01
  2.1694E+02  4.1014E-01  1.6964E-01
  2.1731E+02  4.0982E-01  1.6982E-01
  2.1767E+02  4.0951E-01  1.7000E-01
  2.1804E+02  4.0919E-01  1.7017E-01
  2.1840E+02  4.0887E-01  1.7035E-01
  2.1876E+02  4.0856E-01  1.7053E-01
  2.1913E+02  4.0824E-01  1.7070E-01
  2.1949E+02  4.0792E-01  1.7088E-01
  2.1986E+02  4.0761E-01  1.7105E-01
  2.2022E+02  4.0729E-01  1.7122E-01
  2.2058E+02  4.0697E-01  1.7139E-01
  2.2095E+02  4.0666E-01  1.7157E-01
  2.2131E+02  4.0634E-01  1.7174E-01
  2.2168E+02  4.0602E-01  1.7190E-01
  2.2204E+02  4.0570E-01  1.7207E-01
  2.2240E+02  4.0539E-01  1.7224E-01
  2.2277E+02  4.0507E-01  1.7241E-01
  2.2313E+02  4.0475E-01  1.7257E-01
  2.2350E+02  4.0443E-01  1.7274E-01
  2.2386E+02  4.0411E-01  1.7290E-01
  2.2422E+02  4.0379E-01  1.7307E-01
  2.2459E+02  4.0347E-01  1.7323E-01
  2.2495E+02  4.0315E-01  1.7339E-01
  2.2532E+02  4.0284E-01  1.7355E-01
  2.2568E+02  4.0252E-01  1.7371E-01
  2.2604E+02  4.0220E-01  1.7387E-01
  2.2641E+02  4.0188E-01  1.7403E-01
  2.2677E+02  4.0156E-01  1.7418E-01
  2.2714E+02  4.0124E-01  1.7434E-01
  2.2750E+02  4.0092E-01  1.7450E-01
  2.2786E+02  4.0060E-01  1.7466E-01
  2.2823E+02  4.0028E-01  1.7481E-01
  2.2859E+02  3.9997E-01  1.7497E-01
  2.2896E+02  3.9965E-01  1.7513E-01
  2.2932E+02  3.9933E-01  1.7528E-01
  2.2968E+02  3.9902E-01  1.7544E-01
  2.3005E+02  3.9870E-01  1.7559E-01
  2.3041E+02  3.9838E-01  1.7575E-01
  2.3078E+02  3.9807E-01  1.7591E-01
  2.3114E+02  3.9775E-01  1.7606E-01
  2.3150E+02  3.9744E-01  1.7622E-01
  2.3187E+02  3.9713E-01  1.7638E-01
  2.3223E+02  3.9681E-01  1.7654E-01
  2.3260E+02  3.9650E-01  1.7669E-01
  2.3296E+02  3.9619E-01  1.7685E-01
  2.3332E+02  3.9588E-01  1.7701E-01
  2.3369E+02  3.9557E-01  1.7717E-01
  2.3405E+02  3.9526E-01  1.7733E-01
  2.3442E+02  3.9495E-01  1.7749E-01
  2.3478E+02  3.9464E-01  1.7765E-01
  2.3514E+02  3.9433E-01  1.7781E-01
  2.3551E+02  3.9403E-01  1.7797E-01
  2.3587E+02  3.9372E-01  1.7813E-01
  2.3624E+02  3.9342E-01  1.7830E-01
  2.3660E+02  3.9311E-01  1.7846E-01
  2.3696E+02  3.9281E-01  1.7862E-01
  2.3733E+02  3.9251E-01  1.7878E-01
  2.3769E+02  3.9220E-01  1.7895E-01
  2.3806E+02  3.9190E-01  1.7911E-01
  2.3842E+02  3.9160E-01  1.7927E-01
  2.3878E+02  3.9130E-01  1.7944E-01
  2.3915E+02  3.9100E-01  1.7960E-01
  2.3951E+02  3.9070E-01  1.7976E-01
  2.3988E+02  3.9040E-01  1.7992E-01
  2.4024E+02  3.9010E-01  1.8009E-01
  2.4060E+02  3.8980E-01  1.8025E-01
  2.4097E+02  3.8950E-01  1.8041E-01
  2.4133E+02  3.8920E-01  1.8057E-01
  2.4170E+02  3.8890E-01  1.8073E-01
  2.4206E+02  3.8860E-01  1.8089E-01
  2.4242E+02  3.8831E-01  1.8105E-01
  2.4279E+02  3.8801E-01  1.8121E-01
  2.4315E+02  3.8771E-01  1.8137E-01
  2.4352E+02  3.8742E-01  1.8153E-01
  2.4388E+02  3.8712E-01  1.8169E-01
  2.4424E+02  3.8682E-01  1.8184E-01
  2.4461E+02  3.8652E-01  1.8200E-01
  2.4497E+02  3.8623E-01  1.8216E-01
  2.4534E+02  3.8593E-01  1.8231E-01
  2.4570E+02  3.8563E-01  1.8246E-01
  2.4606E+02  3.8533E-01  1.8261E-01
  2.4643E+02  3.8503E-01  1.8277E-01
  2.4679E+02  3.8474E-01  1.8292E-01
  2.4716E+02  3.8444E-01  1.8307E-01
  2.4752E+02  3.8414E-01  1.8321E-01
  2.4788E+02  3.8384E-01  1.8336E-01
  2.4825E+02  3.8354E-01  1.8351E-01
  2.4861E+02  3.8324E-01  1.8366E-01
  2.4898E+02  3.8294E-01  1.8380E-01
  2.4934E+02  3.8264E-01  1.8394E-01
  2.4970E+02  3.8234E-01  1.8409E-01
  2.5007E+02  3.8204E-01  1.8423E-01
  2.5043E+02  3.8174E-01  1.8437E-01
  2.5080E+02  3.8144E-01  1.8452E-01
  2.5116E+02  3.8114E-01  1.8466E-01
  2.5152E+02  3.8084E-01  1.8480E-01
  2.5189E+02  3.8054E-01  1.8494E-01
  2.5225E+02  3.8024E-01  1.8507E-01
  2.5262E+02  3.7993E-01  1.8521E-01
  2.5298E+02  3.7963E-01  1.8535E-01
  2.5334E+02  3.7933E-01  1.8549E-01
  2.5371E+02  3.7903E-01  1.8563E-01
  2.5407E+02  3.7872E-01  1.8576E-01
  2.5444E+02  3.7842E-01  1.8590E-01
  2.5480E+02  3.7811E-01  1.8604E-01
  2.5516E+02  3.7781E-01  1.8617E-01
  2.5553E+02  3.7750E-01  1.8631E-01
  2.5589E+02  3.7720E-01  1.8645E-01
  2.5626E+02  3.7690E-01  1.8658E-01
  2.5662E+02  3.7659E-01  1.8672E-01
  2.5698E+02  3.7629E-01  1.8686E-01
  2.5735E+02  3.7598E-01  1.8699E-01
  2.5771E+02  3.7568E-01  1.8713E-01
  2.5808E+02  3.7537E-01  1.8726E-01
  2.5844E+02  3.7507E-01  1.8740E-01
  2.5880E+02  3.7477E-01  1.8754E-01
  2.5917E+02  3.7446E-01  1.8768E-01
  2.5953E+02  3.7416E-01  1.8781E-01
  2.5990E+02  3.7386E-01  1.8795E-01
  2.6026E+02  3.7356E-01  1.8809E-01
  2.6062E+02  3.7325E-01  1.8823E-01
  2.6099E+02  3.7295E-01  1.8836E-01
  2.6135E+02  3.7265E-01  1.8850E-01
  2.6172E+02  3.7235E-01  1.8864E-01
  2.6208E+02  3.7206E-01  1.8878E-01
  2.6244E+02  3.7176E-01  1.8892E-01
  2.6281E+02  3.7146E-01  1.8906E-01
  2.6317E+02  3.7116E-01  1.8920E-01
  2.6354E+02  3.7087E-01  1.8933E-01
  2.6390E+02  3.7058E-01  1.8947E-01
  2.6426E+02  3.7028E-01  1.8961E-01
  2.6463E+02  3.6999E-01  1.8975E-01
  2.6499E+02  3.6970E-01  1.8989E-01
  2.6536E+02  3.6941E-01  1.9003E-01
  2.6572E+02  3.6912E-01  1.9016E-01
  2.6608E+02  3.6883E-01  1.9030E-01
  2.6645E+02  3.6855E-01  1.9044E-01
  2.6681E+02  3.6826E-01  1.9058E-01
  2.6718E+02  3.6798E-01  1.9072E-01
  2.6754E+02  3.6769E-01  1.9085E-01
  2.6790E+02  3.6741E-01  1.9099E-01
  2.6827E+02  3.6713E-01  1.9113E-01
  2.6863E+02  3.6686E-01  1.9126E-01
  2.6900E+02  3.6658E-01  1.9140E-01
  2.6936E+02  3.6631E-01  1.9153E-01
  2.6972E+02  3.6603E-01  1.9167E-01
  2.7009E+02  3.6576E-01  1.9180E-01
  2.7045E+02  3.6549E-01  1.9194E-01
  2.7082E+02  3.6522E-01  1.9207E-01
  2.7118E+02  3.6496E-01  1.9221E-01
  2.7154E+02  3.6469E-01  1.9234E-01
  2.7191E+02  3.6443E-01  1.9247E-01
  2.7227E+02  3.6417E-01  1.9261E-01
  2.7264E+02  3.6391E-01  1.9274E-01
  2.7300E+02  3.6365E-01  1.9287E-01
  2.7336E+02  3.6339E-01  1.9300E-01
  2.7373E+02  3.6314E-01  1.9313E-01
  2.7409E+02  3.6289E-01  1.9326E-01
  2.7446E+02  3.6263E-01  1.9339E-01
  2.7482E+02  3.6238E-01  1.9352E-01
  2.7518E+02  3.6214E-01  1.9365E-01
  2.7555E+02  3.6189E-01  1.9378E-01
  2.7591E+02  3.6164E-01  1.9391E-01
  2.7628E+02  3.6140E-01  1.9404E-01
  2.7664E+02  3.6115E-01  1.9417E-01
  2.7700E+02  3.6091E-01  1.9430E-01
  2.7737E+02  3.6067E-01  1.9443E-01
  2.7773E+02  3.6042E-01  1.9456E-01
  2.7810E+02  3.6018E-01  1.9468E-01
  2.7846E+02  3.5994E-01  1.9481E-01
  2.7882E+02  3.5970E-01  1.9494E-01
  2.7919E+02  3.5946E-01  1.9506E-01
  2.7955E+02  3.5922E-01  1.9519E-01
  2.7992E+02  3.5898E-01  1.9532E-01
  2.8028E+02  3.5873E-01  1.9544E-01
  2.8064E+02  3.5849E-01  1.9557E-01
  2.8101E+02  3.5825E-01  1.9569E-01
  2.8137E+02  3.5800E-01  1.9582E-01
  2.8174E+02  3.5776E-01  1.9594E-01
  2.8210E+02  3.5751E-01  1.9607E-01
  2.8246E+02  3.5726E-01  1.9619E-01
  2.8283E+02  3.5701E-01  1.9631E-01
  2.8319E+02  3.5676E-01  1.9644E-01
  2.8356E+02  3.5650E-01  1.9656E-01
  2.8392E+02  3.5625E-01  1.9668E-01
  2.8428E+02  3.5599E-01  1.9680E-01
  2.8465E+02  3.5573E-01  1.9693E-01
  2.8501E+02  3.5547E-01  1.9705E-01
  2.8538E+02  3.5520E-01  1.9717E-01
  2.8574E+02  3.5494E-01  1.9729E-01
  2.8610E+02  3.5467E-01  1.9741E-01
  2.8647E+02  3.5440E-01  1.9753E-01
  2.8683E+02  3.5412E-01  1.9765E-01
  2.8720E+02  3.5384E-01  1.9778E-01
  2.8756E+02  3.5356E-01  1.9790E-01
  2.8792E+02  3.5328E-01  1.9802E-01
  2.8829E+02  3.5300E-01  1.9814E-01
  2.8865E+02  3.5271E-01  1.9826E-01
  2.8902E+02  3.5242E-01  1.9838E-01
  2.8938E+02  3.5213E-01  1.9849E-01
  2.8974E+02  3.5183E-01  1.9861E-01
  2.9011E+02  3.5154E-01  1.9873E-01
  2.9047E+02  3.5124E-01  1.9885E-01
  2.9084E+02  3.5093E-01  1.9897E-01
  2.9120E+02  3.5063E-01  1.9909E-01
  2.9156E+02  3.5032E-01  1.9921E-01
  2.9193E+02  3.5002E-01  1.9932E-01
  2.9229E+02  3.4971E-01  1.9944E-01
  2.9266E+02  3.4940E-01  1.9956E-01
  2.9302E+02  3.4908E-01  1.9968E-01
  2.9338E+02  3.4877E-01  1.9979E-01
  2.9375E+02  3.4846E-01  1.9991E-01
  2.9411E+02  3.4814E-01  2.0003E-01
  2.9448E+02  3.4782E-01  2.0014E-01
  2.9484E+02  3.4751E-01  2.0026E-01
  2.9520E+02  3.4719E-01  2.0037E-01
  2.9557E+02  3.4687E-01  2.0049E-01
  2.9593E+02  3.4655E-01  2.0060E-01
  2.9630E+02  3.4624E-01  2.0072E-01
  2.9666E+02  3.4592E-01  2.0083E-01
  2.9702E+02  3.4560E-01  2.0095E-01
  2.9739E+02  3.4529E-01  2.0106E-01
  2.9775E+02  3.4498E-01  2.0117E-01
  2.9812E+02  3.4466E-01  2.0129E-01
  2.9848E+02  3.4435E-01  2.0140E-01
  2.9884E+02  3.4404E-01  2.0151E-01
  2.9921E+02  3.4373E-01  2.0162E-01
  2.9957E+02  3.4343E-01  2.0174E-01
  2.9994E+02  3.4312E-01  2.0185E-01
  3.0030E+02  3.4282E-01  2.0196E-01
  3.0066E+02  3.4252E-01  2.0207E-01
  3.0103E+02  3.4223E-01  2.0218E-01
  3.0139E+02  3.4193E-01  2.0229E-01
  3.0176E+02  3.4164E-01  2.0240E-01
  3.0212E+02  3.4136E-01  2.0252E-01
  3.0248E+02  3.4107E-01  2.0263E-01
  3.0285E+02  3.4079E-01  2.0274E-01
  3.0321E+02  3.4051E-01  2.0285E-01
  3.0358E+02  3.4024E-01  2.0296E-01
  3.0394E+02  3.3997E-01  2.0307E-01
  3.0430E+02  3.3970E-01  2.0318E-01
  3.0467E+02  3.3944E-01  2.0329E-01
  3.0503E+02  3.3918E-01  2.0340E-01
  3.0540E+02  3.3892E-01  2.0351E-01
  3.0576E+02  3.3867E-01  2.0362E-01
  3.0612E+02  3.3842E-01  2.0373E-01
  3.0649E+02  3.3817E-01  2.0384E-01
  3.0685E+02  3.3793E-01  2.0395E-01
  3.0722E+02  3.3769E-01  2.0406E-01
  3.0758E+02  3.3745E-01  2.0417E-01
  3.0794E+02  3.3722E-01  2.0428E-01
  3.0831E+02  3.3699E-01  2.0439E-01
  3.0867E+02  3.3676E-01  2.0449E-01
  3.0904E+02  3.3653E-01  2.0460E-01
  3.0940E+02  3.3631E-01  2.0471E-01
  3.0976E+02  3.3609E-01  2.0482E-01
  3.1013E+02  3.3587E-01  2.0493E-01
  3.1049E+02  3.3565E-01  2.0504E-01
  3.1086E+02  3.3543E-01  2.0514E-01
  3.1122E+02  3.3522E-01  2.0525E-01
  3.1158E+02  3.3500E-01  2.0536E-01
  3.1195E+02  3.3479E-01  2.0546E-01
  3.1231E+02  3.3457E-01  2.0557E-01
  3.1268E+02  3.3436E-01  2.0568E-01
  3.1304E+02  3.3415E-01  2.0578E-01
  3.1340E+02  3.3393E-01  2.0589E-01
  3.1377E+02  3.3372E-01  2.0599E-01
  3.1413E+02  3.3350E-01  2.0610E-01
  3.1450E+02  3.3329E-01  2.0620E-01
  3.1486E+02  3.3307E-01  2.0631E-01
  3.1522E+02  3.3285E-01  2.0641E-01
  3.1559E+02  3.3263E-01  2.0652E-01
  3.1595E+02  3.3241E-01  2.0662E-01
  3.1632E+02  3.3219E-01  2.0672E-01
  3.1668E+02  3.3196E-01  2.0682E-01
  3.1704E+02  3.3173E-01  2.0693E-01
  3.1741E+02  3.3150E-01  2.0703E-01
  3.1777E+02  3.3127E-01  2.0713E-01
  3.1814E+02  3.3103E-01  2.0723E-01
  3.1850E+02  3.3079E-01  2.0733E-01
  3.1886E+02  3.3055E-01  2.0744E-01
  3.1923E+02  3.3030E-01  2.0754E-01
  3.1959E+02  3.3005E-01  2.0764E-01
  3.1996E+02  3.2980E-01  2.0774E-01
  3.2032E+02  3.2955E-01  2.0784E-01
  3.2068E+02  3.2929E-01  2.0794E-01
  3.2105E+02  3.2902E-01  2.0804E-01
  3.2141E+02  3.2876E-01  2.0814E-01
  3.2178E+02  3.2849E-01  2.0824E-01
  3.2214E+02  3.2821E-01  2.0834E-01
  3.2250E+02  3.2793E-01  2.0843E-01
  3.2287E+02  3.2765E-01  2.0853E-01
  3.2323E+02  3.2737E-01  2.0863E-01
  3.2360E+02  3.2708E-01  2.0873E-01
  3.2396E+02  3.2679E-01  2.0883E-01
  3.2432E+02  3.2650E-01  2.0893E-01
  3.2469E+02  3.2620E-01  2.0902E-01
  3.2505E+02  3.2590E-01  2.0912E-01
  3.2542E+02  3.2560E-01  2.0922E-01
  3.2578E+02  3.2530E-01  2.0932E-01
  3.2614E+02  3.2499E-01  2.0941E-01
  3.2651E+02  3.2468E-01  2.0951E-01
  3.2687E+02  3.2437E-01  2.0961E-01
  3.2724E+02  3.2406E-01  2.0970E-01
  3.2760E+02  3.2374E-01  2.0980E-01
  3.2796E+02  3.2343E-01  2.0990E-01
  3.2833E+02  3.2311E-01  2.0999E-01
  3.2869E+02  3.2279E-01  2.1009E-01
  3.2906E+02  3.2247E-01  2.1018E-01
  3.2942E+02  3.2216E-01  2.1028E-01
  3.2978E+02  3.2184E-01  2.1037E-01
  3.3015E+02  3.2152E-01  2.1047E-01
  3.3051E+02  3.2120E-01  2.1056E-01
  3.3088E+02  3.2088E-01  2.1066E-01
  3.3124E+02  3.2057E-01  2.1075E-01
  3.3160E+02  3.2025E-01  2.1084E-01
  3.3197E+02  3.1994E-01  2.1094E-01
  3.3233E+02  3.1963E-01  2.1103E-01
  3.3270E+02  3.1932E-01  2.1112E-01
  3.3306E+02  3.1901E-01  2.1122E-01
  3.3342E+02  3.1870E-01  2.1131E-01
  3.3379E+02  3.1840E-01  2.1140E-01
  3.3415E+02  3.1810E-01  2.1149E-01
  3.3452E+02  3.1780E-01  2.1158E-01
  3.3488E+02  3.1751E-01  2.1168E-01
  3.3524E+02  3.1721E-01  2.1177E-01
  3.3561E+02  3.1693E-01  2.1186E-01
  3.3597E+02  3.1664E-01  2.1195E-01
  3.3634E+02  3.1636E-01  2.1204E-01
  3.3670E+02  3.1608E-01  2.1213E-01
  3.3706E+02  3.1581E-01  2.1222E-01
  3.3743E+02  3.1554E-01  2.1232E-01
  3.3779E+02  3.1527E-01  2.1241E-01
  3.3816E+02  3.1501E-01  2.1250E-01
  3.3852E+02  3.1475E-01  2.1259E-01
  3.3888E+02  3.1449E-01  2.1268E-01
  3.3925E+02  3.1424E-01  2.1277E-01
  3.3961E+02  3.1400E-01  2.1286E-01
  3.3998E+02  3.1375E-01  2.1295E-01
  3.4034E+02  3.1351E-01  2.1304E-01
  3.4070E+02  3.1327E-01  2.1313E-01
  3.4107E+02  3.1304E-01  2.1322E-01
  3.4143E+02  3.1281E-01  2.1331E-01
  3.4180E+02  3.1258E-01  2.1340E-01
  3.4216E+02  3.1236E-01  2.1349E-01
  3.4252E+02  3.1214E-01  2.1357E-01
  3.4289E+02  3.1192E-01  2.1366E-01
  3.4325E+02  3.1170E-01  2.1375E-01
  3.4362E+02  3.1149E-01  2.1384E-01
  3.4398E+02  3.1128E-01  2.1393E-01
  3.4434E+02  3.1107E-01  2.1401E-01
  3.4471E+02  3.1086E-01  2.1410E-01
  3.4507E+02  3.1065E-01  2.1419E-01
  3.4544E+02  3.1045E-01  2.1428E-01
  3.4580E+02  3.1024E-01  2.1436E-01
  3.4616E+02  3.1004E-01  2.1445E-01
  3.4653E+02  3.0983E-01  2.1454E-01
  3.4689E+02  3.0963E-01  2.1462E-01
  3.4726E+02  3.0943E-01  2.1471E-01
  3.4762E+02  3.0922E-01  2.1479E-01
  3.4798E+02  3.0902E-01  2.1488E-01
  3.4835E+02  3.0882E-01  2.1496E-01
  3.4871E+02  3.0861E-01  2.1505E-01
  3.4908E+02  3.0841E-01  2.1513E-01
  3.4944E+02  3.0820E-01  2.1522E-01
  3.4980E+02  3.0799E-01  2.1530E-01
  3.5017E+02  3.0778E-01  2.1539E-01
  3.5053E+02  3.0757E-01  2.1547E-01
  3.5090E+02  3.0736E-01  2.1555E-01
  3.5126E+02  3.0714E-01  2.1564E-01
  3.5162E+02  3.0693E-01  2.1572E-01
  3.5199E+02  3.0671E-01  2.1580E-01
  3.5235E+02  3.0649E-01  2.1589E-01
  3.5272E+02  3.0626E-01  2.1597E-01
  3.5308E+02  3.0604E-01  2.1605E-01
  3.5344E+02  3.0581E-01  2.1613E-01
  3.5381E+02  3.0558E-01  2.1621E-01
  3.5417E+02  3.0535E-01  2.1630E-01
  3.5454E+02  3.0511E-01  2.1638E-01
  3.5490E+02  3.0487E-01  2.1646E-01
  3.5526E+02  3.0463E-01  2.1654E-01
  3.5563E+02  3.0438E-01  2.1662E-01
  3.5599E+02  3.0414E-01  2.1670E-01
  3.5636E+02  3.0389E-01  2.1678E-01
  3.5672E+02  3.0364E-01  2.1686E-01
  3.5708E+02  3.0338E-01  2.1694E-01
  3.5745E+02  3.0312E-01  2.1702E-01
  3.5781E+02  3.0286E-01  2.1710E-01
  3.5818E+02  3.0260E-01  2.1718E-01
  3.5854E+02  3.0234E-01  2.1726E-01
  3.5890E+02  3.0207E-01  2.1734E-01
  3.5927E+02  3.0181E-01  2.1742E-01
  3.5963E+02  3.0154E-01  2.1750E-01
  3.6000E+02  3.0126E-01  2.1758E-01
  3.6036E+02  3.0099E-01  2.1765E-01
  3.6072E+02  3.0072E-01  2.1773E-01
  3.6109E+02  3.0044E-01  2.1781E-01
  3.6145E+02  3.0016E-01  2.1789E-01
  3.6182E+02  2.9988E-01  2.1796E-01
  3.6218E+02  2.9961E-01  2.1804E-01
  3.6254E+02  2.9933E-01  2.1812E-01
  3.6291E+02  2.9905E-01  2.1819E-01
  3.6327E+02  2.9876E-01  2.1827E-01
  3.6364E+02  2.9848E-01  2.1834E-01
  3.6400E+02  2.9820E-01  2.1842E-01
  3.6436E+02  2.9792E-01  2.1849E-01
  3.6473E+02  2.9764E-01  2.1857E-01
  3.6509E+02  2.9736E-01  2.1864E-01
  3.6546E+02  2.9708E-01  2.1872E-01
  3.6582E+02  2.9680E-01  2.1879E-01
  3.6618E+02  2.9652E-01  2.1887E-01
  3.6655E+02  2.9624E-01  2.1894E-01
  3.6691E+02  2.9597E-01  2.1901E-01
  3.6728E+02  2.9569E-01  2.1909E-01
  3.6764E+02  2.9542E-01  2.1916E-01
  3.6800E+02  2.9514E-01  2.1923E-01
  3.6837E+02  2.9487E-01  2.1931E-01
  3.6873E+02  2.9460E-01  2.1938E-01
  3.6910E+02  2.9433E-01  2.1945E-01
  3.6946E+02  2.9406E-01  2.1952E-01
  3.6982E+02  2.9380E-01  2.1960E-01
  3.7019E+02  2.9353E-01  2.1967E-01
  3.7055E+02  2.9327E-01  2.1974E-01
  3.7092E+02  2.9301E-01  2.1981E-01
  3.7128E+02  2.9275E-01  2.1988E-01
  3.7164E+02  2.9249E-01  2.1996E-01
  3.7201E+02  2.9224E-01  2.2003E-01
  3.7237E+02  2.9198E-01  2.2010E-01
  3.7274E+02  2.9173E-01  2.2017E-01
  3.7310E+02  2.9148E-01  2.2024E-01
  3.7346E+02  2.9123E-01  2.2031E-01
  3.7383E+02  2.9098E-01  2.2038E-01
  3.7419E+02  2.9073E-01  2.2045E-01
  3.7456E+02  2.9049E-01  2.2052E-01
  3.7492E+02  2.9024E-01  2.2059E-01
  3.7528E+02  2.9000E-01  2.2066E-01
  3.7565E+02  2.8976E-01  2.2073E-01
  3.7601E+02  2.8951E-01  2.2080E-01
  3.7638E+02  2.8927E-01  2.2087E-01
  3.7674E+02  2.8903E-01  2.2094E-01
  3.7710E+02  2.8879E-01  2.2101E-01
  3.7747E+02  2.8855E-01  2.2108E-01
  3.7783E+02  2.8831E-01  2.2115E-01
  3.7820E+02  2.8808E-01  2.2122E-01
  3.7856E+02  2.8784E-01  2.2129E-01
  3.7892E+02  2.8760E-01  2.2135E-01
  3.7929E+02  2.8736E-01  2.2142E-01
  3.7965E+02  2.8712E-01  2.2149E-01
  3.8002E+02  2.8688E-01  2.2156E-01
  3.8038E+02  2.8665E-01  2.2163E-01
  3.8074E+02  2.8641E-01  2.2169E-01
  3.8111E+02  2.8617E-01  2.2176E-01
  3.8147E+02  2.8593E-01  2.2183E-01
  3.8184E+02  2.8569E-01  2.2190E-01
  3.8220E+02  2.8545E-01  2.2196E-01
  3.8256E+02  2.8520E-01  2.2203E-01
  3.8293E+02  2.8496E-01  2.2210E-01
  3.8329E+02  2.8472E-01  2.2216E-01
  3.8366E+02  2.8447E-01  2.2223E-01
  3.8402E+02  2.8423E-01  2.2229E-01
  3.8438E+02  2.8398E-01  2.2236E-01
  3.8475E+02  2.8373E-01  2.2242E-01
  3.8511E+02  2.8348E-01  2.2249E-01
  3.8548E+02  2.8323E-01  2.2255E-01
  3.8584E+02  2.8298E-01  2.2262E-01
  3.8620E+02  2.8273E-01  2.2268E-01
  3.8657E+02  2.8248E-01  2.2275E-01
  3.8693E+02  2.8222E-01  2.2281E-01
  3.8730E+02  2.8197E-01  2.2287E-01
  3.8766E+02  2.8171E-01  2.2294E-01
  3.8802E+02  2.8145E-01  2.2300E-01
  3.8839E+02  2.8119E-01  2.2306E-01
  3.8875E+02  2.8094E-01  2.2312E-01
  3.8912E+02  2.8067E-01  2.2319E-01
  3.8948E+02  2.8041E-01  2.2325E-01
  3.8984E+02  2.8015E-01  2.2331E-01
  3.9021E+02  2.7989E-01  2.2337E-01
  3.9057E+02  2.7962E-01  2.2343E-01
  3.9094E+02  2.7936E-01  2.2349E-01
  3.9130E+02  2.7909E-01  2.2356E-01
  3.9166E+02  2.7882E-01  2.2362E-01
  3.9203E+02  2.7855E-01  2.2368E-01
  3.9239E+02  2.7829E-01  2.2374E-01
  3.9276E+02  2.7802E-01  2.2380E-01
  3.9312E+02  2.7775E-01  2.2385E-01
  3.9348E+02  2.7748E-01  2.2391E-01
  3.9385E+02  2.7721E-01  2.2397E-01
  3.9421E+02  2.7694E-01  2.2403E-01
  3.9458E+02  2.7667E-01  2.2409E-01
  3.9494E+02  2.7640E-01  2.2415E-01
  3.9530E+02  2.7613E-01  2.2421E-01
  3.9567E+02  2.7585E-01  2.2426E-01
  3.9603E+02  2.7558E-01  2.2432E-01
  3.9640E+02  2.7531E-01  2.2438E-01
  3.9676E+02  2.7504E-01  2.2444E-01
  3.9712E+02  2.7477E-01  2.2449E-01
  3.9749E+02  2.7450E-01  2.2455E-01
  3.9785E+02  2.7423E-01  2.2461E-01
  3.9822E+02  2.7396E-01  2.2466E-01
  3.9858E+02  2.7369E-01  2.2472E-01
  3.9894E+02  2.7342E-01  2.2478E-01
  3.9931E+02  2.7315E-01  2.2483E-01
  3.9967E+02  2.7288E-01  2.2489E-01
  4.0004E+02  2.7262E-01  2.2494E-01
  4.0040E+02  2.7235E-01  2.2500E-01
  4.0076E+02  2.7208E-01  2.2505E-01
  4.0113E+02  2.7182E-01  2.2511E-01
  4.0149E+02  2.7155E-01  2.2516E-01
  4.0186E+02  2.7129E-01  2.2522E-01
  4.0222E+02  2.7102E-01  2.2527E-01
  4.0258E+02  2.7076E-01  2.2532E-01
  4.0295E+02  2.7050E-01  2.2538E-01
  4.0331E+02  2.7024E-01  2.2543E-01
  4.0368E+02  2.6998E-01  2.2549E-01
  4.0404E+02  2.6972E-01  2.2554E-01
  4.0440E+02  2.6946E-01  2.2559E-01
  4.0477E+02  2.6920E-01  2.2565E-01
  4.0513E+02  2.6894E-01  2.2570E-01
  4.0550E+02  2.6869E-01  2.2575E-01
  4.0586E+02  2.6843E-01  2.2581E-01
  4.0622E+02  2.6818E-01  2.2586E-01
  4.0659E+02  2.6792E-01  2.2591E-01
  4.0695E+02  2.6767E-01  2.2597E-01
  4.0732E+02  2.6742E-01  2.2602E-01
  4.0768E+02  2.6716E-01  2.2607E-01
  4.0804E+02  2.6691E-01  2.2612E-01
  4.0841E+02  2.6666E-01  2.2618E-01
  4.0877E+02  2.6641E-01  2.2623E-01
  4.0914E+02  2.6616E-01  2.2628E-01
  4.0950E+02  2.6591E-01  2.2633E-01
  4.0986E+02  2.6567E-01  2.2639E-01
  4.1023E+02  2.6542E-01  2.2644E-01
  4.1059E+02  2.6517E-01  2.2649E-01
  4.1096E+02  2.6493E-01  2.2654E-01
  4.1132E+02  2.6468E-01  2.2659E-01
  4.1168E+02  2.6444E-01  2.2664E-01
  4.1205E+02  2.6419E-01  2.2669E-01
  4.1241E+02  2.6395E-01  2.2675E-01
  4.1278E+02  2.6370E-01  2.2680E-01
  4.1314E+02  2.6346E-01  2.2685E-01
  4.1350E+02  2.6322E-01  2.2690E-01
  4.1387E+02  2.6298E-01  2.2695E-01
  4.1423E+02  2.6273E-01  2.2700E-01
  4.1460E+02  2.6249E-01  2.2705E-01
  4.1496E+02  2.6225E-01  2.2709E-01
  4.1532E+02  2.6201E-01  2.2714E-01
  4.1569E+02  2.6177E-01  2.2719E-01
  4.1605E+02  2.6153E-01  2.2724E-01
  4.1642E+02  2.6129E-01  2.2729E-01
  4.1678E+02  2.6105E-01  2.2734E-01
  4.1714E+02  2.6081E-01  2.2738E-01
  4.1751E+02  2.6057E-01  2.2743E-01
  4.1787E+02  2.6033E-01  2.2748E-01
  4.1824E+02  2.6009E-01  2.2753E-01
  4.1860E+02  2.5985E-01  2.2757E-01
  4.1896E+02  2.5961E-01  2.2762E-01
  4.1933E+02  2.5937E-01  2.2767E-01
  4.1969E+02  2.5913E-01  2.2771E-01
  4.2006E+02  2.5889E-01  2.2776E-01
  4.2042E+02  2.5866E-01  2.2780E-01
  4.2078E+02  2.5842E-01  2.2785E-01
  4.2115E+02  2.5818E-01  2.2789E-01
  4.2151E+02  2.5794E-01  2.2794E-01
  4.2188E+02  2.5770E-01  2.2798E-01
  4.2224E+02  2.5747E-01  2.2802E-01
  4.2260E+02  2.5723E-01  2.2807E-01
  4.2297E+02  2.5699E-01  2.2811E-01
  4.2333E+02  2.5676E-01  2.2816E-01
  4.2370E+02  2.5652E-01  2.2820E-01
  4.2406E+02  2.5628E-01  2.2824E-01
  4.2442E+02  2.5605E-01  2.2828E-01
  4.2479E+02  2.5581E-01  2.2833E-01
  4.2515E+02  2.5558E-01  2.2837E-01
  4.2552E+02  2.5534E-01  2.2841E-01
  4.2588E+02  2.5511E-01  2.2845E-01
  4.2624E+02  2.5487E-01  2.2850E-01
  4.2661E+02  2.5464E-01  2.2854E-01
  4.2697E+02  2.5441E-01  2.2858E-01
  4.2734E+02  2.5418E-01  2.2862E-01
  4.2770E+02  2.5394E-01  2.2866E-01
  4.2806E+02  2.5371E-01  2.2870E-01
  4.2843E+02  2.5348E-01  2.2874E-01
  4.2879E+02  2.5325E-01  2.2879E-01
  4.2916E+02  2.5302E-01  2.2883E-01
  4.2952E+02  2.5279E-01  2.2887E-01
  4.2988E+02  2.5256E-01  2.2891E-01
  4.3025E+02  2.5233E-01  2.2895E-01
  4.3061E+02  2.5210E-01  2.2899E-01
  4.3098E+02  2.5187E-01  2.2903E-01
  4.3134E+02  2.5164E-01  2.2907E-01
  4.3170E+02  2.5142E-01  2.2911E-01
  4.3207E+02  2.5119E-01  2.2915E-01
  4.3243E+02  2.5096E-01  2.2919E-01
  4.3280E+02  2.5074E-01  2.2923E-01
  4.3316E+02  2.5051E-01  2.2927E-01
  4.3352E+02  2.5028E-01  2.2931E-01
  4.3389E+02  2.5006E-01  2.2935E-01
  4.3425E+02  2.4983E-01  2.2938E-01
  4.3462E+02  2.4961E-01  2.2942E-01
  4.3498E+02  2.4939E-01  2.2946E-01
  4.3534E+02  2.4916E-01  2.2950E-01
  4.3571E+02  2.4894E-01  2.2954E-01
  4.3607E+02  2.4872E-01  2.2958E-01
  4.3644E+02  2.4850E-01  2.2962E-01
  4.3680E+02  2.4827E-01  2.2966E-01
  4.3716E+02  2.4805E-01  2.2969E-01
  4.3753E+02  2.4783E-01  2.2973E-01
  4.3789E+02  2.4761E-01  2.2977E-01
  4.3826E+02  2.4739E-01  2.2981E-01
  4.3862E+02  2.4717E-01  2.2985E-01
  4.3898E+02  2.4695E-01  2.2988E-01
  4.3935E+02  2.4673E-01  2.2992E-01
  4.3971E+02  2.4651E-01  2.2996E-01
  4.4008E+02  2.4629E-01  2.3000E-01
  4.4044E+02  2.4607E-01  2.3003E-01
  4.4080E+02  2.4585E-01  2.3007E-01
  4.4117E+02  2.4563E-01  2.3011E-01
  4.4153E+02  2.4541E-01  2.3014E-01
  4.4190E+02  2.4519E-01  2.3018E-01
  4.4226E+02  2.4497E-01  2.3022E-01
  4.4262E+02  2.4475E-01  2.3025E-01
  4.4299E+02  2.4453E-01  2.3029E-01
  4.4335E+02  2.4431E-01  2.3033E-01
  4.4372E+02  2.4410E-01  2.3036E-01
  4.4408E+02  2.4388E-01  2.3040E-01
  4.4444E+02  2.4366E-01  2.3043E-01
  4.4481E+02  2.4344E-01  2.3047E-01
  4.4517E+02  2.4322E-01  2.3050E-01
  4.4554E+02  2.4300E-01  2.3054E-01
  4.4590E+02  2.4278E-01  2.3057E-01
  4.4626E+02  2.4256E-01  2.3060E-01
  4.4663E+02  2.4235E-01  2.3064E-01
  4.4699E+02  2.4213E-01  2.3067E-01
  4.4736E+02  2.4191E-01  2.3071E-01
  4.4772E+02  2.4169E-01  2.3074E-01
  4.4808E+02  2.4147E-01  2.3077E-01
  4.4845E+02  2.4125E-01  2.3080E-01
  4.4881E+02  2.4103E-01  2.3084E-01
  4.4918E+02  2.4081E-01  2.3087E-01
  4.4954E+02  2.4059E-01  2.3090E-01
  4.4990E+02  2.4037E-01  2.3093E-01
  4.5027E+02  2.4015E-01  2.3096E-01
  4.5063E+02  2.3993E-01  2.3100E-01
  4.5100E+02  2.3971E-01  2.3103E-01
  4.5136E+02  2.3949E-01  2.3106E-01
  4.5172E+02  2.3927E-01  2.3109E-01
  4.5209E+02  2.3905E-01  2.3112E-01
  4.5245E+02  2.3883E-01  2.3115E-01
  4.5282E+02  2.3861E-01  2.3118E-01
  4.5318E+02  2.3839E-01  2.3121E-01
  4.5354E+02  2.3817E-01  2.3124E-01
  4.5391E+02  2.3795E-01  2.3127E-01
  4.5427E+02  2.3773E-01  2.3130E-01
  4.5464E+02  2.3751E-01  2.3133E-01
  4.5500E+02  2.3729E-01  2.3135E-01
  4.5536E+02  2.3707E-01  2.3138E-01
  4.5573E+02  2.3685E-01  2.3141E-01
  4.5609E+02  2.3663E-01  2.3144E-01
  4.5646E+02  2.3641E-01  2.3147E-01
  4.5682E+02  2.3618E-01  2.3150E-01
  4.5718E+02  2.3596E-01  2.3153E-01
  4.5755E+02  2.3574E-01  2.3155E-01
  4.5791E+02  2.3552E-01  2.3158E-01
  4.5828E+02  2.3530E-01  2.3161E-01
  4.5864E+02  2.3507E-01  2.3164E-01
  4.5900E+02  2.3485E-01  2.3166E-01
  4.5937E+02  2.3463E-01  2.3169E-01
  4.5973E+02  2.3441E-01  2.3172E-01
  4.6010E+02  2.3418E-01  2.3175E-01
  4.6046E+02  2.3396E-01  2.3177E-01
  4.6082E+02  2.3374E-01  2.3180E-01
  4.6119E+02  2.3351E-01  2.3183E-01
  4.6155E+02  2.3329E-01  2.3185E-01
  4.6192E+02  2.3307E-01  2.3188E-01
  4.6228E+02  2.3284E-01  2.3191E-01
  4.6264E+02  2.3262E-01  2.3193E-01
  4.6301E+02  2.3239E-01  2.3196E-01
  4.6337E+02  2.3217E-01  2.3199E-01
  4.6374E+02  2.3194E-01  2.3201E-01
  4.6410E+02  2.3172E-01  2.3204E-01
  4.6446E+02  2.3149E-01  2.3206E-01
  4.6483E+02  2.3127E-01  2.3209E-01
  4.6519E+02  2.3104E-01  2.3211E-01
  4.6556E+02  2.3082E-01  2.3214E-01
  4.6592E+02  2.3059E-01  2.3217E-01
  4.6628E+02  2.3036E-01  2.3219E-01
  4.6665E+02  2.3014E-01  2.3222E-01
  4.6701E+02  2.2991E-01  2.3224E-01
  4.6738E+02  2.2969E-01  2.3227E-01
  4.6774E+02  2.2946E-01  2.3229E-01
  4.6810E+02  2.2923E-01  2.3232E-01
  4.6847E+02  2.2901E-01  2.3234E-01
  4.6883E+02  2.2878E-01  2.3237E-01
  4.6920E+02  2.2855E-01  2.3239E-01
  4.6956E+02  2.2832E-01  2.3241E-01
  4.6992E+02  2.2810E-01  2.3244E-01
  4.7029E+02  2.2787E-01  2.3246E-01
  4.7065E+02  2.2764E-01  2.3248E-01
  4.7102E+02  2.2741E-01  2.3251E-01
  4.7138E+02  2.2718E-01  2.3253E-01
  4.7174E+02  2.2695E-01  2.3255E-01
  4.7211E+02  2.2673E-01  2.3258E-01
  4.7247E+02  2.2650E-01  2.3260E-01
  4.7284E+02  2.2627E-01  2.3262E-01
  4.7320E+02  2.2604E-01  2.3265E-01
  4.7356E+02  2.2581E-01  2.3267E-01
  4.7393E+02  2.2558E-01  2.3269E-01
  4.7429E+02  2.2535E-01  2.3271E-01
  4.7466E+02  2.2512E-01  2.3273E-01
  4.7502E+02  2.2489E-01  2.3275E-01
  4.7538E+02  2.2466E-01  2.3277E-01
  4.7575E+02  2.2443E-01  2.3280E-01
  4.7611E+02  2.2420E-01  2.3282E-01
  4.7648E+02  2.2397E-01  2.3284E-01
  4.7684E+02  2.2374E-01  2.3286E-01
  4.7720E+02  2.2350E-01  2.3288E-01
  4.7757E+02  2.2327E-01  2.3290E-01
  4.7793E+02  2.2304E-01  2.3291E-01
  4.7830E+02  2.2281E-01  2.3293E-01
  4.7866E+02  2.2258E-01  2.3295E-01
  4.7902E+02  2.2234E-01  2.3297E-01
  4.7939E+02  2.2211E-01  2.3299E-01
  4.7975E+02  2.2188E-01  2.3301E-01
  4.8012E+02  2.2164E-01  2.3303E-01
  4.8048E+02  2.2141E-01  2.3304E-01
  4.8084E+02  2.2118E-01  2.3306E-01
  4.8121E+02  2.2094E-01  2.3308E-01
  4.8157E+02  2.2071E-01  2.3310E-01
  4.8194E+02  2.2047E-01  2.3311E-01
  4.8230E+02  2.2024E-01  2.3313E-01
  4.8266E+02  2.2000E-01  2.3315E-01
  4.8303E+02  2.1977E-01  2.3316E-01
  4.8339E+02  2.1953E-01  2.3318E-01
  4.8376E+02  2.1930E-01  2.3319E-01
  4.8412E+02  2.1906E-01  2.3321E-01
  4.8448E+02  2.1883E-01  2.3323E-01
  4.8485E+02  2.1859E-01  2.3324E-01
  4.8521E+02  2.1835E-01  2.3326E-01
  4.8558E+02  2.1812E-01  2.3327E-01
  4.8594E+02  2.1788E-01  2.3329E-01
  4.8630E+02  2.1764E-01  2.3330E-01
  4.8667E+02  2.1740E-01  2.3332E-01
  4.8703E+02  2.1717E-01  2.3333E-01
  4.8740E+02  2.1693E-01  2.3335E-01
  4.8776E+02  2.1669E-01  2.3336E-01
  4.8812E+02  2.1645E-01  2.3337E-01
  4.8849E+02  2.1621E-01  2.3339E-01
  4.8885E+02  2.1598E-01  2.3340E-01
  4.8922E+02  2.1574E-01  2.3342E-01
  4.8958E+02  2.1550E-01  2.3343E-01
  4.8994E+02  2.1526E-01  2.3344E-01
  4.9031E+02  2.1502E-01  2.3346E-01
  4.9067E+02  2.1478E-01  2.3347E-01
  4.9104E+02  2.1454E-01  2.3348E-01
  4.9140E+02  2.1430E-01  2.3350E-01
  4.9176E+02  2.1406E-01  2.3351E-01
  4.9213E+02  2.1382E-01  2.3352E-01
  4.9249E+02  2.1358E-01  2.3354E-01
  4.9286E+02  2.1334E-01  2.3355E-01
  4.9322E+02  2.1310E-01  2.3356E-01
  4.9358E+02  2.1286E-01  2.3357E-01
  4.9395E+02  2.1262E-01  2.3359E-01
  4.9431E+02  2.1238E-01  2.3360E-01
  4.9468E+02  2.1214E-01  2.3361E-01
  4.9504E+02  2.1190E-01  2.3362E-01
  4.9540E+02  2.1166E-01  2.3363E-01
  4.9577E+02  2.1142E-01  2.3364E-01
  4.9613E+02  2.1118E-01  2.3366E-01
  4.9650E+02  2.1094E-01  2.3367E-01
  4.9686E+02  2.1070E-01  2.3368E-01
  4.9722E+02  2.1046E-01  2.3369E-01
  4.9759E+02  2.1022E-01  2.3370E-01
  4.9795E+02  2.0998E-01  2.3371E-01
  4.9832E+02  2.0974E-01  2.3372E-01
  4.9868E+02  2.0950E-01  2.3373E-01
  4.9904E+02  2.0926E-01  2.3374E-01
  4.9941E+02  2.0902E-01  2.3375E-01
  4.9977E+02  2.0878E-01  2.3376E-01
  5.0000E+02  2.0863E-01  2.3376E-01
