# CREATED BY GENE DIAGNOSTICS TOOL on Mon Jun 25 12:20:03 2018
# diag: GAMDIAG, run(s): 0115, time window: 0-500(1455 steps), species: ions
# original data path: /r/c/cmor/ZF_3rd/w7xhms05/0.5-1.5/
# normalization: L_ref=5.4832m
#
# xind= 0, x/a= 0.70710677, q= 1.1018624
# Fit:    1,-0.07233186,4.8760449
# Analytic (Gao, Zhou/Yu): 0.32199362,-0.095887217,4.8760533
#  t          Re[phi]     Im[phi]   
  0.0000E+00  9.9998E-01  0.0000E+00
  3.4400E-01  9.9683E-01  6.7513E-04
  6.8800E-01  9.8790E-01  1.3610E-03
  1.0320E+00  9.7430E-01  2.0569E-03
  1.3760E+00  9.5724E-01  2.7552E-03
  1.7200E+00  9.3797E-01  3.4555E-03
  2.0640E+00  9.1755E-01  4.1578E-03
  2.4080E+00  8.9687E-01  4.8560E-03
  2.7520E+00  8.7658E-01  5.5382E-03
  3.0960E+00  8.5712E-01  6.1900E-03
  3.4400E+00  8.3878E-01  6.7975E-03
  3.7840E+00  8.2168E-01  7.3505E-03
  4.1280E+00  8.0588E-01  7.8440E-03
  4.4720E+00  7.9132E-01  8.2785E-03
  4.8160E+00  7.7792E-01  8.6595E-03
  5.1600E+00  7.6557E-01  8.9964E-03
  5.5040E+00  7.5413E-01  9.3011E-03
  5.8480E+00  7.4348E-01  9.5857E-03
  6.1920E+00  7.3350E-01  9.8615E-03
  6.5360E+00  7.2407E-01  1.0138E-02
  6.8800E+00  7.1508E-01  1.0421E-02
  7.2240E+00  7.0645E-01  1.0715E-02
  7.5680E+00  6.9810E-01  1.1021E-02
  7.9120E+00  6.8995E-01  1.1337E-02
  8.2560E+00  6.8197E-01  1.1660E-02
  8.6000E+00  6.7413E-01  1.1986E-02
  8.9440E+00  6.6640E-01  1.2308E-02
  9.2880E+00  6.5879E-01  1.2622E-02
  9.6320E+00  6.5128E-01  1.2921E-02
  9.9760E+00  6.4389E-01  1.3203E-02
  1.0320E+01  6.3663E-01  1.3463E-02
  1.0664E+01  6.2951E-01  1.3696E-02
  1.1008E+01  6.2254E-01  1.3902E-02
  1.1352E+01  6.1574E-01  1.4080E-02
  1.1696E+01  6.0912E-01  1.4229E-02
  1.2040E+01  6.0269E-01  1.4348E-02
  1.2384E+01  5.9645E-01  1.4438E-02
  1.2728E+01  5.9040E-01  1.4504E-02
  1.3072E+01  5.8455E-01  1.4550E-02
  1.3416E+01  5.7892E-01  1.4579E-02
  1.3760E+01  5.7351E-01  1.4591E-02
  1.4104E+01  5.6830E-01  1.4585E-02
  1.4448E+01  5.6331E-01  1.4562E-02
  1.4792E+01  5.5852E-01  1.4525E-02
  1.5136E+01  5.5397E-01  1.4482E-02
  1.5480E+01  5.4964E-01  1.4437E-02
  1.5824E+01  5.4555E-01  1.4397E-02
  1.6168E+01  5.4169E-01  1.4359E-02
  1.6512E+01  5.3805E-01  1.4322E-02
  1.6856E+01  5.3461E-01  1.4283E-02
  1.7200E+01  5.3136E-01  1.4245E-02
  1.7544E+01  5.2831E-01  1.4215E-02
  1.7888E+01  5.2548E-01  1.4200E-02
  1.8232E+01  5.2288E-01  1.4204E-02
  1.8576E+01  5.2054E-01  1.4223E-02
  1.8920E+01  5.1847E-01  1.4254E-02
  1.9264E+01  5.1665E-01  1.4295E-02
  1.9608E+01  5.1509E-01  1.4348E-02
  1.9952E+01  5.1377E-01  1.4418E-02
  2.0296E+01  5.1266E-01  1.4508E-02
  2.0640E+01  5.1176E-01  1.4617E-02
  2.0984E+01  5.1102E-01  1.4744E-02
  2.1328E+01  5.1043E-01  1.4884E-02
  2.1672E+01  5.0999E-01  1.5036E-02
  2.2016E+01  5.0971E-01  1.5203E-02
  2.2360E+01  5.0958E-01  1.5386E-02
  2.2704E+01  5.0961E-01  1.5587E-02
  2.3048E+01  5.0979E-01  1.5802E-02
  2.3392E+01  5.1011E-01  1.6029E-02
  2.3736E+01  5.1057E-01  1.6265E-02
  2.4080E+01  5.1118E-01  1.6509E-02
  2.4424E+01  5.1196E-01  1.6768E-02
  2.4768E+01  5.1292E-01  1.7048E-02
  2.5112E+01  5.1407E-01  1.7356E-02
  2.5456E+01  5.1536E-01  1.7688E-02
  2.5800E+01  5.1670E-01  1.8034E-02
  2.6144E+01  5.1803E-01  1.8382E-02
  2.6488E+01  5.1926E-01  1.8719E-02
  2.6832E+01  5.2037E-01  1.9040E-02
  2.7176E+01  5.2140E-01  1.9342E-02
  2.7520E+01  5.2239E-01  1.9633E-02
  2.7864E+01  5.2345E-01  1.9923E-02
  2.8208E+01  5.2464E-01  2.0225E-02
  2.8552E+01  5.2601E-01  2.0548E-02
  2.8896E+01  5.2758E-01  2.0893E-02
  2.9240E+01  5.2930E-01  2.1257E-02
  2.9584E+01  5.3113E-01  2.1632E-02
  2.9928E+01  5.3298E-01  2.2009E-02
  3.0272E+01  5.3479E-01  2.2378E-02
  3.0616E+01  5.3649E-01  2.2734E-02
  3.0960E+01  5.3805E-01  2.3075E-02
  3.1304E+01  5.3946E-01  2.3400E-02
  3.1648E+01  5.4073E-01  2.3712E-02
  3.1992E+01  5.4190E-01  2.4015E-02
  3.2336E+01  5.4300E-01  2.4316E-02
  3.2680E+01  5.4406E-01  2.4620E-02
  3.3024E+01  5.4510E-01  2.4929E-02
  3.3368E+01  5.4613E-01  2.5243E-02
  3.3712E+01  5.4715E-01  2.5556E-02
  3.4056E+01  5.4812E-01  2.5860E-02
  3.4400E+01  5.4900E-01  2.6149E-02
  3.4744E+01  5.4977E-01  2.6413E-02
  3.5088E+01  5.5042E-01  2.6650E-02
  3.5432E+01  5.5096E-01  2.6864E-02
  3.5776E+01  5.5143E-01  2.7062E-02
  3.6120E+01  5.5188E-01  2.7257E-02
  3.6464E+01  5.5235E-01  2.7462E-02
  3.6808E+01  5.5288E-01  2.7685E-02
  3.7152E+01  5.5349E-01  2.7930E-02
  3.7496E+01  5.5418E-01  2.8197E-02
  3.7840E+01  5.5492E-01  2.8479E-02
  3.8184E+01  5.5567E-01  2.8766E-02
  3.8528E+01  5.5638E-01  2.9045E-02
  3.8872E+01  5.5699E-01  2.9307E-02
  3.9216E+01  5.5745E-01  2.9543E-02
  3.9560E+01  5.5771E-01  2.9749E-02
  3.9904E+01  5.5777E-01  2.9925E-02
  4.0248E+01  5.5760E-01  3.0075E-02
  4.0592E+01  5.5724E-01  3.0207E-02
  4.0936E+01  5.5673E-01  3.0331E-02
  4.1280E+01  5.5611E-01  3.0457E-02
  4.1624E+01  5.5547E-01  3.0595E-02
  4.1968E+01  5.5487E-01  3.0754E-02
  4.2312E+01  5.5436E-01  3.0937E-02
  4.2656E+01  5.5397E-01  3.1145E-02
  4.3000E+01  5.5373E-01  3.1374E-02
  4.3344E+01  5.5362E-01  3.1622E-02
  4.3688E+01  5.5362E-01  3.1883E-02
  4.4032E+01  5.5371E-01  3.2152E-02
  4.4376E+01  5.5385E-01  3.2425E-02
  4.4720E+01  5.5401E-01  3.2698E-02
  4.5064E+01  5.5416E-01  3.2966E-02
  4.5408E+01  5.5427E-01  3.3227E-02
  4.5752E+01  5.5430E-01  3.3476E-02
  4.6096E+01  5.5421E-01  3.3706E-02
  4.6440E+01  5.5398E-01  3.3911E-02
  4.6784E+01  5.5358E-01  3.4086E-02
  4.7128E+01  5.5301E-01  3.4229E-02
  4.7472E+01  5.5225E-01  3.4343E-02
  4.7816E+01  5.5133E-01  3.4433E-02
  4.8160E+01  5.5027E-01  3.4510E-02
  4.8504E+01  5.4910E-01  3.4585E-02
  4.8848E+01  5.4785E-01  3.4667E-02
  4.9192E+01  5.4656E-01  3.4763E-02
  4.9536E+01  5.4525E-01  3.4879E-02
  4.9880E+01  5.4396E-01  3.5020E-02
  5.0224E+01  5.4275E-01  3.5193E-02
  5.0568E+01  5.4165E-01  3.5401E-02
  5.0912E+01  5.4071E-01  3.5646E-02
  5.1256E+01  5.3994E-01  3.5926E-02
  5.1600E+01  5.3935E-01  3.6234E-02
  5.1944E+01  5.3893E-01  3.6564E-02
  5.2288E+01  5.3866E-01  3.6904E-02
  5.2632E+01  5.3849E-01  3.7240E-02
  5.2976E+01  5.3839E-01  3.7558E-02
  5.3320E+01  5.3833E-01  3.7849E-02
  5.3664E+01  5.3830E-01  3.8108E-02
  5.4008E+01  5.3829E-01  3.8339E-02
  5.4352E+01  5.3831E-01  3.8553E-02
  5.4696E+01  5.3838E-01  3.8761E-02
  5.5040E+01  5.3851E-01  3.8976E-02
  5.5384E+01  5.3870E-01  3.9206E-02
  5.5728E+01  5.3894E-01  3.9458E-02
  5.6072E+01  5.3921E-01  3.9732E-02
  5.6416E+01  5.3949E-01  4.0030E-02
  5.6760E+01  5.3977E-01  4.0350E-02
  5.7104E+01  5.4001E-01  4.0691E-02
  5.7448E+01  5.4019E-01  4.1049E-02
  5.7792E+01  5.4031E-01  4.1419E-02
  5.8136E+01  5.4035E-01  4.1797E-02
  5.8480E+01  5.4030E-01  4.2175E-02
  5.8824E+01  5.4015E-01  4.2548E-02
  5.9168E+01  5.3992E-01  4.2908E-02
  5.9512E+01  5.3959E-01  4.3248E-02
  5.9856E+01  5.3916E-01  4.3561E-02
  6.0200E+01  5.3862E-01  4.3840E-02
  6.0544E+01  5.3799E-01  4.4082E-02
  6.0888E+01  5.3726E-01  4.4286E-02
  6.1232E+01  5.3646E-01  4.4456E-02
  6.1576E+01  5.3562E-01  4.4597E-02
  6.1920E+01  5.3476E-01  4.4719E-02
  6.2264E+01  5.3393E-01  4.4829E-02
  6.2608E+01  5.3314E-01  4.4936E-02
  6.2952E+01  5.3243E-01  4.5046E-02
  6.3296E+01  5.3182E-01  4.5165E-02
  6.3640E+01  5.3133E-01  4.5298E-02
  6.3984E+01  5.3096E-01  4.5449E-02
  6.4328E+01  5.3071E-01  4.5620E-02
  6.4672E+01  5.3057E-01  4.5809E-02
  6.5016E+01  5.3052E-01  4.6017E-02
  6.5360E+01  5.3056E-01  4.6243E-02
  6.5704E+01  5.3067E-01  4.6486E-02
  6.6048E+01  5.3083E-01  4.6743E-02
  6.6392E+01  5.3104E-01  4.7011E-02
  6.6736E+01  5.3127E-01  4.7289E-02
  6.7080E+01  5.3151E-01  4.7574E-02
  6.7424E+01  5.3175E-01  4.7862E-02
  6.7768E+01  5.3198E-01  4.8152E-02
  6.8112E+01  5.3218E-01  4.8442E-02
  6.8456E+01  5.3236E-01  4.8733E-02
  6.8800E+01  5.3250E-01  4.9024E-02
  6.9144E+01  5.3260E-01  4.9312E-02
  6.9488E+01  5.3265E-01  4.9594E-02
  6.9832E+01  5.3265E-01  4.9865E-02
  7.0176E+01  5.3259E-01  5.0122E-02
  7.0520E+01  5.3249E-01  5.0365E-02
  7.0864E+01  5.3234E-01  5.0594E-02
  7.1208E+01  5.3215E-01  5.0814E-02
  7.1552E+01  5.3195E-01  5.1029E-02
  7.1896E+01  5.3173E-01  5.1245E-02
  7.2240E+01  5.3152E-01  5.1465E-02
  7.2584E+01  5.3132E-01  5.1692E-02
  7.2928E+01  5.3113E-01  5.1926E-02
  7.3272E+01  5.3095E-01  5.2163E-02
  7.3616E+01  5.3078E-01  5.2402E-02
  7.3960E+01  5.3062E-01  5.2638E-02
  7.4304E+01  5.3045E-01  5.2869E-02
  7.4648E+01  5.3029E-01  5.3094E-02
  7.4992E+01  5.3012E-01  5.3313E-02
  7.5336E+01  5.2995E-01  5.3529E-02
  7.5680E+01  5.2979E-01  5.3747E-02
  7.6024E+01  5.2965E-01  5.3971E-02
  7.6368E+01  5.2954E-01  5.4205E-02
  7.6712E+01  5.2947E-01  5.4452E-02
  7.7056E+01  5.2943E-01  5.4712E-02
  7.7400E+01  5.2944E-01  5.4985E-02
  7.7744E+01  5.2948E-01  5.5266E-02
  7.8088E+01  5.2955E-01  5.5552E-02
  7.8432E+01  5.2962E-01  5.5837E-02
  7.8776E+01  5.2967E-01  5.6113E-02
  7.9120E+01  5.2969E-01  5.6377E-02
  7.9464E+01  5.2967E-01  5.6624E-02
  7.9808E+01  5.2959E-01  5.6851E-02
  8.0152E+01  5.2947E-01  5.7062E-02
  8.0496E+01  5.2931E-01  5.7260E-02
  8.0840E+01  5.2913E-01  5.7453E-02
  8.1184E+01  5.2895E-01  5.7648E-02
  8.1528E+01  5.2879E-01  5.7848E-02
  8.1872E+01  5.2866E-01  5.8059E-02
  8.2216E+01  5.2856E-01  5.8281E-02
  8.2560E+01  5.2850E-01  5.8514E-02
  8.2904E+01  5.2846E-01  5.8755E-02
  8.3248E+01  5.2845E-01  5.9000E-02
  8.3592E+01  5.2845E-01  5.9245E-02
  8.3936E+01  5.2843E-01  5.9486E-02
  8.4280E+01  5.2841E-01  5.9719E-02
  8.4624E+01  5.2836E-01  5.9945E-02
  8.4968E+01  5.2829E-01  6.0164E-02
  8.5312E+01  5.2820E-01  6.0379E-02
  8.5656E+01  5.2810E-01  6.0590E-02
  8.6000E+01  5.2799E-01  6.0801E-02
  8.6344E+01  5.2787E-01  6.1013E-02
  8.6688E+01  5.2775E-01  6.1227E-02
  8.7032E+01  5.2764E-01  6.1447E-02
  8.7376E+01  5.2754E-01  6.1672E-02
  8.7720E+01  5.2745E-01  6.1903E-02
  8.8064E+01  5.2738E-01  6.2139E-02
  8.8408E+01  5.2732E-01  6.2379E-02
  8.8752E+01  5.2728E-01  6.2620E-02
  8.9096E+01  5.2724E-01  6.2861E-02
  8.9440E+01  5.2721E-01  6.3101E-02
  8.9784E+01  5.2718E-01  6.3336E-02
  9.0128E+01  5.2714E-01  6.3568E-02
  9.0472E+01  5.2710E-01  6.3795E-02
  9.0816E+01  5.2705E-01  6.4017E-02
  9.1160E+01  5.2699E-01  6.4236E-02
  9.1504E+01  5.2693E-01  6.4456E-02
  9.1848E+01  5.2687E-01  6.4677E-02
  9.2192E+01  5.2680E-01  6.4903E-02
  9.2536E+01  5.2674E-01  6.5133E-02
  9.2880E+01  5.2668E-01  6.5368E-02
  9.3224E+01  5.2662E-01  6.5605E-02
  9.3568E+01  5.2655E-01  6.5842E-02
  9.3912E+01  5.2647E-01  6.6076E-02
  9.4256E+01  5.2638E-01  6.6304E-02
  9.4600E+01  5.2627E-01  6.6526E-02
  9.4944E+01  5.2613E-01  6.6738E-02
  9.5288E+01  5.2597E-01  6.6941E-02
  9.5632E+01  5.2578E-01  6.7134E-02
  9.5976E+01  5.2556E-01  6.7318E-02
  9.6320E+01  5.2532E-01  6.7494E-02
  9.6664E+01  5.2506E-01  6.7666E-02
  9.7008E+01  5.2478E-01  6.7838E-02
  9.7352E+01  5.2451E-01  6.8014E-02
  9.7696E+01  5.2424E-01  6.8196E-02
  9.8040E+01  5.2398E-01  6.8387E-02
  9.8384E+01  5.2374E-01  6.8587E-02
  9.8728E+01  5.2352E-01  6.8795E-02
  9.9072E+01  5.2332E-01  6.9009E-02
  9.9416E+01  5.2314E-01  6.9229E-02
  9.9760E+01  5.2298E-01  6.9453E-02
  1.0010E+02  5.2284E-01  6.9681E-02
  1.0045E+02  5.2272E-01  6.9910E-02
  1.0079E+02  5.2260E-01  7.0139E-02
  1.0114E+02  5.2249E-01  7.0366E-02
  1.0148E+02  5.2238E-01  7.0590E-02
  1.0182E+02  5.2226E-01  7.0809E-02
  1.0217E+02  5.2213E-01  7.1023E-02
  1.0251E+02  5.2198E-01  7.1231E-02
  1.0286E+02  5.2182E-01  7.1432E-02
  1.0320E+02  5.2163E-01  7.1626E-02
  1.0354E+02  5.2142E-01  7.1815E-02
  1.0389E+02  5.2119E-01  7.2000E-02
  1.0423E+02  5.2094E-01  7.2181E-02
  1.0458E+02  5.2068E-01  7.2361E-02
  1.0492E+02  5.2040E-01  7.2540E-02
  1.0526E+02  5.2012E-01  7.2718E-02
  1.0561E+02  5.1983E-01  7.2893E-02
  1.0595E+02  5.1954E-01  7.3066E-02
  1.0630E+02  5.1924E-01  7.3237E-02
  1.0664E+02  5.1895E-01  7.3406E-02
  1.0698E+02  5.1867E-01  7.3574E-02
  1.0733E+02  5.1839E-01  7.3746E-02
  1.0767E+02  5.1813E-01  7.3922E-02
  1.0802E+02  5.1789E-01  7.4106E-02
  1.0836E+02  5.1767E-01  7.4297E-02
  1.0870E+02  5.1746E-01  7.4495E-02
  1.0905E+02  5.1726E-01  7.4697E-02
  1.0939E+02  5.1707E-01  7.4901E-02
  1.0974E+02  5.1688E-01  7.5104E-02
  1.1008E+02  5.1669E-01  7.5305E-02
  1.1042E+02  5.1650E-01  7.5503E-02
  1.1077E+02  5.1631E-01  7.5699E-02
  1.1111E+02  5.1612E-01  7.5893E-02
  1.1146E+02  5.1593E-01  7.6087E-02
  1.1180E+02  5.1574E-01  7.6282E-02
  1.1214E+02  5.1556E-01  7.6478E-02
  1.1249E+02  5.1539E-01  7.6675E-02
  1.1283E+02  5.1522E-01  7.6873E-02
  1.1318E+02  5.1506E-01  7.7071E-02
  1.1352E+02  5.1490E-01  7.7268E-02
  1.1386E+02  5.1475E-01  7.7464E-02
  1.1421E+02  5.1459E-01  7.7659E-02
  1.1455E+02  5.1444E-01  7.7853E-02
  1.1490E+02  5.1430E-01  7.8049E-02
  1.1524E+02  5.1415E-01  7.8249E-02
  1.1558E+02  5.1402E-01  7.8454E-02
  1.1593E+02  5.1388E-01  7.8665E-02
  1.1627E+02  5.1376E-01  7.8883E-02
  1.1662E+02  5.1363E-01  7.9108E-02
  1.1696E+02  5.1351E-01  7.9337E-02
  1.1730E+02  5.1339E-01  7.9568E-02
  1.1765E+02  5.1326E-01  7.9798E-02
  1.1799E+02  5.1312E-01  8.0024E-02
  1.1834E+02  5.1296E-01  8.0243E-02
  1.1868E+02  5.1279E-01  8.0453E-02
  1.1902E+02  5.1260E-01  8.0654E-02
  1.1937E+02  5.1239E-01  8.0844E-02
  1.1971E+02  5.1216E-01  8.1023E-02
  1.2006E+02  5.1192E-01  8.1193E-02
  1.2040E+02  5.1167E-01  8.1356E-02
  1.2074E+02  5.1140E-01  8.1512E-02
  1.2109E+02  5.1114E-01  8.1666E-02
  1.2143E+02  5.1087E-01  8.1818E-02
  1.2178E+02  5.1062E-01  8.1972E-02
  1.2212E+02  5.1037E-01  8.2129E-02
  1.2246E+02  5.1013E-01  8.2289E-02
  1.2281E+02  5.0991E-01  8.2454E-02
  1.2315E+02  5.0971E-01  8.2624E-02
  1.2350E+02  5.0952E-01  8.2800E-02
  1.2384E+02  5.0934E-01  8.2982E-02
  1.2418E+02  5.0918E-01  8.3169E-02
  1.2453E+02  5.0903E-01  8.3360E-02
  1.2487E+02  5.0888E-01  8.3556E-02
  1.2522E+02  5.0873E-01  8.3754E-02
  1.2556E+02  5.0859E-01  8.3954E-02
  1.2590E+02  5.0845E-01  8.4155E-02
  1.2625E+02  5.0830E-01  8.4358E-02
  1.2659E+02  5.0815E-01  8.4561E-02
  1.2694E+02  5.0800E-01  8.4765E-02
  1.2728E+02  5.0785E-01  8.4970E-02
  1.2762E+02  5.0769E-01  8.5174E-02
  1.2797E+02  5.0753E-01  8.5379E-02
  1.2831E+02  5.0737E-01  8.5585E-02
  1.2866E+02  5.0721E-01  8.5791E-02
  1.2900E+02  5.0705E-01  8.5996E-02
  1.2934E+02  5.0689E-01  8.6202E-02
  1.2969E+02  5.0673E-01  8.6408E-02
  1.3003E+02  5.0656E-01  8.6612E-02
  1.3038E+02  5.0639E-01  8.6813E-02
  1.3072E+02  5.0622E-01  8.7012E-02
  1.3106E+02  5.0604E-01  8.7209E-02
  1.3141E+02  5.0586E-01  8.7403E-02
  1.3175E+02  5.0568E-01  8.7595E-02
  1.3210E+02  5.0549E-01  8.7785E-02
  1.3244E+02  5.0530E-01  8.7974E-02
  1.3278E+02  5.0511E-01  8.8162E-02
  1.3313E+02  5.0492E-01  8.8349E-02
  1.3347E+02  5.0473E-01  8.8537E-02
  1.3382E+02  5.0454E-01  8.8724E-02
  1.3416E+02  5.0435E-01  8.8913E-02
  1.3450E+02  5.0416E-01  8.9104E-02
  1.3485E+02  5.0398E-01  8.9297E-02
  1.3519E+02  5.0380E-01  8.9492E-02
  1.3554E+02  5.0363E-01  8.9689E-02
  1.3588E+02  5.0346E-01  8.9887E-02
  1.3622E+02  5.0330E-01  9.0085E-02
  1.3657E+02  5.0313E-01  9.0283E-02
  1.3691E+02  5.0296E-01  9.0480E-02
  1.3726E+02  5.0280E-01  9.0674E-02
  1.3760E+02  5.0263E-01  9.0867E-02
  1.3794E+02  5.0246E-01  9.1058E-02
  1.3829E+02  5.0229E-01  9.1248E-02
  1.3863E+02  5.0212E-01  9.1437E-02
  1.3898E+02  5.0195E-01  9.1628E-02
  1.3932E+02  5.0178E-01  9.1819E-02
  1.3966E+02  5.0162E-01  9.2013E-02
  1.4001E+02  5.0145E-01  9.2209E-02
  1.4035E+02  5.0129E-01  9.2406E-02
  1.4070E+02  5.0112E-01  9.2605E-02
  1.4104E+02  5.0096E-01  9.2803E-02
  1.4138E+02  5.0080E-01  9.3001E-02
  1.4173E+02  5.0063E-01  9.3198E-02
  1.4207E+02  5.0047E-01  9.3393E-02
  1.4242E+02  5.0030E-01  9.3587E-02
  1.4276E+02  5.0013E-01  9.3780E-02
  1.4310E+02  4.9996E-01  9.3972E-02
  1.4345E+02  4.9978E-01  9.4163E-02
  1.4379E+02  4.9961E-01  9.4353E-02
  1.4414E+02  4.9943E-01  9.4543E-02
  1.4448E+02  4.9925E-01  9.4732E-02
  1.4482E+02  4.9908E-01  9.4921E-02
  1.4517E+02  4.9890E-01  9.5110E-02
  1.4551E+02  4.9872E-01  9.5300E-02
  1.4586E+02  4.9854E-01  9.5491E-02
  1.4620E+02  4.9837E-01  9.5683E-02
  1.4654E+02  4.9820E-01  9.5878E-02
  1.4689E+02  4.9803E-01  9.6075E-02
  1.4723E+02  4.9787E-01  9.6274E-02
  1.4758E+02  4.9771E-01  9.6475E-02
  1.4792E+02  4.9755E-01  9.6678E-02
  1.4826E+02  4.9739E-01  9.6881E-02
  1.4861E+02  4.9723E-01  9.7084E-02
  1.4895E+02  4.9707E-01  9.7285E-02
  1.4930E+02  4.9691E-01  9.7483E-02
  1.4964E+02  4.9674E-01  9.7678E-02
  1.4998E+02  4.9657E-01  9.7870E-02
  1.5033E+02  4.9639E-01  9.8060E-02
  1.5067E+02  4.9621E-01  9.8249E-02
  1.5102E+02  4.9603E-01  9.8436E-02
  1.5136E+02  4.9584E-01  9.8624E-02
  1.5170E+02  4.9565E-01  9.8811E-02
  1.5205E+02  4.9546E-01  9.8999E-02
  1.5239E+02  4.9526E-01  9.9188E-02
  1.5274E+02  4.9507E-01  9.9376E-02
  1.5308E+02  4.9487E-01  9.9565E-02
  1.5342E+02  4.9468E-01  9.9754E-02
  1.5377E+02  4.9449E-01  9.9943E-02
  1.5411E+02  4.9429E-01  1.0013E-01
  1.5446E+02  4.9410E-01  1.0032E-01
  1.5480E+02  4.9391E-01  1.0051E-01
  1.5514E+02  4.9372E-01  1.0070E-01
  1.5549E+02  4.9353E-01  1.0089E-01
  1.5583E+02  4.9335E-01  1.0108E-01
  1.5618E+02  4.9316E-01  1.0127E-01
  1.5652E+02  4.9297E-01  1.0146E-01
  1.5686E+02  4.9279E-01  1.0166E-01
  1.5721E+02  4.9261E-01  1.0185E-01
  1.5755E+02  4.9242E-01  1.0204E-01
  1.5790E+02  4.9224E-01  1.0224E-01
  1.5824E+02  4.9206E-01  1.0243E-01
  1.5858E+02  4.9187E-01  1.0262E-01
  1.5893E+02  4.9168E-01  1.0280E-01
  1.5927E+02  4.9150E-01  1.0299E-01
  1.5962E+02  4.9131E-01  1.0318E-01
  1.5996E+02  4.9112E-01  1.0336E-01
  1.6030E+02  4.9093E-01  1.0354E-01
  1.6065E+02  4.9073E-01  1.0372E-01
  1.6099E+02  4.9054E-01  1.0391E-01
  1.6134E+02  4.9035E-01  1.0409E-01
  1.6168E+02  4.9015E-01  1.0427E-01
  1.6202E+02  4.8996E-01  1.0446E-01
  1.6237E+02  4.8977E-01  1.0464E-01
  1.6271E+02  4.8958E-01  1.0483E-01
  1.6306E+02  4.8939E-01  1.0501E-01
  1.6340E+02  4.8919E-01  1.0520E-01
  1.6374E+02  4.8900E-01  1.0538E-01
  1.6409E+02  4.8880E-01  1.0556E-01
  1.6443E+02  4.8861E-01  1.0575E-01
  1.6478E+02  4.8841E-01  1.0593E-01
  1.6512E+02  4.8821E-01  1.0611E-01
  1.6546E+02  4.8802E-01  1.0628E-01
  1.6581E+02  4.8782E-01  1.0646E-01
  1.6615E+02  4.8762E-01  1.0664E-01
  1.6650E+02  4.8743E-01  1.0682E-01
  1.6684E+02  4.8723E-01  1.0700E-01
  1.6718E+02  4.8704E-01  1.0718E-01
  1.6753E+02  4.8685E-01  1.0736E-01
  1.6787E+02  4.8666E-01  1.0754E-01
  1.6822E+02  4.8647E-01  1.0773E-01
  1.6856E+02  4.8628E-01  1.0791E-01
  1.6890E+02  4.8609E-01  1.0810E-01
  1.6925E+02  4.8590E-01  1.0828E-01
  1.6959E+02  4.8572E-01  1.0846E-01
  1.6994E+02  4.8553E-01  1.0865E-01
  1.7028E+02  4.8534E-01  1.0883E-01
  1.7062E+02  4.8515E-01  1.0902E-01
  1.7097E+02  4.8496E-01  1.0920E-01
  1.7131E+02  4.8477E-01  1.0938E-01
  1.7166E+02  4.8458E-01  1.0956E-01
  1.7200E+02  4.8439E-01  1.0974E-01
  1.7234E+02  4.8419E-01  1.0991E-01
  1.7269E+02  4.8400E-01  1.1009E-01
  1.7303E+02  4.8380E-01  1.1027E-01
  1.7338E+02  4.8361E-01  1.1044E-01
  1.7372E+02  4.8341E-01  1.1062E-01
  1.7406E+02  4.8322E-01  1.1080E-01
  1.7441E+02  4.8302E-01  1.1097E-01
  1.7475E+02  4.8283E-01  1.1115E-01
  1.7510E+02  4.8263E-01  1.1133E-01
  1.7544E+02  4.8244E-01  1.1151E-01
  1.7578E+02  4.8225E-01  1.1169E-01
  1.7613E+02  4.8205E-01  1.1187E-01
  1.7647E+02  4.8186E-01  1.1205E-01
  1.7682E+02  4.8167E-01  1.1223E-01
  1.7716E+02  4.8147E-01  1.1241E-01
  1.7750E+02  4.8127E-01  1.1259E-01
  1.7785E+02  4.8108E-01  1.1277E-01
  1.7819E+02  4.8088E-01  1.1295E-01
  1.7854E+02  4.8067E-01  1.1313E-01
  1.7888E+02  4.8047E-01  1.1330E-01
  1.7922E+02  4.8027E-01  1.1348E-01
  1.7957E+02  4.8006E-01  1.1365E-01
  1.7991E+02  4.7985E-01  1.1382E-01
  1.8026E+02  4.7964E-01  1.1399E-01
  1.8060E+02  4.7943E-01  1.1416E-01
  1.8094E+02  4.7921E-01  1.1433E-01
  1.8129E+02  4.7900E-01  1.1450E-01
  1.8163E+02  4.7879E-01  1.1467E-01
  1.8198E+02  4.7858E-01  1.1484E-01
  1.8232E+02  4.7837E-01  1.1501E-01
  1.8266E+02  4.7817E-01  1.1518E-01
  1.8301E+02  4.7796E-01  1.1535E-01
  1.8335E+02  4.7776E-01  1.1552E-01
  1.8370E+02  4.7755E-01  1.1570E-01
  1.8404E+02  4.7735E-01  1.1587E-01
  1.8438E+02  4.7715E-01  1.1605E-01
  1.8473E+02  4.7695E-01  1.1622E-01
  1.8507E+02  4.7675E-01  1.1639E-01
  1.8542E+02  4.7655E-01  1.1656E-01
  1.8576E+02  4.7635E-01  1.1674E-01
  1.8610E+02  4.7614E-01  1.1691E-01
  1.8645E+02  4.7594E-01  1.1708E-01
  1.8679E+02  4.7574E-01  1.1725E-01
  1.8714E+02  4.7554E-01  1.1742E-01
  1.8748E+02  4.7533E-01  1.1760E-01
  1.8782E+02  4.7513E-01  1.1777E-01
  1.8817E+02  4.7493E-01  1.1794E-01
  1.8851E+02  4.7473E-01  1.1811E-01
  1.8886E+02  4.7452E-01  1.1828E-01
  1.8920E+02  4.7432E-01  1.1845E-01
  1.8954E+02  4.7412E-01  1.1862E-01
  1.8989E+02  4.7391E-01  1.1878E-01
  1.9023E+02  4.7371E-01  1.1895E-01
  1.9058E+02  4.7350E-01  1.1911E-01
  1.9092E+02  4.7330E-01  1.1928E-01
  1.9126E+02  4.7309E-01  1.1944E-01
  1.9161E+02  4.7289E-01  1.1961E-01
  1.9195E+02  4.7269E-01  1.1977E-01
  1.9230E+02  4.7248E-01  1.1994E-01
  1.9264E+02  4.7228E-01  1.2010E-01
  1.9298E+02  4.7208E-01  1.2027E-01
  1.9333E+02  4.7187E-01  1.2043E-01
  1.9367E+02  4.7167E-01  1.2059E-01
  1.9402E+02  4.7147E-01  1.2076E-01
  1.9436E+02  4.7127E-01  1.2092E-01
  1.9470E+02  4.7107E-01  1.2109E-01
  1.9505E+02  4.7087E-01  1.2125E-01
  1.9539E+02  4.7067E-01  1.2141E-01
  1.9574E+02  4.7047E-01  1.2158E-01
  1.9608E+02  4.7027E-01  1.2174E-01
  1.9642E+02  4.7008E-01  1.2191E-01
  1.9677E+02  4.6988E-01  1.2207E-01
  1.9711E+02  4.6968E-01  1.2224E-01
  1.9746E+02  4.6948E-01  1.2240E-01
  1.9780E+02  4.6928E-01  1.2256E-01
  1.9814E+02  4.6908E-01  1.2273E-01
  1.9849E+02  4.6887E-01  1.2289E-01
  1.9883E+02  4.6867E-01  1.2305E-01
  1.9918E+02  4.6847E-01  1.2321E-01
  1.9952E+02  4.6826E-01  1.2337E-01
  1.9986E+02  4.6805E-01  1.2353E-01
  2.0021E+02  4.6785E-01  1.2369E-01
  2.0055E+02  4.6764E-01  1.2385E-01
  2.0090E+02  4.6743E-01  1.2401E-01
  2.0124E+02  4.6723E-01  1.2417E-01
  2.0158E+02  4.6702E-01  1.2433E-01
  2.0193E+02  4.6681E-01  1.2449E-01
  2.0227E+02  4.6661E-01  1.2465E-01
  2.0262E+02  4.6640E-01  1.2481E-01
  2.0296E+02  4.6619E-01  1.2497E-01
  2.0330E+02  4.6599E-01  1.2514E-01
  2.0365E+02  4.6578E-01  1.2530E-01
  2.0399E+02  4.6557E-01  1.2546E-01
  2.0434E+02  4.6537E-01  1.2562E-01
  2.0468E+02  4.6516E-01  1.2578E-01
  2.0502E+02  4.6495E-01  1.2594E-01
  2.0537E+02  4.6474E-01  1.2610E-01
  2.0571E+02  4.6454E-01  1.2626E-01
  2.0606E+02  4.6433E-01  1.2642E-01
  2.0640E+02  4.6412E-01  1.2658E-01
  2.0674E+02  4.6391E-01  1.2674E-01
  2.0709E+02  4.6370E-01  1.2690E-01
  2.0743E+02  4.6349E-01  1.2706E-01
  2.0778E+02  4.6328E-01  1.2722E-01
  2.0812E+02  4.6307E-01  1.2738E-01
  2.0846E+02  4.6286E-01  1.2754E-01
  2.0881E+02  4.6265E-01  1.2770E-01
  2.0915E+02  4.6244E-01  1.2785E-01
  2.0950E+02  4.6223E-01  1.2801E-01
  2.0984E+02  4.6202E-01  1.2817E-01
  2.1018E+02  4.6181E-01  1.2833E-01
  2.1053E+02  4.6160E-01  1.2849E-01
  2.1087E+02  4.6139E-01  1.2865E-01
  2.1122E+02  4.6118E-01  1.2881E-01
  2.1156E+02  4.6097E-01  1.2897E-01
  2.1190E+02  4.6076E-01  1.2913E-01
  2.1225E+02  4.6055E-01  1.2929E-01
  2.1259E+02  4.6034E-01  1.2945E-01
  2.1294E+02  4.6013E-01  1.2961E-01
  2.1328E+02  4.5992E-01  1.2976E-01
  2.1362E+02  4.5971E-01  1.2992E-01
  2.1397E+02  4.5951E-01  1.3008E-01
  2.1431E+02  4.5930E-01  1.3024E-01
  2.1466E+02  4.5909E-01  1.3040E-01
  2.1500E+02  4.5889E-01  1.3056E-01
  2.1534E+02  4.5868E-01  1.3072E-01
  2.1569E+02  4.5848E-01  1.3087E-01
  2.1603E+02  4.5827E-01  1.3103E-01
  2.1638E+02  4.5807E-01  1.3119E-01
  2.1672E+02  4.5787E-01  1.3135E-01
  2.1706E+02  4.5766E-01  1.3151E-01
  2.1741E+02  4.5746E-01  1.3166E-01
  2.1775E+02  4.5726E-01  1.3182E-01
  2.1810E+02  4.5706E-01  1.3198E-01
  2.1844E+02  4.5685E-01  1.3214E-01
  2.1878E+02  4.5665E-01  1.3229E-01
  2.1913E+02  4.5645E-01  1.3245E-01
  2.1947E+02  4.5625E-01  1.3261E-01
  2.1982E+02  4.5605E-01  1.3276E-01
  2.2016E+02  4.5585E-01  1.3292E-01
  2.2050E+02  4.5565E-01  1.3308E-01
  2.2085E+02  4.5545E-01  1.3323E-01
  2.2119E+02  4.5525E-01  1.3339E-01
  2.2154E+02  4.5505E-01  1.3354E-01
  2.2188E+02  4.5486E-01  1.3370E-01
  2.2222E+02  4.5466E-01  1.3385E-01
  2.2257E+02  4.5446E-01  1.3401E-01
  2.2291E+02  4.5426E-01  1.3416E-01
  2.2326E+02  4.5406E-01  1.3432E-01
  2.2360E+02  4.5387E-01  1.3447E-01
  2.2394E+02  4.5367E-01  1.3462E-01
  2.2429E+02  4.5347E-01  1.3478E-01
  2.2463E+02  4.5327E-01  1.3493E-01
  2.2498E+02  4.5307E-01  1.3508E-01
  2.2532E+02  4.5288E-01  1.3523E-01
  2.2566E+02  4.5268E-01  1.3538E-01
  2.2601E+02  4.5248E-01  1.3554E-01
  2.2635E+02  4.5228E-01  1.3569E-01
  2.2670E+02  4.5209E-01  1.3584E-01
  2.2704E+02  4.5189E-01  1.3599E-01
  2.2738E+02  4.5169E-01  1.3614E-01
  2.2773E+02  4.5149E-01  1.3629E-01
  2.2807E+02  4.5130E-01  1.3644E-01
  2.2842E+02  4.5110E-01  1.3659E-01
  2.2876E+02  4.5090E-01  1.3674E-01
  2.2910E+02  4.5070E-01  1.3689E-01
  2.2945E+02  4.5050E-01  1.3704E-01
  2.2979E+02  4.5030E-01  1.3719E-01
  2.3014E+02  4.5010E-01  1.3734E-01
  2.3048E+02  4.4991E-01  1.3749E-01
  2.3082E+02  4.4971E-01  1.3764E-01
  2.3117E+02  4.4951E-01  1.3779E-01
  2.3151E+02  4.4931E-01  1.3794E-01
  2.3186E+02  4.4911E-01  1.3809E-01
  2.3220E+02  4.4891E-01  1.3824E-01
  2.3254E+02  4.4871E-01  1.3839E-01
  2.3289E+02  4.4851E-01  1.3854E-01
  2.3323E+02  4.4831E-01  1.3869E-01
  2.3358E+02  4.4811E-01  1.3883E-01
  2.3392E+02  4.4790E-01  1.3898E-01
  2.3426E+02  4.4770E-01  1.3913E-01
  2.3461E+02  4.4750E-01  1.3928E-01
  2.3495E+02  4.4730E-01  1.3943E-01
  2.3530E+02  4.4710E-01  1.3958E-01
  2.3564E+02  4.4690E-01  1.3973E-01
  2.3598E+02  4.4669E-01  1.3988E-01
  2.3633E+02  4.4649E-01  1.4003E-01
  2.3667E+02  4.4629E-01  1.4018E-01
  2.3702E+02  4.4609E-01  1.4033E-01
  2.3736E+02  4.4588E-01  1.4048E-01
  2.3770E+02  4.4568E-01  1.4063E-01
  2.3805E+02  4.4548E-01  1.4078E-01
  2.3839E+02  4.4527E-01  1.4092E-01
  2.3874E+02  4.4507E-01  1.4107E-01
  2.3908E+02  4.4487E-01  1.4122E-01
  2.3942E+02  4.4466E-01  1.4137E-01
  2.3977E+02  4.4446E-01  1.4152E-01
  2.4011E+02  4.4425E-01  1.4167E-01
  2.4046E+02  4.4405E-01  1.4181E-01
  2.4080E+02  4.4384E-01  1.4196E-01
  2.4114E+02  4.4364E-01  1.4211E-01
  2.4149E+02  4.4343E-01  1.4226E-01
  2.4183E+02  4.4323E-01  1.4241E-01
  2.4218E+02  4.4303E-01  1.4255E-01
  2.4252E+02  4.4282E-01  1.4270E-01
  2.4286E+02  4.4262E-01  1.4285E-01
  2.4321E+02  4.4241E-01  1.4300E-01
  2.4355E+02  4.4221E-01  1.4315E-01
  2.4390E+02  4.4201E-01  1.4329E-01
  2.4424E+02  4.4180E-01  1.4344E-01
  2.4458E+02  4.4160E-01  1.4359E-01
  2.4493E+02  4.4140E-01  1.4374E-01
  2.4527E+02  4.4119E-01  1.4388E-01
  2.4562E+02  4.4099E-01  1.4403E-01
  2.4596E+02  4.4078E-01  1.4418E-01
  2.4630E+02  4.4058E-01  1.4433E-01
  2.4665E+02  4.4038E-01  1.4447E-01
  2.4699E+02  4.4018E-01  1.4462E-01
  2.4734E+02  4.3997E-01  1.4476E-01
  2.4768E+02  4.3977E-01  1.4491E-01
  2.4802E+02  4.3957E-01  1.4506E-01
  2.4837E+02  4.3936E-01  1.4520E-01
  2.4871E+02  4.3916E-01  1.4535E-01
  2.4906E+02  4.3896E-01  1.4549E-01
  2.4940E+02  4.3876E-01  1.4563E-01
  2.4974E+02  4.3856E-01  1.4578E-01
  2.5009E+02  4.3836E-01  1.4592E-01
  2.5043E+02  4.3816E-01  1.4607E-01
  2.5078E+02  4.3795E-01  1.4621E-01
  2.5112E+02  4.3775E-01  1.4635E-01
  2.5146E+02  4.3755E-01  1.4649E-01
  2.5181E+02  4.3735E-01  1.4664E-01
  2.5215E+02  4.3715E-01  1.4678E-01
  2.5250E+02  4.3696E-01  1.4692E-01
  2.5284E+02  4.3676E-01  1.4706E-01
  2.5318E+02  4.3656E-01  1.4720E-01
  2.5353E+02  4.3636E-01  1.4734E-01
  2.5387E+02  4.3616E-01  1.4748E-01
  2.5422E+02  4.3596E-01  1.4762E-01
  2.5456E+02  4.3576E-01  1.4776E-01
  2.5490E+02  4.3557E-01  1.4790E-01
  2.5525E+02  4.3537E-01  1.4804E-01
  2.5559E+02  4.3517E-01  1.4818E-01
  2.5594E+02  4.3497E-01  1.4832E-01
  2.5628E+02  4.3478E-01  1.4846E-01
  2.5662E+02  4.3458E-01  1.4860E-01
  2.5697E+02  4.3438E-01  1.4873E-01
  2.5731E+02  4.3419E-01  1.4887E-01
  2.5766E+02  4.3399E-01  1.4901E-01
  2.5800E+02  4.3379E-01  1.4915E-01
  2.5834E+02  4.3360E-01  1.4928E-01
  2.5869E+02  4.3340E-01  1.4942E-01
  2.5903E+02  4.3321E-01  1.4955E-01
  2.5938E+02  4.3301E-01  1.4969E-01
  2.5972E+02  4.3281E-01  1.4983E-01
  2.6006E+02  4.3262E-01  1.4996E-01
  2.6041E+02  4.3242E-01  1.5010E-01
  2.6075E+02  4.3223E-01  1.5023E-01
  2.6110E+02  4.3203E-01  1.5037E-01
  2.6144E+02  4.3184E-01  1.5050E-01
  2.6178E+02  4.3165E-01  1.5064E-01
  2.6213E+02  4.3145E-01  1.5077E-01
  2.6247E+02  4.3126E-01  1.5091E-01
  2.6282E+02  4.3107E-01  1.5104E-01
  2.6316E+02  4.3087E-01  1.5118E-01
  2.6350E+02  4.3068E-01  1.5131E-01
  2.6385E+02  4.3049E-01  1.5145E-01
  2.6419E+02  4.3029E-01  1.5158E-01
  2.6454E+02  4.3010E-01  1.5172E-01
  2.6488E+02  4.2991E-01  1.5185E-01
  2.6522E+02  4.2971E-01  1.5199E-01
  2.6557E+02  4.2952E-01  1.5212E-01
  2.6591E+02  4.2933E-01  1.5225E-01
  2.6626E+02  4.2914E-01  1.5239E-01
  2.6660E+02  4.2894E-01  1.5252E-01
  2.6694E+02  4.2875E-01  1.5266E-01
  2.6729E+02  4.2856E-01  1.5279E-01
  2.6763E+02  4.2837E-01  1.5293E-01
  2.6798E+02  4.2818E-01  1.5306E-01
  2.6832E+02  4.2798E-01  1.5319E-01
  2.6866E+02  4.2779E-01  1.5333E-01
  2.6901E+02  4.2760E-01  1.5346E-01
  2.6935E+02  4.2741E-01  1.5360E-01
  2.6970E+02  4.2721E-01  1.5373E-01
  2.7004E+02  4.2702E-01  1.5387E-01
  2.7038E+02  4.2683E-01  1.5400E-01
  2.7073E+02  4.2663E-01  1.5413E-01
  2.7107E+02  4.2644E-01  1.5427E-01
  2.7142E+02  4.2625E-01  1.5440E-01
  2.7176E+02  4.2606E-01  1.5453E-01
  2.7210E+02  4.2586E-01  1.5467E-01
  2.7245E+02  4.2567E-01  1.5480E-01
  2.7279E+02  4.2547E-01  1.5494E-01
  2.7314E+02  4.2528E-01  1.5507E-01
  2.7348E+02  4.2509E-01  1.5520E-01
  2.7382E+02  4.2489E-01  1.5534E-01
  2.7417E+02  4.2470E-01  1.5547E-01
  2.7451E+02  4.2450E-01  1.5560E-01
  2.7486E+02  4.2431E-01  1.5573E-01
  2.7520E+02  4.2411E-01  1.5587E-01
  2.7554E+02  4.2392E-01  1.5600E-01
  2.7589E+02  4.2372E-01  1.5613E-01
  2.7623E+02  4.2353E-01  1.5626E-01
  2.7658E+02  4.2333E-01  1.5639E-01
  2.7692E+02  4.2314E-01  1.5653E-01
  2.7726E+02  4.2294E-01  1.5666E-01
  2.7761E+02  4.2275E-01  1.5679E-01
  2.7795E+02  4.2255E-01  1.5692E-01
  2.7830E+02  4.2235E-01  1.5705E-01
  2.7864E+02  4.2216E-01  1.5718E-01
  2.7898E+02  4.2196E-01  1.5731E-01
  2.7933E+02  4.2177E-01  1.5744E-01
  2.7967E+02  4.2157E-01  1.5757E-01
  2.8002E+02  4.2137E-01  1.5770E-01
  2.8036E+02  4.2118E-01  1.5783E-01
  2.8070E+02  4.2098E-01  1.5796E-01
  2.8105E+02  4.2078E-01  1.5809E-01
  2.8139E+02  4.2059E-01  1.5822E-01
  2.8174E+02  4.2039E-01  1.5835E-01
  2.8208E+02  4.2019E-01  1.5848E-01
  2.8242E+02  4.1999E-01  1.5860E-01
  2.8277E+02  4.1980E-01  1.5873E-01
  2.8311E+02  4.1960E-01  1.5886E-01
  2.8346E+02  4.1940E-01  1.5899E-01
  2.8380E+02  4.1920E-01  1.5911E-01
  2.8414E+02  4.1901E-01  1.5924E-01
  2.8449E+02  4.1881E-01  1.5937E-01
  2.8483E+02  4.1861E-01  1.5949E-01
  2.8518E+02  4.1841E-01  1.5962E-01
  2.8552E+02  4.1822E-01  1.5974E-01
  2.8586E+02  4.1802E-01  1.5987E-01
  2.8621E+02  4.1782E-01  1.6000E-01
  2.8655E+02  4.1762E-01  1.6012E-01
  2.8690E+02  4.1742E-01  1.6025E-01
  2.8724E+02  4.1722E-01  1.6037E-01
  2.8758E+02  4.1703E-01  1.6049E-01
  2.8793E+02  4.1683E-01  1.6062E-01
  2.8827E+02  4.1663E-01  1.6074E-01
  2.8862E+02  4.1643E-01  1.6087E-01
  2.8896E+02  4.1623E-01  1.6099E-01
  2.8930E+02  4.1603E-01  1.6111E-01
  2.8965E+02  4.1583E-01  1.6124E-01
  2.8999E+02  4.1563E-01  1.6136E-01
  2.9034E+02  4.1543E-01  1.6148E-01
  2.9068E+02  4.1523E-01  1.6160E-01
  2.9102E+02  4.1503E-01  1.6173E-01
  2.9137E+02  4.1483E-01  1.6185E-01
  2.9171E+02  4.1463E-01  1.6197E-01
  2.9206E+02  4.1443E-01  1.6209E-01
  2.9240E+02  4.1423E-01  1.6221E-01
  2.9274E+02  4.1403E-01  1.6233E-01
  2.9309E+02  4.1383E-01  1.6246E-01
  2.9343E+02  4.1363E-01  1.6258E-01
  2.9378E+02  4.1343E-01  1.6270E-01
  2.9412E+02  4.1323E-01  1.6282E-01
  2.9446E+02  4.1303E-01  1.6294E-01
  2.9481E+02  4.1283E-01  1.6306E-01
  2.9515E+02  4.1263E-01  1.6318E-01
  2.9550E+02  4.1243E-01  1.6330E-01
  2.9584E+02  4.1223E-01  1.6342E-01
  2.9618E+02  4.1203E-01  1.6354E-01
  2.9653E+02  4.1183E-01  1.6366E-01
  2.9687E+02  4.1163E-01  1.6378E-01
  2.9722E+02  4.1143E-01  1.6390E-01
  2.9756E+02  4.1123E-01  1.6402E-01
  2.9790E+02  4.1103E-01  1.6414E-01
  2.9825E+02  4.1083E-01  1.6426E-01
  2.9859E+02  4.1063E-01  1.6438E-01
  2.9894E+02  4.1043E-01  1.6450E-01
  2.9928E+02  4.1023E-01  1.6462E-01
  2.9962E+02  4.1003E-01  1.6474E-01
  2.9997E+02  4.0983E-01  1.6486E-01
  3.0031E+02  4.0963E-01  1.6498E-01
  3.0066E+02  4.0943E-01  1.6510E-01
  3.0100E+02  4.0923E-01  1.6522E-01
  3.0134E+02  4.0903E-01  1.6533E-01
  3.0169E+02  4.0883E-01  1.6545E-01
  3.0203E+02  4.0863E-01  1.6557E-01
  3.0238E+02  4.0843E-01  1.6569E-01
  3.0272E+02  4.0823E-01  1.6581E-01
  3.0306E+02  4.0803E-01  1.6593E-01
  3.0341E+02  4.0783E-01  1.6605E-01
  3.0375E+02  4.0763E-01  1.6616E-01
  3.0410E+02  4.0743E-01  1.6628E-01
  3.0444E+02  4.0723E-01  1.6640E-01
  3.0478E+02  4.0703E-01  1.6652E-01
  3.0513E+02  4.0683E-01  1.6664E-01
  3.0547E+02  4.0663E-01  1.6675E-01
  3.0582E+02  4.0643E-01  1.6687E-01
  3.0616E+02  4.0623E-01  1.6699E-01
  3.0650E+02  4.0603E-01  1.6711E-01
  3.0685E+02  4.0583E-01  1.6722E-01
  3.0719E+02  4.0563E-01  1.6734E-01
  3.0754E+02  4.0543E-01  1.6746E-01
  3.0788E+02  4.0523E-01  1.6757E-01
  3.0822E+02  4.0503E-01  1.6769E-01
  3.0857E+02  4.0483E-01  1.6781E-01
  3.0891E+02  4.0463E-01  1.6792E-01
  3.0926E+02  4.0443E-01  1.6804E-01
  3.0960E+02  4.0424E-01  1.6815E-01
  3.0994E+02  4.0404E-01  1.6827E-01
  3.1029E+02  4.0384E-01  1.6839E-01
  3.1063E+02  4.0364E-01  1.6850E-01
  3.1098E+02  4.0344E-01  1.6862E-01
  3.1132E+02  4.0324E-01  1.6873E-01
  3.1166E+02  4.0304E-01  1.6885E-01
  3.1201E+02  4.0285E-01  1.6896E-01
  3.1235E+02  4.0265E-01  1.6908E-01
  3.1270E+02  4.0245E-01  1.6919E-01
  3.1304E+02  4.0225E-01  1.6930E-01
  3.1338E+02  4.0205E-01  1.6942E-01
  3.1373E+02  4.0186E-01  1.6953E-01
  3.1407E+02  4.0166E-01  1.6965E-01
  3.1442E+02  4.0146E-01  1.6976E-01
  3.1476E+02  4.0126E-01  1.6987E-01
  3.1510E+02  4.0107E-01  1.6999E-01
  3.1545E+02  4.0087E-01  1.7010E-01
  3.1579E+02  4.0067E-01  1.7021E-01
  3.1614E+02  4.0047E-01  1.7033E-01
  3.1648E+02  4.0028E-01  1.7044E-01
  3.1682E+02  4.0008E-01  1.7055E-01
  3.1717E+02  3.9988E-01  1.7066E-01
  3.1751E+02  3.9968E-01  1.7078E-01
  3.1786E+02  3.9949E-01  1.7089E-01
  3.1820E+02  3.9929E-01  1.7100E-01
  3.1854E+02  3.9909E-01  1.7111E-01
  3.1889E+02  3.9890E-01  1.7122E-01
  3.1923E+02  3.9870E-01  1.7133E-01
  3.1958E+02  3.9850E-01  1.7144E-01
  3.1992E+02  3.9830E-01  1.7156E-01
  3.2026E+02  3.9811E-01  1.7167E-01
  3.2061E+02  3.9791E-01  1.7178E-01
  3.2095E+02  3.9771E-01  1.7189E-01
  3.2130E+02  3.9752E-01  1.7200E-01
  3.2164E+02  3.9732E-01  1.7211E-01
  3.2198E+02  3.9712E-01  1.7222E-01
  3.2233E+02  3.9692E-01  1.7233E-01
  3.2267E+02  3.9673E-01  1.7244E-01
  3.2302E+02  3.9653E-01  1.7255E-01
  3.2336E+02  3.9633E-01  1.7266E-01
  3.2370E+02  3.9614E-01  1.7276E-01
  3.2405E+02  3.9594E-01  1.7287E-01
  3.2439E+02  3.9574E-01  1.7298E-01
  3.2474E+02  3.9555E-01  1.7309E-01
  3.2508E+02  3.9535E-01  1.7320E-01
  3.2542E+02  3.9515E-01  1.7331E-01
  3.2577E+02  3.9495E-01  1.7342E-01
  3.2611E+02  3.9476E-01  1.7352E-01
  3.2646E+02  3.9456E-01  1.7363E-01
  3.2680E+02  3.9436E-01  1.7374E-01
  3.2714E+02  3.9417E-01  1.7385E-01
  3.2749E+02  3.9397E-01  1.7396E-01
  3.2783E+02  3.9377E-01  1.7406E-01
  3.2818E+02  3.9358E-01  1.7417E-01
  3.2852E+02  3.9338E-01  1.7428E-01
  3.2886E+02  3.9318E-01  1.7438E-01
  3.2921E+02  3.9299E-01  1.7449E-01
  3.2955E+02  3.9279E-01  1.7460E-01
  3.2990E+02  3.9259E-01  1.7470E-01
  3.3024E+02  3.9240E-01  1.7481E-01
  3.3058E+02  3.9220E-01  1.7492E-01
  3.3093E+02  3.9200E-01  1.7502E-01
  3.3127E+02  3.9181E-01  1.7513E-01
  3.3162E+02  3.9161E-01  1.7524E-01
  3.3196E+02  3.9142E-01  1.7534E-01
  3.3230E+02  3.9122E-01  1.7545E-01
  3.3265E+02  3.9102E-01  1.7555E-01
  3.3299E+02  3.9083E-01  1.7566E-01
  3.3334E+02  3.9063E-01  1.7576E-01
  3.3368E+02  3.9043E-01  1.7587E-01
  3.3402E+02  3.9024E-01  1.7597E-01
  3.3437E+02  3.9004E-01  1.7608E-01
  3.3471E+02  3.8984E-01  1.7618E-01
  3.3506E+02  3.8965E-01  1.7629E-01
  3.3540E+02  3.8945E-01  1.7639E-01
  3.3574E+02  3.8926E-01  1.7650E-01
  3.3609E+02  3.8906E-01  1.7660E-01
  3.3643E+02  3.8886E-01  1.7671E-01
  3.3678E+02  3.8867E-01  1.7681E-01
  3.3712E+02  3.8847E-01  1.7691E-01
  3.3746E+02  3.8828E-01  1.7702E-01
  3.3781E+02  3.8808E-01  1.7712E-01
  3.3815E+02  3.8788E-01  1.7723E-01
  3.3850E+02  3.8769E-01  1.7733E-01
  3.3884E+02  3.8749E-01  1.7743E-01
  3.3918E+02  3.8729E-01  1.7754E-01
  3.3953E+02  3.8710E-01  1.7764E-01
  3.3987E+02  3.8690E-01  1.7774E-01
  3.4022E+02  3.8671E-01  1.7784E-01
  3.4056E+02  3.8651E-01  1.7795E-01
  3.4090E+02  3.8631E-01  1.7805E-01
  3.4125E+02  3.8612E-01  1.7815E-01
  3.4159E+02  3.8592E-01  1.7825E-01
  3.4194E+02  3.8572E-01  1.7836E-01
  3.4228E+02  3.8553E-01  1.7846E-01
  3.4262E+02  3.8533E-01  1.7856E-01
  3.4297E+02  3.8514E-01  1.7866E-01
  3.4331E+02  3.8494E-01  1.7876E-01
  3.4366E+02  3.8474E-01  1.7886E-01
  3.4400E+02  3.8455E-01  1.7897E-01
  3.4434E+02  3.8435E-01  1.7907E-01
  3.4469E+02  3.8415E-01  1.7917E-01
  3.4503E+02  3.8396E-01  1.7927E-01
  3.4538E+02  3.8376E-01  1.7937E-01
  3.4572E+02  3.8357E-01  1.7947E-01
  3.4606E+02  3.8337E-01  1.7957E-01
  3.4641E+02  3.8317E-01  1.7967E-01
  3.4675E+02  3.8298E-01  1.7977E-01
  3.4710E+02  3.8278E-01  1.7987E-01
  3.4744E+02  3.8258E-01  1.7997E-01
  3.4778E+02  3.8239E-01  1.8007E-01
  3.4813E+02  3.8219E-01  1.8017E-01
  3.4847E+02  3.8200E-01  1.8027E-01
  3.4882E+02  3.8180E-01  1.8037E-01
  3.4916E+02  3.8160E-01  1.8046E-01
  3.4950E+02  3.8141E-01  1.8056E-01
  3.4985E+02  3.8121E-01  1.8066E-01
  3.5019E+02  3.8101E-01  1.8076E-01
  3.5054E+02  3.8082E-01  1.8086E-01
  3.5088E+02  3.8062E-01  1.8096E-01
  3.5122E+02  3.8043E-01  1.8105E-01
  3.5157E+02  3.8023E-01  1.8115E-01
  3.5191E+02  3.8003E-01  1.8125E-01
  3.5226E+02  3.7984E-01  1.8135E-01
  3.5260E+02  3.7964E-01  1.8144E-01
  3.5294E+02  3.7945E-01  1.8154E-01
  3.5329E+02  3.7925E-01  1.8164E-01
  3.5363E+02  3.7905E-01  1.8174E-01
  3.5398E+02  3.7886E-01  1.8183E-01
  3.5432E+02  3.7866E-01  1.8193E-01
  3.5466E+02  3.7847E-01  1.8202E-01
  3.5501E+02  3.7827E-01  1.8212E-01
  3.5535E+02  3.7808E-01  1.8222E-01
  3.5570E+02  3.7788E-01  1.8231E-01
  3.5604E+02  3.7768E-01  1.8241E-01
  3.5638E+02  3.7749E-01  1.8250E-01
  3.5673E+02  3.7729E-01  1.8260E-01
  3.5707E+02  3.7710E-01  1.8270E-01
  3.5742E+02  3.7690E-01  1.8279E-01
  3.5776E+02  3.7671E-01  1.8289E-01
  3.5810E+02  3.7651E-01  1.8298E-01
  3.5845E+02  3.7632E-01  1.8308E-01
  3.5879E+02  3.7612E-01  1.8317E-01
  3.5914E+02  3.7593E-01  1.8326E-01
  3.5948E+02  3.7573E-01  1.8336E-01
  3.5982E+02  3.7554E-01  1.8345E-01
  3.6017E+02  3.7534E-01  1.8355E-01
  3.6051E+02  3.7515E-01  1.8364E-01
  3.6086E+02  3.7495E-01  1.8373E-01
  3.6120E+02  3.7476E-01  1.8383E-01
  3.6154E+02  3.7456E-01  1.8392E-01
  3.6189E+02  3.7437E-01  1.8402E-01
  3.6223E+02  3.7417E-01  1.8411E-01
  3.6258E+02  3.7398E-01  1.8420E-01
  3.6292E+02  3.7378E-01  1.8429E-01
  3.6326E+02  3.7359E-01  1.8439E-01
  3.6361E+02  3.7339E-01  1.8448E-01
  3.6395E+02  3.7320E-01  1.8457E-01
  3.6430E+02  3.7301E-01  1.8467E-01
  3.6464E+02  3.7281E-01  1.8476E-01
  3.6498E+02  3.7262E-01  1.8485E-01
  3.6533E+02  3.7242E-01  1.8494E-01
  3.6567E+02  3.7223E-01  1.8503E-01
  3.6602E+02  3.7204E-01  1.8513E-01
  3.6636E+02  3.7184E-01  1.8522E-01
  3.6670E+02  3.7165E-01  1.8531E-01
  3.6705E+02  3.7146E-01  1.8540E-01
  3.6739E+02  3.7126E-01  1.8549E-01
  3.6774E+02  3.7107E-01  1.8558E-01
  3.6808E+02  3.7088E-01  1.8567E-01
  3.6842E+02  3.7068E-01  1.8577E-01
  3.6877E+02  3.7049E-01  1.8586E-01
  3.6911E+02  3.7030E-01  1.8595E-01
  3.6946E+02  3.7011E-01  1.8604E-01
  3.6980E+02  3.6991E-01  1.8613E-01
  3.7014E+02  3.6972E-01  1.8622E-01
  3.7049E+02  3.6953E-01  1.8631E-01
  3.7083E+02  3.6934E-01  1.8640E-01
  3.7118E+02  3.6914E-01  1.8649E-01
  3.7152E+02  3.6895E-01  1.8658E-01
  3.7186E+02  3.6876E-01  1.8667E-01
  3.7221E+02  3.6857E-01  1.8676E-01
  3.7255E+02  3.6838E-01  1.8685E-01
  3.7290E+02  3.6818E-01  1.8694E-01
  3.7324E+02  3.6799E-01  1.8702E-01
  3.7358E+02  3.6780E-01  1.8711E-01
  3.7393E+02  3.6761E-01  1.8720E-01
  3.7427E+02  3.6742E-01  1.8729E-01
  3.7462E+02  3.6723E-01  1.8738E-01
  3.7496E+02  3.6704E-01  1.8747E-01
  3.7530E+02  3.6685E-01  1.8756E-01
  3.7565E+02  3.6666E-01  1.8764E-01
  3.7599E+02  3.6646E-01  1.8773E-01
  3.7634E+02  3.6627E-01  1.8782E-01
  3.7668E+02  3.6608E-01  1.8791E-01
  3.7702E+02  3.6589E-01  1.8799E-01
  3.7737E+02  3.6570E-01  1.8808E-01
  3.7771E+02  3.6551E-01  1.8817E-01
  3.7806E+02  3.6532E-01  1.8826E-01
  3.7840E+02  3.6513E-01  1.8834E-01
  3.7874E+02  3.6494E-01  1.8843E-01
  3.7909E+02  3.6475E-01  1.8852E-01
  3.7943E+02  3.6456E-01  1.8860E-01
  3.7978E+02  3.6437E-01  1.8869E-01
  3.8012E+02  3.6418E-01  1.8877E-01
  3.8046E+02  3.6399E-01  1.8886E-01
  3.8081E+02  3.6380E-01  1.8895E-01
  3.8115E+02  3.6361E-01  1.8903E-01
  3.8150E+02  3.6342E-01  1.8912E-01
  3.8184E+02  3.6323E-01  1.8920E-01
  3.8218E+02  3.6304E-01  1.8929E-01
  3.8253E+02  3.6285E-01  1.8937E-01
  3.8287E+02  3.6266E-01  1.8946E-01
  3.8322E+02  3.6247E-01  1.8954E-01
  3.8356E+02  3.6228E-01  1.8963E-01
  3.8390E+02  3.6209E-01  1.8971E-01
  3.8425E+02  3.6190E-01  1.8980E-01
  3.8459E+02  3.6171E-01  1.8988E-01
  3.8494E+02  3.6152E-01  1.8997E-01
  3.8528E+02  3.6133E-01  1.9005E-01
  3.8562E+02  3.6114E-01  1.9013E-01
  3.8597E+02  3.6096E-01  1.9022E-01
  3.8631E+02  3.6077E-01  1.9030E-01
  3.8666E+02  3.6058E-01  1.9039E-01
  3.8700E+02  3.6039E-01  1.9047E-01
  3.8734E+02  3.6020E-01  1.9055E-01
  3.8769E+02  3.6001E-01  1.9064E-01
  3.8803E+02  3.5982E-01  1.9072E-01
  3.8838E+02  3.5963E-01  1.9080E-01
  3.8872E+02  3.5944E-01  1.9088E-01
  3.8906E+02  3.5925E-01  1.9097E-01
  3.8941E+02  3.5906E-01  1.9105E-01
  3.8975E+02  3.5887E-01  1.9113E-01
  3.9010E+02  3.5868E-01  1.9121E-01
  3.9044E+02  3.5849E-01  1.9130E-01
  3.9078E+02  3.5830E-01  1.9138E-01
  3.9113E+02  3.5811E-01  1.9146E-01
  3.9147E+02  3.5792E-01  1.9154E-01
  3.9182E+02  3.5773E-01  1.9162E-01
  3.9216E+02  3.5754E-01  1.9170E-01
  3.9250E+02  3.5735E-01  1.9178E-01
  3.9285E+02  3.5716E-01  1.9187E-01
  3.9319E+02  3.5697E-01  1.9195E-01
  3.9354E+02  3.5678E-01  1.9203E-01
  3.9388E+02  3.5659E-01  1.9211E-01
  3.9422E+02  3.5640E-01  1.9219E-01
  3.9457E+02  3.5621E-01  1.9227E-01
  3.9491E+02  3.5602E-01  1.9235E-01
  3.9526E+02  3.5583E-01  1.9243E-01
  3.9560E+02  3.5564E-01  1.9251E-01
  3.9594E+02  3.5545E-01  1.9259E-01
  3.9629E+02  3.5527E-01  1.9267E-01
  3.9663E+02  3.5508E-01  1.9275E-01
  3.9698E+02  3.5489E-01  1.9283E-01
  3.9732E+02  3.5470E-01  1.9291E-01
  3.9766E+02  3.5451E-01  1.9299E-01
  3.9801E+02  3.5432E-01  1.9306E-01
  3.9835E+02  3.5413E-01  1.9314E-01
  3.9870E+02  3.5394E-01  1.9322E-01
  3.9904E+02  3.5375E-01  1.9330E-01
  3.9938E+02  3.5356E-01  1.9338E-01
  3.9973E+02  3.5337E-01  1.9346E-01
  4.0007E+02  3.5318E-01  1.9354E-01
  4.0042E+02  3.5299E-01  1.9361E-01
  4.0076E+02  3.5280E-01  1.9369E-01
  4.0110E+02  3.5261E-01  1.9377E-01
  4.0145E+02  3.5242E-01  1.9385E-01
  4.0179E+02  3.5223E-01  1.9392E-01
  4.0214E+02  3.5204E-01  1.9400E-01
  4.0248E+02  3.5185E-01  1.9408E-01
  4.0282E+02  3.5166E-01  1.9416E-01
  4.0317E+02  3.5147E-01  1.9423E-01
  4.0351E+02  3.5128E-01  1.9431E-01
  4.0386E+02  3.5109E-01  1.9439E-01
  4.0420E+02  3.5090E-01  1.9446E-01
  4.0454E+02  3.5071E-01  1.9454E-01
  4.0489E+02  3.5052E-01  1.9462E-01
  4.0523E+02  3.5033E-01  1.9469E-01
  4.0558E+02  3.5014E-01  1.9477E-01
  4.0592E+02  3.4995E-01  1.9484E-01
  4.0626E+02  3.4976E-01  1.9492E-01
  4.0661E+02  3.4958E-01  1.9500E-01
  4.0695E+02  3.4939E-01  1.9507E-01
  4.0730E+02  3.4920E-01  1.9515E-01
  4.0764E+02  3.4901E-01  1.9522E-01
  4.0798E+02  3.4882E-01  1.9530E-01
  4.0833E+02  3.4863E-01  1.9537E-01
  4.0867E+02  3.4844E-01  1.9545E-01
  4.0902E+02  3.4825E-01  1.9552E-01
  4.0936E+02  3.4806E-01  1.9560E-01
  4.0970E+02  3.4787E-01  1.9567E-01
  4.1005E+02  3.4768E-01  1.9575E-01
  4.1039E+02  3.4749E-01  1.9582E-01
  4.1074E+02  3.4730E-01  1.9589E-01
  4.1108E+02  3.4711E-01  1.9597E-01
  4.1142E+02  3.4692E-01  1.9604E-01
  4.1177E+02  3.4673E-01  1.9612E-01
  4.1211E+02  3.4655E-01  1.9619E-01
  4.1246E+02  3.4636E-01  1.9626E-01
  4.1280E+02  3.4617E-01  1.9634E-01
  4.1314E+02  3.4598E-01  1.9641E-01
  4.1349E+02  3.4579E-01  1.9648E-01
  4.1383E+02  3.4560E-01  1.9656E-01
  4.1418E+02  3.4541E-01  1.9663E-01
  4.1452E+02  3.4522E-01  1.9670E-01
  4.1486E+02  3.4503E-01  1.9677E-01
  4.1521E+02  3.4484E-01  1.9685E-01
  4.1555E+02  3.4466E-01  1.9692E-01
  4.1590E+02  3.4447E-01  1.9699E-01
  4.1624E+02  3.4428E-01  1.9706E-01
  4.1658E+02  3.4409E-01  1.9713E-01
  4.1693E+02  3.4390E-01  1.9721E-01
  4.1727E+02  3.4371E-01  1.9728E-01
  4.1762E+02  3.4352E-01  1.9735E-01
  4.1796E+02  3.4333E-01  1.9742E-01
  4.1830E+02  3.4314E-01  1.9749E-01
  4.1865E+02  3.4296E-01  1.9756E-01
  4.1899E+02  3.4277E-01  1.9763E-01
  4.1934E+02  3.4258E-01  1.9770E-01
  4.1968E+02  3.4239E-01  1.9778E-01
  4.2002E+02  3.4220E-01  1.9785E-01
  4.2037E+02  3.4201E-01  1.9792E-01
  4.2071E+02  3.4182E-01  1.9799E-01
  4.2106E+02  3.4164E-01  1.9806E-01
  4.2140E+02  3.4145E-01  1.9813E-01
  4.2174E+02  3.4126E-01  1.9820E-01
  4.2209E+02  3.4107E-01  1.9827E-01
  4.2243E+02  3.4088E-01  1.9834E-01
  4.2278E+02  3.4069E-01  1.9841E-01
  4.2312E+02  3.4051E-01  1.9848E-01
  4.2346E+02  3.4032E-01  1.9854E-01
  4.2381E+02  3.4013E-01  1.9861E-01
  4.2415E+02  3.3994E-01  1.9868E-01
  4.2450E+02  3.3975E-01  1.9875E-01
  4.2484E+02  3.3957E-01  1.9882E-01
  4.2518E+02  3.3938E-01  1.9889E-01
  4.2553E+02  3.3919E-01  1.9896E-01
  4.2587E+02  3.3900E-01  1.9903E-01
  4.2622E+02  3.3881E-01  1.9909E-01
  4.2656E+02  3.3863E-01  1.9916E-01
  4.2690E+02  3.3844E-01  1.9923E-01
  4.2725E+02  3.3825E-01  1.9930E-01
  4.2759E+02  3.3806E-01  1.9936E-01
  4.2794E+02  3.3788E-01  1.9943E-01
  4.2828E+02  3.3769E-01  1.9950E-01
  4.2862E+02  3.3750E-01  1.9957E-01
  4.2897E+02  3.3731E-01  1.9963E-01
  4.2931E+02  3.3713E-01  1.9970E-01
  4.2966E+02  3.3694E-01  1.9977E-01
  4.3000E+02  3.3675E-01  1.9983E-01
  4.3034E+02  3.3657E-01  1.9990E-01
  4.3069E+02  3.3638E-01  1.9997E-01
  4.3103E+02  3.3619E-01  2.0003E-01
  4.3138E+02  3.3600E-01  2.0010E-01
  4.3172E+02  3.3582E-01  2.0016E-01
  4.3206E+02  3.3563E-01  2.0023E-01
  4.3241E+02  3.3544E-01  2.0030E-01
  4.3275E+02  3.3526E-01  2.0036E-01
  4.3310E+02  3.3507E-01  2.0043E-01
  4.3344E+02  3.3488E-01  2.0049E-01
  4.3378E+02  3.3470E-01  2.0056E-01
  4.3413E+02  3.3451E-01  2.0062E-01
  4.3447E+02  3.3432E-01  2.0069E-01
  4.3482E+02  3.3414E-01  2.0075E-01
  4.3516E+02  3.3395E-01  2.0082E-01
  4.3550E+02  3.3376E-01  2.0088E-01
  4.3585E+02  3.3358E-01  2.0095E-01
  4.3619E+02  3.3339E-01  2.0101E-01
  4.3654E+02  3.3320E-01  2.0108E-01
  4.3688E+02  3.3302E-01  2.0114E-01
  4.3722E+02  3.3283E-01  2.0120E-01
  4.3757E+02  3.3265E-01  2.0127E-01
  4.3791E+02  3.3246E-01  2.0133E-01
  4.3826E+02  3.3227E-01  2.0140E-01
  4.3860E+02  3.3209E-01  2.0146E-01
  4.3894E+02  3.3190E-01  2.0152E-01
  4.3929E+02  3.3171E-01  2.0159E-01
  4.3963E+02  3.3153E-01  2.0165E-01
  4.3998E+02  3.3134E-01  2.0171E-01
  4.4032E+02  3.3116E-01  2.0178E-01
  4.4066E+02  3.3097E-01  2.0184E-01
  4.4101E+02  3.3078E-01  2.0190E-01
  4.4135E+02  3.3060E-01  2.0196E-01
  4.4170E+02  3.3041E-01  2.0203E-01
  4.4204E+02  3.3022E-01  2.0209E-01
  4.4238E+02  3.3004E-01  2.0215E-01
  4.4273E+02  3.2985E-01  2.0221E-01
  4.4307E+02  3.2967E-01  2.0228E-01
  4.4342E+02  3.2948E-01  2.0234E-01
  4.4376E+02  3.2929E-01  2.0240E-01
  4.4410E+02  3.2911E-01  2.0246E-01
  4.4445E+02  3.2892E-01  2.0252E-01
  4.4479E+02  3.2873E-01  2.0258E-01
  4.4514E+02  3.2855E-01  2.0264E-01
  4.4548E+02  3.2836E-01  2.0271E-01
  4.4582E+02  3.2818E-01  2.0277E-01
  4.4617E+02  3.2799E-01  2.0283E-01
  4.4651E+02  3.2780E-01  2.0289E-01
  4.4686E+02  3.2762E-01  2.0295E-01
  4.4720E+02  3.2743E-01  2.0301E-01
  4.4754E+02  3.2725E-01  2.0307E-01
  4.4789E+02  3.2706E-01  2.0313E-01
  4.4823E+02  3.2687E-01  2.0319E-01
  4.4858E+02  3.2669E-01  2.0325E-01
  4.4892E+02  3.2650E-01  2.0331E-01
  4.4926E+02  3.2632E-01  2.0337E-01
  4.4961E+02  3.2613E-01  2.0343E-01
  4.4995E+02  3.2594E-01  2.0349E-01
  4.5030E+02  3.2576E-01  2.0355E-01
  4.5064E+02  3.2557E-01  2.0361E-01
  4.5098E+02  3.2539E-01  2.0367E-01
  4.5133E+02  3.2520E-01  2.0373E-01
  4.5167E+02  3.2501E-01  2.0379E-01
  4.5202E+02  3.2483E-01  2.0384E-01
  4.5236E+02  3.2464E-01  2.0390E-01
  4.5270E+02  3.2446E-01  2.0396E-01
  4.5305E+02  3.2427E-01  2.0402E-01
  4.5339E+02  3.2408E-01  2.0408E-01
  4.5374E+02  3.2390E-01  2.0414E-01
  4.5408E+02  3.2371E-01  2.0419E-01
  4.5442E+02  3.2353E-01  2.0425E-01
  4.5477E+02  3.2334E-01  2.0431E-01
  4.5511E+02  3.2316E-01  2.0437E-01
  4.5546E+02  3.2297E-01  2.0442E-01
  4.5580E+02  3.2278E-01  2.0448E-01
  4.5614E+02  3.2260E-01  2.0454E-01
  4.5649E+02  3.2241E-01  2.0459E-01
  4.5683E+02  3.2223E-01  2.0465E-01
  4.5718E+02  3.2204E-01  2.0471E-01
  4.5752E+02  3.2186E-01  2.0476E-01
  4.5786E+02  3.2167E-01  2.0482E-01
  4.5821E+02  3.2149E-01  2.0488E-01
  4.5855E+02  3.2130E-01  2.0493E-01
  4.5890E+02  3.2112E-01  2.0499E-01
  4.5924E+02  3.2093E-01  2.0505E-01
  4.5958E+02  3.2075E-01  2.0510E-01
  4.5993E+02  3.2056E-01  2.0516E-01
  4.6027E+02  3.2038E-01  2.0521E-01
  4.6062E+02  3.2019E-01  2.0527E-01
  4.6096E+02  3.2001E-01  2.0532E-01
  4.6130E+02  3.1982E-01  2.0538E-01
  4.6165E+02  3.1964E-01  2.0543E-01
  4.6199E+02  3.1945E-01  2.0549E-01
  4.6234E+02  3.1927E-01  2.0554E-01
  4.6268E+02  3.1908E-01  2.0560E-01
  4.6302E+02  3.1890E-01  2.0565E-01
  4.6337E+02  3.1871E-01  2.0571E-01
  4.6371E+02  3.1853E-01  2.0576E-01
  4.6406E+02  3.1835E-01  2.0582E-01
  4.6440E+02  3.1816E-01  2.0587E-01
  4.6474E+02  3.1798E-01  2.0592E-01
  4.6509E+02  3.1779E-01  2.0598E-01
  4.6543E+02  3.1761E-01  2.0603E-01
  4.6578E+02  3.1743E-01  2.0608E-01
  4.6612E+02  3.1724E-01  2.0614E-01
  4.6646E+02  3.1706E-01  2.0619E-01
  4.6681E+02  3.1687E-01  2.0625E-01
  4.6715E+02  3.1669E-01  2.0630E-01
  4.6750E+02  3.1651E-01  2.0635E-01
  4.6784E+02  3.1632E-01  2.0640E-01
  4.6818E+02  3.1614E-01  2.0646E-01
  4.6853E+02  3.1595E-01  2.0651E-01
  4.6887E+02  3.1577E-01  2.0656E-01
  4.6922E+02  3.1559E-01  2.0662E-01
  4.6956E+02  3.1540E-01  2.0667E-01
  4.6990E+02  3.1522E-01  2.0672E-01
  4.7025E+02  3.1504E-01  2.0677E-01
  4.7059E+02  3.1485E-01  2.0682E-01
  4.7094E+02  3.1467E-01  2.0688E-01
  4.7128E+02  3.1449E-01  2.0693E-01
  4.7162E+02  3.1430E-01  2.0698E-01
  4.7197E+02  3.1412E-01  2.0703E-01
  4.7231E+02  3.1394E-01  2.0708E-01
  4.7266E+02  3.1375E-01  2.0713E-01
  4.7300E+02  3.1357E-01  2.0719E-01
  4.7334E+02  3.1339E-01  2.0724E-01
  4.7369E+02  3.1320E-01  2.0729E-01
  4.7403E+02  3.1302E-01  2.0734E-01
  4.7438E+02  3.1284E-01  2.0739E-01
  4.7472E+02  3.1266E-01  2.0744E-01
  4.7506E+02  3.1247E-01  2.0749E-01
  4.7541E+02  3.1229E-01  2.0754E-01
  4.7575E+02  3.1211E-01  2.0759E-01
  4.7610E+02  3.1193E-01  2.0764E-01
  4.7644E+02  3.1174E-01  2.0769E-01
  4.7678E+02  3.1156E-01  2.0774E-01
  4.7713E+02  3.1138E-01  2.0779E-01
  4.7747E+02  3.1120E-01  2.0784E-01
  4.7782E+02  3.1101E-01  2.0789E-01
  4.7816E+02  3.1083E-01  2.0794E-01
  4.7850E+02  3.1065E-01  2.0799E-01
  4.7885E+02  3.1047E-01  2.0804E-01
  4.7919E+02  3.1028E-01  2.0809E-01
  4.7954E+02  3.1010E-01  2.0814E-01
  4.7988E+02  3.0992E-01  2.0819E-01
  4.8022E+02  3.0974E-01  2.0824E-01
  4.8057E+02  3.0956E-01  2.0828E-01
  4.8091E+02  3.0937E-01  2.0833E-01
  4.8126E+02  3.0919E-01  2.0838E-01
  4.8160E+02  3.0901E-01  2.0843E-01
  4.8194E+02  3.0883E-01  2.0848E-01
  4.8229E+02  3.0865E-01  2.0853E-01
  4.8263E+02  3.0847E-01  2.0857E-01
  4.8298E+02  3.0828E-01  2.0862E-01
  4.8332E+02  3.0810E-01  2.0867E-01
  4.8366E+02  3.0792E-01  2.0872E-01
  4.8401E+02  3.0774E-01  2.0876E-01
  4.8435E+02  3.0756E-01  2.0881E-01
  4.8470E+02  3.0738E-01  2.0886E-01
  4.8504E+02  3.0720E-01  2.0890E-01
  4.8538E+02  3.0702E-01  2.0895E-01
  4.8573E+02  3.0684E-01  2.0900E-01
  4.8607E+02  3.0665E-01  2.0904E-01
  4.8642E+02  3.0647E-01  2.0909E-01
  4.8676E+02  3.0629E-01  2.0914E-01
  4.8710E+02  3.0611E-01  2.0918E-01
  4.8745E+02  3.0593E-01  2.0923E-01
  4.8779E+02  3.0575E-01  2.0928E-01
  4.8814E+02  3.0557E-01  2.0932E-01
  4.8848E+02  3.0539E-01  2.0937E-01
  4.8882E+02  3.0521E-01  2.0941E-01
  4.8917E+02  3.0503E-01  2.0946E-01
  4.8951E+02  3.0485E-01  2.0950E-01
  4.8986E+02  3.0467E-01  2.0955E-01
  4.9020E+02  3.0449E-01  2.0959E-01
  4.9054E+02  3.0431E-01  2.0964E-01
  4.9089E+02  3.0413E-01  2.0968E-01
  4.9123E+02  3.0395E-01  2.0973E-01
  4.9158E+02  3.0377E-01  2.0977E-01
  4.9192E+02  3.0359E-01  2.0982E-01
  4.9226E+02  3.0341E-01  2.0986E-01
  4.9261E+02  3.0323E-01  2.0991E-01
  4.9295E+02  3.0305E-01  2.0995E-01
  4.9330E+02  3.0287E-01  2.1000E-01
  4.9364E+02  3.0269E-01  2.1004E-01
  4.9398E+02  3.0251E-01  2.1008E-01
  4.9433E+02  3.0233E-01  2.1013E-01
  4.9467E+02  3.0215E-01  2.1017E-01
  4.9502E+02  3.0197E-01  2.1022E-01
  4.9536E+02  3.0179E-01  2.1026E-01
  4.9570E+02  3.0161E-01  2.1030E-01
  4.9605E+02  3.0143E-01  2.1035E-01
  4.9639E+02  3.0125E-01  2.1039E-01
  4.9674E+02  3.0107E-01  2.1043E-01
  4.9708E+02  3.0089E-01  2.1047E-01
  4.9742E+02  3.0071E-01  2.1052E-01
  4.9777E+02  3.0053E-01  2.1056E-01
  4.9811E+02  3.0035E-01  2.1060E-01
  4.9846E+02  3.0017E-01  2.1065E-01
  4.9880E+02  2.9999E-01  2.1069E-01
  4.9914E+02  2.9982E-01  2.1073E-01
  4.9949E+02  2.9964E-01  2.1077E-01
  4.9983E+02  2.9946E-01  2.1081E-01
  5.0000E+02  2.9937E-01  2.1083E-01
