# CREATED BY GENE DIAGNOSTICS TOOL on Mon Jun 25 11:53:04 2018
# diag: GAMDIAG, run(s): 0049, time window: 0-500(1406 steps), species: ions
# original data path: /r/c/cmor/ZF_3rd/w7xhms05/0.5047-1.5/
# normalization: L_ref=5.4832m
#
# xind= 0, x/a= 0.70710677, q= 1.1018624
# Fit:    1,-0.11927276,3.3640814
# Analytic (Gao, Zhou/Yu): 0.32199362,-0.143854,3.3640852
#  t          Re[phi]     Im[phi]   
  0.0000E+00  9.9997E-01  0.0000E+00
  3.5600E-01  9.9753E-01  7.8090E-04
  7.1200E-01  9.9056E-01  1.5826E-03
  1.0680E+00  9.7981E-01  2.3986E-03
  1.4240E+00  9.6609E-01  3.2152E-03
  1.7800E+00  9.5031E-01  4.0290E-03
  2.1360E+00  9.3330E-01  4.8392E-03
  2.4920E+00  9.1580E-01  5.6410E-03
  2.8480E+00  8.9841E-01  6.4251E-03
  3.2040E+00  8.8160E-01  7.1797E-03
  3.5600E+00  8.6568E-01  7.8928E-03
  3.9160E+00  8.5084E-01  8.5555E-03
  4.2720E+00  8.3715E-01  9.1636E-03
  4.6280E+00  8.2458E-01  9.7180E-03
  4.9840E+00  8.1303E-01  1.0225E-02
  5.3400E+00  8.0237E-01  1.0693E-02
  5.6960E+00  7.9243E-01  1.1132E-02
  6.0520E+00  7.8306E-01  1.1555E-02
  6.4080E+00  7.7411E-01  1.1968E-02
  6.7640E+00  7.6543E-01  1.2380E-02
  7.1200E+00  7.5693E-01  1.2793E-02
  7.4760E+00  7.4852E-01  1.3209E-02
  7.8320E+00  7.4014E-01  1.3626E-02
  8.1880E+00  7.3176E-01  1.4041E-02
  8.5440E+00  7.2337E-01  1.4449E-02
  8.9000E+00  7.1498E-01  1.4846E-02
  9.2560E+00  7.0661E-01  1.5225E-02
  9.6120E+00  6.9828E-01  1.5582E-02
  9.9680E+00  6.9003E-01  1.5914E-02
  1.0324E+01  6.8190E-01  1.6218E-02
  1.0680E+01  6.7391E-01  1.6491E-02
  1.1036E+01  6.6610E-01  1.6733E-02
  1.1392E+01  6.5850E-01  1.6944E-02
  1.1748E+01  6.5114E-01  1.7124E-02
  1.2104E+01  6.4404E-01  1.7273E-02
  1.2460E+01  6.3719E-01  1.7394E-02
  1.2816E+01  6.3063E-01  1.7492E-02
  1.3172E+01  6.2437E-01  1.7572E-02
  1.3528E+01  6.1841E-01  1.7633E-02
  1.3884E+01  6.1276E-01  1.7677E-02
  1.4240E+01  6.0742E-01  1.7706E-02
  1.4596E+01  6.0239E-01  1.7725E-02
  1.4952E+01  5.9766E-01  1.7736E-02
  1.5308E+01  5.9324E-01  1.7743E-02
  1.5664E+01  5.8914E-01  1.7752E-02
  1.6020E+01  5.8535E-01  1.7764E-02
  1.6376E+01  5.8187E-01  1.7780E-02
  1.6732E+01  5.7870E-01  1.7799E-02
  1.7088E+01  5.7580E-01  1.7822E-02
  1.7444E+01  5.7316E-01  1.7853E-02
  1.7800E+01  5.7080E-01  1.7899E-02
  1.8156E+01  5.6872E-01  1.7961E-02
  1.8512E+01  5.6693E-01  1.8041E-02
  1.8868E+01  5.6543E-01  1.8134E-02
  1.9224E+01  5.6421E-01  1.8238E-02
  1.9580E+01  5.6326E-01  1.8353E-02
  1.9936E+01  5.6256E-01  1.8483E-02
  2.0292E+01  5.6210E-01  1.8630E-02
  2.0648E+01  5.6187E-01  1.8799E-02
  2.1004E+01  5.6184E-01  1.8988E-02
  2.1360E+01  5.6197E-01  1.9196E-02
  2.1716E+01  5.6226E-01  1.9419E-02
  2.2072E+01  5.6270E-01  1.9658E-02
  2.2428E+01  5.6330E-01  1.9913E-02
  2.2784E+01  5.6405E-01  2.0184E-02
  2.3140E+01  5.6496E-01  2.0471E-02
  2.3496E+01  5.6600E-01  2.0772E-02
  2.3852E+01  5.6715E-01  2.1086E-02
  2.4208E+01  5.6840E-01  2.1413E-02
  2.4564E+01  5.6974E-01  2.1754E-02
  2.4920E+01  5.7117E-01  2.2114E-02
  2.5276E+01  5.7269E-01  2.2495E-02
  2.5632E+01  5.7427E-01  2.2893E-02
  2.5988E+01  5.7587E-01  2.3305E-02
  2.6344E+01  5.7745E-01  2.3722E-02
  2.6700E+01  5.7898E-01  2.4139E-02
  2.7056E+01  5.8044E-01  2.4550E-02
  2.7412E+01  5.8184E-01  2.4955E-02
  2.7768E+01  5.8321E-01  2.5353E-02
  2.8124E+01  5.8457E-01  2.5751E-02
  2.8480E+01  5.8597E-01  2.6152E-02
  2.8836E+01  5.8741E-01  2.6562E-02
  2.9192E+01  5.8890E-01  2.6981E-02
  2.9548E+01  5.9042E-01  2.7409E-02
  2.9904E+01  5.9194E-01  2.7842E-02
  3.0260E+01  5.9342E-01  2.8277E-02
  3.0616E+01  5.9481E-01  2.8708E-02
  3.0972E+01  5.9609E-01  2.9134E-02
  3.1328E+01  5.9724E-01  2.9551E-02
  3.1684E+01  5.9825E-01  2.9958E-02
  3.2040E+01  5.9912E-01  3.0356E-02
  3.2396E+01  5.9987E-01  3.0747E-02
  3.2752E+01  6.0051E-01  3.1136E-02
  3.3108E+01  6.0108E-01  3.1523E-02
  3.3464E+01  6.0157E-01  3.1909E-02
  3.3820E+01  6.0200E-01  3.2292E-02
  3.4176E+01  6.0235E-01  3.2668E-02
  3.4532E+01  6.0259E-01  3.3036E-02
  3.4888E+01  6.0273E-01  3.3393E-02
  3.5244E+01  6.0277E-01  3.3738E-02
  3.5600E+01  6.0271E-01  3.4072E-02
  3.5956E+01  6.0257E-01  3.4401E-02
  3.6312E+01  6.0239E-01  3.4727E-02
  3.6668E+01  6.0218E-01  3.5055E-02
  3.7024E+01  6.0198E-01  3.5388E-02
  3.7380E+01  6.0178E-01  3.5726E-02
  3.7736E+01  6.0159E-01  3.6069E-02
  3.8092E+01  6.0139E-01  3.6413E-02
  3.8448E+01  6.0116E-01  3.6753E-02
  3.8804E+01  6.0085E-01  3.7084E-02
  3.9160E+01  6.0043E-01  3.7402E-02
  3.9516E+01  5.9990E-01  3.7706E-02
  3.9872E+01  5.9923E-01  3.7996E-02
  4.0228E+01  5.9844E-01  3.8274E-02
  4.0584E+01  5.9753E-01  3.8543E-02
  4.0940E+01  5.9652E-01  3.8805E-02
  4.1296E+01  5.9545E-01  3.9065E-02
  4.1652E+01  5.9437E-01  3.9328E-02
  4.2008E+01  5.9333E-01  3.9597E-02
  4.2364E+01  5.9234E-01  3.9876E-02
  4.2720E+01  5.9144E-01  4.0167E-02
  4.3076E+01  5.9065E-01  4.0470E-02
  4.3432E+01  5.8996E-01  4.0785E-02
  4.3788E+01  5.8937E-01  4.1113E-02
  4.4144E+01  5.8888E-01  4.1451E-02
  4.4500E+01  5.8848E-01  4.1797E-02
  4.4856E+01  5.8813E-01  4.2148E-02
  4.5212E+01  5.8782E-01  4.2497E-02
  4.5568E+01  5.8751E-01  4.2839E-02
  4.5924E+01  5.8715E-01  4.3167E-02
  4.6280E+01  5.8671E-01  4.3474E-02
  4.6636E+01  5.8615E-01  4.3754E-02
  4.6992E+01  5.8544E-01  4.4004E-02
  4.7348E+01  5.8455E-01  4.4223E-02
  4.7704E+01  5.8349E-01  4.4415E-02
  4.8060E+01  5.8229E-01  4.4589E-02
  4.8416E+01  5.8097E-01  4.4756E-02
  4.8772E+01  5.7958E-01  4.4928E-02
  4.9128E+01  5.7816E-01  4.5114E-02
  4.9484E+01  5.7676E-01  4.5321E-02
  4.9840E+01  5.7542E-01  4.5555E-02
  5.0196E+01  5.7418E-01  4.5816E-02
  5.0552E+01  5.7308E-01  4.6106E-02
  5.0908E+01  5.7213E-01  4.6422E-02
  5.1264E+01  5.7135E-01  4.6757E-02
  5.1620E+01  5.7074E-01  4.7107E-02
  5.1976E+01  5.7027E-01  4.7462E-02
  5.2332E+01  5.6994E-01  4.7815E-02
  5.2688E+01  5.6970E-01  4.8156E-02
  5.3044E+01  5.6954E-01  4.8478E-02
  5.3400E+01  5.6942E-01  4.8776E-02
  5.3756E+01  5.6933E-01  4.9050E-02
  5.4112E+01  5.6928E-01  4.9304E-02
  5.4468E+01  5.6925E-01  4.9545E-02
  5.4824E+01  5.6927E-01  4.9783E-02
  5.5180E+01  5.6934E-01  5.0028E-02
  5.5536E+01  5.6945E-01  5.0288E-02
  5.5892E+01  5.6961E-01  5.0567E-02
  5.6248E+01  5.6979E-01  5.0870E-02
  5.6604E+01  5.6999E-01  5.1198E-02
  5.6960E+01  5.7018E-01  5.1549E-02
  5.7316E+01  5.7035E-01  5.1922E-02
  5.7672E+01  5.7047E-01  5.2311E-02
  5.8028E+01  5.7052E-01  5.2710E-02
  5.8384E+01  5.7051E-01  5.3113E-02
  5.8740E+01  5.7042E-01  5.3513E-02
  5.9096E+01  5.7024E-01  5.3903E-02
  5.9452E+01  5.6997E-01  5.4277E-02
  5.9808E+01  5.6961E-01  5.4629E-02
  6.0164E+01  5.6915E-01  5.4955E-02
  6.0520E+01  5.6859E-01  5.5251E-02
  6.0876E+01  5.6795E-01  5.5518E-02
  6.1232E+01  5.6725E-01  5.5758E-02
  6.1588E+01  5.6650E-01  5.5975E-02
  6.1944E+01  5.6575E-01  5.6175E-02
  6.2300E+01  5.6501E-01  5.6365E-02
  6.2656E+01  5.6432E-01  5.6552E-02
  6.3012E+01  5.6371E-01  5.6743E-02
  6.3368E+01  5.6320E-01  5.6944E-02
  6.3724E+01  5.6281E-01  5.7161E-02
  6.4080E+01  5.6255E-01  5.7396E-02
  6.4436E+01  5.6240E-01  5.7650E-02
  6.4792E+01  5.6235E-01  5.7923E-02
  6.5148E+01  5.6240E-01  5.8213E-02
  6.5504E+01  5.6251E-01  5.8517E-02
  6.5860E+01  5.6267E-01  5.8834E-02
  6.6216E+01  5.6286E-01  5.9159E-02
  6.6572E+01  5.6306E-01  5.9490E-02
  6.6928E+01  5.6326E-01  5.9824E-02
  6.7284E+01  5.6343E-01  6.0161E-02
  6.7640E+01  5.6358E-01  6.0499E-02
  6.7996E+01  5.6368E-01  6.0835E-02
  6.8352E+01  5.6374E-01  6.1169E-02
  6.8708E+01  5.6375E-01  6.1498E-02
  6.9064E+01  5.6370E-01  6.1822E-02
  6.9420E+01  5.6361E-01  6.2140E-02
  6.9776E+01  5.6346E-01  6.2450E-02
  7.0132E+01  5.6327E-01  6.2751E-02
  7.0488E+01  5.6304E-01  6.3043E-02
  7.0844E+01  5.6276E-01  6.3325E-02
  7.1200E+01  5.6246E-01  6.3600E-02
  7.1556E+01  5.6214E-01  6.3870E-02
  7.1912E+01  5.6182E-01  6.4138E-02
  7.2268E+01  5.6150E-01  6.4407E-02
  7.2624E+01  5.6118E-01  6.4678E-02
  7.2980E+01  5.6088E-01  6.4952E-02
  7.3336E+01  5.6059E-01  6.5226E-02
  7.3692E+01  5.6031E-01  6.5499E-02
  7.4048E+01  5.6002E-01  6.5770E-02
  7.4404E+01  5.5973E-01  6.6036E-02
  7.4760E+01  5.5943E-01  6.6298E-02
  7.5116E+01  5.5913E-01  6.6558E-02
  7.5472E+01  5.5883E-01  6.6818E-02
  7.5828E+01  5.5854E-01  6.7079E-02
  7.6184E+01  5.5825E-01  6.7343E-02
  7.6540E+01  5.5797E-01  6.7612E-02
  7.6896E+01  5.5772E-01  6.7885E-02
  7.7252E+01  5.5748E-01  6.8163E-02
  7.7608E+01  5.5726E-01  6.8443E-02
  7.7964E+01  5.5704E-01  6.8724E-02
  7.8320E+01  5.5682E-01  6.9003E-02
  7.8676E+01  5.5659E-01  6.9278E-02
  7.9032E+01  5.5634E-01  6.9546E-02
  7.9388E+01  5.5605E-01  6.9805E-02
  7.9744E+01  5.5574E-01  7.0055E-02
  8.0100E+01  5.5539E-01  7.0298E-02
  8.0456E+01  5.5503E-01  7.0536E-02
  8.0812E+01  5.5467E-01  7.0772E-02
  8.1168E+01  5.5431E-01  7.1009E-02
  8.1524E+01  5.5397E-01  7.1250E-02
  8.1880E+01  5.5365E-01  7.1495E-02
  8.2236E+01  5.5335E-01  7.1746E-02
  8.2592E+01  5.5307E-01  7.2001E-02
  8.2948E+01  5.5281E-01  7.2258E-02
  8.3304E+01  5.5256E-01  7.2515E-02
  8.3660E+01  5.5230E-01  7.2770E-02
  8.4016E+01  5.5203E-01  7.3020E-02
  8.4372E+01  5.5175E-01  7.3265E-02
  8.4728E+01  5.5146E-01  7.3505E-02
  8.5084E+01  5.5115E-01  7.3741E-02
  8.5440E+01  5.5084E-01  7.3975E-02
  8.5796E+01  5.5053E-01  7.4208E-02
  8.6152E+01  5.5022E-01  7.4443E-02
  8.6508E+01  5.4991E-01  7.4680E-02
  8.6864E+01  5.4961E-01  7.4919E-02
  8.7220E+01  5.4932E-01  7.5161E-02
  8.7576E+01  5.4903E-01  7.5406E-02
  8.7932E+01  5.4876E-01  7.5652E-02
  8.8288E+01  5.4850E-01  7.5899E-02
  8.8644E+01  5.4825E-01  7.6146E-02
  8.9000E+01  5.4801E-01  7.6391E-02
  8.9356E+01  5.4777E-01  7.6635E-02
  8.9712E+01  5.4753E-01  7.6875E-02
  9.0068E+01  5.4729E-01  7.7112E-02
  9.0424E+01  5.4705E-01  7.7347E-02
  9.0780E+01  5.4681E-01  7.7581E-02
  9.1136E+01  5.4656E-01  7.7815E-02
  9.1492E+01  5.4633E-01  7.8053E-02
  9.1848E+01  5.4610E-01  7.8295E-02
  9.2204E+01  5.4589E-01  7.8541E-02
  9.2560E+01  5.4568E-01  7.8792E-02
  9.2916E+01  5.4549E-01  7.9047E-02
  9.3272E+01  5.4531E-01  7.9304E-02
  9.3628E+01  5.4513E-01  7.9560E-02
  9.3984E+01  5.4495E-01  7.9815E-02
  9.4340E+01  5.4477E-01  8.0065E-02
  9.4696E+01  5.4457E-01  8.0310E-02
  9.5052E+01  5.4435E-01  8.0547E-02
  9.5408E+01  5.4411E-01  8.0777E-02
  9.5764E+01  5.4384E-01  8.1000E-02
  9.6120E+01  5.4356E-01  8.1219E-02
  9.6476E+01  5.4326E-01  8.1436E-02
  9.6832E+01  5.4296E-01  8.1652E-02
  9.7188E+01  5.4266E-01  8.1872E-02
  9.7544E+01  5.4237E-01  8.2098E-02
  9.7900E+01  5.4210E-01  8.2331E-02
  9.8256E+01  5.4185E-01  8.2572E-02
  9.8612E+01  5.4163E-01  8.2820E-02
  9.8968E+01  5.4143E-01  8.3074E-02
  9.9324E+01  5.4126E-01  8.3332E-02
  9.9680E+01  5.4111E-01  8.3593E-02
  1.0004E+02  5.4098E-01  8.3854E-02
  1.0039E+02  5.4086E-01  8.4115E-02
  1.0075E+02  5.4074E-01  8.4373E-02
  1.0110E+02  5.4062E-01  8.4629E-02
  1.0146E+02  5.4050E-01  8.4881E-02
  1.0182E+02  5.4036E-01  8.5129E-02
  1.0217E+02  5.4021E-01  8.5374E-02
  1.0253E+02  5.4004E-01  8.5615E-02
  1.0288E+02  5.3984E-01  8.5852E-02
  1.0324E+02  5.3963E-01  8.6086E-02
  1.0360E+02  5.3939E-01  8.6319E-02
  1.0395E+02  5.3914E-01  8.6551E-02
  1.0431E+02  5.3888E-01  8.6783E-02
  1.0466E+02  5.3861E-01  8.7016E-02
  1.0502E+02  5.3833E-01  8.7250E-02
  1.0538E+02  5.3806E-01  8.7484E-02
  1.0573E+02  5.3778E-01  8.7718E-02
  1.0609E+02  5.3751E-01  8.7951E-02
  1.0644E+02  5.3724E-01  8.8184E-02
  1.0680E+02  5.3698E-01  8.8416E-02
  1.0716E+02  5.3673E-01  8.8651E-02
  1.0751E+02  5.3649E-01  8.8888E-02
  1.0787E+02  5.3627E-01  8.9129E-02
  1.0822E+02  5.3606E-01  8.9374E-02
  1.0858E+02  5.3587E-01  8.9623E-02
  1.0894E+02  5.3568E-01  8.9876E-02
  1.0929E+02  5.3549E-01  9.0129E-02
  1.0965E+02  5.3530E-01  9.0383E-02
  1.1000E+02  5.3511E-01  9.0635E-02
  1.1036E+02  5.3491E-01  9.0886E-02
  1.1072E+02  5.3471E-01  9.1136E-02
  1.1107E+02  5.3450E-01  9.1384E-02
  1.1143E+02  5.3429E-01  9.1631E-02
  1.1178E+02  5.3408E-01  9.1876E-02
  1.1214E+02  5.3387E-01  9.2120E-02
  1.1250E+02  5.3366E-01  9.2363E-02
  1.1285E+02  5.3345E-01  9.2604E-02
  1.1321E+02  5.3323E-01  9.2844E-02
  1.1356E+02  5.3302E-01  9.3081E-02
  1.1392E+02  5.3281E-01  9.3317E-02
  1.1428E+02  5.3261E-01  9.3553E-02
  1.1463E+02  5.3240E-01  9.3791E-02
  1.1499E+02  5.3221E-01  9.4031E-02
  1.1534E+02  5.3202E-01  9.4276E-02
  1.1570E+02  5.3184E-01  9.4525E-02
  1.1606E+02  5.3167E-01  9.4780E-02
  1.1641E+02  5.3150E-01  9.5039E-02
  1.1677E+02  5.3134E-01  9.5302E-02
  1.1712E+02  5.3118E-01  9.5566E-02
  1.1748E+02  5.3101E-01  9.5831E-02
  1.1784E+02  5.3083E-01  9.6093E-02
  1.1819E+02  5.3064E-01  9.6351E-02
  1.1855E+02  5.3044E-01  9.6603E-02
  1.1890E+02  5.3022E-01  9.6848E-02
  1.1926E+02  5.2999E-01  9.7087E-02
  1.1962E+02  5.2974E-01  9.7318E-02
  1.1997E+02  5.2948E-01  9.7543E-02
  1.2033E+02  5.2920E-01  9.7763E-02
  1.2068E+02  5.2892E-01  9.7980E-02
  1.2104E+02  5.2865E-01  9.8194E-02
  1.2140E+02  5.2837E-01  9.8407E-02
  1.2175E+02  5.2810E-01  9.8622E-02
  1.2211E+02  5.2784E-01  9.8838E-02
  1.2246E+02  5.2760E-01  9.9058E-02
  1.2282E+02  5.2736E-01  9.9281E-02
  1.2318E+02  5.2715E-01  9.9508E-02
  1.2353E+02  5.2694E-01  9.9738E-02
  1.2389E+02  5.2674E-01  9.9973E-02
  1.2424E+02  5.2656E-01  1.0021E-01
  1.2460E+02  5.2638E-01  1.0045E-01
  1.2496E+02  5.2620E-01  1.0070E-01
  1.2531E+02  5.2602E-01  1.0094E-01
  1.2567E+02  5.2585E-01  1.0119E-01
  1.2602E+02  5.2567E-01  1.0144E-01
  1.2638E+02  5.2548E-01  1.0169E-01
  1.2674E+02  5.2529E-01  1.0193E-01
  1.2709E+02  5.2509E-01  1.0218E-01
  1.2745E+02  5.2489E-01  1.0242E-01
  1.2780E+02  5.2468E-01  1.0267E-01
  1.2816E+02  5.2447E-01  1.0291E-01
  1.2852E+02  5.2425E-01  1.0315E-01
  1.2887E+02  5.2403E-01  1.0339E-01
  1.2923E+02  5.2381E-01  1.0363E-01
  1.2958E+02  5.2359E-01  1.0387E-01
  1.2994E+02  5.2337E-01  1.0411E-01
  1.3030E+02  5.2314E-01  1.0435E-01
  1.3065E+02  5.2291E-01  1.0458E-01
  1.3101E+02  5.2267E-01  1.0482E-01
  1.3136E+02  5.2243E-01  1.0505E-01
  1.3172E+02  5.2219E-01  1.0528E-01
  1.3208E+02  5.2195E-01  1.0551E-01
  1.3243E+02  5.2171E-01  1.0573E-01
  1.3279E+02  5.2146E-01  1.0596E-01
  1.3314E+02  5.2122E-01  1.0619E-01
  1.3350E+02  5.2098E-01  1.0642E-01
  1.3386E+02  5.2075E-01  1.0665E-01
  1.3421E+02  5.2052E-01  1.0688E-01
  1.3457E+02  5.2029E-01  1.0712E-01
  1.3492E+02  5.2007E-01  1.0735E-01
  1.3528E+02  5.1985E-01  1.0759E-01
  1.3564E+02  5.1964E-01  1.0782E-01
  1.3599E+02  5.1943E-01  1.0806E-01
  1.3635E+02  5.1921E-01  1.0829E-01
  1.3670E+02  5.1900E-01  1.0853E-01
  1.3706E+02  5.1878E-01  1.0876E-01
  1.3742E+02  5.1856E-01  1.0899E-01
  1.3777E+02  5.1834E-01  1.0922E-01
  1.3813E+02  5.1812E-01  1.0944E-01
  1.3848E+02  5.1790E-01  1.0967E-01
  1.3884E+02  5.1768E-01  1.0990E-01
  1.3920E+02  5.1746E-01  1.1012E-01
  1.3955E+02  5.1724E-01  1.1035E-01
  1.3991E+02  5.1703E-01  1.1058E-01
  1.4026E+02  5.1681E-01  1.1081E-01
  1.4062E+02  5.1660E-01  1.1105E-01
  1.4098E+02  5.1639E-01  1.1128E-01
  1.4133E+02  5.1618E-01  1.1151E-01
  1.4169E+02  5.1597E-01  1.1174E-01
  1.4204E+02  5.1576E-01  1.1197E-01
  1.4240E+02  5.1555E-01  1.1220E-01
  1.4276E+02  5.1533E-01  1.1242E-01
  1.4311E+02  5.1511E-01  1.1265E-01
  1.4347E+02  5.1489E-01  1.1287E-01
  1.4382E+02  5.1467E-01  1.1310E-01
  1.4418E+02  5.1445E-01  1.1332E-01
  1.4454E+02  5.1422E-01  1.1355E-01
  1.4489E+02  5.1400E-01  1.1377E-01
  1.4525E+02  5.1378E-01  1.1399E-01
  1.4560E+02  5.1356E-01  1.1422E-01
  1.4596E+02  5.1335E-01  1.1445E-01
  1.4632E+02  5.1313E-01  1.1467E-01
  1.4667E+02  5.1292E-01  1.1490E-01
  1.4703E+02  5.1271E-01  1.1513E-01
  1.4738E+02  5.1251E-01  1.1536E-01
  1.4774E+02  5.1230E-01  1.1559E-01
  1.4810E+02  5.1209E-01  1.1582E-01
  1.4845E+02  5.1189E-01  1.1605E-01
  1.4881E+02  5.1167E-01  1.1628E-01
  1.4916E+02  5.1146E-01  1.1651E-01
  1.4952E+02  5.1123E-01  1.1673E-01
  1.4988E+02  5.1100E-01  1.1695E-01
  1.5023E+02  5.1077E-01  1.1717E-01
  1.5059E+02  5.1053E-01  1.1739E-01
  1.5094E+02  5.1029E-01  1.1761E-01
  1.5130E+02  5.1004E-01  1.1782E-01
  1.5166E+02  5.0979E-01  1.1804E-01
  1.5201E+02  5.0955E-01  1.1826E-01
  1.5237E+02  5.0930E-01  1.1848E-01
  1.5272E+02  5.0905E-01  1.1870E-01
  1.5308E+02  5.0881E-01  1.1892E-01
  1.5344E+02  5.0856E-01  1.1914E-01
  1.5379E+02  5.0832E-01  1.1936E-01
  1.5415E+02  5.0808E-01  1.1958E-01
  1.5450E+02  5.0784E-01  1.1980E-01
  1.5486E+02  5.0760E-01  1.2002E-01
  1.5522E+02  5.0737E-01  1.2024E-01
  1.5557E+02  5.0713E-01  1.2046E-01
  1.5593E+02  5.0690E-01  1.2068E-01
  1.5628E+02  5.0666E-01  1.2090E-01
  1.5664E+02  5.0643E-01  1.2113E-01
  1.5700E+02  5.0620E-01  1.2135E-01
  1.5735E+02  5.0597E-01  1.2157E-01
  1.5771E+02  5.0573E-01  1.2179E-01
  1.5806E+02  5.0550E-01  1.2201E-01
  1.5842E+02  5.0526E-01  1.2223E-01
  1.5878E+02  5.0503E-01  1.2245E-01
  1.5913E+02  5.0479E-01  1.2267E-01
  1.5949E+02  5.0455E-01  1.2289E-01
  1.5984E+02  5.0430E-01  1.2310E-01
  1.6020E+02  5.0406E-01  1.2332E-01
  1.6056E+02  5.0382E-01  1.2353E-01
  1.6091E+02  5.0357E-01  1.2375E-01
  1.6127E+02  5.0333E-01  1.2397E-01
  1.6162E+02  5.0309E-01  1.2418E-01
  1.6198E+02  5.0284E-01  1.2440E-01
  1.6234E+02  5.0260E-01  1.2462E-01
  1.6269E+02  5.0236E-01  1.2483E-01
  1.6305E+02  5.0211E-01  1.2505E-01
  1.6340E+02  5.0187E-01  1.2527E-01
  1.6376E+02  5.0162E-01  1.2548E-01
  1.6412E+02  5.0137E-01  1.2570E-01
  1.6447E+02  5.0112E-01  1.2591E-01
  1.6483E+02  5.0087E-01  1.2612E-01
  1.6518E+02  5.0062E-01  1.2633E-01
  1.6554E+02  5.0037E-01  1.2654E-01
  1.6590E+02  5.0012E-01  1.2675E-01
  1.6625E+02  4.9987E-01  1.2696E-01
  1.6661E+02  4.9961E-01  1.2717E-01
  1.6696E+02  4.9936E-01  1.2738E-01
  1.6732E+02  4.9911E-01  1.2759E-01
  1.6768E+02  4.9886E-01  1.2780E-01
  1.6803E+02  4.9861E-01  1.2801E-01
  1.6839E+02  4.9837E-01  1.2823E-01
  1.6874E+02  4.9812E-01  1.2844E-01
  1.6910E+02  4.9787E-01  1.2865E-01
  1.6946E+02  4.9762E-01  1.2886E-01
  1.6981E+02  4.9737E-01  1.2907E-01
  1.7017E+02  4.9712E-01  1.2928E-01
  1.7052E+02  4.9687E-01  1.2950E-01
  1.7088E+02  4.9662E-01  1.2970E-01
  1.7124E+02  4.9636E-01  1.2991E-01
  1.7159E+02  4.9610E-01  1.3012E-01
  1.7195E+02  4.9584E-01  1.3033E-01
  1.7230E+02  4.9558E-01  1.3053E-01
  1.7266E+02  4.9532E-01  1.3074E-01
  1.7302E+02  4.9506E-01  1.3095E-01
  1.7337E+02  4.9480E-01  1.3115E-01
  1.7373E+02  4.9454E-01  1.3136E-01
  1.7408E+02  4.9428E-01  1.3156E-01
  1.7444E+02  4.9401E-01  1.3177E-01
  1.7480E+02  4.9375E-01  1.3197E-01
  1.7515E+02  4.9349E-01  1.3218E-01
  1.7551E+02  4.9323E-01  1.3239E-01
  1.7586E+02  4.9297E-01  1.3259E-01
  1.7622E+02  4.9271E-01  1.3280E-01
  1.7658E+02  4.9245E-01  1.3301E-01
  1.7693E+02  4.9219E-01  1.3322E-01
  1.7729E+02  4.9193E-01  1.3342E-01
  1.7764E+02  4.9166E-01  1.3363E-01
  1.7800E+02  4.9140E-01  1.3384E-01
  1.7836E+02  4.9113E-01  1.3404E-01
  1.7871E+02  4.9086E-01  1.3424E-01
  1.7907E+02  4.9059E-01  1.3445E-01
  1.7942E+02  4.9032E-01  1.3465E-01
  1.7978E+02  4.9005E-01  1.3485E-01
  1.8014E+02  4.8977E-01  1.3505E-01
  1.8049E+02  4.8950E-01  1.3524E-01
  1.8085E+02  4.8923E-01  1.3544E-01
  1.8120E+02  4.8896E-01  1.3564E-01
  1.8156E+02  4.8869E-01  1.3584E-01
  1.8192E+02  4.8842E-01  1.3604E-01
  1.8227E+02  4.8816E-01  1.3624E-01
  1.8263E+02  4.8789E-01  1.3644E-01
  1.8298E+02  4.8763E-01  1.3664E-01
  1.8334E+02  4.8737E-01  1.3684E-01
  1.8370E+02  4.8712E-01  1.3704E-01
  1.8405E+02  4.8686E-01  1.3724E-01
  1.8441E+02  4.8661E-01  1.3744E-01
  1.8476E+02  4.8635E-01  1.3765E-01
  1.8512E+02  4.8610E-01  1.3785E-01
  1.8548E+02  4.8584E-01  1.3805E-01
  1.8583E+02  4.8558E-01  1.3824E-01
  1.8619E+02  4.8533E-01  1.3844E-01
  1.8654E+02  4.8507E-01  1.3864E-01
  1.8690E+02  4.8481E-01  1.3884E-01
  1.8726E+02  4.8456E-01  1.3904E-01
  1.8761E+02  4.8430E-01  1.3924E-01
  1.8797E+02  4.8404E-01  1.3943E-01
  1.8832E+02  4.8379E-01  1.3963E-01
  1.8868E+02  4.8353E-01  1.3982E-01
  1.8904E+02  4.8327E-01  1.4002E-01
  1.8939E+02  4.8301E-01  1.4021E-01
  1.8975E+02  4.8275E-01  1.4041E-01
  1.9010E+02  4.8248E-01  1.4060E-01
  1.9046E+02  4.8222E-01  1.4079E-01
  1.9082E+02  4.8196E-01  1.4098E-01
  1.9117E+02  4.8169E-01  1.4117E-01
  1.9153E+02  4.8142E-01  1.4136E-01
  1.9188E+02  4.8116E-01  1.4155E-01
  1.9224E+02  4.8089E-01  1.4174E-01
  1.9260E+02  4.8062E-01  1.4193E-01
  1.9295E+02  4.8036E-01  1.4212E-01
  1.9331E+02  4.8009E-01  1.4231E-01
  1.9366E+02  4.7982E-01  1.4250E-01
  1.9402E+02  4.7955E-01  1.4269E-01
  1.9438E+02  4.7928E-01  1.4288E-01
  1.9473E+02  4.7900E-01  1.4307E-01
  1.9509E+02  4.7873E-01  1.4326E-01
  1.9544E+02  4.7845E-01  1.4344E-01
  1.9580E+02  4.7818E-01  1.4363E-01
  1.9616E+02  4.7790E-01  1.4382E-01
  1.9651E+02  4.7762E-01  1.4401E-01
  1.9687E+02  4.7734E-01  1.4419E-01
  1.9722E+02  4.7705E-01  1.4438E-01
  1.9758E+02  4.7677E-01  1.4456E-01
  1.9794E+02  4.7648E-01  1.4475E-01
  1.9829E+02  4.7619E-01  1.4493E-01
  1.9865E+02  4.7589E-01  1.4511E-01
  1.9900E+02  4.7560E-01  1.4529E-01
  1.9936E+02  4.7531E-01  1.4548E-01
  1.9972E+02  4.7501E-01  1.4566E-01
  2.0007E+02  4.7472E-01  1.4584E-01
  2.0043E+02  4.7442E-01  1.4602E-01
  2.0078E+02  4.7413E-01  1.4621E-01
  2.0114E+02  4.7383E-01  1.4639E-01
  2.0150E+02  4.7354E-01  1.4657E-01
  2.0185E+02  4.7325E-01  1.4676E-01
  2.0221E+02  4.7296E-01  1.4694E-01
  2.0256E+02  4.7267E-01  1.4712E-01
  2.0292E+02  4.7239E-01  1.4731E-01
  2.0328E+02  4.7210E-01  1.4749E-01
  2.0363E+02  4.7181E-01  1.4768E-01
  2.0399E+02  4.7153E-01  1.4786E-01
  2.0434E+02  4.7125E-01  1.4804E-01
  2.0470E+02  4.7096E-01  1.4823E-01
  2.0506E+02  4.7068E-01  1.4841E-01
  2.0541E+02  4.7040E-01  1.4860E-01
  2.0577E+02  4.7013E-01  1.4878E-01
  2.0612E+02  4.6985E-01  1.4897E-01
  2.0648E+02  4.6957E-01  1.4915E-01
  2.0684E+02  4.6930E-01  1.4933E-01
  2.0719E+02  4.6903E-01  1.4952E-01
  2.0755E+02  4.6876E-01  1.4970E-01
  2.0790E+02  4.6849E-01  1.4989E-01
  2.0826E+02  4.6823E-01  1.5008E-01
  2.0862E+02  4.6796E-01  1.5026E-01
  2.0897E+02  4.6770E-01  1.5045E-01
  2.0933E+02  4.6744E-01  1.5063E-01
  2.0968E+02  4.6718E-01  1.5082E-01
  2.1004E+02  4.6692E-01  1.5100E-01
  2.1040E+02  4.6666E-01  1.5119E-01
  2.1075E+02  4.6641E-01  1.5138E-01
  2.1111E+02  4.6615E-01  1.5156E-01
  2.1146E+02  4.6590E-01  1.5175E-01
  2.1182E+02  4.6565E-01  1.5193E-01
  2.1218E+02  4.6540E-01  1.5212E-01
  2.1253E+02  4.6514E-01  1.5230E-01
  2.1289E+02  4.6489E-01  1.5249E-01
  2.1324E+02  4.6464E-01  1.5267E-01
  2.1360E+02  4.6439E-01  1.5286E-01
  2.1396E+02  4.6414E-01  1.5304E-01
  2.1431E+02  4.6389E-01  1.5322E-01
  2.1467E+02  4.6364E-01  1.5341E-01
  2.1502E+02  4.6339E-01  1.5359E-01
  2.1538E+02  4.6314E-01  1.5377E-01
  2.1574E+02  4.6289E-01  1.5395E-01
  2.1609E+02  4.6264E-01  1.5414E-01
  2.1645E+02  4.6238E-01  1.5432E-01
  2.1680E+02  4.6213E-01  1.5450E-01
  2.1716E+02  4.6188E-01  1.5468E-01
  2.1752E+02  4.6162E-01  1.5486E-01
  2.1787E+02  4.6136E-01  1.5504E-01
  2.1823E+02  4.6110E-01  1.5522E-01
  2.1858E+02  4.6084E-01  1.5539E-01
  2.1894E+02  4.6058E-01  1.5557E-01
  2.1930E+02  4.6032E-01  1.5575E-01
  2.1965E+02  4.6006E-01  1.5592E-01
  2.2001E+02  4.5979E-01  1.5610E-01
  2.2036E+02  4.5953E-01  1.5628E-01
  2.2072E+02  4.5926E-01  1.5645E-01
  2.2108E+02  4.5899E-01  1.5662E-01
  2.2143E+02  4.5872E-01  1.5680E-01
  2.2179E+02  4.5845E-01  1.5697E-01
  2.2214E+02  4.5818E-01  1.5714E-01
  2.2250E+02  4.5790E-01  1.5731E-01
  2.2286E+02  4.5763E-01  1.5749E-01
  2.2321E+02  4.5736E-01  1.5766E-01
  2.2357E+02  4.5708E-01  1.5783E-01
  2.2392E+02  4.5681E-01  1.5800E-01
  2.2428E+02  4.5653E-01  1.5817E-01
  2.2464E+02  4.5625E-01  1.5834E-01
  2.2499E+02  4.5598E-01  1.5850E-01
  2.2535E+02  4.5570E-01  1.5867E-01
  2.2570E+02  4.5542E-01  1.5884E-01
  2.2606E+02  4.5515E-01  1.5901E-01
  2.2642E+02  4.5487E-01  1.5917E-01
  2.2677E+02  4.5459E-01  1.5934E-01
  2.2713E+02  4.5432E-01  1.5951E-01
  2.2748E+02  4.5404E-01  1.5968E-01
  2.2784E+02  4.5376E-01  1.5984E-01
  2.2820E+02  4.5349E-01  1.6001E-01
  2.2855E+02  4.5322E-01  1.6018E-01
  2.2891E+02  4.5294E-01  1.6034E-01
  2.2926E+02  4.5267E-01  1.6051E-01
  2.2962E+02  4.5240E-01  1.6067E-01
  2.2998E+02  4.5213E-01  1.6084E-01
  2.3033E+02  4.5186E-01  1.6101E-01
  2.3069E+02  4.5159E-01  1.6117E-01
  2.3104E+02  4.5133E-01  1.6134E-01
  2.3140E+02  4.5106E-01  1.6151E-01
  2.3176E+02  4.5080E-01  1.6168E-01
  2.3211E+02  4.5054E-01  1.6184E-01
  2.3247E+02  4.5027E-01  1.6201E-01
  2.3282E+02  4.5002E-01  1.6218E-01
  2.3318E+02  4.4976E-01  1.6234E-01
  2.3354E+02  4.4950E-01  1.6251E-01
  2.3389E+02  4.4924E-01  1.6268E-01
  2.3425E+02  4.4899E-01  1.6285E-01
  2.3460E+02  4.4874E-01  1.6301E-01
  2.3496E+02  4.4849E-01  1.6318E-01
  2.3532E+02  4.4824E-01  1.6335E-01
  2.3567E+02  4.4799E-01  1.6352E-01
  2.3603E+02  4.4774E-01  1.6369E-01
  2.3638E+02  4.4749E-01  1.6386E-01
  2.3674E+02  4.4725E-01  1.6403E-01
  2.3710E+02  4.4700E-01  1.6420E-01
  2.3745E+02  4.4676E-01  1.6437E-01
  2.3781E+02  4.4652E-01  1.6454E-01
  2.3816E+02  4.4627E-01  1.6471E-01
  2.3852E+02  4.4603E-01  1.6489E-01
  2.3888E+02  4.4579E-01  1.6506E-01
  2.3923E+02  4.4555E-01  1.6523E-01
  2.3959E+02  4.4531E-01  1.6540E-01
  2.3994E+02  4.4507E-01  1.6557E-01
  2.4030E+02  4.4482E-01  1.6574E-01
  2.4066E+02  4.4458E-01  1.6591E-01
  2.4101E+02  4.4434E-01  1.6608E-01
  2.4137E+02  4.4410E-01  1.6625E-01
  2.4172E+02  4.4386E-01  1.6642E-01
  2.4208E+02  4.4362E-01  1.6659E-01
  2.4244E+02  4.4338E-01  1.6676E-01
  2.4279E+02  4.4314E-01  1.6693E-01
  2.4315E+02  4.4290E-01  1.6709E-01
  2.4350E+02  4.4266E-01  1.6726E-01
  2.4386E+02  4.4242E-01  1.6743E-01
  2.4422E+02  4.4218E-01  1.6760E-01
  2.4457E+02  4.4194E-01  1.6777E-01
  2.4493E+02  4.4169E-01  1.6793E-01
  2.4528E+02  4.4145E-01  1.6810E-01
  2.4564E+02  4.4120E-01  1.6827E-01
  2.4600E+02  4.4096E-01  1.6843E-01
  2.4635E+02  4.4071E-01  1.6860E-01
  2.4671E+02  4.4046E-01  1.6876E-01
  2.4706E+02  4.4021E-01  1.6893E-01
  2.4742E+02  4.3996E-01  1.6909E-01
  2.4778E+02  4.3971E-01  1.6925E-01
  2.4813E+02  4.3946E-01  1.6941E-01
  2.4849E+02  4.3921E-01  1.6957E-01
  2.4884E+02  4.3896E-01  1.6973E-01
  2.4920E+02  4.3871E-01  1.6989E-01
  2.4956E+02  4.3846E-01  1.7005E-01
  2.4991E+02  4.3820E-01  1.7021E-01
  2.5027E+02  4.3795E-01  1.7037E-01
  2.5062E+02  4.3769E-01  1.7053E-01
  2.5098E+02  4.3744E-01  1.7068E-01
  2.5134E+02  4.3718E-01  1.7084E-01
  2.5169E+02  4.3692E-01  1.7100E-01
  2.5205E+02  4.3666E-01  1.7115E-01
  2.5240E+02  4.3641E-01  1.7131E-01
  2.5276E+02  4.3615E-01  1.7146E-01
  2.5312E+02  4.3589E-01  1.7161E-01
  2.5347E+02  4.3563E-01  1.7177E-01
  2.5383E+02  4.3537E-01  1.7192E-01
  2.5418E+02  4.3511E-01  1.7207E-01
  2.5454E+02  4.3485E-01  1.7223E-01
  2.5490E+02  4.3458E-01  1.7238E-01
  2.5525E+02  4.3432E-01  1.7253E-01
  2.5561E+02  4.3406E-01  1.7268E-01
  2.5596E+02  4.3380E-01  1.7283E-01
  2.5632E+02  4.3354E-01  1.7298E-01
  2.5668E+02  4.3327E-01  1.7313E-01
  2.5703E+02  4.3301E-01  1.7328E-01
  2.5739E+02  4.3275E-01  1.7343E-01
  2.5774E+02  4.3248E-01  1.7358E-01
  2.5810E+02  4.3222E-01  1.7373E-01
  2.5846E+02  4.3196E-01  1.7388E-01
  2.5881E+02  4.3170E-01  1.7403E-01
  2.5917E+02  4.3143E-01  1.7418E-01
  2.5952E+02  4.3117E-01  1.7433E-01
  2.5988E+02  4.3091E-01  1.7447E-01
  2.6024E+02  4.3065E-01  1.7462E-01
  2.6059E+02  4.3039E-01  1.7477E-01
  2.6095E+02  4.3013E-01  1.7492E-01
  2.6130E+02  4.2987E-01  1.7507E-01
  2.6166E+02  4.2961E-01  1.7522E-01
  2.6202E+02  4.2935E-01  1.7537E-01
  2.6237E+02  4.2909E-01  1.7552E-01
  2.6273E+02  4.2883E-01  1.7567E-01
  2.6308E+02  4.2857E-01  1.7582E-01
  2.6344E+02  4.2832E-01  1.7597E-01
  2.6380E+02  4.2806E-01  1.7612E-01
  2.6415E+02  4.2780E-01  1.7627E-01
  2.6451E+02  4.2755E-01  1.7642E-01
  2.6486E+02  4.2730E-01  1.7657E-01
  2.6522E+02  4.2704E-01  1.7672E-01
  2.6558E+02  4.2679E-01  1.7686E-01
  2.6593E+02  4.2654E-01  1.7701E-01
  2.6629E+02  4.2629E-01  1.7716E-01
  2.6664E+02  4.2604E-01  1.7731E-01
  2.6700E+02  4.2579E-01  1.7746E-01
  2.6736E+02  4.2554E-01  1.7761E-01
  2.6771E+02  4.2529E-01  1.7776E-01
  2.6807E+02  4.2504E-01  1.7791E-01
  2.6842E+02  4.2480E-01  1.7806E-01
  2.6878E+02  4.2455E-01  1.7821E-01
  2.6914E+02  4.2431E-01  1.7836E-01
  2.6949E+02  4.2406E-01  1.7851E-01
  2.6985E+02  4.2382E-01  1.7866E-01
  2.7020E+02  4.2357E-01  1.7881E-01
  2.7056E+02  4.2333E-01  1.7896E-01
  2.7092E+02  4.2309E-01  1.7911E-01
  2.7127E+02  4.2285E-01  1.7926E-01
  2.7163E+02  4.2261E-01  1.7941E-01
  2.7198E+02  4.2237E-01  1.7955E-01
  2.7234E+02  4.2213E-01  1.7970E-01
  2.7270E+02  4.2189E-01  1.7985E-01
  2.7305E+02  4.2165E-01  1.8000E-01
  2.7341E+02  4.2141E-01  1.8014E-01
  2.7376E+02  4.2118E-01  1.8029E-01
  2.7412E+02  4.2094E-01  1.8044E-01
  2.7448E+02  4.2070E-01  1.8058E-01
  2.7483E+02  4.2046E-01  1.8073E-01
  2.7519E+02  4.2023E-01  1.8087E-01
  2.7554E+02  4.1999E-01  1.8102E-01
  2.7590E+02  4.1976E-01  1.8117E-01
  2.7626E+02  4.1952E-01  1.8131E-01
  2.7661E+02  4.1928E-01  1.8145E-01
  2.7697E+02  4.1905E-01  1.8160E-01
  2.7732E+02  4.1881E-01  1.8174E-01
  2.7768E+02  4.1858E-01  1.8188E-01
  2.7804E+02  4.1834E-01  1.8203E-01
  2.7839E+02  4.1811E-01  1.8217E-01
  2.7875E+02  4.1787E-01  1.8231E-01
  2.7910E+02  4.1764E-01  1.8245E-01
  2.7946E+02  4.1740E-01  1.8260E-01
  2.7982E+02  4.1717E-01  1.8274E-01
  2.8017E+02  4.1693E-01  1.8288E-01
  2.8053E+02  4.1670E-01  1.8302E-01
  2.8088E+02  4.1646E-01  1.8316E-01
  2.8124E+02  4.1623E-01  1.8330E-01
  2.8160E+02  4.1599E-01  1.8344E-01
  2.8195E+02  4.1575E-01  1.8358E-01
  2.8231E+02  4.1552E-01  1.8372E-01
  2.8266E+02  4.1528E-01  1.8386E-01
  2.8302E+02  4.1505E-01  1.8399E-01
  2.8338E+02  4.1481E-01  1.8413E-01
  2.8373E+02  4.1457E-01  1.8427E-01
  2.8409E+02  4.1433E-01  1.8441E-01
  2.8444E+02  4.1410E-01  1.8454E-01
  2.8480E+02  4.1386E-01  1.8468E-01
  2.8516E+02  4.1362E-01  1.8482E-01
  2.8551E+02  4.1338E-01  1.8496E-01
  2.8587E+02  4.1314E-01  1.8509E-01
  2.8622E+02  4.1290E-01  1.8523E-01
  2.8658E+02  4.1266E-01  1.8536E-01
  2.8694E+02  4.1242E-01  1.8550E-01
  2.8729E+02  4.1218E-01  1.8563E-01
  2.8765E+02  4.1194E-01  1.8577E-01
  2.8800E+02  4.1170E-01  1.8590E-01
  2.8836E+02  4.1146E-01  1.8604E-01
  2.8872E+02  4.1121E-01  1.8617E-01
  2.8907E+02  4.1097E-01  1.8631E-01
  2.8943E+02  4.1073E-01  1.8644E-01
  2.8978E+02  4.1048E-01  1.8658E-01
  2.9014E+02  4.1024E-01  1.8671E-01
  2.9050E+02  4.0999E-01  1.8685E-01
  2.9085E+02  4.0974E-01  1.8698E-01
  2.9121E+02  4.0950E-01  1.8711E-01
  2.9156E+02  4.0925E-01  1.8725E-01
  2.9192E+02  4.0900E-01  1.8738E-01
  2.9228E+02  4.0875E-01  1.8751E-01
  2.9263E+02  4.0851E-01  1.8764E-01
  2.9299E+02  4.0826E-01  1.8778E-01
  2.9334E+02  4.0801E-01  1.8791E-01
  2.9370E+02  4.0776E-01  1.8804E-01
  2.9406E+02  4.0751E-01  1.8817E-01
  2.9441E+02  4.0726E-01  1.8830E-01
  2.9477E+02  4.0700E-01  1.8844E-01
  2.9512E+02  4.0675E-01  1.8857E-01
  2.9548E+02  4.0650E-01  1.8870E-01
  2.9584E+02  4.0625E-01  1.8883E-01
  2.9619E+02  4.0600E-01  1.8896E-01
  2.9655E+02  4.0574E-01  1.8909E-01
  2.9690E+02  4.0549E-01  1.8922E-01
  2.9726E+02  4.0524E-01  1.8936E-01
  2.9762E+02  4.0499E-01  1.8949E-01
  2.9797E+02  4.0473E-01  1.8962E-01
  2.9833E+02  4.0448E-01  1.8975E-01
  2.9868E+02  4.0423E-01  1.8988E-01
  2.9904E+02  4.0397E-01  1.9001E-01
  2.9940E+02  4.0372E-01  1.9014E-01
  2.9975E+02  4.0347E-01  1.9027E-01
  3.0011E+02  4.0321E-01  1.9040E-01
  3.0046E+02  4.0296E-01  1.9053E-01
  3.0082E+02  4.0271E-01  1.9066E-01
  3.0118E+02  4.0246E-01  1.9079E-01
  3.0153E+02  4.0221E-01  1.9091E-01
  3.0189E+02  4.0195E-01  1.9104E-01
  3.0224E+02  4.0170E-01  1.9117E-01
  3.0260E+02  4.0145E-01  1.9130E-01
  3.0296E+02  4.0120E-01  1.9143E-01
  3.0331E+02  4.0095E-01  1.9156E-01
  3.0367E+02  4.0070E-01  1.9169E-01
  3.0402E+02  4.0045E-01  1.9181E-01
  3.0438E+02  4.0020E-01  1.9194E-01
  3.0474E+02  3.9995E-01  1.9207E-01
  3.0509E+02  3.9970E-01  1.9220E-01
  3.0545E+02  3.9945E-01  1.9233E-01
  3.0580E+02  3.9921E-01  1.9245E-01
  3.0616E+02  3.9896E-01  1.9258E-01
  3.0652E+02  3.9871E-01  1.9271E-01
  3.0687E+02  3.9847E-01  1.9283E-01
  3.0723E+02  3.9822E-01  1.9296E-01
  3.0758E+02  3.9798E-01  1.9309E-01
  3.0794E+02  3.9773E-01  1.9321E-01
  3.0830E+02  3.9749E-01  1.9334E-01
  3.0865E+02  3.9725E-01  1.9346E-01
  3.0901E+02  3.9701E-01  1.9359E-01
  3.0936E+02  3.9676E-01  1.9372E-01
  3.0972E+02  3.9652E-01  1.9384E-01
  3.1008E+02  3.9628E-01  1.9397E-01
  3.1043E+02  3.9604E-01  1.9409E-01
  3.1079E+02  3.9580E-01  1.9421E-01
  3.1114E+02  3.9557E-01  1.9434E-01
  3.1150E+02  3.9533E-01  1.9446E-01
  3.1186E+02  3.9509E-01  1.9459E-01
  3.1221E+02  3.9485E-01  1.9471E-01
  3.1257E+02  3.9462E-01  1.9483E-01
  3.1292E+02  3.9438E-01  1.9496E-01
  3.1328E+02  3.9415E-01  1.9508E-01
  3.1364E+02  3.9392E-01  1.9520E-01
  3.1399E+02  3.9368E-01  1.9532E-01
  3.1435E+02  3.9345E-01  1.9545E-01
  3.1470E+02  3.9322E-01  1.9557E-01
  3.1506E+02  3.9299E-01  1.9569E-01
  3.1542E+02  3.9276E-01  1.9581E-01
  3.1577E+02  3.9252E-01  1.9593E-01
  3.1613E+02  3.9230E-01  1.9605E-01
  3.1648E+02  3.9207E-01  1.9618E-01
  3.1684E+02  3.9184E-01  1.9630E-01
  3.1720E+02  3.9161E-01  1.9642E-01
  3.1755E+02  3.9138E-01  1.9654E-01
  3.1791E+02  3.9115E-01  1.9666E-01
  3.1826E+02  3.9092E-01  1.9678E-01
  3.1862E+02  3.9070E-01  1.9690E-01
  3.1898E+02  3.9047E-01  1.9702E-01
  3.1933E+02  3.9024E-01  1.9714E-01
  3.1969E+02  3.9002E-01  1.9725E-01
  3.2004E+02  3.8979E-01  1.9737E-01
  3.2040E+02  3.8956E-01  1.9749E-01
  3.2076E+02  3.8934E-01  1.9761E-01
  3.2111E+02  3.8911E-01  1.9773E-01
  3.2147E+02  3.8888E-01  1.9785E-01
  3.2182E+02  3.8866E-01  1.9796E-01
  3.2218E+02  3.8843E-01  1.9808E-01
  3.2254E+02  3.8820E-01  1.9820E-01
  3.2289E+02  3.8798E-01  1.9832E-01
  3.2325E+02  3.8775E-01  1.9843E-01
  3.2360E+02  3.8752E-01  1.9855E-01
  3.2396E+02  3.8730E-01  1.9867E-01
  3.2432E+02  3.8707E-01  1.9878E-01
  3.2467E+02  3.8684E-01  1.9890E-01
  3.2503E+02  3.8661E-01  1.9901E-01
  3.2538E+02  3.8638E-01  1.9913E-01
  3.2574E+02  3.8615E-01  1.9925E-01
  3.2610E+02  3.8592E-01  1.9936E-01
  3.2645E+02  3.8569E-01  1.9948E-01
  3.2681E+02  3.8546E-01  1.9959E-01
  3.2716E+02  3.8523E-01  1.9971E-01
  3.2752E+02  3.8500E-01  1.9982E-01
  3.2788E+02  3.8477E-01  1.9994E-01
  3.2823E+02  3.8454E-01  2.0005E-01
  3.2859E+02  3.8430E-01  2.0017E-01
  3.2894E+02  3.8407E-01  2.0028E-01
  3.2930E+02  3.8384E-01  2.0039E-01
  3.2966E+02  3.8360E-01  2.0051E-01
  3.3001E+02  3.8337E-01  2.0062E-01
  3.3037E+02  3.8313E-01  2.0074E-01
  3.3072E+02  3.8289E-01  2.0085E-01
  3.3108E+02  3.8266E-01  2.0096E-01
  3.3144E+02  3.8242E-01  2.0108E-01
  3.3179E+02  3.8218E-01  2.0119E-01
  3.3215E+02  3.8194E-01  2.0130E-01
  3.3250E+02  3.8170E-01  2.0142E-01
  3.3286E+02  3.8146E-01  2.0153E-01
  3.3322E+02  3.8122E-01  2.0164E-01
  3.3357E+02  3.8098E-01  2.0175E-01
  3.3393E+02  3.8074E-01  2.0187E-01
  3.3428E+02  3.8050E-01  2.0198E-01
  3.3464E+02  3.8026E-01  2.0209E-01
  3.3500E+02  3.8001E-01  2.0220E-01
  3.3535E+02  3.7977E-01  2.0231E-01
  3.3571E+02  3.7953E-01  2.0243E-01
  3.3606E+02  3.7928E-01  2.0254E-01
  3.3642E+02  3.7904E-01  2.0265E-01
  3.3678E+02  3.7879E-01  2.0276E-01
  3.3713E+02  3.7854E-01  2.0287E-01
  3.3749E+02  3.7830E-01  2.0298E-01
  3.3784E+02  3.7805E-01  2.0309E-01
  3.3820E+02  3.7780E-01  2.0320E-01
  3.3856E+02  3.7756E-01  2.0331E-01
  3.3891E+02  3.7731E-01  2.0342E-01
  3.3927E+02  3.7706E-01  2.0353E-01
  3.3962E+02  3.7681E-01  2.0364E-01
  3.3998E+02  3.7656E-01  2.0375E-01
  3.4034E+02  3.7631E-01  2.0386E-01
  3.4069E+02  3.7606E-01  2.0397E-01
  3.4105E+02  3.7581E-01  2.0408E-01
  3.4140E+02  3.7556E-01  2.0419E-01
  3.4176E+02  3.7531E-01  2.0429E-01
  3.4212E+02  3.7505E-01  2.0440E-01
  3.4247E+02  3.7480E-01  2.0451E-01
  3.4283E+02  3.7455E-01  2.0462E-01
  3.4318E+02  3.7430E-01  2.0472E-01
  3.4354E+02  3.7405E-01  2.0483E-01
  3.4390E+02  3.7379E-01  2.0494E-01
  3.4425E+02  3.7354E-01  2.0504E-01
  3.4461E+02  3.7329E-01  2.0515E-01
  3.4496E+02  3.7303E-01  2.0526E-01
  3.4532E+02  3.7278E-01  2.0536E-01
  3.4568E+02  3.7253E-01  2.0547E-01
  3.4603E+02  3.7228E-01  2.0557E-01
  3.4639E+02  3.7202E-01  2.0568E-01
  3.4674E+02  3.7177E-01  2.0578E-01
  3.4710E+02  3.7152E-01  2.0589E-01
  3.4746E+02  3.7126E-01  2.0599E-01
  3.4781E+02  3.7101E-01  2.0610E-01
  3.4817E+02  3.7076E-01  2.0620E-01
  3.4852E+02  3.7051E-01  2.0631E-01
  3.4888E+02  3.7025E-01  2.0641E-01
  3.4924E+02  3.7000E-01  2.0651E-01
  3.4959E+02  3.6975E-01  2.0662E-01
  3.4995E+02  3.6950E-01  2.0672E-01
  3.5030E+02  3.6925E-01  2.0682E-01
  3.5066E+02  3.6899E-01  2.0693E-01
  3.5102E+02  3.6874E-01  2.0703E-01
  3.5137E+02  3.6849E-01  2.0713E-01
  3.5173E+02  3.6824E-01  2.0723E-01
  3.5208E+02  3.6799E-01  2.0734E-01
  3.5244E+02  3.6775E-01  2.0744E-01
  3.5280E+02  3.6750E-01  2.0754E-01
  3.5315E+02  3.6725E-01  2.0764E-01
  3.5351E+02  3.6700E-01  2.0774E-01
  3.5386E+02  3.6675E-01  2.0784E-01
  3.5422E+02  3.6651E-01  2.0794E-01
  3.5458E+02  3.6626E-01  2.0804E-01
  3.5493E+02  3.6602E-01  2.0814E-01
  3.5529E+02  3.6577E-01  2.0824E-01
  3.5564E+02  3.6553E-01  2.0834E-01
  3.5600E+02  3.6528E-01  2.0844E-01
  3.5636E+02  3.6504E-01  2.0854E-01
  3.5671E+02  3.6480E-01  2.0864E-01
  3.5707E+02  3.6455E-01  2.0874E-01
  3.5742E+02  3.6431E-01  2.0884E-01
  3.5778E+02  3.6407E-01  2.0894E-01
  3.5814E+02  3.6383E-01  2.0904E-01
  3.5849E+02  3.6359E-01  2.0914E-01
  3.5885E+02  3.6335E-01  2.0924E-01
  3.5920E+02  3.6311E-01  2.0934E-01
  3.5956E+02  3.6287E-01  2.0944E-01
  3.5992E+02  3.6263E-01  2.0953E-01
  3.6027E+02  3.6240E-01  2.0963E-01
  3.6063E+02  3.6216E-01  2.0973E-01
  3.6098E+02  3.6192E-01  2.0983E-01
  3.6134E+02  3.6169E-01  2.0992E-01
  3.6170E+02  3.6145E-01  2.1002E-01
  3.6205E+02  3.6122E-01  2.1012E-01
  3.6241E+02  3.6098E-01  2.1022E-01
  3.6276E+02  3.6075E-01  2.1031E-01
  3.6312E+02  3.6051E-01  2.1041E-01
  3.6348E+02  3.6028E-01  2.1051E-01
  3.6383E+02  3.6004E-01  2.1060E-01
  3.6419E+02  3.5981E-01  2.1070E-01
  3.6454E+02  3.5958E-01  2.1079E-01
  3.6490E+02  3.5935E-01  2.1089E-01
  3.6526E+02  3.5911E-01  2.1098E-01
  3.6561E+02  3.5888E-01  2.1108E-01
  3.6597E+02  3.5865E-01  2.1118E-01
  3.6632E+02  3.5842E-01  2.1127E-01
  3.6668E+02  3.5819E-01  2.1137E-01
  3.6704E+02  3.5795E-01  2.1146E-01
  3.6739E+02  3.5772E-01  2.1155E-01
  3.6775E+02  3.5749E-01  2.1165E-01
  3.6810E+02  3.5726E-01  2.1174E-01
  3.6846E+02  3.5703E-01  2.1184E-01
  3.6882E+02  3.5680E-01  2.1193E-01
  3.6917E+02  3.5657E-01  2.1202E-01
  3.6953E+02  3.5634E-01  2.1212E-01
  3.6988E+02  3.5610E-01  2.1221E-01
  3.7024E+02  3.5587E-01  2.1230E-01
  3.7060E+02  3.5564E-01  2.1240E-01
  3.7095E+02  3.5541E-01  2.1249E-01
  3.7131E+02  3.5518E-01  2.1258E-01
  3.7166E+02  3.5495E-01  2.1267E-01
  3.7202E+02  3.5472E-01  2.1277E-01
  3.7238E+02  3.5448E-01  2.1286E-01
  3.7273E+02  3.5425E-01  2.1295E-01
  3.7309E+02  3.5402E-01  2.1304E-01
  3.7344E+02  3.5379E-01  2.1313E-01
  3.7380E+02  3.5356E-01  2.1322E-01
  3.7416E+02  3.5332E-01  2.1331E-01
  3.7451E+02  3.5309E-01  2.1340E-01
  3.7487E+02  3.5286E-01  2.1349E-01
  3.7522E+02  3.5262E-01  2.1359E-01
  3.7558E+02  3.5239E-01  2.1368E-01
  3.7594E+02  3.5216E-01  2.1377E-01
  3.7629E+02  3.5193E-01  2.1385E-01
  3.7665E+02  3.5169E-01  2.1394E-01
  3.7700E+02  3.5146E-01  2.1403E-01
  3.7736E+02  3.5122E-01  2.1412E-01
  3.7772E+02  3.5099E-01  2.1421E-01
  3.7807E+02  3.5076E-01  2.1430E-01
  3.7843E+02  3.5052E-01  2.1439E-01
  3.7878E+02  3.5029E-01  2.1448E-01
  3.7914E+02  3.5006E-01  2.1457E-01
  3.7950E+02  3.4982E-01  2.1465E-01
  3.7985E+02  3.4959E-01  2.1474E-01
  3.8021E+02  3.4935E-01  2.1483E-01
  3.8056E+02  3.4912E-01  2.1492E-01
  3.8092E+02  3.4888E-01  2.1500E-01
  3.8128E+02  3.4865E-01  2.1509E-01
  3.8163E+02  3.4842E-01  2.1518E-01
  3.8199E+02  3.4818E-01  2.1527E-01
  3.8234E+02  3.4795E-01  2.1535E-01
  3.8270E+02  3.4771E-01  2.1544E-01
  3.8306E+02  3.4748E-01  2.1553E-01
  3.8341E+02  3.4725E-01  2.1561E-01
  3.8377E+02  3.4701E-01  2.1570E-01
  3.8412E+02  3.4678E-01  2.1578E-01
  3.8448E+02  3.4654E-01  2.1587E-01
  3.8484E+02  3.4631E-01  2.1596E-01
  3.8519E+02  3.4608E-01  2.1604E-01
  3.8555E+02  3.4584E-01  2.1613E-01
  3.8590E+02  3.4561E-01  2.1621E-01
  3.8626E+02  3.4537E-01  2.1630E-01
  3.8662E+02  3.4514E-01  2.1638E-01
  3.8697E+02  3.4491E-01  2.1647E-01
  3.8733E+02  3.4467E-01  2.1655E-01
  3.8768E+02  3.4444E-01  2.1664E-01
  3.8804E+02  3.4421E-01  2.1672E-01
  3.8840E+02  3.4397E-01  2.1681E-01
  3.8875E+02  3.4374E-01  2.1689E-01
  3.8911E+02  3.4351E-01  2.1697E-01
  3.8946E+02  3.4328E-01  2.1706E-01
  3.8982E+02  3.4304E-01  2.1714E-01
  3.9018E+02  3.4281E-01  2.1722E-01
  3.9053E+02  3.4258E-01  2.1731E-01
  3.9089E+02  3.4235E-01  2.1739E-01
  3.9124E+02  3.4212E-01  2.1747E-01
  3.9160E+02  3.4188E-01  2.1755E-01
  3.9196E+02  3.4165E-01  2.1764E-01
  3.9231E+02  3.4142E-01  2.1772E-01
  3.9267E+02  3.4119E-01  2.1780E-01
  3.9302E+02  3.4096E-01  2.1788E-01
  3.9338E+02  3.4073E-01  2.1796E-01
  3.9374E+02  3.4050E-01  2.1804E-01
  3.9409E+02  3.4027E-01  2.1812E-01
  3.9445E+02  3.4004E-01  2.1821E-01
  3.9480E+02  3.3981E-01  2.1829E-01
  3.9516E+02  3.3958E-01  2.1837E-01
  3.9552E+02  3.3935E-01  2.1845E-01
  3.9587E+02  3.3912E-01  2.1853E-01
  3.9623E+02  3.3889E-01  2.1861E-01
  3.9658E+02  3.3867E-01  2.1869E-01
  3.9694E+02  3.3844E-01  2.1877E-01
  3.9730E+02  3.3821E-01  2.1884E-01
  3.9765E+02  3.3798E-01  2.1892E-01
  3.9801E+02  3.3776E-01  2.1900E-01
  3.9836E+02  3.3753E-01  2.1908E-01
  3.9872E+02  3.3730E-01  2.1916E-01
  3.9908E+02  3.3708E-01  2.1924E-01
  3.9943E+02  3.3685E-01  2.1932E-01
  3.9979E+02  3.3663E-01  2.1939E-01
  4.0014E+02  3.3640E-01  2.1947E-01
  4.0050E+02  3.3618E-01  2.1955E-01
  4.0086E+02  3.3596E-01  2.1963E-01
  4.0121E+02  3.3573E-01  2.1970E-01
  4.0157E+02  3.3551E-01  2.1978E-01
  4.0192E+02  3.3529E-01  2.1986E-01
  4.0228E+02  3.3507E-01  2.1994E-01
  4.0264E+02  3.3484E-01  2.2001E-01
  4.0299E+02  3.3462E-01  2.2009E-01
  4.0335E+02  3.3440E-01  2.2017E-01
  4.0370E+02  3.3418E-01  2.2024E-01
  4.0406E+02  3.3396E-01  2.2032E-01
  4.0442E+02  3.3374E-01  2.2039E-01
  4.0477E+02  3.3352E-01  2.2047E-01
  4.0513E+02  3.3330E-01  2.2055E-01
  4.0548E+02  3.3308E-01  2.2062E-01
  4.0584E+02  3.3286E-01  2.2070E-01
  4.0620E+02  3.3264E-01  2.2077E-01
  4.0655E+02  3.3243E-01  2.2085E-01
  4.0691E+02  3.3221E-01  2.2092E-01
  4.0726E+02  3.3199E-01  2.2100E-01
  4.0762E+02  3.3177E-01  2.2107E-01
  4.0798E+02  3.3155E-01  2.2115E-01
  4.0833E+02  3.3134E-01  2.2122E-01
  4.0869E+02  3.3112E-01  2.2130E-01
  4.0904E+02  3.3090E-01  2.2137E-01
  4.0940E+02  3.3068E-01  2.2144E-01
  4.0976E+02  3.3047E-01  2.2152E-01
  4.1011E+02  3.3025E-01  2.2159E-01
  4.1047E+02  3.3003E-01  2.2167E-01
  4.1082E+02  3.2982E-01  2.2174E-01
  4.1118E+02  3.2960E-01  2.2181E-01
  4.1154E+02  3.2938E-01  2.2189E-01
  4.1189E+02  3.2916E-01  2.2196E-01
  4.1225E+02  3.2895E-01  2.2203E-01
  4.1260E+02  3.2873E-01  2.2211E-01
  4.1296E+02  3.2851E-01  2.2218E-01
  4.1332E+02  3.2829E-01  2.2225E-01
  4.1367E+02  3.2808E-01  2.2232E-01
  4.1403E+02  3.2786E-01  2.2240E-01
  4.1438E+02  3.2764E-01  2.2247E-01
  4.1474E+02  3.2742E-01  2.2254E-01
  4.1510E+02  3.2720E-01  2.2261E-01
  4.1545E+02  3.2698E-01  2.2268E-01
  4.1581E+02  3.2676E-01  2.2275E-01
  4.1616E+02  3.2654E-01  2.2283E-01
  4.1652E+02  3.2632E-01  2.2290E-01
  4.1688E+02  3.2610E-01  2.2297E-01
  4.1723E+02  3.2588E-01  2.2304E-01
  4.1759E+02  3.2566E-01  2.2311E-01
  4.1794E+02  3.2544E-01  2.2318E-01
  4.1830E+02  3.2522E-01  2.2325E-01
  4.1866E+02  3.2500E-01  2.2332E-01
  4.1901E+02  3.2478E-01  2.2339E-01
  4.1937E+02  3.2456E-01  2.2346E-01
  4.1972E+02  3.2433E-01  2.2353E-01
  4.2008E+02  3.2411E-01  2.2359E-01
  4.2044E+02  3.2389E-01  2.2366E-01
  4.2079E+02  3.2367E-01  2.2373E-01
  4.2115E+02  3.2344E-01  2.2380E-01
  4.2150E+02  3.2322E-01  2.2387E-01
  4.2186E+02  3.2300E-01  2.2394E-01
  4.2222E+02  3.2277E-01  2.2400E-01
  4.2257E+02  3.2255E-01  2.2407E-01
  4.2293E+02  3.2232E-01  2.2414E-01
  4.2328E+02  3.2210E-01  2.2420E-01
  4.2364E+02  3.2187E-01  2.2427E-01
  4.2400E+02  3.2165E-01  2.2434E-01
  4.2435E+02  3.2143E-01  2.2440E-01
  4.2471E+02  3.2120E-01  2.2447E-01
  4.2506E+02  3.2098E-01  2.2454E-01
  4.2542E+02  3.2075E-01  2.2460E-01
  4.2578E+02  3.2053E-01  2.2467E-01
  4.2613E+02  3.2030E-01  2.2473E-01
  4.2649E+02  3.2008E-01  2.2480E-01
  4.2684E+02  3.1985E-01  2.2486E-01
  4.2720E+02  3.1963E-01  2.2493E-01
  4.2756E+02  3.1940E-01  2.2499E-01
  4.2791E+02  3.1918E-01  2.2506E-01
  4.2827E+02  3.1895E-01  2.2512E-01
  4.2862E+02  3.1873E-01  2.2518E-01
  4.2898E+02  3.1850E-01  2.2525E-01
  4.2934E+02  3.1828E-01  2.2531E-01
  4.2969E+02  3.1805E-01  2.2538E-01
  4.3005E+02  3.1783E-01  2.2544E-01
  4.3040E+02  3.1760E-01  2.2550E-01
  4.3076E+02  3.1738E-01  2.2557E-01
  4.3112E+02  3.1715E-01  2.2563E-01
  4.3147E+02  3.1693E-01  2.2569E-01
  4.3183E+02  3.1670E-01  2.2576E-01
  4.3218E+02  3.1648E-01  2.2582E-01
  4.3254E+02  3.1626E-01  2.2588E-01
  4.3290E+02  3.1603E-01  2.2595E-01
  4.3325E+02  3.1581E-01  2.2601E-01
  4.3361E+02  3.1558E-01  2.2607E-01
  4.3396E+02  3.1536E-01  2.2613E-01
  4.3432E+02  3.1513E-01  2.2620E-01
  4.3468E+02  3.1491E-01  2.2626E-01
  4.3503E+02  3.1469E-01  2.2632E-01
  4.3539E+02  3.1446E-01  2.2638E-01
  4.3574E+02  3.1424E-01  2.2644E-01
  4.3610E+02  3.1401E-01  2.2651E-01
  4.3646E+02  3.1379E-01  2.2657E-01
  4.3681E+02  3.1356E-01  2.2663E-01
  4.3717E+02  3.1334E-01  2.2669E-01
  4.3752E+02  3.1312E-01  2.2675E-01
  4.3788E+02  3.1289E-01  2.2681E-01
  4.3824E+02  3.1267E-01  2.2687E-01
  4.3859E+02  3.1244E-01  2.2694E-01
  4.3895E+02  3.1222E-01  2.2700E-01
  4.3930E+02  3.1199E-01  2.2706E-01
  4.3966E+02  3.1177E-01  2.2712E-01
  4.4002E+02  3.1154E-01  2.2718E-01
  4.4037E+02  3.1132E-01  2.2724E-01
  4.4073E+02  3.1109E-01  2.2730E-01
  4.4108E+02  3.1087E-01  2.2736E-01
  4.4144E+02  3.1064E-01  2.2742E-01
  4.4180E+02  3.1042E-01  2.2748E-01
  4.4215E+02  3.1019E-01  2.2754E-01
  4.4251E+02  3.0997E-01  2.2760E-01
  4.4286E+02  3.0974E-01  2.2765E-01
  4.4322E+02  3.0952E-01  2.2771E-01
  4.4358E+02  3.0929E-01  2.2777E-01
  4.4393E+02  3.0906E-01  2.2783E-01
  4.4429E+02  3.0884E-01  2.2789E-01
  4.4464E+02  3.0861E-01  2.2795E-01
  4.4500E+02  3.0839E-01  2.2800E-01
  4.4536E+02  3.0816E-01  2.2806E-01
  4.4571E+02  3.0794E-01  2.2812E-01
  4.4607E+02  3.0771E-01  2.2818E-01
  4.4642E+02  3.0748E-01  2.2823E-01
  4.4678E+02  3.0726E-01  2.2829E-01
  4.4714E+02  3.0703E-01  2.2834E-01
  4.4749E+02  3.0681E-01  2.2840E-01
  4.4785E+02  3.0658E-01  2.2846E-01
  4.4820E+02  3.0636E-01  2.2851E-01
  4.4856E+02  3.0613E-01  2.2857E-01
  4.4892E+02  3.0590E-01  2.2862E-01
  4.4927E+02  3.0568E-01  2.2868E-01
  4.4963E+02  3.0545E-01  2.2873E-01
  4.4998E+02  3.0523E-01  2.2879E-01
  4.5034E+02  3.0500E-01  2.2884E-01
  4.5070E+02  3.0478E-01  2.2890E-01
  4.5105E+02  3.0455E-01  2.2895E-01
  4.5141E+02  3.0432E-01  2.2900E-01
  4.5176E+02  3.0410E-01  2.2906E-01
  4.5212E+02  3.0387E-01  2.2911E-01
  4.5248E+02  3.0365E-01  2.2916E-01
  4.5283E+02  3.0342E-01  2.2922E-01
  4.5319E+02  3.0320E-01  2.2927E-01
  4.5354E+02  3.0297E-01  2.2932E-01
  4.5390E+02  3.0274E-01  2.2938E-01
  4.5426E+02  3.0252E-01  2.2943E-01
  4.5461E+02  3.0229E-01  2.2948E-01
  4.5497E+02  3.0207E-01  2.2953E-01
  4.5532E+02  3.0184E-01  2.2958E-01
  4.5568E+02  3.0162E-01  2.2964E-01
  4.5604E+02  3.0139E-01  2.2969E-01
  4.5639E+02  3.0117E-01  2.2974E-01
  4.5675E+02  3.0094E-01  2.2979E-01
  4.5710E+02  3.0071E-01  2.2984E-01
  4.5746E+02  3.0049E-01  2.2989E-01
  4.5782E+02  3.0026E-01  2.2994E-01
  4.5817E+02  3.0004E-01  2.2999E-01
  4.5853E+02  2.9981E-01  2.3004E-01
  4.5888E+02  2.9959E-01  2.3009E-01
  4.5924E+02  2.9936E-01  2.3014E-01
  4.5960E+02  2.9914E-01  2.3019E-01
  4.5995E+02  2.9891E-01  2.3024E-01
  4.6031E+02  2.9868E-01  2.3029E-01
  4.6066E+02  2.9846E-01  2.3034E-01
  4.6102E+02  2.9823E-01  2.3039E-01
  4.6138E+02  2.9801E-01  2.3044E-01
  4.6173E+02  2.9778E-01  2.3049E-01
  4.6209E+02  2.9756E-01  2.3054E-01
  4.6244E+02  2.9733E-01  2.3059E-01
  4.6280E+02  2.9710E-01  2.3064E-01
  4.6316E+02  2.9688E-01  2.3069E-01
  4.6351E+02  2.9665E-01  2.3074E-01
  4.6387E+02  2.9642E-01  2.3079E-01
  4.6422E+02  2.9620E-01  2.3084E-01
  4.6458E+02  2.9597E-01  2.3088E-01
  4.6494E+02  2.9575E-01  2.3093E-01
  4.6529E+02  2.9552E-01  2.3098E-01
  4.6565E+02  2.9529E-01  2.3103E-01
  4.6600E+02  2.9507E-01  2.3108E-01
  4.6636E+02  2.9484E-01  2.3113E-01
  4.6672E+02  2.9461E-01  2.3117E-01
  4.6707E+02  2.9439E-01  2.3122E-01
  4.6743E+02  2.9416E-01  2.3127E-01
  4.6778E+02  2.9393E-01  2.3132E-01
  4.6814E+02  2.9371E-01  2.3136E-01
  4.6850E+02  2.9348E-01  2.3141E-01
  4.6885E+02  2.9325E-01  2.3146E-01
  4.6921E+02  2.9303E-01  2.3150E-01
  4.6956E+02  2.9280E-01  2.3155E-01
  4.6992E+02  2.9257E-01  2.3160E-01
  4.7028E+02  2.9235E-01  2.3164E-01
  4.7063E+02  2.9212E-01  2.3169E-01
  4.7099E+02  2.9189E-01  2.3173E-01
  4.7134E+02  2.9167E-01  2.3178E-01
  4.7170E+02  2.9144E-01  2.3183E-01
  4.7206E+02  2.9121E-01  2.3187E-01
  4.7241E+02  2.9099E-01  2.3192E-01
  4.7277E+02  2.9076E-01  2.3196E-01
  4.7312E+02  2.9053E-01  2.3201E-01
  4.7348E+02  2.9031E-01  2.3205E-01
  4.7384E+02  2.9008E-01  2.3210E-01
  4.7419E+02  2.8986E-01  2.3214E-01
  4.7455E+02  2.8963E-01  2.3218E-01
  4.7490E+02  2.8940E-01  2.3223E-01
  4.7526E+02  2.8918E-01  2.3227E-01
  4.7562E+02  2.8895E-01  2.3231E-01
  4.7597E+02  2.8873E-01  2.3236E-01
  4.7633E+02  2.8850E-01  2.3240E-01
  4.7668E+02  2.8827E-01  2.3244E-01
  4.7704E+02  2.8805E-01  2.3249E-01
  4.7740E+02  2.8782E-01  2.3253E-01
  4.7775E+02  2.8760E-01  2.3257E-01
  4.7811E+02  2.8737E-01  2.3261E-01
  4.7846E+02  2.8715E-01  2.3266E-01
  4.7882E+02  2.8692E-01  2.3270E-01
  4.7918E+02  2.8670E-01  2.3274E-01
  4.7953E+02  2.8648E-01  2.3278E-01
  4.7989E+02  2.8625E-01  2.3282E-01
  4.8024E+02  2.8603E-01  2.3286E-01
  4.8060E+02  2.8580E-01  2.3291E-01
  4.8096E+02  2.8558E-01  2.3295E-01
  4.8131E+02  2.8536E-01  2.3299E-01
  4.8167E+02  2.8513E-01  2.3303E-01
  4.8202E+02  2.8491E-01  2.3307E-01
  4.8238E+02  2.8469E-01  2.3311E-01
  4.8274E+02  2.8446E-01  2.3315E-01
  4.8309E+02  2.8424E-01  2.3319E-01
  4.8345E+02  2.8402E-01  2.3323E-01
  4.8380E+02  2.8380E-01  2.3327E-01
  4.8416E+02  2.8357E-01  2.3331E-01
  4.8452E+02  2.8335E-01  2.3335E-01
  4.8487E+02  2.8313E-01  2.3338E-01
  4.8523E+02  2.8291E-01  2.3342E-01
  4.8558E+02  2.8269E-01  2.3346E-01
  4.8594E+02  2.8247E-01  2.3350E-01
  4.8630E+02  2.8225E-01  2.3354E-01
  4.8665E+02  2.8202E-01  2.3358E-01
  4.8701E+02  2.8180E-01  2.3362E-01
  4.8736E+02  2.8158E-01  2.3365E-01
  4.8772E+02  2.8136E-01  2.3369E-01
  4.8808E+02  2.8114E-01  2.3373E-01
  4.8843E+02  2.8092E-01  2.3377E-01
  4.8879E+02  2.8070E-01  2.3380E-01
  4.8914E+02  2.8048E-01  2.3384E-01
  4.8950E+02  2.8026E-01  2.3388E-01
  4.8986E+02  2.8004E-01  2.3392E-01
  4.9021E+02  2.7982E-01  2.3395E-01
  4.9057E+02  2.7960E-01  2.3399E-01
  4.9092E+02  2.7938E-01  2.3403E-01
  4.9128E+02  2.7916E-01  2.3406E-01
  4.9164E+02  2.7895E-01  2.3410E-01
  4.9199E+02  2.7873E-01  2.3414E-01
  4.9235E+02  2.7851E-01  2.3417E-01
  4.9270E+02  2.7829E-01  2.3421E-01
  4.9306E+02  2.7807E-01  2.3424E-01
  4.9342E+02  2.7785E-01  2.3428E-01
  4.9377E+02  2.7763E-01  2.3431E-01
  4.9413E+02  2.7741E-01  2.3435E-01
  4.9448E+02  2.7720E-01  2.3439E-01
  4.9484E+02  2.7698E-01  2.3442E-01
  4.9520E+02  2.7676E-01  2.3446E-01
  4.9555E+02  2.7654E-01  2.3449E-01
  4.9591E+02  2.7632E-01  2.3452E-01
  4.9626E+02  2.7611E-01  2.3456E-01
  4.9662E+02  2.7589E-01  2.3459E-01
  4.9698E+02  2.7567E-01  2.3463E-01
  4.9733E+02  2.7545E-01  2.3466E-01
  4.9769E+02  2.7524E-01  2.3470E-01
  4.9804E+02  2.7502E-01  2.3473E-01
  4.9840E+02  2.7480E-01  2.3476E-01
  4.9876E+02  2.7458E-01  2.3480E-01
  4.9911E+02  2.7437E-01  2.3483E-01
  4.9947E+02  2.7415E-01  2.3486E-01
  4.9982E+02  2.7393E-01  2.3490E-01
  5.0000E+02  2.7383E-01  2.3491E-01
