# CREATED BY GENE DIAGNOSTICS TOOL on Mon Jun 25 12:23:51 2018
# diag: GAMDIAG, run(s): 0148, time window: 0-500(1481 steps), species: ions
# original data path: /r/c/cmor/ZF_3rd/w7xhms05/0.5-1.5/
# normalization: L_ref=5.4832m
#
# xind= 0, x/a= 0.70710677, q= 1.1018624
# Fit:    1,-0.061813448,5.8310358
# Analytic (Gao, Zhou/Yu): 0.32199362,-0.079651319,5.8305391
#  t          Re[phi]     Im[phi]   
  0.0000E+00  9.9998E-01  0.0000E+00
  3.3800E-01  9.9629E-01  6.7745E-04
  6.7600E-01  9.8587E-01  1.3575E-03
  1.0140E+00  9.7014E-01  2.0414E-03
  1.3520E+00  9.5066E-01  2.7249E-03
  1.6900E+00  9.2892E-01  3.4095E-03
  2.0280E+00  9.0615E-01  4.0964E-03
  2.3660E+00  8.8332E-01  4.7790E-03
  2.7040E+00  8.6110E-01  5.4438E-03
  3.0420E+00  8.3992E-01  6.0749E-03
  3.3800E+00  8.2004E-01  6.6571E-03
  3.7180E+00  8.0156E-01  7.1798E-03
  4.0560E+00  7.8448E-01  7.6375E-03
  4.3940E+00  7.6874E-01  8.0305E-03
  4.7320E+00  7.5423E-01  8.3644E-03
  5.0700E+00  7.4084E-01  8.6487E-03
  5.4080E+00  7.2844E-01  8.8953E-03
  5.7460E+00  7.1693E-01  9.1174E-03
  6.0840E+00  7.0618E-01  9.3274E-03
  6.4220E+00  6.9610E-01  9.5362E-03
  6.7600E+00  6.8659E-01  9.7520E-03
  7.0980E+00  6.7755E-01  9.9800E-03
  7.4360E+00  6.6891E-01  1.0224E-02
  7.7740E+00  6.6060E-01  1.0482E-02
  8.1120E+00  6.5256E-01  1.0753E-02
  8.4500E+00  6.4474E-01  1.1035E-02
  8.7880E+00  6.3711E-01  1.1321E-02
  9.1260E+00  6.2965E-01  1.1605E-02
  9.4640E+00  6.2234E-01  1.1883E-02
  9.8020E+00  6.1517E-01  1.2149E-02
  1.0140E+01  6.0814E-01  1.2401E-02
  1.0478E+01  6.0127E-01  1.2633E-02
  1.0816E+01  5.9455E-01  1.2838E-02
  1.1154E+01  5.8798E-01  1.3019E-02
  1.1492E+01  5.8158E-01  1.3173E-02
  1.1830E+01  5.7535E-01  1.3299E-02
  1.2168E+01  5.6929E-01  1.3394E-02
  1.2506E+01  5.6340E-01  1.3460E-02
  1.2844E+01  5.5769E-01  1.3504E-02
  1.3182E+01  5.5216E-01  1.3529E-02
  1.3520E+01  5.4681E-01  1.3536E-02
  1.3858E+01  5.4164E-01  1.3525E-02
  1.4196E+01  5.3665E-01  1.3493E-02
  1.4534E+01  5.3183E-01  1.3443E-02
  1.4872E+01  5.2720E-01  1.3377E-02
  1.5210E+01  5.2277E-01  1.3304E-02
  1.5548E+01  5.1855E-01  1.3231E-02
  1.5886E+01  5.1451E-01  1.3160E-02
  1.6224E+01  5.1064E-01  1.3089E-02
  1.6562E+01  5.0693E-01  1.3016E-02
  1.6900E+01  5.0336E-01  1.2939E-02
  1.7238E+01  4.9996E-01  1.2862E-02
  1.7576E+01  4.9673E-01  1.2794E-02
  1.7914E+01  4.9370E-01  1.2741E-02
  1.8252E+01  4.9089E-01  1.2704E-02
  1.8590E+01  4.8832E-01  1.2680E-02
  1.8928E+01  4.8600E-01  1.2665E-02
  1.9266E+01  4.8392E-01  1.2661E-02
  1.9604E+01  4.8209E-01  1.2672E-02
  1.9942E+01  4.8048E-01  1.2703E-02
  2.0280E+01  4.7907E-01  1.2756E-02
  2.0618E+01  4.7784E-01  1.2830E-02
  2.0956E+01  4.7675E-01  1.2920E-02
  2.1294E+01  4.7580E-01  1.3023E-02
  2.1632E+01  4.7499E-01  1.3141E-02
  2.1970E+01  4.7433E-01  1.3275E-02
  2.2308E+01  4.7384E-01  1.3429E-02
  2.2646E+01  4.7351E-01  1.3606E-02
  2.2984E+01  4.7333E-01  1.3802E-02
  2.3322E+01  4.7327E-01  1.4010E-02
  2.3660E+01  4.7334E-01  1.4226E-02
  2.3998E+01  4.7356E-01  1.4450E-02
  2.4336E+01  4.7397E-01  1.4688E-02
  2.4674E+01  4.7459E-01  1.4949E-02
  2.5012E+01  4.7545E-01  1.5242E-02
  2.5350E+01  4.7649E-01  1.5567E-02
  2.5688E+01  4.7762E-01  1.5910E-02
  2.6026E+01  4.7872E-01  1.6253E-02
  2.6364E+01  4.7972E-01  1.6581E-02
  2.6702E+01  4.8056E-01  1.6882E-02
  2.7040E+01  4.8126E-01  1.7155E-02
  2.7378E+01  4.8189E-01  1.7409E-02
  2.7716E+01  4.8258E-01  1.7660E-02
  2.8054E+01  4.8344E-01  1.7929E-02
  2.8392E+01  4.8454E-01  1.8229E-02
  2.8730E+01  4.8590E-01  1.8564E-02
  2.9068E+01  4.8751E-01  1.8930E-02
  2.9406E+01  4.8927E-01  1.9313E-02
  2.9744E+01  4.9111E-01  1.9701E-02
  3.0082E+01  4.9293E-01  2.0078E-02
  3.0420E+01  4.9464E-01  2.0436E-02
  3.0758E+01  4.9619E-01  2.0769E-02
  3.1096E+01  4.9758E-01  2.1081E-02
  3.1434E+01  4.9884E-01  2.1376E-02
  3.1772E+01  5.0001E-01  2.1663E-02
  3.2110E+01  5.0113E-01  2.1946E-02
  3.2448E+01  5.0223E-01  2.2234E-02
  3.2786E+01  5.0336E-01  2.2530E-02
  3.3124E+01  5.0453E-01  2.2837E-02
  3.3462E+01  5.0574E-01  2.3149E-02
  3.3800E+01  5.0695E-01  2.3459E-02
  3.4138E+01  5.0812E-01  2.3754E-02
  3.4476E+01  5.0919E-01  2.4023E-02
  3.4814E+01  5.1012E-01  2.4259E-02
  3.5152E+01  5.1092E-01  2.4459E-02
  3.5490E+01  5.1163E-01  2.4631E-02
  3.5828E+01  5.1229E-01  2.4790E-02
  3.6166E+01  5.1296E-01  2.4953E-02
  3.6504E+01  5.1371E-01  2.5134E-02
  3.6842E+01  5.1457E-01  2.5343E-02
  3.7180E+01  5.1554E-01  2.5584E-02
  3.7518E+01  5.1661E-01  2.5853E-02
  3.7856E+01  5.1776E-01  2.6139E-02
  3.8194E+01  5.1893E-01  2.6430E-02
  3.8532E+01  5.2006E-01  2.6712E-02
  3.8870E+01  5.2109E-01  2.6970E-02
  3.9208E+01  5.2194E-01  2.7194E-02
  3.9546E+01  5.2256E-01  2.7376E-02
  3.9884E+01  5.2292E-01  2.7513E-02
  4.0222E+01  5.2301E-01  2.7609E-02
  4.0560E+01  5.2285E-01  2.7675E-02
  4.0898E+01  5.2249E-01  2.7724E-02
  4.1236E+01  5.2201E-01  2.7773E-02
  4.1574E+01  5.2150E-01  2.7837E-02
  4.1912E+01  5.2104E-01  2.7928E-02
  4.2250E+01  5.2070E-01  2.8052E-02
  4.2588E+01  5.2052E-01  2.8211E-02
  4.2926E+01  5.2052E-01  2.8400E-02
  4.3264E+01  5.2070E-01  2.8613E-02
  4.3602E+01  5.2103E-01  2.8840E-02
  4.3940E+01  5.2147E-01  2.9076E-02
  4.4278E+01  5.2197E-01  2.9313E-02
  4.4616E+01  5.2250E-01  2.9546E-02
  4.4954E+01  5.2302E-01  2.9773E-02
  4.5292E+01  5.2348E-01  2.9992E-02
  4.5630E+01  5.2387E-01  3.0200E-02
  4.5968E+01  5.2413E-01  3.0391E-02
  4.6306E+01  5.2423E-01  3.0558E-02
  4.6644E+01  5.2415E-01  3.0697E-02
  4.6982E+01  5.2388E-01  3.0806E-02
  4.7320E+01  5.2342E-01  3.0884E-02
  4.7658E+01  5.2278E-01  3.0938E-02
  4.7996E+01  5.2198E-01  3.0975E-02
  4.8334E+01  5.2106E-01  3.1005E-02
  4.8672E+01  5.2003E-01  3.1036E-02
  4.9010E+01  5.1892E-01  3.1076E-02
  4.9348E+01  5.1777E-01  3.1129E-02
  4.9686E+01  5.1660E-01  3.1201E-02
  5.0024E+01  5.1546E-01  3.1299E-02
  5.0362E+01  5.1440E-01  3.1429E-02
  5.0700E+01  5.1347E-01  3.1598E-02
  5.1038E+01  5.1269E-01  3.1806E-02
  5.1376E+01  5.1209E-01  3.2054E-02
  5.1714E+01  5.1168E-01  3.2336E-02
  5.2052E+01  5.1142E-01  3.2643E-02
  5.2390E+01  5.1129E-01  3.2962E-02
  5.2728E+01  5.1124E-01  3.3276E-02
  5.3066E+01  5.1123E-01  3.3567E-02
  5.3404E+01  5.1122E-01  3.3825E-02
  5.3742E+01  5.1122E-01  3.4047E-02
  5.4080E+01  5.1121E-01  3.4240E-02
  5.4418E+01  5.1124E-01  3.4418E-02
  5.4756E+01  5.1131E-01  3.4595E-02
  5.5094E+01  5.1143E-01  3.4784E-02
  5.5432E+01  5.1161E-01  3.4992E-02
  5.5770E+01  5.1184E-01  3.5222E-02
  5.6108E+01  5.1209E-01  3.5474E-02
  5.6446E+01  5.1234E-01  3.5746E-02
  5.6784E+01  5.1257E-01  3.6038E-02
  5.7122E+01  5.1274E-01  3.6348E-02
  5.7460E+01  5.1286E-01  3.6673E-02
  5.7798E+01  5.1289E-01  3.7009E-02
  5.8136E+01  5.1284E-01  3.7353E-02
  5.8474E+01  5.1269E-01  3.7700E-02
  5.8812E+01  5.1245E-01  3.8042E-02
  5.9150E+01  5.1211E-01  3.8375E-02
  5.9488E+01  5.1167E-01  3.8689E-02
  5.9826E+01  5.1114E-01  3.8976E-02
  6.0164E+01  5.1049E-01  3.9229E-02
  6.0502E+01  5.0975E-01  3.9443E-02
  6.0840E+01  5.0891E-01  3.9617E-02
  6.1178E+01  5.0801E-01  3.9755E-02
  6.1516E+01  5.0707E-01  3.9865E-02
  6.1854E+01  5.0613E-01  3.9957E-02
  6.2192E+01  5.0521E-01  4.0039E-02
  6.2530E+01  5.0435E-01  4.0120E-02
  6.2868E+01  5.0358E-01  4.0206E-02
  6.3206E+01  5.0291E-01  4.0300E-02
  6.3544E+01  5.0236E-01  4.0408E-02
  6.3882E+01  5.0192E-01  4.0532E-02
  6.4220E+01  5.0161E-01  4.0674E-02
  6.4558E+01  5.0141E-01  4.0834E-02
  6.4896E+01  5.0131E-01  4.1012E-02
  6.5234E+01  5.0130E-01  4.1208E-02
  6.5572E+01  5.0137E-01  4.1423E-02
  6.5910E+01  5.0150E-01  4.1655E-02
  6.6248E+01  5.0169E-01  4.1903E-02
  6.6586E+01  5.0192E-01  4.2163E-02
  6.6924E+01  5.0218E-01  4.2432E-02
  6.7262E+01  5.0245E-01  4.2706E-02
  6.7600E+01  5.0271E-01  4.2981E-02
  6.7938E+01  5.0297E-01  4.3258E-02
  6.8276E+01  5.0322E-01  4.3536E-02
  6.8614E+01  5.0344E-01  4.3816E-02
  6.8952E+01  5.0363E-01  4.4097E-02
  6.9290E+01  5.0377E-01  4.4375E-02
  6.9628E+01  5.0387E-01  4.4644E-02
  6.9966E+01  5.0391E-01  4.4898E-02
  7.0304E+01  5.0390E-01  4.5136E-02
  7.0642E+01  5.0384E-01  4.5357E-02
  7.0980E+01  5.0372E-01  4.5563E-02
  7.1318E+01  5.0357E-01  4.5761E-02
  7.1656E+01  5.0340E-01  4.5954E-02
  7.1994E+01  5.0321E-01  4.6148E-02
  7.2332E+01  5.0302E-01  4.6347E-02
  7.2670E+01  5.0282E-01  4.6552E-02
  7.3008E+01  5.0264E-01  4.6765E-02
  7.3346E+01  5.0246E-01  4.6982E-02
  7.3684E+01  5.0228E-01  4.7200E-02
  7.4022E+01  5.0210E-01  4.7415E-02
  7.4360E+01  5.0191E-01  4.7622E-02
  7.4698E+01  5.0171E-01  4.7820E-02
  7.5036E+01  5.0150E-01  4.8009E-02
  7.5374E+01  5.0129E-01  4.8194E-02
  7.5712E+01  5.0109E-01  4.8380E-02
  7.6050E+01  5.0091E-01  4.8573E-02
  7.6388E+01  5.0075E-01  4.8780E-02
  7.6726E+01  5.0064E-01  4.9005E-02
  7.7064E+01  5.0057E-01  4.9248E-02
  7.7402E+01  5.0055E-01  4.9508E-02
  7.7740E+01  5.0057E-01  4.9782E-02
  7.8078E+01  5.0062E-01  5.0062E-02
  7.8416E+01  5.0067E-01  5.0342E-02
  7.8754E+01  5.0071E-01  5.0614E-02
  7.9092E+01  5.0072E-01  5.0870E-02
  7.9430E+01  5.0067E-01  5.1103E-02
  7.9768E+01  5.0057E-01  5.1310E-02
  8.0106E+01  5.0040E-01  5.1491E-02
  8.0444E+01  5.0018E-01  5.1653E-02
  8.0782E+01  4.9993E-01  5.1802E-02
  8.1120E+01  4.9968E-01  5.1950E-02
  8.1458E+01  4.9944E-01  5.2105E-02
  8.1796E+01  4.9923E-01  5.2274E-02
  8.2134E+01  4.9907E-01  5.2458E-02
  8.2472E+01  4.9897E-01  5.2659E-02
  8.2810E+01  4.9891E-01  5.2874E-02
  8.3148E+01  4.9888E-01  5.3098E-02
  8.3486E+01  4.9888E-01  5.3325E-02
  8.3824E+01  4.9889E-01  5.3550E-02
  8.4162E+01  4.9889E-01  5.3768E-02
  8.4500E+01  4.9887E-01  5.3978E-02
  8.4838E+01  4.9883E-01  5.4179E-02
  8.5176E+01  4.9877E-01  5.4373E-02
  8.5514E+01  4.9869E-01  5.4562E-02
  8.5852E+01  4.9859E-01  5.4747E-02
  8.6190E+01  4.9848E-01  5.4932E-02
  8.6528E+01  4.9838E-01  5.5118E-02
  8.6866E+01  4.9828E-01  5.5309E-02
  8.7204E+01  4.9819E-01  5.5507E-02
  8.7542E+01  4.9812E-01  5.5714E-02
  8.7880E+01  4.9808E-01  5.5930E-02
  8.8218E+01  4.9805E-01  5.6153E-02
  8.8556E+01  4.9805E-01  5.6381E-02
  8.8894E+01  4.9806E-01  5.6612E-02
  8.9232E+01  4.9809E-01  5.6844E-02
  8.9570E+01  4.9813E-01  5.7074E-02
  8.9908E+01  4.9816E-01  5.7300E-02
  9.0246E+01  4.9820E-01  5.7521E-02
  9.0584E+01  4.9823E-01  5.7734E-02
  9.0922E+01  4.9826E-01  5.7941E-02
  9.1260E+01  4.9828E-01  5.8144E-02
  9.1598E+01  4.9830E-01  5.8346E-02
  9.1936E+01  4.9833E-01  5.8550E-02
  9.2274E+01  4.9835E-01  5.8760E-02
  9.2612E+01  4.9839E-01  5.8975E-02
  9.2950E+01  4.9842E-01  5.9196E-02
  9.3288E+01  4.9846E-01  5.9418E-02
  9.3626E+01  4.9849E-01  5.9640E-02
  9.3964E+01  4.9851E-01  5.9859E-02
  9.4302E+01  4.9852E-01  6.0072E-02
  9.4640E+01  4.9852E-01  6.0277E-02
  9.4978E+01  4.9849E-01  6.0475E-02
  9.5316E+01  4.9844E-01  6.0662E-02
  9.5654E+01  4.9836E-01  6.0838E-02
  9.5992E+01  4.9825E-01  6.1005E-02
  9.6330E+01  4.9812E-01  6.1164E-02
  9.6668E+01  4.9797E-01  6.1318E-02
  9.7006E+01  4.9781E-01  6.1473E-02
  9.7344E+01  4.9764E-01  6.1630E-02
  9.7682E+01  4.9748E-01  6.1795E-02
  9.8020E+01  4.9733E-01  6.1969E-02
  9.8358E+01  4.9719E-01  6.2151E-02
  9.8696E+01  4.9706E-01  6.2343E-02
  9.9034E+01  4.9695E-01  6.2541E-02
  9.9372E+01  4.9686E-01  6.2747E-02
  9.9710E+01  4.9678E-01  6.2959E-02
  1.0005E+02  4.9672E-01  6.3176E-02
  1.0039E+02  4.9667E-01  6.3397E-02
  1.0072E+02  4.9662E-01  6.3620E-02
  1.0106E+02  4.9658E-01  6.3842E-02
  1.0140E+02  4.9653E-01  6.4061E-02
  1.0174E+02  4.9647E-01  6.4275E-02
  1.0208E+02  4.9640E-01  6.4483E-02
  1.0241E+02  4.9631E-01  6.4684E-02
  1.0275E+02  4.9620E-01  6.4877E-02
  1.0309E+02  4.9606E-01  6.5062E-02
  1.0343E+02  4.9590E-01  6.5240E-02
  1.0377E+02  4.9571E-01  6.5411E-02
  1.0410E+02  4.9551E-01  6.5578E-02
  1.0444E+02  4.9528E-01  6.5742E-02
  1.0478E+02  4.9505E-01  6.5904E-02
  1.0512E+02  4.9480E-01  6.6065E-02
  1.0546E+02  4.9454E-01  6.6225E-02
  1.0579E+02  4.9428E-01  6.6382E-02
  1.0613E+02  4.9401E-01  6.6536E-02
  1.0647E+02  4.9373E-01  6.6686E-02
  1.0681E+02  4.9346E-01  6.6834E-02
  1.0715E+02  4.9320E-01  6.6981E-02
  1.0748E+02  4.9294E-01  6.7132E-02
  1.0782E+02  4.9271E-01  6.7291E-02
  1.0816E+02  4.9249E-01  6.7458E-02
  1.0850E+02  4.9228E-01  6.7636E-02
  1.0884E+02  4.9210E-01  6.7820E-02
  1.0917E+02  4.9192E-01  6.8010E-02
  1.0951E+02  4.9175E-01  6.8200E-02
  1.0985E+02  4.9159E-01  6.8389E-02
  1.1019E+02  4.9142E-01  6.8574E-02
  1.1053E+02  4.9124E-01  6.8755E-02
  1.1086E+02  4.9107E-01  6.8933E-02
  1.1120E+02  4.9089E-01  6.9110E-02
  1.1154E+02  4.9071E-01  6.9287E-02
  1.1188E+02  4.9053E-01  6.9465E-02
  1.1222E+02  4.9036E-01  6.9645E-02
  1.1255E+02  4.9019E-01  6.9829E-02
  1.1289E+02  4.9003E-01  7.0014E-02
  1.1323E+02  4.8987E-01  7.0200E-02
  1.1357E+02  4.8971E-01  7.0386E-02
  1.1391E+02  4.8956E-01  7.0571E-02
  1.1424E+02  4.8941E-01  7.0755E-02
  1.1458E+02  4.8925E-01  7.0937E-02
  1.1492E+02  4.8910E-01  7.1120E-02
  1.1526E+02  4.8895E-01  7.1305E-02
  1.1560E+02  4.8880E-01  7.1495E-02
  1.1593E+02  4.8866E-01  7.1691E-02
  1.1627E+02  4.8851E-01  7.1894E-02
  1.1661E+02  4.8837E-01  7.2103E-02
  1.1695E+02  4.8823E-01  7.2318E-02
  1.1729E+02  4.8809E-01  7.2535E-02
  1.1762E+02  4.8795E-01  7.2752E-02
  1.1796E+02  4.8779E-01  7.2965E-02
  1.1830E+02  4.8763E-01  7.3171E-02
  1.1864E+02  4.8745E-01  7.3368E-02
  1.1898E+02  4.8724E-01  7.3554E-02
  1.1931E+02  4.8702E-01  7.3728E-02
  1.1965E+02  4.8679E-01  7.3889E-02
  1.1999E+02  4.8653E-01  7.4038E-02
  1.2033E+02  4.8626E-01  7.4178E-02
  1.2067E+02  4.8598E-01  7.4311E-02
  1.2100E+02  4.8570E-01  7.4438E-02
  1.2134E+02  4.8542E-01  7.4563E-02
  1.2168E+02  4.8514E-01  7.4688E-02
  1.2202E+02  4.8487E-01  7.4816E-02
  1.2236E+02  4.8462E-01  7.4947E-02
  1.2269E+02  4.8438E-01  7.5084E-02
  1.2303E+02  4.8415E-01  7.5227E-02
  1.2337E+02  4.8395E-01  7.5376E-02
  1.2371E+02  4.8376E-01  7.5531E-02
  1.2405E+02  4.8358E-01  7.5692E-02
  1.2438E+02  4.8341E-01  7.5858E-02
  1.2472E+02  4.8325E-01  7.6028E-02
  1.2506E+02  4.8310E-01  7.6200E-02
  1.2540E+02  4.8295E-01  7.6375E-02
  1.2574E+02  4.8280E-01  7.6550E-02
  1.2607E+02  4.8264E-01  7.6727E-02
  1.2641E+02  4.8249E-01  7.6905E-02
  1.2675E+02  4.8234E-01  7.7084E-02
  1.2709E+02  4.8218E-01  7.7265E-02
  1.2743E+02  4.8203E-01  7.7448E-02
  1.2776E+02  4.8188E-01  7.7632E-02
  1.2810E+02  4.8173E-01  7.7816E-02
  1.2844E+02  4.8158E-01  7.8002E-02
  1.2878E+02  4.8143E-01  7.8189E-02
  1.2912E+02  4.8128E-01  7.8377E-02
  1.2945E+02  4.8113E-01  7.8565E-02
  1.2979E+02  4.8098E-01  7.8752E-02
  1.3013E+02  4.8083E-01  7.8937E-02
  1.3047E+02  4.8067E-01  7.9119E-02
  1.3081E+02  4.8051E-01  7.9298E-02
  1.3114E+02  4.8035E-01  7.9474E-02
  1.3148E+02  4.8019E-01  7.9648E-02
  1.3182E+02  4.8002E-01  7.9820E-02
  1.3216E+02  4.7985E-01  7.9990E-02
  1.3250E+02  4.7968E-01  8.0159E-02
  1.3283E+02  4.7950E-01  8.0327E-02
  1.3317E+02  4.7932E-01  8.0492E-02
  1.3351E+02  4.7914E-01  8.0657E-02
  1.3385E+02  4.7897E-01  8.0821E-02
  1.3419E+02  4.7879E-01  8.0986E-02
  1.3452E+02  4.7861E-01  8.1152E-02
  1.3486E+02  4.7844E-01  8.1322E-02
  1.3520E+02  4.7828E-01  8.1493E-02
  1.3554E+02  4.7812E-01  8.1668E-02
  1.3588E+02  4.7796E-01  8.1844E-02
  1.3621E+02  4.7781E-01  8.2021E-02
  1.3655E+02  4.7766E-01  8.2197E-02
  1.3689E+02  4.7751E-01  8.2372E-02
  1.3723E+02  4.7736E-01  8.2545E-02
  1.3757E+02  4.7721E-01  8.2716E-02
  1.3790E+02  4.7705E-01  8.2884E-02
  1.3824E+02  4.7690E-01  8.3051E-02
  1.3858E+02  4.7675E-01  8.3217E-02
  1.3892E+02  4.7659E-01  8.3384E-02
  1.3926E+02  4.7644E-01  8.3552E-02
  1.3959E+02  4.7629E-01  8.3722E-02
  1.3993E+02  4.7614E-01  8.3894E-02
  1.4027E+02  4.7599E-01  8.4067E-02
  1.4061E+02  4.7584E-01  8.4241E-02
  1.4095E+02  4.7569E-01  8.4416E-02
  1.4128E+02  4.7554E-01  8.4589E-02
  1.4162E+02  4.7539E-01  8.4762E-02
  1.4196E+02  4.7523E-01  8.4934E-02
  1.4230E+02  4.7508E-01  8.5104E-02
  1.4264E+02  4.7492E-01  8.5272E-02
  1.4297E+02  4.7476E-01  8.5440E-02
  1.4331E+02  4.7460E-01  8.5607E-02
  1.4365E+02  4.7444E-01  8.5774E-02
  1.4399E+02  4.7427E-01  8.5940E-02
  1.4433E+02  4.7411E-01  8.6106E-02
  1.4466E+02  4.7394E-01  8.6272E-02
  1.4500E+02  4.7377E-01  8.6437E-02
  1.4534E+02  4.7361E-01  8.6603E-02
  1.4568E+02  4.7344E-01  8.6769E-02
  1.4602E+02  4.7328E-01  8.6936E-02
  1.4635E+02  4.7312E-01  8.7105E-02
  1.4669E+02  4.7296E-01  8.7276E-02
  1.4703E+02  4.7281E-01  8.7451E-02
  1.4737E+02  4.7266E-01  8.7629E-02
  1.4771E+02  4.7251E-01  8.7809E-02
  1.4804E+02  4.7237E-01  8.7991E-02
  1.4838E+02  4.7223E-01  8.8174E-02
  1.4872E+02  4.7209E-01  8.8356E-02
  1.4906E+02  4.7194E-01  8.8537E-02
  1.4940E+02  4.7180E-01  8.8714E-02
  1.4973E+02  4.7165E-01  8.8889E-02
  1.5007E+02  4.7150E-01  8.9060E-02
  1.5041E+02  4.7134E-01  8.9230E-02
  1.5075E+02  4.7119E-01  8.9397E-02
  1.5109E+02  4.7102E-01  8.9564E-02
  1.5142E+02  4.7086E-01  8.9730E-02
  1.5176E+02  4.7070E-01  8.9896E-02
  1.5210E+02  4.7053E-01  9.0064E-02
  1.5244E+02  4.7036E-01  9.0232E-02
  1.5278E+02  4.7019E-01  9.0400E-02
  1.5311E+02  4.7003E-01  9.0570E-02
  1.5345E+02  4.6986E-01  9.0739E-02
  1.5379E+02  4.6969E-01  9.0908E-02
  1.5413E+02  4.6953E-01  9.1077E-02
  1.5447E+02  4.6936E-01  9.1246E-02
  1.5480E+02  4.6920E-01  9.1416E-02
  1.5514E+02  4.6904E-01  9.1586E-02
  1.5548E+02  4.6888E-01  9.1757E-02
  1.5582E+02  4.6871E-01  9.1929E-02
  1.5616E+02  4.6855E-01  9.2102E-02
  1.5649E+02  4.6840E-01  9.2276E-02
  1.5683E+02  4.6824E-01  9.2450E-02
  1.5717E+02  4.6808E-01  9.2624E-02
  1.5751E+02  4.6792E-01  9.2798E-02
  1.5785E+02  4.6776E-01  9.2971E-02
  1.5818E+02  4.6760E-01  9.3144E-02
  1.5852E+02  4.6744E-01  9.3315E-02
  1.5886E+02  4.6728E-01  9.3485E-02
  1.5920E+02  4.6712E-01  9.3653E-02
  1.5954E+02  4.6695E-01  9.3818E-02
  1.5987E+02  4.6679E-01  9.3982E-02
  1.6021E+02  4.6662E-01  9.4145E-02
  1.6055E+02  4.6645E-01  9.4306E-02
  1.6089E+02  4.6628E-01  9.4467E-02
  1.6123E+02  4.6611E-01  9.4629E-02
  1.6156E+02  4.6593E-01  9.4791E-02
  1.6190E+02  4.6576E-01  9.4954E-02
  1.6224E+02  4.6559E-01  9.5119E-02
  1.6258E+02  4.6542E-01  9.5284E-02
  1.6292E+02  4.6525E-01  9.5450E-02
  1.6325E+02  4.6508E-01  9.5616E-02
  1.6359E+02  4.6491E-01  9.5781E-02
  1.6393E+02  4.6473E-01  9.5945E-02
  1.6427E+02  4.6456E-01  9.6108E-02
  1.6461E+02  4.6438E-01  9.6270E-02
  1.6494E+02  4.6420E-01  9.6431E-02
  1.6528E+02  4.6402E-01  9.6591E-02
  1.6562E+02  4.6384E-01  9.6751E-02
  1.6596E+02  4.6366E-01  9.6911E-02
  1.6630E+02  4.6348E-01  9.7072E-02
  1.6663E+02  4.6330E-01  9.7232E-02
  1.6697E+02  4.6312E-01  9.7394E-02
  1.6731E+02  4.6295E-01  9.7557E-02
  1.6765E+02  4.6277E-01  9.7721E-02
  1.6799E+02  4.6259E-01  9.7886E-02
  1.6832E+02  4.6241E-01  9.8052E-02
  1.6866E+02  4.6224E-01  9.8219E-02
  1.6900E+02  4.6206E-01  9.8386E-02
  1.6934E+02  4.6189E-01  9.8553E-02
  1.6968E+02  4.6171E-01  9.8721E-02
  1.7001E+02  4.6153E-01  9.8887E-02
  1.7035E+02  4.6136E-01  9.9054E-02
  1.7069E+02  4.6118E-01  9.9219E-02
  1.7103E+02  4.6100E-01  9.9383E-02
  1.7137E+02  4.6082E-01  9.9547E-02
  1.7170E+02  4.6064E-01  9.9709E-02
  1.7204E+02  4.6046E-01  9.9870E-02
  1.7238E+02  4.6028E-01  1.0003E-01
  1.7272E+02  4.6010E-01  1.0019E-01
  1.7306E+02  4.5992E-01  1.0035E-01
  1.7339E+02  4.5973E-01  1.0051E-01
  1.7373E+02  4.5955E-01  1.0067E-01
  1.7407E+02  4.5937E-01  1.0082E-01
  1.7441E+02  4.5919E-01  1.0098E-01
  1.7475E+02  4.5901E-01  1.0114E-01
  1.7508E+02  4.5883E-01  1.0130E-01
  1.7542E+02  4.5866E-01  1.0147E-01
  1.7576E+02  4.5848E-01  1.0163E-01
  1.7610E+02  4.5830E-01  1.0179E-01
  1.7644E+02  4.5813E-01  1.0196E-01
  1.7677E+02  4.5795E-01  1.0212E-01
  1.7711E+02  4.5778E-01  1.0228E-01
  1.7745E+02  4.5760E-01  1.0245E-01
  1.7779E+02  4.5742E-01  1.0261E-01
  1.7813E+02  4.5725E-01  1.0277E-01
  1.7846E+02  4.5707E-01  1.0293E-01
  1.7880E+02  4.5689E-01  1.0309E-01
  1.7914E+02  4.5671E-01  1.0325E-01
  1.7948E+02  4.5652E-01  1.0341E-01
  1.7982E+02  4.5634E-01  1.0356E-01
  1.8015E+02  4.5615E-01  1.0371E-01
  1.8049E+02  4.5597E-01  1.0387E-01
  1.8083E+02  4.5578E-01  1.0402E-01
  1.8117E+02  4.5560E-01  1.0417E-01
  1.8151E+02  4.5541E-01  1.0432E-01
  1.8184E+02  4.5523E-01  1.0447E-01
  1.8218E+02  4.5505E-01  1.0463E-01
  1.8252E+02  4.5487E-01  1.0478E-01
  1.8286E+02  4.5469E-01  1.0494E-01
  1.8320E+02  4.5451E-01  1.0509E-01
  1.8353E+02  4.5433E-01  1.0525E-01
  1.8387E+02  4.5416E-01  1.0541E-01
  1.8421E+02  4.5398E-01  1.0557E-01
  1.8455E+02  4.5381E-01  1.0573E-01
  1.8489E+02  4.5364E-01  1.0588E-01
  1.8522E+02  4.5346E-01  1.0604E-01
  1.8556E+02  4.5329E-01  1.0620E-01
  1.8590E+02  4.5312E-01  1.0636E-01
  1.8624E+02  4.5294E-01  1.0651E-01
  1.8658E+02  4.5277E-01  1.0667E-01
  1.8691E+02  4.5259E-01  1.0683E-01
  1.8725E+02  4.5242E-01  1.0698E-01
  1.8759E+02  4.5224E-01  1.0714E-01
  1.8793E+02  4.5207E-01  1.0730E-01
  1.8827E+02  4.5189E-01  1.0745E-01
  1.8860E+02  4.5172E-01  1.0761E-01
  1.8894E+02  4.5154E-01  1.0776E-01
  1.8928E+02  4.5137E-01  1.0792E-01
  1.8962E+02  4.5119E-01  1.0807E-01
  1.8996E+02  4.5101E-01  1.0822E-01
  1.9029E+02  4.5083E-01  1.0837E-01
  1.9063E+02  4.5065E-01  1.0852E-01
  1.9097E+02  4.5048E-01  1.0867E-01
  1.9131E+02  4.5030E-01  1.0882E-01
  1.9165E+02  4.5012E-01  1.0897E-01
  1.9198E+02  4.4994E-01  1.0912E-01
  1.9232E+02  4.4976E-01  1.0927E-01
  1.9266E+02  4.4958E-01  1.0942E-01
  1.9300E+02  4.4940E-01  1.0957E-01
  1.9334E+02  4.4922E-01  1.0972E-01
  1.9367E+02  4.4904E-01  1.0986E-01
  1.9401E+02  4.4886E-01  1.1001E-01
  1.9435E+02  4.4868E-01  1.1016E-01
  1.9469E+02  4.4851E-01  1.1031E-01
  1.9503E+02  4.4833E-01  1.1046E-01
  1.9536E+02  4.4815E-01  1.1061E-01
  1.9570E+02  4.4798E-01  1.1076E-01
  1.9604E+02  4.4780E-01  1.1091E-01
  1.9638E+02  4.4762E-01  1.1106E-01
  1.9672E+02  4.4745E-01  1.1121E-01
  1.9705E+02  4.4727E-01  1.1136E-01
  1.9739E+02  4.4709E-01  1.1151E-01
  1.9773E+02  4.4692E-01  1.1166E-01
  1.9807E+02  4.4674E-01  1.1181E-01
  1.9841E+02  4.4656E-01  1.1195E-01
  1.9874E+02  4.4638E-01  1.1210E-01
  1.9908E+02  4.4620E-01  1.1225E-01
  1.9942E+02  4.4602E-01  1.1239E-01
  1.9976E+02  4.4583E-01  1.1254E-01
  2.0010E+02  4.4565E-01  1.1269E-01
  2.0043E+02  4.4547E-01  1.1283E-01
  2.0077E+02  4.4528E-01  1.1298E-01
  2.0111E+02  4.4510E-01  1.1312E-01
  2.0145E+02  4.4492E-01  1.1327E-01
  2.0179E+02  4.4473E-01  1.1342E-01
  2.0212E+02  4.4455E-01  1.1356E-01
  2.0246E+02  4.4437E-01  1.1371E-01
  2.0280E+02  4.4419E-01  1.1386E-01
  2.0314E+02  4.4400E-01  1.1400E-01
  2.0348E+02  4.4382E-01  1.1415E-01
  2.0381E+02  4.4364E-01  1.1430E-01
  2.0415E+02  4.4346E-01  1.1444E-01
  2.0449E+02  4.4327E-01  1.1459E-01
  2.0483E+02  4.4309E-01  1.1474E-01
  2.0517E+02  4.4291E-01  1.1488E-01
  2.0550E+02  4.4273E-01  1.1503E-01
  2.0584E+02  4.4254E-01  1.1517E-01
  2.0618E+02  4.4236E-01  1.1532E-01
  2.0652E+02  4.4218E-01  1.1546E-01
  2.0686E+02  4.4200E-01  1.1561E-01
  2.0719E+02  4.4181E-01  1.1575E-01
  2.0753E+02  4.4163E-01  1.1589E-01
  2.0787E+02  4.4145E-01  1.1604E-01
  2.0821E+02  4.4127E-01  1.1618E-01
  2.0855E+02  4.4109E-01  1.1633E-01
  2.0888E+02  4.4091E-01  1.1647E-01
  2.0922E+02  4.4073E-01  1.1662E-01
  2.0956E+02  4.4055E-01  1.1676E-01
  2.0990E+02  4.4037E-01  1.1690E-01
  2.1024E+02  4.4019E-01  1.1705E-01
  2.1057E+02  4.4001E-01  1.1719E-01
  2.1091E+02  4.3983E-01  1.1733E-01
  2.1125E+02  4.3965E-01  1.1748E-01
  2.1159E+02  4.3947E-01  1.1762E-01
  2.1193E+02  4.3929E-01  1.1776E-01
  2.1226E+02  4.3911E-01  1.1790E-01
  2.1260E+02  4.3893E-01  1.1805E-01
  2.1294E+02  4.3875E-01  1.1819E-01
  2.1328E+02  4.3858E-01  1.1833E-01
  2.1362E+02  4.3840E-01  1.1847E-01
  2.1395E+02  4.3822E-01  1.1861E-01
  2.1429E+02  4.3804E-01  1.1875E-01
  2.1463E+02  4.3787E-01  1.1889E-01
  2.1497E+02  4.3769E-01  1.1904E-01
  2.1531E+02  4.3752E-01  1.1918E-01
  2.1564E+02  4.3734E-01  1.1932E-01
  2.1598E+02  4.3717E-01  1.1946E-01
  2.1632E+02  4.3699E-01  1.1960E-01
  2.1666E+02  4.3682E-01  1.1974E-01
  2.1700E+02  4.3664E-01  1.1988E-01
  2.1733E+02  4.3647E-01  1.2003E-01
  2.1767E+02  4.3629E-01  1.2017E-01
  2.1801E+02  4.3612E-01  1.2031E-01
  2.1835E+02  4.3594E-01  1.2045E-01
  2.1869E+02  4.3577E-01  1.2059E-01
  2.1902E+02  4.3559E-01  1.2073E-01
  2.1936E+02  4.3542E-01  1.2087E-01
  2.1970E+02  4.3524E-01  1.2101E-01
  2.2004E+02  4.3507E-01  1.2115E-01
  2.2038E+02  4.3489E-01  1.2129E-01
  2.2071E+02  4.3472E-01  1.2143E-01
  2.2105E+02  4.3454E-01  1.2157E-01
  2.2139E+02  4.3436E-01  1.2171E-01
  2.2173E+02  4.3419E-01  1.2185E-01
  2.2207E+02  4.3401E-01  1.2199E-01
  2.2240E+02  4.3384E-01  1.2213E-01
  2.2274E+02  4.3366E-01  1.2227E-01
  2.2308E+02  4.3348E-01  1.2241E-01
  2.2342E+02  4.3331E-01  1.2255E-01
  2.2376E+02  4.3313E-01  1.2269E-01
  2.2409E+02  4.3295E-01  1.2283E-01
  2.2443E+02  4.3277E-01  1.2296E-01
  2.2477E+02  4.3260E-01  1.2310E-01
  2.2511E+02  4.3242E-01  1.2324E-01
  2.2545E+02  4.3224E-01  1.2338E-01
  2.2578E+02  4.3206E-01  1.2352E-01
  2.2612E+02  4.3189E-01  1.2365E-01
  2.2646E+02  4.3171E-01  1.2379E-01
  2.2680E+02  4.3153E-01  1.2393E-01
  2.2714E+02  4.3135E-01  1.2407E-01
  2.2747E+02  4.3117E-01  1.2420E-01
  2.2781E+02  4.3100E-01  1.2434E-01
  2.2815E+02  4.3082E-01  1.2448E-01
  2.2849E+02  4.3064E-01  1.2461E-01
  2.2883E+02  4.3046E-01  1.2475E-01
  2.2916E+02  4.3028E-01  1.2489E-01
  2.2950E+02  4.3010E-01  1.2502E-01
  2.2984E+02  4.2992E-01  1.2516E-01
  2.3018E+02  4.2974E-01  1.2530E-01
  2.3052E+02  4.2956E-01  1.2543E-01
  2.3085E+02  4.2938E-01  1.2557E-01
  2.3119E+02  4.2920E-01  1.2570E-01
  2.3153E+02  4.2902E-01  1.2584E-01
  2.3187E+02  4.2884E-01  1.2598E-01
  2.3221E+02  4.2866E-01  1.2611E-01
  2.3254E+02  4.2848E-01  1.2625E-01
  2.3288E+02  4.2830E-01  1.2638E-01
  2.3322E+02  4.2812E-01  1.2652E-01
  2.3356E+02  4.2794E-01  1.2665E-01
  2.3390E+02  4.2776E-01  1.2679E-01
  2.3423E+02  4.2758E-01  1.2692E-01
  2.3457E+02  4.2740E-01  1.2706E-01
  2.3491E+02  4.2722E-01  1.2719E-01
  2.3525E+02  4.2704E-01  1.2733E-01
  2.3559E+02  4.2686E-01  1.2746E-01
  2.3592E+02  4.2668E-01  1.2760E-01
  2.3626E+02  4.2650E-01  1.2774E-01
  2.3660E+02  4.2632E-01  1.2787E-01
  2.3694E+02  4.2614E-01  1.2801E-01
  2.3728E+02  4.2596E-01  1.2814E-01
  2.3761E+02  4.2578E-01  1.2828E-01
  2.3795E+02  4.2560E-01  1.2841E-01
  2.3829E+02  4.2542E-01  1.2854E-01
  2.3863E+02  4.2524E-01  1.2868E-01
  2.3897E+02  4.2506E-01  1.2881E-01
  2.3930E+02  4.2488E-01  1.2895E-01
  2.3964E+02  4.2470E-01  1.2908E-01
  2.3998E+02  4.2452E-01  1.2921E-01
  2.4032E+02  4.2434E-01  1.2934E-01
  2.4066E+02  4.2417E-01  1.2948E-01
  2.4099E+02  4.2399E-01  1.2961E-01
  2.4133E+02  4.2381E-01  1.2974E-01
  2.4167E+02  4.2363E-01  1.2988E-01
  2.4201E+02  4.2345E-01  1.3001E-01
  2.4235E+02  4.2327E-01  1.3014E-01
  2.4268E+02  4.2310E-01  1.3027E-01
  2.4302E+02  4.2292E-01  1.3041E-01
  2.4336E+02  4.2274E-01  1.3054E-01
  2.4370E+02  4.2257E-01  1.3067E-01
  2.4404E+02  4.2239E-01  1.3081E-01
  2.4437E+02  4.2221E-01  1.3094E-01
  2.4471E+02  4.2204E-01  1.3107E-01
  2.4505E+02  4.2186E-01  1.3120E-01
  2.4539E+02  4.2168E-01  1.3134E-01
  2.4573E+02  4.2151E-01  1.3147E-01
  2.4606E+02  4.2133E-01  1.3160E-01
  2.4640E+02  4.2116E-01  1.3173E-01
  2.4674E+02  4.2098E-01  1.3187E-01
  2.4708E+02  4.2080E-01  1.3200E-01
  2.4742E+02  4.2063E-01  1.3213E-01
  2.4775E+02  4.2045E-01  1.3226E-01
  2.4809E+02  4.2028E-01  1.3239E-01
  2.4843E+02  4.2010E-01  1.3252E-01
  2.4877E+02  4.1992E-01  1.3266E-01
  2.4911E+02  4.1975E-01  1.3279E-01
  2.4944E+02  4.1957E-01  1.3292E-01
  2.4978E+02  4.1940E-01  1.3305E-01
  2.5012E+02  4.1922E-01  1.3318E-01
  2.5046E+02  4.1905E-01  1.3331E-01
  2.5080E+02  4.1887E-01  1.3344E-01
  2.5113E+02  4.1870E-01  1.3357E-01
  2.5147E+02  4.1852E-01  1.3370E-01
  2.5181E+02  4.1835E-01  1.3383E-01
  2.5215E+02  4.1817E-01  1.3396E-01
  2.5249E+02  4.1800E-01  1.3409E-01
  2.5282E+02  4.1783E-01  1.3422E-01
  2.5316E+02  4.1765E-01  1.3435E-01
  2.5350E+02  4.1748E-01  1.3448E-01
  2.5384E+02  4.1730E-01  1.3460E-01
  2.5418E+02  4.1713E-01  1.3473E-01
  2.5451E+02  4.1695E-01  1.3486E-01
  2.5485E+02  4.1678E-01  1.3499E-01
  2.5519E+02  4.1661E-01  1.3512E-01
  2.5553E+02  4.1643E-01  1.3524E-01
  2.5587E+02  4.1626E-01  1.3537E-01
  2.5620E+02  4.1609E-01  1.3550E-01
  2.5654E+02  4.1591E-01  1.3562E-01
  2.5688E+02  4.1574E-01  1.3575E-01
  2.5722E+02  4.1557E-01  1.3588E-01
  2.5756E+02  4.1539E-01  1.3600E-01
  2.5789E+02  4.1522E-01  1.3613E-01
  2.5823E+02  4.1505E-01  1.3626E-01
  2.5857E+02  4.1487E-01  1.3638E-01
  2.5891E+02  4.1470E-01  1.3651E-01
  2.5925E+02  4.1452E-01  1.3663E-01
  2.5958E+02  4.1435E-01  1.3676E-01
  2.5992E+02  4.1418E-01  1.3688E-01
  2.6026E+02  4.1400E-01  1.3701E-01
  2.6060E+02  4.1383E-01  1.3713E-01
  2.6094E+02  4.1366E-01  1.3725E-01
  2.6127E+02  4.1348E-01  1.3738E-01
  2.6161E+02  4.1331E-01  1.3750E-01
  2.6195E+02  4.1314E-01  1.3763E-01
  2.6229E+02  4.1296E-01  1.3775E-01
  2.6263E+02  4.1279E-01  1.3787E-01
  2.6296E+02  4.1262E-01  1.3800E-01
  2.6330E+02  4.1244E-01  1.3812E-01
  2.6364E+02  4.1227E-01  1.3824E-01
  2.6398E+02  4.1210E-01  1.3837E-01
  2.6432E+02  4.1192E-01  1.3849E-01
  2.6465E+02  4.1175E-01  1.3861E-01
  2.6499E+02  4.1157E-01  1.3873E-01
  2.6533E+02  4.1140E-01  1.3886E-01
  2.6567E+02  4.1123E-01  1.3898E-01
  2.6601E+02  4.1105E-01  1.3910E-01
  2.6634E+02  4.1088E-01  1.3922E-01
  2.6668E+02  4.1071E-01  1.3935E-01
  2.6702E+02  4.1053E-01  1.3947E-01
  2.6736E+02  4.1036E-01  1.3959E-01
  2.6770E+02  4.1018E-01  1.3971E-01
  2.6803E+02  4.1001E-01  1.3983E-01
  2.6837E+02  4.0984E-01  1.3996E-01
  2.6871E+02  4.0966E-01  1.4008E-01
  2.6905E+02  4.0949E-01  1.4020E-01
  2.6939E+02  4.0931E-01  1.4032E-01
  2.6972E+02  4.0914E-01  1.4044E-01
  2.7006E+02  4.0896E-01  1.4056E-01
  2.7040E+02  4.0879E-01  1.4069E-01
  2.7074E+02  4.0862E-01  1.4081E-01
  2.7108E+02  4.0844E-01  1.4093E-01
  2.7141E+02  4.0827E-01  1.4105E-01
  2.7175E+02  4.0809E-01  1.4117E-01
  2.7209E+02  4.0792E-01  1.4129E-01
  2.7243E+02  4.0774E-01  1.4141E-01
  2.7277E+02  4.0757E-01  1.4153E-01
  2.7310E+02  4.0739E-01  1.4165E-01
  2.7344E+02  4.0722E-01  1.4177E-01
  2.7378E+02  4.0704E-01  1.4189E-01
  2.7412E+02  4.0687E-01  1.4201E-01
  2.7446E+02  4.0669E-01  1.4213E-01
  2.7479E+02  4.0652E-01  1.4225E-01
  2.7513E+02  4.0634E-01  1.4237E-01
  2.7547E+02  4.0616E-01  1.4249E-01
  2.7581E+02  4.0599E-01  1.4261E-01
  2.7615E+02  4.0581E-01  1.4273E-01
  2.7648E+02  4.0564E-01  1.4285E-01
  2.7682E+02  4.0546E-01  1.4297E-01
  2.7716E+02  4.0529E-01  1.4309E-01
  2.7750E+02  4.0511E-01  1.4321E-01
  2.7784E+02  4.0494E-01  1.4333E-01
  2.7817E+02  4.0476E-01  1.4345E-01
  2.7851E+02  4.0459E-01  1.4357E-01
  2.7885E+02  4.0441E-01  1.4369E-01
  2.7919E+02  4.0423E-01  1.4380E-01
  2.7953E+02  4.0406E-01  1.4392E-01
  2.7986E+02  4.0388E-01  1.4404E-01
  2.8020E+02  4.0371E-01  1.4416E-01
  2.8054E+02  4.0353E-01  1.4428E-01
  2.8088E+02  4.0336E-01  1.4439E-01
  2.8122E+02  4.0318E-01  1.4451E-01
  2.8155E+02  4.0301E-01  1.4463E-01
  2.8189E+02  4.0283E-01  1.4474E-01
  2.8223E+02  4.0265E-01  1.4486E-01
  2.8257E+02  4.0248E-01  1.4498E-01
  2.8291E+02  4.0230E-01  1.4509E-01
  2.8324E+02  4.0213E-01  1.4521E-01
  2.8358E+02  4.0195E-01  1.4533E-01
  2.8392E+02  4.0178E-01  1.4544E-01
  2.8426E+02  4.0160E-01  1.4556E-01
  2.8460E+02  4.0142E-01  1.4567E-01
  2.8493E+02  4.0125E-01  1.4579E-01
  2.8527E+02  4.0107E-01  1.4590E-01
  2.8561E+02  4.0090E-01  1.4602E-01
  2.8595E+02  4.0072E-01  1.4613E-01
  2.8629E+02  4.0054E-01  1.4625E-01
  2.8662E+02  4.0037E-01  1.4636E-01
  2.8696E+02  4.0019E-01  1.4648E-01
  2.8730E+02  4.0001E-01  1.4659E-01
  2.8764E+02  3.9984E-01  1.4671E-01
  2.8798E+02  3.9966E-01  1.4682E-01
  2.8831E+02  3.9949E-01  1.4693E-01
  2.8865E+02  3.9931E-01  1.4705E-01
  2.8899E+02  3.9913E-01  1.4716E-01
  2.8933E+02  3.9896E-01  1.4727E-01
  2.8967E+02  3.9878E-01  1.4739E-01
  2.9000E+02  3.9860E-01  1.4750E-01
  2.9034E+02  3.9843E-01  1.4761E-01
  2.9068E+02  3.9825E-01  1.4772E-01
  2.9102E+02  3.9807E-01  1.4784E-01
  2.9136E+02  3.9789E-01  1.4795E-01
  2.9169E+02  3.9772E-01  1.4806E-01
  2.9203E+02  3.9754E-01  1.4817E-01
  2.9237E+02  3.9736E-01  1.4828E-01
  2.9271E+02  3.9719E-01  1.4839E-01
  2.9305E+02  3.9701E-01  1.4851E-01
  2.9338E+02  3.9683E-01  1.4862E-01
  2.9372E+02  3.9666E-01  1.4873E-01
  2.9406E+02  3.9648E-01  1.4884E-01
  2.9440E+02  3.9630E-01  1.4895E-01
  2.9474E+02  3.9613E-01  1.4906E-01
  2.9507E+02  3.9595E-01  1.4917E-01
  2.9541E+02  3.9577E-01  1.4928E-01
  2.9575E+02  3.9560E-01  1.4939E-01
  2.9609E+02  3.9542E-01  1.4950E-01
  2.9643E+02  3.9524E-01  1.4961E-01
  2.9676E+02  3.9507E-01  1.4972E-01
  2.9710E+02  3.9489E-01  1.4983E-01
  2.9744E+02  3.9471E-01  1.4994E-01
  2.9778E+02  3.9454E-01  1.5005E-01
  2.9812E+02  3.9436E-01  1.5016E-01
  2.9845E+02  3.9418E-01  1.5027E-01
  2.9879E+02  3.9401E-01  1.5038E-01
  2.9913E+02  3.9383E-01  1.5049E-01
  2.9947E+02  3.9365E-01  1.5060E-01
  2.9981E+02  3.9348E-01  1.5070E-01
  3.0014E+02  3.9330E-01  1.5081E-01
  3.0048E+02  3.9312E-01  1.5092E-01
  3.0082E+02  3.9295E-01  1.5103E-01
  3.0116E+02  3.9277E-01  1.5114E-01
  3.0150E+02  3.9259E-01  1.5125E-01
  3.0183E+02  3.9242E-01  1.5136E-01
  3.0217E+02  3.9224E-01  1.5146E-01
  3.0251E+02  3.9206E-01  1.5157E-01
  3.0285E+02  3.9189E-01  1.5168E-01
  3.0319E+02  3.9171E-01  1.5179E-01
  3.0352E+02  3.9153E-01  1.5190E-01
  3.0386E+02  3.9136E-01  1.5200E-01
  3.0420E+02  3.9118E-01  1.5211E-01
  3.0454E+02  3.9101E-01  1.5222E-01
  3.0488E+02  3.9083E-01  1.5233E-01
  3.0521E+02  3.9065E-01  1.5243E-01
  3.0555E+02  3.9048E-01  1.5254E-01
  3.0589E+02  3.9030E-01  1.5265E-01
  3.0623E+02  3.9012E-01  1.5275E-01
  3.0657E+02  3.8995E-01  1.5286E-01
  3.0690E+02  3.8977E-01  1.5297E-01
  3.0724E+02  3.8960E-01  1.5307E-01
  3.0758E+02  3.8942E-01  1.5318E-01
  3.0792E+02  3.8924E-01  1.5329E-01
  3.0826E+02  3.8907E-01  1.5339E-01
  3.0859E+02  3.8889E-01  1.5350E-01
  3.0893E+02  3.8872E-01  1.5361E-01
  3.0927E+02  3.8854E-01  1.5371E-01
  3.0961E+02  3.8836E-01  1.5382E-01
  3.0995E+02  3.8819E-01  1.5392E-01
  3.1028E+02  3.8801E-01  1.5403E-01
  3.1062E+02  3.8784E-01  1.5413E-01
  3.1096E+02  3.8766E-01  1.5424E-01
  3.1130E+02  3.8749E-01  1.5434E-01
  3.1164E+02  3.8731E-01  1.5445E-01
  3.1197E+02  3.8714E-01  1.5455E-01
  3.1231E+02  3.8696E-01  1.5466E-01
  3.1265E+02  3.8679E-01  1.5476E-01
  3.1299E+02  3.8661E-01  1.5487E-01
  3.1333E+02  3.8644E-01  1.5497E-01
  3.1366E+02  3.8626E-01  1.5508E-01
  3.1400E+02  3.8609E-01  1.5518E-01
  3.1434E+02  3.8591E-01  1.5529E-01
  3.1468E+02  3.8574E-01  1.5539E-01
  3.1502E+02  3.8557E-01  1.5549E-01
  3.1535E+02  3.8539E-01  1.5560E-01
  3.1569E+02  3.8522E-01  1.5570E-01
  3.1603E+02  3.8504E-01  1.5580E-01
  3.1637E+02  3.8487E-01  1.5591E-01
  3.1671E+02  3.8470E-01  1.5601E-01
  3.1704E+02  3.8452E-01  1.5611E-01
  3.1738E+02  3.8435E-01  1.5622E-01
  3.1772E+02  3.8417E-01  1.5632E-01
  3.1806E+02  3.8400E-01  1.5642E-01
  3.1840E+02  3.8383E-01  1.5652E-01
  3.1873E+02  3.8365E-01  1.5663E-01
  3.1907E+02  3.8348E-01  1.5673E-01
  3.1941E+02  3.8330E-01  1.5683E-01
  3.1975E+02  3.8313E-01  1.5693E-01
  3.2009E+02  3.8296E-01  1.5703E-01
  3.2042E+02  3.8278E-01  1.5714E-01
  3.2076E+02  3.8261E-01  1.5724E-01
  3.2110E+02  3.8243E-01  1.5734E-01
  3.2144E+02  3.8226E-01  1.5744E-01
  3.2178E+02  3.8208E-01  1.5754E-01
  3.2211E+02  3.8191E-01  1.5764E-01
  3.2245E+02  3.8174E-01  1.5774E-01
  3.2279E+02  3.8156E-01  1.5784E-01
  3.2313E+02  3.8139E-01  1.5794E-01
  3.2347E+02  3.8121E-01  1.5804E-01
  3.2380E+02  3.8104E-01  1.5814E-01
  3.2414E+02  3.8087E-01  1.5824E-01
  3.2448E+02  3.8069E-01  1.5834E-01
  3.2482E+02  3.8052E-01  1.5844E-01
  3.2516E+02  3.8034E-01  1.5854E-01
  3.2549E+02  3.8017E-01  1.5864E-01
  3.2583E+02  3.8000E-01  1.5874E-01
  3.2617E+02  3.7982E-01  1.5884E-01
  3.2651E+02  3.7965E-01  1.5894E-01
  3.2685E+02  3.7947E-01  1.5904E-01
  3.2718E+02  3.7930E-01  1.5914E-01
  3.2752E+02  3.7912E-01  1.5924E-01
  3.2786E+02  3.7895E-01  1.5934E-01
  3.2820E+02  3.7878E-01  1.5943E-01
  3.2854E+02  3.7860E-01  1.5953E-01
  3.2887E+02  3.7843E-01  1.5963E-01
  3.2921E+02  3.7825E-01  1.5973E-01
  3.2955E+02  3.7808E-01  1.5983E-01
  3.2989E+02  3.7791E-01  1.5993E-01
  3.3023E+02  3.7773E-01  1.6002E-01
  3.3056E+02  3.7756E-01  1.6012E-01
  3.3090E+02  3.7739E-01  1.6022E-01
  3.3124E+02  3.7721E-01  1.6032E-01
  3.3158E+02  3.7704E-01  1.6041E-01
  3.3192E+02  3.7686E-01  1.6051E-01
  3.3225E+02  3.7669E-01  1.6061E-01
  3.3259E+02  3.7652E-01  1.6071E-01
  3.3293E+02  3.7634E-01  1.6080E-01
  3.3327E+02  3.7617E-01  1.6090E-01
  3.3361E+02  3.7600E-01  1.6100E-01
  3.3394E+02  3.7582E-01  1.6109E-01
  3.3428E+02  3.7565E-01  1.6119E-01
  3.3462E+02  3.7547E-01  1.6129E-01
  3.3496E+02  3.7530E-01  1.6138E-01
  3.3530E+02  3.7513E-01  1.6148E-01
  3.3563E+02  3.7495E-01  1.6157E-01
  3.3597E+02  3.7478E-01  1.6167E-01
  3.3631E+02  3.7461E-01  1.6177E-01
  3.3665E+02  3.7443E-01  1.6186E-01
  3.3699E+02  3.7426E-01  1.6196E-01
  3.3732E+02  3.7409E-01  1.6205E-01
  3.3766E+02  3.7391E-01  1.6215E-01
  3.3800E+02  3.7374E-01  1.6224E-01
  3.3834E+02  3.7357E-01  1.6234E-01
  3.3868E+02  3.7339E-01  1.6243E-01
  3.3901E+02  3.7322E-01  1.6253E-01
  3.3935E+02  3.7305E-01  1.6262E-01
  3.3969E+02  3.7287E-01  1.6272E-01
  3.4003E+02  3.7270E-01  1.6281E-01
  3.4037E+02  3.7252E-01  1.6290E-01
  3.4070E+02  3.7235E-01  1.6300E-01
  3.4104E+02  3.7218E-01  1.6309E-01
  3.4138E+02  3.7200E-01  1.6319E-01
  3.4172E+02  3.7183E-01  1.6328E-01
  3.4206E+02  3.7166E-01  1.6337E-01
  3.4239E+02  3.7148E-01  1.6347E-01
  3.4273E+02  3.7131E-01  1.6356E-01
  3.4307E+02  3.7114E-01  1.6365E-01
  3.4341E+02  3.7096E-01  1.6375E-01
  3.4375E+02  3.7079E-01  1.6384E-01
  3.4408E+02  3.7062E-01  1.6393E-01
  3.4442E+02  3.7044E-01  1.6403E-01
  3.4476E+02  3.7027E-01  1.6412E-01
  3.4510E+02  3.7009E-01  1.6421E-01
  3.4544E+02  3.6992E-01  1.6430E-01
  3.4577E+02  3.6975E-01  1.6440E-01
  3.4611E+02  3.6957E-01  1.6449E-01
  3.4645E+02  3.6940E-01  1.6458E-01
  3.4679E+02  3.6923E-01  1.6467E-01
  3.4713E+02  3.6905E-01  1.6477E-01
  3.4746E+02  3.6888E-01  1.6486E-01
  3.4780E+02  3.6871E-01  1.6495E-01
  3.4814E+02  3.6853E-01  1.6504E-01
  3.4848E+02  3.6836E-01  1.6513E-01
  3.4882E+02  3.6819E-01  1.6522E-01
  3.4915E+02  3.6801E-01  1.6531E-01
  3.4949E+02  3.6784E-01  1.6541E-01
  3.4983E+02  3.6767E-01  1.6550E-01
  3.5017E+02  3.6749E-01  1.6559E-01
  3.5051E+02  3.6732E-01  1.6568E-01
  3.5084E+02  3.6714E-01  1.6577E-01
  3.5118E+02  3.6697E-01  1.6586E-01
  3.5152E+02  3.6680E-01  1.6595E-01
  3.5186E+02  3.6662E-01  1.6604E-01
  3.5220E+02  3.6645E-01  1.6613E-01
  3.5253E+02  3.6628E-01  1.6622E-01
  3.5287E+02  3.6610E-01  1.6631E-01
  3.5321E+02  3.6593E-01  1.6640E-01
  3.5355E+02  3.6576E-01  1.6649E-01
  3.5389E+02  3.6558E-01  1.6658E-01
  3.5422E+02  3.6541E-01  1.6667E-01
  3.5456E+02  3.6524E-01  1.6676E-01
  3.5490E+02  3.6506E-01  1.6685E-01
  3.5524E+02  3.6489E-01  1.6693E-01
  3.5558E+02  3.6472E-01  1.6702E-01
  3.5591E+02  3.6454E-01  1.6711E-01
  3.5625E+02  3.6437E-01  1.6720E-01
  3.5659E+02  3.6420E-01  1.6729E-01
  3.5693E+02  3.6403E-01  1.6738E-01
  3.5727E+02  3.6385E-01  1.6746E-01
  3.5760E+02  3.6368E-01  1.6755E-01
  3.5794E+02  3.6351E-01  1.6764E-01
  3.5828E+02  3.6333E-01  1.6773E-01
  3.5862E+02  3.6316E-01  1.6781E-01
  3.5896E+02  3.6299E-01  1.6790E-01
  3.5929E+02  3.6281E-01  1.6799E-01
  3.5963E+02  3.6264E-01  1.6808E-01
  3.5997E+02  3.6247E-01  1.6816E-01
  3.6031E+02  3.6230E-01  1.6825E-01
  3.6065E+02  3.6212E-01  1.6834E-01
  3.6098E+02  3.6195E-01  1.6842E-01
  3.6132E+02  3.6178E-01  1.6851E-01
  3.6166E+02  3.6160E-01  1.6860E-01
  3.6200E+02  3.6143E-01  1.6868E-01
  3.6234E+02  3.6126E-01  1.6877E-01
  3.6267E+02  3.6109E-01  1.6886E-01
  3.6301E+02  3.6091E-01  1.6894E-01
  3.6335E+02  3.6074E-01  1.6903E-01
  3.6369E+02  3.6057E-01  1.6911E-01
  3.6403E+02  3.6039E-01  1.6920E-01
  3.6436E+02  3.6022E-01  1.6928E-01
  3.6470E+02  3.6005E-01  1.6937E-01
  3.6504E+02  3.5988E-01  1.6946E-01
  3.6538E+02  3.5970E-01  1.6954E-01
  3.6572E+02  3.5953E-01  1.6963E-01
  3.6605E+02  3.5936E-01  1.6971E-01
  3.6639E+02  3.5919E-01  1.6980E-01
  3.6673E+02  3.5902E-01  1.6988E-01
  3.6707E+02  3.5884E-01  1.6996E-01
  3.6741E+02  3.5867E-01  1.7005E-01
  3.6774E+02  3.5850E-01  1.7013E-01
  3.6808E+02  3.5833E-01  1.7022E-01
  3.6842E+02  3.5815E-01  1.7030E-01
  3.6876E+02  3.5798E-01  1.7039E-01
  3.6910E+02  3.5781E-01  1.7047E-01
  3.6943E+02  3.5764E-01  1.7055E-01
  3.6977E+02  3.5747E-01  1.7064E-01
  3.7011E+02  3.5729E-01  1.7072E-01
  3.7045E+02  3.5712E-01  1.7080E-01
  3.7079E+02  3.5695E-01  1.7089E-01
  3.7112E+02  3.5678E-01  1.7097E-01
  3.7146E+02  3.5661E-01  1.7105E-01
  3.7180E+02  3.5643E-01  1.7114E-01
  3.7214E+02  3.5626E-01  1.7122E-01
  3.7248E+02  3.5609E-01  1.7130E-01
  3.7281E+02  3.5592E-01  1.7139E-01
  3.7315E+02  3.5575E-01  1.7147E-01
  3.7349E+02  3.5557E-01  1.7155E-01
  3.7383E+02  3.5540E-01  1.7163E-01
  3.7417E+02  3.5523E-01  1.7171E-01
  3.7450E+02  3.5506E-01  1.7180E-01
  3.7484E+02  3.5489E-01  1.7188E-01
  3.7518E+02  3.5472E-01  1.7196E-01
  3.7552E+02  3.5455E-01  1.7204E-01
  3.7586E+02  3.5437E-01  1.7212E-01
  3.7619E+02  3.5420E-01  1.7220E-01
  3.7653E+02  3.5403E-01  1.7229E-01
  3.7687E+02  3.5386E-01  1.7237E-01
  3.7721E+02  3.5369E-01  1.7245E-01
  3.7755E+02  3.5352E-01  1.7253E-01
  3.7788E+02  3.5335E-01  1.7261E-01
  3.7822E+02  3.5317E-01  1.7269E-01
  3.7856E+02  3.5300E-01  1.7277E-01
  3.7890E+02  3.5283E-01  1.7285E-01
  3.7924E+02  3.5266E-01  1.7293E-01
  3.7957E+02  3.5249E-01  1.7301E-01
  3.7991E+02  3.5232E-01  1.7309E-01
  3.8025E+02  3.5215E-01  1.7317E-01
  3.8059E+02  3.5198E-01  1.7325E-01
  3.8093E+02  3.5181E-01  1.7333E-01
  3.8126E+02  3.5163E-01  1.7341E-01
  3.8160E+02  3.5146E-01  1.7349E-01
  3.8194E+02  3.5129E-01  1.7357E-01
  3.8228E+02  3.5112E-01  1.7365E-01
  3.8262E+02  3.5095E-01  1.7373E-01
  3.8295E+02  3.5078E-01  1.7381E-01
  3.8329E+02  3.5061E-01  1.7389E-01
  3.8363E+02  3.5044E-01  1.7397E-01
  3.8397E+02  3.5027E-01  1.7404E-01
  3.8431E+02  3.5010E-01  1.7412E-01
  3.8464E+02  3.4992E-01  1.7420E-01
  3.8498E+02  3.4975E-01  1.7428E-01
  3.8532E+02  3.4958E-01  1.7436E-01
  3.8566E+02  3.4941E-01  1.7444E-01
  3.8600E+02  3.4924E-01  1.7451E-01
  3.8633E+02  3.4907E-01  1.7459E-01
  3.8667E+02  3.4890E-01  1.7467E-01
  3.8701E+02  3.4873E-01  1.7475E-01
  3.8735E+02  3.4856E-01  1.7482E-01
  3.8769E+02  3.4839E-01  1.7490E-01
  3.8802E+02  3.4822E-01  1.7498E-01
  3.8836E+02  3.4805E-01  1.7506E-01
  3.8870E+02  3.4787E-01  1.7513E-01
  3.8904E+02  3.4770E-01  1.7521E-01
  3.8938E+02  3.4753E-01  1.7529E-01
  3.8971E+02  3.4736E-01  1.7536E-01
  3.9005E+02  3.4719E-01  1.7544E-01
  3.9039E+02  3.4702E-01  1.7552E-01
  3.9073E+02  3.4685E-01  1.7559E-01
  3.9107E+02  3.4668E-01  1.7567E-01
  3.9140E+02  3.4651E-01  1.7574E-01
  3.9174E+02  3.4634E-01  1.7582E-01
  3.9208E+02  3.4617E-01  1.7590E-01
  3.9242E+02  3.4600E-01  1.7597E-01
  3.9276E+02  3.4583E-01  1.7605E-01
  3.9309E+02  3.4566E-01  1.7612E-01
  3.9343E+02  3.4549E-01  1.7620E-01
  3.9377E+02  3.4532E-01  1.7627E-01
  3.9411E+02  3.4514E-01  1.7635E-01
  3.9445E+02  3.4497E-01  1.7642E-01
  3.9478E+02  3.4480E-01  1.7650E-01
  3.9512E+02  3.4463E-01  1.7657E-01
  3.9546E+02  3.4446E-01  1.7665E-01
  3.9580E+02  3.4429E-01  1.7672E-01
  3.9614E+02  3.4412E-01  1.7680E-01
  3.9647E+02  3.4395E-01  1.7687E-01
  3.9681E+02  3.4378E-01  1.7694E-01
  3.9715E+02  3.4361E-01  1.7702E-01
  3.9749E+02  3.4344E-01  1.7709E-01
  3.9783E+02  3.4327E-01  1.7717E-01
  3.9816E+02  3.4310E-01  1.7724E-01
  3.9850E+02  3.4293E-01  1.7731E-01
  3.9884E+02  3.4276E-01  1.7739E-01
  3.9918E+02  3.4259E-01  1.7746E-01
  3.9952E+02  3.4242E-01  1.7753E-01
  3.9985E+02  3.4225E-01  1.7761E-01
  4.0019E+02  3.4208E-01  1.7768E-01
  4.0053E+02  3.4191E-01  1.7775E-01
  4.0087E+02  3.4174E-01  1.7782E-01
  4.0121E+02  3.4157E-01  1.7790E-01
  4.0154E+02  3.4140E-01  1.7797E-01
  4.0188E+02  3.4123E-01  1.7804E-01
  4.0222E+02  3.4106E-01  1.7811E-01
  4.0256E+02  3.4089E-01  1.7819E-01
  4.0290E+02  3.4072E-01  1.7826E-01
  4.0323E+02  3.4055E-01  1.7833E-01
  4.0357E+02  3.4037E-01  1.7840E-01
  4.0391E+02  3.4020E-01  1.7847E-01
  4.0425E+02  3.4003E-01  1.7855E-01
  4.0459E+02  3.3986E-01  1.7862E-01
  4.0492E+02  3.3969E-01  1.7869E-01
  4.0526E+02  3.3952E-01  1.7876E-01
  4.0560E+02  3.3935E-01  1.7883E-01
  4.0594E+02  3.3918E-01  1.7890E-01
  4.0628E+02  3.3901E-01  1.7897E-01
  4.0661E+02  3.3884E-01  1.7904E-01
  4.0695E+02  3.3867E-01  1.7912E-01
  4.0729E+02  3.3850E-01  1.7919E-01
  4.0763E+02  3.3833E-01  1.7926E-01
  4.0797E+02  3.3816E-01  1.7933E-01
  4.0830E+02  3.3799E-01  1.7940E-01
  4.0864E+02  3.3783E-01  1.7947E-01
  4.0898E+02  3.3766E-01  1.7954E-01
  4.0932E+02  3.3749E-01  1.7961E-01
  4.0966E+02  3.3732E-01  1.7968E-01
  4.0999E+02  3.3715E-01  1.7975E-01
  4.1033E+02  3.3698E-01  1.7982E-01
  4.1067E+02  3.3681E-01  1.7989E-01
  4.1101E+02  3.3664E-01  1.7996E-01
  4.1135E+02  3.3647E-01  1.8002E-01
  4.1168E+02  3.3630E-01  1.8009E-01
  4.1202E+02  3.3613E-01  1.8016E-01
  4.1236E+02  3.3596E-01  1.8023E-01
  4.1270E+02  3.3579E-01  1.8030E-01
  4.1304E+02  3.3562E-01  1.8037E-01
  4.1337E+02  3.3545E-01  1.8044E-01
  4.1371E+02  3.3528E-01  1.8051E-01
  4.1405E+02  3.3511E-01  1.8057E-01
  4.1439E+02  3.3494E-01  1.8064E-01
  4.1473E+02  3.3478E-01  1.8071E-01
  4.1506E+02  3.3461E-01  1.8078E-01
  4.1540E+02  3.3444E-01  1.8085E-01
  4.1574E+02  3.3427E-01  1.8092E-01
  4.1608E+02  3.3410E-01  1.8098E-01
  4.1642E+02  3.3393E-01  1.8105E-01
  4.1675E+02  3.3376E-01  1.8112E-01
  4.1709E+02  3.3359E-01  1.8119E-01
  4.1743E+02  3.3342E-01  1.8125E-01
  4.1777E+02  3.3325E-01  1.8132E-01
  4.1811E+02  3.3309E-01  1.8139E-01
  4.1844E+02  3.3292E-01  1.8145E-01
  4.1878E+02  3.3275E-01  1.8152E-01
  4.1912E+02  3.3258E-01  1.8159E-01
  4.1946E+02  3.3241E-01  1.8165E-01
  4.1980E+02  3.3224E-01  1.8172E-01
  4.2013E+02  3.3207E-01  1.8179E-01
  4.2047E+02  3.3191E-01  1.8185E-01
  4.2081E+02  3.3174E-01  1.8192E-01
  4.2115E+02  3.3157E-01  1.8198E-01
  4.2149E+02  3.3140E-01  1.8205E-01
  4.2182E+02  3.3123E-01  1.8212E-01
  4.2216E+02  3.3106E-01  1.8218E-01
  4.2250E+02  3.3090E-01  1.8225E-01
  4.2284E+02  3.3073E-01  1.8231E-01
  4.2318E+02  3.3056E-01  1.8238E-01
  4.2351E+02  3.3039E-01  1.8244E-01
  4.2385E+02  3.3022E-01  1.8251E-01
  4.2419E+02  3.3005E-01  1.8257E-01
  4.2453E+02  3.2989E-01  1.8264E-01
  4.2487E+02  3.2972E-01  1.8270E-01
  4.2520E+02  3.2955E-01  1.8277E-01
  4.2554E+02  3.2938E-01  1.8283E-01
  4.2588E+02  3.2921E-01  1.8290E-01
  4.2622E+02  3.2905E-01  1.8296E-01
  4.2656E+02  3.2888E-01  1.8303E-01
  4.2689E+02  3.2871E-01  1.8309E-01
  4.2723E+02  3.2854E-01  1.8315E-01
  4.2757E+02  3.2838E-01  1.8322E-01
  4.2791E+02  3.2821E-01  1.8328E-01
  4.2825E+02  3.2804E-01  1.8335E-01
  4.2858E+02  3.2787E-01  1.8341E-01
  4.2892E+02  3.2771E-01  1.8347E-01
  4.2926E+02  3.2754E-01  1.8354E-01
  4.2960E+02  3.2737E-01  1.8360E-01
  4.2994E+02  3.2720E-01  1.8366E-01
  4.3027E+02  3.2704E-01  1.8373E-01
  4.3061E+02  3.2687E-01  1.8379E-01
  4.3095E+02  3.2670E-01  1.8385E-01
  4.3129E+02  3.2653E-01  1.8391E-01
  4.3163E+02  3.2637E-01  1.8398E-01
  4.3196E+02  3.2620E-01  1.8404E-01
  4.3230E+02  3.2603E-01  1.8410E-01
  4.3264E+02  3.2586E-01  1.8416E-01
  4.3298E+02  3.2570E-01  1.8423E-01
  4.3332E+02  3.2553E-01  1.8429E-01
  4.3365E+02  3.2536E-01  1.8435E-01
  4.3399E+02  3.2520E-01  1.8441E-01
  4.3433E+02  3.2503E-01  1.8447E-01
  4.3467E+02  3.2486E-01  1.8453E-01
  4.3501E+02  3.2470E-01  1.8460E-01
  4.3534E+02  3.2453E-01  1.8466E-01
  4.3568E+02  3.2436E-01  1.8472E-01
  4.3602E+02  3.2420E-01  1.8478E-01
  4.3636E+02  3.2403E-01  1.8484E-01
  4.3670E+02  3.2386E-01  1.8490E-01
  4.3703E+02  3.2369E-01  1.8496E-01
  4.3737E+02  3.2353E-01  1.8502E-01
  4.3771E+02  3.2336E-01  1.8508E-01
  4.3805E+02  3.2319E-01  1.8514E-01
  4.3839E+02  3.2303E-01  1.8520E-01
  4.3872E+02  3.2286E-01  1.8526E-01
  4.3906E+02  3.2270E-01  1.8532E-01
  4.3940E+02  3.2253E-01  1.8538E-01
  4.3974E+02  3.2236E-01  1.8544E-01
  4.4008E+02  3.2220E-01  1.8550E-01
  4.4041E+02  3.2203E-01  1.8556E-01
  4.4075E+02  3.2186E-01  1.8562E-01
  4.4109E+02  3.2170E-01  1.8568E-01
  4.4143E+02  3.2153E-01  1.8574E-01
  4.4177E+02  3.2136E-01  1.8580E-01
  4.4210E+02  3.2120E-01  1.8586E-01
  4.4244E+02  3.2103E-01  1.8592E-01
  4.4278E+02  3.2087E-01  1.8598E-01
  4.4312E+02  3.2070E-01  1.8604E-01
  4.4346E+02  3.2053E-01  1.8610E-01
  4.4379E+02  3.2037E-01  1.8616E-01
  4.4413E+02  3.2020E-01  1.8621E-01
  4.4447E+02  3.2004E-01  1.8627E-01
  4.4481E+02  3.1987E-01  1.8633E-01
  4.4515E+02  3.1970E-01  1.8639E-01
  4.4548E+02  3.1954E-01  1.8645E-01
  4.4582E+02  3.1937E-01  1.8650E-01
  4.4616E+02  3.1921E-01  1.8656E-01
  4.4650E+02  3.1904E-01  1.8662E-01
  4.4684E+02  3.1888E-01  1.8668E-01
  4.4717E+02  3.1871E-01  1.8674E-01
  4.4751E+02  3.1854E-01  1.8679E-01
  4.4785E+02  3.1838E-01  1.8685E-01
  4.4819E+02  3.1821E-01  1.8691E-01
  4.4853E+02  3.1805E-01  1.8697E-01
  4.4886E+02  3.1788E-01  1.8702E-01
  4.4920E+02  3.1772E-01  1.8708E-01
  4.4954E+02  3.1755E-01  1.8714E-01
  4.4988E+02  3.1739E-01  1.8719E-01
  4.5022E+02  3.1722E-01  1.8725E-01
  4.5055E+02  3.1706E-01  1.8731E-01
  4.5089E+02  3.1689E-01  1.8736E-01
  4.5123E+02  3.1673E-01  1.8742E-01
  4.5157E+02  3.1656E-01  1.8748E-01
  4.5191E+02  3.1639E-01  1.8753E-01
  4.5224E+02  3.1623E-01  1.8759E-01
  4.5258E+02  3.1606E-01  1.8764E-01
  4.5292E+02  3.1590E-01  1.8770E-01
  4.5326E+02  3.1573E-01  1.8775E-01
  4.5360E+02  3.1557E-01  1.8781E-01
  4.5393E+02  3.1540E-01  1.8787E-01
  4.5427E+02  3.1524E-01  1.8792E-01
  4.5461E+02  3.1508E-01  1.8798E-01
  4.5495E+02  3.1491E-01  1.8803E-01
  4.5529E+02  3.1475E-01  1.8809E-01
  4.5562E+02  3.1458E-01  1.8814E-01
  4.5596E+02  3.1442E-01  1.8820E-01
  4.5630E+02  3.1425E-01  1.8825E-01
  4.5664E+02  3.1409E-01  1.8831E-01
  4.5698E+02  3.1392E-01  1.8836E-01
  4.5731E+02  3.1376E-01  1.8841E-01
  4.5765E+02  3.1359E-01  1.8847E-01
  4.5799E+02  3.1343E-01  1.8852E-01
  4.5833E+02  3.1326E-01  1.8858E-01
  4.5867E+02  3.1310E-01  1.8863E-01
  4.5900E+02  3.1294E-01  1.8868E-01
  4.5934E+02  3.1277E-01  1.8874E-01
  4.5968E+02  3.1261E-01  1.8879E-01
  4.6002E+02  3.1244E-01  1.8884E-01
  4.6036E+02  3.1228E-01  1.8890E-01
  4.6069E+02  3.1211E-01  1.8895E-01
  4.6103E+02  3.1195E-01  1.8900E-01
  4.6137E+02  3.1179E-01  1.8906E-01
  4.6171E+02  3.1162E-01  1.8911E-01
  4.6205E+02  3.1146E-01  1.8916E-01
  4.6238E+02  3.1129E-01  1.8922E-01
  4.6272E+02  3.1113E-01  1.8927E-01
  4.6306E+02  3.1097E-01  1.8932E-01
  4.6340E+02  3.1080E-01  1.8937E-01
  4.6374E+02  3.1064E-01  1.8943E-01
  4.6407E+02  3.1048E-01  1.8948E-01
  4.6441E+02  3.1031E-01  1.8953E-01
  4.6475E+02  3.1015E-01  1.8958E-01
  4.6509E+02  3.0998E-01  1.8963E-01
  4.6543E+02  3.0982E-01  1.8969E-01
  4.6576E+02  3.0966E-01  1.8974E-01
  4.6610E+02  3.0949E-01  1.8979E-01
  4.6644E+02  3.0933E-01  1.8984E-01
  4.6678E+02  3.0917E-01  1.8989E-01
  4.6712E+02  3.0900E-01  1.8994E-01
  4.6745E+02  3.0884E-01  1.9000E-01
  4.6779E+02  3.0868E-01  1.9005E-01
  4.6813E+02  3.0851E-01  1.9010E-01
  4.6847E+02  3.0835E-01  1.9015E-01
  4.6881E+02  3.0819E-01  1.9020E-01
  4.6914E+02  3.0802E-01  1.9025E-01
  4.6948E+02  3.0786E-01  1.9030E-01
  4.6982E+02  3.0770E-01  1.9035E-01
  4.7016E+02  3.0753E-01  1.9040E-01
  4.7050E+02  3.0737E-01  1.9045E-01
  4.7083E+02  3.0721E-01  1.9050E-01
  4.7117E+02  3.0704E-01  1.9055E-01
  4.7151E+02  3.0688E-01  1.9060E-01
  4.7185E+02  3.0672E-01  1.9065E-01
  4.7219E+02  3.0656E-01  1.9070E-01
  4.7252E+02  3.0639E-01  1.9075E-01
  4.7286E+02  3.0623E-01  1.9080E-01
  4.7320E+02  3.0607E-01  1.9085E-01
  4.7354E+02  3.0591E-01  1.9090E-01
  4.7388E+02  3.0574E-01  1.9095E-01
  4.7421E+02  3.0558E-01  1.9100E-01
  4.7455E+02  3.0542E-01  1.9105E-01
  4.7489E+02  3.0525E-01  1.9110E-01
  4.7523E+02  3.0509E-01  1.9115E-01
  4.7557E+02  3.0493E-01  1.9119E-01
  4.7590E+02  3.0477E-01  1.9124E-01
  4.7624E+02  3.0461E-01  1.9129E-01
  4.7658E+02  3.0444E-01  1.9134E-01
  4.7692E+02  3.0428E-01  1.9139E-01
  4.7726E+02  3.0412E-01  1.9144E-01
  4.7759E+02  3.0396E-01  1.9148E-01
  4.7793E+02  3.0379E-01  1.9153E-01
  4.7827E+02  3.0363E-01  1.9158E-01
  4.7861E+02  3.0347E-01  1.9163E-01
  4.7895E+02  3.0331E-01  1.9168E-01
  4.7928E+02  3.0315E-01  1.9172E-01
  4.7962E+02  3.0298E-01  1.9177E-01
  4.7996E+02  3.0282E-01  1.9182E-01
  4.8030E+02  3.0266E-01  1.9187E-01
  4.8064E+02  3.0250E-01  1.9191E-01
  4.8097E+02  3.0234E-01  1.9196E-01
  4.8131E+02  3.0218E-01  1.9201E-01
  4.8165E+02  3.0201E-01  1.9206E-01
  4.8199E+02  3.0185E-01  1.9210E-01
  4.8233E+02  3.0169E-01  1.9215E-01
  4.8266E+02  3.0153E-01  1.9220E-01
  4.8300E+02  3.0137E-01  1.9224E-01
  4.8334E+02  3.0121E-01  1.9229E-01
  4.8368E+02  3.0104E-01  1.9233E-01
  4.8402E+02  3.0088E-01  1.9238E-01
  4.8435E+02  3.0072E-01  1.9243E-01
  4.8469E+02  3.0056E-01  1.9247E-01
  4.8503E+02  3.0040E-01  1.9252E-01
  4.8537E+02  3.0024E-01  1.9257E-01
  4.8571E+02  3.0008E-01  1.9261E-01
  4.8604E+02  2.9992E-01  1.9266E-01
  4.8638E+02  2.9976E-01  1.9270E-01
  4.8672E+02  2.9959E-01  1.9275E-01
  4.8706E+02  2.9943E-01  1.9279E-01
  4.8740E+02  2.9927E-01  1.9284E-01
  4.8773E+02  2.9911E-01  1.9288E-01
  4.8807E+02  2.9895E-01  1.9293E-01
  4.8841E+02  2.9879E-01  1.9297E-01
  4.8875E+02  2.9863E-01  1.9302E-01
  4.8909E+02  2.9847E-01  1.9306E-01
  4.8942E+02  2.9831E-01  1.9311E-01
  4.8976E+02  2.9815E-01  1.9315E-01
  4.9010E+02  2.9799E-01  1.9320E-01
  4.9044E+02  2.9783E-01  1.9324E-01
  4.9078E+02  2.9767E-01  1.9329E-01
  4.9111E+02  2.9750E-01  1.9333E-01
  4.9145E+02  2.9734E-01  1.9337E-01
  4.9179E+02  2.9718E-01  1.9342E-01
  4.9213E+02  2.9702E-01  1.9346E-01
  4.9247E+02  2.9686E-01  1.9350E-01
  4.9280E+02  2.9670E-01  1.9355E-01
  4.9314E+02  2.9654E-01  1.9359E-01
  4.9348E+02  2.9638E-01  1.9364E-01
  4.9382E+02  2.9622E-01  1.9368E-01
  4.9416E+02  2.9606E-01  1.9372E-01
  4.9449E+02  2.9590E-01  1.9377E-01
  4.9483E+02  2.9574E-01  1.9381E-01
  4.9517E+02  2.9558E-01  1.9385E-01
  4.9551E+02  2.9542E-01  1.9389E-01
  4.9585E+02  2.9526E-01  1.9394E-01
  4.9618E+02  2.9510E-01  1.9398E-01
  4.9652E+02  2.9494E-01  1.9402E-01
  4.9686E+02  2.9478E-01  1.9406E-01
  4.9720E+02  2.9462E-01  1.9411E-01
  4.9754E+02  2.9446E-01  1.9415E-01
  4.9787E+02  2.9430E-01  1.9419E-01
  4.9821E+02  2.9414E-01  1.9423E-01
  4.9855E+02  2.9398E-01  1.9428E-01
  4.9889E+02  2.9382E-01  1.9432E-01
  4.9923E+02  2.9366E-01  1.9436E-01
  4.9956E+02  2.9351E-01  1.9440E-01
  4.9990E+02  2.9335E-01  1.9444E-01
  5.0000E+02  2.9330E-01  1.9445E-01
