# CREATED BY GENE DIAGNOSTICS TOOL on Mon Jun 25 11:50:01 2018
# diag: GAMDIAG, run(s): 0017, time window: 0-500(1383 steps), species: ions
# original data path: /r/c/cmor/ZF_3rd/w7xhms05/0.5047-1.5/
# normalization: L_ref=5.4832m
#
# xind= 0, x/a= 0.70710677, q= 1.1018624
# Fit:    1,-0.15025611,2.8215944
# Analytic (Gao, Zhou/Yu): 0.32199362,-0.17539576,2.8215952
#  t          Re[phi]     Im[phi]   
  0.0000E+00  9.9998E-01  0.0000E+00
  3.6200E-01  9.9766E-01  9.1720E-04
  7.2400E-01  9.9102E-01  1.8546E-03
  1.0860E+00  9.8077E-01  2.8024E-03
  1.4480E+00  9.6764E-01  3.7446E-03
  1.8100E+00  9.5248E-01  4.6770E-03
  2.1720E+00  9.3607E-01  5.5987E-03
  2.5340E+00  9.1912E-01  6.5055E-03
  2.8960E+00  9.0226E-01  7.3892E-03
  3.2580E+00  8.8594E-01  8.2395E-03
  3.6200E+00  8.7049E-01  9.0457E-03
  3.9820E+00  8.5613E-01  9.8001E-03
  4.3440E+00  8.4289E-01  1.0499E-02
  4.7060E+00  8.3076E-01  1.1145E-02
  5.0680E+00  8.1961E-01  1.1742E-02
  5.4300E+00  8.0928E-01  1.2301E-02
  5.7920E+00  7.9960E-01  1.2830E-02
  6.1540E+00  7.9038E-01  1.3340E-02
  6.5160E+00  7.8146E-01  1.3839E-02
  6.8780E+00  7.7269E-01  1.4332E-02
  7.2400E+00  7.6398E-01  1.4821E-02
  7.6020E+00  7.5524E-01  1.5308E-02
  7.9640E+00  7.4643E-01  1.5789E-02
  8.3260E+00  7.3754E-01  1.6261E-02
  8.6880E+00  7.2858E-01  1.6720E-02
  9.0500E+00  7.1958E-01  1.7159E-02
  9.4120E+00  7.1059E-01  1.7576E-02
  9.7740E+00  7.0164E-01  1.7966E-02
  1.0136E+01  6.9279E-01  1.8326E-02
  1.0498E+01  6.8409E-01  1.8654E-02
  1.0860E+01  6.7558E-01  1.8948E-02
  1.1222E+01  6.6730E-01  1.9210E-02
  1.1584E+01  6.5929E-01  1.9439E-02
  1.1946E+01  6.5159E-01  1.9635E-02
  1.2308E+01  6.4420E-01  1.9801E-02
  1.2670E+01  6.3716E-01  1.9941E-02
  1.3032E+01  6.3046E-01  2.0061E-02
  1.3394E+01  6.2413E-01  2.0161E-02
  1.3756E+01  6.1817E-01  2.0243E-02
  1.4118E+01  6.1259E-01  2.0309E-02
  1.4480E+01  6.0737E-01  2.0364E-02
  1.4842E+01  6.0252E-01  2.0413E-02
  1.5204E+01  5.9803E-01  2.0458E-02
  1.5566E+01  5.9390E-01  2.0502E-02
  1.5928E+01  5.9014E-01  2.0550E-02
  1.6290E+01  5.8672E-01  2.0602E-02
  1.6652E+01  5.8365E-01  2.0658E-02
  1.7014E+01  5.8090E-01  2.0721E-02
  1.7376E+01  5.7846E-01  2.0794E-02
  1.7738E+01  5.7633E-01  2.0880E-02
  1.8100E+01  5.7452E-01  2.0983E-02
  1.8462E+01  5.7301E-01  2.1103E-02
  1.8824E+01  5.7181E-01  2.1239E-02
  1.9186E+01  5.7089E-01  2.1388E-02
  1.9548E+01  5.7025E-01  2.1551E-02
  1.9910E+01  5.6986E-01  2.1729E-02
  2.0272E+01  5.6972E-01  2.1927E-02
  2.0634E+01  5.6981E-01  2.2148E-02
  2.0996E+01  5.7010E-01  2.2393E-02
  2.1358E+01  5.7057E-01  2.2659E-02
  2.1720E+01  5.7119E-01  2.2944E-02
  2.2082E+01  5.7197E-01  2.3246E-02
  2.2444E+01  5.7289E-01  2.3566E-02
  2.2806E+01  5.7397E-01  2.3902E-02
  2.3168E+01  5.7519E-01  2.4256E-02
  2.3530E+01  5.7653E-01  2.4625E-02
  2.3892E+01  5.7795E-01  2.5011E-02
  2.4254E+01  5.7944E-01  2.5410E-02
  2.4616E+01  5.8099E-01  2.5826E-02
  2.4978E+01  5.8259E-01  2.6260E-02
  2.5340E+01  5.8424E-01  2.6712E-02
  2.5702E+01  5.8592E-01  2.7181E-02
  2.6064E+01  5.8762E-01  2.7661E-02
  2.6426E+01  5.8928E-01  2.8148E-02
  2.6788E+01  5.9090E-01  2.8636E-02
  2.7150E+01  5.9245E-01  2.9122E-02
  2.7512E+01  5.9394E-01  2.9603E-02
  2.7874E+01  5.9536E-01  3.0080E-02
  2.8236E+01  5.9675E-01  3.0558E-02
  2.8598E+01  5.9812E-01  3.1041E-02
  2.8960E+01  5.9947E-01  3.1530E-02
  2.9322E+01  6.0080E-01  3.2027E-02
  2.9684E+01  6.0211E-01  3.2530E-02
  3.0046E+01  6.0336E-01  3.3035E-02
  3.0408E+01  6.0454E-01  3.3540E-02
  3.0770E+01  6.0560E-01  3.4040E-02
  3.1132E+01  6.0654E-01  3.4534E-02
  3.1494E+01  6.0734E-01  3.5020E-02
  3.1856E+01  6.0801E-01  3.5497E-02
  3.2218E+01  6.0853E-01  3.5965E-02
  3.2580E+01  6.0893E-01  3.6427E-02
  3.2942E+01  6.0922E-01  3.6884E-02
  3.3304E+01  6.0942E-01  3.7337E-02
  3.3666E+01  6.0954E-01  3.7785E-02
  3.4028E+01  6.0956E-01  3.8227E-02
  3.4390E+01  6.0947E-01  3.8663E-02
  3.4752E+01  6.0928E-01  3.9090E-02
  3.5114E+01  6.0897E-01  3.9508E-02
  3.5476E+01  6.0857E-01  3.9918E-02
  3.5838E+01  6.0808E-01  4.0320E-02
  3.6200E+01  6.0753E-01  4.0717E-02
  3.6562E+01  6.0693E-01  4.1110E-02
  3.6924E+01  6.0629E-01  4.1500E-02
  3.7286E+01  6.0564E-01  4.1888E-02
  3.7648E+01  6.0498E-01  4.2275E-02
  3.8010E+01  6.0431E-01  4.2659E-02
  3.8372E+01  6.0360E-01  4.3038E-02
  3.8734E+01  6.0284E-01  4.3409E-02
  3.9096E+01  6.0200E-01  4.3770E-02
  3.9458E+01  6.0107E-01  4.4120E-02
  3.9820E+01  6.0005E-01  4.4459E-02
  4.0182E+01  5.9893E-01  4.4786E-02
  4.0544E+01  5.9773E-01  4.5105E-02
  4.0906E+01  5.9645E-01  4.5415E-02
  4.1268E+01  5.9513E-01  4.5719E-02
  4.1630E+01  5.9381E-01  4.6021E-02
  4.1992E+01  5.9251E-01  4.6323E-02
  4.2354E+01  5.9126E-01  4.6629E-02
  4.2716E+01  5.9009E-01  4.6941E-02
  4.3078E+01  5.8901E-01  4.7263E-02
  4.3440E+01  5.8803E-01  4.7594E-02
  4.3802E+01  5.8716E-01  4.7936E-02
  4.4164E+01  5.8639E-01  4.8288E-02
  4.4526E+01  5.8573E-01  4.8647E-02
  4.4888E+01  5.8514E-01  4.9010E-02
  4.5250E+01  5.8461E-01  4.9372E-02
  4.5612E+01  5.8408E-01  4.9725E-02
  4.5974E+01  5.8352E-01  5.0065E-02
  4.6336E+01  5.8288E-01  5.0384E-02
  4.6698E+01  5.8212E-01  5.0677E-02
  4.7060E+01  5.8120E-01  5.0944E-02
  4.7422E+01  5.8011E-01  5.1184E-02
  4.7784E+01  5.7886E-01  5.1402E-02
  4.8146E+01  5.7746E-01  5.1607E-02
  4.8508E+01  5.7596E-01  5.1811E-02
  4.8870E+01  5.7442E-01  5.2023E-02
  4.9232E+01  5.7288E-01  5.2253E-02
  4.9594E+01  5.7139E-01  5.2505E-02
  4.9956E+01  5.7001E-01  5.2784E-02
  5.0318E+01  5.6875E-01  5.3089E-02
  5.0680E+01  5.6766E-01  5.3419E-02
  5.1042E+01  5.6674E-01  5.3768E-02
  5.1404E+01  5.6598E-01  5.4131E-02
  5.1766E+01  5.6538E-01  5.4500E-02
  5.2128E+01  5.6491E-01  5.4869E-02
  5.2490E+01  5.6455E-01  5.5230E-02
  5.2852E+01  5.6426E-01  5.5577E-02
  5.3214E+01  5.6402E-01  5.5903E-02
  5.3576E+01  5.6381E-01  5.6208E-02
  5.3938E+01  5.6362E-01  5.6494E-02
  5.4300E+01  5.6344E-01  5.6766E-02
  5.4662E+01  5.6329E-01  5.7032E-02
  5.5024E+01  5.6317E-01  5.7301E-02
  5.5386E+01  5.6308E-01  5.7580E-02
  5.5748E+01  5.6304E-01  5.7876E-02
  5.6110E+01  5.6303E-01  5.8193E-02
  5.6472E+01  5.6305E-01  5.8534E-02
  5.6834E+01  5.6307E-01  5.8897E-02
  5.7196E+01  5.6308E-01  5.9283E-02
  5.7558E+01  5.6306E-01  5.9685E-02
  5.7920E+01  5.6300E-01  6.0100E-02
  5.8282E+01  5.6287E-01  6.0521E-02
  5.8644E+01  5.6268E-01  6.0940E-02
  5.9006E+01  5.6240E-01  6.1352E-02
  5.9368E+01  5.6203E-01  6.1749E-02
  5.9730E+01  5.6157E-01  6.2128E-02
  6.0092E+01  5.6101E-01  6.2483E-02
  6.0454E+01  5.6036E-01  6.2812E-02
  6.0816E+01  5.5963E-01  6.3115E-02
  6.1178E+01  5.5884E-01  6.3394E-02
  6.1540E+01  5.5803E-01  6.3652E-02
  6.1902E+01  5.5721E-01  6.3895E-02
  6.2264E+01  5.5641E-01  6.4129E-02
  6.2626E+01  5.5568E-01  6.4360E-02
  6.2988E+01  5.5503E-01  6.4594E-02
  6.3350E+01  5.5449E-01  6.4838E-02
  6.3712E+01  5.5407E-01  6.5094E-02
  6.4074E+01  5.5377E-01  6.5366E-02
  6.4436E+01  5.5359E-01  6.5654E-02
  6.4798E+01  5.5351E-01  6.5958E-02
  6.5160E+01  5.5351E-01  6.6276E-02
  6.5522E+01  5.5357E-01  6.6607E-02
  6.5884E+01  5.5366E-01  6.6946E-02
  6.6246E+01  5.5377E-01  6.7290E-02
  6.6608E+01  5.5387E-01  6.7639E-02
  6.6970E+01  5.5395E-01  6.7988E-02
  6.7332E+01  5.5400E-01  6.8337E-02
  6.7694E+01  5.5399E-01  6.8685E-02
  6.8056E+01  5.5394E-01  6.9028E-02
  6.8418E+01  5.5382E-01  6.9367E-02
  6.8780E+01  5.5363E-01  6.9699E-02
  6.9142E+01  5.5339E-01  7.0025E-02
  6.9504E+01  5.5309E-01  7.0343E-02
  6.9866E+01  5.5274E-01  7.0654E-02
  7.0228E+01  5.5235E-01  7.0957E-02
  7.0590E+01  5.5191E-01  7.1253E-02
  7.0952E+01  5.5145E-01  7.1541E-02
  7.1314E+01  5.5095E-01  7.1823E-02
  7.1676E+01  5.5045E-01  7.2101E-02
  7.2038E+01  5.4994E-01  7.2377E-02
  7.2400E+01  5.4943E-01  7.2652E-02
  7.2762E+01  5.4894E-01  7.2928E-02
  7.3124E+01  5.4845E-01  7.3206E-02
  7.3486E+01  5.4798E-01  7.3482E-02
  7.3848E+01  5.4751E-01  7.3758E-02
  7.4210E+01  5.4703E-01  7.4031E-02
  7.4572E+01  5.4656E-01  7.4301E-02
  7.4934E+01  5.4608E-01  7.4569E-02
  7.5296E+01  5.4560E-01  7.4836E-02
  7.5658E+01  5.4512E-01  7.5103E-02
  7.6020E+01  5.4464E-01  7.5371E-02
  7.6382E+01  5.4418E-01  7.5641E-02
  7.6744E+01  5.4372E-01  7.5913E-02
  7.7106E+01  5.4329E-01  7.6187E-02
  7.7468E+01  5.4286E-01  7.6461E-02
  7.7830E+01  5.4245E-01  7.6736E-02
  7.8192E+01  5.4204E-01  7.7010E-02
  7.8554E+01  5.4162E-01  7.7282E-02
  7.8916E+01  5.4120E-01  7.7549E-02
  7.9278E+01  5.4075E-01  7.7811E-02
  7.9640E+01  5.4029E-01  7.8067E-02
  8.0002E+01  5.3982E-01  7.8318E-02
  8.0364E+01  5.3934E-01  7.8566E-02
  8.0726E+01  5.3887E-01  7.8812E-02
  8.1088E+01  5.3841E-01  7.9059E-02
  8.1450E+01  5.3797E-01  7.9309E-02
  8.1812E+01  5.3757E-01  7.9563E-02
  8.2174E+01  5.3718E-01  7.9820E-02
  8.2536E+01  5.3683E-01  8.0081E-02
  8.2898E+01  5.3649E-01  8.0344E-02
  8.3260E+01  5.3617E-01  8.0607E-02
  8.3622E+01  5.3585E-01  8.0868E-02
  8.3984E+01  5.3553E-01  8.1127E-02
  8.4346E+01  5.3520E-01  8.1382E-02
  8.4708E+01  5.3487E-01  8.1633E-02
  8.5070E+01  5.3454E-01  8.1883E-02
  8.5432E+01  5.3421E-01  8.2132E-02
  8.5794E+01  5.3388E-01  8.2382E-02
  8.6156E+01  5.3356E-01  8.2633E-02
  8.6518E+01  5.3325E-01  8.2887E-02
  8.6880E+01  5.3295E-01  8.3143E-02
  8.7242E+01  5.3266E-01  8.3403E-02
  8.7604E+01  5.3239E-01  8.3665E-02
  8.7966E+01  5.3213E-01  8.3928E-02
  8.8328E+01  5.3188E-01  8.4193E-02
  8.8690E+01  5.3164E-01  8.4457E-02
  8.9052E+01  5.3140E-01  8.4721E-02
  8.9414E+01  5.3117E-01  8.4983E-02
  8.9776E+01  5.3093E-01  8.5243E-02
  9.0138E+01  5.3069E-01  8.5502E-02
  9.0500E+01  5.3045E-01  8.5760E-02
  9.0862E+01  5.3021E-01  8.6019E-02
  9.1224E+01  5.2997E-01  8.6281E-02
  9.1586E+01  5.2974E-01  8.6547E-02
  9.1948E+01  5.2952E-01  8.6818E-02
  9.2310E+01  5.2931E-01  8.7095E-02
  9.2672E+01  5.2911E-01  8.7375E-02
  9.3034E+01  5.2892E-01  8.7659E-02
  9.3396E+01  5.2874E-01  8.7943E-02
  9.3758E+01  5.2856E-01  8.8226E-02
  9.4120E+01  5.2836E-01  8.8507E-02
  9.4482E+01  5.2815E-01  8.8783E-02
  9.4844E+01  5.2792E-01  8.9053E-02
  9.5206E+01  5.2766E-01  8.9318E-02
  9.5568E+01  5.2738E-01  8.9577E-02
  9.5930E+01  5.2707E-01  8.9832E-02
  9.6292E+01  5.2675E-01  9.0085E-02
  9.6654E+01  5.2642E-01  9.0339E-02
  9.7016E+01  5.2609E-01  9.0596E-02
  9.7378E+01  5.2577E-01  9.0857E-02
  9.7740E+01  5.2546E-01  9.1125E-02
  9.8102E+01  5.2518E-01  9.1399E-02
  9.8464E+01  5.2492E-01  9.1679E-02
  9.8826E+01  5.2468E-01  9.1964E-02
  9.9188E+01  5.2447E-01  9.2253E-02
  9.9550E+01  5.2428E-01  9.2543E-02
  9.9912E+01  5.2410E-01  9.2834E-02
  1.0027E+02  5.2393E-01  9.3122E-02
  1.0064E+02  5.2375E-01  9.3408E-02
  1.0100E+02  5.2357E-01  9.3689E-02
  1.0136E+02  5.2338E-01  9.3966E-02
  1.0172E+02  5.2316E-01  9.4239E-02
  1.0208E+02  5.2293E-01  9.4508E-02
  1.0245E+02  5.2267E-01  9.4773E-02
  1.0281E+02  5.2239E-01  9.5035E-02
  1.0317E+02  5.2209E-01  9.5295E-02
  1.0353E+02  5.2176E-01  9.5554E-02
  1.0389E+02  5.2143E-01  9.5812E-02
  1.0426E+02  5.2109E-01  9.6071E-02
  1.0462E+02  5.2074E-01  9.6331E-02
  1.0498E+02  5.2039E-01  9.6592E-02
  1.0534E+02  5.2005E-01  9.6854E-02
  1.0570E+02  5.1971E-01  9.7115E-02
  1.0607E+02  5.1938E-01  9.7375E-02
  1.0643E+02  5.1906E-01  9.7635E-02
  1.0679E+02  5.1875E-01  9.7894E-02
  1.0715E+02  5.1845E-01  9.8154E-02
  1.0751E+02  5.1817E-01  9.8415E-02
  1.0788E+02  5.1790E-01  9.8678E-02
  1.0824E+02  5.1764E-01  9.8943E-02
  1.0860E+02  5.1739E-01  9.9210E-02
  1.0896E+02  5.1715E-01  9.9479E-02
  1.0932E+02  5.1690E-01  9.9749E-02
  1.0969E+02  5.1666E-01  1.0002E-01
  1.1005E+02  5.1641E-01  1.0029E-01
  1.1041E+02  5.1616E-01  1.0055E-01
  1.1077E+02  5.1590E-01  1.0082E-01
  1.1113E+02  5.1563E-01  1.0108E-01
  1.1150E+02  5.1536E-01  1.0134E-01
  1.1186E+02  5.1509E-01  1.0160E-01
  1.1222E+02  5.1481E-01  1.0185E-01
  1.1258E+02  5.1454E-01  1.0211E-01
  1.1294E+02  5.1426E-01  1.0236E-01
  1.1331E+02  5.1398E-01  1.0261E-01
  1.1367E+02  5.1370E-01  1.0286E-01
  1.1403E+02  5.1343E-01  1.0310E-01
  1.1439E+02  5.1316E-01  1.0335E-01
  1.1475E+02  5.1289E-01  1.0360E-01
  1.1512E+02  5.1264E-01  1.0385E-01
  1.1548E+02  5.1240E-01  1.0411E-01
  1.1584E+02  5.1216E-01  1.0437E-01
  1.1620E+02  5.1194E-01  1.0463E-01
  1.1656E+02  5.1171E-01  1.0490E-01
  1.1693E+02  5.1149E-01  1.0517E-01
  1.1729E+02  5.1127E-01  1.0543E-01
  1.1765E+02  5.1104E-01  1.0570E-01
  1.1801E+02  5.1080E-01  1.0597E-01
  1.1837E+02  5.1055E-01  1.0623E-01
  1.1874E+02  5.1029E-01  1.0648E-01
  1.1910E+02  5.1001E-01  1.0673E-01
  1.1946E+02  5.0971E-01  1.0698E-01
  1.1982E+02  5.0941E-01  1.0721E-01
  1.2018E+02  5.0909E-01  1.0745E-01
  1.2055E+02  5.0877E-01  1.0768E-01
  1.2091E+02  5.0845E-01  1.0791E-01
  1.2127E+02  5.0814E-01  1.0814E-01
  1.2163E+02  5.0784E-01  1.0837E-01
  1.2199E+02  5.0754E-01  1.0860E-01
  1.2236E+02  5.0726E-01  1.0884E-01
  1.2272E+02  5.0699E-01  1.0908E-01
  1.2308E+02  5.0674E-01  1.0932E-01
  1.2344E+02  5.0650E-01  1.0956E-01
  1.2380E+02  5.0627E-01  1.0981E-01
  1.2417E+02  5.0605E-01  1.1006E-01
  1.2453E+02  5.0583E-01  1.1032E-01
  1.2489E+02  5.0562E-01  1.1058E-01
  1.2525E+02  5.0540E-01  1.1083E-01
  1.2561E+02  5.0519E-01  1.1109E-01
  1.2598E+02  5.0497E-01  1.1135E-01
  1.2634E+02  5.0474E-01  1.1161E-01
  1.2670E+02  5.0451E-01  1.1187E-01
  1.2706E+02  5.0427E-01  1.1213E-01
  1.2742E+02  5.0402E-01  1.1238E-01
  1.2779E+02  5.0377E-01  1.1263E-01
  1.2815E+02  5.0351E-01  1.1288E-01
  1.2851E+02  5.0325E-01  1.1313E-01
  1.2887E+02  5.0299E-01  1.1338E-01
  1.2923E+02  5.0272E-01  1.1363E-01
  1.2960E+02  5.0245E-01  1.1388E-01
  1.2996E+02  5.0219E-01  1.1412E-01
  1.3032E+02  5.0191E-01  1.1437E-01
  1.3068E+02  5.0164E-01  1.1461E-01
  1.3104E+02  5.0137E-01  1.1485E-01
  1.3141E+02  5.0109E-01  1.1509E-01
  1.3177E+02  5.0082E-01  1.1533E-01
  1.3213E+02  5.0054E-01  1.1557E-01
  1.3249E+02  5.0027E-01  1.1580E-01
  1.3285E+02  5.0000E-01  1.1604E-01
  1.3322E+02  4.9974E-01  1.1628E-01
  1.3358E+02  4.9948E-01  1.1652E-01
  1.3394E+02  4.9922E-01  1.1676E-01
  1.3430E+02  4.9897E-01  1.1700E-01
  1.3466E+02  4.9873E-01  1.1725E-01
  1.3503E+02  4.9849E-01  1.1749E-01
  1.3539E+02  4.9825E-01  1.1774E-01
  1.3575E+02  4.9801E-01  1.1798E-01
  1.3611E+02  4.9777E-01  1.1823E-01
  1.3647E+02  4.9753E-01  1.1847E-01
  1.3684E+02  4.9728E-01  1.1871E-01
  1.3720E+02  4.9703E-01  1.1895E-01
  1.3756E+02  4.9678E-01  1.1918E-01
  1.3792E+02  4.9652E-01  1.1942E-01
  1.3828E+02  4.9626E-01  1.1966E-01
  1.3865E+02  4.9600E-01  1.1989E-01
  1.3901E+02  4.9575E-01  1.2013E-01
  1.3937E+02  4.9549E-01  1.2037E-01
  1.3973E+02  4.9523E-01  1.2061E-01
  1.4009E+02  4.9498E-01  1.2085E-01
  1.4046E+02  4.9472E-01  1.2109E-01
  1.4082E+02  4.9447E-01  1.2133E-01
  1.4118E+02  4.9422E-01  1.2157E-01
  1.4154E+02  4.9396E-01  1.2181E-01
  1.4190E+02  4.9371E-01  1.2204E-01
  1.4227E+02  4.9345E-01  1.2228E-01
  1.4263E+02  4.9319E-01  1.2252E-01
  1.4299E+02  4.9292E-01  1.2276E-01
  1.4335E+02  4.9266E-01  1.2299E-01
  1.4371E+02  4.9239E-01  1.2322E-01
  1.4408E+02  4.9212E-01  1.2346E-01
  1.4444E+02  4.9185E-01  1.2369E-01
  1.4480E+02  4.9158E-01  1.2393E-01
  1.4516E+02  4.9132E-01  1.2416E-01
  1.4552E+02  4.9105E-01  1.2440E-01
  1.4589E+02  4.9080E-01  1.2464E-01
  1.4625E+02  4.9054E-01  1.2488E-01
  1.4661E+02  4.9029E-01  1.2511E-01
  1.4697E+02  4.9004E-01  1.2535E-01
  1.4733E+02  4.8979E-01  1.2559E-01
  1.4770E+02  4.8954E-01  1.2583E-01
  1.4806E+02  4.8929E-01  1.2607E-01
  1.4842E+02  4.8904E-01  1.2630E-01
  1.4878E+02  4.8878E-01  1.2654E-01
  1.4914E+02  4.8852E-01  1.2677E-01
  1.4951E+02  4.8825E-01  1.2700E-01
  1.4987E+02  4.8798E-01  1.2723E-01
  1.5023E+02  4.8770E-01  1.2746E-01
  1.5059E+02  4.8742E-01  1.2768E-01
  1.5095E+02  4.8714E-01  1.2791E-01
  1.5132E+02  4.8685E-01  1.2814E-01
  1.5168E+02  4.8657E-01  1.2836E-01
  1.5204E+02  4.8629E-01  1.2859E-01
  1.5240E+02  4.8601E-01  1.2882E-01
  1.5276E+02  4.8573E-01  1.2905E-01
  1.5313E+02  4.8545E-01  1.2928E-01
  1.5349E+02  4.8518E-01  1.2951E-01
  1.5385E+02  4.8491E-01  1.2974E-01
  1.5421E+02  4.8464E-01  1.2997E-01
  1.5457E+02  4.8437E-01  1.3020E-01
  1.5494E+02  4.8410E-01  1.3043E-01
  1.5530E+02  4.8384E-01  1.3066E-01
  1.5566E+02  4.8357E-01  1.3089E-01
  1.5602E+02  4.8331E-01  1.3112E-01
  1.5638E+02  4.8304E-01  1.3135E-01
  1.5675E+02  4.8277E-01  1.3158E-01
  1.5711E+02  4.8251E-01  1.3181E-01
  1.5747E+02  4.8223E-01  1.3204E-01
  1.5783E+02  4.8196E-01  1.3227E-01
  1.5819E+02  4.8169E-01  1.3250E-01
  1.5856E+02  4.8141E-01  1.3273E-01
  1.5892E+02  4.8113E-01  1.3296E-01
  1.5928E+02  4.8084E-01  1.3319E-01
  1.5964E+02  4.8056E-01  1.3342E-01
  1.6000E+02  4.8027E-01  1.3364E-01
  1.6037E+02  4.7998E-01  1.3387E-01
  1.6073E+02  4.7970E-01  1.3409E-01
  1.6109E+02  4.7941E-01  1.3432E-01
  1.6145E+02  4.7912E-01  1.3455E-01
  1.6181E+02  4.7883E-01  1.3477E-01
  1.6218E+02  4.7854E-01  1.3500E-01
  1.6254E+02  4.7825E-01  1.3523E-01
  1.6290E+02  4.7796E-01  1.3545E-01
  1.6326E+02  4.7767E-01  1.3568E-01
  1.6362E+02  4.7738E-01  1.3590E-01
  1.6399E+02  4.7709E-01  1.3613E-01
  1.6435E+02  4.7680E-01  1.3635E-01
  1.6471E+02  4.7650E-01  1.3657E-01
  1.6507E+02  4.7621E-01  1.3679E-01
  1.6543E+02  4.7592E-01  1.3701E-01
  1.6580E+02  4.7562E-01  1.3723E-01
  1.6616E+02  4.7533E-01  1.3745E-01
  1.6652E+02  4.7503E-01  1.3766E-01
  1.6688E+02  4.7474E-01  1.3788E-01
  1.6724E+02  4.7445E-01  1.3810E-01
  1.6761E+02  4.7416E-01  1.3831E-01
  1.6797E+02  4.7387E-01  1.3853E-01
  1.6833E+02  4.7359E-01  1.3875E-01
  1.6869E+02  4.7330E-01  1.3897E-01
  1.6905E+02  4.7302E-01  1.3919E-01
  1.6942E+02  4.7273E-01  1.3941E-01
  1.6978E+02  4.7245E-01  1.3962E-01
  1.7014E+02  4.7216E-01  1.3984E-01
  1.7050E+02  4.7188E-01  1.4006E-01
  1.7086E+02  4.7159E-01  1.4027E-01
  1.7123E+02  4.7130E-01  1.4049E-01
  1.7159E+02  4.7101E-01  1.4070E-01
  1.7195E+02  4.7072E-01  1.4092E-01
  1.7231E+02  4.7043E-01  1.4113E-01
  1.7267E+02  4.7013E-01  1.4134E-01
  1.7304E+02  4.6984E-01  1.4155E-01
  1.7340E+02  4.6955E-01  1.4177E-01
  1.7376E+02  4.6925E-01  1.4198E-01
  1.7412E+02  4.6896E-01  1.4219E-01
  1.7448E+02  4.6867E-01  1.4241E-01
  1.7485E+02  4.6837E-01  1.4262E-01
  1.7521E+02  4.6808E-01  1.4283E-01
  1.7557E+02  4.6778E-01  1.4305E-01
  1.7593E+02  4.6749E-01  1.4326E-01
  1.7629E+02  4.6719E-01  1.4348E-01
  1.7666E+02  4.6689E-01  1.4369E-01
  1.7702E+02  4.6659E-01  1.4391E-01
  1.7738E+02  4.6628E-01  1.4412E-01
  1.7774E+02  4.6598E-01  1.4434E-01
  1.7810E+02  4.6567E-01  1.4455E-01
  1.7847E+02  4.6535E-01  1.4476E-01
  1.7883E+02  4.6504E-01  1.4497E-01
  1.7919E+02  4.6472E-01  1.4518E-01
  1.7955E+02  4.6440E-01  1.4538E-01
  1.7991E+02  4.6408E-01  1.4559E-01
  1.8028E+02  4.6376E-01  1.4579E-01
  1.8064E+02  4.6343E-01  1.4600E-01
  1.8100E+02  4.6311E-01  1.4620E-01
  1.8136E+02  4.6279E-01  1.4641E-01
  1.8172E+02  4.6247E-01  1.4661E-01
  1.8209E+02  4.6215E-01  1.4681E-01
  1.8245E+02  4.6183E-01  1.4702E-01
  1.8281E+02  4.6151E-01  1.4722E-01
  1.8317E+02  4.6120E-01  1.4743E-01
  1.8353E+02  4.6088E-01  1.4763E-01
  1.8390E+02  4.6057E-01  1.4784E-01
  1.8426E+02  4.6026E-01  1.4804E-01
  1.8462E+02  4.5994E-01  1.4824E-01
  1.8498E+02  4.5963E-01  1.4844E-01
  1.8534E+02  4.5932E-01  1.4864E-01
  1.8571E+02  4.5900E-01  1.4884E-01
  1.8607E+02  4.5869E-01  1.4904E-01
  1.8643E+02  4.5838E-01  1.4924E-01
  1.8679E+02  4.5806E-01  1.4944E-01
  1.8715E+02  4.5775E-01  1.4964E-01
  1.8752E+02  4.5744E-01  1.4983E-01
  1.8788E+02  4.5713E-01  1.5003E-01
  1.8824E+02  4.5682E-01  1.5022E-01
  1.8860E+02  4.5651E-01  1.5042E-01
  1.8896E+02  4.5620E-01  1.5061E-01
  1.8933E+02  4.5589E-01  1.5081E-01
  1.8969E+02  4.5558E-01  1.5100E-01
  1.9005E+02  4.5527E-01  1.5119E-01
  1.9041E+02  4.5497E-01  1.5138E-01
  1.9077E+02  4.5466E-01  1.5158E-01
  1.9114E+02  4.5435E-01  1.5177E-01
  1.9150E+02  4.5405E-01  1.5196E-01
  1.9186E+02  4.5375E-01  1.5215E-01
  1.9222E+02  4.5345E-01  1.5234E-01
  1.9258E+02  4.5315E-01  1.5254E-01
  1.9295E+02  4.5285E-01  1.5273E-01
  1.9331E+02  4.5255E-01  1.5292E-01
  1.9367E+02  4.5225E-01  1.5312E-01
  1.9403E+02  4.5195E-01  1.5331E-01
  1.9439E+02  4.5165E-01  1.5350E-01
  1.9476E+02  4.5135E-01  1.5370E-01
  1.9512E+02  4.5105E-01  1.5389E-01
  1.9548E+02  4.5075E-01  1.5408E-01
  1.9584E+02  4.5044E-01  1.5427E-01
  1.9620E+02  4.5014E-01  1.5447E-01
  1.9657E+02  4.4983E-01  1.5466E-01
  1.9693E+02  4.4952E-01  1.5485E-01
  1.9729E+02  4.4921E-01  1.5504E-01
  1.9765E+02  4.4889E-01  1.5523E-01
  1.9801E+02  4.4858E-01  1.5542E-01
  1.9838E+02  4.4826E-01  1.5560E-01
  1.9874E+02  4.4794E-01  1.5579E-01
  1.9910E+02  4.4761E-01  1.5598E-01
  1.9946E+02  4.4729E-01  1.5617E-01
  1.9982E+02  4.4697E-01  1.5635E-01
  2.0019E+02  4.4664E-01  1.5654E-01
  2.0055E+02  4.4632E-01  1.5673E-01
  2.0091E+02  4.4599E-01  1.5692E-01
  2.0127E+02  4.4567E-01  1.5710E-01
  2.0163E+02  4.4535E-01  1.5729E-01
  2.0200E+02  4.4502E-01  1.5748E-01
  2.0236E+02  4.4470E-01  1.5767E-01
  2.0272E+02  4.4437E-01  1.5785E-01
  2.0308E+02  4.4405E-01  1.5804E-01
  2.0344E+02  4.4373E-01  1.5823E-01
  2.0381E+02  4.4340E-01  1.5841E-01
  2.0417E+02  4.4308E-01  1.5860E-01
  2.0453E+02  4.4275E-01  1.5878E-01
  2.0489E+02  4.4243E-01  1.5897E-01
  2.0525E+02  4.4210E-01  1.5915E-01
  2.0562E+02  4.4178E-01  1.5934E-01
  2.0598E+02  4.4145E-01  1.5952E-01
  2.0634E+02  4.4113E-01  1.5970E-01
  2.0670E+02  4.4081E-01  1.5989E-01
  2.0706E+02  4.4049E-01  1.6007E-01
  2.0743E+02  4.4017E-01  1.6025E-01
  2.0779E+02  4.3985E-01  1.6044E-01
  2.0815E+02  4.3953E-01  1.6062E-01
  2.0851E+02  4.3922E-01  1.6081E-01
  2.0887E+02  4.3890E-01  1.6099E-01
  2.0924E+02  4.3859E-01  1.6117E-01
  2.0960E+02  4.3828E-01  1.6136E-01
  2.0996E+02  4.3797E-01  1.6154E-01
  2.1032E+02  4.3766E-01  1.6173E-01
  2.1068E+02  4.3735E-01  1.6191E-01
  2.1105E+02  4.3704E-01  1.6209E-01
  2.1141E+02  4.3674E-01  1.6228E-01
  2.1177E+02  4.3644E-01  1.6246E-01
  2.1213E+02  4.3613E-01  1.6265E-01
  2.1249E+02  4.3583E-01  1.6283E-01
  2.1286E+02  4.3553E-01  1.6301E-01
  2.1322E+02  4.3523E-01  1.6320E-01
  2.1358E+02  4.3493E-01  1.6338E-01
  2.1394E+02  4.3464E-01  1.6356E-01
  2.1430E+02  4.3434E-01  1.6375E-01
  2.1467E+02  4.3404E-01  1.6393E-01
  2.1503E+02  4.3375E-01  1.6412E-01
  2.1539E+02  4.3345E-01  1.6430E-01
  2.1575E+02  4.3316E-01  1.6448E-01
  2.1611E+02  4.3287E-01  1.6466E-01
  2.1648E+02  4.3257E-01  1.6485E-01
  2.1684E+02  4.3228E-01  1.6503E-01
  2.1720E+02  4.3198E-01  1.6521E-01
  2.1756E+02  4.3169E-01  1.6539E-01
  2.1792E+02  4.3140E-01  1.6557E-01
  2.1829E+02  4.3110E-01  1.6575E-01
  2.1865E+02  4.3081E-01  1.6593E-01
  2.1901E+02  4.3052E-01  1.6611E-01
  2.1937E+02  4.3022E-01  1.6629E-01
  2.1973E+02  4.2993E-01  1.6647E-01
  2.2010E+02  4.2963E-01  1.6665E-01
  2.2046E+02  4.2934E-01  1.6682E-01
  2.2082E+02  4.2904E-01  1.6700E-01
  2.2118E+02  4.2874E-01  1.6717E-01
  2.2154E+02  4.2845E-01  1.6735E-01
  2.2191E+02  4.2815E-01  1.6752E-01
  2.2227E+02  4.2785E-01  1.6769E-01
  2.2263E+02  4.2756E-01  1.6787E-01
  2.2299E+02  4.2726E-01  1.6804E-01
  2.2335E+02  4.2696E-01  1.6821E-01
  2.2372E+02  4.2666E-01  1.6838E-01
  2.2408E+02  4.2636E-01  1.6855E-01
  2.2444E+02  4.2606E-01  1.6871E-01
  2.2480E+02  4.2576E-01  1.6888E-01
  2.2516E+02  4.2546E-01  1.6905E-01
  2.2553E+02  4.2515E-01  1.6921E-01
  2.2589E+02  4.2485E-01  1.6938E-01
  2.2625E+02  4.2455E-01  1.6954E-01
  2.2661E+02  4.2425E-01  1.6971E-01
  2.2697E+02  4.2395E-01  1.6987E-01
  2.2734E+02  4.2364E-01  1.7004E-01
  2.2770E+02  4.2334E-01  1.7020E-01
  2.2806E+02  4.2304E-01  1.7036E-01
  2.2842E+02  4.2273E-01  1.7053E-01
  2.2878E+02  4.2243E-01  1.7069E-01
  2.2915E+02  4.2213E-01  1.7085E-01
  2.2951E+02  4.2183E-01  1.7102E-01
  2.2987E+02  4.2152E-01  1.7118E-01
  2.3023E+02  4.2122E-01  1.7134E-01
  2.3059E+02  4.2092E-01  1.7150E-01
  2.3096E+02  4.2062E-01  1.7167E-01
  2.3132E+02  4.2032E-01  1.7183E-01
  2.3168E+02  4.2001E-01  1.7199E-01
  2.3204E+02  4.1971E-01  1.7216E-01
  2.3240E+02  4.1941E-01  1.7232E-01
  2.3277E+02  4.1911E-01  1.7249E-01
  2.3313E+02  4.1881E-01  1.7265E-01
  2.3349E+02  4.1851E-01  1.7281E-01
  2.3385E+02  4.1822E-01  1.7298E-01
  2.3421E+02  4.1792E-01  1.7314E-01
  2.3458E+02  4.1762E-01  1.7331E-01
  2.3494E+02  4.1733E-01  1.7348E-01
  2.3530E+02  4.1703E-01  1.7364E-01
  2.3566E+02  4.1674E-01  1.7381E-01
  2.3602E+02  4.1645E-01  1.7398E-01
  2.3639E+02  4.1615E-01  1.7415E-01
  2.3675E+02  4.1586E-01  1.7432E-01
  2.3711E+02  4.1557E-01  1.7448E-01
  2.3747E+02  4.1528E-01  1.7465E-01
  2.3783E+02  4.1499E-01  1.7482E-01
  2.3820E+02  4.1470E-01  1.7499E-01
  2.3856E+02  4.1441E-01  1.7516E-01
  2.3892E+02  4.1413E-01  1.7533E-01
  2.3928E+02  4.1384E-01  1.7550E-01
  2.3964E+02  4.1355E-01  1.7566E-01
  2.4001E+02  4.1327E-01  1.7583E-01
  2.4037E+02  4.1298E-01  1.7600E-01
  2.4073E+02  4.1270E-01  1.7617E-01
  2.4109E+02  4.1241E-01  1.7634E-01
  2.4145E+02  4.1213E-01  1.7651E-01
  2.4182E+02  4.1185E-01  1.7667E-01
  2.4218E+02  4.1157E-01  1.7684E-01
  2.4254E+02  4.1129E-01  1.7701E-01
  2.4290E+02  4.1101E-01  1.7717E-01
  2.4326E+02  4.1073E-01  1.7734E-01
  2.4363E+02  4.1045E-01  1.7751E-01
  2.4399E+02  4.1017E-01  1.7767E-01
  2.4435E+02  4.0989E-01  1.7783E-01
  2.4471E+02  4.0961E-01  1.7800E-01
  2.4507E+02  4.0933E-01  1.7816E-01
  2.4544E+02  4.0905E-01  1.7832E-01
  2.4580E+02  4.0877E-01  1.7848E-01
  2.4616E+02  4.0849E-01  1.7864E-01
  2.4652E+02  4.0821E-01  1.7880E-01
  2.4688E+02  4.0794E-01  1.7896E-01
  2.4725E+02  4.0766E-01  1.7912E-01
  2.4761E+02  4.0738E-01  1.7927E-01
  2.4797E+02  4.0710E-01  1.7943E-01
  2.4833E+02  4.0682E-01  1.7958E-01
  2.4869E+02  4.0655E-01  1.7974E-01
  2.4906E+02  4.0627E-01  1.7989E-01
  2.4942E+02  4.0599E-01  1.8004E-01
  2.4978E+02  4.0571E-01  1.8019E-01
  2.5014E+02  4.0543E-01  1.8034E-01
  2.5050E+02  4.0515E-01  1.8049E-01
  2.5087E+02  4.0487E-01  1.8064E-01
  2.5123E+02  4.0459E-01  1.8079E-01
  2.5159E+02  4.0431E-01  1.8094E-01
  2.5195E+02  4.0403E-01  1.8109E-01
  2.5231E+02  4.0375E-01  1.8123E-01
  2.5268E+02  4.0347E-01  1.8138E-01
  2.5304E+02  4.0319E-01  1.8153E-01
  2.5340E+02  4.0291E-01  1.8167E-01
  2.5376E+02  4.0263E-01  1.8182E-01
  2.5412E+02  4.0234E-01  1.8196E-01
  2.5449E+02  4.0206E-01  1.8211E-01
  2.5485E+02  4.0178E-01  1.8225E-01
  2.5521E+02  4.0149E-01  1.8240E-01
  2.5557E+02  4.0121E-01  1.8254E-01
  2.5593E+02  4.0092E-01  1.8268E-01
  2.5630E+02  4.0064E-01  1.8283E-01
  2.5666E+02  4.0035E-01  1.8297E-01
  2.5702E+02  4.0006E-01  1.8312E-01
  2.5738E+02  3.9978E-01  1.8326E-01
  2.5774E+02  3.9949E-01  1.8340E-01
  2.5811E+02  3.9920E-01  1.8355E-01
  2.5847E+02  3.9892E-01  1.8369E-01
  2.5883E+02  3.9863E-01  1.8384E-01
  2.5919E+02  3.9834E-01  1.8398E-01
  2.5955E+02  3.9806E-01  1.8412E-01
  2.5992E+02  3.9777E-01  1.8427E-01
  2.6028E+02  3.9748E-01  1.8441E-01
  2.6064E+02  3.9720E-01  1.8456E-01
  2.6100E+02  3.9691E-01  1.8470E-01
  2.6136E+02  3.9663E-01  1.8485E-01
  2.6173E+02  3.9634E-01  1.8500E-01
  2.6209E+02  3.9605E-01  1.8514E-01
  2.6245E+02  3.9577E-01  1.8529E-01
  2.6281E+02  3.9549E-01  1.8543E-01
  2.6317E+02  3.9520E-01  1.8558E-01
  2.6354E+02  3.9492E-01  1.8572E-01
  2.6390E+02  3.9464E-01  1.8587E-01
  2.6426E+02  3.9436E-01  1.8602E-01
  2.6462E+02  3.9407E-01  1.8616E-01
  2.6498E+02  3.9379E-01  1.8631E-01
  2.6535E+02  3.9351E-01  1.8645E-01
  2.6571E+02  3.9324E-01  1.8660E-01
  2.6607E+02  3.9296E-01  1.8675E-01
  2.6643E+02  3.9268E-01  1.8689E-01
  2.6679E+02  3.9240E-01  1.8704E-01
  2.6716E+02  3.9213E-01  1.8718E-01
  2.6752E+02  3.9186E-01  1.8733E-01
  2.6788E+02  3.9158E-01  1.8747E-01
  2.6824E+02  3.9131E-01  1.8762E-01
  2.6860E+02  3.9104E-01  1.8776E-01
  2.6897E+02  3.9077E-01  1.8791E-01
  2.6933E+02  3.9050E-01  1.8805E-01
  2.6969E+02  3.9023E-01  1.8819E-01
  2.7005E+02  3.8996E-01  1.8834E-01
  2.7041E+02  3.8970E-01  1.8848E-01
  2.7078E+02  3.8943E-01  1.8862E-01
  2.7114E+02  3.8917E-01  1.8876E-01
  2.7150E+02  3.8890E-01  1.8891E-01
  2.7186E+02  3.8864E-01  1.8905E-01
  2.7222E+02  3.8838E-01  1.8919E-01
  2.7259E+02  3.8812E-01  1.8933E-01
  2.7295E+02  3.8786E-01  1.8947E-01
  2.7331E+02  3.8761E-01  1.8961E-01
  2.7367E+02  3.8735E-01  1.8975E-01
  2.7403E+02  3.8709E-01  1.8989E-01
  2.7440E+02  3.8684E-01  1.9003E-01
  2.7476E+02  3.8659E-01  1.9017E-01
  2.7512E+02  3.8633E-01  1.9031E-01
  2.7548E+02  3.8608E-01  1.9044E-01
  2.7584E+02  3.8583E-01  1.9058E-01
  2.7621E+02  3.8558E-01  1.9072E-01
  2.7657E+02  3.8533E-01  1.9086E-01
  2.7693E+02  3.8508E-01  1.9099E-01
  2.7729E+02  3.8483E-01  1.9113E-01
  2.7765E+02  3.8459E-01  1.9126E-01
  2.7802E+02  3.8434E-01  1.9140E-01
  2.7838E+02  3.8409E-01  1.9154E-01
  2.7874E+02  3.8384E-01  1.9167E-01
  2.7910E+02  3.8360E-01  1.9180E-01
  2.7946E+02  3.8335E-01  1.9194E-01
  2.7983E+02  3.8310E-01  1.9207E-01
  2.8019E+02  3.8286E-01  1.9221E-01
  2.8055E+02  3.8261E-01  1.9234E-01
  2.8091E+02  3.8236E-01  1.9247E-01
  2.8127E+02  3.8211E-01  1.9261E-01
  2.8164E+02  3.8186E-01  1.9274E-01
  2.8200E+02  3.8162E-01  1.9287E-01
  2.8236E+02  3.8137E-01  1.9300E-01
  2.8272E+02  3.8112E-01  1.9313E-01
  2.8308E+02  3.8087E-01  1.9327E-01
  2.8345E+02  3.8061E-01  1.9340E-01
  2.8381E+02  3.8036E-01  1.9353E-01
  2.8417E+02  3.8011E-01  1.9366E-01
  2.8453E+02  3.7985E-01  1.9379E-01
  2.8489E+02  3.7960E-01  1.9392E-01
  2.8526E+02  3.7934E-01  1.9405E-01
  2.8562E+02  3.7908E-01  1.9418E-01
  2.8598E+02  3.7882E-01  1.9431E-01
  2.8634E+02  3.7856E-01  1.9444E-01
  2.8670E+02  3.7830E-01  1.9457E-01
  2.8707E+02  3.7803E-01  1.9470E-01
  2.8743E+02  3.7777E-01  1.9482E-01
  2.8779E+02  3.7750E-01  1.9495E-01
  2.8815E+02  3.7723E-01  1.9508E-01
  2.8851E+02  3.7697E-01  1.9521E-01
  2.8888E+02  3.7669E-01  1.9534E-01
  2.8924E+02  3.7642E-01  1.9547E-01
  2.8960E+02  3.7615E-01  1.9560E-01
  2.8996E+02  3.7587E-01  1.9572E-01
  2.9032E+02  3.7559E-01  1.9585E-01
  2.9069E+02  3.7532E-01  1.9598E-01
  2.9105E+02  3.7504E-01  1.9610E-01
  2.9141E+02  3.7476E-01  1.9623E-01
  2.9177E+02  3.7447E-01  1.9636E-01
  2.9213E+02  3.7419E-01  1.9648E-01
  2.9250E+02  3.7390E-01  1.9661E-01
  2.9286E+02  3.7362E-01  1.9674E-01
  2.9322E+02  3.7333E-01  1.9686E-01
  2.9358E+02  3.7304E-01  1.9699E-01
  2.9394E+02  3.7275E-01  1.9711E-01
  2.9431E+02  3.7246E-01  1.9724E-01
  2.9467E+02  3.7217E-01  1.9736E-01
  2.9503E+02  3.7188E-01  1.9749E-01
  2.9539E+02  3.7159E-01  1.9761E-01
  2.9575E+02  3.7129E-01  1.9773E-01
  2.9612E+02  3.7100E-01  1.9786E-01
  2.9648E+02  3.7071E-01  1.9798E-01
  2.9684E+02  3.7041E-01  1.9811E-01
  2.9720E+02  3.7012E-01  1.9823E-01
  2.9756E+02  3.6983E-01  1.9835E-01
  2.9793E+02  3.6953E-01  1.9847E-01
  2.9829E+02  3.6924E-01  1.9860E-01
  2.9865E+02  3.6895E-01  1.9872E-01
  2.9901E+02  3.6866E-01  1.9884E-01
  2.9937E+02  3.6836E-01  1.9896E-01
  2.9974E+02  3.6807E-01  1.9908E-01
  3.0010E+02  3.6778E-01  1.9920E-01
  3.0046E+02  3.6750E-01  1.9932E-01
  3.0082E+02  3.6721E-01  1.9945E-01
  3.0118E+02  3.6692E-01  1.9957E-01
  3.0155E+02  3.6664E-01  1.9969E-01
  3.0191E+02  3.6635E-01  1.9981E-01
  3.0227E+02  3.6607E-01  1.9993E-01
  3.0263E+02  3.6579E-01  2.0005E-01
  3.0299E+02  3.6551E-01  2.0017E-01
  3.0336E+02  3.6524E-01  2.0029E-01
  3.0372E+02  3.6496E-01  2.0041E-01
  3.0408E+02  3.6469E-01  2.0053E-01
  3.0444E+02  3.6442E-01  2.0065E-01
  3.0480E+02  3.6416E-01  2.0077E-01
  3.0517E+02  3.6389E-01  2.0088E-01
  3.0553E+02  3.6363E-01  2.0100E-01
  3.0589E+02  3.6337E-01  2.0112E-01
  3.0625E+02  3.6311E-01  2.0124E-01
  3.0661E+02  3.6285E-01  2.0136E-01
  3.0698E+02  3.6260E-01  2.0148E-01
  3.0734E+02  3.6235E-01  2.0160E-01
  3.0770E+02  3.6210E-01  2.0171E-01
  3.0806E+02  3.6185E-01  2.0183E-01
  3.0842E+02  3.6161E-01  2.0195E-01
  3.0879E+02  3.6137E-01  2.0207E-01
  3.0915E+02  3.6113E-01  2.0219E-01
  3.0951E+02  3.6089E-01  2.0230E-01
  3.0987E+02  3.6066E-01  2.0242E-01
  3.1023E+02  3.6042E-01  2.0254E-01
  3.1060E+02  3.6019E-01  2.0265E-01
  3.1096E+02  3.5996E-01  2.0277E-01
  3.1132E+02  3.5973E-01  2.0288E-01
  3.1168E+02  3.5951E-01  2.0300E-01
  3.1204E+02  3.5928E-01  2.0311E-01
  3.1241E+02  3.5906E-01  2.0323E-01
  3.1277E+02  3.5884E-01  2.0334E-01
  3.1313E+02  3.5862E-01  2.0346E-01
  3.1349E+02  3.5840E-01  2.0357E-01
  3.1385E+02  3.5818E-01  2.0369E-01
  3.1422E+02  3.5796E-01  2.0380E-01
  3.1458E+02  3.5774E-01  2.0391E-01
  3.1494E+02  3.5753E-01  2.0403E-01
  3.1530E+02  3.5731E-01  2.0414E-01
  3.1566E+02  3.5709E-01  2.0425E-01
  3.1603E+02  3.5688E-01  2.0437E-01
  3.1639E+02  3.5666E-01  2.0448E-01
  3.1675E+02  3.5644E-01  2.0459E-01
  3.1711E+02  3.5623E-01  2.0470E-01
  3.1747E+02  3.5601E-01  2.0481E-01
  3.1784E+02  3.5579E-01  2.0492E-01
  3.1820E+02  3.5557E-01  2.0503E-01
  3.1856E+02  3.5535E-01  2.0515E-01
  3.1892E+02  3.5513E-01  2.0526E-01
  3.1928E+02  3.5491E-01  2.0537E-01
  3.1965E+02  3.5469E-01  2.0548E-01
  3.2001E+02  3.5446E-01  2.0559E-01
  3.2037E+02  3.5424E-01  2.0570E-01
  3.2073E+02  3.5401E-01  2.0581E-01
  3.2109E+02  3.5378E-01  2.0592E-01
  3.2146E+02  3.5355E-01  2.0602E-01
  3.2182E+02  3.5332E-01  2.0613E-01
  3.2218E+02  3.5308E-01  2.0624E-01
  3.2254E+02  3.5284E-01  2.0635E-01
  3.2290E+02  3.5261E-01  2.0646E-01
  3.2327E+02  3.5236E-01  2.0657E-01
  3.2363E+02  3.5212E-01  2.0668E-01
  3.2399E+02  3.5188E-01  2.0679E-01
  3.2435E+02  3.5163E-01  2.0689E-01
  3.2471E+02  3.5138E-01  2.0700E-01
  3.2508E+02  3.5113E-01  2.0711E-01
  3.2544E+02  3.5087E-01  2.0722E-01
  3.2580E+02  3.5061E-01  2.0732E-01
  3.2616E+02  3.5035E-01  2.0743E-01
  3.2652E+02  3.5009E-01  2.0754E-01
  3.2689E+02  3.4983E-01  2.0764E-01
  3.2725E+02  3.4956E-01  2.0775E-01
  3.2761E+02  3.4930E-01  2.0786E-01
  3.2797E+02  3.4903E-01  2.0796E-01
  3.2833E+02  3.4875E-01  2.0807E-01
  3.2870E+02  3.4848E-01  2.0817E-01
  3.2906E+02  3.4820E-01  2.0828E-01
  3.2942E+02  3.4793E-01  2.0838E-01
  3.2978E+02  3.4765E-01  2.0849E-01
  3.3014E+02  3.4736E-01  2.0859E-01
  3.3051E+02  3.4708E-01  2.0870E-01
  3.3087E+02  3.4680E-01  2.0880E-01
  3.3123E+02  3.4651E-01  2.0890E-01
  3.3159E+02  3.4622E-01  2.0901E-01
  3.3195E+02  3.4594E-01  2.0911E-01
  3.3232E+02  3.4565E-01  2.0922E-01
  3.3268E+02  3.4536E-01  2.0932E-01
  3.3304E+02  3.4507E-01  2.0942E-01
  3.3340E+02  3.4477E-01  2.0952E-01
  3.3376E+02  3.4448E-01  2.0963E-01
  3.3413E+02  3.4419E-01  2.0973E-01
  3.3449E+02  3.4390E-01  2.0983E-01
  3.3485E+02  3.4360E-01  2.0993E-01
  3.3521E+02  3.4331E-01  2.1004E-01
  3.3557E+02  3.4302E-01  2.1014E-01
  3.3594E+02  3.4272E-01  2.1024E-01
  3.3630E+02  3.4243E-01  2.1034E-01
  3.3666E+02  3.4214E-01  2.1044E-01
  3.3702E+02  3.4185E-01  2.1054E-01
  3.3738E+02  3.4156E-01  2.1064E-01
  3.3775E+02  3.4127E-01  2.1075E-01
  3.3811E+02  3.4098E-01  2.1085E-01
  3.3847E+02  3.4069E-01  2.1095E-01
  3.3883E+02  3.4040E-01  2.1105E-01
  3.3919E+02  3.4012E-01  2.1115E-01
  3.3956E+02  3.3983E-01  2.1125E-01
  3.3992E+02  3.3955E-01  2.1135E-01
  3.4028E+02  3.3927E-01  2.1145E-01
  3.4064E+02  3.3899E-01  2.1154E-01
  3.4100E+02  3.3871E-01  2.1164E-01
  3.4137E+02  3.3843E-01  2.1174E-01
  3.4173E+02  3.3816E-01  2.1184E-01
  3.4209E+02  3.3789E-01  2.1194E-01
  3.4245E+02  3.3761E-01  2.1204E-01
  3.4281E+02  3.3734E-01  2.1213E-01
  3.4318E+02  3.3708E-01  2.1223E-01
  3.4354E+02  3.3681E-01  2.1233E-01
  3.4390E+02  3.3655E-01  2.1243E-01
  3.4426E+02  3.3628E-01  2.1252E-01
  3.4462E+02  3.3602E-01  2.1262E-01
  3.4499E+02  3.3576E-01  2.1272E-01
  3.4535E+02  3.3551E-01  2.1281E-01
  3.4571E+02  3.3525E-01  2.1291E-01
  3.4607E+02  3.3500E-01  2.1300E-01
  3.4643E+02  3.3475E-01  2.1310E-01
  3.4680E+02  3.3450E-01  2.1319E-01
  3.4716E+02  3.3425E-01  2.1329E-01
  3.4752E+02  3.3400E-01  2.1338E-01
  3.4788E+02  3.3376E-01  2.1348E-01
  3.4824E+02  3.3351E-01  2.1357E-01
  3.4861E+02  3.3327E-01  2.1366E-01
  3.4897E+02  3.3303E-01  2.1376E-01
  3.4933E+02  3.3279E-01  2.1385E-01
  3.4969E+02  3.3255E-01  2.1394E-01
  3.5005E+02  3.3231E-01  2.1404E-01
  3.5042E+02  3.3207E-01  2.1413E-01
  3.5078E+02  3.3184E-01  2.1422E-01
  3.5114E+02  3.3160E-01  2.1431E-01
  3.5150E+02  3.3136E-01  2.1441E-01
  3.5186E+02  3.3113E-01  2.1450E-01
  3.5223E+02  3.3090E-01  2.1459E-01
  3.5259E+02  3.3066E-01  2.1468E-01
  3.5295E+02  3.3043E-01  2.1477E-01
  3.5331E+02  3.3019E-01  2.1487E-01
  3.5367E+02  3.2996E-01  2.1496E-01
  3.5404E+02  3.2972E-01  2.1505E-01
  3.5440E+02  3.2949E-01  2.1514E-01
  3.5476E+02  3.2926E-01  2.1523E-01
  3.5512E+02  3.2902E-01  2.1532E-01
  3.5548E+02  3.2879E-01  2.1541E-01
  3.5585E+02  3.2855E-01  2.1550E-01
  3.5621E+02  3.2831E-01  2.1559E-01
  3.5657E+02  3.2807E-01  2.1568E-01
  3.5693E+02  3.2784E-01  2.1577E-01
  3.5729E+02  3.2760E-01  2.1586E-01
  3.5766E+02  3.2736E-01  2.1595E-01
  3.5802E+02  3.2711E-01  2.1604E-01
  3.5838E+02  3.2687E-01  2.1613E-01
  3.5874E+02  3.2663E-01  2.1622E-01
  3.5910E+02  3.2638E-01  2.1630E-01
  3.5947E+02  3.2614E-01  2.1639E-01
  3.5983E+02  3.2589E-01  2.1648E-01
  3.6019E+02  3.2564E-01  2.1657E-01
  3.6055E+02  3.2539E-01  2.1666E-01
  3.6091E+02  3.2514E-01  2.1674E-01
  3.6128E+02  3.2489E-01  2.1683E-01
  3.6164E+02  3.2463E-01  2.1692E-01
  3.6200E+02  3.2438E-01  2.1700E-01
  3.6236E+02  3.2412E-01  2.1709E-01
  3.6272E+02  3.2387E-01  2.1718E-01
  3.6309E+02  3.2361E-01  2.1726E-01
  3.6345E+02  3.2335E-01  2.1735E-01
  3.6381E+02  3.2309E-01  2.1743E-01
  3.6417E+02  3.2283E-01  2.1752E-01
  3.6453E+02  3.2256E-01  2.1760E-01
  3.6490E+02  3.2230E-01  2.1769E-01
  3.6526E+02  3.2204E-01  2.1777E-01
  3.6562E+02  3.2177E-01  2.1786E-01
  3.6598E+02  3.2151E-01  2.1794E-01
  3.6634E+02  3.2124E-01  2.1803E-01
  3.6671E+02  3.2097E-01  2.1811E-01
  3.6707E+02  3.2071E-01  2.1819E-01
  3.6743E+02  3.2044E-01  2.1828E-01
  3.6779E+02  3.2017E-01  2.1836E-01
  3.6815E+02  3.1990E-01  2.1844E-01
  3.6852E+02  3.1963E-01  2.1852E-01
  3.6888E+02  3.1937E-01  2.1861E-01
  3.6924E+02  3.1910E-01  2.1869E-01
  3.6960E+02  3.1883E-01  2.1877E-01
  3.6996E+02  3.1856E-01  2.1885E-01
  3.7033E+02  3.1829E-01  2.1893E-01
  3.7069E+02  3.1803E-01  2.1902E-01
  3.7105E+02  3.1776E-01  2.1910E-01
  3.7141E+02  3.1749E-01  2.1918E-01
  3.7177E+02  3.1723E-01  2.1926E-01
  3.7214E+02  3.1696E-01  2.1934E-01
  3.7250E+02  3.1670E-01  2.1942E-01
  3.7286E+02  3.1643E-01  2.1950E-01
  3.7322E+02  3.1617E-01  2.1958E-01
  3.7358E+02  3.1591E-01  2.1966E-01
  3.7395E+02  3.1565E-01  2.1974E-01
  3.7431E+02  3.1539E-01  2.1982E-01
  3.7467E+02  3.1513E-01  2.1990E-01
  3.7503E+02  3.1487E-01  2.1998E-01
  3.7539E+02  3.1461E-01  2.2006E-01
  3.7576E+02  3.1436E-01  2.2014E-01
  3.7612E+02  3.1410E-01  2.2022E-01
  3.7648E+02  3.1385E-01  2.2029E-01
  3.7684E+02  3.1360E-01  2.2037E-01
  3.7720E+02  3.1334E-01  2.2045E-01
  3.7757E+02  3.1309E-01  2.2053E-01
  3.7793E+02  3.1285E-01  2.2061E-01
  3.7829E+02  3.1260E-01  2.2068E-01
  3.7865E+02  3.1235E-01  2.2076E-01
  3.7901E+02  3.1211E-01  2.2084E-01
  3.7938E+02  3.1186E-01  2.2092E-01
  3.7974E+02  3.1162E-01  2.2099E-01
  3.8010E+02  3.1138E-01  2.2107E-01
  3.8046E+02  3.1114E-01  2.2115E-01
  3.8082E+02  3.1090E-01  2.2122E-01
  3.8119E+02  3.1066E-01  2.2130E-01
  3.8155E+02  3.1043E-01  2.2138E-01
  3.8191E+02  3.1019E-01  2.2145E-01
  3.8227E+02  3.0996E-01  2.2153E-01
  3.8263E+02  3.0972E-01  2.2160E-01
  3.8300E+02  3.0949E-01  2.2168E-01
  3.8336E+02  3.0926E-01  2.2175E-01
  3.8372E+02  3.0903E-01  2.2183E-01
  3.8408E+02  3.0880E-01  2.2190E-01
  3.8444E+02  3.0857E-01  2.2198E-01
  3.8481E+02  3.0835E-01  2.2205E-01
  3.8517E+02  3.0812E-01  2.2213E-01
  3.8553E+02  3.0789E-01  2.2220E-01
  3.8589E+02  3.0767E-01  2.2228E-01
  3.8625E+02  3.0744E-01  2.2235E-01
  3.8662E+02  3.0722E-01  2.2242E-01
  3.8698E+02  3.0699E-01  2.2250E-01
  3.8734E+02  3.0677E-01  2.2257E-01
  3.8770E+02  3.0654E-01  2.2264E-01
  3.8806E+02  3.0632E-01  2.2272E-01
  3.8843E+02  3.0610E-01  2.2279E-01
  3.8879E+02  3.0588E-01  2.2286E-01
  3.8915E+02  3.0565E-01  2.2293E-01
  3.8951E+02  3.0543E-01  2.2301E-01
  3.8987E+02  3.0521E-01  2.2308E-01
  3.9024E+02  3.0498E-01  2.2315E-01
  3.9060E+02  3.0476E-01  2.2322E-01
  3.9096E+02  3.0454E-01  2.2329E-01
  3.9132E+02  3.0431E-01  2.2337E-01
  3.9168E+02  3.0409E-01  2.2344E-01
  3.9205E+02  3.0387E-01  2.2351E-01
  3.9241E+02  3.0364E-01  2.2358E-01
  3.9277E+02  3.0342E-01  2.2365E-01
  3.9313E+02  3.0319E-01  2.2372E-01
  3.9349E+02  3.0297E-01  2.2379E-01
  3.9386E+02  3.0274E-01  2.2386E-01
  3.9422E+02  3.0251E-01  2.2393E-01
  3.9458E+02  3.0229E-01  2.2400E-01
  3.9494E+02  3.0206E-01  2.2407E-01
  3.9530E+02  3.0183E-01  2.2414E-01
  3.9567E+02  3.0160E-01  2.2420E-01
  3.9603E+02  3.0137E-01  2.2427E-01
  3.9639E+02  3.0114E-01  2.2434E-01
  3.9675E+02  3.0091E-01  2.2441E-01
  3.9711E+02  3.0067E-01  2.2448E-01
  3.9748E+02  3.0044E-01  2.2454E-01
  3.9784E+02  3.0021E-01  2.2461E-01
  3.9820E+02  2.9997E-01  2.2468E-01
  3.9856E+02  2.9974E-01  2.2475E-01
  3.9892E+02  2.9950E-01  2.2481E-01
  3.9929E+02  2.9927E-01  2.2488E-01
  3.9965E+02  2.9903E-01  2.2495E-01
  4.0001E+02  2.9879E-01  2.2501E-01
  4.0037E+02  2.9855E-01  2.2508E-01
  4.0073E+02  2.9831E-01  2.2514E-01
  4.0110E+02  2.9808E-01  2.2521E-01
  4.0146E+02  2.9784E-01  2.2527E-01
  4.0182E+02  2.9760E-01  2.2534E-01
  4.0218E+02  2.9735E-01  2.2540E-01
  4.0254E+02  2.9711E-01  2.2547E-01
  4.0291E+02  2.9687E-01  2.2553E-01
  4.0327E+02  2.9663E-01  2.2560E-01
  4.0363E+02  2.9639E-01  2.2566E-01
  4.0399E+02  2.9615E-01  2.2573E-01
  4.0435E+02  2.9590E-01  2.2579E-01
  4.0472E+02  2.9566E-01  2.2586E-01
  4.0508E+02  2.9542E-01  2.2592E-01
  4.0544E+02  2.9518E-01  2.2598E-01
  4.0580E+02  2.9493E-01  2.2605E-01
  4.0616E+02  2.9469E-01  2.2611E-01
  4.0653E+02  2.9445E-01  2.2617E-01
  4.0689E+02  2.9420E-01  2.2624E-01
  4.0725E+02  2.9396E-01  2.2630E-01
  4.0761E+02  2.9372E-01  2.2636E-01
  4.0797E+02  2.9347E-01  2.2643E-01
  4.0834E+02  2.9323E-01  2.2649E-01
  4.0870E+02  2.9299E-01  2.2655E-01
  4.0906E+02  2.9275E-01  2.2662E-01
  4.0942E+02  2.9250E-01  2.2668E-01
  4.0978E+02  2.9226E-01  2.2674E-01
  4.1015E+02  2.9202E-01  2.2680E-01
  4.1051E+02  2.9178E-01  2.2687E-01
  4.1087E+02  2.9154E-01  2.2693E-01
  4.1123E+02  2.9130E-01  2.2699E-01
  4.1159E+02  2.9106E-01  2.2705E-01
  4.1196E+02  2.9082E-01  2.2711E-01
  4.1232E+02  2.9057E-01  2.2717E-01
  4.1268E+02  2.9033E-01  2.2724E-01
  4.1304E+02  2.9009E-01  2.2730E-01
  4.1340E+02  2.8985E-01  2.2736E-01
  4.1377E+02  2.8962E-01  2.2742E-01
  4.1413E+02  2.8938E-01  2.2748E-01
  4.1449E+02  2.8914E-01  2.2754E-01
  4.1485E+02  2.8890E-01  2.2760E-01
  4.1521E+02  2.8866E-01  2.2766E-01
  4.1558E+02  2.8842E-01  2.2772E-01
  4.1594E+02  2.8818E-01  2.2778E-01
  4.1630E+02  2.8794E-01  2.2784E-01
  4.1666E+02  2.8770E-01  2.2790E-01
  4.1702E+02  2.8747E-01  2.2795E-01
  4.1739E+02  2.8723E-01  2.2801E-01
  4.1775E+02  2.8699E-01  2.2807E-01
  4.1811E+02  2.8675E-01  2.2813E-01
  4.1847E+02  2.8651E-01  2.2819E-01
  4.1883E+02  2.8627E-01  2.2825E-01
  4.1920E+02  2.8604E-01  2.2830E-01
  4.1956E+02  2.8580E-01  2.2836E-01
  4.1992E+02  2.8556E-01  2.2842E-01
  4.2028E+02  2.8532E-01  2.2847E-01
  4.2064E+02  2.8508E-01  2.2853E-01
  4.2101E+02  2.8484E-01  2.2859E-01
  4.2137E+02  2.8460E-01  2.2864E-01
  4.2173E+02  2.8436E-01  2.2870E-01
  4.2209E+02  2.8412E-01  2.2875E-01
  4.2245E+02  2.8388E-01  2.2881E-01
  4.2282E+02  2.8364E-01  2.2886E-01
  4.2318E+02  2.8340E-01  2.2892E-01
  4.2354E+02  2.8316E-01  2.2897E-01
  4.2390E+02  2.8292E-01  2.2902E-01
  4.2426E+02  2.8268E-01  2.2908E-01
  4.2463E+02  2.8243E-01  2.2913E-01
  4.2499E+02  2.8219E-01  2.2919E-01
  4.2535E+02  2.8195E-01  2.2924E-01
  4.2571E+02  2.8171E-01  2.2929E-01
  4.2607E+02  2.8146E-01  2.2935E-01
  4.2644E+02  2.8122E-01  2.2940E-01
  4.2680E+02  2.8097E-01  2.2945E-01
  4.2716E+02  2.8073E-01  2.2950E-01
  4.2752E+02  2.8049E-01  2.2956E-01
  4.2788E+02  2.8024E-01  2.2961E-01
  4.2825E+02  2.7999E-01  2.2966E-01
  4.2861E+02  2.7975E-01  2.2971E-01
  4.2897E+02  2.7950E-01  2.2976E-01
  4.2933E+02  2.7926E-01  2.2981E-01
  4.2969E+02  2.7901E-01  2.2987E-01
  4.3006E+02  2.7876E-01  2.2992E-01
  4.3042E+02  2.7851E-01  2.2997E-01
  4.3078E+02  2.7827E-01  2.3002E-01
  4.3114E+02  2.7802E-01  2.3007E-01
  4.3150E+02  2.7777E-01  2.3012E-01
  4.3187E+02  2.7752E-01  2.3017E-01
  4.3223E+02  2.7727E-01  2.3022E-01
  4.3259E+02  2.7702E-01  2.3027E-01
  4.3295E+02  2.7677E-01  2.3032E-01
  4.3331E+02  2.7652E-01  2.3037E-01
  4.3368E+02  2.7627E-01  2.3042E-01
  4.3404E+02  2.7602E-01  2.3047E-01
  4.3440E+02  2.7577E-01  2.3052E-01
  4.3476E+02  2.7552E-01  2.3057E-01
  4.3512E+02  2.7527E-01  2.3062E-01
  4.3549E+02  2.7502E-01  2.3067E-01
  4.3585E+02  2.7477E-01  2.3072E-01
  4.3621E+02  2.7452E-01  2.3077E-01
  4.3657E+02  2.7427E-01  2.3082E-01
  4.3693E+02  2.7402E-01  2.3087E-01
  4.3730E+02  2.7377E-01  2.3091E-01
  4.3766E+02  2.7352E-01  2.3096E-01
  4.3802E+02  2.7327E-01  2.3101E-01
  4.3838E+02  2.7302E-01  2.3106E-01
  4.3874E+02  2.7277E-01  2.3111E-01
  4.3911E+02  2.7252E-01  2.3116E-01
  4.3947E+02  2.7227E-01  2.3120E-01
  4.3983E+02  2.7202E-01  2.3125E-01
  4.4019E+02  2.7176E-01  2.3130E-01
  4.4055E+02  2.7151E-01  2.3134E-01
  4.4092E+02  2.7126E-01  2.3139E-01
  4.4128E+02  2.7101E-01  2.3144E-01
  4.4164E+02  2.7076E-01  2.3149E-01
  4.4200E+02  2.7051E-01  2.3153E-01
  4.4236E+02  2.7026E-01  2.3158E-01
  4.4273E+02  2.7001E-01  2.3162E-01
  4.4309E+02  2.6976E-01  2.3167E-01
  4.4345E+02  2.6951E-01  2.3171E-01
  4.4381E+02  2.6926E-01  2.3176E-01
  4.4417E+02  2.6902E-01  2.3180E-01
  4.4454E+02  2.6877E-01  2.3185E-01
  4.4490E+02  2.6852E-01  2.3189E-01
  4.4526E+02  2.6827E-01  2.3194E-01
  4.4562E+02  2.6802E-01  2.3198E-01
  4.4598E+02  2.6777E-01  2.3203E-01
  4.4635E+02  2.6752E-01  2.3207E-01
  4.4671E+02  2.6728E-01  2.3211E-01
  4.4707E+02  2.6703E-01  2.3216E-01
  4.4743E+02  2.6678E-01  2.3220E-01
  4.4779E+02  2.6653E-01  2.3224E-01
  4.4816E+02  2.6629E-01  2.3228E-01
  4.4852E+02  2.6604E-01  2.3232E-01
  4.4888E+02  2.6579E-01  2.3237E-01
  4.4924E+02  2.6555E-01  2.3241E-01
  4.4960E+02  2.6530E-01  2.3245E-01
  4.4997E+02  2.6505E-01  2.3249E-01
  4.5033E+02  2.6481E-01  2.3253E-01
  4.5069E+02  2.6456E-01  2.3257E-01
  4.5105E+02  2.6432E-01  2.3261E-01
  4.5141E+02  2.6407E-01  2.3265E-01
  4.5178E+02  2.6383E-01  2.3269E-01
  4.5214E+02  2.6358E-01  2.3273E-01
  4.5250E+02  2.6334E-01  2.3277E-01
  4.5286E+02  2.6309E-01  2.3281E-01
  4.5322E+02  2.6285E-01  2.3285E-01
  4.5359E+02  2.6260E-01  2.3289E-01
  4.5395E+02  2.6236E-01  2.3293E-01
  4.5431E+02  2.6211E-01  2.3296E-01
  4.5467E+02  2.6187E-01  2.3300E-01
  4.5503E+02  2.6162E-01  2.3304E-01
  4.5540E+02  2.6138E-01  2.3308E-01
  4.5576E+02  2.6114E-01  2.3312E-01
  4.5612E+02  2.6089E-01  2.3315E-01
  4.5648E+02  2.6065E-01  2.3319E-01
  4.5684E+02  2.6041E-01  2.3323E-01
  4.5721E+02  2.6016E-01  2.3327E-01
  4.5757E+02  2.5992E-01  2.3330E-01
  4.5793E+02  2.5968E-01  2.3334E-01
  4.5829E+02  2.5944E-01  2.3338E-01
  4.5865E+02  2.5919E-01  2.3341E-01
  4.5902E+02  2.5895E-01  2.3345E-01
  4.5938E+02  2.5871E-01  2.3349E-01
  4.5974E+02  2.5847E-01  2.3352E-01
  4.6010E+02  2.5823E-01  2.3356E-01
  4.6046E+02  2.5798E-01  2.3360E-01
  4.6083E+02  2.5774E-01  2.3363E-01
  4.6119E+02  2.5750E-01  2.3367E-01
  4.6155E+02  2.5726E-01  2.3370E-01
  4.6191E+02  2.5702E-01  2.3374E-01
  4.6227E+02  2.5678E-01  2.3378E-01
  4.6264E+02  2.5654E-01  2.3381E-01
  4.6300E+02  2.5630E-01  2.3385E-01
  4.6336E+02  2.5606E-01  2.3388E-01
  4.6372E+02  2.5582E-01  2.3392E-01
  4.6408E+02  2.5558E-01  2.3395E-01
  4.6445E+02  2.5534E-01  2.3399E-01
  4.6481E+02  2.5510E-01  2.3402E-01
  4.6517E+02  2.5486E-01  2.3406E-01
  4.6553E+02  2.5462E-01  2.3409E-01
  4.6589E+02  2.5439E-01  2.3413E-01
  4.6626E+02  2.5415E-01  2.3416E-01
  4.6662E+02  2.5391E-01  2.3419E-01
  4.6698E+02  2.5367E-01  2.3423E-01
  4.6734E+02  2.5344E-01  2.3426E-01
  4.6770E+02  2.5320E-01  2.3429E-01
  4.6807E+02  2.5297E-01  2.3433E-01
  4.6843E+02  2.5273E-01  2.3436E-01
  4.6879E+02  2.5249E-01  2.3439E-01
  4.6915E+02  2.5226E-01  2.3443E-01
  4.6951E+02  2.5203E-01  2.3446E-01
  4.6988E+02  2.5179E-01  2.3449E-01
  4.7024E+02  2.5156E-01  2.3453E-01
  4.7060E+02  2.5132E-01  2.3456E-01
  4.7096E+02  2.5109E-01  2.3459E-01
  4.7132E+02  2.5086E-01  2.3462E-01
  4.7169E+02  2.5063E-01  2.3465E-01
  4.7205E+02  2.5039E-01  2.3469E-01
  4.7241E+02  2.5016E-01  2.3472E-01
  4.7277E+02  2.4993E-01  2.3475E-01
  4.7313E+02  2.4970E-01  2.3478E-01
  4.7350E+02  2.4947E-01  2.3481E-01
  4.7386E+02  2.4924E-01  2.3484E-01
  4.7422E+02  2.4901E-01  2.3487E-01
  4.7458E+02  2.4878E-01  2.3490E-01
  4.7494E+02  2.4855E-01  2.3493E-01
  4.7531E+02  2.4832E-01  2.3496E-01
  4.7567E+02  2.4810E-01  2.3499E-01
  4.7603E+02  2.4787E-01  2.3502E-01
  4.7639E+02  2.4764E-01  2.3505E-01
  4.7675E+02  2.4741E-01  2.3508E-01
  4.7712E+02  2.4719E-01  2.3510E-01
  4.7748E+02  2.4696E-01  2.3513E-01
  4.7784E+02  2.4674E-01  2.3516E-01
  4.7820E+02  2.4651E-01  2.3519E-01
  4.7856E+02  2.4628E-01  2.3522E-01
  4.7893E+02  2.4606E-01  2.3524E-01
  4.7929E+02  2.4583E-01  2.3527E-01
  4.7965E+02  2.4561E-01  2.3530E-01
  4.8001E+02  2.4539E-01  2.3533E-01
  4.8037E+02  2.4516E-01  2.3535E-01
  4.8074E+02  2.4494E-01  2.3538E-01
  4.8110E+02  2.4472E-01  2.3541E-01
  4.8146E+02  2.4449E-01  2.3543E-01
  4.8182E+02  2.4427E-01  2.3546E-01
  4.8218E+02  2.4405E-01  2.3548E-01
  4.8255E+02  2.4383E-01  2.3551E-01
  4.8291E+02  2.4361E-01  2.3553E-01
  4.8327E+02  2.4338E-01  2.3556E-01
  4.8363E+02  2.4316E-01  2.3558E-01
  4.8399E+02  2.4294E-01  2.3561E-01
  4.8436E+02  2.4272E-01  2.3563E-01
  4.8472E+02  2.4250E-01  2.3566E-01
  4.8508E+02  2.4228E-01  2.3568E-01
  4.8544E+02  2.4206E-01  2.3571E-01
  4.8580E+02  2.4184E-01  2.3573E-01
  4.8617E+02  2.4162E-01  2.3576E-01
  4.8653E+02  2.4141E-01  2.3578E-01
  4.8689E+02  2.4119E-01  2.3581E-01
  4.8725E+02  2.4097E-01  2.3583E-01
  4.8761E+02  2.4075E-01  2.3585E-01
  4.8798E+02  2.4053E-01  2.3588E-01
  4.8834E+02  2.4032E-01  2.3590E-01
  4.8870E+02  2.4010E-01  2.3592E-01
  4.8906E+02  2.3988E-01  2.3595E-01
  4.8942E+02  2.3967E-01  2.3597E-01
  4.8979E+02  2.3945E-01  2.3599E-01
  4.9015E+02  2.3923E-01  2.3602E-01
  4.9051E+02  2.3902E-01  2.3604E-01
  4.9087E+02  2.3880E-01  2.3606E-01
  4.9123E+02  2.3859E-01  2.3608E-01
  4.9160E+02  2.3837E-01  2.3611E-01
  4.9196E+02  2.3816E-01  2.3613E-01
  4.9232E+02  2.3794E-01  2.3615E-01
  4.9268E+02  2.3773E-01  2.3617E-01
  4.9304E+02  2.3751E-01  2.3619E-01
  4.9341E+02  2.3730E-01  2.3622E-01
  4.9377E+02  2.3709E-01  2.3624E-01
  4.9413E+02  2.3687E-01  2.3626E-01
  4.9449E+02  2.3666E-01  2.3628E-01
  4.9485E+02  2.3645E-01  2.3630E-01
  4.9522E+02  2.3623E-01  2.3632E-01
  4.9558E+02  2.3602E-01  2.3634E-01
  4.9594E+02  2.3581E-01  2.3636E-01
  4.9630E+02  2.3560E-01  2.3638E-01
  4.9666E+02  2.3539E-01  2.3640E-01
  4.9703E+02  2.3517E-01  2.3643E-01
  4.9739E+02  2.3496E-01  2.3645E-01
  4.9775E+02  2.3475E-01  2.3647E-01
  4.9811E+02  2.3454E-01  2.3649E-01
  4.9847E+02  2.3433E-01  2.3651E-01
  4.9884E+02  2.3412E-01  2.3652E-01
  4.9920E+02  2.3391E-01  2.3654E-01
  4.9956E+02  2.3370E-01  2.3656E-01
  4.9992E+02  2.3349E-01  2.3658E-01
  5.0000E+02  2.3344E-01  2.3659E-01
