# CREATED BY GENE DIAGNOSTICS TOOL on Mon Jun 25 12:27:13 2018
# diag: GAMDIAG, run(s): 0177, time window: 0-500(1499 steps), species: ions
# original data path: /r/c/cmor/ZF_3rd/w7xhms05/0.5-1.5/
# normalization: L_ref=5.4832m
#
# xind= 0, x/a= 0.70710677, q= 1.1018624
# Fit:    1,0.25885223,6.7765217
# Analytic (Gao, Zhou/Yu): 0.32199362,-0.068385408,6.7786536
#  t          Re[phi]     Im[phi]   
  0.0000E+00  9.9998E-01  0.0000E+00
  3.3400E-01  9.9570E-01  6.9983E-04
  6.6800E-01  9.8370E-01  1.3949E-03
  1.0020E+00  9.6575E-01  2.0878E-03
  1.3360E+00  9.4380E-01  2.7770E-03
  1.6700E+00  9.1958E-01  3.4660E-03
  2.0040E+00  8.9450E-01  4.1571E-03
  2.3380E+00  8.6959E-01  4.8431E-03
  2.6720E+00  8.4553E-01  5.5088E-03
  3.0060E+00  8.2276E-01  6.1363E-03
  3.3400E+00  8.0148E-01  6.7090E-03
  3.6740E+00  7.8176E-01  7.2154E-03
  4.0080E+00  7.6356E-01  7.6501E-03
  4.3420E+00  7.4678E-01  8.0134E-03
  4.6760E+00  7.3131E-01  8.3112E-03
  5.0100E+00  7.1701E-01  8.5533E-03
  5.3440E+00  7.0378E-01  8.7524E-03
  5.6780E+00  6.9148E-01  8.9221E-03
  6.0120E+00  6.8002E-01  9.0760E-03
  6.3460E+00  6.6931E-01  9.2263E-03
  6.6800E+00  6.5926E-01  9.3829E-03
  7.0140E+00  6.4978E-01  9.5521E-03
  7.3480E+00  6.4080E-01  9.7396E-03
  7.6820E+00  6.3224E-01  9.9450E-03
  8.0160E+00  6.2404E-01  1.0167E-02
  8.3500E+00  6.1615E-01  1.0406E-02
  8.6840E+00  6.0852E-01  1.0655E-02
  9.0180E+00  6.0112E-01  1.0908E-02
  9.3520E+00  5.9392E-01  1.1162E-02
  9.6860E+00  5.8690E-01  1.1409E-02
  1.0020E+01  5.8004E-01  1.1648E-02
  1.0354E+01  5.7335E-01  1.1873E-02
  1.0688E+01  5.6682E-01  1.2078E-02
  1.1022E+01  5.6045E-01  1.2258E-02
  1.1356E+01  5.5424E-01  1.2415E-02
  1.1690E+01  5.4820E-01  1.2545E-02
  1.2024E+01  5.4233E-01  1.2645E-02
  1.2358E+01  5.3662E-01  1.2715E-02
  1.2692E+01  5.3107E-01  1.2758E-02
  1.3026E+01  5.2569E-01  1.2781E-02
  1.3360E+01  5.2046E-01  1.2785E-02
  1.3694E+01  5.1540E-01  1.2770E-02
  1.4028E+01  5.1050E-01  1.2734E-02
  1.4362E+01  5.0575E-01  1.2676E-02
  1.4696E+01  5.0117E-01  1.2599E-02
  1.5030E+01  4.9676E-01  1.2509E-02
  1.5364E+01  4.9253E-01  1.2412E-02
  1.5698E+01  4.8847E-01  1.2315E-02
  1.6032E+01  4.8454E-01  1.2216E-02
  1.6366E+01  4.8073E-01  1.2114E-02
  1.6700E+01  4.7703E-01  1.2007E-02
  1.7034E+01  4.7344E-01  1.1896E-02
  1.7368E+01  4.6999E-01  1.1788E-02
  1.7702E+01  4.6670E-01  1.1689E-02
  1.8036E+01  4.6359E-01  1.1604E-02
  1.8370E+01  4.6069E-01  1.1531E-02
  1.8704E+01  4.5802E-01  1.1465E-02
  1.9038E+01  4.5558E-01  1.1406E-02
  1.9372E+01  4.5337E-01  1.1359E-02
  1.9706E+01  4.5139E-01  1.1331E-02
  2.0040E+01  4.4962E-01  1.1327E-02
  2.0374E+01  4.4802E-01  1.1345E-02
  2.0708E+01  4.4656E-01  1.1381E-02
  2.1042E+01  4.4522E-01  1.1429E-02
  2.1376E+01  4.4402E-01  1.1490E-02
  2.1710E+01  4.4296E-01  1.1566E-02
  2.2044E+01  4.4208E-01  1.1663E-02
  2.2378E+01  4.4137E-01  1.1788E-02
  2.2712E+01  4.4083E-01  1.1939E-02
  2.3046E+01  4.4041E-01  1.2112E-02
  2.3380E+01  4.4011E-01  1.2297E-02
  2.3714E+01  4.3991E-01  1.2489E-02
  2.4048E+01  4.3987E-01  1.2690E-02
  2.4382E+01  4.4004E-01  1.2909E-02
  2.4716E+01  4.4045E-01  1.3158E-02
  2.5050E+01  4.4112E-01  1.3448E-02
  2.5384E+01  4.4198E-01  1.3774E-02
  2.5718E+01  4.4293E-01  1.4121E-02
  2.6052E+01  4.4383E-01  1.4463E-02
  2.6386E+01  4.4457E-01  1.4781E-02
  2.6720E+01  4.4511E-01  1.5063E-02
  2.7054E+01  4.4547E-01  1.5307E-02
  2.7388E+01  4.4577E-01  1.5529E-02
  2.7722E+01  4.4613E-01  1.5754E-02
  2.8056E+01  4.4671E-01  1.6009E-02
  2.8390E+01  4.4760E-01  1.6311E-02
  2.8724E+01  4.4882E-01  1.6661E-02
  2.9058E+01  4.5031E-01  1.7048E-02
  2.9392E+01  4.5198E-01  1.7457E-02
  2.9726E+01  4.5373E-01  1.7865E-02
  3.0060E+01  4.5543E-01  1.8255E-02
  3.0394E+01  4.5700E-01  1.8615E-02
  3.0728E+01  4.5839E-01  1.8941E-02
  3.1062E+01  4.5959E-01  1.9241E-02
  3.1396E+01  4.6067E-01  1.9524E-02
  3.1730E+01  4.6168E-01  1.9801E-02
  3.2064E+01  4.6268E-01  2.0081E-02
  3.2398E+01  4.6371E-01  2.0370E-02
  3.2732E+01  4.6482E-01  2.0671E-02
  3.3066E+01  4.6601E-01  2.0986E-02
  3.3400E+01  4.6728E-01  2.1311E-02
  3.3734E+01  4.6860E-01  2.1636E-02
  3.4068E+01  4.6991E-01  2.1946E-02
  3.4402E+01  4.7112E-01  2.2225E-02
  3.4736E+01  4.7219E-01  2.2464E-02
  3.5070E+01  4.7311E-01  2.2662E-02
  3.5404E+01  4.7393E-01  2.2826E-02
  3.5738E+01  4.7471E-01  2.2975E-02
  3.6072E+01  4.7552E-01  2.3129E-02
  3.6406E+01  4.7644E-01  2.3306E-02
  3.6740E+01  4.7749E-01  2.3517E-02
  3.7074E+01  4.7868E-01  2.3767E-02
  3.7408E+01  4.8000E-01  2.4052E-02
  3.7742E+01  4.8141E-01  2.4359E-02
  3.8076E+01  4.8287E-01  2.4677E-02
  3.8410E+01  4.8431E-01  2.4988E-02
  3.8744E+01  4.8566E-01  2.5278E-02
  3.9078E+01  4.8685E-01  2.5531E-02
  3.9412E+01  4.8779E-01  2.5734E-02
  3.9746E+01  4.8843E-01  2.5877E-02
  4.0080E+01  4.8875E-01  2.5961E-02
  4.0414E+01  4.8875E-01  2.5993E-02
  4.0748E+01  4.8849E-01  2.5989E-02
  4.1082E+01  4.8805E-01  2.5972E-02
  4.1416E+01  4.8752E-01  2.5962E-02
  4.1750E+01  4.8703E-01  2.5979E-02
  4.2084E+01  4.8665E-01  2.6035E-02
  4.2418E+01  4.8647E-01  2.6136E-02
  4.2752E+01  4.8651E-01  2.6278E-02
  4.3086E+01  4.8677E-01  2.6454E-02
  4.3420E+01  4.8724E-01  2.6652E-02
  4.3754E+01  4.8787E-01  2.6862E-02
  4.4088E+01  4.8862E-01  2.7074E-02
  4.4422E+01  4.8941E-01  2.7282E-02
  4.4756E+01  4.9022E-01  2.7481E-02
  4.5090E+01  4.9100E-01  2.7671E-02
  4.5424E+01  4.9172E-01  2.7853E-02
  4.5758E+01  4.9234E-01  2.8021E-02
  4.6092E+01  4.9282E-01  2.8169E-02
  4.6426E+01  4.9311E-01  2.8291E-02
  4.6760E+01  4.9322E-01  2.8384E-02
  4.7094E+01  4.9312E-01  2.8448E-02
  4.7428E+01  4.9282E-01  2.8485E-02
  4.7762E+01  4.9235E-01  2.8502E-02
  4.8096E+01  4.9174E-01  2.8505E-02
  4.8430E+01  4.9100E-01  2.8504E-02
  4.8764E+01  4.9016E-01  2.8506E-02
  4.9098E+01  4.8926E-01  2.8516E-02
  4.9432E+01  4.8831E-01  2.8538E-02
  4.9766E+01  4.8735E-01  2.8577E-02
  5.0100E+01  4.8641E-01  2.8639E-02
  5.0434E+01  4.8556E-01  2.8733E-02
  5.0768E+01  4.8484E-01  2.8866E-02
  5.1102E+01  4.8427E-01  2.9042E-02
  5.1436E+01  4.8388E-01  2.9260E-02
  5.1770E+01  4.8367E-01  2.9517E-02
  5.2104E+01  4.8361E-01  2.9805E-02
  5.2438E+01  4.8366E-01  3.0107E-02
  5.2772E+01  4.8377E-01  3.0404E-02
  5.3106E+01  4.8388E-01  3.0676E-02
  5.3440E+01  4.8398E-01  3.0909E-02
  5.3774E+01  4.8405E-01  3.1102E-02
  5.4108E+01  4.8411E-01  3.1266E-02
  5.4442E+01  4.8418E-01  3.1416E-02
  5.4776E+01  4.8430E-01  3.1569E-02
  5.5110E+01  4.8447E-01  3.1739E-02
  5.5444E+01  4.8469E-01  3.1931E-02
  5.5778E+01  4.8495E-01  3.2144E-02
  5.6112E+01  4.8523E-01  3.2375E-02
  5.6446E+01  4.8549E-01  3.2622E-02
  5.6780E+01  4.8571E-01  3.2883E-02
  5.7114E+01  4.8586E-01  3.3158E-02
  5.7448E+01  4.8594E-01  3.3445E-02
  5.7782E+01  4.8592E-01  3.3742E-02
  5.8116E+01  4.8581E-01  3.4046E-02
  5.8450E+01  4.8559E-01  3.4353E-02
  5.8784E+01  4.8526E-01  3.4658E-02
  5.9118E+01  4.8484E-01  3.4955E-02
  5.9452E+01  4.8431E-01  3.5236E-02
  5.9786E+01  4.8367E-01  3.5492E-02
  6.0120E+01  4.8293E-01  3.5712E-02
  6.0454E+01  4.8208E-01  3.5892E-02
  6.0788E+01  4.8115E-01  3.6030E-02
  6.1122E+01  4.8015E-01  3.6131E-02
  6.1456E+01  4.7912E-01  3.6206E-02
  6.1790E+01  4.7809E-01  3.6264E-02
  6.2124E+01  4.7710E-01  3.6316E-02
  6.2458E+01  4.7618E-01  3.6371E-02
  6.2792E+01  4.7534E-01  3.6431E-02
  6.3126E+01  4.7462E-01  3.6500E-02
  6.3460E+01  4.7400E-01  3.6581E-02
  6.3794E+01  4.7351E-01  3.6677E-02
  6.4128E+01  4.7314E-01  3.6789E-02
  6.4462E+01  4.7288E-01  3.6918E-02
  6.4796E+01  4.7272E-01  3.7064E-02
  6.5130E+01  4.7265E-01  3.7229E-02
  6.5464E+01  4.7266E-01  3.7413E-02
  6.5798E+01  4.7275E-01  3.7618E-02
  6.6132E+01  4.7289E-01  3.7844E-02
  6.6466E+01  4.7308E-01  3.8085E-02
  6.6800E+01  4.7331E-01  3.8337E-02
  6.7134E+01  4.7355E-01  3.8595E-02
  6.7468E+01  4.7381E-01  3.8856E-02
  6.7802E+01  4.7407E-01  3.9118E-02
  6.8136E+01  4.7432E-01  3.9382E-02
  6.8470E+01  4.7456E-01  3.9650E-02
  6.8804E+01  4.7477E-01  3.9921E-02
  6.9138E+01  4.7496E-01  4.0193E-02
  6.9472E+01  4.7511E-01  4.0460E-02
  6.9806E+01  4.7521E-01  4.0715E-02
  7.0140E+01  4.7527E-01  4.0954E-02
  7.0474E+01  4.7527E-01  4.1175E-02
  7.0808E+01  4.7522E-01  4.1380E-02
  7.1142E+01  4.7513E-01  4.1572E-02
  7.1476E+01  4.7501E-01  4.1755E-02
  7.1810E+01  4.7487E-01  4.1935E-02
  7.2144E+01  4.7470E-01  4.2114E-02
  7.2478E+01  4.7453E-01  4.2298E-02
  7.2812E+01  4.7436E-01  4.2490E-02
  7.3146E+01  4.7419E-01  4.2688E-02
  7.3480E+01  4.7402E-01  4.2890E-02
  7.3814E+01  4.7385E-01  4.3092E-02
  7.4148E+01  4.7367E-01  4.3288E-02
  7.4482E+01  4.7348E-01  4.3473E-02
  7.4816E+01  4.7327E-01  4.3647E-02
  7.5150E+01  4.7306E-01  4.3812E-02
  7.5484E+01  4.7285E-01  4.3973E-02
  7.5818E+01  4.7264E-01  4.4138E-02
  7.6152E+01  4.7246E-01  4.4315E-02
  7.6486E+01  4.7231E-01  4.4511E-02
  7.6820E+01  4.7221E-01  4.4728E-02
  7.7154E+01  4.7216E-01  4.4969E-02
  7.7488E+01  4.7216E-01  4.5229E-02
  7.7822E+01  4.7219E-01  4.5505E-02
  7.8156E+01  4.7225E-01  4.5787E-02
  7.8490E+01  4.7230E-01  4.6068E-02
  7.8824E+01  4.7234E-01  4.6337E-02
  7.9158E+01  4.7233E-01  4.6585E-02
  7.9492E+01  4.7225E-01  4.6805E-02
  7.9826E+01  4.7211E-01  4.6991E-02
  8.0160E+01  4.7189E-01  4.7143E-02
  8.0494E+01  4.7161E-01  4.7269E-02
  8.0828E+01  4.7130E-01  4.7380E-02
  8.1162E+01  4.7097E-01  4.7488E-02
  8.1496E+01  4.7067E-01  4.7606E-02
  8.1830E+01  4.7040E-01  4.7742E-02
  8.2164E+01  4.7019E-01  4.7899E-02
  8.2498E+01  4.7004E-01  4.8078E-02
  8.2832E+01  4.6995E-01  4.8275E-02
  8.3166E+01  4.6990E-01  4.8485E-02
  8.3500E+01  4.6988E-01  4.8699E-02
  8.3834E+01  4.6986E-01  4.8912E-02
  8.4168E+01  4.6984E-01  4.9117E-02
  8.4502E+01  4.6979E-01  4.9312E-02
  8.4836E+01  4.6972E-01  4.9496E-02
  8.5170E+01  4.6963E-01  4.9671E-02
  8.5504E+01  4.6951E-01  4.9840E-02
  8.5838E+01  4.6937E-01  5.0003E-02
  8.6172E+01  4.6921E-01  5.0164E-02
  8.6506E+01  4.6906E-01  5.0325E-02
  8.6840E+01  4.6892E-01  5.0491E-02
  8.7174E+01  4.6879E-01  5.0665E-02
  8.7508E+01  4.6868E-01  5.0850E-02
  8.7842E+01  4.6860E-01  5.1047E-02
  8.8176E+01  4.6855E-01  5.1253E-02
  8.8510E+01  4.6853E-01  5.1467E-02
  8.8844E+01  4.6853E-01  5.1686E-02
  8.9178E+01  4.6855E-01  5.1908E-02
  8.9512E+01  4.6858E-01  5.2130E-02
  8.9846E+01  4.6863E-01  5.2348E-02
  9.0180E+01  4.6867E-01  5.2558E-02
  9.0514E+01  4.6872E-01  5.2760E-02
  9.0848E+01  4.6876E-01  5.2952E-02
  9.1182E+01  4.6881E-01  5.3138E-02
  9.1516E+01  4.6885E-01  5.3321E-02
  9.1850E+01  4.6890E-01  5.3505E-02
  9.2184E+01  4.6896E-01  5.3695E-02
  9.2518E+01  4.6903E-01  5.3892E-02
  9.2852E+01  4.6910E-01  5.4095E-02
  9.3186E+01  4.6918E-01  5.4302E-02
  9.3520E+01  4.6925E-01  5.4509E-02
  9.3854E+01  4.6933E-01  5.4714E-02
  9.4188E+01  4.6939E-01  5.4915E-02
  9.4522E+01  4.6944E-01  5.5109E-02
  9.4856E+01  4.6947E-01  5.5296E-02
  9.5190E+01  4.6948E-01  5.5474E-02
  9.5524E+01  4.6946E-01  5.5640E-02
  9.5858E+01  4.6941E-01  5.5796E-02
  9.6192E+01  4.6934E-01  5.5942E-02
  9.6526E+01  4.6925E-01  5.6081E-02
  9.6860E+01  4.6914E-01  5.6218E-02
  9.7194E+01  4.6902E-01  5.6357E-02
  9.7528E+01  4.6891E-01  5.6500E-02
  9.7862E+01  4.6879E-01  5.6650E-02
  9.8196E+01  4.6869E-01  5.6809E-02
  9.8530E+01  4.6861E-01  5.6977E-02
  9.8864E+01  4.6854E-01  5.7153E-02
  9.9198E+01  4.6848E-01  5.7338E-02
  9.9532E+01  4.6845E-01  5.7531E-02
  9.9866E+01  4.6843E-01  5.7732E-02
  1.0020E+02  4.6842E-01  5.7940E-02
  1.0053E+02  4.6843E-01  5.8152E-02
  1.0087E+02  4.6844E-01  5.8366E-02
  1.0120E+02  4.6845E-01  5.8578E-02
  1.0154E+02  4.6845E-01  5.8785E-02
  1.0187E+02  4.6844E-01  5.8987E-02
  1.0220E+02  4.6842E-01  5.9181E-02
  1.0254E+02  4.6838E-01  5.9367E-02
  1.0287E+02  4.6832E-01  5.9544E-02
  1.0321E+02  4.6824E-01  5.9712E-02
  1.0354E+02  4.6813E-01  5.9872E-02
  1.0387E+02  4.6801E-01  6.0025E-02
  1.0421E+02  4.6786E-01  6.0174E-02
  1.0454E+02  4.6770E-01  6.0321E-02
  1.0488E+02  4.6753E-01  6.0467E-02
  1.0521E+02  4.6735E-01  6.0613E-02
  1.0554E+02  4.6716E-01  6.0758E-02
  1.0588E+02  4.6697E-01  6.0901E-02
  1.0621E+02  4.6676E-01  6.1039E-02
  1.0655E+02  4.6655E-01  6.1172E-02
  1.0688E+02  4.6634E-01  6.1301E-02
  1.0721E+02  4.6614E-01  6.1430E-02
  1.0755E+02  4.6594E-01  6.1562E-02
  1.0788E+02  4.6575E-01  6.1704E-02
  1.0822E+02  4.6558E-01  6.1857E-02
  1.0855E+02  4.6543E-01  6.2022E-02
  1.0888E+02  4.6529E-01  6.2197E-02
  1.0922E+02  4.6516E-01  6.2377E-02
  1.0955E+02  4.6504E-01  6.2558E-02
  1.0989E+02  4.6491E-01  6.2738E-02
  1.1022E+02  4.6478E-01  6.2913E-02
  1.1055E+02  4.6465E-01  6.3084E-02
  1.1089E+02  4.6450E-01  6.3252E-02
  1.1122E+02  4.6435E-01  6.3417E-02
  1.1156E+02  4.6419E-01  6.3581E-02
  1.1189E+02  4.6403E-01  6.3748E-02
  1.1222E+02  4.6387E-01  6.3918E-02
  1.1256E+02  4.6371E-01  6.4092E-02
  1.1289E+02  4.6355E-01  6.4269E-02
  1.1323E+02  4.6340E-01  6.4449E-02
  1.1356E+02  4.6325E-01  6.4629E-02
  1.1389E+02  4.6310E-01  6.4808E-02
  1.1423E+02  4.6295E-01  6.4986E-02
  1.1456E+02  4.6280E-01  6.5162E-02
  1.1490E+02  4.6265E-01  6.5337E-02
  1.1523E+02  4.6249E-01  6.5514E-02
  1.1556E+02  4.6234E-01  6.5695E-02
  1.1590E+02  4.6219E-01  6.5880E-02
  1.1623E+02  4.6203E-01  6.6072E-02
  1.1657E+02  4.6188E-01  6.6270E-02
  1.1690E+02  4.6173E-01  6.6474E-02
  1.1723E+02  4.6158E-01  6.6681E-02
  1.1757E+02  4.6142E-01  6.6889E-02
  1.1790E+02  4.6126E-01  6.7094E-02
  1.1824E+02  4.6109E-01  6.7293E-02
  1.1857E+02  4.6090E-01  6.7483E-02
  1.1890E+02  4.6069E-01  6.7661E-02
  1.1924E+02  4.6046E-01  6.7825E-02
  1.1957E+02  4.6022E-01  6.7975E-02
  1.1991E+02  4.5996E-01  6.8112E-02
  1.2024E+02  4.5968E-01  6.8237E-02
  1.2057E+02  4.5939E-01  6.8352E-02
  1.2091E+02  4.5909E-01  6.8460E-02
  1.2124E+02  4.5879E-01  6.8564E-02
  1.2158E+02  4.5849E-01  6.8666E-02
  1.2191E+02  4.5821E-01  6.8769E-02
  1.2224E+02  4.5793E-01  6.8877E-02
  1.2258E+02  4.5767E-01  6.8990E-02
  1.2291E+02  4.5743E-01  6.9110E-02
  1.2325E+02  4.5721E-01  6.9238E-02
  1.2358E+02  4.5701E-01  6.9372E-02
  1.2391E+02  4.5681E-01  6.9512E-02
  1.2425E+02  4.5664E-01  6.9657E-02
  1.2458E+02  4.5647E-01  6.9806E-02
  1.2492E+02  4.5631E-01  6.9957E-02
  1.2525E+02  4.5615E-01  7.0110E-02
  1.2558E+02  4.5599E-01  7.0263E-02
  1.2592E+02  4.5583E-01  7.0418E-02
  1.2625E+02  4.5568E-01  7.0575E-02
  1.2659E+02  4.5552E-01  7.0733E-02
  1.2692E+02  4.5536E-01  7.0894E-02
  1.2725E+02  4.5521E-01  7.1057E-02
  1.2759E+02  4.5506E-01  7.1222E-02
  1.2792E+02  4.5491E-01  7.1389E-02
  1.2826E+02  4.5477E-01  7.1559E-02
  1.2859E+02  4.5463E-01  7.1731E-02
  1.2892E+02  4.5449E-01  7.1904E-02
  1.2926E+02  4.5435E-01  7.2079E-02
  1.2959E+02  4.5421E-01  7.2255E-02
  1.2993E+02  4.5407E-01  7.2428E-02
  1.3026E+02  4.5393E-01  7.2600E-02
  1.3059E+02  4.5379E-01  7.2768E-02
  1.3093E+02  4.5364E-01  7.2933E-02
  1.3126E+02  4.5349E-01  7.3095E-02
  1.3160E+02  4.5333E-01  7.3255E-02
  1.3193E+02  4.5318E-01  7.3414E-02
  1.3226E+02  4.5302E-01  7.3571E-02
  1.3260E+02  4.5286E-01  7.3726E-02
  1.3293E+02  4.5269E-01  7.3879E-02
  1.3327E+02  4.5252E-01  7.4030E-02
  1.3360E+02  4.5235E-01  7.4179E-02
  1.3393E+02  4.5219E-01  7.4326E-02
  1.3427E+02  4.5202E-01  7.4475E-02
  1.3460E+02  4.5185E-01  7.4625E-02
  1.3494E+02  4.5170E-01  7.4778E-02
  1.3527E+02  4.5154E-01  7.4935E-02
  1.3560E+02  4.5140E-01  7.5095E-02
  1.3594E+02  4.5125E-01  7.5256E-02
  1.3627E+02  4.5112E-01  7.5419E-02
  1.3661E+02  4.5098E-01  7.5581E-02
  1.3694E+02  4.5085E-01  7.5741E-02
  1.3727E+02  4.5071E-01  7.5899E-02
  1.3761E+02  4.5058E-01  7.6054E-02
  1.3794E+02  4.5044E-01  7.6206E-02
  1.3828E+02  4.5031E-01  7.6356E-02
  1.3861E+02  4.5017E-01  7.6506E-02
  1.3894E+02  4.5004E-01  7.6656E-02
  1.3928E+02  4.4990E-01  7.6807E-02
  1.3961E+02  4.4977E-01  7.6960E-02
  1.3995E+02  4.4964E-01  7.7114E-02
  1.4028E+02  4.4950E-01  7.7270E-02
  1.4061E+02  4.4937E-01  7.7426E-02
  1.4095E+02  4.4924E-01  7.7583E-02
  1.4128E+02  4.4911E-01  7.7739E-02
  1.4162E+02  4.4897E-01  7.7893E-02
  1.4195E+02  4.4883E-01  7.8046E-02
  1.4228E+02  4.4869E-01  7.8198E-02
  1.4262E+02  4.4855E-01  7.8349E-02
  1.4295E+02  4.4840E-01  7.8498E-02
  1.4329E+02  4.4826E-01  7.8647E-02
  1.4362E+02  4.4811E-01  7.8796E-02
  1.4395E+02  4.4795E-01  7.8945E-02
  1.4429E+02  4.4780E-01  7.9094E-02
  1.4462E+02  4.4765E-01  7.9242E-02
  1.4496E+02  4.4749E-01  7.9390E-02
  1.4529E+02  4.4733E-01  7.9537E-02
  1.4562E+02  4.4718E-01  7.9684E-02
  1.4596E+02  4.4702E-01  7.9832E-02
  1.4629E+02  4.4687E-01  7.9982E-02
  1.4663E+02  4.4672E-01  8.0134E-02
  1.4696E+02  4.4657E-01  8.0290E-02
  1.4729E+02  4.4643E-01  8.0448E-02
  1.4763E+02  4.4629E-01  8.0610E-02
  1.4796E+02  4.4615E-01  8.0774E-02
  1.4830E+02  4.4601E-01  8.0939E-02
  1.4863E+02  4.4587E-01  8.1105E-02
  1.4896E+02  4.4574E-01  8.1269E-02
  1.4930E+02  4.4560E-01  8.1431E-02
  1.4963E+02  4.4546E-01  8.1590E-02
  1.4997E+02  4.4531E-01  8.1746E-02
  1.5030E+02  4.4517E-01  8.1899E-02
  1.5063E+02  4.4501E-01  8.2049E-02
  1.5097E+02  4.4486E-01  8.2197E-02
  1.5130E+02  4.4470E-01  8.2344E-02
  1.5164E+02  4.4454E-01  8.2492E-02
  1.5197E+02  4.4438E-01  8.2640E-02
  1.5230E+02  4.4422E-01  8.2789E-02
  1.5264E+02  4.4405E-01  8.2939E-02
  1.5297E+02  4.4389E-01  8.3090E-02
  1.5331E+02  4.4373E-01  8.3241E-02
  1.5364E+02  4.4357E-01  8.3392E-02
  1.5397E+02  4.4341E-01  8.3544E-02
  1.5431E+02  4.4325E-01  8.3695E-02
  1.5464E+02  4.4309E-01  8.3846E-02
  1.5498E+02  4.4293E-01  8.3998E-02
  1.5531E+02  4.4278E-01  8.4151E-02
  1.5564E+02  4.4262E-01  8.4305E-02
  1.5598E+02  4.4247E-01  8.4459E-02
  1.5631E+02  4.4231E-01  8.4614E-02
  1.5665E+02  4.4216E-01  8.4769E-02
  1.5698E+02  4.4201E-01  8.4925E-02
  1.5731E+02  4.4186E-01  8.5082E-02
  1.5765E+02  4.4171E-01  8.5238E-02
  1.5798E+02  4.4156E-01  8.5394E-02
  1.5832E+02  4.4141E-01  8.5550E-02
  1.5865E+02  4.4126E-01  8.5704E-02
  1.5898E+02  4.4111E-01  8.5856E-02
  1.5932E+02  4.4096E-01  8.6007E-02
  1.5965E+02  4.4080E-01  8.6155E-02
  1.5999E+02  4.4065E-01  8.6300E-02
  1.6032E+02  4.4049E-01  8.6444E-02
  1.6065E+02  4.4033E-01  8.6587E-02
  1.6099E+02  4.4017E-01  8.6730E-02
  1.6132E+02  4.4002E-01  8.6873E-02
  1.6166E+02  4.3986E-01  8.7018E-02
  1.6199E+02  4.3970E-01  8.7165E-02
  1.6232E+02  4.3954E-01  8.7313E-02
  1.6266E+02  4.3939E-01  8.7462E-02
  1.6299E+02  4.3923E-01  8.7612E-02
  1.6333E+02  4.3908E-01  8.7762E-02
  1.6366E+02  4.3892E-01  8.7911E-02
  1.6399E+02  4.3876E-01  8.8060E-02
  1.6433E+02  4.3860E-01  8.8207E-02
  1.6466E+02  4.3844E-01  8.8353E-02
  1.6500E+02  4.3828E-01  8.8499E-02
  1.6533E+02  4.3812E-01  8.8645E-02
  1.6566E+02  4.3796E-01  8.8790E-02
  1.6600E+02  4.3779E-01  8.8935E-02
  1.6633E+02  4.3763E-01  8.9080E-02
  1.6667E+02  4.3747E-01  8.9226E-02
  1.6700E+02  4.3731E-01  8.9373E-02
  1.6733E+02  4.3714E-01  8.9521E-02
  1.6767E+02  4.3698E-01  8.9671E-02
  1.6800E+02  4.3682E-01  8.9822E-02
  1.6834E+02  4.3666E-01  8.9974E-02
  1.6867E+02  4.3650E-01  9.0126E-02
  1.6900E+02  4.3635E-01  9.0279E-02
  1.6934E+02  4.3619E-01  9.0432E-02
  1.6967E+02  4.3603E-01  9.0584E-02
  1.7001E+02  4.3587E-01  9.0736E-02
  1.7034E+02  4.3571E-01  9.0887E-02
  1.7067E+02  4.3555E-01  9.1037E-02
  1.7101E+02  4.3539E-01  9.1187E-02
  1.7134E+02  4.3523E-01  9.1335E-02
  1.7168E+02  4.3507E-01  9.1481E-02
  1.7201E+02  4.3491E-01  9.1627E-02
  1.7234E+02  4.3474E-01  9.1772E-02
  1.7268E+02  4.3458E-01  9.1916E-02
  1.7301E+02  4.3442E-01  9.2059E-02
  1.7335E+02  4.3426E-01  9.2201E-02
  1.7368E+02  4.3409E-01  9.2344E-02
  1.7401E+02  4.3393E-01  9.2486E-02
  1.7435E+02  4.3377E-01  9.2628E-02
  1.7468E+02  4.3361E-01  9.2772E-02
  1.7502E+02  4.3345E-01  9.2915E-02
  1.7535E+02  4.3330E-01  9.3060E-02
  1.7568E+02  4.3314E-01  9.3206E-02
  1.7602E+02  4.3299E-01  9.3352E-02
  1.7635E+02  4.3283E-01  9.3499E-02
  1.7669E+02  4.3268E-01  9.3646E-02
  1.7702E+02  4.3252E-01  9.3793E-02
  1.7735E+02  4.3237E-01  9.3939E-02
  1.7769E+02  4.3221E-01  9.4084E-02
  1.7802E+02  4.3206E-01  9.4229E-02
  1.7836E+02  4.3190E-01  9.4374E-02
  1.7869E+02  4.3174E-01  9.4517E-02
  1.7902E+02  4.3158E-01  9.4660E-02
  1.7936E+02  4.3142E-01  9.4801E-02
  1.7969E+02  4.3126E-01  9.4940E-02
  1.8003E+02  4.3110E-01  9.5079E-02
  1.8036E+02  4.3093E-01  9.5215E-02
  1.8069E+02  4.3077E-01  9.5351E-02
  1.8103E+02  4.3060E-01  9.5486E-02
  1.8136E+02  4.3044E-01  9.5621E-02
  1.8170E+02  4.3027E-01  9.5756E-02
  1.8203E+02  4.3011E-01  9.5893E-02
  1.8236E+02  4.2995E-01  9.6030E-02
  1.8270E+02  4.2979E-01  9.6170E-02
  1.8303E+02  4.2962E-01  9.6310E-02
  1.8337E+02  4.2946E-01  9.6452E-02
  1.8370E+02  4.2931E-01  9.6595E-02
  1.8403E+02  4.2915E-01  9.6739E-02
  1.8437E+02  4.2899E-01  9.6882E-02
  1.8470E+02  4.2883E-01  9.7026E-02
  1.8504E+02  4.2867E-01  9.7170E-02
  1.8537E+02  4.2851E-01  9.7313E-02
  1.8570E+02  4.2835E-01  9.7456E-02
  1.8604E+02  4.2819E-01  9.7598E-02
  1.8637E+02  4.2803E-01  9.7741E-02
  1.8671E+02  4.2787E-01  9.7883E-02
  1.8704E+02  4.2771E-01  9.8025E-02
  1.8737E+02  4.2755E-01  9.8168E-02
  1.8771E+02  4.2738E-01  9.8310E-02
  1.8804E+02  4.2722E-01  9.8453E-02
  1.8838E+02  4.2705E-01  9.8596E-02
  1.8871E+02  4.2689E-01  9.8739E-02
  1.8904E+02  4.2672E-01  9.8881E-02
  1.8938E+02  4.2656E-01  9.9022E-02
  1.8971E+02  4.2639E-01  9.9162E-02
  1.9005E+02  4.2622E-01  9.9301E-02
  1.9038E+02  4.2606E-01  9.9438E-02
  1.9071E+02  4.2589E-01  9.9575E-02
  1.9105E+02  4.2572E-01  9.9712E-02
  1.9138E+02  4.2555E-01  9.9848E-02
  1.9172E+02  4.2538E-01  9.9984E-02
  1.9205E+02  4.2521E-01  1.0012E-01
  1.9238E+02  4.2505E-01  1.0026E-01
  1.9272E+02  4.2488E-01  1.0039E-01
  1.9305E+02  4.2471E-01  1.0053E-01
  1.9339E+02  4.2454E-01  1.0066E-01
  1.9372E+02  4.2438E-01  1.0080E-01
  1.9405E+02  4.2421E-01  1.0094E-01
  1.9439E+02  4.2405E-01  1.0107E-01
  1.9472E+02  4.2389E-01  1.0121E-01
  1.9506E+02  4.2372E-01  1.0134E-01
  1.9539E+02  4.2356E-01  1.0148E-01
  1.9572E+02  4.2340E-01  1.0162E-01
  1.9606E+02  4.2324E-01  1.0175E-01
  1.9639E+02  4.2308E-01  1.0189E-01
  1.9673E+02  4.2292E-01  1.0203E-01
  1.9706E+02  4.2276E-01  1.0217E-01
  1.9739E+02  4.2260E-01  1.0230E-01
  1.9773E+02  4.2244E-01  1.0244E-01
  1.9806E+02  4.2228E-01  1.0258E-01
  1.9840E+02  4.2212E-01  1.0271E-01
  1.9873E+02  4.2196E-01  1.0285E-01
  1.9906E+02  4.2180E-01  1.0298E-01
  1.9940E+02  4.2163E-01  1.0312E-01
  1.9973E+02  4.2147E-01  1.0325E-01
  2.0007E+02  4.2131E-01  1.0338E-01
  2.0040E+02  4.2115E-01  1.0352E-01
  2.0073E+02  4.2098E-01  1.0365E-01
  2.0107E+02  4.2082E-01  1.0378E-01
  2.0140E+02  4.2066E-01  1.0392E-01
  2.0174E+02  4.2050E-01  1.0405E-01
  2.0207E+02  4.2033E-01  1.0418E-01
  2.0240E+02  4.2017E-01  1.0432E-01
  2.0274E+02  4.2001E-01  1.0445E-01
  2.0307E+02  4.1985E-01  1.0459E-01
  2.0341E+02  4.1969E-01  1.0472E-01
  2.0374E+02  4.1953E-01  1.0486E-01
  2.0407E+02  4.1937E-01  1.0499E-01
  2.0441E+02  4.1921E-01  1.0513E-01
  2.0474E+02  4.1905E-01  1.0526E-01
  2.0508E+02  4.1889E-01  1.0540E-01
  2.0541E+02  4.1873E-01  1.0553E-01
  2.0574E+02  4.1857E-01  1.0566E-01
  2.0608E+02  4.1841E-01  1.0580E-01
  2.0641E+02  4.1825E-01  1.0593E-01
  2.0675E+02  4.1809E-01  1.0606E-01
  2.0708E+02  4.1793E-01  1.0619E-01
  2.0741E+02  4.1777E-01  1.0633E-01
  2.0775E+02  4.1761E-01  1.0646E-01
  2.0808E+02  4.1745E-01  1.0659E-01
  2.0842E+02  4.1729E-01  1.0672E-01
  2.0875E+02  4.1713E-01  1.0686E-01
  2.0908E+02  4.1697E-01  1.0699E-01
  2.0942E+02  4.1681E-01  1.0712E-01
  2.0975E+02  4.1665E-01  1.0725E-01
  2.1009E+02  4.1649E-01  1.0739E-01
  2.1042E+02  4.1634E-01  1.0752E-01
  2.1075E+02  4.1618E-01  1.0765E-01
  2.1109E+02  4.1602E-01  1.0778E-01
  2.1142E+02  4.1586E-01  1.0791E-01
  2.1176E+02  4.1570E-01  1.0804E-01
  2.1209E+02  4.1554E-01  1.0817E-01
  2.1242E+02  4.1539E-01  1.0830E-01
  2.1276E+02  4.1523E-01  1.0843E-01
  2.1309E+02  4.1507E-01  1.0856E-01
  2.1343E+02  4.1491E-01  1.0869E-01
  2.1376E+02  4.1475E-01  1.0882E-01
  2.1409E+02  4.1459E-01  1.0894E-01
  2.1443E+02  4.1444E-01  1.0907E-01
  2.1476E+02  4.1428E-01  1.0920E-01
  2.1510E+02  4.1412E-01  1.0933E-01
  2.1543E+02  4.1396E-01  1.0946E-01
  2.1576E+02  4.1380E-01  1.0959E-01
  2.1610E+02  4.1365E-01  1.0972E-01
  2.1643E+02  4.1349E-01  1.0985E-01
  2.1677E+02  4.1333E-01  1.0997E-01
  2.1710E+02  4.1317E-01  1.1010E-01
  2.1743E+02  4.1301E-01  1.1023E-01
  2.1777E+02  4.1286E-01  1.1036E-01
  2.1810E+02  4.1270E-01  1.1049E-01
  2.1844E+02  4.1254E-01  1.1061E-01
  2.1877E+02  4.1238E-01  1.1074E-01
  2.1910E+02  4.1222E-01  1.1087E-01
  2.1944E+02  4.1206E-01  1.1100E-01
  2.1977E+02  4.1190E-01  1.1112E-01
  2.2011E+02  4.1174E-01  1.1125E-01
  2.2044E+02  4.1158E-01  1.1138E-01
  2.2077E+02  4.1142E-01  1.1150E-01
  2.2111E+02  4.1126E-01  1.1163E-01
  2.2144E+02  4.1110E-01  1.1176E-01
  2.2178E+02  4.1094E-01  1.1188E-01
  2.2211E+02  4.1078E-01  1.1201E-01
  2.2244E+02  4.1062E-01  1.1214E-01
  2.2278E+02  4.1046E-01  1.1226E-01
  2.2311E+02  4.1030E-01  1.1239E-01
  2.2345E+02  4.1014E-01  1.1252E-01
  2.2378E+02  4.0998E-01  1.1264E-01
  2.2411E+02  4.0982E-01  1.1277E-01
  2.2445E+02  4.0966E-01  1.1289E-01
  2.2478E+02  4.0950E-01  1.1302E-01
  2.2512E+02  4.0934E-01  1.1315E-01
  2.2545E+02  4.0917E-01  1.1327E-01
  2.2578E+02  4.0901E-01  1.1340E-01
  2.2612E+02  4.0885E-01  1.1352E-01
  2.2645E+02  4.0869E-01  1.1365E-01
  2.2679E+02  4.0853E-01  1.1377E-01
  2.2712E+02  4.0837E-01  1.1390E-01
  2.2745E+02  4.0821E-01  1.1402E-01
  2.2779E+02  4.0804E-01  1.1415E-01
  2.2812E+02  4.0788E-01  1.1427E-01
  2.2846E+02  4.0772E-01  1.1440E-01
  2.2879E+02  4.0756E-01  1.1452E-01
  2.2912E+02  4.0739E-01  1.1464E-01
  2.2946E+02  4.0723E-01  1.1477E-01
  2.2979E+02  4.0707E-01  1.1489E-01
  2.3013E+02  4.0691E-01  1.1502E-01
  2.3046E+02  4.0674E-01  1.1514E-01
  2.3079E+02  4.0658E-01  1.1527E-01
  2.3113E+02  4.0642E-01  1.1539E-01
  2.3146E+02  4.0626E-01  1.1551E-01
  2.3180E+02  4.0609E-01  1.1564E-01
  2.3213E+02  4.0593E-01  1.1576E-01
  2.3246E+02  4.0577E-01  1.1589E-01
  2.3280E+02  4.0561E-01  1.1601E-01
  2.3313E+02  4.0544E-01  1.1613E-01
  2.3347E+02  4.0528E-01  1.1626E-01
  2.3380E+02  4.0512E-01  1.1638E-01
  2.3413E+02  4.0496E-01  1.1650E-01
  2.3447E+02  4.0480E-01  1.1662E-01
  2.3480E+02  4.0463E-01  1.1675E-01
  2.3514E+02  4.0447E-01  1.1687E-01
  2.3547E+02  4.0431E-01  1.1699E-01
  2.3580E+02  4.0415E-01  1.1712E-01
  2.3614E+02  4.0399E-01  1.1724E-01
  2.3647E+02  4.0383E-01  1.1736E-01
  2.3681E+02  4.0367E-01  1.1748E-01
  2.3714E+02  4.0350E-01  1.1761E-01
  2.3747E+02  4.0334E-01  1.1773E-01
  2.3781E+02  4.0318E-01  1.1785E-01
  2.3814E+02  4.0302E-01  1.1797E-01
  2.3848E+02  4.0286E-01  1.1809E-01
  2.3881E+02  4.0270E-01  1.1821E-01
  2.3914E+02  4.0254E-01  1.1833E-01
  2.3948E+02  4.0238E-01  1.1845E-01
  2.3981E+02  4.0222E-01  1.1857E-01
  2.4015E+02  4.0205E-01  1.1869E-01
  2.4048E+02  4.0189E-01  1.1881E-01
  2.4081E+02  4.0173E-01  1.1893E-01
  2.4115E+02  4.0157E-01  1.1905E-01
  2.4148E+02  4.0141E-01  1.1917E-01
  2.4182E+02  4.0125E-01  1.1929E-01
  2.4215E+02  4.0109E-01  1.1941E-01
  2.4248E+02  4.0093E-01  1.1953E-01
  2.4282E+02  4.0077E-01  1.1965E-01
  2.4315E+02  4.0061E-01  1.1977E-01
  2.4349E+02  4.0045E-01  1.1989E-01
  2.4382E+02  4.0030E-01  1.2000E-01
  2.4415E+02  4.0014E-01  1.2012E-01
  2.4449E+02  3.9998E-01  1.2024E-01
  2.4482E+02  3.9982E-01  1.2036E-01
  2.4516E+02  3.9966E-01  1.2048E-01
  2.4549E+02  3.9950E-01  1.2060E-01
  2.4582E+02  3.9934E-01  1.2072E-01
  2.4616E+02  3.9918E-01  1.2084E-01
  2.4649E+02  3.9902E-01  1.2096E-01
  2.4683E+02  3.9887E-01  1.2108E-01
  2.4716E+02  3.9871E-01  1.2120E-01
  2.4749E+02  3.9855E-01  1.2131E-01
  2.4783E+02  3.9839E-01  1.2143E-01
  2.4816E+02  3.9823E-01  1.2155E-01
  2.4850E+02  3.9807E-01  1.2167E-01
  2.4883E+02  3.9791E-01  1.2179E-01
  2.4916E+02  3.9776E-01  1.2191E-01
  2.4950E+02  3.9760E-01  1.2202E-01
  2.4983E+02  3.9744E-01  1.2214E-01
  2.5017E+02  3.9728E-01  1.2226E-01
  2.5050E+02  3.9713E-01  1.2238E-01
  2.5083E+02  3.9697E-01  1.2250E-01
  2.5117E+02  3.9681E-01  1.2261E-01
  2.5150E+02  3.9665E-01  1.2273E-01
  2.5184E+02  3.9650E-01  1.2285E-01
  2.5217E+02  3.9634E-01  1.2297E-01
  2.5250E+02  3.9618E-01  1.2308E-01
  2.5284E+02  3.9603E-01  1.2320E-01
  2.5317E+02  3.9587E-01  1.2332E-01
  2.5351E+02  3.9571E-01  1.2344E-01
  2.5384E+02  3.9556E-01  1.2355E-01
  2.5417E+02  3.9540E-01  1.2367E-01
  2.5451E+02  3.9525E-01  1.2379E-01
  2.5484E+02  3.9509E-01  1.2390E-01
  2.5518E+02  3.9494E-01  1.2402E-01
  2.5551E+02  3.9478E-01  1.2414E-01
  2.5584E+02  3.9462E-01  1.2425E-01
  2.5618E+02  3.9447E-01  1.2437E-01
  2.5651E+02  3.9431E-01  1.2448E-01
  2.5685E+02  3.9416E-01  1.2460E-01
  2.5718E+02  3.9400E-01  1.2472E-01
  2.5751E+02  3.9385E-01  1.2483E-01
  2.5785E+02  3.9369E-01  1.2495E-01
  2.5818E+02  3.9354E-01  1.2506E-01
  2.5852E+02  3.9338E-01  1.2518E-01
  2.5885E+02  3.9323E-01  1.2529E-01
  2.5918E+02  3.9307E-01  1.2541E-01
  2.5952E+02  3.9292E-01  1.2552E-01
  2.5985E+02  3.9276E-01  1.2564E-01
  2.6019E+02  3.9261E-01  1.2575E-01
  2.6052E+02  3.9245E-01  1.2586E-01
  2.6085E+02  3.9230E-01  1.2598E-01
  2.6119E+02  3.9214E-01  1.2609E-01
  2.6152E+02  3.9199E-01  1.2621E-01
  2.6186E+02  3.9183E-01  1.2632E-01
  2.6219E+02  3.9168E-01  1.2643E-01
  2.6252E+02  3.9152E-01  1.2655E-01
  2.6286E+02  3.9137E-01  1.2666E-01
  2.6319E+02  3.9121E-01  1.2677E-01
  2.6353E+02  3.9106E-01  1.2689E-01
  2.6386E+02  3.9090E-01  1.2700E-01
  2.6419E+02  3.9075E-01  1.2711E-01
  2.6453E+02  3.9059E-01  1.2722E-01
  2.6486E+02  3.9043E-01  1.2734E-01
  2.6520E+02  3.9028E-01  1.2745E-01
  2.6553E+02  3.9012E-01  1.2756E-01
  2.6586E+02  3.8997E-01  1.2767E-01
  2.6620E+02  3.8981E-01  1.2779E-01
  2.6653E+02  3.8966E-01  1.2790E-01
  2.6687E+02  3.8950E-01  1.2801E-01
  2.6720E+02  3.8934E-01  1.2812E-01
  2.6753E+02  3.8919E-01  1.2823E-01
  2.6787E+02  3.8903E-01  1.2835E-01
  2.6820E+02  3.8887E-01  1.2846E-01
  2.6854E+02  3.8872E-01  1.2857E-01
  2.6887E+02  3.8856E-01  1.2868E-01
  2.6920E+02  3.8841E-01  1.2879E-01
  2.6954E+02  3.8825E-01  1.2890E-01
  2.6987E+02  3.8809E-01  1.2901E-01
  2.7021E+02  3.8794E-01  1.2912E-01
  2.7054E+02  3.8778E-01  1.2924E-01
  2.7087E+02  3.8762E-01  1.2935E-01
  2.7121E+02  3.8746E-01  1.2946E-01
  2.7154E+02  3.8731E-01  1.2957E-01
  2.7188E+02  3.8715E-01  1.2968E-01
  2.7221E+02  3.8699E-01  1.2979E-01
  2.7254E+02  3.8684E-01  1.2990E-01
  2.7288E+02  3.8668E-01  1.3001E-01
  2.7321E+02  3.8652E-01  1.3012E-01
  2.7355E+02  3.8637E-01  1.3023E-01
  2.7388E+02  3.8621E-01  1.3034E-01
  2.7421E+02  3.8605E-01  1.3045E-01
  2.7455E+02  3.8589E-01  1.3056E-01
  2.7488E+02  3.8574E-01  1.3067E-01
  2.7522E+02  3.8558E-01  1.3078E-01
  2.7555E+02  3.8542E-01  1.3089E-01
  2.7588E+02  3.8526E-01  1.3100E-01
  2.7622E+02  3.8511E-01  1.3110E-01
  2.7655E+02  3.8495E-01  1.3121E-01
  2.7689E+02  3.8479E-01  1.3132E-01
  2.7722E+02  3.8463E-01  1.3143E-01
  2.7755E+02  3.8448E-01  1.3154E-01
  2.7789E+02  3.8432E-01  1.3165E-01
  2.7822E+02  3.8416E-01  1.3176E-01
  2.7856E+02  3.8400E-01  1.3187E-01
  2.7889E+02  3.8385E-01  1.3197E-01
  2.7922E+02  3.8369E-01  1.3208E-01
  2.7956E+02  3.8353E-01  1.3219E-01
  2.7989E+02  3.8337E-01  1.3230E-01
  2.8023E+02  3.8322E-01  1.3240E-01
  2.8056E+02  3.8306E-01  1.3251E-01
  2.8089E+02  3.8290E-01  1.3262E-01
  2.8123E+02  3.8274E-01  1.3273E-01
  2.8156E+02  3.8258E-01  1.3283E-01
  2.8190E+02  3.8243E-01  1.3294E-01
  2.8223E+02  3.8227E-01  1.3305E-01
  2.8256E+02  3.8211E-01  1.3315E-01
  2.8290E+02  3.8195E-01  1.3326E-01
  2.8323E+02  3.8179E-01  1.3337E-01
  2.8357E+02  3.8163E-01  1.3347E-01
  2.8390E+02  3.8148E-01  1.3358E-01
  2.8423E+02  3.8132E-01  1.3368E-01
  2.8457E+02  3.8116E-01  1.3379E-01
  2.8490E+02  3.8100E-01  1.3389E-01
  2.8524E+02  3.8084E-01  1.3400E-01
  2.8557E+02  3.8068E-01  1.3411E-01
  2.8590E+02  3.8052E-01  1.3421E-01
  2.8624E+02  3.8037E-01  1.3432E-01
  2.8657E+02  3.8021E-01  1.3442E-01
  2.8691E+02  3.8005E-01  1.3452E-01
  2.8724E+02  3.7989E-01  1.3463E-01
  2.8757E+02  3.7973E-01  1.3473E-01
  2.8791E+02  3.7957E-01  1.3484E-01
  2.8824E+02  3.7941E-01  1.3494E-01
  2.8858E+02  3.7925E-01  1.3505E-01
  2.8891E+02  3.7909E-01  1.3515E-01
  2.8924E+02  3.7893E-01  1.3525E-01
  2.8958E+02  3.7877E-01  1.3536E-01
  2.8991E+02  3.7861E-01  1.3546E-01
  2.9025E+02  3.7846E-01  1.3556E-01
  2.9058E+02  3.7830E-01  1.3567E-01
  2.9091E+02  3.7814E-01  1.3577E-01
  2.9125E+02  3.7798E-01  1.3587E-01
  2.9158E+02  3.7782E-01  1.3597E-01
  2.9192E+02  3.7766E-01  1.3608E-01
  2.9225E+02  3.7750E-01  1.3618E-01
  2.9258E+02  3.7734E-01  1.3628E-01
  2.9292E+02  3.7718E-01  1.3638E-01
  2.9325E+02  3.7702E-01  1.3649E-01
  2.9359E+02  3.7686E-01  1.3659E-01
  2.9392E+02  3.7670E-01  1.3669E-01
  2.9425E+02  3.7654E-01  1.3679E-01
  2.9459E+02  3.7638E-01  1.3689E-01
  2.9492E+02  3.7622E-01  1.3699E-01
  2.9526E+02  3.7607E-01  1.3710E-01
  2.9559E+02  3.7591E-01  1.3720E-01
  2.9592E+02  3.7575E-01  1.3730E-01
  2.9626E+02  3.7559E-01  1.3740E-01
  2.9659E+02  3.7543E-01  1.3750E-01
  2.9693E+02  3.7527E-01  1.3760E-01
  2.9726E+02  3.7511E-01  1.3770E-01
  2.9759E+02  3.7495E-01  1.3780E-01
  2.9793E+02  3.7479E-01  1.3790E-01
  2.9826E+02  3.7463E-01  1.3800E-01
  2.9860E+02  3.7447E-01  1.3810E-01
  2.9893E+02  3.7432E-01  1.3820E-01
  2.9926E+02  3.7416E-01  1.3830E-01
  2.9960E+02  3.7400E-01  1.3840E-01
  2.9993E+02  3.7384E-01  1.3850E-01
  3.0027E+02  3.7368E-01  1.3860E-01
  3.0060E+02  3.7352E-01  1.3870E-01
  3.0093E+02  3.7336E-01  1.3880E-01
  3.0127E+02  3.7320E-01  1.3890E-01
  3.0160E+02  3.7304E-01  1.3900E-01
  3.0194E+02  3.7288E-01  1.3909E-01
  3.0227E+02  3.7272E-01  1.3919E-01
  3.0260E+02  3.7257E-01  1.3929E-01
  3.0294E+02  3.7241E-01  1.3939E-01
  3.0327E+02  3.7225E-01  1.3949E-01
  3.0361E+02  3.7209E-01  1.3959E-01
  3.0394E+02  3.7193E-01  1.3969E-01
  3.0427E+02  3.7177E-01  1.3978E-01
  3.0461E+02  3.7161E-01  1.3988E-01
  3.0494E+02  3.7145E-01  1.3998E-01
  3.0528E+02  3.7129E-01  1.4008E-01
  3.0561E+02  3.7114E-01  1.4018E-01
  3.0594E+02  3.7098E-01  1.4027E-01
  3.0628E+02  3.7082E-01  1.4037E-01
  3.0661E+02  3.7066E-01  1.4047E-01
  3.0695E+02  3.7050E-01  1.4057E-01
  3.0728E+02  3.7034E-01  1.4066E-01
  3.0761E+02  3.7018E-01  1.4076E-01
  3.0795E+02  3.7003E-01  1.4086E-01
  3.0828E+02  3.6987E-01  1.4096E-01
  3.0862E+02  3.6971E-01  1.4105E-01
  3.0895E+02  3.6955E-01  1.4115E-01
  3.0928E+02  3.6939E-01  1.4125E-01
  3.0962E+02  3.6923E-01  1.4134E-01
  3.0995E+02  3.6908E-01  1.4144E-01
  3.1029E+02  3.6892E-01  1.4154E-01
  3.1062E+02  3.6876E-01  1.4163E-01
  3.1095E+02  3.6860E-01  1.4173E-01
  3.1129E+02  3.6844E-01  1.4182E-01
  3.1162E+02  3.6829E-01  1.4192E-01
  3.1196E+02  3.6813E-01  1.4202E-01
  3.1229E+02  3.6797E-01  1.4211E-01
  3.1262E+02  3.6781E-01  1.4221E-01
  3.1296E+02  3.6766E-01  1.4230E-01
  3.1329E+02  3.6750E-01  1.4240E-01
  3.1363E+02  3.6734E-01  1.4249E-01
  3.1396E+02  3.6718E-01  1.4259E-01
  3.1429E+02  3.6703E-01  1.4268E-01
  3.1463E+02  3.6687E-01  1.4278E-01
  3.1496E+02  3.6671E-01  1.4287E-01
  3.1530E+02  3.6655E-01  1.4297E-01
  3.1563E+02  3.6640E-01  1.4306E-01
  3.1596E+02  3.6624E-01  1.4316E-01
  3.1630E+02  3.6608E-01  1.4325E-01
  3.1663E+02  3.6592E-01  1.4335E-01
  3.1697E+02  3.6577E-01  1.4344E-01
  3.1730E+02  3.6561E-01  1.4354E-01
  3.1763E+02  3.6545E-01  1.4363E-01
  3.1797E+02  3.6530E-01  1.4372E-01
  3.1830E+02  3.6514E-01  1.4382E-01
  3.1864E+02  3.6498E-01  1.4391E-01
  3.1897E+02  3.6482E-01  1.4400E-01
  3.1930E+02  3.6467E-01  1.4410E-01
  3.1964E+02  3.6451E-01  1.4419E-01
  3.1997E+02  3.6435E-01  1.4428E-01
  3.2031E+02  3.6420E-01  1.4438E-01
  3.2064E+02  3.6404E-01  1.4447E-01
  3.2097E+02  3.6388E-01  1.4456E-01
  3.2131E+02  3.6372E-01  1.4466E-01
  3.2164E+02  3.6357E-01  1.4475E-01
  3.2198E+02  3.6341E-01  1.4484E-01
  3.2231E+02  3.6325E-01  1.4493E-01
  3.2264E+02  3.6309E-01  1.4503E-01
  3.2298E+02  3.6294E-01  1.4512E-01
  3.2331E+02  3.6278E-01  1.4521E-01
  3.2365E+02  3.6262E-01  1.4530E-01
  3.2398E+02  3.6246E-01  1.4539E-01
  3.2431E+02  3.6231E-01  1.4549E-01
  3.2465E+02  3.6215E-01  1.4558E-01
  3.2498E+02  3.6199E-01  1.4567E-01
  3.2532E+02  3.6184E-01  1.4576E-01
  3.2565E+02  3.6168E-01  1.4585E-01
  3.2598E+02  3.6152E-01  1.4594E-01
  3.2632E+02  3.6136E-01  1.4603E-01
  3.2665E+02  3.6121E-01  1.4613E-01
  3.2699E+02  3.6105E-01  1.4622E-01
  3.2732E+02  3.6089E-01  1.4631E-01
  3.2765E+02  3.6073E-01  1.4640E-01
  3.2799E+02  3.6058E-01  1.4649E-01
  3.2832E+02  3.6042E-01  1.4658E-01
  3.2866E+02  3.6026E-01  1.4667E-01
  3.2899E+02  3.6010E-01  1.4676E-01
  3.2932E+02  3.5995E-01  1.4685E-01
  3.2966E+02  3.5979E-01  1.4694E-01
  3.2999E+02  3.5963E-01  1.4703E-01
  3.3033E+02  3.5947E-01  1.4712E-01
  3.3066E+02  3.5932E-01  1.4721E-01
  3.3099E+02  3.5916E-01  1.4730E-01
  3.3133E+02  3.5900E-01  1.4739E-01
  3.3166E+02  3.5885E-01  1.4748E-01
  3.3200E+02  3.5869E-01  1.4757E-01
  3.3233E+02  3.5853E-01  1.4766E-01
  3.3266E+02  3.5837E-01  1.4775E-01
  3.3300E+02  3.5822E-01  1.4783E-01
  3.3333E+02  3.5806E-01  1.4792E-01
  3.3367E+02  3.5790E-01  1.4801E-01
  3.3400E+02  3.5775E-01  1.4810E-01
  3.3433E+02  3.5759E-01  1.4819E-01
  3.3467E+02  3.5743E-01  1.4828E-01
  3.3500E+02  3.5727E-01  1.4837E-01
  3.3534E+02  3.5712E-01  1.4845E-01
  3.3567E+02  3.5696E-01  1.4854E-01
  3.3600E+02  3.5680E-01  1.4863E-01
  3.3634E+02  3.5665E-01  1.4872E-01
  3.3667E+02  3.5649E-01  1.4881E-01
  3.3701E+02  3.5633E-01  1.4889E-01
  3.3734E+02  3.5617E-01  1.4898E-01
  3.3767E+02  3.5602E-01  1.4907E-01
  3.3801E+02  3.5586E-01  1.4916E-01
  3.3834E+02  3.5570E-01  1.4924E-01
  3.3868E+02  3.5555E-01  1.4933E-01
  3.3901E+02  3.5539E-01  1.4942E-01
  3.3934E+02  3.5523E-01  1.4950E-01
  3.3968E+02  3.5507E-01  1.4959E-01
  3.4001E+02  3.5492E-01  1.4968E-01
  3.4035E+02  3.5476E-01  1.4976E-01
  3.4068E+02  3.5460E-01  1.4985E-01
  3.4101E+02  3.5445E-01  1.4994E-01
  3.4135E+02  3.5429E-01  1.5002E-01
  3.4168E+02  3.5413E-01  1.5011E-01
  3.4202E+02  3.5397E-01  1.5020E-01
  3.4235E+02  3.5382E-01  1.5028E-01
  3.4268E+02  3.5366E-01  1.5037E-01
  3.4302E+02  3.5350E-01  1.5045E-01
  3.4335E+02  3.5335E-01  1.5054E-01
  3.4369E+02  3.5319E-01  1.5062E-01
  3.4402E+02  3.5303E-01  1.5071E-01
  3.4435E+02  3.5287E-01  1.5080E-01
  3.4469E+02  3.5272E-01  1.5088E-01
  3.4502E+02  3.5256E-01  1.5097E-01
  3.4536E+02  3.5240E-01  1.5105E-01
  3.4569E+02  3.5225E-01  1.5114E-01
  3.4602E+02  3.5209E-01  1.5122E-01
  3.4636E+02  3.5193E-01  1.5131E-01
  3.4669E+02  3.5178E-01  1.5139E-01
  3.4703E+02  3.5162E-01  1.5147E-01
  3.4736E+02  3.5146E-01  1.5156E-01
  3.4769E+02  3.5130E-01  1.5164E-01
  3.4803E+02  3.5115E-01  1.5173E-01
  3.4836E+02  3.5099E-01  1.5181E-01
  3.4870E+02  3.5083E-01  1.5190E-01
  3.4903E+02  3.5068E-01  1.5198E-01
  3.4936E+02  3.5052E-01  1.5206E-01
  3.4970E+02  3.5036E-01  1.5215E-01
  3.5003E+02  3.5021E-01  1.5223E-01
  3.5037E+02  3.5005E-01  1.5231E-01
  3.5070E+02  3.4989E-01  1.5240E-01
  3.5103E+02  3.4974E-01  1.5248E-01
  3.5137E+02  3.4958E-01  1.5256E-01
  3.5170E+02  3.4942E-01  1.5265E-01
  3.5204E+02  3.4927E-01  1.5273E-01
  3.5237E+02  3.4911E-01  1.5281E-01
  3.5270E+02  3.4895E-01  1.5290E-01
  3.5304E+02  3.4880E-01  1.5298E-01
  3.5337E+02  3.4864E-01  1.5306E-01
  3.5371E+02  3.4848E-01  1.5314E-01
  3.5404E+02  3.4833E-01  1.5323E-01
  3.5437E+02  3.4817E-01  1.5331E-01
  3.5471E+02  3.4801E-01  1.5339E-01
  3.5504E+02  3.4786E-01  1.5347E-01
  3.5538E+02  3.4770E-01  1.5355E-01
  3.5571E+02  3.4754E-01  1.5364E-01
  3.5604E+02  3.4739E-01  1.5372E-01
  3.5638E+02  3.4723E-01  1.5380E-01
  3.5671E+02  3.4708E-01  1.5388E-01
  3.5705E+02  3.4692E-01  1.5396E-01
  3.5738E+02  3.4676E-01  1.5404E-01
  3.5771E+02  3.4661E-01  1.5412E-01
  3.5805E+02  3.4645E-01  1.5420E-01
  3.5838E+02  3.4629E-01  1.5429E-01
  3.5872E+02  3.4614E-01  1.5437E-01
  3.5905E+02  3.4598E-01  1.5445E-01
  3.5938E+02  3.4583E-01  1.5453E-01
  3.5972E+02  3.4567E-01  1.5461E-01
  3.6005E+02  3.4551E-01  1.5469E-01
  3.6039E+02  3.4536E-01  1.5477E-01
  3.6072E+02  3.4520E-01  1.5485E-01
  3.6105E+02  3.4505E-01  1.5493E-01
  3.6139E+02  3.4489E-01  1.5501E-01
  3.6172E+02  3.4473E-01  1.5509E-01
  3.6206E+02  3.4458E-01  1.5517E-01
  3.6239E+02  3.4442E-01  1.5525E-01
  3.6272E+02  3.4427E-01  1.5533E-01
  3.6306E+02  3.4411E-01  1.5541E-01
  3.6339E+02  3.4395E-01  1.5548E-01
  3.6373E+02  3.4380E-01  1.5556E-01
  3.6406E+02  3.4364E-01  1.5564E-01
  3.6439E+02  3.4349E-01  1.5572E-01
  3.6473E+02  3.4333E-01  1.5580E-01
  3.6506E+02  3.4318E-01  1.5588E-01
  3.6540E+02  3.4302E-01  1.5596E-01
  3.6573E+02  3.4287E-01  1.5604E-01
  3.6606E+02  3.4271E-01  1.5611E-01
  3.6640E+02  3.4255E-01  1.5619E-01
  3.6673E+02  3.4240E-01  1.5627E-01
  3.6707E+02  3.4224E-01  1.5635E-01
  3.6740E+02  3.4209E-01  1.5643E-01
  3.6773E+02  3.4193E-01  1.5651E-01
  3.6807E+02  3.4178E-01  1.5658E-01
  3.6840E+02  3.4162E-01  1.5666E-01
  3.6874E+02  3.4147E-01  1.5674E-01
  3.6907E+02  3.4131E-01  1.5682E-01
  3.6940E+02  3.4116E-01  1.5689E-01
  3.6974E+02  3.4100E-01  1.5697E-01
  3.7007E+02  3.4085E-01  1.5705E-01
  3.7041E+02  3.4069E-01  1.5713E-01
  3.7074E+02  3.4054E-01  1.5720E-01
  3.7107E+02  3.4038E-01  1.5728E-01
  3.7141E+02  3.4023E-01  1.5736E-01
  3.7174E+02  3.4007E-01  1.5743E-01
  3.7208E+02  3.3992E-01  1.5751E-01
  3.7241E+02  3.3976E-01  1.5759E-01
  3.7274E+02  3.3961E-01  1.5766E-01
  3.7308E+02  3.3945E-01  1.5774E-01
  3.7341E+02  3.3930E-01  1.5781E-01
  3.7375E+02  3.3914E-01  1.5789E-01
  3.7408E+02  3.3899E-01  1.5797E-01
  3.7441E+02  3.3883E-01  1.5804E-01
  3.7475E+02  3.3868E-01  1.5812E-01
  3.7508E+02  3.3852E-01  1.5819E-01
  3.7542E+02  3.3837E-01  1.5827E-01
  3.7575E+02  3.3821E-01  1.5834E-01
  3.7608E+02  3.3806E-01  1.5842E-01
  3.7642E+02  3.3790E-01  1.5849E-01
  3.7675E+02  3.3775E-01  1.5857E-01
  3.7709E+02  3.3759E-01  1.5864E-01
  3.7742E+02  3.3744E-01  1.5872E-01
  3.7775E+02  3.3728E-01  1.5879E-01
  3.7809E+02  3.3713E-01  1.5887E-01
  3.7842E+02  3.3697E-01  1.5894E-01
  3.7876E+02  3.3682E-01  1.5902E-01
  3.7909E+02  3.3667E-01  1.5909E-01
  3.7942E+02  3.3651E-01  1.5917E-01
  3.7976E+02  3.3636E-01  1.5924E-01
  3.8009E+02  3.3620E-01  1.5931E-01
  3.8043E+02  3.3605E-01  1.5939E-01
  3.8076E+02  3.3589E-01  1.5946E-01
  3.8109E+02  3.3574E-01  1.5954E-01
  3.8143E+02  3.3558E-01  1.5961E-01
  3.8176E+02  3.3543E-01  1.5968E-01
  3.8210E+02  3.3528E-01  1.5976E-01
  3.8243E+02  3.3512E-01  1.5983E-01
  3.8276E+02  3.3497E-01  1.5990E-01
  3.8310E+02  3.3481E-01  1.5998E-01
  3.8343E+02  3.3466E-01  1.6005E-01
  3.8377E+02  3.3450E-01  1.6012E-01
  3.8410E+02  3.3435E-01  1.6019E-01
  3.8443E+02  3.3420E-01  1.6027E-01
  3.8477E+02  3.3404E-01  1.6034E-01
  3.8510E+02  3.3389E-01  1.6041E-01
  3.8544E+02  3.3373E-01  1.6048E-01
  3.8577E+02  3.3358E-01  1.6056E-01
  3.8610E+02  3.3342E-01  1.6063E-01
  3.8644E+02  3.3327E-01  1.6070E-01
  3.8677E+02  3.3312E-01  1.6077E-01
  3.8711E+02  3.3296E-01  1.6084E-01
  3.8744E+02  3.3281E-01  1.6092E-01
  3.8777E+02  3.3265E-01  1.6099E-01
  3.8811E+02  3.3250E-01  1.6106E-01
  3.8844E+02  3.3235E-01  1.6113E-01
  3.8878E+02  3.3219E-01  1.6120E-01
  3.8911E+02  3.3204E-01  1.6127E-01
  3.8944E+02  3.3188E-01  1.6134E-01
  3.8978E+02  3.3173E-01  1.6142E-01
  3.9011E+02  3.3158E-01  1.6149E-01
  3.9045E+02  3.3142E-01  1.6156E-01
  3.9078E+02  3.3127E-01  1.6163E-01
  3.9111E+02  3.3112E-01  1.6170E-01
  3.9145E+02  3.3096E-01  1.6177E-01
  3.9178E+02  3.3081E-01  1.6184E-01
  3.9212E+02  3.3065E-01  1.6191E-01
  3.9245E+02  3.3050E-01  1.6198E-01
  3.9278E+02  3.3035E-01  1.6205E-01
  3.9312E+02  3.3019E-01  1.6212E-01
  3.9345E+02  3.3004E-01  1.6219E-01
  3.9379E+02  3.2989E-01  1.6226E-01
  3.9412E+02  3.2973E-01  1.6233E-01
  3.9445E+02  3.2958E-01  1.6240E-01
  3.9479E+02  3.2942E-01  1.6247E-01
  3.9512E+02  3.2927E-01  1.6254E-01
  3.9546E+02  3.2912E-01  1.6261E-01
  3.9579E+02  3.2896E-01  1.6268E-01
  3.9612E+02  3.2881E-01  1.6275E-01
  3.9646E+02  3.2866E-01  1.6281E-01
  3.9679E+02  3.2850E-01  1.6288E-01
  3.9713E+02  3.2835E-01  1.6295E-01
  3.9746E+02  3.2820E-01  1.6302E-01
  3.9779E+02  3.2804E-01  1.6309E-01
  3.9813E+02  3.2789E-01  1.6316E-01
  3.9846E+02  3.2774E-01  1.6323E-01
  3.9880E+02  3.2758E-01  1.6329E-01
  3.9913E+02  3.2743E-01  1.6336E-01
  3.9946E+02  3.2728E-01  1.6343E-01
  3.9980E+02  3.2712E-01  1.6350E-01
  4.0013E+02  3.2697E-01  1.6357E-01
  4.0047E+02  3.2682E-01  1.6363E-01
  4.0080E+02  3.2666E-01  1.6370E-01
  4.0113E+02  3.2651E-01  1.6377E-01
  4.0147E+02  3.2636E-01  1.6384E-01
  4.0180E+02  3.2620E-01  1.6390E-01
  4.0214E+02  3.2605E-01  1.6397E-01
  4.0247E+02  3.2590E-01  1.6404E-01
  4.0280E+02  3.2574E-01  1.6411E-01
  4.0314E+02  3.2559E-01  1.6417E-01
  4.0347E+02  3.2544E-01  1.6424E-01
  4.0381E+02  3.2529E-01  1.6431E-01
  4.0414E+02  3.2513E-01  1.6437E-01
  4.0447E+02  3.2498E-01  1.6444E-01
  4.0481E+02  3.2483E-01  1.6451E-01
  4.0514E+02  3.2467E-01  1.6457E-01
  4.0548E+02  3.2452E-01  1.6464E-01
  4.0581E+02  3.2437E-01  1.6471E-01
  4.0614E+02  3.2422E-01  1.6477E-01
  4.0648E+02  3.2406E-01  1.6484E-01
  4.0681E+02  3.2391E-01  1.6490E-01
  4.0715E+02  3.2376E-01  1.6497E-01
  4.0748E+02  3.2361E-01  1.6504E-01
  4.0781E+02  3.2345E-01  1.6510E-01
  4.0815E+02  3.2330E-01  1.6517E-01
  4.0848E+02  3.2315E-01  1.6523E-01
  4.0882E+02  3.2300E-01  1.6530E-01
  4.0915E+02  3.2284E-01  1.6536E-01
  4.0948E+02  3.2269E-01  1.6543E-01
  4.0982E+02  3.2254E-01  1.6549E-01
  4.1015E+02  3.2239E-01  1.6556E-01
  4.1049E+02  3.2223E-01  1.6562E-01
  4.1082E+02  3.2208E-01  1.6569E-01
  4.1115E+02  3.2193E-01  1.6575E-01
  4.1149E+02  3.2178E-01  1.6582E-01
  4.1182E+02  3.2163E-01  1.6588E-01
  4.1216E+02  3.2147E-01  1.6595E-01
  4.1249E+02  3.2132E-01  1.6601E-01
  4.1282E+02  3.2117E-01  1.6607E-01
  4.1316E+02  3.2102E-01  1.6614E-01
  4.1349E+02  3.2086E-01  1.6620E-01
  4.1383E+02  3.2071E-01  1.6627E-01
  4.1416E+02  3.2056E-01  1.6633E-01
  4.1449E+02  3.2041E-01  1.6639E-01
  4.1483E+02  3.2026E-01  1.6646E-01
  4.1516E+02  3.2010E-01  1.6652E-01
  4.1550E+02  3.1995E-01  1.6658E-01
  4.1583E+02  3.1980E-01  1.6665E-01
  4.1616E+02  3.1965E-01  1.6671E-01
  4.1650E+02  3.1950E-01  1.6677E-01
  4.1683E+02  3.1934E-01  1.6684E-01
  4.1717E+02  3.1919E-01  1.6690E-01
  4.1750E+02  3.1904E-01  1.6696E-01
  4.1783E+02  3.1889E-01  1.6702E-01
  4.1817E+02  3.1874E-01  1.6709E-01
  4.1850E+02  3.1859E-01  1.6715E-01
  4.1884E+02  3.1843E-01  1.6721E-01
  4.1917E+02  3.1828E-01  1.6727E-01
  4.1950E+02  3.1813E-01  1.6734E-01
  4.1984E+02  3.1798E-01  1.6740E-01
  4.2017E+02  3.1783E-01  1.6746E-01
  4.2051E+02  3.1768E-01  1.6752E-01
  4.2084E+02  3.1752E-01  1.6758E-01
  4.2117E+02  3.1737E-01  1.6765E-01
  4.2151E+02  3.1722E-01  1.6771E-01
  4.2184E+02  3.1707E-01  1.6777E-01
  4.2218E+02  3.1692E-01  1.6783E-01
  4.2251E+02  3.1677E-01  1.6789E-01
  4.2284E+02  3.1662E-01  1.6795E-01
  4.2318E+02  3.1646E-01  1.6801E-01
  4.2351E+02  3.1631E-01  1.6808E-01
  4.2385E+02  3.1616E-01  1.6814E-01
  4.2418E+02  3.1601E-01  1.6820E-01
  4.2451E+02  3.1586E-01  1.6826E-01
  4.2485E+02  3.1571E-01  1.6832E-01
  4.2518E+02  3.1556E-01  1.6838E-01
  4.2552E+02  3.1541E-01  1.6844E-01
  4.2585E+02  3.1525E-01  1.6850E-01
  4.2618E+02  3.1510E-01  1.6856E-01
  4.2652E+02  3.1495E-01  1.6862E-01
  4.2685E+02  3.1480E-01  1.6868E-01
  4.2719E+02  3.1465E-01  1.6874E-01
  4.2752E+02  3.1450E-01  1.6880E-01
  4.2785E+02  3.1435E-01  1.6886E-01
  4.2819E+02  3.1420E-01  1.6892E-01
  4.2852E+02  3.1405E-01  1.6898E-01
  4.2886E+02  3.1390E-01  1.6904E-01
  4.2919E+02  3.1375E-01  1.6910E-01
  4.2952E+02  3.1359E-01  1.6916E-01
  4.2986E+02  3.1344E-01  1.6922E-01
  4.3019E+02  3.1329E-01  1.6927E-01
  4.3053E+02  3.1314E-01  1.6933E-01
  4.3086E+02  3.1299E-01  1.6939E-01
  4.3119E+02  3.1284E-01  1.6945E-01
  4.3153E+02  3.1269E-01  1.6951E-01
  4.3186E+02  3.1254E-01  1.6957E-01
  4.3220E+02  3.1239E-01  1.6963E-01
  4.3253E+02  3.1224E-01  1.6969E-01
  4.3286E+02  3.1209E-01  1.6974E-01
  4.3320E+02  3.1194E-01  1.6980E-01
  4.3353E+02  3.1179E-01  1.6986E-01
  4.3387E+02  3.1164E-01  1.6992E-01
  4.3420E+02  3.1148E-01  1.6998E-01
  4.3453E+02  3.1133E-01  1.7003E-01
  4.3487E+02  3.1118E-01  1.7009E-01
  4.3520E+02  3.1103E-01  1.7015E-01
  4.3554E+02  3.1088E-01  1.7021E-01
  4.3587E+02  3.1073E-01  1.7026E-01
  4.3620E+02  3.1058E-01  1.7032E-01
  4.3654E+02  3.1043E-01  1.7038E-01
  4.3687E+02  3.1028E-01  1.7044E-01
  4.3721E+02  3.1013E-01  1.7049E-01
  4.3754E+02  3.0998E-01  1.7055E-01
  4.3787E+02  3.0983E-01  1.7061E-01
  4.3821E+02  3.0968E-01  1.7066E-01
  4.3854E+02  3.0953E-01  1.7072E-01
  4.3888E+02  3.0938E-01  1.7078E-01
  4.3921E+02  3.0923E-01  1.7083E-01
  4.3954E+02  3.0908E-01  1.7089E-01
  4.3988E+02  3.0893E-01  1.7095E-01
  4.4021E+02  3.0878E-01  1.7100E-01
  4.4055E+02  3.0863E-01  1.7106E-01
  4.4088E+02  3.0848E-01  1.7111E-01
  4.4121E+02  3.0833E-01  1.7117E-01
  4.4155E+02  3.0818E-01  1.7123E-01
  4.4188E+02  3.0803E-01  1.7128E-01
  4.4222E+02  3.0788E-01  1.7134E-01
  4.4255E+02  3.0773E-01  1.7139E-01
  4.4288E+02  3.0758E-01  1.7145E-01
  4.4322E+02  3.0743E-01  1.7150E-01
  4.4355E+02  3.0728E-01  1.7156E-01
  4.4389E+02  3.0713E-01  1.7161E-01
  4.4422E+02  3.0698E-01  1.7167E-01
  4.4455E+02  3.0683E-01  1.7172E-01
  4.4489E+02  3.0668E-01  1.7178E-01
  4.4522E+02  3.0653E-01  1.7183E-01
  4.4556E+02  3.0638E-01  1.7189E-01
  4.4589E+02  3.0623E-01  1.7194E-01
  4.4622E+02  3.0609E-01  1.7200E-01
  4.4656E+02  3.0594E-01  1.7205E-01
  4.4689E+02  3.0579E-01  1.7211E-01
  4.4723E+02  3.0564E-01  1.7216E-01
  4.4756E+02  3.0549E-01  1.7221E-01
  4.4789E+02  3.0534E-01  1.7227E-01
  4.4823E+02  3.0519E-01  1.7232E-01
  4.4856E+02  3.0504E-01  1.7238E-01
  4.4890E+02  3.0489E-01  1.7243E-01
  4.4923E+02  3.0474E-01  1.7248E-01
  4.4956E+02  3.0459E-01  1.7254E-01
  4.4990E+02  3.0444E-01  1.7259E-01
  4.5023E+02  3.0429E-01  1.7264E-01
  4.5057E+02  3.0414E-01  1.7270E-01
  4.5090E+02  3.0400E-01  1.7275E-01
  4.5123E+02  3.0385E-01  1.7280E-01
  4.5157E+02  3.0370E-01  1.7286E-01
  4.5190E+02  3.0355E-01  1.7291E-01
  4.5224E+02  3.0340E-01  1.7296E-01
  4.5257E+02  3.0325E-01  1.7301E-01
  4.5290E+02  3.0310E-01  1.7307E-01
  4.5324E+02  3.0295E-01  1.7312E-01
  4.5357E+02  3.0280E-01  1.7317E-01
  4.5391E+02  3.0266E-01  1.7322E-01
  4.5424E+02  3.0251E-01  1.7328E-01
  4.5457E+02  3.0236E-01  1.7333E-01
  4.5491E+02  3.0221E-01  1.7338E-01
  4.5524E+02  3.0206E-01  1.7343E-01
  4.5558E+02  3.0191E-01  1.7348E-01
  4.5591E+02  3.0176E-01  1.7354E-01
  4.5624E+02  3.0161E-01  1.7359E-01
  4.5658E+02  3.0147E-01  1.7364E-01
  4.5691E+02  3.0132E-01  1.7369E-01
  4.5725E+02  3.0117E-01  1.7374E-01
  4.5758E+02  3.0102E-01  1.7379E-01
  4.5791E+02  3.0087E-01  1.7384E-01
  4.5825E+02  3.0072E-01  1.7390E-01
  4.5858E+02  3.0058E-01  1.7395E-01
  4.5892E+02  3.0043E-01  1.7400E-01
  4.5925E+02  3.0028E-01  1.7405E-01
  4.5958E+02  3.0013E-01  1.7410E-01
  4.5992E+02  2.9998E-01  1.7415E-01
  4.6025E+02  2.9983E-01  1.7420E-01
  4.6059E+02  2.9969E-01  1.7425E-01
  4.6092E+02  2.9954E-01  1.7430E-01
  4.6125E+02  2.9939E-01  1.7435E-01
  4.6159E+02  2.9924E-01  1.7440E-01
  4.6192E+02  2.9909E-01  1.7445E-01
  4.6226E+02  2.9895E-01  1.7450E-01
  4.6259E+02  2.9880E-01  1.7455E-01
  4.6292E+02  2.9865E-01  1.7460E-01
  4.6326E+02  2.9850E-01  1.7465E-01
  4.6359E+02  2.9835E-01  1.7470E-01
  4.6393E+02  2.9821E-01  1.7475E-01
  4.6426E+02  2.9806E-01  1.7480E-01
  4.6459E+02  2.9791E-01  1.7485E-01
  4.6493E+02  2.9776E-01  1.7490E-01
  4.6526E+02  2.9761E-01  1.7495E-01
  4.6560E+02  2.9747E-01  1.7500E-01
  4.6593E+02  2.9732E-01  1.7505E-01
  4.6626E+02  2.9717E-01  1.7510E-01
  4.6660E+02  2.9702E-01  1.7515E-01
  4.6693E+02  2.9688E-01  1.7519E-01
  4.6727E+02  2.9673E-01  1.7524E-01
  4.6760E+02  2.9658E-01  1.7529E-01
  4.6793E+02  2.9643E-01  1.7534E-01
  4.6827E+02  2.9629E-01  1.7539E-01
  4.6860E+02  2.9614E-01  1.7544E-01
  4.6894E+02  2.9599E-01  1.7548E-01
  4.6927E+02  2.9585E-01  1.7553E-01
  4.6960E+02  2.9570E-01  1.7558E-01
  4.6994E+02  2.9555E-01  1.7563E-01
  4.7027E+02  2.9540E-01  1.7568E-01
  4.7061E+02  2.9526E-01  1.7572E-01
  4.7094E+02  2.9511E-01  1.7577E-01
  4.7127E+02  2.9496E-01  1.7582E-01
  4.7161E+02  2.9481E-01  1.7587E-01
  4.7194E+02  2.9467E-01  1.7592E-01
  4.7228E+02  2.9452E-01  1.7596E-01
  4.7261E+02  2.9437E-01  1.7601E-01
  4.7294E+02  2.9423E-01  1.7606E-01
  4.7328E+02  2.9408E-01  1.7610E-01
  4.7361E+02  2.9393E-01  1.7615E-01
  4.7395E+02  2.9379E-01  1.7620E-01
  4.7428E+02  2.9364E-01  1.7624E-01
  4.7461E+02  2.9349E-01  1.7629E-01
  4.7495E+02  2.9335E-01  1.7634E-01
  4.7528E+02  2.9320E-01  1.7638E-01
  4.7562E+02  2.9305E-01  1.7643E-01
  4.7595E+02  2.9291E-01  1.7648E-01
  4.7628E+02  2.9276E-01  1.7652E-01
  4.7662E+02  2.9261E-01  1.7657E-01
  4.7695E+02  2.9247E-01  1.7662E-01
  4.7729E+02  2.9232E-01  1.7666E-01
  4.7762E+02  2.9217E-01  1.7671E-01
  4.7795E+02  2.9203E-01  1.7675E-01
  4.7829E+02  2.9188E-01  1.7680E-01
  4.7862E+02  2.9173E-01  1.7685E-01
  4.7896E+02  2.9159E-01  1.7689E-01
  4.7929E+02  2.9144E-01  1.7694E-01
  4.7962E+02  2.9129E-01  1.7698E-01
  4.7996E+02  2.9115E-01  1.7703E-01
  4.8029E+02  2.9100E-01  1.7707E-01
  4.8063E+02  2.9086E-01  1.7712E-01
  4.8096E+02  2.9071E-01  1.7716E-01
  4.8129E+02  2.9056E-01  1.7721E-01
  4.8163E+02  2.9042E-01  1.7725E-01
  4.8196E+02  2.9027E-01  1.7730E-01
  4.8230E+02  2.9013E-01  1.7734E-01
  4.8263E+02  2.8998E-01  1.7739E-01
  4.8296E+02  2.8983E-01  1.7743E-01
  4.8330E+02  2.8969E-01  1.7748E-01
  4.8363E+02  2.8954E-01  1.7752E-01
  4.8397E+02  2.8940E-01  1.7757E-01
  4.8430E+02  2.8925E-01  1.7761E-01
  4.8463E+02  2.8910E-01  1.7765E-01
  4.8497E+02  2.8896E-01  1.7770E-01
  4.8530E+02  2.8881E-01  1.7774E-01
  4.8564E+02  2.8867E-01  1.7779E-01
  4.8597E+02  2.8852E-01  1.7783E-01
  4.8630E+02  2.8838E-01  1.7787E-01
  4.8664E+02  2.8823E-01  1.7792E-01
  4.8697E+02  2.8808E-01  1.7796E-01
  4.8731E+02  2.8794E-01  1.7800E-01
  4.8764E+02  2.8779E-01  1.7805E-01
  4.8797E+02  2.8765E-01  1.7809E-01
  4.8831E+02  2.8750E-01  1.7813E-01
  4.8864E+02  2.8736E-01  1.7818E-01
  4.8898E+02  2.8721E-01  1.7822E-01
  4.8931E+02  2.8707E-01  1.7826E-01
  4.8964E+02  2.8692E-01  1.7831E-01
  4.8998E+02  2.8678E-01  1.7835E-01
  4.9031E+02  2.8663E-01  1.7839E-01
  4.9065E+02  2.8649E-01  1.7843E-01
  4.9098E+02  2.8634E-01  1.7848E-01
  4.9131E+02  2.8619E-01  1.7852E-01
  4.9165E+02  2.8605E-01  1.7856E-01
  4.9198E+02  2.8590E-01  1.7860E-01
  4.9232E+02  2.8576E-01  1.7864E-01
  4.9265E+02  2.8561E-01  1.7869E-01
  4.9298E+02  2.8547E-01  1.7873E-01
  4.9332E+02  2.8532E-01  1.7877E-01
  4.9365E+02  2.8518E-01  1.7881E-01
  4.9399E+02  2.8503E-01  1.7885E-01
  4.9432E+02  2.8489E-01  1.7890E-01
  4.9465E+02  2.8475E-01  1.7894E-01
  4.9499E+02  2.8460E-01  1.7898E-01
  4.9532E+02  2.8446E-01  1.7902E-01
  4.9566E+02  2.8431E-01  1.7906E-01
  4.9599E+02  2.8417E-01  1.7910E-01
  4.9632E+02  2.8402E-01  1.7914E-01
  4.9666E+02  2.8388E-01  1.7918E-01
  4.9699E+02  2.8373E-01  1.7923E-01
  4.9733E+02  2.8359E-01  1.7927E-01
  4.9766E+02  2.8344E-01  1.7931E-01
  4.9799E+02  2.8330E-01  1.7935E-01
  4.9833E+02  2.8315E-01  1.7939E-01
  4.9866E+02  2.8301E-01  1.7943E-01
  4.9900E+02  2.8287E-01  1.7947E-01
  4.9933E+02  2.8272E-01  1.7951E-01
  4.9966E+02  2.8258E-01  1.7955E-01
  5.0000E+02  2.8243E-01  1.7959E-01
  5.0000E+02  2.8243E-01  1.7959E-01
