# CREATED BY GENE DIAGNOSTICS TOOL on Mon Jun 25 11:55:00 2018
# diag: GAMDIAG, run(s): 0070, time window: 0-500(1422 steps), species: ions
# original data path: /r/c/cmor/ZF_3rd/w7xhms05/0.5047-1.5/
# normalization: L_ref=5.4832m
#
# xind= 0, x/a= 0.70710677, q= 1.1018624
# Fit:    1,-0.10291435,3.7877743
# Analytic (Gao, Zhou/Yu): 0.32199362,-0.1259647,3.78777
#  t          Re[phi]     Im[phi]   
  0.0000E+00  9.9997E-01  0.0000E+00
  3.5200E-01  9.9737E-01  7.2639E-04
  7.0400E-01  9.8996E-01  1.4717E-03
  1.0560E+00  9.7855E-01  2.2317E-03
  1.4080E+00  9.6407E-01  2.9943E-03
  1.7600E+00  9.4747E-01  3.7568E-03
  2.1120E+00  9.2966E-01  4.5185E-03
  2.4640E+00  9.1140E-01  5.2743E-03
  2.8160E+00  8.9330E-01  6.0140E-03
  3.1680E+00  8.7584E-01  6.7251E-03
  3.5200E+00  8.5931E-01  7.3949E-03
  3.8720E+00  8.4390E-01  8.0141E-03
  4.2240E+00  8.2966E-01  8.5780E-03
  4.5760E+00  8.1656E-01  9.0875E-03
  4.9280E+00  8.0453E-01  9.5482E-03
  5.2800E+00  7.9343E-01  9.9694E-03
  5.6320E+00  7.8312E-01  1.0362E-02
  5.9840E+00  7.7346E-01  1.0737E-02
  6.3360E+00  7.6429E-01  1.1105E-02
  6.6880E+00  7.5549E-01  1.1472E-02
  7.0400E+00  7.4695E-01  1.1843E-02
  7.3920E+00  7.3859E-01  1.2220E-02
  7.7440E+00  7.3033E-01  1.2601E-02
  8.0960E+00  7.2213E-01  1.2985E-02
  8.4480E+00  7.1398E-01  1.3367E-02
  8.8000E+00  7.0586E-01  1.3741E-02
  9.1520E+00  6.9778E-01  1.4103E-02
  9.5040E+00  6.8976E-01  1.4445E-02
  9.8560E+00  6.8182E-01  1.4767E-02
  1.0208E+01  6.7398E-01  1.5063E-02
  1.0560E+01  6.6627E-01  1.5331E-02
  1.0912E+01  6.5873E-01  1.5568E-02
  1.1264E+01  6.5136E-01  1.5775E-02
  1.1616E+01  6.4420E-01  1.5953E-02
  1.1968E+01  6.3726E-01  1.6100E-02
  1.2320E+01  6.3055E-01  1.6218E-02
  1.2672E+01  6.2408E-01  1.6311E-02
  1.3024E+01  6.1787E-01  1.6384E-02
  1.3376E+01  6.1193E-01  1.6440E-02
  1.3728E+01  6.0626E-01  1.6478E-02
  1.4080E+01  6.0087E-01  1.6500E-02
  1.4432E+01  5.9576E-01  1.6508E-02
  1.4784E+01  5.9091E-01  1.6506E-02
  1.5136E+01  5.8634E-01  1.6498E-02
  1.5488E+01  5.8204E-01  1.6490E-02
  1.5840E+01  5.7804E-01  1.6484E-02
  1.6192E+01  5.7433E-01  1.6482E-02
  1.6544E+01  5.7091E-01  1.6483E-02
  1.6896E+01  5.6774E-01  1.6485E-02
  1.7248E+01  5.6482E-01  1.6491E-02
  1.7600E+01  5.6213E-01  1.6507E-02
  1.7952E+01  5.5970E-01  1.6540E-02
  1.8304E+01  5.5755E-01  1.6590E-02
  1.8656E+01  5.5568E-01  1.6656E-02
  1.9008E+01  5.5408E-01  1.6733E-02
  1.9360E+01  5.5276E-01  1.6820E-02
  1.9712E+01  5.5169E-01  1.6919E-02
  2.0064E+01  5.5087E-01  1.7033E-02
  2.0416E+01  5.5029E-01  1.7166E-02
  2.0768E+01  5.4991E-01  1.7318E-02
  2.1120E+01  5.4972E-01  1.7488E-02
  2.1472E+01  5.4969E-01  1.7674E-02
  2.1824E+01  5.4981E-01  1.7874E-02
  2.2176E+01  5.5009E-01  1.8088E-02
  2.2528E+01  5.5052E-01  1.8318E-02
  2.2880E+01  5.5111E-01  1.8564E-02
  2.3232E+01  5.5185E-01  1.8824E-02
  2.3584E+01  5.5272E-01  1.9096E-02
  2.3936E+01  5.5372E-01  1.9379E-02
  2.4288E+01  5.5483E-01  1.9675E-02
  2.4640E+01  5.5607E-01  1.9986E-02
  2.4992E+01  5.5743E-01  2.0318E-02
  2.5344E+01  5.5889E-01  2.0672E-02
  2.5696E+01  5.6042E-01  2.1044E-02
  2.6048E+01  5.6196E-01  2.1426E-02
  2.6400E+01  5.6347E-01  2.1810E-02
  2.6752E+01  5.6490E-01  2.2190E-02
  2.7104E+01  5.6626E-01  2.2561E-02
  2.7456E+01  5.6757E-01  2.2923E-02
  2.7808E+01  5.6886E-01  2.3279E-02
  2.8160E+01  5.7020E-01  2.3636E-02
  2.8512E+01  5.7160E-01  2.4000E-02
  2.8864E+01  5.7310E-01  2.4375E-02
  2.9216E+01  5.7468E-01  2.4762E-02
  2.9568E+01  5.7632E-01  2.5159E-02
  2.9920E+01  5.7798E-01  2.5561E-02
  3.0272E+01  5.7960E-01  2.5963E-02
  3.0624E+01  5.8114E-01  2.6360E-02
  3.0976E+01  5.8256E-01  2.6749E-02
  3.1328E+01  5.8384E-01  2.7127E-02
  3.1680E+01  5.8498E-01  2.7495E-02
  3.2032E+01  5.8599E-01  2.7854E-02
  3.2384E+01  5.8688E-01  2.8207E-02
  3.2736E+01  5.8769E-01  2.8558E-02
  3.3088E+01  5.8842E-01  2.8911E-02
  3.3440E+01  5.8911E-01  2.9263E-02
  3.3792E+01  5.8974E-01  2.9614E-02
  3.4144E+01  5.9030E-01  2.9958E-02
  3.4496E+01  5.9077E-01  3.0291E-02
  3.4848E+01  5.9114E-01  3.0609E-02
  3.5200E+01  5.9139E-01  3.0913E-02
  3.5552E+01  5.9155E-01  3.1203E-02
  3.5904E+01  5.9164E-01  3.1484E-02
  3.6256E+01  5.9168E-01  3.1765E-02
  3.6608E+01  5.9172E-01  3.2049E-02
  3.6960E+01  5.9176E-01  3.2343E-02
  3.7312E+01  5.9184E-01  3.2648E-02
  3.7664E+01  5.9195E-01  3.2961E-02
  3.8016E+01  5.9206E-01  3.3280E-02
  3.8368E+01  5.9214E-01  3.3596E-02
  3.8720E+01  5.9215E-01  3.3902E-02
  3.9072E+01  5.9205E-01  3.4195E-02
  3.9424E+01  5.9181E-01  3.4469E-02
  3.9776E+01  5.9142E-01  3.4727E-02
  4.0128E+01  5.9087E-01  3.4969E-02
  4.0480E+01  5.9017E-01  3.5199E-02
  4.0832E+01  5.8935E-01  3.5421E-02
  4.1184E+01  5.8844E-01  3.5642E-02
  4.1536E+01  5.8750E-01  3.5867E-02
  4.1888E+01  5.8657E-01  3.6101E-02
  4.2240E+01  5.8571E-01  3.6348E-02
  4.2592E+01  5.8493E-01  3.6611E-02
  4.2944E+01  5.8426E-01  3.6889E-02
  4.3296E+01  5.8369E-01  3.7181E-02
  4.3648E+01  5.8324E-01  3.7486E-02
  4.4000E+01  5.8288E-01  3.7803E-02
  4.4352E+01  5.8260E-01  3.8128E-02
  4.4704E+01  5.8237E-01  3.8459E-02
  4.5056E+01  5.8217E-01  3.8790E-02
  4.5408E+01  5.8197E-01  3.9116E-02
  4.5760E+01  5.8173E-01  3.9431E-02
  4.6112E+01  5.8141E-01  3.9729E-02
  4.6464E+01  5.8098E-01  4.0003E-02
  4.6816E+01  5.8040E-01  4.0247E-02
  4.7168E+01  5.7966E-01  4.0458E-02
  4.7520E+01  5.7874E-01  4.0640E-02
  4.7872E+01  5.7767E-01  4.0798E-02
  4.8224E+01  5.7646E-01  4.0943E-02
  4.8576E+01  5.7515E-01  4.1087E-02
  4.8928E+01  5.7379E-01  4.1240E-02
  4.9280E+01  5.7241E-01  4.1411E-02
  4.9632E+01  5.7106E-01  4.1605E-02
  4.9984E+01  5.6976E-01  4.1827E-02
  5.0336E+01  5.6858E-01  4.2078E-02
  5.0688E+01  5.6753E-01  4.2360E-02
  5.1040E+01  5.6665E-01  4.2669E-02
  5.1392E+01  5.6594E-01  4.3001E-02
  5.1744E+01  5.6539E-01  4.3347E-02
  5.2096E+01  5.6499E-01  4.3700E-02
  5.2448E+01  5.6472E-01  4.4049E-02
  5.2800E+01  5.6454E-01  4.4385E-02
  5.3152E+01  5.6442E-01  4.4698E-02
  5.3504E+01  5.6435E-01  4.4985E-02
  5.3856E+01  5.6431E-01  4.5246E-02
  5.4208E+01  5.6431E-01  4.5487E-02
  5.4560E+01  5.6434E-01  4.5718E-02
  5.4912E+01  5.6443E-01  4.5948E-02
  5.5264E+01  5.6456E-01  4.6187E-02
  5.5616E+01  5.6475E-01  4.6443E-02
  5.5968E+01  5.6498E-01  4.6721E-02
  5.6320E+01  5.6524E-01  4.7023E-02
  5.6672E+01  5.6550E-01  4.7349E-02
  5.7024E+01  5.6574E-01  4.7698E-02
  5.7376E+01  5.6595E-01  4.8066E-02
  5.7728E+01  5.6610E-01  4.8450E-02
  5.8080E+01  5.6618E-01  4.8841E-02
  5.8432E+01  5.6618E-01  4.9235E-02
  5.8784E+01  5.6610E-01  4.9624E-02
  5.9136E+01  5.6593E-01  5.0001E-02
  5.9488E+01  5.6567E-01  5.0360E-02
  5.9840E+01  5.6531E-01  5.0695E-02
  6.0192E+01  5.6485E-01  5.1001E-02
  6.0544E+01  5.6430E-01  5.1275E-02
  6.0896E+01  5.6365E-01  5.1517E-02
  6.1248E+01  5.6294E-01  5.1729E-02
  6.1600E+01  5.6218E-01  5.1917E-02
  6.1952E+01  5.6141E-01  5.2086E-02
  6.2304E+01  5.6066E-01  5.2244E-02
  6.2656E+01  5.5995E-01  5.2399E-02
  6.3008E+01  5.5932E-01  5.2558E-02
  6.3360E+01  5.5879E-01  5.2728E-02
  6.3712E+01  5.5837E-01  5.2914E-02
  6.4064E+01  5.5808E-01  5.3118E-02
  6.4416E+01  5.5791E-01  5.3342E-02
  6.4768E+01  5.5785E-01  5.3586E-02
  6.5120E+01  5.5788E-01  5.3849E-02
  6.5472E+01  5.5798E-01  5.4128E-02
  6.5824E+01  5.5814E-01  5.4421E-02
  6.6176E+01  5.5834E-01  5.4724E-02
  6.6528E+01  5.5856E-01  5.5035E-02
  6.6880E+01  5.5879E-01  5.5352E-02
  6.7232E+01  5.5900E-01  5.5672E-02
  6.7584E+01  5.5920E-01  5.5995E-02
  6.7936E+01  5.5936E-01  5.6317E-02
  6.8288E+01  5.5949E-01  5.6639E-02
  6.8640E+01  5.5958E-01  5.6958E-02
  6.8992E+01  5.5961E-01  5.7273E-02
  6.9344E+01  5.5960E-01  5.7583E-02
  6.9696E+01  5.5955E-01  5.7885E-02
  7.0048E+01  5.5944E-01  5.8178E-02
  7.0400E+01  5.5929E-01  5.8460E-02
  7.0752E+01  5.5910E-01  5.8731E-02
  7.1104E+01  5.5889E-01  5.8993E-02
  7.1456E+01  5.5865E-01  5.9250E-02
  7.1808E+01  5.5840E-01  5.9505E-02
  7.2160E+01  5.5816E-01  5.9762E-02
  7.2512E+01  5.5793E-01  6.0022E-02
  7.2864E+01  5.5771E-01  6.0287E-02
  7.3216E+01  5.5751E-01  6.0554E-02
  7.3568E+01  5.5732E-01  6.0821E-02
  7.3920E+01  5.5713E-01  6.1086E-02
  7.4272E+01  5.5695E-01  6.1346E-02
  7.4624E+01  5.5676E-01  6.1603E-02
  7.4976E+01  5.5657E-01  6.1856E-02
  7.5328E+01  5.5638E-01  6.2108E-02
  7.5680E+01  5.5619E-01  6.2361E-02
  7.6032E+01  5.5602E-01  6.2618E-02
  7.6384E+01  5.5587E-01  6.2881E-02
  7.6736E+01  5.5574E-01  6.3151E-02
  7.7088E+01  5.5563E-01  6.3428E-02
  7.7440E+01  5.5554E-01  6.3711E-02
  7.7792E+01  5.5547E-01  6.3997E-02
  7.8144E+01  5.5541E-01  6.4284E-02
  7.8496E+01  5.5534E-01  6.4567E-02
  7.8848E+01  5.5524E-01  6.4843E-02
  7.9200E+01  5.5512E-01  6.5110E-02
  7.9552E+01  5.5495E-01  6.5366E-02
  7.9904E+01  5.5475E-01  6.5610E-02
  8.0256E+01  5.5451E-01  6.5846E-02
  8.0608E+01  5.5425E-01  6.6076E-02
  8.0960E+01  5.5399E-01  6.6306E-02
  8.1312E+01  5.5373E-01  6.6538E-02
  8.1664E+01  5.5349E-01  6.6776E-02
  8.2016E+01  5.5327E-01  6.7020E-02
  8.2368E+01  5.5307E-01  6.7270E-02
  8.2720E+01  5.5289E-01  6.7525E-02
  8.3072E+01  5.5272E-01  6.7783E-02
  8.3424E+01  5.5255E-01  6.8040E-02
  8.3776E+01  5.5238E-01  6.8294E-02
  8.4128E+01  5.5219E-01  6.8542E-02
  8.4480E+01  5.5198E-01  6.8784E-02
  8.4832E+01  5.5175E-01  6.9020E-02
  8.5184E+01  5.5150E-01  6.9253E-02
  8.5536E+01  5.5124E-01  6.9483E-02
  8.5888E+01  5.5098E-01  6.9713E-02
  8.6240E+01  5.5071E-01  6.9944E-02
  8.6592E+01  5.5044E-01  7.0178E-02
  8.6944E+01  5.5017E-01  7.0414E-02
  8.7296E+01  5.4991E-01  7.0653E-02
  8.7648E+01  5.4965E-01  7.0896E-02
  8.8000E+01  5.4941E-01  7.1140E-02
  8.8352E+01  5.4917E-01  7.1386E-02
  8.8704E+01  5.4894E-01  7.1631E-02
  8.9056E+01  5.4872E-01  7.1875E-02
  8.9408E+01  5.4849E-01  7.2116E-02
  8.9760E+01  5.4827E-01  7.2354E-02
  9.0112E+01  5.4805E-01  7.2588E-02
  9.0464E+01  5.4782E-01  7.2818E-02
  9.0816E+01  5.4759E-01  7.3047E-02
  9.1168E+01  5.4735E-01  7.3275E-02
  9.1520E+01  5.4712E-01  7.3505E-02
  9.1872E+01  5.4690E-01  7.3738E-02
  9.2224E+01  5.4668E-01  7.3976E-02
  9.2576E+01  5.4648E-01  7.4218E-02
  9.2928E+01  5.4628E-01  7.4464E-02
  9.3280E+01  5.4609E-01  7.4711E-02
  9.3632E+01  5.4590E-01  7.4958E-02
  9.3984E+01  5.4572E-01  7.5202E-02
  9.4336E+01  5.4552E-01  7.5442E-02
  9.4688E+01  5.4531E-01  7.5675E-02
  9.5040E+01  5.4508E-01  7.5899E-02
  9.5392E+01  5.4483E-01  7.6116E-02
  9.5744E+01  5.4456E-01  7.6324E-02
  9.6096E+01  5.4427E-01  7.6526E-02
  9.6448E+01  5.4396E-01  7.6724E-02
  9.6800E+01  5.4364E-01  7.6921E-02
  9.7152E+01  5.4333E-01  7.7120E-02
  9.7504E+01  5.4302E-01  7.7324E-02
  9.7856E+01  5.4272E-01  7.7535E-02
  9.8208E+01  5.4245E-01  7.7755E-02
  9.8560E+01  5.4221E-01  7.7982E-02
  9.8912E+01  5.4199E-01  7.8216E-02
  9.9264E+01  5.4179E-01  7.8455E-02
  9.9616E+01  5.4162E-01  7.8698E-02
  9.9968E+01  5.4148E-01  7.8942E-02
  1.0032E+02  5.4134E-01  7.9187E-02
  1.0067E+02  5.4122E-01  7.9430E-02
  1.0102E+02  5.4111E-01  7.9671E-02
  1.0138E+02  5.4099E-01  7.9909E-02
  1.0173E+02  5.4087E-01  8.0144E-02
  1.0208E+02  5.4074E-01  8.0374E-02
  1.0243E+02  5.4059E-01  8.0600E-02
  1.0278E+02  5.4043E-01  8.0821E-02
  1.0314E+02  5.4024E-01  8.1039E-02
  1.0349E+02  5.4004E-01  8.1253E-02
  1.0384E+02  5.3982E-01  8.1465E-02
  1.0419E+02  5.3958E-01  8.1677E-02
  1.0454E+02  5.3933E-01  8.1888E-02
  1.0490E+02  5.3908E-01  8.2099E-02
  1.0525E+02  5.3882E-01  8.2310E-02
  1.0560E+02  5.3856E-01  8.2521E-02
  1.0595E+02  5.3829E-01  8.2731E-02
  1.0630E+02  5.3803E-01  8.2939E-02
  1.0666E+02  5.3778E-01  8.3147E-02
  1.0701E+02  5.3754E-01  8.3356E-02
  1.0736E+02  5.3731E-01  8.3568E-02
  1.0771E+02  5.3709E-01  8.3784E-02
  1.0806E+02  5.3689E-01  8.4006E-02
  1.0842E+02  5.3670E-01  8.4233E-02
  1.0877E+02  5.3653E-01  8.4464E-02
  1.0912E+02  5.3635E-01  8.4698E-02
  1.0947E+02  5.3618E-01  8.4932E-02
  1.0982E+02  5.3601E-01  8.5167E-02
  1.1018E+02  5.3584E-01  8.5400E-02
  1.1053E+02  5.3566E-01  8.5631E-02
  1.1088E+02  5.3547E-01  8.5861E-02
  1.1123E+02  5.3529E-01  8.6090E-02
  1.1158E+02  5.3510E-01  8.6318E-02
  1.1194E+02  5.3492E-01  8.6546E-02
  1.1229E+02  5.3474E-01  8.6774E-02
  1.1264E+02  5.3455E-01  8.7001E-02
  1.1299E+02  5.3437E-01  8.7227E-02
  1.1334E+02  5.3420E-01  8.7452E-02
  1.1370E+02  5.3402E-01  8.7675E-02
  1.1405E+02  5.3384E-01  8.7898E-02
  1.1440E+02  5.3367E-01  8.8120E-02
  1.1475E+02  5.3350E-01  8.8345E-02
  1.1510E+02  5.3334E-01  8.8573E-02
  1.1546E+02  5.3318E-01  8.8806E-02
  1.1581E+02  5.3303E-01  8.9045E-02
  1.1616E+02  5.3289E-01  8.9289E-02
  1.1651E+02  5.3275E-01  8.9539E-02
  1.1686E+02  5.3262E-01  8.9793E-02
  1.1722E+02  5.3248E-01  9.0049E-02
  1.1757E+02  5.3234E-01  9.0304E-02
  1.1792E+02  5.3218E-01  9.0556E-02
  1.1827E+02  5.3202E-01  9.0802E-02
  1.1862E+02  5.3183E-01  9.1042E-02
  1.1898E+02  5.3163E-01  9.1274E-02
  1.1933E+02  5.3142E-01  9.1499E-02
  1.1968E+02  5.3118E-01  9.1715E-02
  1.2003E+02  5.3093E-01  9.1924E-02
  1.2038E+02  5.3067E-01  9.2128E-02
  1.2074E+02  5.3041E-01  9.2326E-02
  1.2109E+02  5.3014E-01  9.2523E-02
  1.2144E+02  5.2987E-01  9.2719E-02
  1.2179E+02  5.2962E-01  9.2917E-02
  1.2214E+02  5.2937E-01  9.3117E-02
  1.2250E+02  5.2913E-01  9.3320E-02
  1.2285E+02  5.2891E-01  9.3527E-02
  1.2320E+02  5.2869E-01  9.3738E-02
  1.2355E+02  5.2850E-01  9.3954E-02
  1.2390E+02  5.2831E-01  9.4174E-02
  1.2426E+02  5.2814E-01  9.4398E-02
  1.2461E+02  5.2797E-01  9.4627E-02
  1.2496E+02  5.2780E-01  9.4858E-02
  1.2531E+02  5.2764E-01  9.5092E-02
  1.2566E+02  5.2748E-01  9.5328E-02
  1.2602E+02  5.2731E-01  9.5564E-02
  1.2637E+02  5.2714E-01  9.5800E-02
  1.2672E+02  5.2696E-01  9.6036E-02
  1.2707E+02  5.2678E-01  9.6272E-02
  1.2742E+02  5.2660E-01  9.6506E-02
  1.2778E+02  5.2641E-01  9.6740E-02
  1.2813E+02  5.2622E-01  9.6974E-02
  1.2848E+02  5.2602E-01  9.7207E-02
  1.2883E+02  5.2582E-01  9.7440E-02
  1.2918E+02  5.2562E-01  9.7672E-02
  1.2954E+02  5.2542E-01  9.7904E-02
  1.2989E+02  5.2522E-01  9.8135E-02
  1.3024E+02  5.2501E-01  9.8364E-02
  1.3059E+02  5.2480E-01  9.8591E-02
  1.3094E+02  5.2459E-01  9.8816E-02
  1.3130E+02  5.2437E-01  9.9039E-02
  1.3165E+02  5.2415E-01  9.9260E-02
  1.3200E+02  5.2393E-01  9.9480E-02
  1.3235E+02  5.2370E-01  9.9699E-02
  1.3270E+02  5.2348E-01  9.9917E-02
  1.3306E+02  5.2325E-01  1.0014E-01
  1.3341E+02  5.2303E-01  1.0035E-01
  1.3376E+02  5.2281E-01  1.0057E-01
  1.3411E+02  5.2259E-01  1.0080E-01
  1.3446E+02  5.2238E-01  1.0102E-01
  1.3482E+02  5.2217E-01  1.0124E-01
  1.3517E+02  5.2197E-01  1.0147E-01
  1.3552E+02  5.2177E-01  1.0170E-01
  1.3587E+02  5.2157E-01  1.0192E-01
  1.3622E+02  5.2137E-01  1.0215E-01
  1.3658E+02  5.2118E-01  1.0238E-01
  1.3693E+02  5.2098E-01  1.0260E-01
  1.3728E+02  5.2078E-01  1.0282E-01
  1.3763E+02  5.2058E-01  1.0304E-01
  1.3798E+02  5.2038E-01  1.0326E-01
  1.3834E+02  5.2018E-01  1.0348E-01
  1.3869E+02  5.1997E-01  1.0370E-01
  1.3904E+02  5.1977E-01  1.0392E-01
  1.3939E+02  5.1958E-01  1.0413E-01
  1.3974E+02  5.1938E-01  1.0436E-01
  1.4010E+02  5.1919E-01  1.0458E-01
  1.4045E+02  5.1899E-01  1.0480E-01
  1.4080E+02  5.1880E-01  1.0503E-01
  1.4115E+02  5.1862E-01  1.0525E-01
  1.4150E+02  5.1843E-01  1.0547E-01
  1.4186E+02  5.1823E-01  1.0570E-01
  1.4221E+02  5.1804E-01  1.0592E-01
  1.4256E+02  5.1785E-01  1.0614E-01
  1.4291E+02  5.1765E-01  1.0635E-01
  1.4326E+02  5.1745E-01  1.0657E-01
  1.4362E+02  5.1725E-01  1.0679E-01
  1.4397E+02  5.1705E-01  1.0700E-01
  1.4432E+02  5.1684E-01  1.0722E-01
  1.4467E+02  5.1664E-01  1.0743E-01
  1.4502E+02  5.1644E-01  1.0765E-01
  1.4538E+02  5.1623E-01  1.0786E-01
  1.4573E+02  5.1603E-01  1.0808E-01
  1.4608E+02  5.1583E-01  1.0830E-01
  1.4643E+02  5.1564E-01  1.0852E-01
  1.4678E+02  5.1544E-01  1.0874E-01
  1.4714E+02  5.1525E-01  1.0896E-01
  1.4749E+02  5.1506E-01  1.0918E-01
  1.4784E+02  5.1487E-01  1.0941E-01
  1.4819E+02  5.1469E-01  1.0963E-01
  1.4854E+02  5.1450E-01  1.0985E-01
  1.4890E+02  5.1430E-01  1.1007E-01
  1.4925E+02  5.1410E-01  1.1029E-01
  1.4960E+02  5.1390E-01  1.1051E-01
  1.4995E+02  5.1369E-01  1.1072E-01
  1.5030E+02  5.1348E-01  1.1093E-01
  1.5066E+02  5.1326E-01  1.1114E-01
  1.5101E+02  5.1304E-01  1.1135E-01
  1.5136E+02  5.1281E-01  1.1156E-01
  1.5171E+02  5.1259E-01  1.1177E-01
  1.5206E+02  5.1236E-01  1.1198E-01
  1.5242E+02  5.1213E-01  1.1219E-01
  1.5277E+02  5.1190E-01  1.1240E-01
  1.5312E+02  5.1168E-01  1.1261E-01
  1.5347E+02  5.1145E-01  1.1283E-01
  1.5382E+02  5.1123E-01  1.1304E-01
  1.5418E+02  5.1101E-01  1.1325E-01
  1.5453E+02  5.1079E-01  1.1346E-01
  1.5488E+02  5.1057E-01  1.1367E-01
  1.5523E+02  5.1035E-01  1.1388E-01
  1.5558E+02  5.1014E-01  1.1410E-01
  1.5594E+02  5.0993E-01  1.1431E-01
  1.5629E+02  5.0971E-01  1.1452E-01
  1.5664E+02  5.0950E-01  1.1474E-01
  1.5699E+02  5.0929E-01  1.1495E-01
  1.5734E+02  5.0908E-01  1.1517E-01
  1.5770E+02  5.0887E-01  1.1538E-01
  1.5805E+02  5.0866E-01  1.1559E-01
  1.5840E+02  5.0845E-01  1.1580E-01
  1.5875E+02  5.0824E-01  1.1601E-01
  1.5910E+02  5.0802E-01  1.1622E-01
  1.5946E+02  5.0781E-01  1.1643E-01
  1.5981E+02  5.0759E-01  1.1664E-01
  1.6016E+02  5.0737E-01  1.1685E-01
  1.6051E+02  5.0715E-01  1.1705E-01
  1.6086E+02  5.0693E-01  1.1726E-01
  1.6122E+02  5.0671E-01  1.1747E-01
  1.6157E+02  5.0649E-01  1.1767E-01
  1.6192E+02  5.0627E-01  1.1788E-01
  1.6227E+02  5.0605E-01  1.1809E-01
  1.6262E+02  5.0582E-01  1.1830E-01
  1.6298E+02  5.0560E-01  1.1851E-01
  1.6333E+02  5.0538E-01  1.1871E-01
  1.6368E+02  5.0515E-01  1.1892E-01
  1.6403E+02  5.0492E-01  1.1913E-01
  1.6438E+02  5.0469E-01  1.1933E-01
  1.6474E+02  5.0446E-01  1.1954E-01
  1.6509E+02  5.0423E-01  1.1974E-01
  1.6544E+02  5.0399E-01  1.1994E-01
  1.6579E+02  5.0376E-01  1.2014E-01
  1.6614E+02  5.0353E-01  1.2034E-01
  1.6650E+02  5.0329E-01  1.2055E-01
  1.6685E+02  5.0306E-01  1.2075E-01
  1.6720E+02  5.0282E-01  1.2095E-01
  1.6755E+02  5.0259E-01  1.2115E-01
  1.6790E+02  5.0236E-01  1.2135E-01
  1.6826E+02  5.0212E-01  1.2156E-01
  1.6861E+02  5.0189E-01  1.2176E-01
  1.6896E+02  5.0166E-01  1.2197E-01
  1.6931E+02  5.0143E-01  1.2217E-01
  1.6966E+02  5.0120E-01  1.2237E-01
  1.7002E+02  5.0097E-01  1.2258E-01
  1.7037E+02  5.0073E-01  1.2278E-01
  1.7072E+02  5.0050E-01  1.2298E-01
  1.7107E+02  5.0026E-01  1.2318E-01
  1.7142E+02  5.0002E-01  1.2338E-01
  1.7178E+02  4.9978E-01  1.2358E-01
  1.7213E+02  4.9954E-01  1.2378E-01
  1.7248E+02  4.9930E-01  1.2398E-01
  1.7283E+02  4.9906E-01  1.2417E-01
  1.7318E+02  4.9882E-01  1.2437E-01
  1.7354E+02  4.9858E-01  1.2457E-01
  1.7389E+02  4.9835E-01  1.2476E-01
  1.7424E+02  4.9811E-01  1.2496E-01
  1.7459E+02  4.9787E-01  1.2516E-01
  1.7494E+02  4.9763E-01  1.2535E-01
  1.7530E+02  4.9740E-01  1.2555E-01
  1.7565E+02  4.9717E-01  1.2575E-01
  1.7600E+02  4.9693E-01  1.2595E-01
  1.7635E+02  4.9670E-01  1.2615E-01
  1.7670E+02  4.9647E-01  1.2635E-01
  1.7706E+02  4.9623E-01  1.2655E-01
  1.7741E+02  4.9600E-01  1.2675E-01
  1.7776E+02  4.9576E-01  1.2695E-01
  1.7811E+02  4.9553E-01  1.2714E-01
  1.7846E+02  4.9529E-01  1.2734E-01
  1.7882E+02  4.9505E-01  1.2753E-01
  1.7917E+02  4.9481E-01  1.2773E-01
  1.7952E+02  4.9456E-01  1.2792E-01
  1.7987E+02  4.9432E-01  1.2811E-01
  1.8022E+02  4.9408E-01  1.2830E-01
  1.8058E+02  4.9383E-01  1.2849E-01
  1.8093E+02  4.9359E-01  1.2868E-01
  1.8128E+02  4.9335E-01  1.2887E-01
  1.8163E+02  4.9310E-01  1.2906E-01
  1.8198E+02  4.9286E-01  1.2925E-01
  1.8234E+02  4.9262E-01  1.2944E-01
  1.8269E+02  4.9239E-01  1.2964E-01
  1.8304E+02  4.9215E-01  1.2983E-01
  1.8339E+02  4.9192E-01  1.3002E-01
  1.8374E+02  4.9168E-01  1.3022E-01
  1.8410E+02  4.9145E-01  1.3041E-01
  1.8445E+02  4.9121E-01  1.3061E-01
  1.8480E+02  4.9098E-01  1.3080E-01
  1.8515E+02  4.9074E-01  1.3099E-01
  1.8550E+02  4.9051E-01  1.3119E-01
  1.8586E+02  4.9027E-01  1.3138E-01
  1.8621E+02  4.9003E-01  1.3157E-01
  1.8656E+02  4.8979E-01  1.3176E-01
  1.8691E+02  4.8955E-01  1.3195E-01
  1.8726E+02  4.8931E-01  1.3214E-01
  1.8762E+02  4.8907E-01  1.3234E-01
  1.8797E+02  4.8882E-01  1.3253E-01
  1.8832E+02  4.8858E-01  1.3272E-01
  1.8867E+02  4.8833E-01  1.3291E-01
  1.8902E+02  4.8809E-01  1.3309E-01
  1.8938E+02  4.8784E-01  1.3328E-01
  1.8973E+02  4.8759E-01  1.3347E-01
  1.9008E+02  4.8734E-01  1.3365E-01
  1.9043E+02  4.8709E-01  1.3384E-01
  1.9078E+02  4.8684E-01  1.3402E-01
  1.9114E+02  4.8659E-01  1.3421E-01
  1.9149E+02  4.8634E-01  1.3439E-01
  1.9184E+02  4.8608E-01  1.3458E-01
  1.9219E+02  4.8583E-01  1.3476E-01
  1.9254E+02  4.8558E-01  1.3494E-01
  1.9290E+02  4.8532E-01  1.3513E-01
  1.9325E+02  4.8507E-01  1.3531E-01
  1.9360E+02  4.8482E-01  1.3549E-01
  1.9395E+02  4.8457E-01  1.3568E-01
  1.9430E+02  4.8432E-01  1.3586E-01
  1.9466E+02  4.8407E-01  1.3604E-01
  1.9501E+02  4.8381E-01  1.3622E-01
  1.9536E+02  4.8356E-01  1.3641E-01
  1.9571E+02  4.8331E-01  1.3659E-01
  1.9606E+02  4.8306E-01  1.3677E-01
  1.9642E+02  4.8281E-01  1.3695E-01
  1.9677E+02  4.8256E-01  1.3713E-01
  1.9712E+02  4.8231E-01  1.3731E-01
  1.9747E+02  4.8205E-01  1.3749E-01
  1.9782E+02  4.8180E-01  1.3767E-01
  1.9818E+02  4.8155E-01  1.3785E-01
  1.9853E+02  4.8129E-01  1.3803E-01
  1.9888E+02  4.8104E-01  1.3821E-01
  1.9923E+02  4.8078E-01  1.3838E-01
  1.9958E+02  4.8052E-01  1.3856E-01
  1.9994E+02  4.8027E-01  1.3874E-01
  2.0029E+02  4.8002E-01  1.3891E-01
  2.0064E+02  4.7976E-01  1.3909E-01
  2.0099E+02  4.7951E-01  1.3927E-01
  2.0134E+02  4.7926E-01  1.3945E-01
  2.0170E+02  4.7901E-01  1.3962E-01
  2.0205E+02  4.7876E-01  1.3980E-01
  2.0240E+02  4.7851E-01  1.3998E-01
  2.0275E+02  4.7827E-01  1.4016E-01
  2.0310E+02  4.7802E-01  1.4034E-01
  2.0346E+02  4.7778E-01  1.4052E-01
  2.0381E+02  4.7754E-01  1.4070E-01
  2.0416E+02  4.7729E-01  1.4088E-01
  2.0451E+02  4.7705E-01  1.4106E-01
  2.0486E+02  4.7681E-01  1.4123E-01
  2.0522E+02  4.7657E-01  1.4141E-01
  2.0557E+02  4.7633E-01  1.4159E-01
  2.0592E+02  4.7609E-01  1.4177E-01
  2.0627E+02  4.7585E-01  1.4195E-01
  2.0662E+02  4.7561E-01  1.4213E-01
  2.0698E+02  4.7537E-01  1.4231E-01
  2.0733E+02  4.7513E-01  1.4249E-01
  2.0768E+02  4.7489E-01  1.4267E-01
  2.0803E+02  4.7465E-01  1.4285E-01
  2.0838E+02  4.7442E-01  1.4303E-01
  2.0874E+02  4.7418E-01  1.4321E-01
  2.0909E+02  4.7394E-01  1.4339E-01
  2.0944E+02  4.7370E-01  1.4357E-01
  2.0979E+02  4.7347E-01  1.4375E-01
  2.1014E+02  4.7323E-01  1.4393E-01
  2.1050E+02  4.7299E-01  1.4411E-01
  2.1085E+02  4.7276E-01  1.4430E-01
  2.1120E+02  4.7252E-01  1.4448E-01
  2.1155E+02  4.7228E-01  1.4466E-01
  2.1190E+02  4.7204E-01  1.4484E-01
  2.1226E+02  4.7180E-01  1.4502E-01
  2.1261E+02  4.7156E-01  1.4519E-01
  2.1296E+02  4.7132E-01  1.4537E-01
  2.1331E+02  4.7108E-01  1.4555E-01
  2.1366E+02  4.7084E-01  1.4573E-01
  2.1402E+02  4.7059E-01  1.4591E-01
  2.1437E+02  4.7035E-01  1.4609E-01
  2.1472E+02  4.7010E-01  1.4627E-01
  2.1507E+02  4.6986E-01  1.4644E-01
  2.1542E+02  4.6961E-01  1.4662E-01
  2.1578E+02  4.6937E-01  1.4680E-01
  2.1613E+02  4.6912E-01  1.4698E-01
  2.1648E+02  4.6887E-01  1.4715E-01
  2.1683E+02  4.6862E-01  1.4733E-01
  2.1718E+02  4.6837E-01  1.4750E-01
  2.1754E+02  4.6812E-01  1.4768E-01
  2.1789E+02  4.6786E-01  1.4785E-01
  2.1824E+02  4.6761E-01  1.4803E-01
  2.1859E+02  4.6736E-01  1.4820E-01
  2.1894E+02  4.6710E-01  1.4837E-01
  2.1930E+02  4.6685E-01  1.4855E-01
  2.1965E+02  4.6659E-01  1.4872E-01
  2.2000E+02  4.6634E-01  1.4889E-01
  2.2035E+02  4.6608E-01  1.4906E-01
  2.2070E+02  4.6582E-01  1.4923E-01
  2.2106E+02  4.6556E-01  1.4940E-01
  2.2141E+02  4.6531E-01  1.4957E-01
  2.2176E+02  4.6505E-01  1.4974E-01
  2.2211E+02  4.6479E-01  1.4991E-01
  2.2246E+02  4.6453E-01  1.5007E-01
  2.2282E+02  4.6428E-01  1.5024E-01
  2.2317E+02  4.6402E-01  1.5041E-01
  2.2352E+02  4.6376E-01  1.5058E-01
  2.2387E+02  4.6351E-01  1.5074E-01
  2.2422E+02  4.6325E-01  1.5091E-01
  2.2458E+02  4.6300E-01  1.5107E-01
  2.2493E+02  4.6274E-01  1.5124E-01
  2.2528E+02  4.6249E-01  1.5140E-01
  2.2563E+02  4.6224E-01  1.5157E-01
  2.2598E+02  4.6198E-01  1.5173E-01
  2.2634E+02  4.6173E-01  1.5189E-01
  2.2669E+02  4.6148E-01  1.5206E-01
  2.2704E+02  4.6123E-01  1.5222E-01
  2.2739E+02  4.6099E-01  1.5238E-01
  2.2774E+02  4.6074E-01  1.5255E-01
  2.2810E+02  4.6049E-01  1.5271E-01
  2.2845E+02  4.6025E-01  1.5287E-01
  2.2880E+02  4.6001E-01  1.5304E-01
  2.2915E+02  4.5976E-01  1.5320E-01
  2.2950E+02  4.5952E-01  1.5336E-01
  2.2986E+02  4.5928E-01  1.5353E-01
  2.3021E+02  4.5904E-01  1.5369E-01
  2.3056E+02  4.5881E-01  1.5385E-01
  2.3091E+02  4.5857E-01  1.5402E-01
  2.3126E+02  4.5834E-01  1.5418E-01
  2.3162E+02  4.5810E-01  1.5434E-01
  2.3197E+02  4.5787E-01  1.5451E-01
  2.3232E+02  4.5764E-01  1.5467E-01
  2.3267E+02  4.5741E-01  1.5484E-01
  2.3302E+02  4.5718E-01  1.5500E-01
  2.3338E+02  4.5695E-01  1.5516E-01
  2.3373E+02  4.5672E-01  1.5533E-01
  2.3408E+02  4.5649E-01  1.5549E-01
  2.3443E+02  4.5627E-01  1.5566E-01
  2.3478E+02  4.5604E-01  1.5582E-01
  2.3514E+02  4.5582E-01  1.5599E-01
  2.3549E+02  4.5559E-01  1.5615E-01
  2.3584E+02  4.5537E-01  1.5632E-01
  2.3619E+02  4.5515E-01  1.5648E-01
  2.3654E+02  4.5493E-01  1.5665E-01
  2.3690E+02  4.5470E-01  1.5682E-01
  2.3725E+02  4.5448E-01  1.5698E-01
  2.3760E+02  4.5426E-01  1.5715E-01
  2.3795E+02  4.5404E-01  1.5731E-01
  2.3830E+02  4.5381E-01  1.5748E-01
  2.3866E+02  4.5359E-01  1.5765E-01
  2.3901E+02  4.5337E-01  1.5781E-01
  2.3936E+02  4.5314E-01  1.5798E-01
  2.3971E+02  4.5292E-01  1.5814E-01
  2.4006E+02  4.5270E-01  1.5831E-01
  2.4042E+02  4.5247E-01  1.5847E-01
  2.4077E+02  4.5225E-01  1.5864E-01
  2.4112E+02  4.5202E-01  1.5880E-01
  2.4147E+02  4.5179E-01  1.5897E-01
  2.4182E+02  4.5157E-01  1.5914E-01
  2.4218E+02  4.5134E-01  1.5930E-01
  2.4253E+02  4.5111E-01  1.5947E-01
  2.4288E+02  4.5088E-01  1.5963E-01
  2.4323E+02  4.5065E-01  1.5980E-01
  2.4358E+02  4.5042E-01  1.5996E-01
  2.4394E+02  4.5019E-01  1.6013E-01
  2.4429E+02  4.4996E-01  1.6029E-01
  2.4464E+02  4.4973E-01  1.6045E-01
  2.4499E+02  4.4950E-01  1.6062E-01
  2.4534E+02  4.4926E-01  1.6078E-01
  2.4570E+02  4.4903E-01  1.6094E-01
  2.4605E+02  4.4879E-01  1.6110E-01
  2.4640E+02  4.4855E-01  1.6127E-01
  2.4675E+02  4.4832E-01  1.6143E-01
  2.4710E+02  4.4808E-01  1.6159E-01
  2.4746E+02  4.4784E-01  1.6175E-01
  2.4781E+02  4.4760E-01  1.6191E-01
  2.4816E+02  4.4736E-01  1.6207E-01
  2.4851E+02  4.4712E-01  1.6223E-01
  2.4886E+02  4.4688E-01  1.6238E-01
  2.4922E+02  4.4664E-01  1.6254E-01
  2.4957E+02  4.4640E-01  1.6270E-01
  2.4992E+02  4.4615E-01  1.6286E-01
  2.5027E+02  4.4591E-01  1.6301E-01
  2.5062E+02  4.4567E-01  1.6317E-01
  2.5098E+02  4.4543E-01  1.6332E-01
  2.5133E+02  4.4518E-01  1.6348E-01
  2.5168E+02  4.4494E-01  1.6363E-01
  2.5203E+02  4.4470E-01  1.6378E-01
  2.5238E+02  4.4446E-01  1.6394E-01
  2.5274E+02  4.4421E-01  1.6409E-01
  2.5309E+02  4.4397E-01  1.6424E-01
  2.5344E+02  4.4373E-01  1.6440E-01
  2.5379E+02  4.4348E-01  1.6455E-01
  2.5414E+02  4.4324E-01  1.6470E-01
  2.5450E+02  4.4300E-01  1.6485E-01
  2.5485E+02  4.4276E-01  1.6500E-01
  2.5520E+02  4.4252E-01  1.6515E-01
  2.5555E+02  4.4227E-01  1.6530E-01
  2.5590E+02  4.4203E-01  1.6545E-01
  2.5626E+02  4.4179E-01  1.6560E-01
  2.5661E+02  4.4155E-01  1.6575E-01
  2.5696E+02  4.4131E-01  1.6589E-01
  2.5731E+02  4.4107E-01  1.6604E-01
  2.5766E+02  4.4083E-01  1.6619E-01
  2.5802E+02  4.4059E-01  1.6634E-01
  2.5837E+02  4.4035E-01  1.6649E-01
  2.5872E+02  4.4011E-01  1.6663E-01
  2.5907E+02  4.3988E-01  1.6678E-01
  2.5942E+02  4.3964E-01  1.6693E-01
  2.5978E+02  4.3940E-01  1.6707E-01
  2.6013E+02  4.3916E-01  1.6722E-01
  2.6048E+02  4.3893E-01  1.6737E-01
  2.6083E+02  4.3869E-01  1.6751E-01
  2.6118E+02  4.3846E-01  1.6766E-01
  2.6154E+02  4.3822E-01  1.6781E-01
  2.6189E+02  4.3799E-01  1.6796E-01
  2.6224E+02  4.3776E-01  1.6810E-01
  2.6259E+02  4.3753E-01  1.6825E-01
  2.6294E+02  4.3729E-01  1.6840E-01
  2.6330E+02  4.3706E-01  1.6854E-01
  2.6365E+02  4.3683E-01  1.6869E-01
  2.6400E+02  4.3660E-01  1.6884E-01
  2.6435E+02  4.3637E-01  1.6898E-01
  2.6470E+02  4.3615E-01  1.6913E-01
  2.6506E+02  4.3592E-01  1.6928E-01
  2.6541E+02  4.3569E-01  1.6942E-01
  2.6576E+02  4.3546E-01  1.6957E-01
  2.6611E+02  4.3524E-01  1.6972E-01
  2.6646E+02  4.3501E-01  1.6987E-01
  2.6682E+02  4.3479E-01  1.7001E-01
  2.6717E+02  4.3456E-01  1.7016E-01
  2.6752E+02  4.3434E-01  1.7031E-01
  2.6787E+02  4.3411E-01  1.7045E-01
  2.6822E+02  4.3389E-01  1.7060E-01
  2.6858E+02  4.3367E-01  1.7075E-01
  2.6893E+02  4.3345E-01  1.7090E-01
  2.6928E+02  4.3322E-01  1.7104E-01
  2.6963E+02  4.3300E-01  1.7119E-01
  2.6998E+02  4.3278E-01  1.7134E-01
  2.7034E+02  4.3256E-01  1.7148E-01
  2.7069E+02  4.3234E-01  1.7163E-01
  2.7104E+02  4.3212E-01  1.7178E-01
  2.7139E+02  4.3190E-01  1.7192E-01
  2.7174E+02  4.3167E-01  1.7207E-01
  2.7210E+02  4.3145E-01  1.7222E-01
  2.7245E+02  4.3123E-01  1.7236E-01
  2.7280E+02  4.3101E-01  1.7251E-01
  2.7315E+02  4.3079E-01  1.7266E-01
  2.7350E+02  4.3057E-01  1.7280E-01
  2.7386E+02  4.3035E-01  1.7295E-01
  2.7421E+02  4.3013E-01  1.7309E-01
  2.7456E+02  4.2991E-01  1.7324E-01
  2.7491E+02  4.2969E-01  1.7338E-01
  2.7526E+02  4.2947E-01  1.7353E-01
  2.7562E+02  4.2925E-01  1.7367E-01
  2.7597E+02  4.2903E-01  1.7381E-01
  2.7632E+02  4.2881E-01  1.7396E-01
  2.7667E+02  4.2858E-01  1.7410E-01
  2.7702E+02  4.2836E-01  1.7424E-01
  2.7738E+02  4.2814E-01  1.7439E-01
  2.7773E+02  4.2792E-01  1.7453E-01
  2.7808E+02  4.2770E-01  1.7467E-01
  2.7843E+02  4.2747E-01  1.7481E-01
  2.7878E+02  4.2725E-01  1.7496E-01
  2.7914E+02  4.2703E-01  1.7510E-01
  2.7949E+02  4.2681E-01  1.7524E-01
  2.7984E+02  4.2658E-01  1.7538E-01
  2.8019E+02  4.2636E-01  1.7552E-01
  2.8054E+02  4.2614E-01  1.7566E-01
  2.8090E+02  4.2591E-01  1.7580E-01
  2.8125E+02  4.2569E-01  1.7594E-01
  2.8160E+02  4.2546E-01  1.7608E-01
  2.8195E+02  4.2524E-01  1.7622E-01
  2.8230E+02  4.2501E-01  1.7635E-01
  2.8266E+02  4.2479E-01  1.7649E-01
  2.8301E+02  4.2456E-01  1.7663E-01
  2.8336E+02  4.2434E-01  1.7677E-01
  2.8371E+02  4.2411E-01  1.7690E-01
  2.8406E+02  4.2389E-01  1.7704E-01
  2.8442E+02  4.2366E-01  1.7718E-01
  2.8477E+02  4.2343E-01  1.7731E-01
  2.8512E+02  4.2321E-01  1.7745E-01
  2.8547E+02  4.2298E-01  1.7759E-01
  2.8582E+02  4.2275E-01  1.7772E-01
  2.8618E+02  4.2252E-01  1.7786E-01
  2.8653E+02  4.2229E-01  1.7799E-01
  2.8688E+02  4.2207E-01  1.7813E-01
  2.8723E+02  4.2184E-01  1.7826E-01
  2.8758E+02  4.2161E-01  1.7839E-01
  2.8794E+02  4.2138E-01  1.7853E-01
  2.8829E+02  4.2115E-01  1.7866E-01
  2.8864E+02  4.2092E-01  1.7880E-01
  2.8899E+02  4.2069E-01  1.7893E-01
  2.8934E+02  4.2046E-01  1.7906E-01
  2.8970E+02  4.2023E-01  1.7920E-01
  2.9005E+02  4.1999E-01  1.7933E-01
  2.9040E+02  4.1976E-01  1.7946E-01
  2.9075E+02  4.1953E-01  1.7959E-01
  2.9110E+02  4.1930E-01  1.7973E-01
  2.9146E+02  4.1906E-01  1.7986E-01
  2.9181E+02  4.1883E-01  1.7999E-01
  2.9216E+02  4.1859E-01  1.8012E-01
  2.9251E+02  4.1836E-01  1.8025E-01
  2.9286E+02  4.1812E-01  1.8038E-01
  2.9322E+02  4.1789E-01  1.8051E-01
  2.9357E+02  4.1765E-01  1.8065E-01
  2.9392E+02  4.1741E-01  1.8078E-01
  2.9427E+02  4.1718E-01  1.8091E-01
  2.9462E+02  4.1694E-01  1.8104E-01
  2.9498E+02  4.1670E-01  1.8117E-01
  2.9533E+02  4.1646E-01  1.8130E-01
  2.9568E+02  4.1623E-01  1.8143E-01
  2.9603E+02  4.1599E-01  1.8156E-01
  2.9638E+02  4.1575E-01  1.8169E-01
  2.9674E+02  4.1551E-01  1.8182E-01
  2.9709E+02  4.1527E-01  1.8195E-01
  2.9744E+02  4.1503E-01  1.8208E-01
  2.9779E+02  4.1479E-01  1.8221E-01
  2.9814E+02  4.1455E-01  1.8234E-01
  2.9850E+02  4.1431E-01  1.8247E-01
  2.9885E+02  4.1407E-01  1.8260E-01
  2.9920E+02  4.1383E-01  1.8273E-01
  2.9955E+02  4.1359E-01  1.8285E-01
  2.9990E+02  4.1335E-01  1.8298E-01
  3.0026E+02  4.1311E-01  1.8311E-01
  3.0061E+02  4.1286E-01  1.8324E-01
  3.0096E+02  4.1262E-01  1.8337E-01
  3.0131E+02  4.1238E-01  1.8350E-01
  3.0166E+02  4.1214E-01  1.8363E-01
  3.0202E+02  4.1190E-01  1.8375E-01
  3.0237E+02  4.1166E-01  1.8388E-01
  3.0272E+02  4.1142E-01  1.8401E-01
  3.0307E+02  4.1119E-01  1.8414E-01
  3.0342E+02  4.1095E-01  1.8426E-01
  3.0378E+02  4.1071E-01  1.8439E-01
  3.0413E+02  4.1047E-01  1.8452E-01
  3.0448E+02  4.1023E-01  1.8465E-01
  3.0483E+02  4.0999E-01  1.8477E-01
  3.0518E+02  4.0976E-01  1.8490E-01
  3.0554E+02  4.0952E-01  1.8503E-01
  3.0589E+02  4.0928E-01  1.8515E-01
  3.0624E+02  4.0904E-01  1.8528E-01
  3.0659E+02  4.0881E-01  1.8541E-01
  3.0694E+02  4.0857E-01  1.8553E-01
  3.0730E+02  4.0834E-01  1.8566E-01
  3.0765E+02  4.0810E-01  1.8578E-01
  3.0800E+02  4.0787E-01  1.8591E-01
  3.0835E+02  4.0763E-01  1.8604E-01
  3.0870E+02  4.0740E-01  1.8616E-01
  3.0906E+02  4.0716E-01  1.8629E-01
  3.0941E+02  4.0693E-01  1.8641E-01
  3.0976E+02  4.0670E-01  1.8654E-01
  3.1011E+02  4.0646E-01  1.8666E-01
  3.1046E+02  4.0623E-01  1.8678E-01
  3.1082E+02  4.0600E-01  1.8691E-01
  3.1117E+02  4.0577E-01  1.8703E-01
  3.1152E+02  4.0553E-01  1.8716E-01
  3.1187E+02  4.0530E-01  1.8728E-01
  3.1222E+02  4.0507E-01  1.8740E-01
  3.1258E+02  4.0484E-01  1.8753E-01
  3.1293E+02  4.0461E-01  1.8765E-01
  3.1328E+02  4.0438E-01  1.8777E-01
  3.1363E+02  4.0415E-01  1.8789E-01
  3.1398E+02  4.0392E-01  1.8802E-01
  3.1434E+02  4.0369E-01  1.8814E-01
  3.1469E+02  4.0346E-01  1.8826E-01
  3.1504E+02  4.0323E-01  1.8838E-01
  3.1539E+02  4.0301E-01  1.8850E-01
  3.1574E+02  4.0278E-01  1.8862E-01
  3.1610E+02  4.0255E-01  1.8874E-01
  3.1645E+02  4.0232E-01  1.8886E-01
  3.1680E+02  4.0209E-01  1.8899E-01
  3.1715E+02  4.0187E-01  1.8911E-01
  3.1750E+02  4.0164E-01  1.8923E-01
  3.1786E+02  4.0141E-01  1.8935E-01
  3.1821E+02  4.0119E-01  1.8947E-01
  3.1856E+02  4.0096E-01  1.8958E-01
  3.1891E+02  4.0074E-01  1.8970E-01
  3.1926E+02  4.0051E-01  1.8982E-01
  3.1962E+02  4.0028E-01  1.8994E-01
  3.1997E+02  4.0006E-01  1.9006E-01
  3.2032E+02  3.9983E-01  1.9018E-01
  3.2067E+02  3.9961E-01  1.9030E-01
  3.2102E+02  3.9938E-01  1.9042E-01
  3.2138E+02  3.9916E-01  1.9053E-01
  3.2173E+02  3.9894E-01  1.9065E-01
  3.2208E+02  3.9871E-01  1.9077E-01
  3.2243E+02  3.9849E-01  1.9089E-01
  3.2278E+02  3.9827E-01  1.9100E-01
  3.2314E+02  3.9804E-01  1.9112E-01
  3.2349E+02  3.9782E-01  1.9124E-01
  3.2384E+02  3.9760E-01  1.9135E-01
  3.2419E+02  3.9737E-01  1.9147E-01
  3.2454E+02  3.9715E-01  1.9159E-01
  3.2490E+02  3.9693E-01  1.9170E-01
  3.2525E+02  3.9671E-01  1.9182E-01
  3.2560E+02  3.9648E-01  1.9193E-01
  3.2595E+02  3.9626E-01  1.9205E-01
  3.2630E+02  3.9604E-01  1.9216E-01
  3.2666E+02  3.9582E-01  1.9228E-01
  3.2701E+02  3.9560E-01  1.9240E-01
  3.2736E+02  3.9537E-01  1.9251E-01
  3.2771E+02  3.9515E-01  1.9263E-01
  3.2806E+02  3.9493E-01  1.9274E-01
  3.2842E+02  3.9471E-01  1.9285E-01
  3.2877E+02  3.9449E-01  1.9297E-01
  3.2912E+02  3.9427E-01  1.9308E-01
  3.2947E+02  3.9404E-01  1.9320E-01
  3.2982E+02  3.9382E-01  1.9331E-01
  3.3018E+02  3.9360E-01  1.9343E-01
  3.3053E+02  3.9338E-01  1.9354E-01
  3.3088E+02  3.9316E-01  1.9365E-01
  3.3123E+02  3.9294E-01  1.9377E-01
  3.3158E+02  3.9271E-01  1.9388E-01
  3.3194E+02  3.9249E-01  1.9399E-01
  3.3229E+02  3.9227E-01  1.9411E-01
  3.3264E+02  3.9205E-01  1.9422E-01
  3.3299E+02  3.9183E-01  1.9433E-01
  3.3334E+02  3.9160E-01  1.9445E-01
  3.3370E+02  3.9138E-01  1.9456E-01
  3.3405E+02  3.9116E-01  1.9467E-01
  3.3440E+02  3.9094E-01  1.9478E-01
  3.3475E+02  3.9072E-01  1.9490E-01
  3.3510E+02  3.9049E-01  1.9501E-01
  3.3546E+02  3.9027E-01  1.9512E-01
  3.3581E+02  3.9005E-01  1.9523E-01
  3.3616E+02  3.8983E-01  1.9534E-01
  3.3651E+02  3.8960E-01  1.9545E-01
  3.3686E+02  3.8938E-01  1.9557E-01
  3.3722E+02  3.8916E-01  1.9568E-01
  3.3757E+02  3.8893E-01  1.9579E-01
  3.3792E+02  3.8871E-01  1.9590E-01
  3.3827E+02  3.8849E-01  1.9601E-01
  3.3862E+02  3.8826E-01  1.9612E-01
  3.3898E+02  3.8804E-01  1.9623E-01
  3.3933E+02  3.8782E-01  1.9634E-01
  3.3968E+02  3.8759E-01  1.9645E-01
  3.4003E+02  3.8737E-01  1.9656E-01
  3.4038E+02  3.8715E-01  1.9667E-01
  3.4074E+02  3.8692E-01  1.9678E-01
  3.4109E+02  3.8670E-01  1.9689E-01
  3.4144E+02  3.8647E-01  1.9700E-01
  3.4179E+02  3.8625E-01  1.9711E-01
  3.4214E+02  3.8602E-01  1.9721E-01
  3.4250E+02  3.8580E-01  1.9732E-01
  3.4285E+02  3.8557E-01  1.9743E-01
  3.4320E+02  3.8535E-01  1.9754E-01
  3.4355E+02  3.8512E-01  1.9765E-01
  3.4390E+02  3.8490E-01  1.9775E-01
  3.4426E+02  3.8467E-01  1.9786E-01
  3.4461E+02  3.8445E-01  1.9797E-01
  3.4496E+02  3.8422E-01  1.9808E-01
  3.4531E+02  3.8400E-01  1.9818E-01
  3.4566E+02  3.8377E-01  1.9829E-01
  3.4602E+02  3.8355E-01  1.9840E-01
  3.4637E+02  3.8332E-01  1.9850E-01
  3.4672E+02  3.8310E-01  1.9861E-01
  3.4707E+02  3.8287E-01  1.9871E-01
  3.4742E+02  3.8265E-01  1.9882E-01
  3.4778E+02  3.8242E-01  1.9892E-01
  3.4813E+02  3.8220E-01  1.9903E-01
  3.4848E+02  3.8197E-01  1.9914E-01
  3.4883E+02  3.8175E-01  1.9924E-01
  3.4918E+02  3.8152E-01  1.9934E-01
  3.4954E+02  3.8130E-01  1.9945E-01
  3.4989E+02  3.8107E-01  1.9955E-01
  3.5024E+02  3.8085E-01  1.9966E-01
  3.5059E+02  3.8062E-01  1.9976E-01
  3.5094E+02  3.8040E-01  1.9986E-01
  3.5130E+02  3.8017E-01  1.9997E-01
  3.5165E+02  3.7995E-01  2.0007E-01
  3.5200E+02  3.7973E-01  2.0017E-01
  3.5235E+02  3.7950E-01  2.0028E-01
  3.5270E+02  3.7928E-01  2.0038E-01
  3.5306E+02  3.7905E-01  2.0048E-01
  3.5341E+02  3.7883E-01  2.0059E-01
  3.5376E+02  3.7861E-01  2.0069E-01
  3.5411E+02  3.7838E-01  2.0079E-01
  3.5446E+02  3.7816E-01  2.0089E-01
  3.5482E+02  3.7794E-01  2.0099E-01
  3.5517E+02  3.7771E-01  2.0110E-01
  3.5552E+02  3.7749E-01  2.0120E-01
  3.5587E+02  3.7727E-01  2.0130E-01
  3.5622E+02  3.7704E-01  2.0140E-01
  3.5658E+02  3.7682E-01  2.0150E-01
  3.5693E+02  3.7660E-01  2.0160E-01
  3.5728E+02  3.7638E-01  2.0170E-01
  3.5763E+02  3.7616E-01  2.0180E-01
  3.5798E+02  3.7593E-01  2.0190E-01
  3.5834E+02  3.7571E-01  2.0200E-01
  3.5869E+02  3.7549E-01  2.0210E-01
  3.5904E+02  3.7527E-01  2.0220E-01
  3.5939E+02  3.7505E-01  2.0230E-01
  3.5974E+02  3.7483E-01  2.0240E-01
  3.6010E+02  3.7460E-01  2.0250E-01
  3.6045E+02  3.7438E-01  2.0260E-01
  3.6080E+02  3.7416E-01  2.0270E-01
  3.6115E+02  3.7394E-01  2.0280E-01
  3.6150E+02  3.7372E-01  2.0290E-01
  3.6186E+02  3.7350E-01  2.0300E-01
  3.6221E+02  3.7328E-01  2.0310E-01
  3.6256E+02  3.7306E-01  2.0319E-01
  3.6291E+02  3.7284E-01  2.0329E-01
  3.6326E+02  3.7262E-01  2.0339E-01
  3.6362E+02  3.7240E-01  2.0349E-01
  3.6397E+02  3.7219E-01  2.0359E-01
  3.6432E+02  3.7197E-01  2.0368E-01
  3.6467E+02  3.7175E-01  2.0378E-01
  3.6502E+02  3.7153E-01  2.0388E-01
  3.6538E+02  3.7131E-01  2.0398E-01
  3.6573E+02  3.7109E-01  2.0407E-01
  3.6608E+02  3.7088E-01  2.0417E-01
  3.6643E+02  3.7066E-01  2.0427E-01
  3.6678E+02  3.7044E-01  2.0436E-01
  3.6714E+02  3.7022E-01  2.0446E-01
  3.6749E+02  3.7001E-01  2.0455E-01
  3.6784E+02  3.6979E-01  2.0465E-01
  3.6819E+02  3.6957E-01  2.0475E-01
  3.6854E+02  3.6936E-01  2.0484E-01
  3.6890E+02  3.6914E-01  2.0494E-01
  3.6925E+02  3.6892E-01  2.0503E-01
  3.6960E+02  3.6871E-01  2.0513E-01
  3.6995E+02  3.6849E-01  2.0522E-01
  3.7030E+02  3.6828E-01  2.0532E-01
  3.7066E+02  3.6806E-01  2.0541E-01
  3.7101E+02  3.6785E-01  2.0551E-01
  3.7136E+02  3.6763E-01  2.0560E-01
  3.7171E+02  3.6741E-01  2.0570E-01
  3.7206E+02  3.6720E-01  2.0579E-01
  3.7242E+02  3.6698E-01  2.0588E-01
  3.7277E+02  3.6677E-01  2.0598E-01
  3.7312E+02  3.6655E-01  2.0607E-01
  3.7347E+02  3.6634E-01  2.0616E-01
  3.7382E+02  3.6612E-01  2.0626E-01
  3.7418E+02  3.6591E-01  2.0635E-01
  3.7453E+02  3.6569E-01  2.0644E-01
  3.7488E+02  3.6548E-01  2.0653E-01
  3.7523E+02  3.6526E-01  2.0663E-01
  3.7558E+02  3.6505E-01  2.0672E-01
  3.7594E+02  3.6483E-01  2.0681E-01
  3.7629E+02  3.6462E-01  2.0690E-01
  3.7664E+02  3.6440E-01  2.0699E-01
  3.7699E+02  3.6419E-01  2.0708E-01
  3.7734E+02  3.6397E-01  2.0718E-01
  3.7770E+02  3.6376E-01  2.0727E-01
  3.7805E+02  3.6354E-01  2.0736E-01
  3.7840E+02  3.6332E-01  2.0745E-01
  3.7875E+02  3.6311E-01  2.0754E-01
  3.7910E+02  3.6289E-01  2.0763E-01
  3.7946E+02  3.6267E-01  2.0772E-01
  3.7981E+02  3.6246E-01  2.0781E-01
  3.8016E+02  3.6224E-01  2.0790E-01
  3.8051E+02  3.6202E-01  2.0799E-01
  3.8086E+02  3.6181E-01  2.0808E-01
  3.8122E+02  3.6159E-01  2.0817E-01
  3.8157E+02  3.6137E-01  2.0826E-01
  3.8192E+02  3.6115E-01  2.0835E-01
  3.8227E+02  3.6094E-01  2.0843E-01
  3.8262E+02  3.6072E-01  2.0852E-01
  3.8298E+02  3.6050E-01  2.0861E-01
  3.8333E+02  3.6028E-01  2.0870E-01
  3.8368E+02  3.6006E-01  2.0879E-01
  3.8403E+02  3.5984E-01  2.0888E-01
  3.8438E+02  3.5962E-01  2.0896E-01
  3.8474E+02  3.5940E-01  2.0905E-01
  3.8509E+02  3.5918E-01  2.0914E-01
  3.8544E+02  3.5896E-01  2.0923E-01
  3.8579E+02  3.5874E-01  2.0931E-01
  3.8614E+02  3.5852E-01  2.0940E-01
  3.8650E+02  3.5830E-01  2.0949E-01
  3.8685E+02  3.5808E-01  2.0958E-01
  3.8720E+02  3.5786E-01  2.0966E-01
  3.8755E+02  3.5763E-01  2.0975E-01
  3.8790E+02  3.5741E-01  2.0984E-01
  3.8826E+02  3.5719E-01  2.0992E-01
  3.8861E+02  3.5697E-01  2.1001E-01
  3.8896E+02  3.5675E-01  2.1009E-01
  3.8931E+02  3.5652E-01  2.1018E-01
  3.8966E+02  3.5630E-01  2.1026E-01
  3.9002E+02  3.5608E-01  2.1035E-01
  3.9037E+02  3.5585E-01  2.1044E-01
  3.9072E+02  3.5563E-01  2.1052E-01
  3.9107E+02  3.5541E-01  2.1061E-01
  3.9142E+02  3.5518E-01  2.1069E-01
  3.9178E+02  3.5496E-01  2.1077E-01
  3.9213E+02  3.5473E-01  2.1086E-01
  3.9248E+02  3.5451E-01  2.1094E-01
  3.9283E+02  3.5429E-01  2.1103E-01
  3.9318E+02  3.5406E-01  2.1111E-01
  3.9354E+02  3.5384E-01  2.1119E-01
  3.9389E+02  3.5361E-01  2.1128E-01
  3.9424E+02  3.5339E-01  2.1136E-01
  3.9459E+02  3.5316E-01  2.1144E-01
  3.9494E+02  3.5294E-01  2.1153E-01
  3.9530E+02  3.5272E-01  2.1161E-01
  3.9565E+02  3.5249E-01  2.1169E-01
  3.9600E+02  3.5227E-01  2.1177E-01
  3.9635E+02  3.5204E-01  2.1186E-01
  3.9670E+02  3.5182E-01  2.1194E-01
  3.9706E+02  3.5159E-01  2.1202E-01
  3.9741E+02  3.5137E-01  2.1210E-01
  3.9776E+02  3.5114E-01  2.1218E-01
  3.9811E+02  3.5092E-01  2.1227E-01
  3.9846E+02  3.5069E-01  2.1235E-01
  3.9882E+02  3.5047E-01  2.1243E-01
  3.9917E+02  3.5024E-01  2.1251E-01
  3.9952E+02  3.5002E-01  2.1259E-01
  3.9987E+02  3.4980E-01  2.1267E-01
  4.0022E+02  3.4957E-01  2.1275E-01
  4.0058E+02  3.4935E-01  2.1283E-01
  4.0093E+02  3.4912E-01  2.1291E-01
  4.0128E+02  3.4890E-01  2.1299E-01
  4.0163E+02  3.4867E-01  2.1307E-01
  4.0198E+02  3.4845E-01  2.1315E-01
  4.0234E+02  3.4823E-01  2.1323E-01
  4.0269E+02  3.4800E-01  2.1331E-01
  4.0304E+02  3.4778E-01  2.1339E-01
  4.0339E+02  3.4755E-01  2.1347E-01
  4.0374E+02  3.4733E-01  2.1354E-01
  4.0410E+02  3.4711E-01  2.1362E-01
  4.0445E+02  3.4688E-01  2.1370E-01
  4.0480E+02  3.4666E-01  2.1378E-01
  4.0515E+02  3.4643E-01  2.1386E-01
  4.0550E+02  3.4621E-01  2.1394E-01
  4.0586E+02  3.4599E-01  2.1401E-01
  4.0621E+02  3.4576E-01  2.1409E-01
  4.0656E+02  3.4554E-01  2.1417E-01
  4.0691E+02  3.4532E-01  2.1425E-01
  4.0726E+02  3.4509E-01  2.1432E-01
  4.0762E+02  3.4487E-01  2.1440E-01
  4.0797E+02  3.4465E-01  2.1448E-01
  4.0832E+02  3.4442E-01  2.1456E-01
  4.0867E+02  3.4420E-01  2.1463E-01
  4.0902E+02  3.4398E-01  2.1471E-01
  4.0938E+02  3.4376E-01  2.1479E-01
  4.0973E+02  3.4353E-01  2.1486E-01
  4.1008E+02  3.4331E-01  2.1494E-01
  4.1043E+02  3.4309E-01  2.1501E-01
  4.1078E+02  3.4287E-01  2.1509E-01
  4.1114E+02  3.4264E-01  2.1517E-01
  4.1149E+02  3.4242E-01  2.1524E-01
  4.1184E+02  3.4220E-01  2.1532E-01
  4.1219E+02  3.4198E-01  2.1539E-01
  4.1254E+02  3.4176E-01  2.1547E-01
  4.1290E+02  3.4153E-01  2.1554E-01
  4.1325E+02  3.4131E-01  2.1562E-01
  4.1360E+02  3.4109E-01  2.1569E-01
  4.1395E+02  3.4087E-01  2.1577E-01
  4.1430E+02  3.4065E-01  2.1584E-01
  4.1466E+02  3.4043E-01  2.1592E-01
  4.1501E+02  3.4021E-01  2.1599E-01
  4.1536E+02  3.3999E-01  2.1607E-01
  4.1571E+02  3.3977E-01  2.1614E-01
  4.1606E+02  3.3955E-01  2.1621E-01
  4.1642E+02  3.3932E-01  2.1629E-01
  4.1677E+02  3.3910E-01  2.1636E-01
  4.1712E+02  3.3888E-01  2.1643E-01
  4.1747E+02  3.3866E-01  2.1651E-01
  4.1782E+02  3.3845E-01  2.1658E-01
  4.1818E+02  3.3823E-01  2.1665E-01
  4.1853E+02  3.3801E-01  2.1672E-01
  4.1888E+02  3.3779E-01  2.1680E-01
  4.1923E+02  3.3757E-01  2.1687E-01
  4.1958E+02  3.3735E-01  2.1694E-01
  4.1994E+02  3.3713E-01  2.1701E-01
  4.2029E+02  3.3691E-01  2.1708E-01
  4.2064E+02  3.3669E-01  2.1715E-01
  4.2099E+02  3.3647E-01  2.1722E-01
  4.2134E+02  3.3625E-01  2.1730E-01
  4.2170E+02  3.3604E-01  2.1737E-01
  4.2205E+02  3.3582E-01  2.1744E-01
  4.2240E+02  3.3560E-01  2.1751E-01
  4.2275E+02  3.3538E-01  2.1758E-01
  4.2310E+02  3.3516E-01  2.1765E-01
  4.2346E+02  3.3494E-01  2.1772E-01
  4.2381E+02  3.3473E-01  2.1779E-01
  4.2416E+02  3.3451E-01  2.1786E-01
  4.2451E+02  3.3429E-01  2.1792E-01
  4.2486E+02  3.3407E-01  2.1799E-01
  4.2522E+02  3.3385E-01  2.1806E-01
  4.2557E+02  3.3364E-01  2.1813E-01
  4.2592E+02  3.3342E-01  2.1820E-01
  4.2627E+02  3.3320E-01  2.1827E-01
  4.2662E+02  3.3298E-01  2.1834E-01
  4.2698E+02  3.3277E-01  2.1840E-01
  4.2733E+02  3.3255E-01  2.1847E-01
  4.2768E+02  3.3233E-01  2.1854E-01
  4.2803E+02  3.3211E-01  2.1861E-01
  4.2838E+02  3.3189E-01  2.1867E-01
  4.2874E+02  3.3168E-01  2.1874E-01
  4.2909E+02  3.3146E-01  2.1881E-01
  4.2944E+02  3.3124E-01  2.1888E-01
  4.2979E+02  3.3102E-01  2.1894E-01
  4.3014E+02  3.3080E-01  2.1901E-01
  4.3050E+02  3.3059E-01  2.1908E-01
  4.3085E+02  3.3037E-01  2.1914E-01
  4.3120E+02  3.3015E-01  2.1921E-01
  4.3155E+02  3.2993E-01  2.1927E-01
  4.3190E+02  3.2971E-01  2.1934E-01
  4.3226E+02  3.2950E-01  2.1941E-01
  4.3261E+02  3.2928E-01  2.1947E-01
  4.3296E+02  3.2906E-01  2.1954E-01
  4.3331E+02  3.2884E-01  2.1960E-01
  4.3366E+02  3.2862E-01  2.1967E-01
  4.3402E+02  3.2841E-01  2.1973E-01
  4.3437E+02  3.2819E-01  2.1980E-01
  4.3472E+02  3.2797E-01  2.1986E-01
  4.3507E+02  3.2775E-01  2.1993E-01
  4.3542E+02  3.2753E-01  2.1999E-01
  4.3578E+02  3.2732E-01  2.2006E-01
  4.3613E+02  3.2710E-01  2.2012E-01
  4.3648E+02  3.2688E-01  2.2019E-01
  4.3683E+02  3.2666E-01  2.2025E-01
  4.3718E+02  3.2644E-01  2.2032E-01
  4.3754E+02  3.2623E-01  2.2038E-01
  4.3789E+02  3.2601E-01  2.2044E-01
  4.3824E+02  3.2579E-01  2.2051E-01
  4.3859E+02  3.2557E-01  2.2057E-01
  4.3894E+02  3.2536E-01  2.2064E-01
  4.3930E+02  3.2514E-01  2.2070E-01
  4.3965E+02  3.2492E-01  2.2076E-01
  4.4000E+02  3.2470E-01  2.2083E-01
  4.4035E+02  3.2449E-01  2.2089E-01
  4.4070E+02  3.2427E-01  2.2095E-01
  4.4106E+02  3.2405E-01  2.2101E-01
  4.4141E+02  3.2383E-01  2.2108E-01
  4.4176E+02  3.2362E-01  2.2114E-01
  4.4211E+02  3.2340E-01  2.2120E-01
  4.4246E+02  3.2318E-01  2.2126E-01
  4.4282E+02  3.2297E-01  2.2133E-01
  4.4317E+02  3.2275E-01  2.2139E-01
  4.4352E+02  3.2253E-01  2.2145E-01
  4.4387E+02  3.2232E-01  2.2151E-01
  4.4422E+02  3.2210E-01  2.2157E-01
  4.4458E+02  3.2189E-01  2.2163E-01
  4.4493E+02  3.2167E-01  2.2169E-01
  4.4528E+02  3.2146E-01  2.2176E-01
  4.4563E+02  3.2124E-01  2.2182E-01
  4.4598E+02  3.2103E-01  2.2188E-01
  4.4634E+02  3.2081E-01  2.2194E-01
  4.4669E+02  3.2060E-01  2.2200E-01
  4.4704E+02  3.2038E-01  2.2206E-01
  4.4739E+02  3.2017E-01  2.2212E-01
  4.4774E+02  3.1995E-01  2.2218E-01
  4.4810E+02  3.1974E-01  2.2224E-01
  4.4845E+02  3.1952E-01  2.2229E-01
  4.4880E+02  3.1931E-01  2.2235E-01
  4.4915E+02  3.1910E-01  2.2241E-01
  4.4950E+02  3.1888E-01  2.2247E-01
  4.4986E+02  3.1867E-01  2.2253E-01
  4.5021E+02  3.1846E-01  2.2259E-01
  4.5056E+02  3.1825E-01  2.2265E-01
  4.5091E+02  3.1803E-01  2.2270E-01
  4.5126E+02  3.1782E-01  2.2276E-01
  4.5162E+02  3.1761E-01  2.2282E-01
  4.5197E+02  3.1740E-01  2.2288E-01
  4.5232E+02  3.1719E-01  2.2293E-01
  4.5267E+02  3.1697E-01  2.2299E-01
  4.5302E+02  3.1676E-01  2.2305E-01
  4.5338E+02  3.1655E-01  2.2310E-01
  4.5373E+02  3.1634E-01  2.2316E-01
  4.5408E+02  3.1613E-01  2.2322E-01
  4.5443E+02  3.1592E-01  2.2327E-01
  4.5478E+02  3.1571E-01  2.2333E-01
  4.5514E+02  3.1550E-01  2.2338E-01
  4.5549E+02  3.1529E-01  2.2344E-01
  4.5584E+02  3.1508E-01  2.2350E-01
  4.5619E+02  3.1487E-01  2.2355E-01
  4.5654E+02  3.1466E-01  2.2361E-01
  4.5690E+02  3.1445E-01  2.2366E-01
  4.5725E+02  3.1424E-01  2.2372E-01
  4.5760E+02  3.1403E-01  2.2377E-01
  4.5795E+02  3.1382E-01  2.2383E-01
  4.5830E+02  3.1361E-01  2.2388E-01
  4.5866E+02  3.1340E-01  2.2393E-01
  4.5901E+02  3.1319E-01  2.2399E-01
  4.5936E+02  3.1298E-01  2.2404E-01
  4.5971E+02  3.1278E-01  2.2410E-01
  4.6006E+02  3.1257E-01  2.2415E-01
  4.6042E+02  3.1236E-01  2.2420E-01
  4.6077E+02  3.1215E-01  2.2426E-01
  4.6112E+02  3.1194E-01  2.2431E-01
  4.6147E+02  3.1173E-01  2.2436E-01
  4.6182E+02  3.1152E-01  2.2442E-01
  4.6218E+02  3.1132E-01  2.2447E-01
  4.6253E+02  3.1111E-01  2.2452E-01
  4.6288E+02  3.1090E-01  2.2458E-01
  4.6323E+02  3.1069E-01  2.2463E-01
  4.6358E+02  3.1048E-01  2.2468E-01
  4.6394E+02  3.1028E-01  2.2473E-01
  4.6429E+02  3.1007E-01  2.2479E-01
  4.6464E+02  3.0986E-01  2.2484E-01
  4.6499E+02  3.0965E-01  2.2489E-01
  4.6534E+02  3.0945E-01  2.2494E-01
  4.6570E+02  3.0924E-01  2.2500E-01
  4.6605E+02  3.0903E-01  2.2505E-01
  4.6640E+02  3.0882E-01  2.2510E-01
  4.6675E+02  3.0862E-01  2.2515E-01
  4.6710E+02  3.0841E-01  2.2520E-01
  4.6746E+02  3.0820E-01  2.2525E-01
  4.6781E+02  3.0800E-01  2.2530E-01
  4.6816E+02  3.0779E-01  2.2536E-01
  4.6851E+02  3.0758E-01  2.2541E-01
  4.6886E+02  3.0738E-01  2.2546E-01
  4.6922E+02  3.0717E-01  2.2551E-01
  4.6957E+02  3.0696E-01  2.2556E-01
  4.6992E+02  3.0676E-01  2.2561E-01
  4.7027E+02  3.0655E-01  2.2566E-01
  4.7062E+02  3.0634E-01  2.2571E-01
  4.7098E+02  3.0614E-01  2.2576E-01
  4.7133E+02  3.0593E-01  2.2581E-01
  4.7168E+02  3.0573E-01  2.2586E-01
  4.7203E+02  3.0552E-01  2.2591E-01
  4.7238E+02  3.0532E-01  2.2596E-01
  4.7274E+02  3.0511E-01  2.2601E-01
  4.7309E+02  3.0490E-01  2.2606E-01
  4.7344E+02  3.0470E-01  2.2610E-01
  4.7379E+02  3.0449E-01  2.2615E-01
  4.7414E+02  3.0429E-01  2.2620E-01
  4.7450E+02  3.0408E-01  2.2625E-01
  4.7485E+02  3.0388E-01  2.2630E-01
  4.7520E+02  3.0367E-01  2.2635E-01
  4.7555E+02  3.0347E-01  2.2639E-01
  4.7590E+02  3.0327E-01  2.2644E-01
  4.7626E+02  3.0306E-01  2.2649E-01
  4.7661E+02  3.0286E-01  2.2654E-01
  4.7696E+02  3.0265E-01  2.2659E-01
  4.7731E+02  3.0245E-01  2.2663E-01
  4.7766E+02  3.0224E-01  2.2668E-01
  4.7802E+02  3.0204E-01  2.2673E-01
  4.7837E+02  3.0184E-01  2.2677E-01
  4.7872E+02  3.0163E-01  2.2682E-01
  4.7907E+02  3.0143E-01  2.2687E-01
  4.7942E+02  3.0123E-01  2.2691E-01
  4.7978E+02  3.0102E-01  2.2696E-01
  4.8013E+02  3.0082E-01  2.2700E-01
  4.8048E+02  3.0061E-01  2.2705E-01
  4.8083E+02  3.0041E-01  2.2710E-01
  4.8118E+02  3.0021E-01  2.2714E-01
  4.8154E+02  3.0000E-01  2.2719E-01
  4.8189E+02  2.9980E-01  2.2723E-01
  4.8224E+02  2.9960E-01  2.2728E-01
  4.8259E+02  2.9940E-01  2.2732E-01
  4.8294E+02  2.9919E-01  2.2737E-01
  4.8330E+02  2.9899E-01  2.2741E-01
  4.8365E+02  2.9879E-01  2.2745E-01
  4.8400E+02  2.9858E-01  2.2750E-01
  4.8435E+02  2.9838E-01  2.2754E-01
  4.8470E+02  2.9818E-01  2.2759E-01
  4.8506E+02  2.9797E-01  2.2763E-01
  4.8541E+02  2.9777E-01  2.2767E-01
  4.8576E+02  2.9757E-01  2.2772E-01
  4.8611E+02  2.9737E-01  2.2776E-01
  4.8646E+02  2.9716E-01  2.2780E-01
  4.8682E+02  2.9696E-01  2.2785E-01
  4.8717E+02  2.9676E-01  2.2789E-01
  4.8752E+02  2.9656E-01  2.2793E-01
  4.8787E+02  2.9635E-01  2.2798E-01
  4.8822E+02  2.9615E-01  2.2802E-01
  4.8858E+02  2.9595E-01  2.2806E-01
  4.8893E+02  2.9575E-01  2.2810E-01
  4.8928E+02  2.9554E-01  2.2814E-01
  4.8963E+02  2.9534E-01  2.2819E-01
  4.8998E+02  2.9514E-01  2.2823E-01
  4.9034E+02  2.9494E-01  2.2827E-01
  4.9069E+02  2.9473E-01  2.2831E-01
  4.9104E+02  2.9453E-01  2.2835E-01
  4.9139E+02  2.9433E-01  2.2839E-01
  4.9174E+02  2.9413E-01  2.2844E-01
  4.9210E+02  2.9393E-01  2.2848E-01
  4.9245E+02  2.9372E-01  2.2852E-01
  4.9280E+02  2.9352E-01  2.2856E-01
  4.9315E+02  2.9332E-01  2.2860E-01
  4.9350E+02  2.9312E-01  2.2864E-01
  4.9386E+02  2.9292E-01  2.2868E-01
  4.9421E+02  2.9271E-01  2.2872E-01
  4.9456E+02  2.9251E-01  2.2876E-01
  4.9491E+02  2.9231E-01  2.2880E-01
  4.9526E+02  2.9211E-01  2.2884E-01
  4.9562E+02  2.9191E-01  2.2888E-01
  4.9597E+02  2.9171E-01  2.2892E-01
  4.9632E+02  2.9150E-01  2.2896E-01
  4.9667E+02  2.9130E-01  2.2900E-01
  4.9702E+02  2.9110E-01  2.2904E-01
  4.9738E+02  2.9090E-01  2.2908E-01
  4.9773E+02  2.9070E-01  2.2912E-01
  4.9808E+02  2.9050E-01  2.2915E-01
  4.9843E+02  2.9030E-01  2.2919E-01
  4.9878E+02  2.9010E-01  2.2923E-01
  4.9914E+02  2.8989E-01  2.2927E-01
  4.9949E+02  2.8969E-01  2.2931E-01
  4.9984E+02  2.8949E-01  2.2935E-01
  5.0000E+02  2.8940E-01  2.2936E-01
