# CREATED BY GENE DIAGNOSTICS TOOL on Mon Jun 25 12:19:51 2018
# diag: GAMDIAG, run(s): 0113, time window: 0-500(1455 steps), species: ions
# original data path: /r/c/cmor/ZF_3rd/w7xhms05/0.5-1.5/
# normalization: L_ref=5.4832m
#
# xind= 0, x/a= 0.70710677, q= 1.1018624
# Fit:    1,-0.072496639,4.8224229
# Analytic (Gao, Zhou/Yu): 0.32199362,-0.097012307,4.8224302
#  t          Re[phi]     Im[phi]   
  0.0000E+00  9.9998E-01  0.0000E+00
  3.4400E-01  9.9686E-01  6.7519E-04
  6.8800E-01  9.8804E-01  1.3616E-03
  1.0320E+00  9.7457E-01  2.0582E-03
  1.3760E+00  9.5768E-01  2.7575E-03
  1.7200E+00  9.3857E-01  3.4587E-03
  2.0640E+00  9.1832E-01  4.1619E-03
  2.4080E+00  8.9778E-01  4.8611E-03
  2.7520E+00  8.7762E-01  5.5444E-03
  3.0960E+00  8.5827E-01  6.1977E-03
  3.4400E+00  8.4002E-01  6.8071E-03
  3.7840E+00  8.2301E-01  7.3625E-03
  4.1280E+00  8.0728E-01  7.8587E-03
  4.4720E+00  7.9279E-01  8.2963E-03
  4.8160E+00  7.7946E-01  8.6807E-03
  5.1600E+00  7.6716E-01  9.0214E-03
  5.5040E+00  7.5578E-01  9.3298E-03
  5.8480E+00  7.4519E-01  9.6182E-03
  6.1920E+00  7.3525E-01  9.8978E-03
  6.5360E+00  7.2585E-01  1.0178E-02
  6.8800E+00  7.1689E-01  1.0465E-02
  7.2240E+00  7.0828E-01  1.0762E-02
  7.5680E+00  6.9994E-01  1.1071E-02
  7.9120E+00  6.9181E-01  1.1390E-02
  8.2560E+00  6.8383E-01  1.1715E-02
  8.6000E+00  6.7599E-01  1.2043E-02
  8.9440E+00  6.6826E-01  1.2367E-02
  9.2880E+00  6.6064E-01  1.2682E-02
  9.6320E+00  6.5312E-01  1.2983E-02
  9.9760E+00  6.4572E-01  1.3266E-02
  1.0320E+01  6.3845E-01  1.3526E-02
  1.0664E+01  6.3131E-01  1.3760E-02
  1.1008E+01  6.2433E-01  1.3966E-02
  1.1352E+01  6.1752E-01  1.4145E-02
  1.1696E+01  6.1089E-01  1.4295E-02
  1.2040E+01  6.0444E-01  1.4415E-02
  1.2384E+01  5.9818E-01  1.4506E-02
  1.2728E+01  5.9212E-01  1.4573E-02
  1.3072E+01  5.8627E-01  1.4620E-02
  1.3416E+01  5.8064E-01  1.4650E-02
  1.3760E+01  5.7522E-01  1.4663E-02
  1.4104E+01  5.7001E-01  1.4658E-02
  1.4448E+01  5.6501E-01  1.4636E-02
  1.4792E+01  5.6023E-01  1.4601E-02
  1.5136E+01  5.5567E-01  1.4559E-02
  1.5480E+01  5.5135E-01  1.4517E-02
  1.5824E+01  5.4727E-01  1.4478E-02
  1.6168E+01  5.4342E-01  1.4442E-02
  1.6512E+01  5.3979E-01  1.4407E-02
  1.6856E+01  5.3636E-01  1.4370E-02
  1.7200E+01  5.3313E-01  1.4334E-02
  1.7544E+01  5.3009E-01  1.4306E-02
  1.7888E+01  5.2728E-01  1.4294E-02
  1.8232E+01  5.2470E-01  1.4300E-02
  1.8576E+01  5.2238E-01  1.4322E-02
  1.8920E+01  5.2032E-01  1.4355E-02
  1.9264E+01  5.1853E-01  1.4398E-02
  1.9608E+01  5.1699E-01  1.4454E-02
  1.9952E+01  5.1568E-01  1.4526E-02
  2.0296E+01  5.1460E-01  1.4617E-02
  2.0640E+01  5.1371E-01  1.4728E-02
  2.0984E+01  5.1300E-01  1.4855E-02
  2.1328E+01  5.1243E-01  1.4997E-02
  2.1672E+01  5.1202E-01  1.5151E-02
  2.2016E+01  5.1175E-01  1.5320E-02
  2.2360E+01  5.1165E-01  1.5504E-02
  2.2704E+01  5.1170E-01  1.5705E-02
  2.3048E+01  5.1191E-01  1.5922E-02
  2.3392E+01  5.1225E-01  1.6150E-02
  2.3736E+01  5.1273E-01  1.6386E-02
  2.4080E+01  5.1336E-01  1.6632E-02
  2.4424E+01  5.1415E-01  1.6891E-02
  2.4768E+01  5.1513E-01  1.7172E-02
  2.5112E+01  5.1629E-01  1.7480E-02
  2.5456E+01  5.1759E-01  1.7812E-02
  2.5800E+01  5.1895E-01  1.8158E-02
  2.6144E+01  5.2028E-01  1.8506E-02
  2.6488E+01  5.2152E-01  1.8845E-02
  2.6832E+01  5.2266E-01  1.9167E-02
  2.7176E+01  5.2370E-01  1.9472E-02
  2.7520E+01  5.2471E-01  1.9765E-02
  2.7864E+01  5.2578E-01  2.0057E-02
  2.8208E+01  5.2698E-01  2.0361E-02
  2.8552E+01  5.2836E-01  2.0684E-02
  2.8896E+01  5.2992E-01  2.1029E-02
  2.9240E+01  5.3164E-01  2.1393E-02
  2.9584E+01  5.3346E-01  2.1767E-02
  2.9928E+01  5.3531E-01  2.2144E-02
  3.0272E+01  5.3712E-01  2.2513E-02
  3.0616E+01  5.3881E-01  2.2870E-02
  3.0960E+01  5.4037E-01  2.3212E-02
  3.1304E+01  5.4178E-01  2.3538E-02
  3.1648E+01  5.4306E-01  2.3852E-02
  3.1992E+01  5.4422E-01  2.4157E-02
  3.2336E+01  5.4532E-01  2.4459E-02
  3.2680E+01  5.4636E-01  2.4763E-02
  3.3024E+01  5.4739E-01  2.5073E-02
  3.3368E+01  5.4841E-01  2.5387E-02
  3.3712E+01  5.4941E-01  2.5701E-02
  3.4056E+01  5.5036E-01  2.6006E-02
  3.4400E+01  5.5123E-01  2.6295E-02
  3.4744E+01  5.5199E-01  2.6561E-02
  3.5088E+01  5.5262E-01  2.6801E-02
  3.5432E+01  5.5315E-01  2.7017E-02
  3.5776E+01  5.5361E-01  2.7218E-02
  3.6120E+01  5.5404E-01  2.7416E-02
  3.6464E+01  5.5449E-01  2.7623E-02
  3.6808E+01  5.5500E-01  2.7848E-02
  3.7152E+01  5.5559E-01  2.8095E-02
  3.7496E+01  5.5624E-01  2.8362E-02
  3.7840E+01  5.5696E-01  2.8645E-02
  3.8184E+01  5.5769E-01  2.8931E-02
  3.8528E+01  5.5837E-01  2.9211E-02
  3.8872E+01  5.5895E-01  2.9474E-02
  3.9216E+01  5.5938E-01  2.9711E-02
  3.9560E+01  5.5962E-01  2.9918E-02
  3.9904E+01  5.5965E-01  3.0097E-02
  4.0248E+01  5.5947E-01  3.0251E-02
  4.0592E+01  5.5909E-01  3.0387E-02
  4.0936E+01  5.5856E-01  3.0515E-02
  4.1280E+01  5.5794E-01  3.0646E-02
  4.1624E+01  5.5728E-01  3.0788E-02
  4.1968E+01  5.5667E-01  3.0950E-02
  4.2312E+01  5.5614E-01  3.1136E-02
  4.2656E+01  5.5574E-01  3.1346E-02
  4.3000E+01  5.5548E-01  3.1578E-02
  4.3344E+01  5.5535E-01  3.1827E-02
  4.3688E+01  5.5533E-01  3.2089E-02
  4.4032E+01  5.5540E-01  3.2360E-02
  4.4376E+01  5.5552E-01  3.2636E-02
  4.4720E+01  5.5566E-01  3.2911E-02
  4.5064E+01  5.5579E-01  3.3182E-02
  4.5408E+01  5.5588E-01  3.3446E-02
  4.5752E+01  5.5589E-01  3.3697E-02
  4.6096E+01  5.5579E-01  3.3930E-02
  4.6440E+01  5.5555E-01  3.4138E-02
  4.6784E+01  5.5514E-01  3.4316E-02
  4.7128E+01  5.5455E-01  3.4463E-02
  4.7472E+01  5.5378E-01  3.4579E-02
  4.7816E+01  5.5285E-01  3.4673E-02
  4.8160E+01  5.5179E-01  3.4753E-02
  4.8504E+01  5.5061E-01  3.4831E-02
  4.8848E+01  5.4936E-01  3.4916E-02
  4.9192E+01  5.4806E-01  3.5015E-02
  4.9536E+01  5.4675E-01  3.5134E-02
  4.9880E+01  5.4546E-01  3.5279E-02
  5.0224E+01  5.4424E-01  3.5456E-02
  5.0568E+01  5.4315E-01  3.5667E-02
  5.0912E+01  5.4220E-01  3.5915E-02
  5.1256E+01  5.4143E-01  3.6196E-02
  5.1600E+01  5.4084E-01  3.6507E-02
  5.1944E+01  5.4042E-01  3.6838E-02
  5.2288E+01  5.4014E-01  3.7179E-02
  5.2632E+01  5.3997E-01  3.7515E-02
  5.2976E+01  5.3986E-01  3.7834E-02
  5.3320E+01  5.3980E-01  3.8125E-02
  5.3664E+01  5.3977E-01  3.8385E-02
  5.4008E+01  5.3976E-01  3.8618E-02
  5.4352E+01  5.3978E-01  3.8833E-02
  5.4696E+01  5.3985E-01  3.9043E-02
  5.5040E+01  5.3998E-01  3.9259E-02
  5.5384E+01  5.4017E-01  3.9490E-02
  5.5728E+01  5.4041E-01  3.9743E-02
  5.6072E+01  5.4069E-01  4.0018E-02
  5.6416E+01  5.4097E-01  4.0316E-02
  5.6760E+01  5.4125E-01  4.0637E-02
  5.7104E+01  5.4149E-01  4.0979E-02
  5.7448E+01  5.4168E-01  4.1338E-02
  5.7792E+01  5.4180E-01  4.1709E-02
  5.8136E+01  5.4184E-01  4.2088E-02
  5.8480E+01  5.4180E-01  4.2467E-02
  5.8824E+01  5.4166E-01  4.2840E-02
  5.9168E+01  5.4143E-01  4.3201E-02
  5.9512E+01  5.4111E-01  4.3541E-02
  5.9856E+01  5.4068E-01  4.3855E-02
  6.0200E+01  5.4015E-01  4.4135E-02
  6.0544E+01  5.3952E-01  4.4378E-02
  6.0888E+01  5.3880E-01  4.4584E-02
  6.1232E+01  5.3801E-01  4.4755E-02
  6.1576E+01  5.3717E-01  4.4898E-02
  6.1920E+01  5.3632E-01  4.5022E-02
  6.2264E+01  5.3549E-01  4.5134E-02
  6.2608E+01  5.3471E-01  4.5242E-02
  6.2952E+01  5.3400E-01  4.5353E-02
  6.3296E+01  5.3340E-01  4.5473E-02
  6.3640E+01  5.3290E-01  4.5608E-02
  6.3984E+01  5.3254E-01  4.5760E-02
  6.4328E+01  5.3228E-01  4.5932E-02
  6.4672E+01  5.3214E-01  4.6123E-02
  6.5016E+01  5.3210E-01  4.6332E-02
  6.5360E+01  5.3214E-01  4.6560E-02
  6.5704E+01  5.3225E-01  4.6803E-02
  6.6048E+01  5.3242E-01  4.7061E-02
  6.6392E+01  5.3262E-01  4.7331E-02
  6.6736E+01  5.3285E-01  4.7610E-02
  6.7080E+01  5.3309E-01  4.7895E-02
  6.7424E+01  5.3333E-01  4.8184E-02
  6.7768E+01  5.3355E-01  4.8475E-02
  6.8112E+01  5.3375E-01  4.8766E-02
  6.8456E+01  5.3393E-01  4.9058E-02
  6.8800E+01  5.3406E-01  4.9349E-02
  6.9144E+01  5.3416E-01  4.9637E-02
  6.9488E+01  5.3420E-01  4.9920E-02
  6.9832E+01  5.3420E-01  5.0192E-02
  7.0176E+01  5.3414E-01  5.0450E-02
  7.0520E+01  5.3403E-01  5.0693E-02
  7.0864E+01  5.3388E-01  5.0924E-02
  7.1208E+01  5.3369E-01  5.1145E-02
  7.1552E+01  5.3349E-01  5.1362E-02
  7.1896E+01  5.3327E-01  5.1579E-02
  7.2240E+01  5.3306E-01  5.1801E-02
  7.2584E+01  5.3286E-01  5.2029E-02
  7.2928E+01  5.3267E-01  5.2264E-02
  7.3272E+01  5.3249E-01  5.2503E-02
  7.3616E+01  5.3233E-01  5.2742E-02
  7.3960E+01  5.3216E-01  5.2980E-02
  7.4304E+01  5.3200E-01  5.3212E-02
  7.4648E+01  5.3184E-01  5.3438E-02
  7.4992E+01  5.3167E-01  5.3659E-02
  7.5336E+01  5.3151E-01  5.3877E-02
  7.5680E+01  5.3135E-01  5.4096E-02
  7.6024E+01  5.3121E-01  5.4322E-02
  7.6368E+01  5.3111E-01  5.4557E-02
  7.6712E+01  5.3103E-01  5.4805E-02
  7.7056E+01  5.3100E-01  5.5066E-02
  7.7400E+01  5.3101E-01  5.5340E-02
  7.7744E+01  5.3105E-01  5.5622E-02
  7.8088E+01  5.3112E-01  5.5908E-02
  7.8432E+01  5.3118E-01  5.6192E-02
  7.8776E+01  5.3124E-01  5.6469E-02
  7.9120E+01  5.3126E-01  5.6733E-02
  7.9464E+01  5.3123E-01  5.6980E-02
  7.9808E+01  5.3116E-01  5.7209E-02
  8.0152E+01  5.3104E-01  5.7421E-02
  8.0496E+01  5.3088E-01  5.7621E-02
  8.0840E+01  5.3071E-01  5.7816E-02
  8.1184E+01  5.3053E-01  5.8013E-02
  8.1528E+01  5.3037E-01  5.8215E-02
  8.1872E+01  5.3024E-01  5.8428E-02
  8.2216E+01  5.3014E-01  5.8652E-02
  8.2560E+01  5.3008E-01  5.8886E-02
  8.2904E+01  5.3005E-01  5.9128E-02
  8.3248E+01  5.3003E-01  5.9374E-02
  8.3592E+01  5.3002E-01  5.9619E-02
  8.3936E+01  5.3001E-01  5.9860E-02
  8.4280E+01  5.2998E-01  6.0094E-02
  8.4624E+01  5.2993E-01  6.0321E-02
  8.4968E+01  5.2986E-01  6.0541E-02
  8.5312E+01  5.2976E-01  6.0756E-02
  8.5656E+01  5.2966E-01  6.0969E-02
  8.6000E+01  5.2954E-01  6.1181E-02
  8.6344E+01  5.2942E-01  6.1394E-02
  8.6688E+01  5.2930E-01  6.1610E-02
  8.7032E+01  5.2918E-01  6.1830E-02
  8.7376E+01  5.2908E-01  6.2056E-02
  8.7720E+01  5.2898E-01  6.2288E-02
  8.8064E+01  5.2890E-01  6.2525E-02
  8.8408E+01  5.2884E-01  6.2765E-02
  8.8752E+01  5.2879E-01  6.3007E-02
  8.9096E+01  5.2874E-01  6.3248E-02
  8.9440E+01  5.2870E-01  6.3487E-02
  8.9784E+01  5.2866E-01  6.3723E-02
  9.0128E+01  5.2862E-01  6.3955E-02
  9.0472E+01  5.2857E-01  6.4182E-02
  9.0816E+01  5.2851E-01  6.4404E-02
  9.1160E+01  5.2845E-01  6.4624E-02
  9.1504E+01  5.2838E-01  6.4844E-02
  9.1848E+01  5.2831E-01  6.5066E-02
  9.2192E+01  5.2823E-01  6.5292E-02
  9.2536E+01  5.2816E-01  6.5523E-02
  9.2880E+01  5.2809E-01  6.5758E-02
  9.3224E+01  5.2802E-01  6.5996E-02
  9.3568E+01  5.2795E-01  6.6233E-02
  9.3912E+01  5.2786E-01  6.6467E-02
  9.4256E+01  5.2777E-01  6.6696E-02
  9.4600E+01  5.2765E-01  6.6918E-02
  9.4944E+01  5.2751E-01  6.7131E-02
  9.5288E+01  5.2734E-01  6.7334E-02
  9.5632E+01  5.2714E-01  6.7528E-02
  9.5976E+01  5.2692E-01  6.7712E-02
  9.6320E+01  5.2667E-01  6.7889E-02
  9.6664E+01  5.2640E-01  6.8062E-02
  9.7008E+01  5.2612E-01  6.8235E-02
  9.7352E+01  5.2584E-01  6.8411E-02
  9.7696E+01  5.2556E-01  6.8594E-02
  9.8040E+01  5.2530E-01  6.8786E-02
  9.8384E+01  5.2506E-01  6.8987E-02
  9.8728E+01  5.2483E-01  6.9195E-02
  9.9072E+01  5.2463E-01  6.9410E-02
  9.9416E+01  5.2444E-01  6.9631E-02
  9.9760E+01  5.2428E-01  6.9855E-02
  1.0010E+02  5.2414E-01  7.0083E-02
  1.0045E+02  5.2401E-01  7.0312E-02
  1.0079E+02  5.2389E-01  7.0541E-02
  1.0114E+02  5.2378E-01  7.0768E-02
  1.0148E+02  5.2366E-01  7.0992E-02
  1.0182E+02  5.2354E-01  7.1212E-02
  1.0217E+02  5.2341E-01  7.1426E-02
  1.0251E+02  5.2326E-01  7.1634E-02
  1.0286E+02  5.2309E-01  7.1835E-02
  1.0320E+02  5.2290E-01  7.2030E-02
  1.0354E+02  5.2269E-01  7.2220E-02
  1.0389E+02  5.2246E-01  7.2405E-02
  1.0423E+02  5.2221E-01  7.2588E-02
  1.0458E+02  5.2195E-01  7.2768E-02
  1.0492E+02  5.2167E-01  7.2948E-02
  1.0526E+02  5.2139E-01  7.3126E-02
  1.0561E+02  5.2110E-01  7.3303E-02
  1.0595E+02  5.2081E-01  7.3477E-02
  1.0630E+02  5.2052E-01  7.3649E-02
  1.0664E+02  5.2023E-01  7.3819E-02
  1.0698E+02  5.1994E-01  7.3989E-02
  1.0733E+02  5.1967E-01  7.4161E-02
  1.0767E+02  5.1941E-01  7.4339E-02
  1.0802E+02  5.1917E-01  7.4524E-02
  1.0836E+02  5.1895E-01  7.4716E-02
  1.0870E+02  5.1874E-01  7.4915E-02
  1.0905E+02  5.1855E-01  7.5118E-02
  1.0939E+02  5.1835E-01  7.5323E-02
  1.0974E+02  5.1817E-01  7.5527E-02
  1.1008E+02  5.1798E-01  7.5728E-02
  1.1042E+02  5.1779E-01  7.5927E-02
  1.1077E+02  5.1760E-01  7.6124E-02
  1.1111E+02  5.1741E-01  7.6319E-02
  1.1146E+02  5.1722E-01  7.6514E-02
  1.1180E+02  5.1703E-01  7.6710E-02
  1.1214E+02  5.1685E-01  7.6907E-02
  1.1249E+02  5.1668E-01  7.7105E-02
  1.1283E+02  5.1651E-01  7.7303E-02
  1.1318E+02  5.1635E-01  7.7502E-02
  1.1352E+02  5.1619E-01  7.7700E-02
  1.1386E+02  5.1603E-01  7.7896E-02
  1.1421E+02  5.1588E-01  7.8092E-02
  1.1455E+02  5.1573E-01  7.8287E-02
  1.1490E+02  5.1558E-01  7.8484E-02
  1.1524E+02  5.1544E-01  7.8684E-02
  1.1558E+02  5.1530E-01  7.8890E-02
  1.1593E+02  5.1517E-01  7.9102E-02
  1.1627E+02  5.1505E-01  7.9321E-02
  1.1662E+02  5.1493E-01  7.9547E-02
  1.1696E+02  5.1480E-01  7.9777E-02
  1.1730E+02  5.1468E-01  8.0008E-02
  1.1765E+02  5.1455E-01  8.0239E-02
  1.1799E+02  5.1441E-01  8.0465E-02
  1.1834E+02  5.1426E-01  8.0685E-02
  1.1868E+02  5.1409E-01  8.0897E-02
  1.1902E+02  5.1390E-01  8.1098E-02
  1.1937E+02  5.1369E-01  8.1289E-02
  1.1971E+02  5.1347E-01  8.1470E-02
  1.2006E+02  5.1323E-01  8.1641E-02
  1.2040E+02  5.1297E-01  8.1805E-02
  1.2074E+02  5.1271E-01  8.1964E-02
  1.2109E+02  5.1245E-01  8.2119E-02
  1.2143E+02  5.1218E-01  8.2273E-02
  1.2178E+02  5.1193E-01  8.2428E-02
  1.2212E+02  5.1168E-01  8.2586E-02
  1.2246E+02  5.1145E-01  8.2748E-02
  1.2281E+02  5.1123E-01  8.2915E-02
  1.2315E+02  5.1103E-01  8.3087E-02
  1.2350E+02  5.1084E-01  8.3264E-02
  1.2384E+02  5.1066E-01  8.3447E-02
  1.2418E+02  5.1050E-01  8.3635E-02
  1.2453E+02  5.1035E-01  8.3828E-02
  1.2487E+02  5.1020E-01  8.4025E-02
  1.2522E+02  5.1005E-01  8.4224E-02
  1.2556E+02  5.0991E-01  8.4426E-02
  1.2590E+02  5.0977E-01  8.4629E-02
  1.2625E+02  5.0962E-01  8.4832E-02
  1.2659E+02  5.0947E-01  8.5037E-02
  1.2694E+02  5.0932E-01  8.5242E-02
  1.2728E+02  5.0917E-01  8.5448E-02
  1.2762E+02  5.0901E-01  8.5654E-02
  1.2797E+02  5.0885E-01  8.5860E-02
  1.2831E+02  5.0869E-01  8.6066E-02
  1.2866E+02  5.0853E-01  8.6273E-02
  1.2900E+02  5.0837E-01  8.6480E-02
  1.2934E+02  5.0821E-01  8.6687E-02
  1.2969E+02  5.0804E-01  8.6893E-02
  1.3003E+02  5.0788E-01  8.7098E-02
  1.3038E+02  5.0771E-01  8.7301E-02
  1.3072E+02  5.0753E-01  8.7501E-02
  1.3106E+02  5.0735E-01  8.7699E-02
  1.3141E+02  5.0717E-01  8.7894E-02
  1.3175E+02  5.0699E-01  8.8087E-02
  1.3210E+02  5.0680E-01  8.8278E-02
  1.3244E+02  5.0661E-01  8.8469E-02
  1.3278E+02  5.0641E-01  8.8658E-02
  1.3313E+02  5.0622E-01  8.8847E-02
  1.3347E+02  5.0603E-01  8.9035E-02
  1.3382E+02  5.0583E-01  8.9224E-02
  1.3416E+02  5.0564E-01  8.9414E-02
  1.3450E+02  5.0546E-01  8.9606E-02
  1.3485E+02  5.0527E-01  8.9801E-02
  1.3519E+02  5.0509E-01  8.9997E-02
  1.3554E+02  5.0492E-01  9.0196E-02
  1.3588E+02  5.0475E-01  9.0395E-02
  1.3622E+02  5.0458E-01  9.0595E-02
  1.3657E+02  5.0441E-01  9.0793E-02
  1.3691E+02  5.0425E-01  9.0991E-02
  1.3726E+02  5.0408E-01  9.1187E-02
  1.3760E+02  5.0391E-01  9.1381E-02
  1.3794E+02  5.0374E-01  9.1573E-02
  1.3829E+02  5.0357E-01  9.1764E-02
  1.3863E+02  5.0339E-01  9.1955E-02
  1.3898E+02  5.0322E-01  9.2147E-02
  1.3932E+02  5.0305E-01  9.2339E-02
  1.3966E+02  5.0288E-01  9.2534E-02
  1.4001E+02  5.0272E-01  9.2731E-02
  1.4035E+02  5.0255E-01  9.2930E-02
  1.4070E+02  5.0239E-01  9.3129E-02
  1.4104E+02  5.0222E-01  9.3329E-02
  1.4138E+02  5.0206E-01  9.3528E-02
  1.4173E+02  5.0189E-01  9.3726E-02
  1.4207E+02  5.0173E-01  9.3923E-02
  1.4242E+02  5.0156E-01  9.4118E-02
  1.4276E+02  5.0139E-01  9.4312E-02
  1.4310E+02  5.0122E-01  9.4505E-02
  1.4345E+02  5.0104E-01  9.4697E-02
  1.4379E+02  5.0087E-01  9.4889E-02
  1.4414E+02  5.0069E-01  9.5080E-02
  1.4448E+02  5.0051E-01  9.5270E-02
  1.4482E+02  5.0033E-01  9.5461E-02
  1.4517E+02  5.0015E-01  9.5651E-02
  1.4551E+02  4.9997E-01  9.5842E-02
  1.4586E+02  4.9980E-01  9.6034E-02
  1.4620E+02  4.9962E-01  9.6228E-02
  1.4654E+02  4.9945E-01  9.6423E-02
  1.4689E+02  4.9929E-01  9.6621E-02
  1.4723E+02  4.9912E-01  9.6821E-02
  1.4758E+02  4.9896E-01  9.7024E-02
  1.4792E+02  4.9880E-01  9.7228E-02
  1.4826E+02  4.9864E-01  9.7432E-02
  1.4861E+02  4.9849E-01  9.7635E-02
  1.4895E+02  4.9833E-01  9.7837E-02
  1.4930E+02  4.9816E-01  9.8036E-02
  1.4964E+02  4.9799E-01  9.8232E-02
  1.4998E+02  4.9782E-01  9.8425E-02
  1.5033E+02  4.9764E-01  9.8616E-02
  1.5067E+02  4.9746E-01  9.8806E-02
  1.5102E+02  4.9728E-01  9.8994E-02
  1.5136E+02  4.9709E-01  9.9183E-02
  1.5170E+02  4.9690E-01  9.9371E-02
  1.5205E+02  4.9670E-01  9.9560E-02
  1.5239E+02  4.9651E-01  9.9749E-02
  1.5274E+02  4.9632E-01  9.9939E-02
  1.5308E+02  4.9612E-01  1.0013E-01
  1.5342E+02  4.9593E-01  1.0032E-01
  1.5377E+02  4.9573E-01  1.0051E-01
  1.5411E+02  4.9554E-01  1.0070E-01
  1.5446E+02  4.9535E-01  1.0089E-01
  1.5480E+02  4.9516E-01  1.0108E-01
  1.5514E+02  4.9497E-01  1.0127E-01
  1.5549E+02  4.9478E-01  1.0146E-01
  1.5583E+02  4.9459E-01  1.0165E-01
  1.5618E+02  4.9440E-01  1.0184E-01
  1.5652E+02  4.9422E-01  1.0204E-01
  1.5686E+02  4.9403E-01  1.0223E-01
  1.5721E+02  4.9385E-01  1.0243E-01
  1.5755E+02  4.9366E-01  1.0262E-01
  1.5790E+02  4.9348E-01  1.0281E-01
  1.5824E+02  4.9330E-01  1.0300E-01
  1.5858E+02  4.9311E-01  1.0319E-01
  1.5893E+02  4.9292E-01  1.0338E-01
  1.5927E+02  4.9273E-01  1.0357E-01
  1.5962E+02  4.9254E-01  1.0376E-01
  1.5996E+02  4.9235E-01  1.0394E-01
  1.6030E+02  4.9216E-01  1.0412E-01
  1.6065E+02  4.9197E-01  1.0431E-01
  1.6099E+02  4.9177E-01  1.0449E-01
  1.6134E+02  4.9158E-01  1.0468E-01
  1.6168E+02  4.9138E-01  1.0486E-01
  1.6202E+02  4.9119E-01  1.0505E-01
  1.6237E+02  4.9100E-01  1.0523E-01
  1.6271E+02  4.9080E-01  1.0542E-01
  1.6306E+02  4.9061E-01  1.0560E-01
  1.6340E+02  4.9042E-01  1.0579E-01
  1.6374E+02  4.9022E-01  1.0597E-01
  1.6409E+02  4.9003E-01  1.0616E-01
  1.6443E+02  4.8983E-01  1.0634E-01
  1.6478E+02  4.8963E-01  1.0652E-01
  1.6512E+02  4.8943E-01  1.0670E-01
  1.6546E+02  4.8923E-01  1.0688E-01
  1.6581E+02  4.8903E-01  1.0706E-01
  1.6615E+02  4.8883E-01  1.0724E-01
  1.6650E+02  4.8864E-01  1.0742E-01
  1.6684E+02  4.8844E-01  1.0760E-01
  1.6718E+02  4.8825E-01  1.0778E-01
  1.6753E+02  4.8805E-01  1.0796E-01
  1.6787E+02  4.8786E-01  1.0815E-01
  1.6822E+02  4.8767E-01  1.0833E-01
  1.6856E+02  4.8748E-01  1.0852E-01
  1.6890E+02  4.8729E-01  1.0870E-01
  1.6925E+02  4.8710E-01  1.0889E-01
  1.6959E+02  4.8691E-01  1.0907E-01
  1.6994E+02  4.8672E-01  1.0926E-01
  1.7028E+02  4.8653E-01  1.0944E-01
  1.7062E+02  4.8634E-01  1.0962E-01
  1.7097E+02  4.8615E-01  1.0981E-01
  1.7131E+02  4.8596E-01  1.0999E-01
  1.7166E+02  4.8576E-01  1.1017E-01
  1.7200E+02  4.8557E-01  1.1035E-01
  1.7234E+02  4.8537E-01  1.1053E-01
  1.7269E+02  4.8518E-01  1.1071E-01
  1.7303E+02  4.8498E-01  1.1088E-01
  1.7338E+02  4.8478E-01  1.1106E-01
  1.7372E+02  4.8458E-01  1.1124E-01
  1.7406E+02  4.8439E-01  1.1141E-01
  1.7441E+02  4.8419E-01  1.1159E-01
  1.7475E+02  4.8400E-01  1.1177E-01
  1.7510E+02  4.8380E-01  1.1195E-01
  1.7544E+02  4.8361E-01  1.1213E-01
  1.7578E+02  4.8341E-01  1.1231E-01
  1.7613E+02  4.8322E-01  1.1249E-01
  1.7647E+02  4.8302E-01  1.1267E-01
  1.7682E+02  4.8283E-01  1.1285E-01
  1.7716E+02  4.8263E-01  1.1304E-01
  1.7750E+02  4.8243E-01  1.1322E-01
  1.7785E+02  4.8223E-01  1.1340E-01
  1.7819E+02  4.8203E-01  1.1358E-01
  1.7854E+02  4.8183E-01  1.1375E-01
  1.7888E+02  4.8162E-01  1.1393E-01
  1.7922E+02  4.8142E-01  1.1411E-01
  1.7957E+02  4.8121E-01  1.1428E-01
  1.7991E+02  4.8100E-01  1.1445E-01
  1.8026E+02  4.8078E-01  1.1462E-01
  1.8060E+02  4.8057E-01  1.1479E-01
  1.8094E+02  4.8036E-01  1.1496E-01
  1.8129E+02  4.8015E-01  1.1513E-01
  1.8163E+02  4.7993E-01  1.1530E-01
  1.8198E+02  4.7972E-01  1.1547E-01
  1.8232E+02  4.7951E-01  1.1564E-01
  1.8266E+02  4.7930E-01  1.1581E-01
  1.8301E+02  4.7910E-01  1.1599E-01
  1.8335E+02  4.7889E-01  1.1616E-01
  1.8370E+02  4.7869E-01  1.1634E-01
  1.8404E+02  4.7848E-01  1.1651E-01
  1.8438E+02  4.7828E-01  1.1668E-01
  1.8473E+02  4.7808E-01  1.1686E-01
  1.8507E+02  4.7787E-01  1.1703E-01
  1.8542E+02  4.7767E-01  1.1721E-01
  1.8576E+02  4.7747E-01  1.1738E-01
  1.8610E+02  4.7727E-01  1.1755E-01
  1.8645E+02  4.7706E-01  1.1772E-01
  1.8679E+02  4.7686E-01  1.1790E-01
  1.8714E+02  4.7665E-01  1.1807E-01
  1.8748E+02  4.7645E-01  1.1824E-01
  1.8782E+02  4.7625E-01  1.1841E-01
  1.8817E+02  4.7604E-01  1.1859E-01
  1.8851E+02  4.7584E-01  1.1876E-01
  1.8886E+02  4.7563E-01  1.1893E-01
  1.8920E+02  4.7543E-01  1.1910E-01
  1.8954E+02  4.7522E-01  1.1927E-01
  1.8989E+02  4.7502E-01  1.1943E-01
  1.9023E+02  4.7481E-01  1.1960E-01
  1.9058E+02  4.7461E-01  1.1977E-01
  1.9092E+02  4.7440E-01  1.1993E-01
  1.9126E+02  4.7419E-01  1.2010E-01
  1.9161E+02  4.7399E-01  1.2026E-01
  1.9195E+02  4.7378E-01  1.2043E-01
  1.9230E+02  4.7358E-01  1.2059E-01
  1.9264E+02  4.7337E-01  1.2076E-01
  1.9298E+02  4.7317E-01  1.2092E-01
  1.9333E+02  4.7296E-01  1.2109E-01
  1.9367E+02  4.7276E-01  1.2125E-01
  1.9402E+02  4.7256E-01  1.2142E-01
  1.9436E+02  4.7236E-01  1.2158E-01
  1.9470E+02  4.7216E-01  1.2175E-01
  1.9505E+02  4.7196E-01  1.2191E-01
  1.9539E+02  4.7176E-01  1.2208E-01
  1.9574E+02  4.7156E-01  1.2224E-01
  1.9608E+02  4.7136E-01  1.2241E-01
  1.9642E+02  4.7116E-01  1.2257E-01
  1.9677E+02  4.7096E-01  1.2274E-01
  1.9711E+02  4.7076E-01  1.2290E-01
  1.9746E+02  4.7056E-01  1.2307E-01
  1.9780E+02  4.7036E-01  1.2323E-01
  1.9814E+02  4.7015E-01  1.2339E-01
  1.9849E+02  4.6995E-01  1.2356E-01
  1.9883E+02  4.6975E-01  1.2372E-01
  1.9918E+02  4.6954E-01  1.2388E-01
  1.9952E+02  4.6934E-01  1.2404E-01
  1.9986E+02  4.6913E-01  1.2420E-01
  2.0021E+02  4.6892E-01  1.2436E-01
  2.0055E+02  4.6871E-01  1.2452E-01
  2.0090E+02  4.6851E-01  1.2468E-01
  2.0124E+02  4.6830E-01  1.2484E-01
  2.0158E+02  4.6809E-01  1.2501E-01
  2.0193E+02  4.6788E-01  1.2517E-01
  2.0227E+02  4.6768E-01  1.2533E-01
  2.0262E+02  4.6747E-01  1.2549E-01
  2.0296E+02  4.6726E-01  1.2565E-01
  2.0330E+02  4.6706E-01  1.2581E-01
  2.0365E+02  4.6685E-01  1.2598E-01
  2.0399E+02  4.6664E-01  1.2614E-01
  2.0434E+02  4.6643E-01  1.2630E-01
  2.0468E+02  4.6622E-01  1.2646E-01
  2.0502E+02  4.6601E-01  1.2662E-01
  2.0537E+02  4.6581E-01  1.2678E-01
  2.0571E+02  4.6560E-01  1.2694E-01
  2.0606E+02  4.6539E-01  1.2710E-01
  2.0640E+02  4.6517E-01  1.2726E-01
  2.0674E+02  4.6496E-01  1.2742E-01
  2.0709E+02  4.6475E-01  1.2758E-01
  2.0743E+02  4.6454E-01  1.2774E-01
  2.0778E+02  4.6433E-01  1.2790E-01
  2.0812E+02  4.6412E-01  1.2806E-01
  2.0846E+02  4.6391E-01  1.2823E-01
  2.0881E+02  4.6370E-01  1.2839E-01
  2.0915E+02  4.6348E-01  1.2855E-01
  2.0950E+02  4.6327E-01  1.2871E-01
  2.0984E+02  4.6306E-01  1.2887E-01
  2.1018E+02  4.6285E-01  1.2903E-01
  2.1053E+02  4.6264E-01  1.2919E-01
  2.1087E+02  4.6243E-01  1.2935E-01
  2.1122E+02  4.6221E-01  1.2951E-01
  2.1156E+02  4.6200E-01  1.2967E-01
  2.1190E+02  4.6179E-01  1.2983E-01
  2.1225E+02  4.6158E-01  1.2999E-01
  2.1259E+02  4.6137E-01  1.3015E-01
  2.1294E+02  4.6116E-01  1.3031E-01
  2.1328E+02  4.6095E-01  1.3047E-01
  2.1362E+02  4.6074E-01  1.3063E-01
  2.1397E+02  4.6053E-01  1.3079E-01
  2.1431E+02  4.6032E-01  1.3094E-01
  2.1466E+02  4.6011E-01  1.3110E-01
  2.1500E+02  4.5990E-01  1.3126E-01
  2.1534E+02  4.5969E-01  1.3142E-01
  2.1569E+02  4.5949E-01  1.3158E-01
  2.1603E+02  4.5928E-01  1.3174E-01
  2.1638E+02  4.5907E-01  1.3190E-01
  2.1672E+02  4.5887E-01  1.3206E-01
  2.1706E+02  4.5866E-01  1.3222E-01
  2.1741E+02  4.5846E-01  1.3238E-01
  2.1775E+02  4.5825E-01  1.3253E-01
  2.1810E+02  4.5805E-01  1.3269E-01
  2.1844E+02  4.5784E-01  1.3285E-01
  2.1878E+02  4.5764E-01  1.3301E-01
  2.1913E+02  4.5744E-01  1.3317E-01
  2.1947E+02  4.5724E-01  1.3332E-01
  2.1982E+02  4.5703E-01  1.3348E-01
  2.2016E+02  4.5683E-01  1.3364E-01
  2.2050E+02  4.5663E-01  1.3380E-01
  2.2085E+02  4.5643E-01  1.3395E-01
  2.2119E+02  4.5623E-01  1.3411E-01
  2.2154E+02  4.5603E-01  1.3426E-01
  2.2188E+02  4.5583E-01  1.3442E-01
  2.2222E+02  4.5563E-01  1.3457E-01
  2.2257E+02  4.5543E-01  1.3473E-01
  2.2291E+02  4.5523E-01  1.3488E-01
  2.2326E+02  4.5503E-01  1.3504E-01
  2.2360E+02  4.5483E-01  1.3519E-01
  2.2394E+02  4.5463E-01  1.3535E-01
  2.2429E+02  4.5443E-01  1.3550E-01
  2.2463E+02  4.5423E-01  1.3565E-01
  2.2498E+02  4.5403E-01  1.3581E-01
  2.2532E+02  4.5383E-01  1.3596E-01
  2.2566E+02  4.5364E-01  1.3611E-01
  2.2601E+02  4.5344E-01  1.3626E-01
  2.2635E+02  4.5324E-01  1.3642E-01
  2.2670E+02  4.5304E-01  1.3657E-01
  2.2704E+02  4.5284E-01  1.3672E-01
  2.2738E+02  4.5264E-01  1.3687E-01
  2.2773E+02  4.5244E-01  1.3702E-01
  2.2807E+02  4.5224E-01  1.3717E-01
  2.2842E+02  4.5204E-01  1.3733E-01
  2.2876E+02  4.5185E-01  1.3748E-01
  2.2910E+02  4.5165E-01  1.3763E-01
  2.2945E+02  4.5145E-01  1.3778E-01
  2.2979E+02  4.5125E-01  1.3793E-01
  2.3014E+02  4.5105E-01  1.3808E-01
  2.3048E+02  4.5085E-01  1.3823E-01
  2.3082E+02  4.5065E-01  1.3838E-01
  2.3117E+02  4.5045E-01  1.3853E-01
  2.3151E+02  4.5025E-01  1.3868E-01
  2.3186E+02  4.5005E-01  1.3883E-01
  2.3220E+02  4.4985E-01  1.3898E-01
  2.3254E+02  4.4964E-01  1.3913E-01
  2.3289E+02  4.4944E-01  1.3928E-01
  2.3323E+02  4.4924E-01  1.3943E-01
  2.3358E+02  4.4904E-01  1.3958E-01
  2.3392E+02  4.4884E-01  1.3973E-01
  2.3426E+02  4.4864E-01  1.3988E-01
  2.3461E+02  4.4843E-01  1.4003E-01
  2.3495E+02  4.4823E-01  1.4017E-01
  2.3530E+02  4.4803E-01  1.4032E-01
  2.3564E+02  4.4783E-01  1.4047E-01
  2.3598E+02  4.4762E-01  1.4063E-01
  2.3633E+02  4.4742E-01  1.4078E-01
  2.3667E+02  4.4722E-01  1.4093E-01
  2.3702E+02  4.4701E-01  1.4108E-01
  2.3736E+02  4.4681E-01  1.4123E-01
  2.3770E+02  4.4661E-01  1.4138E-01
  2.3805E+02  4.4640E-01  1.4153E-01
  2.3839E+02  4.4620E-01  1.4168E-01
  2.3874E+02  4.4599E-01  1.4183E-01
  2.3908E+02  4.4579E-01  1.4197E-01
  2.3942E+02  4.4558E-01  1.4212E-01
  2.3977E+02  4.4538E-01  1.4227E-01
  2.4011E+02  4.4517E-01  1.4242E-01
  2.4046E+02  4.4496E-01  1.4257E-01
  2.4080E+02  4.4476E-01  1.4272E-01
  2.4114E+02  4.4455E-01  1.4287E-01
  2.4149E+02  4.4435E-01  1.4302E-01
  2.4183E+02  4.4414E-01  1.4316E-01
  2.4218E+02  4.4394E-01  1.4331E-01
  2.4252E+02  4.4373E-01  1.4346E-01
  2.4286E+02  4.4352E-01  1.4361E-01
  2.4321E+02  4.4332E-01  1.4376E-01
  2.4355E+02  4.4311E-01  1.4391E-01
  2.4390E+02  4.4291E-01  1.4406E-01
  2.4424E+02  4.4270E-01  1.4421E-01
  2.4458E+02  4.4250E-01  1.4435E-01
  2.4493E+02  4.4229E-01  1.4450E-01
  2.4527E+02  4.4209E-01  1.4465E-01
  2.4562E+02  4.4188E-01  1.4480E-01
  2.4596E+02  4.4168E-01  1.4495E-01
  2.4630E+02  4.4147E-01  1.4509E-01
  2.4665E+02  4.4127E-01  1.4524E-01
  2.4699E+02  4.4106E-01  1.4539E-01
  2.4734E+02  4.4086E-01  1.4553E-01
  2.4768E+02  4.4065E-01  1.4568E-01
  2.4802E+02  4.4045E-01  1.4583E-01
  2.4837E+02  4.4024E-01  1.4597E-01
  2.4871E+02  4.4004E-01  1.4612E-01
  2.4906E+02  4.3984E-01  1.4626E-01
  2.4940E+02  4.3963E-01  1.4641E-01
  2.4974E+02  4.3943E-01  1.4655E-01
  2.5009E+02  4.3923E-01  1.4670E-01
  2.5043E+02  4.3902E-01  1.4684E-01
  2.5078E+02  4.3882E-01  1.4698E-01
  2.5112E+02  4.3862E-01  1.4713E-01
  2.5146E+02  4.3842E-01  1.4727E-01
  2.5181E+02  4.3822E-01  1.4741E-01
  2.5215E+02  4.3801E-01  1.4756E-01
  2.5250E+02  4.3781E-01  1.4770E-01
  2.5284E+02  4.3761E-01  1.4784E-01
  2.5318E+02  4.3741E-01  1.4798E-01
  2.5353E+02  4.3721E-01  1.4812E-01
  2.5387E+02  4.3701E-01  1.4826E-01
  2.5422E+02  4.3681E-01  1.4840E-01
  2.5456E+02  4.3661E-01  1.4854E-01
  2.5490E+02  4.3641E-01  1.4868E-01
  2.5525E+02  4.3621E-01  1.4882E-01
  2.5559E+02  4.3601E-01  1.4896E-01
  2.5594E+02  4.3581E-01  1.4910E-01
  2.5628E+02  4.3561E-01  1.4924E-01
  2.5662E+02  4.3542E-01  1.4938E-01
  2.5697E+02  4.3522E-01  1.4952E-01
  2.5731E+02  4.3502E-01  1.4966E-01
  2.5766E+02  4.3482E-01  1.4979E-01
  2.5800E+02  4.3462E-01  1.4993E-01
  2.5834E+02  4.3443E-01  1.5007E-01
  2.5869E+02  4.3423E-01  1.5020E-01
  2.5903E+02  4.3403E-01  1.5034E-01
  2.5938E+02  4.3383E-01  1.5048E-01
  2.5972E+02  4.3364E-01  1.5061E-01
  2.6006E+02  4.3344E-01  1.5075E-01
  2.6041E+02  4.3324E-01  1.5089E-01
  2.6075E+02  4.3305E-01  1.5102E-01
  2.6110E+02  4.3285E-01  1.5116E-01
  2.6144E+02  4.3266E-01  1.5129E-01
  2.6178E+02  4.3246E-01  1.5143E-01
  2.6213E+02  4.3227E-01  1.5156E-01
  2.6247E+02  4.3207E-01  1.5170E-01
  2.6282E+02  4.3188E-01  1.5184E-01
  2.6316E+02  4.3168E-01  1.5197E-01
  2.6350E+02  4.3149E-01  1.5211E-01
  2.6385E+02  4.3129E-01  1.5224E-01
  2.6419E+02  4.3110E-01  1.5238E-01
  2.6454E+02  4.3091E-01  1.5251E-01
  2.6488E+02  4.3071E-01  1.5265E-01
  2.6522E+02  4.3052E-01  1.5278E-01
  2.6557E+02  4.3032E-01  1.5292E-01
  2.6591E+02  4.3013E-01  1.5305E-01
  2.6626E+02  4.2994E-01  1.5319E-01
  2.6660E+02  4.2974E-01  1.5332E-01
  2.6694E+02  4.2955E-01  1.5346E-01
  2.6729E+02  4.2936E-01  1.5359E-01
  2.6763E+02  4.2916E-01  1.5373E-01
  2.6798E+02  4.2897E-01  1.5386E-01
  2.6832E+02  4.2878E-01  1.5399E-01
  2.6866E+02  4.2858E-01  1.5413E-01
  2.6901E+02  4.2839E-01  1.5426E-01
  2.6935E+02  4.2820E-01  1.5440E-01
  2.6970E+02  4.2800E-01  1.5453E-01
  2.7004E+02  4.2781E-01  1.5467E-01
  2.7038E+02  4.2762E-01  1.5480E-01
  2.7073E+02  4.2742E-01  1.5494E-01
  2.7107E+02  4.2723E-01  1.5507E-01
  2.7142E+02  4.2703E-01  1.5521E-01
  2.7176E+02  4.2684E-01  1.5534E-01
  2.7210E+02  4.2665E-01  1.5547E-01
  2.7245E+02  4.2645E-01  1.5561E-01
  2.7279E+02  4.2626E-01  1.5574E-01
  2.7314E+02  4.2606E-01  1.5588E-01
  2.7348E+02  4.2587E-01  1.5601E-01
  2.7382E+02  4.2567E-01  1.5614E-01
  2.7417E+02  4.2548E-01  1.5628E-01
  2.7451E+02  4.2528E-01  1.5641E-01
  2.7486E+02  4.2509E-01  1.5655E-01
  2.7520E+02  4.2489E-01  1.5668E-01
  2.7554E+02  4.2469E-01  1.5681E-01
  2.7589E+02  4.2450E-01  1.5694E-01
  2.7623E+02  4.2430E-01  1.5708E-01
  2.7658E+02  4.2411E-01  1.5721E-01
  2.7692E+02  4.2391E-01  1.5734E-01
  2.7726E+02  4.2371E-01  1.5747E-01
  2.7761E+02  4.2352E-01  1.5761E-01
  2.7795E+02  4.2332E-01  1.5774E-01
  2.7830E+02  4.2312E-01  1.5787E-01
  2.7864E+02  4.2293E-01  1.5800E-01
  2.7898E+02  4.2273E-01  1.5813E-01
  2.7933E+02  4.2253E-01  1.5826E-01
  2.7967E+02  4.2233E-01  1.5839E-01
  2.8002E+02  4.2214E-01  1.5852E-01
  2.8036E+02  4.2194E-01  1.5865E-01
  2.8070E+02  4.2174E-01  1.5878E-01
  2.8105E+02  4.2154E-01  1.5891E-01
  2.8139E+02  4.2135E-01  1.5904E-01
  2.8174E+02  4.2115E-01  1.5917E-01
  2.8208E+02  4.2095E-01  1.5930E-01
  2.8242E+02  4.2075E-01  1.5943E-01
  2.8277E+02  4.2055E-01  1.5956E-01
  2.8311E+02  4.2036E-01  1.5968E-01
  2.8346E+02  4.2016E-01  1.5981E-01
  2.8380E+02  4.1996E-01  1.5994E-01
  2.8414E+02  4.1976E-01  1.6007E-01
  2.8449E+02  4.1956E-01  1.6019E-01
  2.8483E+02  4.1936E-01  1.6032E-01
  2.8518E+02  4.1916E-01  1.6045E-01
  2.8552E+02  4.1896E-01  1.6057E-01
  2.8586E+02  4.1877E-01  1.6070E-01
  2.8621E+02  4.1857E-01  1.6082E-01
  2.8655E+02  4.1837E-01  1.6095E-01
  2.8690E+02  4.1817E-01  1.6107E-01
  2.8724E+02  4.1797E-01  1.6120E-01
  2.8758E+02  4.1777E-01  1.6132E-01
  2.8793E+02  4.1757E-01  1.6145E-01
  2.8827E+02  4.1737E-01  1.6157E-01
  2.8862E+02  4.1717E-01  1.6170E-01
  2.8896E+02  4.1697E-01  1.6182E-01
  2.8930E+02  4.1677E-01  1.6195E-01
  2.8965E+02  4.1657E-01  1.6207E-01
  2.8999E+02  4.1637E-01  1.6219E-01
  2.9034E+02  4.1617E-01  1.6232E-01
  2.9068E+02  4.1597E-01  1.6244E-01
  2.9102E+02  4.1577E-01  1.6256E-01
  2.9137E+02  4.1556E-01  1.6268E-01
  2.9171E+02  4.1536E-01  1.6281E-01
  2.9206E+02  4.1516E-01  1.6293E-01
  2.9240E+02  4.1496E-01  1.6305E-01
  2.9274E+02  4.1476E-01  1.6317E-01
  2.9309E+02  4.1456E-01  1.6329E-01
  2.9343E+02  4.1436E-01  1.6342E-01
  2.9378E+02  4.1416E-01  1.6354E-01
  2.9412E+02  4.1396E-01  1.6366E-01
  2.9446E+02  4.1375E-01  1.6378E-01
  2.9481E+02  4.1355E-01  1.6390E-01
  2.9515E+02  4.1335E-01  1.6402E-01
  2.9550E+02  4.1315E-01  1.6414E-01
  2.9584E+02  4.1295E-01  1.6426E-01
  2.9618E+02  4.1275E-01  1.6438E-01
  2.9653E+02  4.1255E-01  1.6450E-01
  2.9687E+02  4.1234E-01  1.6463E-01
  2.9722E+02  4.1214E-01  1.6475E-01
  2.9756E+02  4.1194E-01  1.6487E-01
  2.9790E+02  4.1174E-01  1.6499E-01
  2.9825E+02  4.1154E-01  1.6511E-01
  2.9859E+02  4.1134E-01  1.6523E-01
  2.9894E+02  4.1114E-01  1.6535E-01
  2.9928E+02  4.1093E-01  1.6547E-01
  2.9962E+02  4.1073E-01  1.6559E-01
  2.9997E+02  4.1053E-01  1.6571E-01
  3.0031E+02  4.1033E-01  1.6582E-01
  3.0066E+02  4.1013E-01  1.6594E-01
  3.0100E+02  4.0993E-01  1.6606E-01
  3.0134E+02  4.0972E-01  1.6618E-01
  3.0169E+02  4.0952E-01  1.6630E-01
  3.0203E+02  4.0932E-01  1.6642E-01
  3.0238E+02  4.0912E-01  1.6654E-01
  3.0272E+02  4.0892E-01  1.6666E-01
  3.0306E+02  4.0872E-01  1.6678E-01
  3.0341E+02  4.0852E-01  1.6690E-01
  3.0375E+02  4.0832E-01  1.6702E-01
  3.0410E+02  4.0812E-01  1.6713E-01
  3.0444E+02  4.0791E-01  1.6725E-01
  3.0478E+02  4.0771E-01  1.6737E-01
  3.0513E+02  4.0751E-01  1.6749E-01
  3.0547E+02  4.0731E-01  1.6761E-01
  3.0582E+02  4.0711E-01  1.6772E-01
  3.0616E+02  4.0691E-01  1.6784E-01
  3.0650E+02  4.0671E-01  1.6796E-01
  3.0685E+02  4.0651E-01  1.6808E-01
  3.0719E+02  4.0631E-01  1.6820E-01
  3.0754E+02  4.0611E-01  1.6831E-01
  3.0788E+02  4.0591E-01  1.6843E-01
  3.0822E+02  4.0571E-01  1.6855E-01
  3.0857E+02  4.0551E-01  1.6866E-01
  3.0891E+02  4.0531E-01  1.6878E-01
  3.0926E+02  4.0511E-01  1.6890E-01
  3.0960E+02  4.0491E-01  1.6901E-01
  3.0994E+02  4.0471E-01  1.6913E-01
  3.1029E+02  4.0451E-01  1.6925E-01
  3.1063E+02  4.0431E-01  1.6936E-01
  3.1098E+02  4.0411E-01  1.6948E-01
  3.1132E+02  4.0391E-01  1.6959E-01
  3.1166E+02  4.0371E-01  1.6971E-01
  3.1201E+02  4.0351E-01  1.6982E-01
  3.1235E+02  4.0331E-01  1.6994E-01
  3.1270E+02  4.0311E-01  1.7005E-01
  3.1304E+02  4.0291E-01  1.7017E-01
  3.1338E+02  4.0272E-01  1.7028E-01
  3.1373E+02  4.0252E-01  1.7040E-01
  3.1407E+02  4.0232E-01  1.7051E-01
  3.1442E+02  4.0212E-01  1.7063E-01
  3.1476E+02  4.0192E-01  1.7074E-01
  3.1510E+02  4.0172E-01  1.7085E-01
  3.1545E+02  4.0152E-01  1.7097E-01
  3.1579E+02  4.0133E-01  1.7108E-01
  3.1614E+02  4.0113E-01  1.7119E-01
  3.1648E+02  4.0093E-01  1.7131E-01
  3.1682E+02  4.0073E-01  1.7142E-01
  3.1717E+02  4.0053E-01  1.7153E-01
  3.1751E+02  4.0033E-01  1.7164E-01
  3.1786E+02  4.0013E-01  1.7176E-01
  3.1820E+02  3.9994E-01  1.7187E-01
  3.1854E+02  3.9974E-01  1.7198E-01
  3.1889E+02  3.9954E-01  1.7209E-01
  3.1923E+02  3.9934E-01  1.7220E-01
  3.1958E+02  3.9914E-01  1.7232E-01
  3.1992E+02  3.9894E-01  1.7243E-01
  3.2026E+02  3.9875E-01  1.7254E-01
  3.2061E+02  3.9855E-01  1.7265E-01
  3.2095E+02  3.9835E-01  1.7276E-01
  3.2130E+02  3.9815E-01  1.7287E-01
  3.2164E+02  3.9795E-01  1.7298E-01
  3.2198E+02  3.9776E-01  1.7309E-01
  3.2233E+02  3.9756E-01  1.7320E-01
  3.2267E+02  3.9736E-01  1.7331E-01
  3.2302E+02  3.9716E-01  1.7342E-01
  3.2336E+02  3.9696E-01  1.7353E-01
  3.2370E+02  3.9676E-01  1.7364E-01
  3.2405E+02  3.9657E-01  1.7375E-01
  3.2439E+02  3.9637E-01  1.7386E-01
  3.2474E+02  3.9617E-01  1.7397E-01
  3.2508E+02  3.9597E-01  1.7408E-01
  3.2542E+02  3.9577E-01  1.7418E-01
  3.2577E+02  3.9558E-01  1.7429E-01
  3.2611E+02  3.9538E-01  1.7440E-01
  3.2646E+02  3.9518E-01  1.7451E-01
  3.2680E+02  3.9498E-01  1.7462E-01
  3.2714E+02  3.9478E-01  1.7473E-01
  3.2749E+02  3.9459E-01  1.7483E-01
  3.2783E+02  3.9439E-01  1.7494E-01
  3.2818E+02  3.9419E-01  1.7505E-01
  3.2852E+02  3.9399E-01  1.7516E-01
  3.2886E+02  3.9379E-01  1.7526E-01
  3.2921E+02  3.9360E-01  1.7537E-01
  3.2955E+02  3.9340E-01  1.7548E-01
  3.2990E+02  3.9320E-01  1.7559E-01
  3.3024E+02  3.9300E-01  1.7569E-01
  3.3058E+02  3.9281E-01  1.7580E-01
  3.3093E+02  3.9261E-01  1.7591E-01
  3.3127E+02  3.9241E-01  1.7601E-01
  3.3162E+02  3.9221E-01  1.7612E-01
  3.3196E+02  3.9201E-01  1.7622E-01
  3.3230E+02  3.9182E-01  1.7633E-01
  3.3265E+02  3.9162E-01  1.7644E-01
  3.3299E+02  3.9142E-01  1.7654E-01
  3.3334E+02  3.9122E-01  1.7665E-01
  3.3368E+02  3.9103E-01  1.7675E-01
  3.3402E+02  3.9083E-01  1.7686E-01
  3.3437E+02  3.9063E-01  1.7697E-01
  3.3471E+02  3.9043E-01  1.7707E-01
  3.3506E+02  3.9024E-01  1.7718E-01
  3.3540E+02  3.9004E-01  1.7728E-01
  3.3574E+02  3.8984E-01  1.7739E-01
  3.3609E+02  3.8965E-01  1.7749E-01
  3.3643E+02  3.8945E-01  1.7759E-01
  3.3678E+02  3.8925E-01  1.7770E-01
  3.3712E+02  3.8905E-01  1.7780E-01
  3.3746E+02  3.8886E-01  1.7791E-01
  3.3781E+02  3.8866E-01  1.7801E-01
  3.3815E+02  3.8846E-01  1.7812E-01
  3.3850E+02  3.8826E-01  1.7822E-01
  3.3884E+02  3.8807E-01  1.7832E-01
  3.3918E+02  3.8787E-01  1.7843E-01
  3.3953E+02  3.8767E-01  1.7853E-01
  3.3987E+02  3.8747E-01  1.7863E-01
  3.4022E+02  3.8728E-01  1.7874E-01
  3.4056E+02  3.8708E-01  1.7884E-01
  3.4090E+02  3.8688E-01  1.7894E-01
  3.4125E+02  3.8668E-01  1.7905E-01
  3.4159E+02  3.8649E-01  1.7915E-01
  3.4194E+02  3.8629E-01  1.7925E-01
  3.4228E+02  3.8609E-01  1.7935E-01
  3.4262E+02  3.8589E-01  1.7945E-01
  3.4297E+02  3.8570E-01  1.7956E-01
  3.4331E+02  3.8550E-01  1.7966E-01
  3.4366E+02  3.8530E-01  1.7976E-01
  3.4400E+02  3.8510E-01  1.7986E-01
  3.4434E+02  3.8491E-01  1.7996E-01
  3.4469E+02  3.8471E-01  1.8006E-01
  3.4503E+02  3.8451E-01  1.8016E-01
  3.4538E+02  3.8431E-01  1.8027E-01
  3.4572E+02  3.8412E-01  1.8037E-01
  3.4606E+02  3.8392E-01  1.8047E-01
  3.4641E+02  3.8372E-01  1.8057E-01
  3.4675E+02  3.8352E-01  1.8067E-01
  3.4710E+02  3.8333E-01  1.8077E-01
  3.4744E+02  3.8313E-01  1.8087E-01
  3.4778E+02  3.8293E-01  1.8097E-01
  3.4813E+02  3.8273E-01  1.8107E-01
  3.4847E+02  3.8253E-01  1.8117E-01
  3.4882E+02  3.8234E-01  1.8127E-01
  3.4916E+02  3.8214E-01  1.8136E-01
  3.4950E+02  3.8194E-01  1.8146E-01
  3.4985E+02  3.8174E-01  1.8156E-01
  3.5019E+02  3.8155E-01  1.8166E-01
  3.5054E+02  3.8135E-01  1.8176E-01
  3.5088E+02  3.8115E-01  1.8186E-01
  3.5122E+02  3.8095E-01  1.8196E-01
  3.5157E+02  3.8076E-01  1.8205E-01
  3.5191E+02  3.8056E-01  1.8215E-01
  3.5226E+02  3.8036E-01  1.8225E-01
  3.5260E+02  3.8016E-01  1.8235E-01
  3.5294E+02  3.7997E-01  1.8244E-01
  3.5329E+02  3.7977E-01  1.8254E-01
  3.5363E+02  3.7957E-01  1.8264E-01
  3.5398E+02  3.7937E-01  1.8274E-01
  3.5432E+02  3.7918E-01  1.8283E-01
  3.5466E+02  3.7898E-01  1.8293E-01
  3.5501E+02  3.7878E-01  1.8303E-01
  3.5535E+02  3.7859E-01  1.8312E-01
  3.5570E+02  3.7839E-01  1.8322E-01
  3.5604E+02  3.7819E-01  1.8331E-01
  3.5638E+02  3.7799E-01  1.8341E-01
  3.5673E+02  3.7780E-01  1.8351E-01
  3.5707E+02  3.7760E-01  1.8360E-01
  3.5742E+02  3.7740E-01  1.8370E-01
  3.5776E+02  3.7721E-01  1.8379E-01
  3.5810E+02  3.7701E-01  1.8389E-01
  3.5845E+02  3.7681E-01  1.8398E-01
  3.5879E+02  3.7662E-01  1.8408E-01
  3.5914E+02  3.7642E-01  1.8417E-01
  3.5948E+02  3.7622E-01  1.8427E-01
  3.5982E+02  3.7603E-01  1.8436E-01
  3.6017E+02  3.7583E-01  1.8446E-01
  3.6051E+02  3.7563E-01  1.8455E-01
  3.6086E+02  3.7544E-01  1.8464E-01
  3.6120E+02  3.7524E-01  1.8474E-01
  3.6154E+02  3.7504E-01  1.8483E-01
  3.6189E+02  3.7485E-01  1.8493E-01
  3.6223E+02  3.7465E-01  1.8502E-01
  3.6258E+02  3.7446E-01  1.8511E-01
  3.6292E+02  3.7426E-01  1.8521E-01
  3.6326E+02  3.7407E-01  1.8530E-01
  3.6361E+02  3.7387E-01  1.8539E-01
  3.6395E+02  3.7367E-01  1.8549E-01
  3.6430E+02  3.7348E-01  1.8558E-01
  3.6464E+02  3.7328E-01  1.8567E-01
  3.6498E+02  3.7309E-01  1.8576E-01
  3.6533E+02  3.7289E-01  1.8586E-01
  3.6567E+02  3.7270E-01  1.8595E-01
  3.6602E+02  3.7250E-01  1.8604E-01
  3.6636E+02  3.7231E-01  1.8613E-01
  3.6670E+02  3.7211E-01  1.8622E-01
  3.6705E+02  3.7192E-01  1.8632E-01
  3.6739E+02  3.7172E-01  1.8641E-01
  3.6774E+02  3.7153E-01  1.8650E-01
  3.6808E+02  3.7133E-01  1.8659E-01
  3.6842E+02  3.7114E-01  1.8668E-01
  3.6877E+02  3.7095E-01  1.8677E-01
  3.6911E+02  3.7075E-01  1.8686E-01
  3.6946E+02  3.7056E-01  1.8695E-01
  3.6980E+02  3.7036E-01  1.8704E-01
  3.7014E+02  3.7017E-01  1.8714E-01
  3.7049E+02  3.6998E-01  1.8723E-01
  3.7083E+02  3.6978E-01  1.8732E-01
  3.7118E+02  3.6959E-01  1.8741E-01
  3.7152E+02  3.6940E-01  1.8750E-01
  3.7186E+02  3.6920E-01  1.8759E-01
  3.7221E+02  3.6901E-01  1.8768E-01
  3.7255E+02  3.6882E-01  1.8776E-01
  3.7290E+02  3.6863E-01  1.8785E-01
  3.7324E+02  3.6843E-01  1.8794E-01
  3.7358E+02  3.6824E-01  1.8803E-01
  3.7393E+02  3.6805E-01  1.8812E-01
  3.7427E+02  3.6785E-01  1.8821E-01
  3.7462E+02  3.6766E-01  1.8830E-01
  3.7496E+02  3.6747E-01  1.8839E-01
  3.7530E+02  3.6728E-01  1.8848E-01
  3.7565E+02  3.6709E-01  1.8856E-01
  3.7599E+02  3.6689E-01  1.8865E-01
  3.7634E+02  3.6670E-01  1.8874E-01
  3.7668E+02  3.6651E-01  1.8883E-01
  3.7702E+02  3.6632E-01  1.8892E-01
  3.7737E+02  3.6613E-01  1.8900E-01
  3.7771E+02  3.6593E-01  1.8909E-01
  3.7806E+02  3.6574E-01  1.8918E-01
  3.7840E+02  3.6555E-01  1.8927E-01
  3.7874E+02  3.6536E-01  1.8935E-01
  3.7909E+02  3.6517E-01  1.8944E-01
  3.7943E+02  3.6498E-01  1.8953E-01
  3.7978E+02  3.6479E-01  1.8961E-01
  3.8012E+02  3.6460E-01  1.8970E-01
  3.8046E+02  3.6441E-01  1.8978E-01
  3.8081E+02  3.6421E-01  1.8987E-01
  3.8115E+02  3.6402E-01  1.8996E-01
  3.8150E+02  3.6383E-01  1.9004E-01
  3.8184E+02  3.6364E-01  1.9013E-01
  3.8218E+02  3.6345E-01  1.9021E-01
  3.8253E+02  3.6326E-01  1.9030E-01
  3.8287E+02  3.6307E-01  1.9038E-01
  3.8322E+02  3.6288E-01  1.9047E-01
  3.8356E+02  3.6269E-01  1.9055E-01
  3.8390E+02  3.6250E-01  1.9064E-01
  3.8425E+02  3.6231E-01  1.9072E-01
  3.8459E+02  3.6212E-01  1.9081E-01
  3.8494E+02  3.6193E-01  1.9089E-01
  3.8528E+02  3.6173E-01  1.9098E-01
  3.8562E+02  3.6154E-01  1.9106E-01
  3.8597E+02  3.6135E-01  1.9115E-01
  3.8631E+02  3.6116E-01  1.9123E-01
  3.8666E+02  3.6097E-01  1.9131E-01
  3.8700E+02  3.6078E-01  1.9140E-01
  3.8734E+02  3.6059E-01  1.9148E-01
  3.8769E+02  3.6040E-01  1.9156E-01
  3.8803E+02  3.6021E-01  1.9165E-01
  3.8838E+02  3.6002E-01  1.9173E-01
  3.8872E+02  3.5983E-01  1.9181E-01
  3.8906E+02  3.5964E-01  1.9190E-01
  3.8941E+02  3.5945E-01  1.9198E-01
  3.8975E+02  3.5926E-01  1.9206E-01
  3.9010E+02  3.5907E-01  1.9214E-01
  3.9044E+02  3.5888E-01  1.9222E-01
  3.9078E+02  3.5868E-01  1.9231E-01
  3.9113E+02  3.5849E-01  1.9239E-01
  3.9147E+02  3.5830E-01  1.9247E-01
  3.9182E+02  3.5811E-01  1.9255E-01
  3.9216E+02  3.5792E-01  1.9263E-01
  3.9250E+02  3.5773E-01  1.9271E-01
  3.9285E+02  3.5754E-01  1.9280E-01
  3.9319E+02  3.5735E-01  1.9288E-01
  3.9354E+02  3.5716E-01  1.9296E-01
  3.9388E+02  3.5697E-01  1.9304E-01
  3.9422E+02  3.5678E-01  1.9312E-01
  3.9457E+02  3.5659E-01  1.9320E-01
  3.9491E+02  3.5640E-01  1.9328E-01
  3.9526E+02  3.5620E-01  1.9336E-01
  3.9560E+02  3.5601E-01  1.9344E-01
  3.9594E+02  3.5582E-01  1.9352E-01
  3.9629E+02  3.5563E-01  1.9360E-01
  3.9663E+02  3.5544E-01  1.9368E-01
  3.9698E+02  3.5525E-01  1.9376E-01
  3.9732E+02  3.5506E-01  1.9384E-01
  3.9766E+02  3.5487E-01  1.9392E-01
  3.9801E+02  3.5468E-01  1.9400E-01
  3.9835E+02  3.5449E-01  1.9408E-01
  3.9870E+02  3.5430E-01  1.9416E-01
  3.9904E+02  3.5411E-01  1.9423E-01
  3.9938E+02  3.5392E-01  1.9431E-01
  3.9973E+02  3.5373E-01  1.9439E-01
  4.0007E+02  3.5353E-01  1.9447E-01
  4.0042E+02  3.5334E-01  1.9455E-01
  4.0076E+02  3.5315E-01  1.9463E-01
  4.0110E+02  3.5296E-01  1.9470E-01
  4.0145E+02  3.5277E-01  1.9478E-01
  4.0179E+02  3.5258E-01  1.9486E-01
  4.0214E+02  3.5239E-01  1.9494E-01
  4.0248E+02  3.5220E-01  1.9502E-01
  4.0282E+02  3.5201E-01  1.9509E-01
  4.0317E+02  3.5182E-01  1.9517E-01
  4.0351E+02  3.5163E-01  1.9525E-01
  4.0386E+02  3.5144E-01  1.9532E-01
  4.0420E+02  3.5125E-01  1.9540E-01
  4.0454E+02  3.5106E-01  1.9548E-01
  4.0489E+02  3.5086E-01  1.9555E-01
  4.0523E+02  3.5067E-01  1.9563E-01
  4.0558E+02  3.5048E-01  1.9571E-01
  4.0592E+02  3.5029E-01  1.9578E-01
  4.0626E+02  3.5010E-01  1.9586E-01
  4.0661E+02  3.4991E-01  1.9593E-01
  4.0695E+02  3.4972E-01  1.9601E-01
  4.0730E+02  3.4953E-01  1.9608E-01
  4.0764E+02  3.4934E-01  1.9616E-01
  4.0798E+02  3.4915E-01  1.9624E-01
  4.0833E+02  3.4896E-01  1.9631E-01
  4.0867E+02  3.4877E-01  1.9639E-01
  4.0902E+02  3.4858E-01  1.9646E-01
  4.0936E+02  3.4839E-01  1.9654E-01
  4.0970E+02  3.4820E-01  1.9661E-01
  4.1005E+02  3.4801E-01  1.9668E-01
  4.1039E+02  3.4782E-01  1.9676E-01
  4.1074E+02  3.4763E-01  1.9683E-01
  4.1108E+02  3.4744E-01  1.9691E-01
  4.1142E+02  3.4725E-01  1.9698E-01
  4.1177E+02  3.4706E-01  1.9706E-01
  4.1211E+02  3.4687E-01  1.9713E-01
  4.1246E+02  3.4668E-01  1.9720E-01
  4.1280E+02  3.4649E-01  1.9728E-01
  4.1314E+02  3.4630E-01  1.9735E-01
  4.1349E+02  3.4611E-01  1.9742E-01
  4.1383E+02  3.4592E-01  1.9750E-01
  4.1418E+02  3.4573E-01  1.9757E-01
  4.1452E+02  3.4554E-01  1.9764E-01
  4.1486E+02  3.4535E-01  1.9771E-01
  4.1521E+02  3.4516E-01  1.9779E-01
  4.1555E+02  3.4497E-01  1.9786E-01
  4.1590E+02  3.4478E-01  1.9793E-01
  4.1624E+02  3.4459E-01  1.9800E-01
  4.1658E+02  3.4440E-01  1.9808E-01
  4.1693E+02  3.4421E-01  1.9815E-01
  4.1727E+02  3.4402E-01  1.9822E-01
  4.1762E+02  3.4383E-01  1.9829E-01
  4.1796E+02  3.4364E-01  1.9836E-01
  4.1830E+02  3.4345E-01  1.9843E-01
  4.1865E+02  3.4326E-01  1.9851E-01
  4.1899E+02  3.4307E-01  1.9858E-01
  4.1934E+02  3.4288E-01  1.9865E-01
  4.1968E+02  3.4269E-01  1.9872E-01
  4.2002E+02  3.4250E-01  1.9879E-01
  4.2037E+02  3.4232E-01  1.9886E-01
  4.2071E+02  3.4213E-01  1.9893E-01
  4.2106E+02  3.4194E-01  1.9900E-01
  4.2140E+02  3.4175E-01  1.9907E-01
  4.2174E+02  3.4156E-01  1.9914E-01
  4.2209E+02  3.4137E-01  1.9921E-01
  4.2243E+02  3.4118E-01  1.9928E-01
  4.2278E+02  3.4099E-01  1.9935E-01
  4.2312E+02  3.4080E-01  1.9942E-01
  4.2346E+02  3.4061E-01  1.9949E-01
  4.2381E+02  3.4042E-01  1.9956E-01
  4.2415E+02  3.4023E-01  1.9963E-01
  4.2450E+02  3.4005E-01  1.9970E-01
  4.2484E+02  3.3986E-01  1.9976E-01
  4.2518E+02  3.3967E-01  1.9983E-01
  4.2553E+02  3.3948E-01  1.9990E-01
  4.2587E+02  3.3929E-01  1.9997E-01
  4.2622E+02  3.3910E-01  2.0004E-01
  4.2656E+02  3.3891E-01  2.0011E-01
  4.2690E+02  3.3873E-01  2.0017E-01
  4.2725E+02  3.3854E-01  2.0024E-01
  4.2759E+02  3.3835E-01  2.0031E-01
  4.2794E+02  3.3816E-01  2.0038E-01
  4.2828E+02  3.3797E-01  2.0044E-01
  4.2862E+02  3.3778E-01  2.0051E-01
  4.2897E+02  3.3760E-01  2.0058E-01
  4.2931E+02  3.3741E-01  2.0065E-01
  4.2966E+02  3.3722E-01  2.0071E-01
  4.3000E+02  3.3703E-01  2.0078E-01
  4.3034E+02  3.3684E-01  2.0085E-01
  4.3069E+02  3.3666E-01  2.0091E-01
  4.3103E+02  3.3647E-01  2.0098E-01
  4.3138E+02  3.3628E-01  2.0104E-01
  4.3172E+02  3.3609E-01  2.0111E-01
  4.3206E+02  3.3590E-01  2.0118E-01
  4.3241E+02  3.3572E-01  2.0124E-01
  4.3275E+02  3.3553E-01  2.0131E-01
  4.3310E+02  3.3534E-01  2.0137E-01
  4.3344E+02  3.3515E-01  2.0144E-01
  4.3378E+02  3.3497E-01  2.0150E-01
  4.3413E+02  3.3478E-01  2.0157E-01
  4.3447E+02  3.3459E-01  2.0164E-01
  4.3482E+02  3.3440E-01  2.0170E-01
  4.3516E+02  3.3422E-01  2.0176E-01
  4.3550E+02  3.3403E-01  2.0183E-01
  4.3585E+02  3.3384E-01  2.0189E-01
  4.3619E+02  3.3365E-01  2.0196E-01
  4.3654E+02  3.3347E-01  2.0202E-01
  4.3688E+02  3.3328E-01  2.0209E-01
  4.3722E+02  3.3309E-01  2.0215E-01
  4.3757E+02  3.3291E-01  2.0222E-01
  4.3791E+02  3.3272E-01  2.0228E-01
  4.3826E+02  3.3253E-01  2.0234E-01
  4.3860E+02  3.3234E-01  2.0241E-01
  4.3894E+02  3.3216E-01  2.0247E-01
  4.3929E+02  3.3197E-01  2.0253E-01
  4.3963E+02  3.3178E-01  2.0260E-01
  4.3998E+02  3.3160E-01  2.0266E-01
  4.4032E+02  3.3141E-01  2.0272E-01
  4.4066E+02  3.3122E-01  2.0279E-01
  4.4101E+02  3.3103E-01  2.0285E-01
  4.4135E+02  3.3085E-01  2.0291E-01
  4.4170E+02  3.3066E-01  2.0297E-01
  4.4204E+02  3.3047E-01  2.0304E-01
  4.4238E+02  3.3029E-01  2.0310E-01
  4.4273E+02  3.3010E-01  2.0316E-01
  4.4307E+02  3.2991E-01  2.0322E-01
  4.4342E+02  3.2973E-01  2.0329E-01
  4.4376E+02  3.2954E-01  2.0335E-01
  4.4410E+02  3.2935E-01  2.0341E-01
  4.4445E+02  3.2916E-01  2.0347E-01
  4.4479E+02  3.2898E-01  2.0353E-01
  4.4514E+02  3.2879E-01  2.0359E-01
  4.4548E+02  3.2860E-01  2.0366E-01
  4.4582E+02  3.2842E-01  2.0372E-01
  4.4617E+02  3.2823E-01  2.0378E-01
  4.4651E+02  3.2804E-01  2.0384E-01
  4.4686E+02  3.2785E-01  2.0390E-01
  4.4720E+02  3.2767E-01  2.0396E-01
  4.4754E+02  3.2748E-01  2.0402E-01
  4.4789E+02  3.2729E-01  2.0408E-01
  4.4823E+02  3.2711E-01  2.0414E-01
  4.4858E+02  3.2692E-01  2.0420E-01
  4.4892E+02  3.2673E-01  2.0426E-01
  4.4926E+02  3.2655E-01  2.0432E-01
  4.4961E+02  3.2636E-01  2.0438E-01
  4.4995E+02  3.2617E-01  2.0444E-01
  4.5030E+02  3.2598E-01  2.0450E-01
  4.5064E+02  3.2580E-01  2.0456E-01
  4.5098E+02  3.2561E-01  2.0462E-01
  4.5133E+02  3.2542E-01  2.0468E-01
  4.5167E+02  3.2524E-01  2.0474E-01
  4.5202E+02  3.2505E-01  2.0479E-01
  4.5236E+02  3.2486E-01  2.0485E-01
  4.5270E+02  3.2468E-01  2.0491E-01
  4.5305E+02  3.2449E-01  2.0497E-01
  4.5339E+02  3.2430E-01  2.0503E-01
  4.5374E+02  3.2411E-01  2.0509E-01
  4.5408E+02  3.2393E-01  2.0514E-01
  4.5442E+02  3.2374E-01  2.0520E-01
  4.5477E+02  3.2355E-01  2.0526E-01
  4.5511E+02  3.2337E-01  2.0532E-01
  4.5546E+02  3.2318E-01  2.0537E-01
  4.5580E+02  3.2300E-01  2.0543E-01
  4.5614E+02  3.2281E-01  2.0549E-01
  4.5649E+02  3.2262E-01  2.0554E-01
  4.5683E+02  3.2244E-01  2.0560E-01
  4.5718E+02  3.2225E-01  2.0566E-01
  4.5752E+02  3.2206E-01  2.0571E-01
  4.5786E+02  3.2188E-01  2.0577E-01
  4.5821E+02  3.2169E-01  2.0583E-01
  4.5855E+02  3.2150E-01  2.0588E-01
  4.5890E+02  3.2132E-01  2.0594E-01
  4.5924E+02  3.2113E-01  2.0600E-01
  4.5958E+02  3.2095E-01  2.0605E-01
  4.5993E+02  3.2076E-01  2.0611E-01
  4.6027E+02  3.2057E-01  2.0616E-01
  4.6062E+02  3.2039E-01  2.0622E-01
  4.6096E+02  3.2020E-01  2.0627E-01
  4.6130E+02  3.2002E-01  2.0633E-01
  4.6165E+02  3.1983E-01  2.0638E-01
  4.6199E+02  3.1965E-01  2.0644E-01
  4.6234E+02  3.1946E-01  2.0649E-01
  4.6268E+02  3.1927E-01  2.0655E-01
  4.6302E+02  3.1909E-01  2.0660E-01
  4.6337E+02  3.1890E-01  2.0666E-01
  4.6371E+02  3.1872E-01  2.0671E-01
  4.6406E+02  3.1853E-01  2.0677E-01
  4.6440E+02  3.1835E-01  2.0682E-01
  4.6474E+02  3.1816E-01  2.0687E-01
  4.6509E+02  3.1798E-01  2.0693E-01
  4.6543E+02  3.1779E-01  2.0698E-01
  4.6578E+02  3.1761E-01  2.0704E-01
  4.6612E+02  3.1742E-01  2.0709E-01
  4.6646E+02  3.1724E-01  2.0714E-01
  4.6681E+02  3.1705E-01  2.0720E-01
  4.6715E+02  3.1687E-01  2.0725E-01
  4.6750E+02  3.1668E-01  2.0730E-01
  4.6784E+02  3.1650E-01  2.0735E-01
  4.6818E+02  3.1631E-01  2.0741E-01
  4.6853E+02  3.1613E-01  2.0746E-01
  4.6887E+02  3.1594E-01  2.0751E-01
  4.6922E+02  3.1576E-01  2.0757E-01
  4.6956E+02  3.1557E-01  2.0762E-01
  4.6990E+02  3.1539E-01  2.0767E-01
  4.7025E+02  3.1520E-01  2.0772E-01
  4.7059E+02  3.1502E-01  2.0777E-01
  4.7094E+02  3.1484E-01  2.0783E-01
  4.7128E+02  3.1465E-01  2.0788E-01
  4.7162E+02  3.1447E-01  2.0793E-01
  4.7197E+02  3.1428E-01  2.0798E-01
  4.7231E+02  3.1410E-01  2.0803E-01
  4.7266E+02  3.1391E-01  2.0808E-01
  4.7300E+02  3.1373E-01  2.0814E-01
  4.7334E+02  3.1355E-01  2.0819E-01
  4.7369E+02  3.1336E-01  2.0824E-01
  4.7403E+02  3.1318E-01  2.0829E-01
  4.7438E+02  3.1299E-01  2.0834E-01
  4.7472E+02  3.1281E-01  2.0839E-01
  4.7506E+02  3.1263E-01  2.0844E-01
  4.7541E+02  3.1244E-01  2.0849E-01
  4.7575E+02  3.1226E-01  2.0854E-01
  4.7610E+02  3.1208E-01  2.0859E-01
  4.7644E+02  3.1189E-01  2.0864E-01
  4.7678E+02  3.1171E-01  2.0869E-01
  4.7713E+02  3.1153E-01  2.0874E-01
  4.7747E+02  3.1134E-01  2.0879E-01
  4.7782E+02  3.1116E-01  2.0884E-01
  4.7816E+02  3.1098E-01  2.0889E-01
  4.7850E+02  3.1079E-01  2.0894E-01
  4.7885E+02  3.1061E-01  2.0899E-01
  4.7919E+02  3.1043E-01  2.0904E-01
  4.7954E+02  3.1024E-01  2.0909E-01
  4.7988E+02  3.1006E-01  2.0914E-01
  4.8022E+02  3.0988E-01  2.0919E-01
  4.8057E+02  3.0969E-01  2.0923E-01
  4.8091E+02  3.0951E-01  2.0928E-01
  4.8126E+02  3.0933E-01  2.0933E-01
  4.8160E+02  3.0915E-01  2.0938E-01
  4.8194E+02  3.0896E-01  2.0943E-01
  4.8229E+02  3.0878E-01  2.0947E-01
  4.8263E+02  3.0860E-01  2.0952E-01
  4.8298E+02  3.0841E-01  2.0957E-01
  4.8332E+02  3.0823E-01  2.0962E-01
  4.8366E+02  3.0805E-01  2.0967E-01
  4.8401E+02  3.0787E-01  2.0971E-01
  4.8435E+02  3.0769E-01  2.0976E-01
  4.8470E+02  3.0750E-01  2.0981E-01
  4.8504E+02  3.0732E-01  2.0985E-01
  4.8538E+02  3.0714E-01  2.0990E-01
  4.8573E+02  3.0696E-01  2.0995E-01
  4.8607E+02  3.0677E-01  2.0999E-01
  4.8642E+02  3.0659E-01  2.1004E-01
  4.8676E+02  3.0641E-01  2.1009E-01
  4.8710E+02  3.0623E-01  2.1013E-01
  4.8745E+02  3.0605E-01  2.1018E-01
  4.8779E+02  3.0587E-01  2.1022E-01
  4.8814E+02  3.0568E-01  2.1027E-01
  4.8848E+02  3.0550E-01  2.1032E-01
  4.8882E+02  3.0532E-01  2.1036E-01
  4.8917E+02  3.0514E-01  2.1041E-01
  4.8951E+02  3.0496E-01  2.1045E-01
  4.8986E+02  3.0478E-01  2.1050E-01
  4.9020E+02  3.0459E-01  2.1054E-01
  4.9054E+02  3.0441E-01  2.1059E-01
  4.9089E+02  3.0423E-01  2.1063E-01
  4.9123E+02  3.0405E-01  2.1068E-01
  4.9158E+02  3.0387E-01  2.1072E-01
  4.9192E+02  3.0369E-01  2.1077E-01
  4.9226E+02  3.0351E-01  2.1081E-01
  4.9261E+02  3.0333E-01  2.1086E-01
  4.9295E+02  3.0315E-01  2.1090E-01
  4.9330E+02  3.0296E-01  2.1094E-01
  4.9364E+02  3.0278E-01  2.1099E-01
  4.9398E+02  3.0260E-01  2.1103E-01
  4.9433E+02  3.0242E-01  2.1108E-01
  4.9467E+02  3.0224E-01  2.1112E-01
  4.9502E+02  3.0206E-01  2.1116E-01
  4.9536E+02  3.0188E-01  2.1121E-01
  4.9570E+02  3.0170E-01  2.1125E-01
  4.9605E+02  3.0152E-01  2.1129E-01
  4.9639E+02  3.0134E-01  2.1134E-01
  4.9674E+02  3.0116E-01  2.1138E-01
  4.9708E+02  3.0098E-01  2.1142E-01
  4.9742E+02  3.0080E-01  2.1146E-01
  4.9777E+02  3.0062E-01  2.1151E-01
  4.9811E+02  3.0044E-01  2.1155E-01
  4.9846E+02  3.0026E-01  2.1159E-01
  4.9880E+02  3.0008E-01  2.1163E-01
  4.9914E+02  2.9990E-01  2.1168E-01
  4.9949E+02  2.9972E-01  2.1172E-01
  4.9983E+02  2.9954E-01  2.1176E-01
  5.0000E+02  2.9945E-01  2.1178E-01
