# CREATED BY GENE DIAGNOSTICS TOOL on Thu Jun 14 14:40:52 2018
# diag: GAMDIAG, run(s): 0009, time window: 0-500(1455 steps), species: ions
# normalization: L_ref=5.4832m
#
# xind= 0, x/a= Infinity, q= 1.0869963
# Fit:    1,0.1995702,2.9678969
# Analytic: 1,0.1995702,2.9678969
#  t          Re[phi]     Im[phi]   
  0.0000E+00  9.9997E-01  0.0000E+00
  3.4400E-01  9.9725E-01  7.4860E-04
  6.8800E-01  9.8949E-01  1.5068E-03
  1.0320E+00  9.7751E-01  2.2704E-03
  1.3760E+00  9.6230E-01  3.0309E-03
  1.7200E+00  9.4486E-01  3.7852E-03
  2.0640E+00  9.2614E-01  4.5299E-03
  2.4080E+00  9.0693E-01  5.2572E-03
  2.7520E+00  8.8785E-01  5.9560E-03
  3.0960E+00  8.6940E-01  6.6145E-03
  3.4400E+00  8.5189E-01  7.2229E-03
  3.7840E+00  8.3552E-01  7.7751E-03
  4.1280E+00  8.2037E-01  8.2705E-03
  4.4720E+00  8.0645E-01  8.7134E-03
  4.8160E+00  7.9367E-01  9.1125E-03
  5.1600E+00  7.8195E-01  9.4792E-03
  5.5040E+00  7.7116E-01  9.8257E-03
  5.8480E+00  7.6116E-01  1.0163E-02
  6.1920E+00  7.5183E-01  1.0502E-02
  6.5360E+00  7.4303E-01  1.0846E-02
  6.8800E+00  7.3464E-01  1.1201E-02
  7.2240E+00  7.2657E-01  1.1565E-02
  7.5680E+00  7.1873E-01  1.1938E-02
  7.9120E+00  7.1103E-01  1.2314E-02
  8.2560E+00  7.0343E-01  1.2688E-02
  8.6000E+00  6.9590E-01  1.3056E-02
  8.9440E+00  6.8843E-01  1.3412E-02
  9.2880E+00  6.8100E-01  1.3749E-02
  9.6320E+00  6.7362E-01  1.4063E-02
  9.9760E+00  6.6631E-01  1.4350E-02
  1.0320E+01  6.5908E-01  1.4608E-02
  1.0664E+01  6.5196E-01  1.4834E-02
  1.1008E+01  6.4498E-01  1.5029E-02
  1.1352E+01  6.3814E-01  1.5192E-02
  1.1696E+01  6.3148E-01  1.5324E-02
  1.2040E+01  6.2499E-01  1.5425E-02
  1.2384E+01  6.1870E-01  1.5503E-02
  1.2728E+01  6.1263E-01  1.5560E-02
  1.3072E+01  6.0680E-01  1.5599E-02
  1.3416E+01  6.0120E-01  1.5618E-02
  1.3760E+01  5.9584E-01  1.5618E-02
  1.4104E+01  5.9073E-01  1.5604E-02
  1.4448E+01  5.8586E-01  1.5579E-02
  1.4792E+01  5.8122E-01  1.5549E-02
  1.5136E+01  5.7684E-01  1.5518E-02
  1.5480E+01  5.7271E-01  1.5488E-02
  1.5824E+01  5.6885E-01  1.5460E-02
  1.6168E+01  5.6524E-01  1.5433E-02
  1.6512E+01  5.6190E-01  1.5409E-02
  1.6856E+01  5.5879E-01  1.5388E-02
  1.7200E+01  5.5592E-01  1.5376E-02
  1.7544E+01  5.5328E-01  1.5379E-02
  1.7888E+01  5.5086E-01  1.5399E-02
  1.8232E+01  5.4868E-01  1.5434E-02
  1.8576E+01  5.4672E-01  1.5482E-02
  1.8920E+01  5.4502E-01  1.5538E-02
  1.9264E+01  5.4357E-01  1.5603E-02
  1.9608E+01  5.4237E-01  1.5681E-02
  1.9952E+01  5.4143E-01  1.5778E-02
  2.0296E+01  5.4071E-01  1.5897E-02
  2.0640E+01  5.4019E-01  1.6039E-02
  2.0984E+01  5.3984E-01  1.6200E-02
  2.1328E+01  5.3963E-01  1.6378E-02
  2.1672E+01  5.3957E-01  1.6572E-02
  2.2016E+01  5.3966E-01  1.6782E-02
  2.2360E+01  5.3992E-01  1.7009E-02
  2.2704E+01  5.4035E-01  1.7252E-02
  2.3048E+01  5.4094E-01  1.7509E-02
  2.3392E+01  5.4168E-01  1.7779E-02
  2.3736E+01  5.4255E-01  1.8061E-02
  2.4080E+01  5.4354E-01  1.8357E-02
  2.4424E+01  5.4466E-01  1.8669E-02
  2.4768E+01  5.4590E-01  1.9000E-02
  2.5112E+01  5.4724E-01  1.9350E-02
  2.5456E+01  5.4865E-01  1.9714E-02
  2.5800E+01  5.5006E-01  2.0084E-02
  2.6144E+01  5.5146E-01  2.0456E-02
  2.6488E+01  5.5281E-01  2.0826E-02
  2.6832E+01  5.5412E-01  2.1191E-02
  2.7176E+01  5.5541E-01  2.1552E-02
  2.7520E+01  5.5674E-01  2.1914E-02
  2.7864E+01  5.5813E-01  2.2281E-02
  2.8208E+01  5.5962E-01  2.2658E-02
  2.8552E+01  5.6122E-01  2.3048E-02
  2.8896E+01  5.6290E-01  2.3448E-02
  2.9240E+01  5.6465E-01  2.3855E-02
  2.9584E+01  5.6640E-01  2.4265E-02
  2.9928E+01  5.6813E-01  2.4670E-02
  3.0272E+01  5.6978E-01  2.5068E-02
  3.0616E+01  5.7132E-01  2.5456E-02
  3.0960E+01  5.7275E-01  2.5832E-02
  3.1304E+01  5.7406E-01  2.6198E-02
  3.1648E+01  5.7528E-01  2.6556E-02
  3.1992E+01  5.7642E-01  2.6911E-02
  3.2336E+01  5.7750E-01  2.7266E-02
  3.2680E+01  5.7852E-01  2.7622E-02
  3.3024E+01  5.7951E-01  2.7977E-02
  3.3368E+01  5.8045E-01  2.8330E-02
  3.3712E+01  5.8132E-01  2.8676E-02
  3.4056E+01  5.8209E-01  2.9008E-02
  3.4400E+01  5.8273E-01  2.9322E-02
  3.4744E+01  5.8326E-01  2.9617E-02
  3.5088E+01  5.8367E-01  2.9895E-02
  3.5432E+01  5.8399E-01  3.0165E-02
  3.5776E+01  5.8427E-01  3.0435E-02
  3.6120E+01  5.8455E-01  3.0715E-02
  3.6464E+01  5.8486E-01  3.1009E-02
  3.6808E+01  5.8523E-01  3.1317E-02
  3.7152E+01  5.8565E-01  3.1637E-02
  3.7496E+01  5.8609E-01  3.1961E-02
  3.7840E+01  5.8653E-01  3.2282E-02
  3.8184E+01  5.8690E-01  3.2590E-02
  3.8528E+01  5.8717E-01  3.2879E-02
  3.8872E+01  5.8729E-01  3.3146E-02
  3.9216E+01  5.8725E-01  3.3391E-02
  3.9560E+01  5.8704E-01  3.3620E-02
  3.9904E+01  5.8665E-01  3.3835E-02
  4.0248E+01  5.8611E-01  3.4043E-02
  4.0592E+01  5.8546E-01  3.4251E-02
  4.0936E+01  5.8474E-01  3.4464E-02
  4.1280E+01  5.8402E-01  3.4689E-02
  4.1624E+01  5.8333E-01  3.4929E-02
  4.1968E+01  5.8272E-01  3.5186E-02
  4.2312E+01  5.8219E-01  3.5456E-02
  4.2656E+01  5.8174E-01  3.5736E-02
  4.3000E+01  5.8136E-01  3.6023E-02
  4.3344E+01  5.8104E-01  3.6316E-02
  4.3688E+01  5.8076E-01  3.6611E-02
  4.4032E+01  5.8050E-01  3.6908E-02
  4.4376E+01  5.8025E-01  3.7202E-02
  4.4720E+01  5.7998E-01  3.7491E-02
  4.5064E+01  5.7967E-01  3.7769E-02
  4.5408E+01  5.7929E-01  3.8032E-02
  4.5752E+01  5.7881E-01  3.8275E-02
  4.6096E+01  5.7823E-01  3.8493E-02
  4.6440E+01  5.7751E-01  3.8685E-02
  4.6784E+01  5.7667E-01  3.8852E-02
  4.7128E+01  5.7571E-01  3.9000E-02
  4.7472E+01  5.7465E-01  3.9138E-02
  4.7816E+01  5.7352E-01  3.9275E-02
  4.8160E+01  5.7235E-01  3.9421E-02
  4.8504E+01  5.7116E-01  3.9583E-02
  4.8848E+01  5.6998E-01  3.9766E-02
  4.9192E+01  5.6885E-01  3.9974E-02
  4.9536E+01  5.6778E-01  4.0209E-02
  4.9880E+01  5.6682E-01  4.0472E-02
  5.0224E+01  5.6597E-01  4.0760E-02
  5.0568E+01  5.6524E-01  4.1069E-02
  5.0912E+01  5.6465E-01  4.1391E-02
  5.1256E+01  5.6416E-01  4.1717E-02
  5.1600E+01  5.6378E-01  4.2040E-02
  5.1944E+01  5.6346E-01  4.2349E-02
  5.2288E+01  5.6320E-01  4.2635E-02
  5.2632E+01  5.6297E-01  4.2896E-02
  5.2976E+01  5.6278E-01  4.3133E-02
  5.3320E+01  5.6264E-01  4.3350E-02
  5.3664E+01  5.6256E-01  4.3558E-02
  5.4008E+01  5.6254E-01  4.3768E-02
  5.4352E+01  5.6261E-01  4.3989E-02
  5.4696E+01  5.6276E-01  4.4231E-02
  5.5040E+01  5.6298E-01  4.4498E-02
  5.5384E+01  5.6326E-01  4.4794E-02
  5.5728E+01  5.6357E-01  4.5120E-02
  5.6072E+01  5.6390E-01  4.5475E-02
  5.6416E+01  5.6422E-01  4.5855E-02
  5.6760E+01  5.6449E-01  4.6254E-02
  5.7104E+01  5.6468E-01  4.6662E-02
  5.7448E+01  5.6478E-01  4.7071E-02
  5.7792E+01  5.6476E-01  4.7472E-02
  5.8136E+01  5.6461E-01  4.7856E-02
  5.8480E+01  5.6433E-01  4.8216E-02
  5.8824E+01  5.6392E-01  4.8546E-02
  5.9168E+01  5.6336E-01  4.8839E-02
  5.9512E+01  5.6267E-01  4.9091E-02
  5.9856E+01  5.6186E-01  4.9303E-02
  6.0200E+01  5.6094E-01  4.9478E-02
  6.0544E+01  5.5996E-01  4.9621E-02
  6.0888E+01  5.5894E-01  4.9742E-02
  6.1232E+01  5.5793E-01  4.9847E-02
  6.1576E+01  5.5696E-01  4.9947E-02
  6.1920E+01  5.5607E-01  5.0049E-02
  6.2264E+01  5.5529E-01  5.0162E-02
  6.2608E+01  5.5464E-01  5.0293E-02
  6.2952E+01  5.5414E-01  5.0445E-02
  6.3296E+01  5.5380E-01  5.0623E-02
  6.3640E+01  5.5360E-01  5.0825E-02
  6.3984E+01  5.5354E-01  5.1052E-02
  6.4328E+01  5.5359E-01  5.1301E-02
  6.4672E+01  5.5373E-01  5.1569E-02
  6.5016E+01  5.5394E-01  5.1853E-02
  6.5360E+01  5.5421E-01  5.2149E-02
  6.5704E+01  5.5452E-01  5.2456E-02
  6.6048E+01  5.5484E-01  5.2768E-02
  6.6392E+01  5.5515E-01  5.3084E-02
  6.6736E+01  5.5545E-01  5.3402E-02
  6.7080E+01  5.5572E-01  5.3718E-02
  6.7424E+01  5.5594E-01  5.4033E-02
  6.7768E+01  5.5611E-01  5.4344E-02
  6.8112E+01  5.5623E-01  5.4649E-02
  6.8456E+01  5.5628E-01  5.4946E-02
  6.8800E+01  5.5626E-01  5.5232E-02
  6.9144E+01  5.5618E-01  5.5506E-02
  6.9488E+01  5.5604E-01  5.5765E-02
  6.9832E+01  5.5585E-01  5.6013E-02
  7.0176E+01  5.5563E-01  5.6253E-02
  7.0520E+01  5.5538E-01  5.6489E-02
  7.0864E+01  5.5513E-01  5.6726E-02
  7.1208E+01  5.5489E-01  5.6967E-02
  7.1552E+01  5.5467E-01  5.7216E-02
  7.1896E+01  5.5447E-01  5.7472E-02
  7.2240E+01  5.5429E-01  5.7733E-02
  7.2584E+01  5.5412E-01  5.7996E-02
  7.2928E+01  5.5397E-01  5.8257E-02
  7.3272E+01  5.5381E-01  5.8513E-02
  7.3616E+01  5.5366E-01  5.8766E-02
  7.3960E+01  5.5351E-01  5.9014E-02
  7.4304E+01  5.5336E-01  5.9262E-02
  7.4648E+01  5.5323E-01  5.9511E-02
  7.4992E+01  5.5311E-01  5.9765E-02
  7.5336E+01  5.5301E-01  6.0027E-02
  7.5680E+01  5.5294E-01  6.0298E-02
  7.6024E+01  5.5290E-01  6.0578E-02
  7.6368E+01  5.5288E-01  6.0865E-02
  7.6712E+01  5.5289E-01  6.1155E-02
  7.7056E+01  5.5290E-01  6.1446E-02
  7.7400E+01  5.5290E-01  6.1731E-02
  7.7744E+01  5.5288E-01  6.2008E-02
  7.8088E+01  5.5282E-01  6.2274E-02
  7.8432E+01  5.5273E-01  6.2526E-02
  7.8776E+01  5.5259E-01  6.2765E-02
  7.9120E+01  5.5241E-01  6.2995E-02
  7.9464E+01  5.5221E-01  6.3219E-02
  7.9808E+01  5.5199E-01  6.3441E-02
  8.0152E+01  5.5177E-01  6.3665E-02
  8.0496E+01  5.5157E-01  6.3894E-02
  8.0840E+01  5.5138E-01  6.4130E-02
  8.1184E+01  5.5121E-01  6.4372E-02
  8.1528E+01  5.5107E-01  6.4621E-02
  8.1872E+01  5.5094E-01  6.4873E-02
  8.2216E+01  5.5082E-01  6.5126E-02
  8.2560E+01  5.5069E-01  6.5376E-02
  8.2904E+01  5.5055E-01  6.5621E-02
  8.3248E+01  5.5039E-01  6.5860E-02
  8.3592E+01  5.5021E-01  6.6091E-02
  8.3936E+01  5.5001E-01  6.6317E-02
  8.4280E+01  5.4980E-01  6.6539E-02
  8.4624E+01  5.4957E-01  6.6760E-02
  8.4968E+01  5.4934E-01  6.6981E-02
  8.5312E+01  5.4911E-01  6.7204E-02
  8.5656E+01  5.4888E-01  6.7430E-02
  8.6000E+01  5.4865E-01  6.7659E-02
  8.6344E+01  5.4842E-01  6.7891E-02
  8.6688E+01  5.4821E-01  6.8126E-02
  8.7032E+01  5.4800E-01  6.8362E-02
  8.7376E+01  5.4780E-01  6.8600E-02
  8.7720E+01  5.4761E-01  6.8836E-02
  8.8064E+01  5.4742E-01  6.9069E-02
  8.8408E+01  5.4723E-01  6.9298E-02
  8.8752E+01  5.4704E-01  6.9523E-02
  8.9096E+01  5.4684E-01  6.9743E-02
  8.9440E+01  5.4664E-01  6.9961E-02
  8.9784E+01  5.4644E-01  7.0178E-02
  9.0128E+01  5.4624E-01  7.0397E-02
  9.0472E+01  5.4605E-01  7.0619E-02
  9.0816E+01  5.4586E-01  7.0844E-02
  9.1160E+01  5.4568E-01  7.1074E-02
  9.1504E+01  5.4551E-01  7.1307E-02
  9.1848E+01  5.4534E-01  7.1542E-02
  9.2192E+01  5.4518E-01  7.1778E-02
  9.2536E+01  5.4501E-01  7.2012E-02
  9.2880E+01  5.4484E-01  7.2243E-02
  9.3224E+01  5.4467E-01  7.2468E-02
  9.3568E+01  5.4447E-01  7.2688E-02
  9.3912E+01  5.4426E-01  7.2900E-02
  9.4256E+01  5.4403E-01  7.3104E-02
  9.4600E+01  5.4378E-01  7.3302E-02
  9.4944E+01  5.4351E-01  7.3495E-02
  9.5288E+01  5.4323E-01  7.3686E-02
  9.5632E+01  5.4295E-01  7.3878E-02
  9.5976E+01  5.4266E-01  7.4074E-02
  9.6320E+01  5.4238E-01  7.4276E-02
  9.6664E+01  5.4211E-01  7.4485E-02
  9.7008E+01  5.4186E-01  7.4701E-02
  9.7352E+01  5.4163E-01  7.4923E-02
  9.7696E+01  5.4142E-01  7.5149E-02
  9.8040E+01  5.4123E-01  7.5379E-02
  9.8384E+01  5.4105E-01  7.5611E-02
  9.8728E+01  5.4089E-01  7.5843E-02
  9.9072E+01  5.4074E-01  7.6076E-02
  9.9416E+01  5.4060E-01  7.6308E-02
  9.9760E+01  5.4047E-01  7.6537E-02
  1.0010E+02  5.4033E-01  7.6764E-02
  1.0045E+02  5.4019E-01  7.6987E-02
  1.0079E+02  5.4005E-01  7.7206E-02
  1.0114E+02  5.3989E-01  7.7421E-02
  1.0148E+02  5.3971E-01  7.7632E-02
  1.0182E+02  5.3952E-01  7.7840E-02
  1.0217E+02  5.3932E-01  7.8045E-02
  1.0251E+02  5.3909E-01  7.8248E-02
  1.0286E+02  5.3886E-01  7.8449E-02
  1.0320E+02  5.3861E-01  7.8650E-02
  1.0354E+02  5.3836E-01  7.8849E-02
  1.0389E+02  5.3810E-01  7.9047E-02
  1.0423E+02  5.3784E-01  7.9243E-02
  1.0458E+02  5.3758E-01  7.9436E-02
  1.0492E+02  5.3732E-01  7.9628E-02
  1.0526E+02  5.3707E-01  7.9820E-02
  1.0561E+02  5.3683E-01  8.0015E-02
  1.0595E+02  5.3661E-01  8.0214E-02
  1.0630E+02  5.3640E-01  8.0419E-02
  1.0664E+02  5.3621E-01  8.0630E-02
  1.0698E+02  5.3603E-01  8.0848E-02
  1.0733E+02  5.3585E-01  8.1070E-02
  1.0767E+02  5.3569E-01  8.1294E-02
  1.0802E+02  5.3552E-01  8.1519E-02
  1.0836E+02  5.3535E-01  8.1742E-02
  1.0870E+02  5.3517E-01  8.1964E-02
  1.0905E+02  5.3500E-01  8.2184E-02
  1.0939E+02  5.3481E-01  8.2401E-02
  1.0974E+02  5.3463E-01  8.2617E-02
  1.1008E+02  5.3445E-01  8.2832E-02
  1.1042E+02  5.3426E-01  8.3046E-02
  1.1077E+02  5.3408E-01  8.3260E-02
  1.1111E+02  5.3390E-01  8.3473E-02
  1.1146E+02  5.3373E-01  8.3685E-02
  1.1180E+02  5.3356E-01  8.3896E-02
  1.1214E+02  5.3339E-01  8.4106E-02
  1.1249E+02  5.3322E-01  8.4315E-02
  1.1283E+02  5.3306E-01  8.4526E-02
  1.1318E+02  5.3291E-01  8.4740E-02
  1.1352E+02  5.3276E-01  8.4959E-02
  1.1386E+02  5.3262E-01  8.5185E-02
  1.1421E+02  5.3249E-01  8.5418E-02
  1.1455E+02  5.3237E-01  8.5659E-02
  1.1490E+02  5.3225E-01  8.5906E-02
  1.1524E+02  5.3214E-01  8.6158E-02
  1.1558E+02  5.3202E-01  8.6412E-02
  1.1593E+02  5.3189E-01  8.6665E-02
  1.1627E+02  5.3175E-01  8.6914E-02
  1.1662E+02  5.3160E-01  8.7156E-02
  1.1696E+02  5.3142E-01  8.7389E-02
  1.1730E+02  5.3122E-01  8.7612E-02
  1.1765E+02  5.3100E-01  8.7825E-02
  1.1799E+02  5.3076E-01  8.8027E-02
  1.1834E+02  5.3050E-01  8.8221E-02
  1.1868E+02  5.3023E-01  8.8407E-02
  1.1902E+02  5.2995E-01  8.8587E-02
  1.1937E+02  5.2966E-01  8.8765E-02
  1.1971E+02  5.2938E-01  8.8942E-02
  1.2006E+02  5.2911E-01  8.9121E-02
  1.2040E+02  5.2884E-01  8.9303E-02
  1.2074E+02  5.2860E-01  8.9490E-02
  1.2109E+02  5.2837E-01  8.9681E-02
  1.2143E+02  5.2815E-01  8.9878E-02
  1.2178E+02  5.2796E-01  9.0081E-02
  1.2212E+02  5.2778E-01  9.0290E-02
  1.2246E+02  5.2761E-01  9.0505E-02
  1.2281E+02  5.2746E-01  9.0725E-02
  1.2315E+02  5.2732E-01  9.0950E-02
  1.2350E+02  5.2718E-01  9.1178E-02
  1.2384E+02  5.2704E-01  9.1408E-02
  1.2418E+02  5.2690E-01  9.1640E-02
  1.2453E+02  5.2676E-01  9.1872E-02
  1.2487E+02  5.2662E-01  9.2105E-02
  1.2522E+02  5.2647E-01  9.2336E-02
  1.2556E+02  5.2632E-01  9.2566E-02
  1.2590E+02  5.2616E-01  9.2795E-02
  1.2625E+02  5.2599E-01  9.3023E-02
  1.2659E+02  5.2582E-01  9.3249E-02
  1.2694E+02  5.2565E-01  9.3474E-02
  1.2728E+02  5.2547E-01  9.3698E-02
  1.2762E+02  5.2529E-01  9.3922E-02
  1.2797E+02  5.2510E-01  9.4143E-02
  1.2831E+02  5.2491E-01  9.4363E-02
  1.2866E+02  5.2472E-01  9.4581E-02
  1.2900E+02  5.2452E-01  9.4796E-02
  1.2934E+02  5.2432E-01  9.5009E-02
  1.2969E+02  5.2411E-01  9.5220E-02
  1.3003E+02  5.2390E-01  9.5430E-02
  1.3038E+02  5.2369E-01  9.5638E-02
  1.3072E+02  5.2348E-01  9.5846E-02
  1.3106E+02  5.2328E-01  9.6054E-02
  1.3141E+02  5.2307E-01  9.6263E-02
  1.3175E+02  5.2286E-01  9.6472E-02
  1.3210E+02  5.2266E-01  9.6682E-02
  1.3244E+02  5.2246E-01  9.6895E-02
  1.3278E+02  5.2227E-01  9.7108E-02
  1.3313E+02  5.2208E-01  9.7324E-02
  1.3347E+02  5.2190E-01  9.7540E-02
  1.3382E+02  5.2172E-01  9.7757E-02
  1.3416E+02  5.2154E-01  9.7973E-02
  1.3450E+02  5.2136E-01  9.8188E-02
  1.3485E+02  5.2118E-01  9.8402E-02
  1.3519E+02  5.2100E-01  9.8615E-02
  1.3554E+02  5.2082E-01  9.8825E-02
  1.3588E+02  5.2064E-01  9.9033E-02
  1.3622E+02  5.2045E-01  9.9239E-02
  1.3657E+02  5.2026E-01  9.9445E-02
  1.3691E+02  5.2008E-01  9.9650E-02
  1.3726E+02  5.1989E-01  9.9857E-02
  1.3760E+02  5.1970E-01  1.0006E-01
  1.3794E+02  5.1952E-01  1.0027E-01
  1.3829E+02  5.1934E-01  1.0048E-01
  1.3863E+02  5.1916E-01  1.0070E-01
  1.3898E+02  5.1898E-01  1.0091E-01
  1.3932E+02  5.1880E-01  1.0112E-01
  1.3966E+02  5.1862E-01  1.0133E-01
  1.4001E+02  5.1843E-01  1.0154E-01
  1.4035E+02  5.1825E-01  1.0175E-01
  1.4070E+02  5.1806E-01  1.0195E-01
  1.4104E+02  5.1788E-01  1.0216E-01
  1.4138E+02  5.1769E-01  1.0236E-01
  1.4173E+02  5.1749E-01  1.0257E-01
  1.4207E+02  5.1730E-01  1.0277E-01
  1.4242E+02  5.1710E-01  1.0298E-01
  1.4276E+02  5.1691E-01  1.0318E-01
  1.4310E+02  5.1671E-01  1.0338E-01
  1.4345E+02  5.1651E-01  1.0358E-01
  1.4379E+02  5.1632E-01  1.0379E-01
  1.4414E+02  5.1613E-01  1.0399E-01
  1.4448E+02  5.1594E-01  1.0420E-01
  1.4482E+02  5.1576E-01  1.0441E-01
  1.4517E+02  5.1557E-01  1.0462E-01
  1.4551E+02  5.1539E-01  1.0483E-01
  1.4586E+02  5.1521E-01  1.0504E-01
  1.4620E+02  5.1503E-01  1.0525E-01
  1.4654E+02  5.1485E-01  1.0546E-01
  1.4689E+02  5.1467E-01  1.0567E-01
  1.4723E+02  5.1449E-01  1.0587E-01
  1.4758E+02  5.1430E-01  1.0608E-01
  1.4792E+02  5.1410E-01  1.0628E-01
  1.4826E+02  5.1390E-01  1.0648E-01
  1.4861E+02  5.1370E-01  1.0667E-01
  1.4895E+02  5.1350E-01  1.0687E-01
  1.4930E+02  5.1330E-01  1.0707E-01
  1.4964E+02  5.1309E-01  1.0727E-01
  1.4998E+02  5.1288E-01  1.0747E-01
  1.5033E+02  5.1268E-01  1.0767E-01
  1.5067E+02  5.1247E-01  1.0787E-01
  1.5102E+02  5.1226E-01  1.0807E-01
  1.5136E+02  5.1206E-01  1.0827E-01
  1.5170E+02  5.1185E-01  1.0846E-01
  1.5205E+02  5.1165E-01  1.0866E-01
  1.5239E+02  5.1145E-01  1.0886E-01
  1.5274E+02  5.1124E-01  1.0906E-01
  1.5308E+02  5.1104E-01  1.0926E-01
  1.5342E+02  5.1085E-01  1.0946E-01
  1.5377E+02  5.1065E-01  1.0967E-01
  1.5411E+02  5.1045E-01  1.0987E-01
  1.5446E+02  5.1026E-01  1.1007E-01
  1.5480E+02  5.1006E-01  1.1027E-01
  1.5514E+02  5.0987E-01  1.1048E-01
  1.5549E+02  5.0967E-01  1.1068E-01
  1.5583E+02  5.0948E-01  1.1088E-01
  1.5618E+02  5.0928E-01  1.1108E-01
  1.5652E+02  5.0908E-01  1.1128E-01
  1.5686E+02  5.0888E-01  1.1148E-01
  1.5721E+02  5.0868E-01  1.1167E-01
  1.5755E+02  5.0848E-01  1.1187E-01
  1.5790E+02  5.0827E-01  1.1207E-01
  1.5824E+02  5.0807E-01  1.1226E-01
  1.5858E+02  5.0787E-01  1.1246E-01
  1.5893E+02  5.0766E-01  1.1265E-01
  1.5927E+02  5.0745E-01  1.1285E-01
  1.5962E+02  5.0725E-01  1.1304E-01
  1.5996E+02  5.0704E-01  1.1324E-01
  1.6030E+02  5.0683E-01  1.1344E-01
  1.6065E+02  5.0663E-01  1.1363E-01
  1.6099E+02  5.0642E-01  1.1383E-01
  1.6134E+02  5.0620E-01  1.1402E-01
  1.6168E+02  5.0599E-01  1.1422E-01
  1.6202E+02  5.0578E-01  1.1441E-01
  1.6237E+02  5.0556E-01  1.1460E-01
  1.6271E+02  5.0534E-01  1.1479E-01
  1.6306E+02  5.0512E-01  1.1498E-01
  1.6340E+02  5.0490E-01  1.1517E-01
  1.6374E+02  5.0468E-01  1.1536E-01
  1.6409E+02  5.0446E-01  1.1555E-01
  1.6443E+02  5.0425E-01  1.1574E-01
  1.6478E+02  5.0403E-01  1.1593E-01
  1.6512E+02  5.0381E-01  1.1612E-01
  1.6546E+02  5.0359E-01  1.1632E-01
  1.6581E+02  5.0338E-01  1.1651E-01
  1.6615E+02  5.0316E-01  1.1670E-01
  1.6650E+02  5.0295E-01  1.1690E-01
  1.6684E+02  5.0274E-01  1.1709E-01
  1.6718E+02  5.0252E-01  1.1729E-01
  1.6753E+02  5.0231E-01  1.1748E-01
  1.6787E+02  5.0209E-01  1.1767E-01
  1.6822E+02  5.0188E-01  1.1787E-01
  1.6856E+02  5.0166E-01  1.1806E-01
  1.6890E+02  5.0144E-01  1.1825E-01
  1.6925E+02  5.0122E-01  1.1844E-01
  1.6959E+02  5.0100E-01  1.1862E-01
  1.6994E+02  5.0077E-01  1.1881E-01
  1.7028E+02  5.0055E-01  1.1900E-01
  1.7062E+02  5.0033E-01  1.1918E-01
  1.7097E+02  5.0011E-01  1.1937E-01
  1.7131E+02  4.9988E-01  1.1955E-01
  1.7166E+02  4.9966E-01  1.1974E-01
  1.7200E+02  4.9944E-01  1.1992E-01
  1.7234E+02  4.9922E-01  1.2011E-01
  1.7269E+02  4.9901E-01  1.2030E-01
  1.7303E+02  4.9879E-01  1.2049E-01
  1.7338E+02  4.9857E-01  1.2068E-01
  1.7372E+02  4.9835E-01  1.2087E-01
  1.7406E+02  4.9814E-01  1.2106E-01
  1.7441E+02  4.9792E-01  1.2125E-01
  1.7475E+02  4.9770E-01  1.2144E-01
  1.7510E+02  4.9748E-01  1.2162E-01
  1.7544E+02  4.9725E-01  1.2181E-01
  1.7578E+02  4.9703E-01  1.2200E-01
  1.7613E+02  4.9680E-01  1.2218E-01
  1.7647E+02  4.9657E-01  1.2236E-01
  1.7682E+02  4.9634E-01  1.2254E-01
  1.7716E+02  4.9611E-01  1.2272E-01
  1.7750E+02  4.9587E-01  1.2290E-01
  1.7785E+02  4.9564E-01  1.2308E-01
  1.7819E+02  4.9540E-01  1.2325E-01
  1.7854E+02  4.9517E-01  1.2343E-01
  1.7888E+02  4.9493E-01  1.2360E-01
  1.7922E+02  4.9470E-01  1.2378E-01
  1.7957E+02  4.9447E-01  1.2396E-01
  1.7991E+02  4.9424E-01  1.2414E-01
  1.8026E+02  4.9401E-01  1.2432E-01
  1.8060E+02  4.9379E-01  1.2450E-01
  1.8094E+02  4.9356E-01  1.2468E-01
  1.8129E+02  4.9334E-01  1.2486E-01
  1.8163E+02  4.9312E-01  1.2504E-01
  1.8198E+02  4.9289E-01  1.2522E-01
  1.8232E+02  4.9267E-01  1.2540E-01
  1.8266E+02  4.9245E-01  1.2558E-01
  1.8301E+02  4.9223E-01  1.2576E-01
  1.8335E+02  4.9200E-01  1.2594E-01
  1.8370E+02  4.9178E-01  1.2612E-01
  1.8404E+02  4.9155E-01  1.2630E-01
  1.8438E+02  4.9133E-01  1.2648E-01
  1.8473E+02  4.9110E-01  1.2666E-01
  1.8507E+02  4.9087E-01  1.2684E-01
  1.8542E+02  4.9064E-01  1.2701E-01
  1.8576E+02  4.9041E-01  1.2719E-01
  1.8610E+02  4.9019E-01  1.2737E-01
  1.8645E+02  4.8996E-01  1.2754E-01
  1.8679E+02  4.8972E-01  1.2772E-01
  1.8714E+02  4.8949E-01  1.2789E-01
  1.8748E+02  4.8926E-01  1.2807E-01
  1.8782E+02  4.8903E-01  1.2824E-01
  1.8817E+02  4.8880E-01  1.2841E-01
  1.8851E+02  4.8857E-01  1.2859E-01
  1.8886E+02  4.8833E-01  1.2876E-01
  1.8920E+02  4.8810E-01  1.2894E-01
  1.8954E+02  4.8787E-01  1.2911E-01
  1.8989E+02  4.8765E-01  1.2928E-01
  1.9023E+02  4.8742E-01  1.2946E-01
  1.9058E+02  4.8719E-01  1.2964E-01
  1.9092E+02  4.8697E-01  1.2981E-01
  1.9126E+02  4.8674E-01  1.2999E-01
  1.9161E+02  4.8652E-01  1.3016E-01
  1.9195E+02  4.8629E-01  1.3034E-01
  1.9230E+02  4.8607E-01  1.3052E-01
  1.9264E+02  4.8585E-01  1.3069E-01
  1.9298E+02  4.8563E-01  1.3087E-01
  1.9333E+02  4.8541E-01  1.3105E-01
  1.9367E+02  4.8518E-01  1.3123E-01
  1.9402E+02  4.8496E-01  1.3141E-01
  1.9436E+02  4.8474E-01  1.3158E-01
  1.9470E+02  4.8452E-01  1.3176E-01
  1.9505E+02  4.8430E-01  1.3194E-01
  1.9539E+02  4.8408E-01  1.3211E-01
  1.9574E+02  4.8385E-01  1.3229E-01
  1.9608E+02  4.8363E-01  1.3246E-01
  1.9642E+02  4.8340E-01  1.3264E-01
  1.9677E+02  4.8317E-01  1.3281E-01
  1.9711E+02  4.8295E-01  1.3299E-01
  1.9746E+02  4.8272E-01  1.3316E-01
  1.9780E+02  4.8250E-01  1.3334E-01
  1.9814E+02  4.8227E-01  1.3351E-01
  1.9849E+02  4.8204E-01  1.3369E-01
  1.9883E+02  4.8182E-01  1.3386E-01
  1.9918E+02  4.8159E-01  1.3404E-01
  1.9952E+02  4.8137E-01  1.3422E-01
  1.9986E+02  4.8114E-01  1.3439E-01
  2.0021E+02  4.8092E-01  1.3457E-01
  2.0055E+02  4.8069E-01  1.3474E-01
  2.0090E+02  4.8047E-01  1.3492E-01
  2.0124E+02  4.8024E-01  1.3509E-01
  2.0158E+02  4.8002E-01  1.3526E-01
  2.0193E+02  4.7979E-01  1.3544E-01
  2.0227E+02  4.7956E-01  1.3561E-01
  2.0262E+02  4.7934E-01  1.3578E-01
  2.0296E+02  4.7911E-01  1.3596E-01
  2.0330E+02  4.7888E-01  1.3613E-01
  2.0365E+02  4.7865E-01  1.3630E-01
  2.0399E+02  4.7842E-01  1.3647E-01
  2.0434E+02  4.7820E-01  1.3664E-01
  2.0468E+02  4.7797E-01  1.3681E-01
  2.0502E+02  4.7774E-01  1.3698E-01
  2.0537E+02  4.7751E-01  1.3715E-01
  2.0571E+02  4.7728E-01  1.3732E-01
  2.0606E+02  4.7705E-01  1.3749E-01
  2.0640E+02  4.7682E-01  1.3766E-01
  2.0674E+02  4.7659E-01  1.3783E-01
  2.0709E+02  4.7635E-01  1.3800E-01
  2.0743E+02  4.7612E-01  1.3817E-01
  2.0778E+02  4.7589E-01  1.3834E-01
  2.0812E+02  4.7566E-01  1.3850E-01
  2.0846E+02  4.7543E-01  1.3867E-01
  2.0881E+02  4.7520E-01  1.3884E-01
  2.0915E+02  4.7496E-01  1.3900E-01
  2.0950E+02  4.7473E-01  1.3917E-01
  2.0984E+02  4.7450E-01  1.3933E-01
  2.1018E+02  4.7427E-01  1.3950E-01
  2.1053E+02  4.7404E-01  1.3966E-01
  2.1087E+02  4.7380E-01  1.3983E-01
  2.1122E+02  4.7357E-01  1.3999E-01
  2.1156E+02  4.7334E-01  1.4015E-01
  2.1190E+02  4.7311E-01  1.4032E-01
  2.1225E+02  4.7288E-01  1.4048E-01
  2.1259E+02  4.7265E-01  1.4065E-01
  2.1294E+02  4.7242E-01  1.4081E-01
  2.1328E+02  4.7220E-01  1.4097E-01
  2.1362E+02  4.7197E-01  1.4114E-01
  2.1397E+02  4.7174E-01  1.4130E-01
  2.1431E+02  4.7151E-01  1.4146E-01
  2.1466E+02  4.7128E-01  1.4163E-01
  2.1500E+02  4.7106E-01  1.4179E-01
  2.1534E+02  4.7083E-01  1.4195E-01
  2.1569E+02  4.7060E-01  1.4212E-01
  2.1603E+02  4.7038E-01  1.4228E-01
  2.1638E+02  4.7015E-01  1.4244E-01
  2.1672E+02  4.6993E-01  1.4261E-01
  2.1706E+02  4.6970E-01  1.4277E-01
  2.1741E+02  4.6948E-01  1.4293E-01
  2.1775E+02  4.6925E-01  1.4309E-01
  2.1810E+02  4.6903E-01  1.4326E-01
  2.1844E+02  4.6881E-01  1.4342E-01
  2.1878E+02  4.6858E-01  1.4358E-01
  2.1913E+02  4.6836E-01  1.4375E-01
  2.1947E+02  4.6814E-01  1.4391E-01
  2.1982E+02  4.6792E-01  1.4407E-01
  2.2016E+02  4.6770E-01  1.4424E-01
  2.2050E+02  4.6748E-01  1.4440E-01
  2.2085E+02  4.6726E-01  1.4456E-01
  2.2119E+02  4.6703E-01  1.4473E-01
  2.2154E+02  4.6681E-01  1.4489E-01
  2.2188E+02  4.6659E-01  1.4505E-01
  2.2222E+02  4.6637E-01  1.4521E-01
  2.2257E+02  4.6615E-01  1.4538E-01
  2.2291E+02  4.6593E-01  1.4554E-01
  2.2326E+02  4.6571E-01  1.4570E-01
  2.2360E+02  4.6550E-01  1.4587E-01
  2.2394E+02  4.6528E-01  1.4603E-01
  2.2429E+02  4.6506E-01  1.4619E-01
  2.2463E+02  4.6484E-01  1.4636E-01
  2.2498E+02  4.6462E-01  1.4652E-01
  2.2532E+02  4.6440E-01  1.4668E-01
  2.2566E+02  4.6418E-01  1.4685E-01
  2.2601E+02  4.6396E-01  1.4701E-01
  2.2635E+02  4.6374E-01  1.4717E-01
  2.2670E+02  4.6352E-01  1.4733E-01
  2.2704E+02  4.6330E-01  1.4750E-01
  2.2738E+02  4.6308E-01  1.4766E-01
  2.2773E+02  4.6286E-01  1.4782E-01
  2.2807E+02  4.6264E-01  1.4798E-01
  2.2842E+02  4.6242E-01  1.4815E-01
  2.2876E+02  4.6220E-01  1.4831E-01
  2.2910E+02  4.6198E-01  1.4847E-01
  2.2945E+02  4.6175E-01  1.4863E-01
  2.2979E+02  4.6153E-01  1.4879E-01
  2.3014E+02  4.6131E-01  1.4895E-01
  2.3048E+02  4.6109E-01  1.4911E-01
  2.3082E+02  4.6087E-01  1.4927E-01
  2.3117E+02  4.6065E-01  1.4943E-01
  2.3151E+02  4.6043E-01  1.4959E-01
  2.3186E+02  4.6021E-01  1.4975E-01
  2.3220E+02  4.5998E-01  1.4990E-01
  2.3254E+02  4.5976E-01  1.5006E-01
  2.3289E+02  4.5954E-01  1.5022E-01
  2.3323E+02  4.5932E-01  1.5038E-01
  2.3358E+02  4.5910E-01  1.5054E-01
  2.3392E+02  4.5887E-01  1.5069E-01
  2.3426E+02  4.5865E-01  1.5085E-01
  2.3461E+02  4.5843E-01  1.5101E-01
  2.3495E+02  4.5821E-01  1.5116E-01
  2.3530E+02  4.5798E-01  1.5132E-01
  2.3564E+02  4.5776E-01  1.5147E-01
  2.3598E+02  4.5754E-01  1.5162E-01
  2.3633E+02  4.5731E-01  1.5178E-01
  2.3667E+02  4.5709E-01  1.5193E-01
  2.3702E+02  4.5687E-01  1.5208E-01
  2.3736E+02  4.5664E-01  1.5223E-01
  2.3770E+02  4.5642E-01  1.5238E-01
  2.3805E+02  4.5620E-01  1.5253E-01
  2.3839E+02  4.5598E-01  1.5268E-01
  2.3874E+02  4.5575E-01  1.5284E-01
  2.3908E+02  4.5553E-01  1.5299E-01
  2.3942E+02  4.5531E-01  1.5314E-01
  2.3977E+02  4.5509E-01  1.5329E-01
  2.4011E+02  4.5487E-01  1.5344E-01
  2.4046E+02  4.5465E-01  1.5359E-01
  2.4080E+02  4.5443E-01  1.5374E-01
  2.4114E+02  4.5421E-01  1.5388E-01
  2.4149E+02  4.5399E-01  1.5403E-01
  2.4183E+02  4.5377E-01  1.5418E-01
  2.4218E+02  4.5354E-01  1.5433E-01
  2.4252E+02  4.5332E-01  1.5448E-01
  2.4286E+02  4.5310E-01  1.5463E-01
  2.4321E+02  4.5288E-01  1.5477E-01
  2.4355E+02  4.5266E-01  1.5492E-01
  2.4390E+02  4.5244E-01  1.5507E-01
  2.4424E+02  4.5222E-01  1.5521E-01
  2.4458E+02  4.5200E-01  1.5536E-01
  2.4493E+02  4.5178E-01  1.5551E-01
  2.4527E+02  4.5156E-01  1.5565E-01
  2.4562E+02  4.5134E-01  1.5580E-01
  2.4596E+02  4.5112E-01  1.5595E-01
  2.4630E+02  4.5090E-01  1.5609E-01
  2.4665E+02  4.5068E-01  1.5624E-01
  2.4699E+02  4.5046E-01  1.5639E-01
  2.4734E+02  4.5025E-01  1.5653E-01
  2.4768E+02  4.5003E-01  1.5668E-01
  2.4802E+02  4.4981E-01  1.5683E-01
  2.4837E+02  4.4959E-01  1.5697E-01
  2.4871E+02  4.4937E-01  1.5712E-01
  2.4906E+02  4.4915E-01  1.5726E-01
  2.4940E+02  4.4894E-01  1.5741E-01
  2.4974E+02  4.4872E-01  1.5756E-01
  2.5009E+02  4.4850E-01  1.5770E-01
  2.5043E+02  4.4828E-01  1.5785E-01
  2.5078E+02  4.4806E-01  1.5800E-01
  2.5112E+02  4.4785E-01  1.5814E-01
  2.5146E+02  4.4763E-01  1.5829E-01
  2.5181E+02  4.4741E-01  1.5844E-01
  2.5215E+02  4.4719E-01  1.5858E-01
  2.5250E+02  4.4698E-01  1.5873E-01
  2.5284E+02  4.4676E-01  1.5887E-01
  2.5318E+02  4.4654E-01  1.5902E-01
  2.5353E+02  4.4633E-01  1.5917E-01
  2.5387E+02  4.4611E-01  1.5931E-01
  2.5422E+02  4.4589E-01  1.5946E-01
  2.5456E+02  4.4567E-01  1.5960E-01
  2.5490E+02  4.4546E-01  1.5975E-01
  2.5525E+02  4.4524E-01  1.5989E-01
  2.5559E+02  4.4503E-01  1.6004E-01
  2.5594E+02  4.4481E-01  1.6018E-01
  2.5628E+02  4.4459E-01  1.6033E-01
  2.5662E+02  4.4438E-01  1.6047E-01
  2.5697E+02  4.4416E-01  1.6062E-01
  2.5731E+02  4.4394E-01  1.6076E-01
  2.5766E+02  4.4373E-01  1.6091E-01
  2.5800E+02  4.4351E-01  1.6105E-01
  2.5834E+02  4.4330E-01  1.6120E-01
  2.5869E+02  4.4308E-01  1.6134E-01
  2.5903E+02  4.4287E-01  1.6148E-01
  2.5938E+02  4.4265E-01  1.6163E-01
  2.5972E+02  4.4244E-01  1.6177E-01
  2.6006E+02  4.4223E-01  1.6191E-01
  2.6041E+02  4.4201E-01  1.6206E-01
  2.6075E+02  4.4180E-01  1.6220E-01
  2.6110E+02  4.4158E-01  1.6234E-01
  2.6144E+02  4.4137E-01  1.6248E-01
  2.6178E+02  4.4116E-01  1.6262E-01
  2.6213E+02  4.4094E-01  1.6277E-01
  2.6247E+02  4.4073E-01  1.6291E-01
  2.6282E+02  4.4052E-01  1.6305E-01
  2.6316E+02  4.4030E-01  1.6319E-01
  2.6350E+02  4.4009E-01  1.6333E-01
  2.6385E+02  4.3988E-01  1.6347E-01
  2.6419E+02  4.3967E-01  1.6361E-01
  2.6454E+02  4.3945E-01  1.6375E-01
  2.6488E+02  4.3924E-01  1.6389E-01
  2.6522E+02  4.3903E-01  1.6403E-01
  2.6557E+02  4.3882E-01  1.6417E-01
  2.6591E+02  4.3861E-01  1.6431E-01
  2.6626E+02  4.3839E-01  1.6445E-01
  2.6660E+02  4.3818E-01  1.6458E-01
  2.6694E+02  4.3797E-01  1.6472E-01
  2.6729E+02  4.3776E-01  1.6486E-01
  2.6763E+02  4.3755E-01  1.6500E-01
  2.6798E+02  4.3734E-01  1.6513E-01
  2.6832E+02  4.3713E-01  1.6527E-01
  2.6866E+02  4.3691E-01  1.6541E-01
  2.6901E+02  4.3670E-01  1.6554E-01
  2.6935E+02  4.3649E-01  1.6568E-01
  2.6970E+02  4.3628E-01  1.6582E-01
  2.7004E+02  4.3607E-01  1.6595E-01
  2.7038E+02  4.3586E-01  1.6609E-01
  2.7073E+02  4.3565E-01  1.6622E-01
  2.7107E+02  4.3544E-01  1.6636E-01
  2.7142E+02  4.3523E-01  1.6649E-01
  2.7176E+02  4.3501E-01  1.6663E-01
  2.7210E+02  4.3480E-01  1.6676E-01
  2.7245E+02  4.3459E-01  1.6690E-01
  2.7279E+02  4.3438E-01  1.6703E-01
  2.7314E+02  4.3417E-01  1.6716E-01
  2.7348E+02  4.3396E-01  1.6730E-01
  2.7382E+02  4.3375E-01  1.6743E-01
  2.7417E+02  4.3354E-01  1.6757E-01
  2.7451E+02  4.3333E-01  1.6770E-01
  2.7486E+02  4.3312E-01  1.6783E-01
  2.7520E+02  4.3290E-01  1.6797E-01
  2.7554E+02  4.3269E-01  1.6810E-01
  2.7589E+02  4.3248E-01  1.6823E-01
  2.7623E+02  4.3227E-01  1.6836E-01
  2.7658E+02  4.3206E-01  1.6850E-01
  2.7692E+02  4.3185E-01  1.6863E-01
  2.7726E+02  4.3164E-01  1.6876E-01
  2.7761E+02  4.3143E-01  1.6889E-01
  2.7795E+02  4.3121E-01  1.6903E-01
  2.7830E+02  4.3100E-01  1.6916E-01
  2.7864E+02  4.3079E-01  1.6929E-01
  2.7898E+02  4.3058E-01  1.6942E-01
  2.7933E+02  4.3037E-01  1.6955E-01
  2.7967E+02  4.3016E-01  1.6968E-01
  2.8002E+02  4.2994E-01  1.6981E-01
  2.8036E+02  4.2973E-01  1.6995E-01
  2.8070E+02  4.2952E-01  1.7008E-01
  2.8105E+02  4.2931E-01  1.7021E-01
  2.8139E+02  4.2909E-01  1.7034E-01
  2.8174E+02  4.2888E-01  1.7047E-01
  2.8208E+02  4.2867E-01  1.7060E-01
  2.8242E+02  4.2846E-01  1.7073E-01
  2.8277E+02  4.2824E-01  1.7086E-01
  2.8311E+02  4.2803E-01  1.7099E-01
  2.8346E+02  4.2782E-01  1.7112E-01
  2.8380E+02  4.2760E-01  1.7125E-01
  2.8414E+02  4.2739E-01  1.7138E-01
  2.8449E+02  4.2717E-01  1.7151E-01
  2.8483E+02  4.2696E-01  1.7164E-01
  2.8518E+02  4.2674E-01  1.7177E-01
  2.8552E+02  4.2653E-01  1.7190E-01
  2.8586E+02  4.2631E-01  1.7203E-01
  2.8621E+02  4.2610E-01  1.7216E-01
  2.8655E+02  4.2588E-01  1.7228E-01
  2.8690E+02  4.2566E-01  1.7241E-01
  2.8724E+02  4.2545E-01  1.7254E-01
  2.8758E+02  4.2523E-01  1.7267E-01
  2.8793E+02  4.2501E-01  1.7280E-01
  2.8827E+02  4.2479E-01  1.7292E-01
  2.8862E+02  4.2457E-01  1.7305E-01
  2.8896E+02  4.2436E-01  1.7318E-01
  2.8930E+02  4.2414E-01  1.7331E-01
  2.8965E+02  4.2392E-01  1.7343E-01
  2.8999E+02  4.2370E-01  1.7356E-01
  2.9034E+02  4.2348E-01  1.7369E-01
  2.9068E+02  4.2326E-01  1.7381E-01
  2.9102E+02  4.2304E-01  1.7394E-01
  2.9137E+02  4.2282E-01  1.7406E-01
  2.9171E+02  4.2260E-01  1.7419E-01
  2.9206E+02  4.2238E-01  1.7432E-01
  2.9240E+02  4.2216E-01  1.7444E-01
  2.9274E+02  4.2193E-01  1.7457E-01
  2.9309E+02  4.2171E-01  1.7469E-01
  2.9343E+02  4.2149E-01  1.7482E-01
  2.9378E+02  4.2127E-01  1.7494E-01
  2.9412E+02  4.2105E-01  1.7507E-01
  2.9446E+02  4.2083E-01  1.7519E-01
  2.9481E+02  4.2061E-01  1.7531E-01
  2.9515E+02  4.2038E-01  1.7544E-01
  2.9550E+02  4.2016E-01  1.7556E-01
  2.9584E+02  4.1994E-01  1.7568E-01
  2.9618E+02  4.1972E-01  1.7581E-01
  2.9653E+02  4.1950E-01  1.7593E-01
  2.9687E+02  4.1927E-01  1.7605E-01
  2.9722E+02  4.1905E-01  1.7618E-01
  2.9756E+02  4.1883E-01  1.7630E-01
  2.9790E+02  4.1861E-01  1.7642E-01
  2.9825E+02  4.1839E-01  1.7654E-01
  2.9859E+02  4.1817E-01  1.7666E-01
  2.9894E+02  4.1795E-01  1.7679E-01
  2.9928E+02  4.1773E-01  1.7691E-01
  2.9962E+02  4.1751E-01  1.7703E-01
  2.9997E+02  4.1729E-01  1.7715E-01
  3.0031E+02  4.1707E-01  1.7727E-01
  3.0066E+02  4.1685E-01  1.7739E-01
  3.0100E+02  4.1663E-01  1.7751E-01
  3.0134E+02  4.1641E-01  1.7763E-01
  3.0169E+02  4.1619E-01  1.7776E-01
  3.0203E+02  4.1597E-01  1.7788E-01
  3.0238E+02  4.1575E-01  1.7800E-01
  3.0272E+02  4.1553E-01  1.7812E-01
  3.0306E+02  4.1531E-01  1.7824E-01
  3.0341E+02  4.1510E-01  1.7835E-01
  3.0375E+02  4.1488E-01  1.7847E-01
  3.0410E+02  4.1466E-01  1.7859E-01
  3.0444E+02  4.1445E-01  1.7871E-01
  3.0478E+02  4.1423E-01  1.7883E-01
  3.0513E+02  4.1401E-01  1.7895E-01
  3.0547E+02  4.1380E-01  1.7907E-01
  3.0582E+02  4.1358E-01  1.7919E-01
  3.0616E+02  4.1337E-01  1.7931E-01
  3.0650E+02  4.1315E-01  1.7942E-01
  3.0685E+02  4.1294E-01  1.7954E-01
  3.0719E+02  4.1273E-01  1.7966E-01
  3.0754E+02  4.1251E-01  1.7978E-01
  3.0788E+02  4.1230E-01  1.7990E-01
  3.0822E+02  4.1209E-01  1.8001E-01
  3.0857E+02  4.1188E-01  1.8013E-01
  3.0891E+02  4.1166E-01  1.8025E-01
  3.0926E+02  4.1145E-01  1.8036E-01
  3.0960E+02  4.1124E-01  1.8048E-01
  3.0994E+02  4.1103E-01  1.8060E-01
  3.1029E+02  4.1082E-01  1.8072E-01
  3.1063E+02  4.1061E-01  1.8083E-01
  3.1098E+02  4.1040E-01  1.8095E-01
  3.1132E+02  4.1020E-01  1.8106E-01
  3.1166E+02  4.0999E-01  1.8118E-01
  3.1201E+02  4.0978E-01  1.8130E-01
  3.1235E+02  4.0957E-01  1.8141E-01
  3.1270E+02  4.0937E-01  1.8153E-01
  3.1304E+02  4.0916E-01  1.8164E-01
  3.1338E+02  4.0895E-01  1.8176E-01
  3.1373E+02  4.0875E-01  1.8188E-01
  3.1407E+02  4.0854E-01  1.8199E-01
  3.1442E+02  4.0834E-01  1.8211E-01
  3.1476E+02  4.0813E-01  1.8222E-01
  3.1510E+02  4.0793E-01  1.8234E-01
  3.1545E+02  4.0772E-01  1.8245E-01
  3.1579E+02  4.0752E-01  1.8256E-01
  3.1614E+02  4.0731E-01  1.8268E-01
  3.1648E+02  4.0711E-01  1.8279E-01
  3.1682E+02  4.0690E-01  1.8291E-01
  3.1717E+02  4.0670E-01  1.8302E-01
  3.1751E+02  4.0650E-01  1.8313E-01
  3.1786E+02  4.0629E-01  1.8325E-01
  3.1820E+02  4.0609E-01  1.8336E-01
  3.1854E+02  4.0589E-01  1.8348E-01
  3.1889E+02  4.0569E-01  1.8359E-01
  3.1923E+02  4.0548E-01  1.8370E-01
  3.1958E+02  4.0528E-01  1.8381E-01
  3.1992E+02  4.0508E-01  1.8393E-01
  3.2026E+02  4.0488E-01  1.8404E-01
  3.2061E+02  4.0467E-01  1.8415E-01
  3.2095E+02  4.0447E-01  1.8426E-01
  3.2130E+02  4.0427E-01  1.8438E-01
  3.2164E+02  4.0407E-01  1.8449E-01
  3.2198E+02  4.0386E-01  1.8460E-01
  3.2233E+02  4.0366E-01  1.8471E-01
  3.2267E+02  4.0346E-01  1.8482E-01
  3.2302E+02  4.0326E-01  1.8494E-01
  3.2336E+02  4.0305E-01  1.8505E-01
  3.2370E+02  4.0285E-01  1.8516E-01
  3.2405E+02  4.0265E-01  1.8527E-01
  3.2439E+02  4.0244E-01  1.8538E-01
  3.2474E+02  4.0224E-01  1.8549E-01
  3.2508E+02  4.0204E-01  1.8560E-01
  3.2542E+02  4.0183E-01  1.8571E-01
  3.2577E+02  4.0163E-01  1.8582E-01
  3.2611E+02  4.0143E-01  1.8593E-01
  3.2646E+02  4.0122E-01  1.8604E-01
  3.2680E+02  4.0102E-01  1.8615E-01
  3.2714E+02  4.0082E-01  1.8626E-01
  3.2749E+02  4.0061E-01  1.8637E-01
  3.2783E+02  4.0041E-01  1.8648E-01
  3.2818E+02  4.0020E-01  1.8658E-01
  3.2852E+02  4.0000E-01  1.8669E-01
  3.2886E+02  3.9979E-01  1.8680E-01
  3.2921E+02  3.9959E-01  1.8691E-01
  3.2955E+02  3.9938E-01  1.8702E-01
  3.2990E+02  3.9918E-01  1.8713E-01
  3.3024E+02  3.9897E-01  1.8723E-01
  3.3058E+02  3.9876E-01  1.8734E-01
  3.3093E+02  3.9856E-01  1.8745E-01
  3.3127E+02  3.9835E-01  1.8755E-01
  3.3162E+02  3.9814E-01  1.8766E-01
  3.3196E+02  3.9794E-01  1.8777E-01
  3.3230E+02  3.9773E-01  1.8788E-01
  3.3265E+02  3.9752E-01  1.8798E-01
  3.3299E+02  3.9732E-01  1.8809E-01
  3.3334E+02  3.9711E-01  1.8819E-01
  3.3368E+02  3.9690E-01  1.8830E-01
  3.3402E+02  3.9669E-01  1.8841E-01
  3.3437E+02  3.9649E-01  1.8851E-01
  3.3471E+02  3.9628E-01  1.8862E-01
  3.3506E+02  3.9607E-01  1.8872E-01
  3.3540E+02  3.9586E-01  1.8883E-01
  3.3574E+02  3.9565E-01  1.8893E-01
  3.3609E+02  3.9544E-01  1.8904E-01
  3.3643E+02  3.9523E-01  1.8914E-01
  3.3678E+02  3.9502E-01  1.8925E-01
  3.3712E+02  3.9481E-01  1.8935E-01
  3.3746E+02  3.9460E-01  1.8946E-01
  3.3781E+02  3.9439E-01  1.8956E-01
  3.3815E+02  3.9418E-01  1.8966E-01
  3.3850E+02  3.9397E-01  1.8977E-01
  3.3884E+02  3.9376E-01  1.8987E-01
  3.3918E+02  3.9355E-01  1.8998E-01
  3.3953E+02  3.9334E-01  1.9008E-01
  3.3987E+02  3.9313E-01  1.9018E-01
  3.4022E+02  3.9292E-01  1.9028E-01
  3.4056E+02  3.9271E-01  1.9039E-01
  3.4090E+02  3.9250E-01  1.9049E-01
  3.4125E+02  3.9229E-01  1.9059E-01
  3.4159E+02  3.9208E-01  1.9070E-01
  3.4194E+02  3.9187E-01  1.9080E-01
  3.4228E+02  3.9166E-01  1.9090E-01
  3.4262E+02  3.9145E-01  1.9100E-01
  3.4297E+02  3.9124E-01  1.9110E-01
  3.4331E+02  3.9103E-01  1.9121E-01
  3.4366E+02  3.9082E-01  1.9131E-01
  3.4400E+02  3.9060E-01  1.9141E-01
  3.4434E+02  3.9039E-01  1.9151E-01
  3.4469E+02  3.9018E-01  1.9161E-01
  3.4503E+02  3.8997E-01  1.9171E-01
  3.4538E+02  3.8976E-01  1.9181E-01
  3.4572E+02  3.8955E-01  1.9191E-01
  3.4606E+02  3.8934E-01  1.9201E-01
  3.4641E+02  3.8913E-01  1.9212E-01
  3.4675E+02  3.8892E-01  1.9222E-01
  3.4710E+02  3.8871E-01  1.9232E-01
  3.4744E+02  3.8850E-01  1.9242E-01
  3.4778E+02  3.8829E-01  1.9252E-01
  3.4813E+02  3.8809E-01  1.9262E-01
  3.4847E+02  3.8788E-01  1.9271E-01
  3.4882E+02  3.8767E-01  1.9281E-01
  3.4916E+02  3.8746E-01  1.9291E-01
  3.4950E+02  3.8725E-01  1.9301E-01
  3.4985E+02  3.8704E-01  1.9311E-01
  3.5019E+02  3.8683E-01  1.9321E-01
  3.5054E+02  3.8663E-01  1.9331E-01
  3.5088E+02  3.8642E-01  1.9341E-01
  3.5122E+02  3.8621E-01  1.9351E-01
  3.5157E+02  3.8600E-01  1.9360E-01
  3.5191E+02  3.8580E-01  1.9370E-01
  3.5226E+02  3.8559E-01  1.9380E-01
  3.5260E+02  3.8538E-01  1.9390E-01
  3.5294E+02  3.8517E-01  1.9400E-01
  3.5329E+02  3.8497E-01  1.9409E-01
  3.5363E+02  3.8476E-01  1.9419E-01
  3.5398E+02  3.8456E-01  1.9429E-01
  3.5432E+02  3.8435E-01  1.9439E-01
  3.5466E+02  3.8414E-01  1.9448E-01
  3.5501E+02  3.8394E-01  1.9458E-01
  3.5535E+02  3.8373E-01  1.9468E-01
  3.5570E+02  3.8353E-01  1.9477E-01
  3.5604E+02  3.8332E-01  1.9487E-01
  3.5638E+02  3.8312E-01  1.9497E-01
  3.5673E+02  3.8291E-01  1.9506E-01
  3.5707E+02  3.8271E-01  1.9516E-01
  3.5742E+02  3.8251E-01  1.9525E-01
  3.5776E+02  3.8230E-01  1.9535E-01
  3.5810E+02  3.8210E-01  1.9544E-01
  3.5845E+02  3.8190E-01  1.9554E-01
  3.5879E+02  3.8169E-01  1.9563E-01
  3.5914E+02  3.8149E-01  1.9573E-01
  3.5948E+02  3.8129E-01  1.9582E-01
  3.5982E+02  3.8108E-01  1.9592E-01
  3.6017E+02  3.8088E-01  1.9601E-01
  3.6051E+02  3.8068E-01  1.9611E-01
  3.6086E+02  3.8048E-01  1.9620E-01
  3.6120E+02  3.8027E-01  1.9630E-01
  3.6154E+02  3.8007E-01  1.9639E-01
  3.6189E+02  3.7987E-01  1.9648E-01
  3.6223E+02  3.7967E-01  1.9658E-01
  3.6258E+02  3.7947E-01  1.9667E-01
  3.6292E+02  3.7927E-01  1.9676E-01
  3.6326E+02  3.7907E-01  1.9686E-01
  3.6361E+02  3.7886E-01  1.9695E-01
  3.6395E+02  3.7866E-01  1.9704E-01
  3.6430E+02  3.7846E-01  1.9714E-01
  3.6464E+02  3.7826E-01  1.9723E-01
  3.6498E+02  3.7806E-01  1.9732E-01
  3.6533E+02  3.7786E-01  1.9741E-01
  3.6567E+02  3.7766E-01  1.9751E-01
  3.6602E+02  3.7746E-01  1.9760E-01
  3.6636E+02  3.7726E-01  1.9769E-01
  3.6670E+02  3.7706E-01  1.9778E-01
  3.6705E+02  3.7686E-01  1.9787E-01
  3.6739E+02  3.7666E-01  1.9796E-01
  3.6774E+02  3.7645E-01  1.9806E-01
  3.6808E+02  3.7625E-01  1.9815E-01
  3.6842E+02  3.7605E-01  1.9824E-01
  3.6877E+02  3.7585E-01  1.9833E-01
  3.6911E+02  3.7565E-01  1.9842E-01
  3.6946E+02  3.7545E-01  1.9851E-01
  3.6980E+02  3.7525E-01  1.9860E-01
  3.7014E+02  3.7505E-01  1.9869E-01
  3.7049E+02  3.7485E-01  1.9878E-01
  3.7083E+02  3.7465E-01  1.9887E-01
  3.7118E+02  3.7445E-01  1.9896E-01
  3.7152E+02  3.7425E-01  1.9905E-01
  3.7186E+02  3.7404E-01  1.9914E-01
  3.7221E+02  3.7384E-01  1.9923E-01
  3.7255E+02  3.7364E-01  1.9932E-01
  3.7290E+02  3.7344E-01  1.9941E-01
  3.7324E+02  3.7324E-01  1.9950E-01
  3.7358E+02  3.7304E-01  1.9958E-01
  3.7393E+02  3.7284E-01  1.9967E-01
  3.7427E+02  3.7263E-01  1.9976E-01
  3.7462E+02  3.7243E-01  1.9985E-01
  3.7496E+02  3.7223E-01  1.9994E-01
  3.7530E+02  3.7203E-01  2.0003E-01
  3.7565E+02  3.7183E-01  2.0011E-01
  3.7599E+02  3.7162E-01  2.0020E-01
  3.7634E+02  3.7142E-01  2.0029E-01
  3.7668E+02  3.7122E-01  2.0038E-01
  3.7702E+02  3.7102E-01  2.0046E-01
  3.7737E+02  3.7081E-01  2.0055E-01
  3.7771E+02  3.7061E-01  2.0064E-01
  3.7806E+02  3.7041E-01  2.0072E-01
  3.7840E+02  3.7020E-01  2.0081E-01
  3.7874E+02  3.7000E-01  2.0090E-01
  3.7909E+02  3.6980E-01  2.0098E-01
  3.7943E+02  3.6959E-01  2.0107E-01
  3.7978E+02  3.6939E-01  2.0116E-01
  3.8012E+02  3.6918E-01  2.0124E-01
  3.8046E+02  3.6898E-01  2.0133E-01
  3.8081E+02  3.6878E-01  2.0141E-01
  3.8115E+02  3.6857E-01  2.0150E-01
  3.8150E+02  3.6837E-01  2.0159E-01
  3.8184E+02  3.6816E-01  2.0167E-01
  3.8218E+02  3.6796E-01  2.0176E-01
  3.8253E+02  3.6775E-01  2.0184E-01
  3.8287E+02  3.6755E-01  2.0193E-01
  3.8322E+02  3.6734E-01  2.0201E-01
  3.8356E+02  3.6714E-01  2.0210E-01
  3.8390E+02  3.6693E-01  2.0218E-01
  3.8425E+02  3.6673E-01  2.0226E-01
  3.8459E+02  3.6652E-01  2.0235E-01
  3.8494E+02  3.6632E-01  2.0243E-01
  3.8528E+02  3.6611E-01  2.0252E-01
  3.8562E+02  3.6591E-01  2.0260E-01
  3.8597E+02  3.6570E-01  2.0268E-01
  3.8631E+02  3.6550E-01  2.0277E-01
  3.8666E+02  3.6529E-01  2.0285E-01
  3.8700E+02  3.6508E-01  2.0293E-01
  3.8734E+02  3.6488E-01  2.0302E-01
  3.8769E+02  3.6467E-01  2.0310E-01
  3.8803E+02  3.6447E-01  2.0318E-01
  3.8838E+02  3.6426E-01  2.0326E-01
  3.8872E+02  3.6406E-01  2.0335E-01
  3.8906E+02  3.6385E-01  2.0343E-01
  3.8941E+02  3.6364E-01  2.0351E-01
  3.8975E+02  3.6344E-01  2.0359E-01
  3.9010E+02  3.6323E-01  2.0368E-01
  3.9044E+02  3.6303E-01  2.0376E-01
  3.9078E+02  3.6282E-01  2.0384E-01
  3.9113E+02  3.6262E-01  2.0392E-01
  3.9147E+02  3.6241E-01  2.0400E-01
  3.9182E+02  3.6220E-01  2.0408E-01
  3.9216E+02  3.6200E-01  2.0416E-01
  3.9250E+02  3.6179E-01  2.0424E-01
  3.9285E+02  3.6159E-01  2.0432E-01
  3.9319E+02  3.6138E-01  2.0441E-01
  3.9354E+02  3.6118E-01  2.0449E-01
  3.9388E+02  3.6097E-01  2.0457E-01
  3.9422E+02  3.6077E-01  2.0465E-01
  3.9457E+02  3.6056E-01  2.0473E-01
  3.9491E+02  3.6036E-01  2.0481E-01
  3.9526E+02  3.6015E-01  2.0489E-01
  3.9560E+02  3.5995E-01  2.0497E-01
  3.9594E+02  3.5974E-01  2.0505E-01
  3.9629E+02  3.5954E-01  2.0512E-01
  3.9663E+02  3.5933E-01  2.0520E-01
  3.9698E+02  3.5913E-01  2.0528E-01
  3.9732E+02  3.5892E-01  2.0536E-01
  3.9766E+02  3.5872E-01  2.0544E-01
  3.9801E+02  3.5852E-01  2.0552E-01
  3.9835E+02  3.5831E-01  2.0560E-01
  3.9870E+02  3.5811E-01  2.0568E-01
  3.9904E+02  3.5790E-01  2.0575E-01
  3.9938E+02  3.5770E-01  2.0583E-01
  3.9973E+02  3.5750E-01  2.0591E-01
  4.0007E+02  3.5729E-01  2.0599E-01
  4.0042E+02  3.5709E-01  2.0607E-01
  4.0076E+02  3.5689E-01  2.0614E-01
  4.0110E+02  3.5668E-01  2.0622E-01
  4.0145E+02  3.5648E-01  2.0630E-01
  4.0179E+02  3.5628E-01  2.0637E-01
  4.0214E+02  3.5607E-01  2.0645E-01
  4.0248E+02  3.5587E-01  2.0653E-01
  4.0282E+02  3.5567E-01  2.0661E-01
  4.0317E+02  3.5547E-01  2.0668E-01
  4.0351E+02  3.5527E-01  2.0676E-01
  4.0386E+02  3.5506E-01  2.0683E-01
  4.0420E+02  3.5486E-01  2.0691E-01
  4.0454E+02  3.5466E-01  2.0699E-01
  4.0489E+02  3.5446E-01  2.0706E-01
  4.0523E+02  3.5426E-01  2.0714E-01
  4.0558E+02  3.5405E-01  2.0721E-01
  4.0592E+02  3.5385E-01  2.0729E-01
  4.0626E+02  3.5365E-01  2.0736E-01
  4.0661E+02  3.5345E-01  2.0744E-01
  4.0695E+02  3.5325E-01  2.0751E-01
  4.0730E+02  3.5305E-01  2.0759E-01
  4.0764E+02  3.5285E-01  2.0766E-01
  4.0798E+02  3.5265E-01  2.0774E-01
  4.0833E+02  3.5245E-01  2.0781E-01
  4.0867E+02  3.5225E-01  2.0789E-01
  4.0902E+02  3.5205E-01  2.0796E-01
  4.0936E+02  3.5185E-01  2.0804E-01
  4.0970E+02  3.5165E-01  2.0811E-01
  4.1005E+02  3.5145E-01  2.0818E-01
  4.1039E+02  3.5125E-01  2.0826E-01
  4.1074E+02  3.5105E-01  2.0833E-01
  4.1108E+02  3.5085E-01  2.0840E-01
  4.1142E+02  3.5065E-01  2.0848E-01
  4.1177E+02  3.5045E-01  2.0855E-01
  4.1211E+02  3.5025E-01  2.0862E-01
  4.1246E+02  3.5005E-01  2.0870E-01
  4.1280E+02  3.4985E-01  2.0877E-01
  4.1314E+02  3.4965E-01  2.0884E-01
  4.1349E+02  3.4945E-01  2.0891E-01
  4.1383E+02  3.4925E-01  2.0899E-01
  4.1418E+02  3.4905E-01  2.0906E-01
  4.1452E+02  3.4885E-01  2.0913E-01
  4.1486E+02  3.4866E-01  2.0920E-01
  4.1521E+02  3.4846E-01  2.0927E-01
  4.1555E+02  3.4826E-01  2.0934E-01
  4.1590E+02  3.4806E-01  2.0942E-01
  4.1624E+02  3.4786E-01  2.0949E-01
  4.1658E+02  3.4766E-01  2.0956E-01
  4.1693E+02  3.4746E-01  2.0963E-01
  4.1727E+02  3.4727E-01  2.0970E-01
  4.1762E+02  3.4707E-01  2.0977E-01
  4.1796E+02  3.4687E-01  2.0984E-01
  4.1830E+02  3.4667E-01  2.0991E-01
  4.1865E+02  3.4647E-01  2.0998E-01
  4.1899E+02  3.4627E-01  2.1005E-01
  4.1934E+02  3.4608E-01  2.1012E-01
  4.1968E+02  3.4588E-01  2.1019E-01
  4.2002E+02  3.4568E-01  2.1026E-01
  4.2037E+02  3.4548E-01  2.1033E-01
  4.2071E+02  3.4528E-01  2.1040E-01
  4.2106E+02  3.4508E-01  2.1047E-01
  4.2140E+02  3.4489E-01  2.1054E-01
  4.2174E+02  3.4469E-01  2.1061E-01
  4.2209E+02  3.4449E-01  2.1068E-01
  4.2243E+02  3.4429E-01  2.1075E-01
  4.2278E+02  3.4410E-01  2.1081E-01
  4.2312E+02  3.4390E-01  2.1088E-01
  4.2346E+02  3.4370E-01  2.1095E-01
  4.2381E+02  3.4350E-01  2.1102E-01
  4.2415E+02  3.4330E-01  2.1109E-01
  4.2450E+02  3.4311E-01  2.1116E-01
  4.2484E+02  3.4291E-01  2.1122E-01
  4.2518E+02  3.4271E-01  2.1129E-01
  4.2553E+02  3.4251E-01  2.1136E-01
  4.2587E+02  3.4232E-01  2.1143E-01
  4.2622E+02  3.4212E-01  2.1149E-01
  4.2656E+02  3.4192E-01  2.1156E-01
  4.2690E+02  3.4172E-01  2.1163E-01
  4.2725E+02  3.4153E-01  2.1169E-01
  4.2759E+02  3.4133E-01  2.1176E-01
  4.2794E+02  3.4113E-01  2.1183E-01
  4.2828E+02  3.4093E-01  2.1189E-01
  4.2862E+02  3.4074E-01  2.1196E-01
  4.2897E+02  3.4054E-01  2.1203E-01
  4.2931E+02  3.4034E-01  2.1209E-01
  4.2966E+02  3.4015E-01  2.1216E-01
  4.3000E+02  3.3995E-01  2.1222E-01
  4.3034E+02  3.3975E-01  2.1229E-01
  4.3069E+02  3.3955E-01  2.1236E-01
  4.3103E+02  3.3936E-01  2.1242E-01
  4.3138E+02  3.3916E-01  2.1249E-01
  4.3172E+02  3.3896E-01  2.1255E-01
  4.3206E+02  3.3877E-01  2.1262E-01
  4.3241E+02  3.3857E-01  2.1268E-01
  4.3275E+02  3.3837E-01  2.1275E-01
  4.3310E+02  3.3818E-01  2.1281E-01
  4.3344E+02  3.3798E-01  2.1287E-01
  4.3378E+02  3.3778E-01  2.1294E-01
  4.3413E+02  3.3759E-01  2.1300E-01
  4.3447E+02  3.3739E-01  2.1307E-01
  4.3482E+02  3.3719E-01  2.1313E-01
  4.3516E+02  3.3700E-01  2.1320E-01
  4.3550E+02  3.3680E-01  2.1326E-01
  4.3585E+02  3.3660E-01  2.1332E-01
  4.3619E+02  3.3641E-01  2.1339E-01
  4.3654E+02  3.3621E-01  2.1345E-01
  4.3688E+02  3.3601E-01  2.1351E-01
  4.3722E+02  3.3582E-01  2.1358E-01
  4.3757E+02  3.3562E-01  2.1364E-01
  4.3791E+02  3.3543E-01  2.1370E-01
  4.3826E+02  3.3523E-01  2.1376E-01
  4.3860E+02  3.3503E-01  2.1383E-01
  4.3894E+02  3.3484E-01  2.1389E-01
  4.3929E+02  3.3464E-01  2.1395E-01
  4.3963E+02  3.3445E-01  2.1401E-01
  4.3998E+02  3.3425E-01  2.1408E-01
  4.4032E+02  3.3406E-01  2.1414E-01
  4.4066E+02  3.3386E-01  2.1420E-01
  4.4101E+02  3.3367E-01  2.1426E-01
  4.4135E+02  3.3347E-01  2.1432E-01
  4.4170E+02  3.3328E-01  2.1438E-01
  4.4204E+02  3.3308E-01  2.1445E-01
  4.4238E+02  3.3289E-01  2.1451E-01
  4.4273E+02  3.3269E-01  2.1457E-01
  4.4307E+02  3.3250E-01  2.1463E-01
  4.4342E+02  3.3230E-01  2.1469E-01
  4.4376E+02  3.3211E-01  2.1475E-01
  4.4410E+02  3.3191E-01  2.1481E-01
  4.4445E+02  3.3172E-01  2.1487E-01
  4.4479E+02  3.3153E-01  2.1493E-01
  4.4514E+02  3.3133E-01  2.1499E-01
  4.4548E+02  3.3114E-01  2.1505E-01
  4.4582E+02  3.3094E-01  2.1511E-01
  4.4617E+02  3.3075E-01  2.1517E-01
  4.4651E+02  3.3056E-01  2.1523E-01
  4.4686E+02  3.3036E-01  2.1529E-01
  4.4720E+02  3.3017E-01  2.1535E-01
  4.4754E+02  3.2998E-01  2.1541E-01
  4.4789E+02  3.2978E-01  2.1547E-01
  4.4823E+02  3.2959E-01  2.1553E-01
  4.4858E+02  3.2940E-01  2.1559E-01
  4.4892E+02  3.2920E-01  2.1564E-01
  4.4926E+02  3.2901E-01  2.1570E-01
  4.4961E+02  3.2882E-01  2.1576E-01
  4.4995E+02  3.2863E-01  2.1582E-01
  4.5030E+02  3.2843E-01  2.1588E-01
  4.5064E+02  3.2824E-01  2.1594E-01
  4.5098E+02  3.2805E-01  2.1599E-01
  4.5133E+02  3.2786E-01  2.1605E-01
  4.5167E+02  3.2767E-01  2.1611E-01
  4.5202E+02  3.2747E-01  2.1617E-01
  4.5236E+02  3.2728E-01  2.1622E-01
  4.5270E+02  3.2709E-01  2.1628E-01
  4.5305E+02  3.2690E-01  2.1634E-01
  4.5339E+02  3.2671E-01  2.1639E-01
  4.5374E+02  3.2652E-01  2.1645E-01
  4.5408E+02  3.2632E-01  2.1651E-01
  4.5442E+02  3.2613E-01  2.1656E-01
  4.5477E+02  3.2594E-01  2.1662E-01
  4.5511E+02  3.2575E-01  2.1668E-01
  4.5546E+02  3.2556E-01  2.1673E-01
  4.5580E+02  3.2537E-01  2.1679E-01
  4.5614E+02  3.2518E-01  2.1685E-01
  4.5649E+02  3.2499E-01  2.1690E-01
  4.5683E+02  3.2480E-01  2.1696E-01
  4.5718E+02  3.2461E-01  2.1701E-01
  4.5752E+02  3.2441E-01  2.1707E-01
  4.5786E+02  3.2422E-01  2.1712E-01
  4.5821E+02  3.2403E-01  2.1718E-01
  4.5855E+02  3.2384E-01  2.1723E-01
  4.5890E+02  3.2365E-01  2.1729E-01
  4.5924E+02  3.2346E-01  2.1734E-01
  4.5958E+02  3.2327E-01  2.1740E-01
  4.5993E+02  3.2308E-01  2.1745E-01
  4.6027E+02  3.2289E-01  2.1751E-01
  4.6062E+02  3.2270E-01  2.1756E-01
  4.6096E+02  3.2251E-01  2.1762E-01
  4.6130E+02  3.2232E-01  2.1767E-01
  4.6165E+02  3.2213E-01  2.1772E-01
  4.6199E+02  3.2194E-01  2.1778E-01
  4.6234E+02  3.2175E-01  2.1783E-01
  4.6268E+02  3.2156E-01  2.1788E-01
  4.6302E+02  3.2137E-01  2.1794E-01
  4.6337E+02  3.2118E-01  2.1799E-01
  4.6371E+02  3.2099E-01  2.1804E-01
  4.6406E+02  3.2080E-01  2.1810E-01
  4.6440E+02  3.2061E-01  2.1815E-01
  4.6474E+02  3.2043E-01  2.1820E-01
  4.6509E+02  3.2024E-01  2.1826E-01
  4.6543E+02  3.2005E-01  2.1831E-01
  4.6578E+02  3.1986E-01  2.1836E-01
  4.6612E+02  3.1967E-01  2.1841E-01
  4.6646E+02  3.1948E-01  2.1847E-01
  4.6681E+02  3.1929E-01  2.1852E-01
  4.6715E+02  3.1910E-01  2.1857E-01
  4.6750E+02  3.1891E-01  2.1862E-01
  4.6784E+02  3.1872E-01  2.1867E-01
  4.6818E+02  3.1853E-01  2.1872E-01
  4.6853E+02  3.1834E-01  2.1878E-01
  4.6887E+02  3.1816E-01  2.1883E-01
  4.6922E+02  3.1797E-01  2.1888E-01
  4.6956E+02  3.1778E-01  2.1893E-01
  4.6990E+02  3.1759E-01  2.1898E-01
  4.7025E+02  3.1740E-01  2.1903E-01
  4.7059E+02  3.1721E-01  2.1908E-01
  4.7094E+02  3.1702E-01  2.1913E-01
  4.7128E+02  3.1683E-01  2.1918E-01
  4.7162E+02  3.1665E-01  2.1923E-01
  4.7197E+02  3.1646E-01  2.1928E-01
  4.7231E+02  3.1627E-01  2.1933E-01
  4.7266E+02  3.1608E-01  2.1938E-01
  4.7300E+02  3.1589E-01  2.1943E-01
  4.7334E+02  3.1570E-01  2.1948E-01
  4.7369E+02  3.1551E-01  2.1953E-01
  4.7403E+02  3.1533E-01  2.1958E-01
  4.7438E+02  3.1514E-01  2.1963E-01
  4.7472E+02  3.1495E-01  2.1968E-01
  4.7506E+02  3.1476E-01  2.1973E-01
  4.7541E+02  3.1457E-01  2.1978E-01
  4.7575E+02  3.1439E-01  2.1983E-01
  4.7610E+02  3.1420E-01  2.1988E-01
  4.7644E+02  3.1401E-01  2.1993E-01
  4.7678E+02  3.1382E-01  2.1998E-01
  4.7713E+02  3.1363E-01  2.2002E-01
  4.7747E+02  3.1345E-01  2.2007E-01
  4.7782E+02  3.1326E-01  2.2012E-01
  4.7816E+02  3.1307E-01  2.2017E-01
  4.7850E+02  3.1288E-01  2.2022E-01
  4.7885E+02  3.1269E-01  2.2026E-01
  4.7919E+02  3.1251E-01  2.2031E-01
  4.7954E+02  3.1232E-01  2.2036E-01
  4.7988E+02  3.1213E-01  2.2041E-01
  4.8022E+02  3.1194E-01  2.2046E-01
  4.8057E+02  3.1176E-01  2.2050E-01
  4.8091E+02  3.1157E-01  2.2055E-01
  4.8126E+02  3.1138E-01  2.2060E-01
  4.8160E+02  3.1119E-01  2.2064E-01
  4.8194E+02  3.1101E-01  2.2069E-01
  4.8229E+02  3.1082E-01  2.2074E-01
  4.8263E+02  3.1063E-01  2.2078E-01
  4.8298E+02  3.1044E-01  2.2083E-01
  4.8332E+02  3.1026E-01  2.2088E-01
  4.8366E+02  3.1007E-01  2.2092E-01
  4.8401E+02  3.0988E-01  2.2097E-01
  4.8435E+02  3.0970E-01  2.2101E-01
  4.8470E+02  3.0951E-01  2.2106E-01
  4.8504E+02  3.0932E-01  2.2111E-01
  4.8538E+02  3.0913E-01  2.2115E-01
  4.8573E+02  3.0895E-01  2.2120E-01
  4.8607E+02  3.0876E-01  2.2124E-01
  4.8642E+02  3.0857E-01  2.2129E-01
  4.8676E+02  3.0839E-01  2.2133E-01
  4.8710E+02  3.0820E-01  2.2138E-01
  4.8745E+02  3.0801E-01  2.2142E-01
  4.8779E+02  3.0783E-01  2.2147E-01
  4.8814E+02  3.0764E-01  2.2151E-01
  4.8848E+02  3.0745E-01  2.2155E-01
  4.8882E+02  3.0727E-01  2.2160E-01
  4.8917E+02  3.0708E-01  2.2164E-01
  4.8951E+02  3.0689E-01  2.2169E-01
  4.8986E+02  3.0671E-01  2.2173E-01
  4.9020E+02  3.0652E-01  2.2178E-01
  4.9054E+02  3.0633E-01  2.2182E-01
  4.9089E+02  3.0615E-01  2.2186E-01
  4.9123E+02  3.0596E-01  2.2191E-01
  4.9158E+02  3.0577E-01  2.2195E-01
  4.9192E+02  3.0559E-01  2.2199E-01
  4.9226E+02  3.0540E-01  2.2204E-01
  4.9261E+02  3.0522E-01  2.2208E-01
  4.9295E+02  3.0503E-01  2.2212E-01
  4.9330E+02  3.0484E-01  2.2216E-01
  4.9364E+02  3.0466E-01  2.2221E-01
  4.9398E+02  3.0447E-01  2.2225E-01
  4.9433E+02  3.0429E-01  2.2229E-01
  4.9467E+02  3.0410E-01  2.2233E-01
  4.9502E+02  3.0391E-01  2.2238E-01
  4.9536E+02  3.0373E-01  2.2242E-01
  4.9570E+02  3.0354E-01  2.2246E-01
  4.9605E+02  3.0336E-01  2.2250E-01
  4.9639E+02  3.0317E-01  2.2254E-01
  4.9674E+02  3.0298E-01  2.2259E-01
  4.9708E+02  3.0280E-01  2.2263E-01
  4.9742E+02  3.0261E-01  2.2267E-01
  4.9777E+02  3.0243E-01  2.2271E-01
  4.9811E+02  3.0224E-01  2.2275E-01
  4.9846E+02  3.0206E-01  2.2279E-01
  4.9880E+02  3.0187E-01  2.2283E-01
  4.9914E+02  3.0169E-01  2.2287E-01
  4.9949E+02  3.0150E-01  2.2291E-01
  4.9983E+02  3.0132E-01  2.2296E-01
  5.0000E+02  3.0123E-01  2.2297E-01
