# CREATED BY GENE DIAGNOSTICS TOOL on Thu Jun 14 14:41:37 2018
# diag: GAMDIAG, run(s): 0019, time window: 0-500(1646 steps), species: ions
# normalization: L_ref=5.4832m
#
# xind= 0, x/a= Infinity, q= 1.0869963
# Fit:    1,0.1995702,2.9678969
# Analytic: 1,0.1995702,2.9678969
#  t          Re[phi]     Im[phi]   
  0.0000E+00  9.9998E-01  0.0000E+00
  3.0400E-01  9.9303E-01  8.5082E-04
  6.0800E-01  9.7394E-01  1.6853E-03
  9.1200E-01  9.4644E-01  2.5136E-03
  1.2160E+00  9.1421E-01  3.3380E-03
  1.5200E+00  8.8007E-01  4.1590E-03
  1.8240E+00  8.4591E-01  4.9727E-03
  2.1280E+00  8.1292E-01  5.7624E-03
  2.4320E+00  7.8175E-01  6.5041E-03
  2.7360E+00  7.5274E-01  7.1745E-03
  3.0400E+00  7.2601E-01  7.7567E-03
  3.3440E+00  7.0153E-01  8.2422E-03
  3.6480E+00  6.7917E-01  8.6302E-03
  3.9520E+00  6.5874E-01  8.9253E-03
  4.2560E+00  6.4004E-01  9.1364E-03
  4.5600E+00  6.2283E-01  9.2745E-03
  4.8640E+00  6.0690E-01  9.3528E-03
  5.1680E+00  5.9207E-01  9.3855E-03
  5.4720E+00  5.7820E-01  9.3876E-03
  5.7760E+00  5.6518E-01  9.3743E-03
  6.0800E+00  5.5293E-01  9.3595E-03
  6.3840E+00  5.4140E-01  9.3563E-03
  6.6880E+00  5.3055E-01  9.3731E-03
  6.9920E+00  5.2037E-01  9.4144E-03
  7.2960E+00  5.1081E-01  9.4876E-03
  7.6000E+00  5.0184E-01  9.5916E-03
  7.9040E+00  4.9343E-01  9.7196E-03
  8.2080E+00  4.8555E-01  9.8710E-03
  8.5120E+00  4.7814E-01  1.0043E-02
  8.8160E+00  4.7116E-01  1.0230E-02
  9.1200E+00  4.6458E-01  1.0427E-02
  9.4240E+00  4.5834E-01  1.0634E-02
  9.7280E+00  4.5242E-01  1.0845E-02
  1.0032E+01  4.4678E-01  1.1052E-02
  1.0336E+01  4.4140E-01  1.1250E-02
  1.0640E+01  4.3623E-01  1.1436E-02
  1.0944E+01  4.3125E-01  1.1605E-02
  1.1248E+01  4.2646E-01  1.1752E-02
  1.1552E+01  4.2188E-01  1.1874E-02
  1.1856E+01  4.1747E-01  1.1967E-02
  1.2160E+01  4.1320E-01  1.2030E-02
  1.2464E+01  4.0903E-01  1.2065E-02
  1.2768E+01  4.0495E-01  1.2074E-02
  1.3072E+01  4.0098E-01  1.2063E-02
  1.3376E+01  3.9714E-01  1.2028E-02
  1.3680E+01  3.9343E-01  1.1963E-02
  1.3984E+01  3.8987E-01  1.1865E-02
  1.4288E+01  3.8646E-01  1.1735E-02
  1.4592E+01  3.8316E-01  1.1581E-02
  1.4896E+01  3.7989E-01  1.1405E-02
  1.5200E+01  3.7664E-01  1.1211E-02
  1.5504E+01  3.7340E-01  1.1002E-02
  1.5808E+01  3.7022E-01  1.0788E-02
  1.6112E+01  3.6712E-01  1.0571E-02
  1.6416E+01  3.6407E-01  1.0345E-02
  1.6720E+01  3.6105E-01  1.0097E-02
  1.7024E+01  3.5805E-01  9.8261E-03
  1.7328E+01  3.5507E-01  9.5386E-03
  1.7632E+01  3.5213E-01  9.2486E-03
  1.7936E+01  3.4925E-01  8.9665E-03
  1.8240E+01  3.4646E-01  8.6944E-03
  1.8544E+01  3.4377E-01  8.4305E-03
  1.8848E+01  3.4121E-01  8.1769E-03
  1.9152E+01  3.3877E-01  7.9407E-03
  1.9456E+01  3.3644E-01  7.7280E-03
  1.9760E+01  3.3414E-01  7.5362E-03
  2.0064E+01  3.3184E-01  7.3539E-03
  2.0368E+01  3.2948E-01  7.1671E-03
  2.0672E+01  3.2709E-01  6.9675E-03
  2.0976E+01  3.2475E-01  6.7589E-03
  2.1280E+01  3.2259E-01  6.5574E-03
  2.1584E+01  3.2071E-01  6.3833E-03
  2.1888E+01  3.1916E-01  6.2496E-03
  2.2192E+01  3.1790E-01  6.1549E-03
  2.2496E+01  3.1684E-01  6.0827E-03
  2.2800E+01  3.1585E-01  6.0117E-03
  2.3104E+01  3.1484E-01  5.9300E-03
  2.3408E+01  3.1381E-01  5.8421E-03
  2.3712E+01  3.1280E-01  5.7642E-03
  2.4016E+01  3.1192E-01  5.7193E-03
  2.4320E+01  3.1126E-01  5.7335E-03
  2.4624E+01  3.1091E-01  5.8269E-03
  2.4928E+01  3.1086E-01  5.9989E-03
  2.5232E+01  3.1099E-01  6.2228E-03
  2.5536E+01  3.1113E-01  6.4580E-03
  2.5840E+01  3.1113E-01  6.6683E-03
  2.6144E+01  3.1089E-01  6.8318E-03
  2.6448E+01  3.1038E-01  6.9414E-03
  2.6752E+01  3.0964E-01  7.0081E-03
  2.7056E+01  3.0878E-01  7.0648E-03
  2.7360E+01  3.0797E-01  7.1599E-03
  2.7664E+01  3.0739E-01  7.3352E-03
  2.7968E+01  3.0712E-01  7.6047E-03
  2.8272E+01  3.0718E-01  7.9525E-03
  2.8576E+01  3.0751E-01  8.3464E-03
  2.8880E+01  3.0804E-01  8.7544E-03
  2.9184E+01  3.0867E-01  9.1499E-03
  2.9488E+01  3.0931E-01  9.5123E-03
  2.9792E+01  3.0988E-01  9.8268E-03
  3.0096E+01  3.1029E-01  1.0089E-02
  3.0400E+01  3.1055E-01  1.0311E-02
  3.0704E+01  3.1070E-01  1.0516E-02
  3.1008E+01  3.1085E-01  1.0733E-02
  3.1312E+01  3.1107E-01  1.0982E-02
  3.1616E+01  3.1139E-01  1.1266E-02
  3.1920E+01  3.1183E-01  1.1580E-02
  3.2224E+01  3.1239E-01  1.1915E-02
  3.2528E+01  3.1309E-01  1.2267E-02
  3.2832E+01  3.1394E-01  1.2634E-02
  3.3136E+01  3.1493E-01  1.3010E-02
  3.3440E+01  3.1601E-01  1.3386E-02
  3.3744E+01  3.1709E-01  1.3743E-02
  3.4048E+01  3.1810E-01  1.4060E-02
  3.4352E+01  3.1900E-01  1.4326E-02
  3.4656E+01  3.1980E-01  1.4547E-02
  3.4960E+01  3.2059E-01  1.4743E-02
  3.5264E+01  3.2149E-01  1.4947E-02
  3.5568E+01  3.2257E-01  1.5188E-02
  3.5872E+01  3.2389E-01  1.5484E-02
  3.6176E+01  3.2546E-01  1.5841E-02
  3.6480E+01  3.2725E-01  1.6251E-02
  3.6784E+01  3.2920E-01  1.6701E-02
  3.7088E+01  3.3127E-01  1.7178E-02
  3.7392E+01  3.3341E-01  1.7672E-02
  3.7696E+01  3.3559E-01  1.8177E-02
  3.8000E+01  3.3776E-01  1.8684E-02
  3.8304E+01  3.3983E-01  1.9173E-02
  3.8608E+01  3.4169E-01  1.9613E-02
  3.8912E+01  3.4320E-01  1.9968E-02
  3.9216E+01  3.4424E-01  2.0202E-02
  3.9520E+01  3.4475E-01  2.0302E-02
  3.9824E+01  3.4474E-01  2.0273E-02
  4.0128E+01  3.4429E-01  2.0144E-02
  4.0432E+01  3.4355E-01  1.9959E-02
  4.0736E+01  3.4267E-01  1.9767E-02
  4.1040E+01  3.4182E-01  1.9612E-02
  4.1344E+01  3.4117E-01  1.9529E-02
  4.1648E+01  3.4082E-01  1.9541E-02
  4.1952E+01  3.4085E-01  1.9658E-02
  4.2256E+01  3.4128E-01  1.9875E-02
  4.2560E+01  3.4207E-01  2.0171E-02
  4.2864E+01  3.4315E-01  2.0520E-02
  4.3168E+01  3.4442E-01  2.0891E-02
  4.3472E+01  3.4580E-01  2.1260E-02
  4.3776E+01  3.4722E-01  2.1612E-02
  4.4080E+01  3.4862E-01  2.1936E-02
  4.4384E+01  3.4996E-01  2.2230E-02
  4.4688E+01  3.5121E-01  2.2489E-02
  4.4992E+01  3.5231E-01  2.2711E-02
  4.5296E+01  3.5325E-01  2.2889E-02
  4.5600E+01  3.5399E-01  2.3022E-02
  4.5904E+01  3.5453E-01  2.3113E-02
  4.6208E+01  3.5486E-01  2.3168E-02
  4.6512E+01  3.5500E-01  2.3195E-02
  4.6816E+01  3.5496E-01  2.3198E-02
  4.7120E+01  3.5476E-01  2.3177E-02
  4.7424E+01  3.5443E-01  2.3133E-02
  4.7728E+01  3.5399E-01  2.3069E-02
  4.8032E+01  3.5347E-01  2.2988E-02
  4.8336E+01  3.5291E-01  2.2893E-02
  4.8640E+01  3.5234E-01  2.2781E-02
  4.8944E+01  3.5177E-01  2.2651E-02
  4.9248E+01  3.5126E-01  2.2509E-02
  4.9552E+01  3.5083E-01  2.2366E-02
  4.9856E+01  3.5054E-01  2.2245E-02
  5.0160E+01  3.5043E-01  2.2166E-02
  5.0464E+01  3.5051E-01  2.2142E-02
  5.0768E+01  3.5077E-01  2.2178E-02
  5.1072E+01  3.5119E-01  2.2268E-02
  5.1376E+01  3.5175E-01  2.2405E-02
  5.1680E+01  3.5240E-01  2.2576E-02
  5.1984E+01  3.5309E-01  2.2759E-02
  5.2288E+01  3.5378E-01  2.2932E-02
  5.2592E+01  3.5445E-01  2.3079E-02
  5.2896E+01  3.5508E-01  2.3195E-02
  5.3200E+01  3.5568E-01  2.3289E-02
  5.3504E+01  3.5628E-01  2.3378E-02
  5.3808E+01  3.5690E-01  2.3481E-02
  5.4112E+01  3.5755E-01  2.3609E-02
  5.4416E+01  3.5824E-01  2.3765E-02
  5.4720E+01  3.5896E-01  2.3943E-02
  5.5024E+01  3.5969E-01  2.4133E-02
  5.5328E+01  3.6040E-01  2.4328E-02
  5.5632E+01  3.6110E-01  2.4529E-02
  5.5936E+01  3.6175E-01  2.4737E-02
  5.6240E+01  3.6234E-01  2.4952E-02
  5.6544E+01  3.6283E-01  2.5169E-02
  5.6848E+01  3.6319E-01  2.5380E-02
  5.7152E+01  3.6341E-01  2.5581E-02
  5.7456E+01  3.6347E-01  2.5769E-02
  5.7760E+01  3.6336E-01  2.5943E-02
  5.8064E+01  3.6310E-01  2.6102E-02
  5.8368E+01  3.6268E-01  2.6243E-02
  5.8672E+01  3.6212E-01  2.6361E-02
  5.8976E+01  3.6141E-01  2.6448E-02
  5.9280E+01  3.6057E-01  2.6497E-02
  5.9584E+01  3.5961E-01  2.6504E-02
  5.9888E+01  3.5856E-01  2.6473E-02
  6.0192E+01  3.5746E-01  2.6415E-02
  6.0496E+01  3.5634E-01  2.6345E-02
  6.0800E+01  3.5526E-01  2.6277E-02
  6.1104E+01  3.5426E-01  2.6223E-02
  6.1408E+01  3.5333E-01  2.6186E-02
  6.1712E+01  3.5250E-01  2.6160E-02
  6.2016E+01  3.5176E-01  2.6140E-02
  6.2320E+01  3.5110E-01  2.6118E-02
  6.2624E+01  3.5051E-01  2.6096E-02
  6.2928E+01  3.5000E-01  2.6076E-02
  6.3232E+01  3.4958E-01  2.6068E-02
  6.3536E+01  3.4924E-01  2.6078E-02
  6.3840E+01  3.4899E-01  2.6109E-02
  6.4144E+01  3.4882E-01  2.6165E-02
  6.4448E+01  3.4873E-01  2.6248E-02
  6.4752E+01  3.4870E-01  2.6358E-02
  6.5056E+01  3.4873E-01  2.6493E-02
  6.5360E+01  3.4881E-01  2.6642E-02
  6.5664E+01  3.4891E-01  2.6797E-02
  6.5968E+01  3.4904E-01  2.6949E-02
  6.6272E+01  3.4918E-01  2.7097E-02
  6.6576E+01  3.4933E-01  2.7244E-02
  6.6880E+01  3.4950E-01  2.7396E-02
  6.7184E+01  3.4967E-01  2.7557E-02
  6.7488E+01  3.4986E-01  2.7727E-02
  6.7792E+01  3.5003E-01  2.7902E-02
  6.8096E+01  3.5020E-01  2.8081E-02
  6.8400E+01  3.5035E-01  2.8259E-02
  6.8704E+01  3.5048E-01  2.8433E-02
  6.9008E+01  3.5059E-01  2.8602E-02
  6.9312E+01  3.5069E-01  2.8764E-02
  6.9616E+01  3.5078E-01  2.8917E-02
  6.9920E+01  3.5086E-01  2.9062E-02
  7.0224E+01  3.5092E-01  2.9194E-02
  7.0528E+01  3.5094E-01  2.9311E-02
  7.0832E+01  3.5092E-01  2.9412E-02
  7.1136E+01  3.5086E-01  2.9502E-02
  7.1440E+01  3.5076E-01  2.9585E-02
  7.1744E+01  3.5062E-01  2.9671E-02
  7.2048E+01  3.5045E-01  2.9763E-02
  7.2352E+01  3.5027E-01  2.9863E-02
  7.2656E+01  3.5006E-01  2.9964E-02
  7.2960E+01  3.4983E-01  3.0062E-02
  7.3264E+01  3.4959E-01  3.0149E-02
  7.3568E+01  3.4934E-01  3.0226E-02
  7.3872E+01  3.4908E-01  3.0294E-02
  7.4176E+01  3.4882E-01  3.0360E-02
  7.4480E+01  3.4858E-01  3.0432E-02
  7.4784E+01  3.4837E-01  3.0517E-02
  7.5088E+01  3.4819E-01  3.0620E-02
  7.5392E+01  3.4804E-01  3.0747E-02
  7.5696E+01  3.4792E-01  3.0903E-02
  7.6000E+01  3.4785E-01  3.1089E-02
  7.6304E+01  3.4780E-01  3.1302E-02
  7.6608E+01  3.4778E-01  3.1536E-02
  7.6912E+01  3.4776E-01  3.1782E-02
  7.7216E+01  3.4774E-01  3.2030E-02
  7.7520E+01  3.4771E-01  3.2267E-02
  7.7824E+01  3.4763E-01  3.2486E-02
  7.8128E+01  3.4750E-01  3.2674E-02
  7.8432E+01  3.4731E-01  3.2821E-02
  7.8736E+01  3.4704E-01  3.2918E-02
  7.9040E+01  3.4670E-01  3.2961E-02
  7.9344E+01  3.4628E-01  3.2955E-02
  7.9648E+01  3.4581E-01  3.2913E-02
  7.9952E+01  3.4532E-01  3.2857E-02
  8.0256E+01  3.4485E-01  3.2811E-02
  8.0560E+01  3.4444E-01  3.2796E-02
  8.0864E+01  3.4410E-01  3.2824E-02
  8.1168E+01  3.4385E-01  3.2903E-02
  8.1472E+01  3.4370E-01  3.3030E-02
  8.1776E+01  3.4365E-01  3.3196E-02
  8.2080E+01  3.4367E-01  3.3389E-02
  8.2384E+01  3.4374E-01  3.3597E-02
  8.2688E+01  3.4383E-01  3.3807E-02
  8.2992E+01  3.4392E-01  3.4007E-02
  8.3296E+01  3.4398E-01  3.4189E-02
  8.3600E+01  3.4402E-01  3.4351E-02
  8.3904E+01  3.4401E-01  3.4491E-02
  8.4208E+01  3.4397E-01  3.4612E-02
  8.4512E+01  3.4390E-01  3.4719E-02
  8.4816E+01  3.4381E-01  3.4816E-02
  8.5120E+01  3.4370E-01  3.4909E-02
  8.5424E+01  3.4358E-01  3.5002E-02
  8.5728E+01  3.4347E-01  3.5102E-02
  8.6032E+01  3.4336E-01  3.5212E-02
  8.6336E+01  3.4326E-01  3.5335E-02
  8.6640E+01  3.4317E-01  3.5471E-02
  8.6944E+01  3.4310E-01  3.5619E-02
  8.7248E+01  3.4305E-01  3.5778E-02
  8.7552E+01  3.4301E-01  3.5946E-02
  8.7856E+01  3.4298E-01  3.6122E-02
  8.8160E+01  3.4296E-01  3.6299E-02
  8.8464E+01  3.4295E-01  3.6471E-02
  8.8768E+01  3.4293E-01  3.6631E-02
  8.9072E+01  3.4292E-01  3.6779E-02
  8.9376E+01  3.4290E-01  3.6915E-02
  8.9680E+01  3.4289E-01  3.7044E-02
  8.9984E+01  3.4289E-01  3.7173E-02
  9.0288E+01  3.4290E-01  3.7306E-02
  9.0592E+01  3.4292E-01  3.7446E-02
  9.0896E+01  3.4295E-01  3.7593E-02
  9.1200E+01  3.4300E-01  3.7744E-02
  9.1504E+01  3.4304E-01  3.7896E-02
  9.1808E+01  3.4309E-01  3.8048E-02
  9.2112E+01  3.4313E-01  3.8200E-02
  9.2416E+01  3.4317E-01  3.8352E-02
  9.2720E+01  3.4320E-01  3.8506E-02
  9.3024E+01  3.4324E-01  3.8661E-02
  9.3328E+01  3.4326E-01  3.8815E-02
  9.3632E+01  3.4328E-01  3.8966E-02
  9.3936E+01  3.4329E-01  3.9110E-02
  9.4240E+01  3.4327E-01  3.9245E-02
  9.4544E+01  3.4324E-01  3.9368E-02
  9.4848E+01  3.4319E-01  3.9480E-02
  9.5152E+01  3.4312E-01  3.9583E-02
  9.5456E+01  3.4304E-01  3.9678E-02
  9.5760E+01  3.4296E-01  3.9766E-02
  9.6064E+01  3.4287E-01  3.9848E-02
  9.6368E+01  3.4279E-01  3.9928E-02
  9.6672E+01  3.4272E-01  4.0011E-02
  9.6976E+01  3.4267E-01  4.0101E-02
  9.7280E+01  3.4263E-01  4.0204E-02
  9.7584E+01  3.4262E-01  4.0321E-02
  9.7888E+01  3.4263E-01  4.0453E-02
  9.8192E+01  3.4265E-01  4.0598E-02
  9.8496E+01  3.4268E-01  4.0754E-02
  9.8800E+01  3.4272E-01  4.0916E-02
  9.9104E+01  3.4276E-01  4.1082E-02
  9.9408E+01  3.4279E-01  4.1246E-02
  9.9712E+01  3.4282E-01  4.1408E-02
  1.0002E+02  3.4285E-01  4.1563E-02
  1.0032E+02  3.4286E-01  4.1713E-02
  1.0062E+02  3.4286E-01  4.1856E-02
  1.0093E+02  3.4285E-01  4.1992E-02
  1.0123E+02  3.4282E-01  4.2120E-02
  1.0154E+02  3.4277E-01  4.2238E-02
  1.0184E+02  3.4271E-01  4.2344E-02
  1.0214E+02  3.4261E-01  4.2438E-02
  1.0245E+02  3.4250E-01  4.2523E-02
  1.0275E+02  3.4237E-01  4.2600E-02
  1.0306E+02  3.4222E-01  4.2673E-02
  1.0336E+02  3.4206E-01  4.2745E-02
  1.0366E+02  3.4189E-01  4.2818E-02
  1.0397E+02  3.4172E-01  4.2892E-02
  1.0427E+02  3.4154E-01  4.2963E-02
  1.0458E+02  3.4136E-01  4.3028E-02
  1.0488E+02  3.4117E-01  4.3083E-02
  1.0518E+02  3.4099E-01  4.3128E-02
  1.0549E+02  3.4080E-01  4.3167E-02
  1.0579E+02  3.4062E-01  4.3206E-02
  1.0610E+02  3.4046E-01  4.3252E-02
  1.0640E+02  3.4031E-01  4.3312E-02
  1.0670E+02  3.4018E-01  4.3388E-02
  1.0701E+02  3.4007E-01  4.3481E-02
  1.0731E+02  3.3998E-01  4.3588E-02
  1.0762E+02  3.3990E-01  4.3705E-02
  1.0792E+02  3.3984E-01  4.3828E-02
  1.0822E+02  3.3979E-01  4.3954E-02
  1.0853E+02  3.3975E-01  4.4078E-02
  1.0883E+02  3.3970E-01  4.4196E-02
  1.0914E+02  3.3965E-01  4.4307E-02
  1.0944E+02  3.3959E-01  4.4410E-02
  1.0974E+02  3.3953E-01  4.4507E-02
  1.1005E+02  3.3945E-01  4.4601E-02
  1.1035E+02  3.3937E-01  4.4695E-02
  1.1066E+02  3.3928E-01  4.4795E-02
  1.1096E+02  3.3920E-01  4.4901E-02
  1.1126E+02  3.3912E-01  4.5014E-02
  1.1157E+02  3.3904E-01  4.5133E-02
  1.1187E+02  3.3897E-01  4.5257E-02
  1.1218E+02  3.3891E-01  4.5383E-02
  1.1248E+02  3.3886E-01  4.5511E-02
  1.1278E+02  3.3881E-01  4.5638E-02
  1.1309E+02  3.3876E-01  4.5763E-02
  1.1339E+02  3.3872E-01  4.5887E-02
  1.1370E+02  3.3868E-01  4.6009E-02
  1.1400E+02  3.3863E-01  4.6130E-02
  1.1430E+02  3.3859E-01  4.6252E-02
  1.1461E+02  3.3853E-01  4.6376E-02
  1.1491E+02  3.3848E-01  4.6504E-02
  1.1522E+02  3.3841E-01  4.6637E-02
  1.1552E+02  3.3834E-01  4.6776E-02
  1.1582E+02  3.3826E-01  4.6918E-02
  1.1613E+02  3.3816E-01  4.7061E-02
  1.1643E+02  3.3806E-01  4.7200E-02
  1.1674E+02  3.3794E-01  4.7330E-02
  1.1704E+02  3.3781E-01  4.7448E-02
  1.1734E+02  3.3766E-01  4.7553E-02
  1.1765E+02  3.3750E-01  4.7644E-02
  1.1795E+02  3.3732E-01  4.7720E-02
  1.1826E+02  3.3712E-01  4.7782E-02
  1.1856E+02  3.3691E-01  4.7829E-02
  1.1886E+02  3.3669E-01  4.7863E-02
  1.1917E+02  3.3645E-01  4.7884E-02
  1.1947E+02  3.3622E-01  4.7898E-02
  1.1978E+02  3.3598E-01  4.7908E-02
  1.2008E+02  3.3576E-01  4.7923E-02
  1.2038E+02  3.3554E-01  4.7946E-02
  1.2069E+02  3.3535E-01  4.7983E-02
  1.2099E+02  3.3517E-01  4.8033E-02
  1.2130E+02  3.3501E-01  4.8096E-02
  1.2160E+02  3.3486E-01  4.8168E-02
  1.2190E+02  3.3473E-01  4.8247E-02
  1.2221E+02  3.3461E-01  4.8331E-02
  1.2251E+02  3.3449E-01  4.8416E-02
  1.2282E+02  3.3438E-01  4.8502E-02
  1.2312E+02  3.3427E-01  4.8587E-02
  1.2342E+02  3.3416E-01  4.8672E-02
  1.2373E+02  3.3404E-01  4.8757E-02
  1.2403E+02  3.3393E-01  4.8842E-02
  1.2434E+02  3.3381E-01  4.8926E-02
  1.2464E+02  3.3369E-01  4.9011E-02
  1.2494E+02  3.3356E-01  4.9096E-02
  1.2525E+02  3.3344E-01  4.9183E-02
  1.2555E+02  3.3332E-01  4.9272E-02
  1.2586E+02  3.3320E-01  4.9365E-02
  1.2616E+02  3.3308E-01  4.9464E-02
  1.2646E+02  3.3297E-01  4.9570E-02
  1.2677E+02  3.3286E-01  4.9684E-02
  1.2707E+02  3.3275E-01  4.9804E-02
  1.2738E+02  3.3265E-01  4.9929E-02
  1.2768E+02  3.3254E-01  5.0056E-02
  1.2798E+02  3.3244E-01  5.0183E-02
  1.2829E+02  3.3233E-01  5.0307E-02
  1.2859E+02  3.3222E-01  5.0429E-02
  1.2890E+02  3.3211E-01  5.0549E-02
  1.2920E+02  3.3200E-01  5.0667E-02
  1.2950E+02  3.3188E-01  5.0782E-02
  1.2981E+02  3.3176E-01  5.0894E-02
  1.3011E+02  3.3163E-01  5.1003E-02
  1.3042E+02  3.3150E-01  5.1110E-02
  1.3072E+02  3.3137E-01  5.1213E-02
  1.3102E+02  3.3123E-01  5.1313E-02
  1.3133E+02  3.3109E-01  5.1409E-02
  1.3163E+02  3.3095E-01  5.1502E-02
  1.3194E+02  3.3081E-01  5.1592E-02
  1.3224E+02  3.3066E-01  5.1680E-02
  1.3254E+02  3.3052E-01  5.1770E-02
  1.3285E+02  3.3039E-01  5.1863E-02
  1.3315E+02  3.3025E-01  5.1959E-02
  1.3346E+02  3.3013E-01  5.2059E-02
  1.3376E+02  3.3001E-01  5.2163E-02
  1.3406E+02  3.2990E-01  5.2268E-02
  1.3437E+02  3.2979E-01  5.2374E-02
  1.3467E+02  3.2968E-01  5.2478E-02
  1.3498E+02  3.2958E-01  5.2580E-02
  1.3528E+02  3.2947E-01  5.2680E-02
  1.3558E+02  3.2937E-01  5.2777E-02
  1.3589E+02  3.2927E-01  5.2872E-02
  1.3619E+02  3.2917E-01  5.2966E-02
  1.3650E+02  3.2907E-01  5.3058E-02
  1.3680E+02  3.2897E-01  5.3150E-02
  1.3710E+02  3.2887E-01  5.3241E-02
  1.3741E+02  3.2877E-01  5.3333E-02
  1.3771E+02  3.2867E-01  5.3427E-02
  1.3802E+02  3.2858E-01  5.3522E-02
  1.3832E+02  3.2849E-01  5.3619E-02
  1.3862E+02  3.2840E-01  5.3717E-02
  1.3893E+02  3.2831E-01  5.3816E-02
  1.3923E+02  3.2822E-01  5.3915E-02
  1.3954E+02  3.2813E-01  5.4013E-02
  1.3984E+02  3.2804E-01  5.4109E-02
  1.4014E+02  3.2794E-01  5.4205E-02
  1.4045E+02  3.2785E-01  5.4300E-02
  1.4075E+02  3.2776E-01  5.4395E-02
  1.4106E+02  3.2766E-01  5.4490E-02
  1.4136E+02  3.2756E-01  5.4585E-02
  1.4166E+02  3.2745E-01  5.4679E-02
  1.4197E+02  3.2735E-01  5.4772E-02
  1.4227E+02  3.2724E-01  5.4863E-02
  1.4258E+02  3.2713E-01  5.4954E-02
  1.4288E+02  3.2702E-01  5.5043E-02
  1.4318E+02  3.2691E-01  5.5131E-02
  1.4349E+02  3.2680E-01  5.5218E-02
  1.4379E+02  3.2669E-01  5.5304E-02
  1.4410E+02  3.2659E-01  5.5392E-02
  1.4440E+02  3.2648E-01  5.5480E-02
  1.4470E+02  3.2638E-01  5.5569E-02
  1.4501E+02  3.2629E-01  5.5661E-02
  1.4531E+02  3.2619E-01  5.5756E-02
  1.4562E+02  3.2610E-01  5.5854E-02
  1.4592E+02  3.2600E-01  5.5954E-02
  1.4622E+02  3.2591E-01  5.6058E-02
  1.4653E+02  3.2582E-01  5.6164E-02
  1.4683E+02  3.2573E-01  5.6271E-02
  1.4714E+02  3.2564E-01  5.6377E-02
  1.4744E+02  3.2554E-01  5.6482E-02
  1.4774E+02  3.2545E-01  5.6584E-02
  1.4805E+02  3.2535E-01  5.6681E-02
  1.4835E+02  3.2526E-01  5.6774E-02
  1.4866E+02  3.2516E-01  5.6861E-02
  1.4896E+02  3.2505E-01  5.6945E-02
  1.4926E+02  3.2495E-01  5.7027E-02
  1.4957E+02  3.2484E-01  5.7108E-02
  1.4987E+02  3.2473E-01  5.7190E-02
  1.5018E+02  3.2463E-01  5.7274E-02
  1.5048E+02  3.2452E-01  5.7361E-02
  1.5078E+02  3.2441E-01  5.7450E-02
  1.5109E+02  3.2431E-01  5.7541E-02
  1.5139E+02  3.2421E-01  5.7633E-02
  1.5170E+02  3.2411E-01  5.7726E-02
  1.5200E+02  3.2401E-01  5.7820E-02
  1.5230E+02  3.2392E-01  5.7914E-02
  1.5261E+02  3.2382E-01  5.8009E-02
  1.5291E+02  3.2373E-01  5.8103E-02
  1.5322E+02  3.2364E-01  5.8197E-02
  1.5352E+02  3.2355E-01  5.8290E-02
  1.5382E+02  3.2346E-01  5.8382E-02
  1.5413E+02  3.2337E-01  5.8474E-02
  1.5443E+02  3.2328E-01  5.8566E-02
  1.5474E+02  3.2319E-01  5.8659E-02
  1.5504E+02  3.2310E-01  5.8753E-02
  1.5534E+02  3.2301E-01  5.8849E-02
  1.5565E+02  3.2292E-01  5.8946E-02
  1.5595E+02  3.2283E-01  5.9043E-02
  1.5626E+02  3.2274E-01  5.9140E-02
  1.5656E+02  3.2265E-01  5.9234E-02
  1.5686E+02  3.2257E-01  5.9326E-02
  1.5717E+02  3.2248E-01  5.9415E-02
  1.5747E+02  3.2238E-01  5.9501E-02
  1.5778E+02  3.2229E-01  5.9583E-02
  1.5808E+02  3.2220E-01  5.9662E-02
  1.5838E+02  3.2210E-01  5.9739E-02
  1.5869E+02  3.2201E-01  5.9816E-02
  1.5899E+02  3.2191E-01  5.9892E-02
  1.5930E+02  3.2181E-01  5.9970E-02
  1.5960E+02  3.2171E-01  6.0050E-02
  1.5990E+02  3.2162E-01  6.0131E-02
  1.6021E+02  3.2152E-01  6.0215E-02
  1.6051E+02  3.2143E-01  6.0300E-02
  1.6082E+02  3.2134E-01  6.0387E-02
  1.6112E+02  3.2125E-01  6.0474E-02
  1.6142E+02  3.2116E-01  6.0561E-02
  1.6173E+02  3.2106E-01  6.0648E-02
  1.6203E+02  3.2097E-01  6.0735E-02
  1.6234E+02  3.2087E-01  6.0820E-02
  1.6264E+02  3.2078E-01  6.0905E-02
  1.6294E+02  3.2068E-01  6.0988E-02
  1.6325E+02  3.2059E-01  6.1071E-02
  1.6355E+02  3.2049E-01  6.1154E-02
  1.6386E+02  3.2039E-01  6.1237E-02
  1.6416E+02  3.2030E-01  6.1320E-02
  1.6446E+02  3.2020E-01  6.1405E-02
  1.6477E+02  3.2011E-01  6.1492E-02
  1.6507E+02  3.2002E-01  6.1580E-02
  1.6538E+02  3.1992E-01  6.1670E-02
  1.6568E+02  3.1983E-01  6.1760E-02
  1.6598E+02  3.1974E-01  6.1852E-02
  1.6629E+02  3.1964E-01  6.1943E-02
  1.6659E+02  3.1955E-01  6.2034E-02
  1.6690E+02  3.1945E-01  6.2124E-02
  1.6720E+02  3.1936E-01  6.2213E-02
  1.6750E+02  3.1926E-01  6.2302E-02
  1.6781E+02  3.1916E-01  6.2390E-02
  1.6811E+02  3.1907E-01  6.2477E-02
  1.6842E+02  3.1897E-01  6.2563E-02
  1.6872E+02  3.1887E-01  6.2649E-02
  1.6902E+02  3.1877E-01  6.2734E-02
  1.6933E+02  3.1867E-01  6.2819E-02
  1.6963E+02  3.1857E-01  6.2904E-02
  1.6994E+02  3.1846E-01  6.2987E-02
  1.7024E+02  3.1836E-01  6.3069E-02
  1.7054E+02  3.1826E-01  6.3151E-02
  1.7085E+02  3.1815E-01  6.3231E-02
  1.7115E+02  3.1805E-01  6.3311E-02
  1.7146E+02  3.1795E-01  6.3390E-02
  1.7176E+02  3.1784E-01  6.3469E-02
  1.7206E+02  3.1774E-01  6.3548E-02
  1.7237E+02  3.1763E-01  6.3629E-02
  1.7267E+02  3.1753E-01  6.3710E-02
  1.7298E+02  3.1743E-01  6.3792E-02
  1.7328E+02  3.1732E-01  6.3874E-02
  1.7358E+02  3.1722E-01  6.3958E-02
  1.7389E+02  3.1711E-01  6.4041E-02
  1.7419E+02  3.1701E-01  6.4125E-02
  1.7450E+02  3.1690E-01  6.4208E-02
  1.7480E+02  3.1680E-01  6.4291E-02
  1.7510E+02  3.1669E-01  6.4374E-02
  1.7541E+02  3.1659E-01  6.4456E-02
  1.7571E+02  3.1648E-01  6.4538E-02
  1.7602E+02  3.1638E-01  6.4619E-02
  1.7632E+02  3.1627E-01  6.4700E-02
  1.7662E+02  3.1616E-01  6.4780E-02
  1.7693E+02  3.1605E-01  6.4860E-02
  1.7723E+02  3.1594E-01  6.4938E-02
  1.7754E+02  3.1583E-01  6.5015E-02
  1.7784E+02  3.1572E-01  6.5091E-02
  1.7814E+02  3.1561E-01  6.5166E-02
  1.7845E+02  3.1550E-01  6.5241E-02
  1.7875E+02  3.1540E-01  6.5315E-02
  1.7906E+02  3.1529E-01  6.5389E-02
  1.7936E+02  3.1518E-01  6.5465E-02
  1.7966E+02  3.1508E-01  6.5542E-02
  1.7997E+02  3.1497E-01  6.5620E-02
  1.8027E+02  3.1487E-01  6.5701E-02
  1.8058E+02  3.1477E-01  6.5783E-02
  1.8088E+02  3.1466E-01  6.5866E-02
  1.8118E+02  3.1456E-01  6.5950E-02
  1.8149E+02  3.1446E-01  6.6035E-02
  1.8179E+02  3.1436E-01  6.6120E-02
  1.8210E+02  3.1425E-01  6.6204E-02
  1.8240E+02  3.1415E-01  6.6288E-02
  1.8270E+02  3.1405E-01  6.6372E-02
  1.8301E+02  3.1395E-01  6.6454E-02
  1.8331E+02  3.1384E-01  6.6536E-02
  1.8362E+02  3.1374E-01  6.6617E-02
  1.8392E+02  3.1364E-01  6.6697E-02
  1.8422E+02  3.1353E-01  6.6778E-02
  1.8453E+02  3.1343E-01  6.6859E-02
  1.8483E+02  3.1332E-01  6.6942E-02
  1.8514E+02  3.1321E-01  6.7025E-02
  1.8544E+02  3.1311E-01  6.7109E-02
  1.8574E+02  3.1300E-01  6.7193E-02
  1.8605E+02  3.1289E-01  6.7278E-02
  1.8635E+02  3.1278E-01  6.7362E-02
  1.8666E+02  3.1267E-01  6.7446E-02
  1.8696E+02  3.1256E-01  6.7529E-02
  1.8726E+02  3.1245E-01  6.7610E-02
  1.8757E+02  3.1234E-01  6.7691E-02
  1.8787E+02  3.1222E-01  6.7770E-02
  1.8818E+02  3.1211E-01  6.7849E-02
  1.8848E+02  3.1200E-01  6.7927E-02
  1.8878E+02  3.1188E-01  6.8004E-02
  1.8909E+02  3.1176E-01  6.8080E-02
  1.8939E+02  3.1165E-01  6.8157E-02
  1.8970E+02  3.1153E-01  6.8234E-02
  1.9000E+02  3.1142E-01  6.8311E-02
  1.9030E+02  3.1130E-01  6.8388E-02
  1.9061E+02  3.1119E-01  6.8465E-02
  1.9091E+02  3.1108E-01  6.8544E-02
  1.9122E+02  3.1096E-01  6.8623E-02
  1.9152E+02  3.1085E-01  6.8702E-02
  1.9182E+02  3.1074E-01  6.8782E-02
  1.9213E+02  3.1063E-01  6.8862E-02
  1.9243E+02  3.1053E-01  6.8942E-02
  1.9274E+02  3.1042E-01  6.9022E-02
  1.9304E+02  3.1031E-01  6.9102E-02
  1.9334E+02  3.1020E-01  6.9182E-02
  1.9365E+02  3.1010E-01  6.9262E-02
  1.9395E+02  3.0999E-01  6.9342E-02
  1.9426E+02  3.0988E-01  6.9422E-02
  1.9456E+02  3.0978E-01  6.9502E-02
  1.9486E+02  3.0967E-01  6.9582E-02
  1.9517E+02  3.0957E-01  6.9663E-02
  1.9547E+02  3.0946E-01  6.9743E-02
  1.9578E+02  3.0935E-01  6.9823E-02
  1.9608E+02  3.0925E-01  6.9903E-02
  1.9638E+02  3.0914E-01  6.9983E-02
  1.9669E+02  3.0904E-01  7.0061E-02
  1.9699E+02  3.0893E-01  7.0140E-02
  1.9730E+02  3.0883E-01  7.0218E-02
  1.9760E+02  3.0873E-01  7.0295E-02
  1.9790E+02  3.0862E-01  7.0372E-02
  1.9821E+02  3.0852E-01  7.0450E-02
  1.9851E+02  3.0841E-01  7.0527E-02
  1.9882E+02  3.0831E-01  7.0605E-02
  1.9912E+02  3.0821E-01  7.0683E-02
  1.9942E+02  3.0810E-01  7.0761E-02
  1.9973E+02  3.0800E-01  7.0840E-02
  2.0003E+02  3.0789E-01  7.0919E-02
  2.0034E+02  3.0779E-01  7.0997E-02
  2.0064E+02  3.0769E-01  7.1076E-02
  2.0094E+02  3.0758E-01  7.1154E-02
  2.0125E+02  3.0748E-01  7.1232E-02
  2.0155E+02  3.0738E-01  7.1309E-02
  2.0186E+02  3.0727E-01  7.1387E-02
  2.0216E+02  3.0717E-01  7.1464E-02
  2.0246E+02  3.0707E-01  7.1541E-02
  2.0277E+02  3.0696E-01  7.1618E-02
  2.0307E+02  3.0686E-01  7.1695E-02
  2.0338E+02  3.0675E-01  7.1771E-02
  2.0368E+02  3.0665E-01  7.1847E-02
  2.0398E+02  3.0655E-01  7.1923E-02
  2.0429E+02  3.0644E-01  7.1999E-02
  2.0459E+02  3.0634E-01  7.2074E-02
  2.0490E+02  3.0623E-01  7.2149E-02
  2.0520E+02  3.0613E-01  7.2224E-02
  2.0550E+02  3.0602E-01  7.2299E-02
  2.0581E+02  3.0592E-01  7.2374E-02
  2.0611E+02  3.0581E-01  7.2449E-02
  2.0642E+02  3.0571E-01  7.2524E-02
  2.0672E+02  3.0561E-01  7.2600E-02
  2.0702E+02  3.0550E-01  7.2675E-02
  2.0733E+02  3.0540E-01  7.2750E-02
  2.0763E+02  3.0529E-01  7.2825E-02
  2.0794E+02  3.0519E-01  7.2900E-02
  2.0824E+02  3.0509E-01  7.2975E-02
  2.0854E+02  3.0499E-01  7.3049E-02
  2.0885E+02  3.0488E-01  7.3124E-02
  2.0915E+02  3.0478E-01  7.3199E-02
  2.0946E+02  3.0468E-01  7.3273E-02
  2.0976E+02  3.0458E-01  7.3348E-02
  2.1006E+02  3.0448E-01  7.3422E-02
  2.1037E+02  3.0437E-01  7.3497E-02
  2.1067E+02  3.0427E-01  7.3572E-02
  2.1098E+02  3.0417E-01  7.3646E-02
  2.1128E+02  3.0407E-01  7.3721E-02
  2.1158E+02  3.0397E-01  7.3796E-02
  2.1189E+02  3.0387E-01  7.3871E-02
  2.1219E+02  3.0377E-01  7.3946E-02
  2.1250E+02  3.0367E-01  7.4022E-02
  2.1280E+02  3.0358E-01  7.4097E-02
  2.1310E+02  3.0348E-01  7.4172E-02
  2.1341E+02  3.0338E-01  7.4248E-02
  2.1371E+02  3.0328E-01  7.4323E-02
  2.1402E+02  3.0318E-01  7.4398E-02
  2.1432E+02  3.0309E-01  7.4474E-02
  2.1462E+02  3.0299E-01  7.4549E-02
  2.1493E+02  3.0289E-01  7.4624E-02
  2.1523E+02  3.0279E-01  7.4700E-02
  2.1554E+02  3.0270E-01  7.4775E-02
  2.1584E+02  3.0260E-01  7.4850E-02
  2.1614E+02  3.0250E-01  7.4925E-02
  2.1645E+02  3.0241E-01  7.4999E-02
  2.1675E+02  3.0231E-01  7.5074E-02
  2.1706E+02  3.0221E-01  7.5148E-02
  2.1736E+02  3.0212E-01  7.5223E-02
  2.1766E+02  3.0202E-01  7.5298E-02
  2.1797E+02  3.0193E-01  7.5373E-02
  2.1827E+02  3.0183E-01  7.5447E-02
  2.1858E+02  3.0174E-01  7.5522E-02
  2.1888E+02  3.0164E-01  7.5598E-02
  2.1918E+02  3.0155E-01  7.5673E-02
  2.1949E+02  3.0145E-01  7.5748E-02
  2.1979E+02  3.0136E-01  7.5823E-02
  2.2010E+02  3.0126E-01  7.5899E-02
  2.2040E+02  3.0117E-01  7.5974E-02
  2.2070E+02  3.0107E-01  7.6049E-02
  2.2101E+02  3.0098E-01  7.6125E-02
  2.2131E+02  3.0088E-01  7.6200E-02
  2.2162E+02  3.0079E-01  7.6275E-02
  2.2192E+02  3.0070E-01  7.6350E-02
  2.2222E+02  3.0060E-01  7.6425E-02
  2.2253E+02  3.0051E-01  7.6500E-02
  2.2283E+02  3.0042E-01  7.6574E-02
  2.2314E+02  3.0032E-01  7.6649E-02
  2.2344E+02  3.0023E-01  7.6724E-02
  2.2374E+02  3.0014E-01  7.6798E-02
  2.2405E+02  3.0004E-01  7.6873E-02
  2.2435E+02  2.9995E-01  7.6947E-02
  2.2466E+02  2.9985E-01  7.7022E-02
  2.2496E+02  2.9976E-01  7.7096E-02
  2.2526E+02  2.9966E-01  7.7171E-02
  2.2557E+02  2.9957E-01  7.7245E-02
  2.2587E+02  2.9947E-01  7.7320E-02
  2.2618E+02  2.9938E-01  7.7394E-02
  2.2648E+02  2.9928E-01  7.7468E-02
  2.2678E+02  2.9919E-01  7.7543E-02
  2.2709E+02  2.9909E-01  7.7617E-02
  2.2739E+02  2.9900E-01  7.7691E-02
  2.2770E+02  2.9890E-01  7.7765E-02
  2.2800E+02  2.9881E-01  7.7840E-02
  2.2830E+02  2.9871E-01  7.7914E-02
  2.2861E+02  2.9862E-01  7.7988E-02
  2.2891E+02  2.9852E-01  7.8063E-02
  2.2922E+02  2.9842E-01  7.8137E-02
  2.2952E+02  2.9833E-01  7.8212E-02
  2.2982E+02  2.9823E-01  7.8286E-02
  2.3013E+02  2.9814E-01  7.8361E-02
  2.3043E+02  2.9804E-01  7.8436E-02
  2.3074E+02  2.9795E-01  7.8510E-02
  2.3104E+02  2.9785E-01  7.8585E-02
  2.3134E+02  2.9776E-01  7.8659E-02
  2.3165E+02  2.9766E-01  7.8734E-02
  2.3195E+02  2.9756E-01  7.8808E-02
  2.3226E+02  2.9747E-01  7.8882E-02
  2.3256E+02  2.9737E-01  7.8956E-02
  2.3286E+02  2.9728E-01  7.9030E-02
  2.3317E+02  2.9718E-01  7.9104E-02
  2.3347E+02  2.9708E-01  7.9178E-02
  2.3378E+02  2.9698E-01  7.9252E-02
  2.3408E+02  2.9689E-01  7.9325E-02
  2.3438E+02  2.9679E-01  7.9398E-02
  2.3469E+02  2.9669E-01  7.9471E-02
  2.3499E+02  2.9660E-01  7.9544E-02
  2.3530E+02  2.9650E-01  7.9616E-02
  2.3560E+02  2.9640E-01  7.9688E-02
  2.3590E+02  2.9631E-01  7.9761E-02
  2.3621E+02  2.9621E-01  7.9832E-02
  2.3651E+02  2.9611E-01  7.9904E-02
  2.3682E+02  2.9602E-01  7.9976E-02
  2.3712E+02  2.9592E-01  8.0047E-02
  2.3742E+02  2.9582E-01  8.0118E-02
  2.3773E+02  2.9573E-01  8.0189E-02
  2.3803E+02  2.9563E-01  8.0259E-02
  2.3834E+02  2.9554E-01  8.0330E-02
  2.3864E+02  2.9544E-01  8.0400E-02
  2.3894E+02  2.9534E-01  8.0470E-02
  2.3925E+02  2.9525E-01  8.0541E-02
  2.3955E+02  2.9515E-01  8.0611E-02
  2.3986E+02  2.9506E-01  8.0681E-02
  2.4016E+02  2.9496E-01  8.0752E-02
  2.4046E+02  2.9486E-01  8.0822E-02
  2.4077E+02  2.9477E-01  8.0892E-02
  2.4107E+02  2.9467E-01  8.0963E-02
  2.4138E+02  2.9457E-01  8.1033E-02
  2.4168E+02  2.9448E-01  8.1103E-02
  2.4198E+02  2.9438E-01  8.1173E-02
  2.4229E+02  2.9429E-01  8.1243E-02
  2.4259E+02  2.9419E-01  8.1313E-02
  2.4290E+02  2.9409E-01  8.1382E-02
  2.4320E+02  2.9400E-01  8.1452E-02
  2.4350E+02  2.9390E-01  8.1522E-02
  2.4381E+02  2.9380E-01  8.1592E-02
  2.4411E+02  2.9371E-01  8.1661E-02
  2.4442E+02  2.9361E-01  8.1731E-02
  2.4472E+02  2.9351E-01  8.1800E-02
  2.4502E+02  2.9342E-01  8.1869E-02
  2.4533E+02  2.9332E-01  8.1939E-02
  2.4563E+02  2.9322E-01  8.2008E-02
  2.4594E+02  2.9313E-01  8.2077E-02
  2.4624E+02  2.9303E-01  8.2146E-02
  2.4654E+02  2.9293E-01  8.2215E-02
  2.4685E+02  2.9283E-01  8.2284E-02
  2.4715E+02  2.9274E-01  8.2353E-02
  2.4746E+02  2.9264E-01  8.2421E-02
  2.4776E+02  2.9254E-01  8.2490E-02
  2.4806E+02  2.9245E-01  8.2558E-02
  2.4837E+02  2.9235E-01  8.2627E-02
  2.4867E+02  2.9225E-01  8.2695E-02
  2.4898E+02  2.9216E-01  8.2764E-02
  2.4928E+02  2.9206E-01  8.2832E-02
  2.4958E+02  2.9196E-01  8.2900E-02
  2.4989E+02  2.9187E-01  8.2968E-02
  2.5019E+02  2.9177E-01  8.3036E-02
  2.5050E+02  2.9167E-01  8.3104E-02
  2.5080E+02  2.9157E-01  8.3172E-02
  2.5110E+02  2.9148E-01  8.3239E-02
  2.5141E+02  2.9138E-01  8.3307E-02
  2.5171E+02  2.9128E-01  8.3375E-02
  2.5202E+02  2.9119E-01  8.3443E-02
  2.5232E+02  2.9109E-01  8.3510E-02
  2.5262E+02  2.9099E-01  8.3578E-02
  2.5293E+02  2.9090E-01  8.3646E-02
  2.5323E+02  2.9080E-01  8.3713E-02
  2.5354E+02  2.9070E-01  8.3781E-02
  2.5384E+02  2.9060E-01  8.3848E-02
  2.5414E+02  2.9051E-01  8.3915E-02
  2.5445E+02  2.9041E-01  8.3982E-02
  2.5475E+02  2.9031E-01  8.4050E-02
  2.5506E+02  2.9022E-01  8.4116E-02
  2.5536E+02  2.9012E-01  8.4183E-02
  2.5566E+02  2.9002E-01  8.4250E-02
  2.5597E+02  2.8993E-01  8.4317E-02
  2.5627E+02  2.8983E-01  8.4383E-02
  2.5658E+02  2.8973E-01  8.4450E-02
  2.5688E+02  2.8964E-01  8.4516E-02
  2.5718E+02  2.8954E-01  8.4583E-02
  2.5749E+02  2.8944E-01  8.4649E-02
  2.5779E+02  2.8934E-01  8.4716E-02
  2.5810E+02  2.8925E-01  8.4782E-02
  2.5840E+02  2.8915E-01  8.4848E-02
  2.5870E+02  2.8905E-01  8.4915E-02
  2.5901E+02  2.8896E-01  8.4981E-02
  2.5931E+02  2.8886E-01  8.5047E-02
  2.5962E+02  2.8876E-01  8.5113E-02
  2.5992E+02  2.8866E-01  8.5179E-02
  2.6022E+02  2.8857E-01  8.5245E-02
  2.6053E+02  2.8847E-01  8.5311E-02
  2.6083E+02  2.8837E-01  8.5376E-02
  2.6114E+02  2.8827E-01  8.5442E-02
  2.6144E+02  2.8818E-01  8.5507E-02
  2.6174E+02  2.8808E-01  8.5572E-02
  2.6205E+02  2.8798E-01  8.5637E-02
  2.6235E+02  2.8788E-01  8.5702E-02
  2.6266E+02  2.8779E-01  8.5767E-02
  2.6296E+02  2.8769E-01  8.5832E-02
  2.6326E+02  2.8759E-01  8.5897E-02
  2.6357E+02  2.8749E-01  8.5962E-02
  2.6387E+02  2.8739E-01  8.6027E-02
  2.6418E+02  2.8730E-01  8.6092E-02
  2.6448E+02  2.8720E-01  8.6157E-02
  2.6478E+02  2.8710E-01  8.6222E-02
  2.6509E+02  2.8700E-01  8.6286E-02
  2.6539E+02  2.8691E-01  8.6351E-02
  2.6570E+02  2.8681E-01  8.6416E-02
  2.6600E+02  2.8671E-01  8.6480E-02
  2.6630E+02  2.8661E-01  8.6545E-02
  2.6661E+02  2.8651E-01  8.6610E-02
  2.6691E+02  2.8642E-01  8.6674E-02
  2.6722E+02  2.8632E-01  8.6739E-02
  2.6752E+02  2.8622E-01  8.6803E-02
  2.6782E+02  2.8612E-01  8.6867E-02
  2.6813E+02  2.8603E-01  8.6932E-02
  2.6843E+02  2.8593E-01  8.6996E-02
  2.6874E+02  2.8583E-01  8.7060E-02
  2.6904E+02  2.8573E-01  8.7124E-02
  2.6934E+02  2.8564E-01  8.7188E-02
  2.6965E+02  2.8554E-01  8.7252E-02
  2.6995E+02  2.8544E-01  8.7316E-02
  2.7026E+02  2.8534E-01  8.7380E-02
  2.7056E+02  2.8524E-01  8.7444E-02
  2.7086E+02  2.8515E-01  8.7508E-02
  2.7117E+02  2.8505E-01  8.7572E-02
  2.7147E+02  2.8495E-01  8.7636E-02
  2.7178E+02  2.8485E-01  8.7699E-02
  2.7208E+02  2.8476E-01  8.7763E-02
  2.7238E+02  2.8466E-01  8.7826E-02
  2.7269E+02  2.8456E-01  8.7889E-02
  2.7299E+02  2.8446E-01  8.7952E-02
  2.7330E+02  2.8437E-01  8.8015E-02
  2.7360E+02  2.8427E-01  8.8078E-02
  2.7390E+02  2.8417E-01  8.8142E-02
  2.7421E+02  2.8407E-01  8.8205E-02
  2.7451E+02  2.8398E-01  8.8268E-02
  2.7482E+02  2.8388E-01  8.8331E-02
  2.7512E+02  2.8378E-01  8.8394E-02
  2.7542E+02  2.8368E-01  8.8457E-02
  2.7573E+02  2.8359E-01  8.8520E-02
  2.7603E+02  2.8349E-01  8.8583E-02
  2.7634E+02  2.8339E-01  8.8646E-02
  2.7664E+02  2.8329E-01  8.8709E-02
  2.7694E+02  2.8320E-01  8.8771E-02
  2.7725E+02  2.8310E-01  8.8834E-02
  2.7755E+02  2.8300E-01  8.8897E-02
  2.7786E+02  2.8291E-01  8.8959E-02
  2.7816E+02  2.8281E-01  8.9022E-02
  2.7846E+02  2.8271E-01  8.9084E-02
  2.7877E+02  2.8261E-01  8.9146E-02
  2.7907E+02  2.8252E-01  8.9209E-02
  2.7938E+02  2.8242E-01  8.9271E-02
  2.7968E+02  2.8232E-01  8.9333E-02
  2.7998E+02  2.8222E-01  8.9395E-02
  2.8029E+02  2.8213E-01  8.9457E-02
  2.8059E+02  2.8203E-01  8.9519E-02
  2.8090E+02  2.8193E-01  8.9581E-02
  2.8120E+02  2.8184E-01  8.9643E-02
  2.8150E+02  2.8174E-01  8.9705E-02
  2.8181E+02  2.8164E-01  8.9767E-02
  2.8211E+02  2.8154E-01  8.9829E-02
  2.8242E+02  2.8145E-01  8.9891E-02
  2.8272E+02  2.8135E-01  8.9953E-02
  2.8302E+02  2.8125E-01  9.0014E-02
  2.8333E+02  2.8116E-01  9.0076E-02
  2.8363E+02  2.8106E-01  9.0138E-02
  2.8394E+02  2.8096E-01  9.0199E-02
  2.8424E+02  2.8086E-01  9.0260E-02
  2.8454E+02  2.8077E-01  9.0322E-02
  2.8485E+02  2.8067E-01  9.0383E-02
  2.8515E+02  2.8057E-01  9.0445E-02
  2.8546E+02  2.8047E-01  9.0506E-02
  2.8576E+02  2.8038E-01  9.0567E-02
  2.8606E+02  2.8028E-01  9.0628E-02
  2.8637E+02  2.8018E-01  9.0689E-02
  2.8667E+02  2.8009E-01  9.0750E-02
  2.8698E+02  2.7999E-01  9.0811E-02
  2.8728E+02  2.7989E-01  9.0872E-02
  2.8758E+02  2.7979E-01  9.0933E-02
  2.8789E+02  2.7970E-01  9.0994E-02
  2.8819E+02  2.7960E-01  9.1054E-02
  2.8850E+02  2.7950E-01  9.1115E-02
  2.8880E+02  2.7940E-01  9.1175E-02
  2.8910E+02  2.7931E-01  9.1236E-02
  2.8941E+02  2.7921E-01  9.1296E-02
  2.8971E+02  2.7911E-01  9.1357E-02
  2.9002E+02  2.7902E-01  9.1417E-02
  2.9032E+02  2.7892E-01  9.1477E-02
  2.9062E+02  2.7882E-01  9.1538E-02
  2.9093E+02  2.7872E-01  9.1598E-02
  2.9123E+02  2.7863E-01  9.1658E-02
  2.9154E+02  2.7853E-01  9.1718E-02
  2.9184E+02  2.7843E-01  9.1778E-02
  2.9214E+02  2.7833E-01  9.1838E-02
  2.9245E+02  2.7824E-01  9.1899E-02
  2.9275E+02  2.7814E-01  9.1958E-02
  2.9306E+02  2.7804E-01  9.2018E-02
  2.9336E+02  2.7795E-01  9.2078E-02
  2.9366E+02  2.7785E-01  9.2138E-02
  2.9397E+02  2.7775E-01  9.2198E-02
  2.9427E+02  2.7765E-01  9.2257E-02
  2.9458E+02  2.7756E-01  9.2317E-02
  2.9488E+02  2.7746E-01  9.2377E-02
  2.9518E+02  2.7736E-01  9.2436E-02
  2.9549E+02  2.7727E-01  9.2495E-02
  2.9579E+02  2.7717E-01  9.2555E-02
  2.9610E+02  2.7707E-01  9.2614E-02
  2.9640E+02  2.7697E-01  9.2673E-02
  2.9670E+02  2.7688E-01  9.2733E-02
  2.9701E+02  2.7678E-01  9.2792E-02
  2.9731E+02  2.7668E-01  9.2851E-02
  2.9762E+02  2.7659E-01  9.2910E-02
  2.9792E+02  2.7649E-01  9.2969E-02
  2.9822E+02  2.7639E-01  9.3028E-02
  2.9853E+02  2.7630E-01  9.3087E-02
  2.9883E+02  2.7620E-01  9.3146E-02
  2.9914E+02  2.7610E-01  9.3204E-02
  2.9944E+02  2.7600E-01  9.3263E-02
  2.9974E+02  2.7591E-01  9.3322E-02
  3.0005E+02  2.7581E-01  9.3381E-02
  3.0035E+02  2.7571E-01  9.3439E-02
  3.0066E+02  2.7562E-01  9.3498E-02
  3.0096E+02  2.7552E-01  9.3556E-02
  3.0126E+02  2.7542E-01  9.3614E-02
  3.0157E+02  2.7533E-01  9.3673E-02
  3.0187E+02  2.7523E-01  9.3731E-02
  3.0218E+02  2.7513E-01  9.3789E-02
  3.0248E+02  2.7504E-01  9.3847E-02
  3.0278E+02  2.7494E-01  9.3906E-02
  3.0309E+02  2.7484E-01  9.3964E-02
  3.0339E+02  2.7475E-01  9.4022E-02
  3.0370E+02  2.7465E-01  9.4080E-02
  3.0400E+02  2.7455E-01  9.4137E-02
  3.0430E+02  2.7446E-01  9.4195E-02
  3.0461E+02  2.7436E-01  9.4253E-02
  3.0491E+02  2.7426E-01  9.4311E-02
  3.0522E+02  2.7417E-01  9.4369E-02
  3.0552E+02  2.7407E-01  9.4426E-02
  3.0582E+02  2.7397E-01  9.4484E-02
  3.0613E+02  2.7388E-01  9.4541E-02
  3.0643E+02  2.7378E-01  9.4599E-02
  3.0674E+02  2.7368E-01  9.4656E-02
  3.0704E+02  2.7359E-01  9.4714E-02
  3.0734E+02  2.7349E-01  9.4771E-02
  3.0765E+02  2.7339E-01  9.4828E-02
  3.0795E+02  2.7330E-01  9.4885E-02
  3.0826E+02  2.7320E-01  9.4942E-02
  3.0856E+02  2.7310E-01  9.5000E-02
  3.0886E+02  2.7301E-01  9.5057E-02
  3.0917E+02  2.7291E-01  9.5114E-02
  3.0947E+02  2.7281E-01  9.5170E-02
  3.0978E+02  2.7272E-01  9.5227E-02
  3.1008E+02  2.7262E-01  9.5284E-02
  3.1038E+02  2.7253E-01  9.5341E-02
  3.1069E+02  2.7243E-01  9.5398E-02
  3.1099E+02  2.7233E-01  9.5455E-02
  3.1130E+02  2.7224E-01  9.5511E-02
  3.1160E+02  2.7214E-01  9.5568E-02
  3.1190E+02  2.7204E-01  9.5624E-02
  3.1221E+02  2.7195E-01  9.5681E-02
  3.1251E+02  2.7185E-01  9.5737E-02
  3.1282E+02  2.7176E-01  9.5794E-02
  3.1312E+02  2.7166E-01  9.5850E-02
  3.1342E+02  2.7156E-01  9.5906E-02
  3.1373E+02  2.7147E-01  9.5963E-02
  3.1403E+02  2.7137E-01  9.6019E-02
  3.1434E+02  2.7128E-01  9.6075E-02
  3.1464E+02  2.7118E-01  9.6131E-02
  3.1494E+02  2.7108E-01  9.6187E-02
  3.1525E+02  2.7099E-01  9.6243E-02
  3.1555E+02  2.7089E-01  9.6299E-02
  3.1586E+02  2.7080E-01  9.6355E-02
  3.1616E+02  2.7070E-01  9.6411E-02
  3.1646E+02  2.7061E-01  9.6467E-02
  3.1677E+02  2.7051E-01  9.6522E-02
  3.1707E+02  2.7041E-01  9.6578E-02
  3.1738E+02  2.7032E-01  9.6634E-02
  3.1768E+02  2.7022E-01  9.6689E-02
  3.1798E+02  2.7013E-01  9.6745E-02
  3.1829E+02  2.7003E-01  9.6800E-02
  3.1859E+02  2.6993E-01  9.6855E-02
  3.1890E+02  2.6984E-01  9.6911E-02
  3.1920E+02  2.6974E-01  9.6966E-02
  3.1950E+02  2.6965E-01  9.7021E-02
  3.1981E+02  2.6955E-01  9.7076E-02
  3.2011E+02  2.6946E-01  9.7132E-02
  3.2042E+02  2.6936E-01  9.7187E-02
  3.2072E+02  2.6927E-01  9.7242E-02
  3.2102E+02  2.6917E-01  9.7297E-02
  3.2133E+02  2.6907E-01  9.7352E-02
  3.2163E+02  2.6898E-01  9.7407E-02
  3.2194E+02  2.6888E-01  9.7461E-02
  3.2224E+02  2.6879E-01  9.7516E-02
  3.2254E+02  2.6869E-01  9.7571E-02
  3.2285E+02  2.6860E-01  9.7626E-02
  3.2315E+02  2.6850E-01  9.7681E-02
  3.2346E+02  2.6841E-01  9.7735E-02
  3.2376E+02  2.6831E-01  9.7790E-02
  3.2406E+02  2.6822E-01  9.7844E-02
  3.2437E+02  2.6812E-01  9.7899E-02
  3.2467E+02  2.6803E-01  9.7953E-02
  3.2498E+02  2.6793E-01  9.8008E-02
  3.2528E+02  2.6784E-01  9.8062E-02
  3.2558E+02  2.6774E-01  9.8116E-02
  3.2589E+02  2.6764E-01  9.8170E-02
  3.2619E+02  2.6755E-01  9.8225E-02
  3.2650E+02  2.6745E-01  9.8279E-02
  3.2680E+02  2.6736E-01  9.8333E-02
  3.2710E+02  2.6726E-01  9.8387E-02
  3.2741E+02  2.6717E-01  9.8441E-02
  3.2771E+02  2.6707E-01  9.8495E-02
  3.2802E+02  2.6698E-01  9.8549E-02
  3.2832E+02  2.6688E-01  9.8602E-02
  3.2862E+02  2.6679E-01  9.8656E-02
  3.2893E+02  2.6669E-01  9.8710E-02
  3.2923E+02  2.6660E-01  9.8763E-02
  3.2954E+02  2.6650E-01  9.8817E-02
  3.2984E+02  2.6641E-01  9.8871E-02
  3.3014E+02  2.6631E-01  9.8924E-02
  3.3045E+02  2.6622E-01  9.8977E-02
  3.3075E+02  2.6612E-01  9.9031E-02
  3.3106E+02  2.6603E-01  9.9084E-02
  3.3136E+02  2.6593E-01  9.9137E-02
  3.3166E+02  2.6584E-01  9.9191E-02
  3.3197E+02  2.6574E-01  9.9244E-02
  3.3227E+02  2.6565E-01  9.9297E-02
  3.3258E+02  2.6555E-01  9.9350E-02
  3.3288E+02  2.6546E-01  9.9403E-02
  3.3318E+02  2.6536E-01  9.9456E-02
  3.3349E+02  2.6527E-01  9.9509E-02
  3.3379E+02  2.6517E-01  9.9561E-02
  3.3410E+02  2.6508E-01  9.9614E-02
  3.3440E+02  2.6498E-01  9.9667E-02
  3.3470E+02  2.6489E-01  9.9720E-02
  3.3501E+02  2.6479E-01  9.9772E-02
  3.3531E+02  2.6470E-01  9.9825E-02
  3.3562E+02  2.6460E-01  9.9877E-02
  3.3592E+02  2.6451E-01  9.9930E-02
  3.3622E+02  2.6441E-01  9.9982E-02
  3.3653E+02  2.6432E-01  1.0003E-01
  3.3683E+02  2.6422E-01  1.0009E-01
  3.3714E+02  2.6413E-01  1.0014E-01
  3.3744E+02  2.6403E-01  1.0019E-01
  3.3774E+02  2.6394E-01  1.0024E-01
  3.3805E+02  2.6384E-01  1.0030E-01
  3.3835E+02  2.6375E-01  1.0035E-01
  3.3866E+02  2.6365E-01  1.0040E-01
  3.3896E+02  2.6356E-01  1.0045E-01
  3.3926E+02  2.6346E-01  1.0050E-01
  3.3957E+02  2.6337E-01  1.0055E-01
  3.3987E+02  2.6327E-01  1.0061E-01
  3.4018E+02  2.6318E-01  1.0066E-01
  3.4048E+02  2.6308E-01  1.0071E-01
  3.4078E+02  2.6299E-01  1.0076E-01
  3.4109E+02  2.6289E-01  1.0081E-01
  3.4139E+02  2.6280E-01  1.0086E-01
  3.4170E+02  2.6270E-01  1.0092E-01
  3.4200E+02  2.6261E-01  1.0097E-01
  3.4230E+02  2.6251E-01  1.0102E-01
  3.4261E+02  2.6242E-01  1.0107E-01
  3.4291E+02  2.6232E-01  1.0112E-01
  3.4322E+02  2.6223E-01  1.0117E-01
  3.4352E+02  2.6213E-01  1.0122E-01
  3.4382E+02  2.6204E-01  1.0127E-01
  3.4413E+02  2.6194E-01  1.0132E-01
  3.4443E+02  2.6185E-01  1.0138E-01
  3.4474E+02  2.6175E-01  1.0143E-01
  3.4504E+02  2.6166E-01  1.0148E-01
  3.4534E+02  2.6156E-01  1.0153E-01
  3.4565E+02  2.6147E-01  1.0158E-01
  3.4595E+02  2.6137E-01  1.0163E-01
  3.4626E+02  2.6128E-01  1.0168E-01
  3.4656E+02  2.6118E-01  1.0173E-01
  3.4686E+02  2.6109E-01  1.0178E-01
  3.4717E+02  2.6099E-01  1.0183E-01
  3.4747E+02  2.6090E-01  1.0188E-01
  3.4778E+02  2.6080E-01  1.0193E-01
  3.4808E+02  2.6071E-01  1.0198E-01
  3.4838E+02  2.6062E-01  1.0203E-01
  3.4869E+02  2.6052E-01  1.0208E-01
  3.4899E+02  2.6043E-01  1.0213E-01
  3.4930E+02  2.6033E-01  1.0218E-01
  3.4960E+02  2.6024E-01  1.0223E-01
  3.4990E+02  2.6014E-01  1.0228E-01
  3.5021E+02  2.6005E-01  1.0233E-01
  3.5051E+02  2.5995E-01  1.0238E-01
  3.5082E+02  2.5986E-01  1.0243E-01
  3.5112E+02  2.5976E-01  1.0248E-01
  3.5142E+02  2.5967E-01  1.0253E-01
  3.5173E+02  2.5957E-01  1.0258E-01
  3.5203E+02  2.5948E-01  1.0263E-01
  3.5234E+02  2.5938E-01  1.0268E-01
  3.5264E+02  2.5929E-01  1.0273E-01
  3.5294E+02  2.5919E-01  1.0278E-01
  3.5325E+02  2.5910E-01  1.0283E-01
  3.5355E+02  2.5900E-01  1.0288E-01
  3.5386E+02  2.5891E-01  1.0293E-01
  3.5416E+02  2.5881E-01  1.0298E-01
  3.5446E+02  2.5872E-01  1.0303E-01
  3.5477E+02  2.5862E-01  1.0307E-01
  3.5507E+02  2.5853E-01  1.0312E-01
  3.5538E+02  2.5843E-01  1.0317E-01
  3.5568E+02  2.5834E-01  1.0322E-01
  3.5598E+02  2.5824E-01  1.0327E-01
  3.5629E+02  2.5815E-01  1.0332E-01
  3.5659E+02  2.5805E-01  1.0337E-01
  3.5690E+02  2.5796E-01  1.0342E-01
  3.5720E+02  2.5786E-01  1.0346E-01
  3.5750E+02  2.5777E-01  1.0351E-01
  3.5781E+02  2.5767E-01  1.0356E-01
  3.5811E+02  2.5758E-01  1.0361E-01
  3.5842E+02  2.5748E-01  1.0366E-01
  3.5872E+02  2.5739E-01  1.0371E-01
  3.5902E+02  2.5729E-01  1.0376E-01
  3.5933E+02  2.5720E-01  1.0380E-01
  3.5963E+02  2.5710E-01  1.0385E-01
  3.5994E+02  2.5701E-01  1.0390E-01
  3.6024E+02  2.5692E-01  1.0395E-01
  3.6054E+02  2.5682E-01  1.0400E-01
  3.6085E+02  2.5673E-01  1.0404E-01
  3.6115E+02  2.5663E-01  1.0409E-01
  3.6146E+02  2.5654E-01  1.0414E-01
  3.6176E+02  2.5644E-01  1.0419E-01
  3.6206E+02  2.5635E-01  1.0424E-01
  3.6237E+02  2.5625E-01  1.0428E-01
  3.6267E+02  2.5616E-01  1.0433E-01
  3.6298E+02  2.5606E-01  1.0438E-01
  3.6328E+02  2.5597E-01  1.0443E-01
  3.6358E+02  2.5587E-01  1.0448E-01
  3.6389E+02  2.5578E-01  1.0452E-01
  3.6419E+02  2.5568E-01  1.0457E-01
  3.6450E+02  2.5559E-01  1.0462E-01
  3.6480E+02  2.5549E-01  1.0467E-01
  3.6510E+02  2.5540E-01  1.0471E-01
  3.6541E+02  2.5531E-01  1.0476E-01
  3.6571E+02  2.5521E-01  1.0481E-01
  3.6602E+02  2.5512E-01  1.0485E-01
  3.6632E+02  2.5502E-01  1.0490E-01
  3.6662E+02  2.5493E-01  1.0495E-01
  3.6693E+02  2.5483E-01  1.0500E-01
  3.6723E+02  2.5474E-01  1.0504E-01
  3.6754E+02  2.5464E-01  1.0509E-01
  3.6784E+02  2.5455E-01  1.0514E-01
  3.6814E+02  2.5446E-01  1.0518E-01
  3.6845E+02  2.5436E-01  1.0523E-01
  3.6875E+02  2.5427E-01  1.0528E-01
  3.6906E+02  2.5417E-01  1.0532E-01
  3.6936E+02  2.5408E-01  1.0537E-01
  3.6966E+02  2.5398E-01  1.0542E-01
  3.6997E+02  2.5389E-01  1.0546E-01
  3.7027E+02  2.5379E-01  1.0551E-01
  3.7058E+02  2.5370E-01  1.0556E-01
  3.7088E+02  2.5361E-01  1.0560E-01
  3.7118E+02  2.5351E-01  1.0565E-01
  3.7149E+02  2.5342E-01  1.0570E-01
  3.7179E+02  2.5332E-01  1.0574E-01
  3.7210E+02  2.5323E-01  1.0579E-01
  3.7240E+02  2.5313E-01  1.0584E-01
  3.7270E+02  2.5304E-01  1.0588E-01
  3.7301E+02  2.5295E-01  1.0593E-01
  3.7331E+02  2.5285E-01  1.0597E-01
  3.7362E+02  2.5276E-01  1.0602E-01
  3.7392E+02  2.5266E-01  1.0607E-01
  3.7422E+02  2.5257E-01  1.0611E-01
  3.7453E+02  2.5247E-01  1.0616E-01
  3.7483E+02  2.5238E-01  1.0620E-01
  3.7514E+02  2.5229E-01  1.0625E-01
  3.7544E+02  2.5219E-01  1.0630E-01
  3.7574E+02  2.5210E-01  1.0634E-01
  3.7605E+02  2.5200E-01  1.0639E-01
  3.7635E+02  2.5191E-01  1.0643E-01
  3.7666E+02  2.5182E-01  1.0648E-01
  3.7696E+02  2.5172E-01  1.0652E-01
  3.7726E+02  2.5163E-01  1.0657E-01
  3.7757E+02  2.5153E-01  1.0661E-01
  3.7787E+02  2.5144E-01  1.0666E-01
  3.7818E+02  2.5135E-01  1.0671E-01
  3.7848E+02  2.5125E-01  1.0675E-01
  3.7878E+02  2.5116E-01  1.0680E-01
  3.7909E+02  2.5106E-01  1.0684E-01
  3.7939E+02  2.5097E-01  1.0689E-01
  3.7970E+02  2.5088E-01  1.0693E-01
  3.8000E+02  2.5078E-01  1.0698E-01
  3.8030E+02  2.5069E-01  1.0702E-01
  3.8061E+02  2.5060E-01  1.0707E-01
  3.8091E+02  2.5050E-01  1.0711E-01
  3.8122E+02  2.5041E-01  1.0716E-01
  3.8152E+02  2.5031E-01  1.0720E-01
  3.8182E+02  2.5022E-01  1.0725E-01
  3.8213E+02  2.5013E-01  1.0729E-01
  3.8243E+02  2.5003E-01  1.0734E-01
  3.8274E+02  2.4994E-01  1.0738E-01
  3.8304E+02  2.4985E-01  1.0742E-01
  3.8334E+02  2.4975E-01  1.0747E-01
  3.8365E+02  2.4966E-01  1.0751E-01
  3.8395E+02  2.4956E-01  1.0756E-01
  3.8426E+02  2.4947E-01  1.0760E-01
  3.8456E+02  2.4938E-01  1.0765E-01
  3.8486E+02  2.4928E-01  1.0769E-01
  3.8517E+02  2.4919E-01  1.0774E-01
  3.8547E+02  2.4910E-01  1.0778E-01
  3.8578E+02  2.4900E-01  1.0782E-01
  3.8608E+02  2.4891E-01  1.0787E-01
  3.8638E+02  2.4882E-01  1.0791E-01
  3.8669E+02  2.4872E-01  1.0796E-01
  3.8699E+02  2.4863E-01  1.0800E-01
  3.8730E+02  2.4854E-01  1.0804E-01
  3.8760E+02  2.4844E-01  1.0809E-01
  3.8790E+02  2.4835E-01  1.0813E-01
  3.8821E+02  2.4826E-01  1.0818E-01
  3.8851E+02  2.4816E-01  1.0822E-01
  3.8882E+02  2.4807E-01  1.0826E-01
  3.8912E+02  2.4798E-01  1.0831E-01
  3.8942E+02  2.4788E-01  1.0835E-01
  3.8973E+02  2.4779E-01  1.0839E-01
  3.9003E+02  2.4770E-01  1.0844E-01
  3.9034E+02  2.4760E-01  1.0848E-01
  3.9064E+02  2.4751E-01  1.0852E-01
  3.9094E+02  2.4742E-01  1.0857E-01
  3.9125E+02  2.4732E-01  1.0861E-01
  3.9155E+02  2.4723E-01  1.0865E-01
  3.9186E+02  2.4714E-01  1.0870E-01
  3.9216E+02  2.4704E-01  1.0874E-01
  3.9246E+02  2.4695E-01  1.0878E-01
  3.9277E+02  2.4686E-01  1.0883E-01
  3.9307E+02  2.4676E-01  1.0887E-01
  3.9338E+02  2.4667E-01  1.0891E-01
  3.9368E+02  2.4658E-01  1.0896E-01
  3.9398E+02  2.4649E-01  1.0900E-01
  3.9429E+02  2.4639E-01  1.0904E-01
  3.9459E+02  2.4630E-01  1.0908E-01
  3.9490E+02  2.4621E-01  1.0913E-01
  3.9520E+02  2.4611E-01  1.0917E-01
  3.9550E+02  2.4602E-01  1.0921E-01
  3.9581E+02  2.4593E-01  1.0925E-01
  3.9611E+02  2.4583E-01  1.0930E-01
  3.9642E+02  2.4574E-01  1.0934E-01
  3.9672E+02  2.4565E-01  1.0938E-01
  3.9702E+02  2.4556E-01  1.0942E-01
  3.9733E+02  2.4546E-01  1.0947E-01
  3.9763E+02  2.4537E-01  1.0951E-01
  3.9794E+02  2.4528E-01  1.0955E-01
  3.9824E+02  2.4519E-01  1.0959E-01
  3.9854E+02  2.4509E-01  1.0964E-01
  3.9885E+02  2.4500E-01  1.0968E-01
  3.9915E+02  2.4491E-01  1.0972E-01
  3.9946E+02  2.4481E-01  1.0976E-01
  3.9976E+02  2.4472E-01  1.0980E-01
  4.0006E+02  2.4463E-01  1.0985E-01
  4.0037E+02  2.4454E-01  1.0989E-01
  4.0067E+02  2.4444E-01  1.0993E-01
  4.0098E+02  2.4435E-01  1.0997E-01
  4.0128E+02  2.4426E-01  1.1001E-01
  4.0158E+02  2.4417E-01  1.1006E-01
  4.0189E+02  2.4407E-01  1.1010E-01
  4.0219E+02  2.4398E-01  1.1014E-01
  4.0250E+02  2.4389E-01  1.1018E-01
  4.0280E+02  2.4380E-01  1.1022E-01
  4.0310E+02  2.4370E-01  1.1026E-01
  4.0341E+02  2.4361E-01  1.1031E-01
  4.0371E+02  2.4352E-01  1.1035E-01
  4.0402E+02  2.4343E-01  1.1039E-01
  4.0432E+02  2.4333E-01  1.1043E-01
  4.0462E+02  2.4324E-01  1.1047E-01
  4.0493E+02  2.4315E-01  1.1051E-01
  4.0523E+02  2.4306E-01  1.1055E-01
  4.0554E+02  2.4296E-01  1.1059E-01
  4.0584E+02  2.4287E-01  1.1063E-01
  4.0614E+02  2.4278E-01  1.1068E-01
  4.0645E+02  2.4269E-01  1.1072E-01
  4.0675E+02  2.4259E-01  1.1076E-01
  4.0706E+02  2.4250E-01  1.1080E-01
  4.0736E+02  2.4241E-01  1.1084E-01
  4.0766E+02  2.4232E-01  1.1088E-01
  4.0797E+02  2.4223E-01  1.1092E-01
  4.0827E+02  2.4213E-01  1.1096E-01
  4.0858E+02  2.4204E-01  1.1100E-01
  4.0888E+02  2.4195E-01  1.1104E-01
  4.0918E+02  2.4186E-01  1.1108E-01
  4.0949E+02  2.4176E-01  1.1112E-01
  4.0979E+02  2.4167E-01  1.1116E-01
  4.1010E+02  2.4158E-01  1.1120E-01
  4.1040E+02  2.4149E-01  1.1125E-01
  4.1070E+02  2.4140E-01  1.1129E-01
  4.1101E+02  2.4130E-01  1.1133E-01
  4.1131E+02  2.4121E-01  1.1137E-01
  4.1162E+02  2.4112E-01  1.1141E-01
  4.1192E+02  2.4103E-01  1.1145E-01
  4.1222E+02  2.4094E-01  1.1149E-01
  4.1253E+02  2.4084E-01  1.1153E-01
  4.1283E+02  2.4075E-01  1.1157E-01
  4.1314E+02  2.4066E-01  1.1161E-01
  4.1344E+02  2.4057E-01  1.1165E-01
  4.1374E+02  2.4048E-01  1.1169E-01
  4.1405E+02  2.4038E-01  1.1173E-01
  4.1435E+02  2.4029E-01  1.1177E-01
  4.1466E+02  2.4020E-01  1.1181E-01
  4.1496E+02  2.4011E-01  1.1185E-01
  4.1526E+02  2.4002E-01  1.1189E-01
  4.1557E+02  2.3993E-01  1.1192E-01
  4.1587E+02  2.3983E-01  1.1196E-01
  4.1618E+02  2.3974E-01  1.1200E-01
  4.1648E+02  2.3965E-01  1.1204E-01
  4.1678E+02  2.3956E-01  1.1208E-01
  4.1709E+02  2.3947E-01  1.1212E-01
  4.1739E+02  2.3937E-01  1.1216E-01
  4.1770E+02  2.3928E-01  1.1220E-01
  4.1800E+02  2.3919E-01  1.1224E-01
  4.1830E+02  2.3910E-01  1.1228E-01
  4.1861E+02  2.3901E-01  1.1232E-01
  4.1891E+02  2.3892E-01  1.1236E-01
  4.1922E+02  2.3882E-01  1.1240E-01
  4.1952E+02  2.3873E-01  1.1244E-01
  4.1982E+02  2.3864E-01  1.1247E-01
  4.2013E+02  2.3855E-01  1.1251E-01
  4.2043E+02  2.3846E-01  1.1255E-01
  4.2074E+02  2.3837E-01  1.1259E-01
  4.2104E+02  2.3827E-01  1.1263E-01
  4.2134E+02  2.3818E-01  1.1267E-01
  4.2165E+02  2.3809E-01  1.1271E-01
  4.2195E+02  2.3800E-01  1.1275E-01
  4.2226E+02  2.3791E-01  1.1278E-01
  4.2256E+02  2.3782E-01  1.1282E-01
  4.2286E+02  2.3773E-01  1.1286E-01
  4.2317E+02  2.3763E-01  1.1290E-01
  4.2347E+02  2.3754E-01  1.1294E-01
  4.2378E+02  2.3745E-01  1.1298E-01
  4.2408E+02  2.3736E-01  1.1301E-01
  4.2438E+02  2.3727E-01  1.1305E-01
  4.2469E+02  2.3718E-01  1.1309E-01
  4.2499E+02  2.3709E-01  1.1313E-01
  4.2530E+02  2.3699E-01  1.1317E-01
  4.2560E+02  2.3690E-01  1.1321E-01
  4.2590E+02  2.3681E-01  1.1324E-01
  4.2621E+02  2.3672E-01  1.1328E-01
  4.2651E+02  2.3663E-01  1.1332E-01
  4.2682E+02  2.3654E-01  1.1336E-01
  4.2712E+02  2.3645E-01  1.1340E-01
  4.2742E+02  2.3636E-01  1.1343E-01
  4.2773E+02  2.3626E-01  1.1347E-01
  4.2803E+02  2.3617E-01  1.1351E-01
  4.2834E+02  2.3608E-01  1.1355E-01
  4.2864E+02  2.3599E-01  1.1358E-01
  4.2894E+02  2.3590E-01  1.1362E-01
  4.2925E+02  2.3581E-01  1.1366E-01
  4.2955E+02  2.3572E-01  1.1370E-01
  4.2986E+02  2.3563E-01  1.1373E-01
  4.3016E+02  2.3553E-01  1.1377E-01
  4.3046E+02  2.3544E-01  1.1381E-01
  4.3077E+02  2.3535E-01  1.1385E-01
  4.3107E+02  2.3526E-01  1.1388E-01
  4.3138E+02  2.3517E-01  1.1392E-01
  4.3168E+02  2.3508E-01  1.1396E-01
  4.3198E+02  2.3499E-01  1.1400E-01
  4.3229E+02  2.3490E-01  1.1403E-01
  4.3259E+02  2.3481E-01  1.1407E-01
  4.3290E+02  2.3472E-01  1.1411E-01
  4.3320E+02  2.3462E-01  1.1414E-01
  4.3350E+02  2.3453E-01  1.1418E-01
  4.3381E+02  2.3444E-01  1.1422E-01
  4.3411E+02  2.3435E-01  1.1425E-01
  4.3442E+02  2.3426E-01  1.1429E-01
  4.3472E+02  2.3417E-01  1.1433E-01
  4.3502E+02  2.3408E-01  1.1436E-01
  4.3533E+02  2.3399E-01  1.1440E-01
  4.3563E+02  2.3390E-01  1.1444E-01
  4.3594E+02  2.3381E-01  1.1447E-01
  4.3624E+02  2.3372E-01  1.1451E-01
  4.3654E+02  2.3362E-01  1.1455E-01
  4.3685E+02  2.3353E-01  1.1458E-01
  4.3715E+02  2.3344E-01  1.1462E-01
  4.3746E+02  2.3335E-01  1.1466E-01
  4.3776E+02  2.3326E-01  1.1469E-01
  4.3806E+02  2.3317E-01  1.1473E-01
  4.3837E+02  2.3308E-01  1.1477E-01
  4.3867E+02  2.3299E-01  1.1480E-01
  4.3898E+02  2.3290E-01  1.1484E-01
  4.3928E+02  2.3281E-01  1.1487E-01
  4.3958E+02  2.3272E-01  1.1491E-01
  4.3989E+02  2.3263E-01  1.1495E-01
  4.4019E+02  2.3254E-01  1.1498E-01
  4.4050E+02  2.3245E-01  1.1502E-01
  4.4080E+02  2.3235E-01  1.1505E-01
  4.4110E+02  2.3226E-01  1.1509E-01
  4.4141E+02  2.3217E-01  1.1512E-01
  4.4171E+02  2.3208E-01  1.1516E-01
  4.4202E+02  2.3199E-01  1.1520E-01
  4.4232E+02  2.3190E-01  1.1523E-01
  4.4262E+02  2.3181E-01  1.1527E-01
  4.4293E+02  2.3172E-01  1.1530E-01
  4.4323E+02  2.3163E-01  1.1534E-01
  4.4354E+02  2.3154E-01  1.1537E-01
  4.4384E+02  2.3145E-01  1.1541E-01
  4.4414E+02  2.3136E-01  1.1544E-01
  4.4445E+02  2.3127E-01  1.1548E-01
  4.4475E+02  2.3118E-01  1.1552E-01
  4.4506E+02  2.3109E-01  1.1555E-01
  4.4536E+02  2.3100E-01  1.1559E-01
  4.4566E+02  2.3091E-01  1.1562E-01
  4.4597E+02  2.3082E-01  1.1566E-01
  4.4627E+02  2.3073E-01  1.1569E-01
  4.4658E+02  2.3064E-01  1.1573E-01
  4.4688E+02  2.3055E-01  1.1576E-01
  4.4718E+02  2.3046E-01  1.1580E-01
  4.4749E+02  2.3037E-01  1.1583E-01
  4.4779E+02  2.3028E-01  1.1587E-01
  4.4810E+02  2.3019E-01  1.1590E-01
  4.4840E+02  2.3010E-01  1.1594E-01
  4.4870E+02  2.3000E-01  1.1597E-01
  4.4901E+02  2.2991E-01  1.1600E-01
  4.4931E+02  2.2982E-01  1.1604E-01
  4.4962E+02  2.2973E-01  1.1607E-01
  4.4992E+02  2.2964E-01  1.1611E-01
  4.5022E+02  2.2955E-01  1.1614E-01
  4.5053E+02  2.2946E-01  1.1618E-01
  4.5083E+02  2.2937E-01  1.1621E-01
  4.5114E+02  2.2928E-01  1.1625E-01
  4.5144E+02  2.2919E-01  1.1628E-01
  4.5174E+02  2.2910E-01  1.1631E-01
  4.5205E+02  2.2901E-01  1.1635E-01
  4.5235E+02  2.2892E-01  1.1638E-01
  4.5266E+02  2.2883E-01  1.1642E-01
  4.5296E+02  2.2874E-01  1.1645E-01
  4.5326E+02  2.2865E-01  1.1649E-01
  4.5357E+02  2.2856E-01  1.1652E-01
  4.5387E+02  2.2847E-01  1.1655E-01
  4.5418E+02  2.2838E-01  1.1659E-01
  4.5448E+02  2.2829E-01  1.1662E-01
  4.5478E+02  2.2820E-01  1.1665E-01
  4.5509E+02  2.2811E-01  1.1669E-01
  4.5539E+02  2.2802E-01  1.1672E-01
  4.5570E+02  2.2794E-01  1.1676E-01
  4.5600E+02  2.2785E-01  1.1679E-01
  4.5630E+02  2.2776E-01  1.1682E-01
  4.5661E+02  2.2767E-01  1.1686E-01
  4.5691E+02  2.2758E-01  1.1689E-01
  4.5722E+02  2.2749E-01  1.1692E-01
  4.5752E+02  2.2740E-01  1.1696E-01
  4.5782E+02  2.2731E-01  1.1699E-01
  4.5813E+02  2.2722E-01  1.1702E-01
  4.5843E+02  2.2713E-01  1.1706E-01
  4.5874E+02  2.2704E-01  1.1709E-01
  4.5904E+02  2.2695E-01  1.1712E-01
  4.5934E+02  2.2686E-01  1.1716E-01
  4.5965E+02  2.2677E-01  1.1719E-01
  4.5995E+02  2.2668E-01  1.1722E-01
  4.6026E+02  2.2659E-01  1.1726E-01
  4.6056E+02  2.2650E-01  1.1729E-01
  4.6086E+02  2.2641E-01  1.1732E-01
  4.6117E+02  2.2632E-01  1.1736E-01
  4.6147E+02  2.2623E-01  1.1739E-01
  4.6178E+02  2.2614E-01  1.1742E-01
  4.6208E+02  2.2605E-01  1.1745E-01
  4.6238E+02  2.2596E-01  1.1749E-01
  4.6269E+02  2.2587E-01  1.1752E-01
  4.6299E+02  2.2578E-01  1.1755E-01
  4.6330E+02  2.2569E-01  1.1758E-01
  4.6360E+02  2.2561E-01  1.1762E-01
  4.6390E+02  2.2552E-01  1.1765E-01
  4.6421E+02  2.2543E-01  1.1768E-01
  4.6451E+02  2.2534E-01  1.1771E-01
  4.6482E+02  2.2525E-01  1.1775E-01
  4.6512E+02  2.2516E-01  1.1778E-01
  4.6542E+02  2.2507E-01  1.1781E-01
  4.6573E+02  2.2498E-01  1.1784E-01
  4.6603E+02  2.2489E-01  1.1788E-01
  4.6634E+02  2.2480E-01  1.1791E-01
  4.6664E+02  2.2471E-01  1.1794E-01
  4.6694E+02  2.2462E-01  1.1797E-01
  4.6725E+02  2.2453E-01  1.1800E-01
  4.6755E+02  2.2444E-01  1.1804E-01
  4.6786E+02  2.2436E-01  1.1807E-01
  4.6816E+02  2.2427E-01  1.1810E-01
  4.6846E+02  2.2418E-01  1.1813E-01
  4.6877E+02  2.2409E-01  1.1816E-01
  4.6907E+02  2.2400E-01  1.1820E-01
  4.6938E+02  2.2391E-01  1.1823E-01
  4.6968E+02  2.2382E-01  1.1826E-01
  4.6998E+02  2.2373E-01  1.1829E-01
  4.7029E+02  2.2364E-01  1.1832E-01
  4.7059E+02  2.2355E-01  1.1835E-01
  4.7090E+02  2.2347E-01  1.1839E-01
  4.7120E+02  2.2338E-01  1.1842E-01
  4.7150E+02  2.2329E-01  1.1845E-01
  4.7181E+02  2.2320E-01  1.1848E-01
  4.7211E+02  2.2311E-01  1.1851E-01
  4.7242E+02  2.2302E-01  1.1854E-01
  4.7272E+02  2.2293E-01  1.1857E-01
  4.7302E+02  2.2284E-01  1.1860E-01
  4.7333E+02  2.2275E-01  1.1864E-01
  4.7363E+02  2.2267E-01  1.1867E-01
  4.7394E+02  2.2258E-01  1.1870E-01
  4.7424E+02  2.2249E-01  1.1873E-01
  4.7454E+02  2.2240E-01  1.1876E-01
  4.7485E+02  2.2231E-01  1.1879E-01
  4.7515E+02  2.2222E-01  1.1882E-01
  4.7546E+02  2.2213E-01  1.1885E-01
  4.7576E+02  2.2204E-01  1.1888E-01
  4.7606E+02  2.2196E-01  1.1892E-01
  4.7637E+02  2.2187E-01  1.1895E-01
  4.7667E+02  2.2178E-01  1.1898E-01
  4.7698E+02  2.2169E-01  1.1901E-01
  4.7728E+02  2.2160E-01  1.1904E-01
  4.7758E+02  2.2151E-01  1.1907E-01
  4.7789E+02  2.2142E-01  1.1910E-01
  4.7819E+02  2.2134E-01  1.1913E-01
  4.7850E+02  2.2125E-01  1.1916E-01
  4.7880E+02  2.2116E-01  1.1919E-01
  4.7910E+02  2.2107E-01  1.1922E-01
  4.7941E+02  2.2098E-01  1.1925E-01
  4.7971E+02  2.2089E-01  1.1928E-01
  4.8002E+02  2.2080E-01  1.1931E-01
  4.8032E+02  2.2072E-01  1.1934E-01
  4.8062E+02  2.2063E-01  1.1937E-01
  4.8093E+02  2.2054E-01  1.1940E-01
  4.8123E+02  2.2045E-01  1.1943E-01
  4.8154E+02  2.2036E-01  1.1946E-01
  4.8184E+02  2.2027E-01  1.1949E-01
  4.8214E+02  2.2019E-01  1.1952E-01
  4.8245E+02  2.2010E-01  1.1955E-01
  4.8275E+02  2.2001E-01  1.1958E-01
  4.8306E+02  2.1992E-01  1.1961E-01
  4.8336E+02  2.1983E-01  1.1964E-01
  4.8366E+02  2.1974E-01  1.1967E-01
  4.8397E+02  2.1966E-01  1.1970E-01
  4.8427E+02  2.1957E-01  1.1973E-01
  4.8458E+02  2.1948E-01  1.1976E-01
  4.8488E+02  2.1939E-01  1.1979E-01
  4.8518E+02  2.1930E-01  1.1982E-01
  4.8549E+02  2.1922E-01  1.1985E-01
  4.8579E+02  2.1913E-01  1.1988E-01
  4.8610E+02  2.1904E-01  1.1991E-01
  4.8640E+02  2.1895E-01  1.1994E-01
  4.8670E+02  2.1886E-01  1.1997E-01
  4.8701E+02  2.1878E-01  1.2000E-01
  4.8731E+02  2.1869E-01  1.2003E-01
  4.8762E+02  2.1860E-01  1.2006E-01
  4.8792E+02  2.1851E-01  1.2009E-01
  4.8822E+02  2.1842E-01  1.2011E-01
  4.8853E+02  2.1834E-01  1.2014E-01
  4.8883E+02  2.1825E-01  1.2017E-01
  4.8914E+02  2.1816E-01  1.2020E-01
  4.8944E+02  2.1807E-01  1.2023E-01
  4.8974E+02  2.1798E-01  1.2026E-01
  4.9005E+02  2.1790E-01  1.2029E-01
  4.9035E+02  2.1781E-01  1.2032E-01
  4.9066E+02  2.1772E-01  1.2035E-01
  4.9096E+02  2.1763E-01  1.2038E-01
  4.9126E+02  2.1754E-01  1.2040E-01
  4.9157E+02  2.1746E-01  1.2043E-01
  4.9187E+02  2.1737E-01  1.2046E-01
  4.9218E+02  2.1728E-01  1.2049E-01
  4.9248E+02  2.1719E-01  1.2052E-01
  4.9278E+02  2.1711E-01  1.2055E-01
  4.9309E+02  2.1702E-01  1.2058E-01
  4.9339E+02  2.1693E-01  1.2061E-01
  4.9370E+02  2.1684E-01  1.2063E-01
  4.9400E+02  2.1676E-01  1.2066E-01
  4.9430E+02  2.1667E-01  1.2069E-01
  4.9461E+02  2.1658E-01  1.2072E-01
  4.9491E+02  2.1649E-01  1.2075E-01
  4.9522E+02  2.1641E-01  1.2078E-01
  4.9552E+02  2.1632E-01  1.2080E-01
  4.9582E+02  2.1623E-01  1.2083E-01
  4.9613E+02  2.1614E-01  1.2086E-01
  4.9643E+02  2.1606E-01  1.2089E-01
  4.9674E+02  2.1597E-01  1.2092E-01
  4.9704E+02  2.1588E-01  1.2094E-01
  4.9734E+02  2.1579E-01  1.2097E-01
  4.9765E+02  2.1571E-01  1.2100E-01
  4.9795E+02  2.1562E-01  1.2103E-01
  4.9826E+02  2.1553E-01  1.2106E-01
  4.9856E+02  2.1544E-01  1.2108E-01
  4.9886E+02  2.1536E-01  1.2111E-01
  4.9917E+02  2.1527E-01  1.2114E-01
  4.9947E+02  2.1518E-01  1.2117E-01
  4.9978E+02  2.1510E-01  1.2120E-01
  5.0000E+02  2.1503E-01  1.2122E-01
