# CREATED BY GENE DIAGNOSTICS TOOL on Mon Jan  7 11:54:23 2019
# diag: nrgsummary, run(s): act, time window: 0-904.04464(1 steps), species: ions
# original data path: /ptmp/cmor/IFERC/W7Xsds025/ITGa_NL/omt2/
# normalization: L_T,ions
#
#  t          G_tot       Q_tot       P_tot     
  0.0000E+00 -2.4774E-21 -4.4398E-21 -1.4289E-22
  1.2608E+00  7.3430E-20  3.9577E-02  1.4442E-07
  2.5216E+00  4.4787E-19  7.9053E-02  1.2807E-06
  3.7824E+00 -1.7844E-19  1.1805E-01  4.0097E-06
  4.9773E+00  5.0160E-19  1.5396E-01  6.8948E-06
  6.1722E+00  1.0836E-18  1.8829E-01  7.8932E-06
  7.3671E+00 -6.5040E-20  2.2076E-01  5.5867E-06
  8.5439E+00  7.5048E-19  2.5098E-01  1.8408E-07
  9.6784E+00  4.2142E-19  2.7872E-01 -6.7318E-06
  1.0813E+01 -3.7937E-19  3.0565E-01 -1.3667E-05
  1.1947E+01 -1.4477E-19  3.3235E-01 -1.9098E-05
  1.3059E+01  6.3090E-19  3.5893E-01 -2.1866E-05
  1.4137E+01 -1.1228E-18  3.8575E-01 -2.1498E-05
  1.5214E+01 -1.4535E-19  4.1423E-01 -1.7799E-05
  1.6252E+01  3.9440E-18  4.4380E-01 -1.0972E-05
  1.7274E+01 -4.6150E-19  4.7543E-01 -1.1468E-06
  1.8296E+01 -1.4412E-18  5.0995E-01  1.1674E-05
  1.9270E+01 -2.7365E-20  5.4598E-01  2.6600E-05
  2.0240E+01 -2.6005E-18  5.8508E-01  4.3983E-05
  2.1210E+01  2.7915E-18  6.2770E-01  6.3898E-05
  2.2130E+01 -4.4585E-18  6.7163E-01  8.5235E-05
  2.3050E+01 -2.2811E-18  7.1915E-01  1.0916E-04
  2.3966E+01 -4.8310E-18  7.7017E-01  1.3582E-04
  2.4840E+01  3.0292E-18  8.2255E-01  1.6430E-04
  2.5714E+01 -1.0962E-18  8.7870E-01  1.9614E-04
  2.6579E+01  4.0325E-18  9.3818E-01  2.3136E-04
  2.7408E+01  7.1125E-18  9.9900E-01  2.6895E-04
  2.8238E+01  2.0091E-18  1.0638E+00  3.1050E-04
  2.9054E+01  1.5346E-19  1.1316E+00  3.5545E-04
  2.9841E+01  4.3840E-18  1.2009E+00  4.0248E-04
  3.0627E+01 -6.1222E-18  1.2742E+00  4.5295E-04
  3.1393E+01  2.0489E-18  1.3498E+00  5.0507E-04
  3.2139E+01 -9.2640E-18  1.4275E+00  5.5803E-04
  3.2885E+01 -2.3343E-18  1.5095E+00  6.1242E-04
  3.3604E+01 -3.3812E-19  1.5926E+00  6.6532E-04
  3.4310E+01  1.3320E-18  1.6785E+00  7.1703E-04
  3.4991E+01  1.0262E-17  1.7653E+00  7.6587E-04
  3.5661E+01 -2.0031E-17  1.8549E+00  8.1252E-04
  3.6311E+01 -1.1691E-18  1.9455E+00  8.5627E-04
  3.6946E+01 -2.4178E-18  2.0382E+00  8.9823E-04
  3.7555E+01 -8.4993E-18  2.1307E+00  9.3880E-04
  3.8158E+01  1.2928E-17  2.2257E+00  9.8130E-04
  3.8737E+01 -6.9885E-18  2.3205E+00  1.0271E-03
  3.9300E+01 -2.8435E-18  2.4161E+00  1.0799E-03
  3.9843E+01  2.0692E-17  2.5113E+00  1.1423E-03
  4.0381E+01  9.9037E-18  2.6088E+00  1.2186E-03
  4.0896E+01  8.1032E-18  2.7050E+00  1.3077E-03
  4.1400E+01 -3.7367E-18  2.8020E+00  1.4129E-03
  4.1888E+01  1.8436E-17  2.8985E+00  1.5399E-03
  4.2364E+01 -3.4250E-18  2.9950E+00  1.7101E-03
  4.2827E+01  7.2525E-18  3.0912E+00  1.9815E-03
  4.3263E+01 -8.5215E-18  3.1835E+00  2.4688E-03
  4.3647E+01  6.6957E-18  3.2660E+00  3.2405E-03
  4.3978E+01  1.7990E-17  3.3375E+00  4.1847E-03
  4.4273E+01  2.4305E-18  3.4018E+00  5.1332E-03
  4.4548E+01 -2.0109E-17  3.4620E+00  6.0195E-03
  4.4812E+01 -4.8708E-18  3.5195E+00  6.8268E-03
  4.5065E+01 -5.9453E-19  3.5750E+00  7.5927E-03
  4.5314E+01 -2.0985E-17  3.6295E+00  8.4195E-03
  4.5559E+01  1.8456E-17  3.6830E+00  9.2598E-03
  4.5795E+01 -1.8427E-17  3.7345E+00  1.0156E-02
  4.6032E+01  3.8668E-17  3.7860E+00  1.1024E-02
  4.6265E+01  9.8733E-18  3.8363E+00  1.1763E-02
  4.6489E+01  4.1178E-18  3.8845E+00  1.2415E-02
  4.6713E+01 -4.4793E-18  3.9327E+00  1.3104E-02
  4.6927E+01  1.7649E-17  3.9790E+00  1.3757E-02
  4.7141E+01  5.1893E-18  4.0250E+00  1.4456E-02
  4.7354E+01  3.1102E-18  4.0710E+00  1.5331E-02
  4.7564E+01  6.8077E-18  4.1165E+00  1.6317E-02
  4.7767E+01 -1.0543E-17  4.1597E+00  1.7492E-02
  4.7969E+01  6.1762E-18  4.2025E+00  1.8731E-02
  4.8171E+01  1.4103E-17  4.2453E+00  1.9999E-02
  4.8373E+01 -4.5025E-17  4.2877E+00  2.1328E-02
  4.8575E+01  7.5648E-18  4.3295E+00  2.3055E-02
  4.8778E+01  2.8883E-17  4.3707E+00  2.4765E-02
  4.8970E+01  3.0562E-18  4.4095E+00  2.6298E-02
  4.9162E+01 -1.8349E-17  4.4475E+00  2.7795E-02
  4.9354E+01  5.5085E-18  4.4852E+00  2.9100E-02
  4.9546E+01  1.1994E-17  4.5227E+00  3.0320E-02
  4.9738E+01 -2.9450E-17  4.5592E+00  3.1432E-02
  4.9930E+01  2.4545E-17  4.5950E+00  3.2538E-02
  5.0118E+01  1.0581E-17  4.6287E+00  3.3745E-02
  5.0299E+01 -2.0145E-17  4.6605E+00  3.4683E-02
  5.0472E+01  2.4378E-17  4.6905E+00  3.5402E-02
  5.0645E+01  1.6526E-18  4.7193E+00  3.6417E-02
  5.0818E+01  2.4474E-17  4.7473E+00  3.7825E-02
  5.0991E+01  2.1580E-18  4.7750E+00  3.9248E-02
  5.1164E+01 -2.1559E-17  4.8025E+00  4.0415E-02
  5.1337E+01 -1.7055E-17  4.8292E+00  4.1733E-02
  5.1504E+01  2.4367E-17  4.8540E+00  4.3148E-02
  5.1667E+01  2.8700E-17  4.8770E+00  4.4430E-02
  5.1831E+01  2.6315E-17  4.8977E+00  4.4817E-02
  5.1995E+01  4.2223E-17  4.9177E+00  4.5277E-02
  5.2159E+01  4.9685E-18  4.9367E+00  4.6753E-02
  5.2322E+01 -1.7871E-17  4.9535E+00  4.8457E-02
  5.2486E+01 -2.3760E-17  4.9688E+00  4.9523E-02
  5.2650E+01  1.9121E-17  4.9830E+00  5.0903E-02
  5.2813E+01  2.6210E-17  4.9965E+00  5.1897E-02
  5.2977E+01 -1.0740E-17  5.0090E+00  5.2370E-02
  5.3141E+01 -1.9383E-17  5.0192E+00  5.3130E-02
  5.3304E+01 -2.6757E-17  5.0278E+00  5.4510E-02
  5.3468E+01 -4.2230E-17  5.0342E+00  5.5422E-02
  5.3632E+01  1.0372E-17  5.0380E+00  5.6335E-02
  5.3796E+01 -7.2037E-18  5.0398E+00  5.6433E-02
  5.3959E+01 -1.0533E-17  5.0402E+00  5.6450E-02
  5.4121E+01  2.0626E-17  5.0395E+00  5.6733E-02
  5.4277E+01  1.7513E-18  5.0373E+00  5.7322E-02
  5.4432E+01  1.4063E-17  5.0325E+00  5.7478E-02
  5.4588E+01  4.2305E-18  5.0255E+00  5.7328E-02
  5.4743E+01 -8.6617E-18  5.0155E+00  5.6310E-02
  5.4899E+01 -8.4682E-18  5.0040E+00  5.5785E-02
  5.5054E+01  7.4243E-18  4.9920E+00  5.6795E-02
  5.5210E+01  6.4465E-17  4.9790E+00  5.8075E-02
  5.5365E+01  5.6580E-18  4.9643E+00  5.8835E-02
  5.5521E+01  2.3124E-17  4.9450E+00  5.8960E-02
  5.5676E+01 -1.8757E-18  4.9220E+00  5.8258E-02
  5.5832E+01 -3.4065E-17  4.8985E+00  5.8213E-02
  5.5983E+01  2.0830E-17  4.8745E+00  5.7843E-02
  5.6131E+01  3.7670E-17  4.8488E+00  5.7523E-02
  5.6278E+01  2.1473E-18  4.8210E+00  5.6515E-02
  5.6426E+01  8.6505E-18  4.7933E+00  5.5350E-02
  5.6574E+01  2.4020E-17  4.7650E+00  5.3617E-02
  5.6721E+01 -6.4917E-17  4.7337E+00  5.1250E-02
  5.6869E+01  1.0100E-18  4.7005E+00  4.8360E-02
  5.7016E+01  1.6141E-17  4.6670E+00  4.6135E-02
  5.7164E+01 -8.6760E-18  4.6315E+00  4.5408E-02
  5.7312E+01  1.8831E-17  4.5920E+00  4.4775E-02
  5.7459E+01  3.8858E-17  4.5512E+00  4.4147E-02
  5.7607E+01  1.1845E-17  4.5115E+00  4.3157E-02
  5.7754E+01 -1.6760E-17  4.4707E+00  4.2193E-02
  5.7902E+01  1.6541E-17  4.4292E+00  4.1618E-02
  5.8050E+01 -2.0613E-17  4.3875E+00  3.9845E-02
  5.8197E+01 -3.2070E-17  4.3443E+00  3.6387E-02
  5.8345E+01  1.7543E-17  4.2997E+00  3.4017E-02
  5.8493E+01 -7.4505E-18  4.2552E+00  3.2088E-02
  5.8640E+01  3.0257E-17  4.2105E+00  3.0960E-02
  5.8788E+01 -2.9530E-17  4.1645E+00  3.0885E-02
  5.8935E+01 -2.9605E-17  4.1180E+00  3.0103E-02
  5.9083E+01 -3.0445E-18  4.0712E+00  2.9665E-02
  5.9231E+01 -4.0218E-18  4.0245E+00  2.9120E-02
  5.9378E+01 -3.6625E-17  3.9780E+00  2.8640E-02
  5.9526E+01 -2.2789E-17  3.9318E+00  2.7925E-02
  5.9673E+01 -3.1360E-18  3.8835E+00  2.7720E-02
  5.9821E+01  6.3992E-18  3.8355E+00  2.6675E-02
  5.9969E+01  7.8592E-19  3.7880E+00  2.5977E-02
  6.0116E+01 -1.8773E-17  3.7425E+00  2.5967E-02
  6.0264E+01 -4.2237E-17  3.6975E+00  2.3686E-02
  6.0412E+01 -2.3758E-17  3.6518E+00  2.2240E-02
  6.0559E+01 -1.6645E-17  3.6037E+00  2.1632E-02
  6.0707E+01 -6.5120E-18  3.5545E+00  2.0108E-02
  6.0854E+01  1.8236E-19  3.5105E+00  2.0346E-02
  6.1002E+01 -4.5670E-18  3.4688E+00  2.0265E-02
  6.1150E+01 -1.3375E-17  3.4258E+00  1.9475E-02
  6.1297E+01 -1.0933E-17  3.3812E+00  1.9074E-02
  6.1445E+01 -6.5763E-18  3.3390E+00  1.8108E-02
  6.1593E+01  7.2142E-18  3.2970E+00  1.6539E-02
  6.1740E+01 -1.3882E-17  3.2538E+00  1.6010E-02
  6.1888E+01  2.8260E-18  3.2118E+00  1.6230E-02
  6.2035E+01  9.4400E-18  3.1720E+00  1.5545E-02
  6.2183E+01  1.8290E-17  3.1345E+00  1.4751E-02
  6.2331E+01  5.2660E-18  3.0982E+00  1.3950E-02
  6.2478E+01  8.0080E-18  3.0603E+00  1.3786E-02
  6.2627E+01 -3.7218E-19  3.0235E+00  1.4312E-02
  6.2782E+01 -6.9900E-18  2.9875E+00  1.5013E-02
  6.2937E+01  1.4555E-17  2.9562E+00  1.5756E-02
  6.3092E+01  5.9233E-18  2.9255E+00  1.6292E-02
  6.3247E+01  1.1026E-17  2.8948E+00  1.5540E-02
  6.3402E+01  3.7282E-18  2.8635E+00  1.5633E-02
  6.3557E+01  3.5335E-18  2.8320E+00  1.5620E-02
  6.3712E+01  1.6065E-17  2.8008E+00  1.6475E-02
  6.3867E+01  7.2805E-19  2.7708E+00  1.6426E-02
  6.4022E+01 -3.0178E-18  2.7418E+00  1.4737E-02
  6.4177E+01  3.3370E-19  2.7135E+00  1.3508E-02
  6.4335E+01  4.3525E-18  2.6843E+00  1.2764E-02
  6.4498E+01  8.8180E-18  2.6560E+00  1.2130E-02
  6.4661E+01  3.8120E-18  2.6293E+00  1.2549E-02
  6.4824E+01 -3.5238E-18  2.6037E+00  1.3442E-02
  6.4986E+01  4.2815E-18  2.5787E+00  1.4100E-02
  6.5149E+01 -2.8755E-18  2.5543E+00  1.3973E-02
  6.5312E+01  2.9575E-18  2.5308E+00  1.3610E-02
  6.5475E+01  5.6170E-18  2.5062E+00  1.3177E-02
  6.5637E+01 -1.0901E-17  2.4822E+00  1.1964E-02
  6.5800E+01 -4.9900E-18  2.4596E+00  1.1448E-02
  6.5967E+01 -9.6467E-18  2.4377E+00  1.1013E-02
  6.6138E+01  1.2747E-18  2.4161E+00  1.0165E-02
  6.6309E+01  1.3354E-17  2.3952E+00  9.7502E-03
  6.6480E+01 -1.1281E-17  2.3751E+00  9.6278E-03
  6.6651E+01  8.1905E-18  2.3551E+00  9.0885E-03
  6.6821E+01  3.5313E-18  2.3356E+00  8.9180E-03
  6.6992E+01  2.7702E-18  2.3182E+00  9.2455E-03
  6.7163E+01 -1.5922E-18  2.3017E+00  8.5080E-03
  6.7334E+01  4.7893E-18  2.2851E+00  7.7305E-03
  6.7505E+01  7.0742E-18  2.2681E+00  6.7427E-03
  6.7676E+01  1.1655E-17  2.2517E+00  6.6935E-03
  6.7847E+01  2.5730E-18  2.2354E+00  7.4408E-03
  6.8018E+01 -1.0519E-18  2.2193E+00  7.8170E-03
  6.8188E+01 -3.0580E-18  2.2038E+00  7.3802E-03
  6.8359E+01  1.6534E-19  2.1888E+00  6.4970E-03
  6.8530E+01 -1.2972E-18  2.1741E+00  6.0752E-03
  6.8701E+01  2.6342E-18  2.1600E+00  5.2838E-03
  6.8872E+01  3.4853E-19  2.1466E+00  3.9950E-03
  6.9043E+01  7.6452E-19  2.1337E+00  3.5312E-03
  6.9220E+01 -5.7083E-18  2.1202E+00  3.7063E-03
  6.9399E+01 -1.9514E-18  2.1058E+00  4.0940E-03
  6.9579E+01 -1.2736E-19  2.0907E+00  4.1482E-03
  6.9758E+01 -6.0230E-18  2.0754E+00  4.2550E-03
  6.9938E+01  1.2761E-18  2.0611E+00  4.3480E-03
  7.0117E+01  1.2885E-18  2.0477E+00  4.3953E-03
  7.0296E+01  2.5545E-18  2.0348E+00  4.1970E-03
  7.0476E+01  3.8105E-18  2.0227E+00  4.0983E-03
  7.0655E+01 -7.5450E-18  2.0104E+00  3.8102E-03
  7.0835E+01  6.2725E-18  1.9978E+00  3.3810E-03
  7.1014E+01  1.5915E-18  1.9855E+00  3.1600E-03
  7.1194E+01 -8.8275E-19  1.9736E+00  2.6385E-03
  7.1373E+01 -1.7076E-18  1.9617E+00  2.2542E-03
  7.1552E+01 -1.5078E-18  1.9497E+00  2.3848E-03
  7.1732E+01 -8.1560E-18  1.9376E+00  2.7930E-03
  7.1911E+01 -1.9764E-18  1.9263E+00  3.0837E-03
  7.2091E+01 -3.4527E-18  1.9150E+00  3.2067E-03
  7.2270E+01  1.0951E-17  1.9036E+00  3.5137E-03
  7.2454E+01  8.5772E-19  1.8921E+00  3.5362E-03
  7.2642E+01  1.9330E-18  1.8808E+00  3.2463E-03
  7.2831E+01  3.0210E-18  1.8698E+00  3.2325E-03
  7.3019E+01  4.0257E-18  1.8587E+00  3.4580E-03
  7.3208E+01 -3.1248E-18  1.8477E+00  3.3665E-03
  7.3396E+01 -3.9785E-19  1.8370E+00  2.8670E-03
  7.3584E+01 -1.6892E-18  1.8266E+00  2.5417E-03
  7.3773E+01 -4.8272E-18  1.8164E+00  2.4958E-03
  7.3961E+01  7.1310E-19  1.8064E+00  2.5313E-03
  7.4150E+01  1.6752E-18  1.7968E+00  2.4794E-03
  7.4343E+01 -3.2922E-18  1.7872E+00  2.2598E-03
  7.4541E+01  1.4829E-18  1.7772E+00  2.3803E-03
  7.4738E+01 -7.1462E-18  1.7673E+00  2.7292E-03
  7.4936E+01  9.9512E-18  1.7575E+00  2.8602E-03
  7.5134E+01  3.4615E-18  1.7480E+00  2.8638E-03
  7.5332E+01  2.8900E-18  1.7385E+00  3.0090E-03
  7.5530E+01  1.1515E-18  1.7293E+00  3.4260E-03
  7.5727E+01  5.0785E-18  1.7202E+00  3.5085E-03
  7.5925E+01 -1.8364E-18  1.7111E+00  3.4485E-03
  7.6123E+01  1.0299E-18  1.7019E+00  3.8092E-03
  7.6326E+01 -3.4397E-18  1.6922E+00  4.4415E-03
  7.6534E+01  3.6807E-18  1.6819E+00  4.9773E-03
  7.6741E+01  2.7103E-18  1.6715E+00  5.1270E-03
  7.6949E+01  1.0412E-18  1.6609E+00  5.3048E-03
  7.7157E+01 -1.2886E-19  1.6506E+00  5.5198E-03
  7.7364E+01  3.5360E-18  1.6405E+00  5.4842E-03
  7.7572E+01  9.6127E-19  1.6309E+00  5.4282E-03
  7.7780E+01  1.7698E-18  1.6214E+00  5.6288E-03
  7.7988E+01 -1.6444E-18  1.6120E+00  5.8602E-03
  7.8195E+01 -1.2706E-18  1.6029E+00  6.1585E-03
  7.8408E+01  3.0988E-18  1.5936E+00  6.1535E-03
  7.8626E+01 -5.4443E-18  1.5841E+00  5.9073E-03
  7.8844E+01  4.0395E-19  1.5747E+00  6.0605E-03
  7.9062E+01 -5.0362E-18  1.5654E+00  6.2793E-03
  7.9281E+01 -1.2139E-18  1.5566E+00  6.6418E-03
  7.9499E+01  2.5807E-18  1.5479E+00  6.7940E-03
  7.9717E+01 -2.3703E-18  1.5391E+00  6.6313E-03
  7.9935E+01  2.3090E-18  1.5301E+00  6.3955E-03
  8.0153E+01 -7.0543E-19  1.5211E+00  6.1772E-03
  8.0371E+01 -3.0262E-18  1.5122E+00  6.0707E-03
  8.0595E+01  4.1095E-18  1.5031E+00  5.9095E-03
  8.0824E+01 -9.4308E-19  1.4940E+00  5.5770E-03
  8.1053E+01 -1.8643E-18  1.4847E+00  5.4495E-03
  8.1282E+01 -1.9753E-19  1.4754E+00  5.4230E-03
  8.1511E+01  2.6130E-18  1.4664E+00  5.3045E-03
  8.1740E+01  1.2855E-18  1.4577E+00  4.9322E-03
  8.1969E+01 -2.1127E-18  1.4491E+00  4.2895E-03
  8.2198E+01 -1.2509E-18  1.4405E+00  3.6625E-03
  8.2427E+01 -2.3368E-18  1.4318E+00  3.4348E-03
  8.2656E+01 -7.4900E-19  1.4232E+00  3.4722E-03
  8.2890E+01  1.8068E-18  1.4145E+00  3.6198E-03
  8.3131E+01  2.6075E-18  1.4059E+00  3.6393E-03
  8.3371E+01  2.8937E-19  1.3979E+00  3.6335E-03
  8.3612E+01 -6.9487E-19  1.3904E+00  3.5065E-03
  8.3852E+01  3.3180E-18  1.3828E+00  3.2753E-03
  8.4093E+01 -3.3170E-18  1.3748E+00  3.2777E-03
  8.4333E+01  4.1128E-19  1.3669E+00  3.2845E-03
  8.4574E+01 -1.4696E-18  1.3592E+00  3.0150E-03
  8.4814E+01  2.4646E-19  1.3517E+00  2.5973E-03
  8.5054E+01  2.2106E-18  1.3442E+00  2.1009E-03
  8.5295E+01  3.2477E-19  1.3368E+00  1.5310E-03
  8.5539E+01 -9.5977E-19  1.3296E+00  9.4925E-04
  8.5791E+01  2.6225E-18  1.3225E+00  2.7477E-04
  8.6044E+01  4.5360E-18  1.3152E+00 -4.4435E-04
  8.6296E+01  4.1245E-19  1.3079E+00 -7.2255E-04
  8.6549E+01  1.3822E-19  1.3009E+00 -6.3627E-04
  8.6801E+01 -1.0083E-18  1.2941E+00 -6.4058E-04
  8.7054E+01 -7.0270E-19  1.2876E+00 -8.4843E-04
  8.7306E+01  1.3803E-18  1.2814E+00 -9.2677E-04
  8.7559E+01  1.3262E-18  1.2753E+00 -7.8125E-04
  8.7811E+01  2.7252E-18  1.2693E+00 -4.7622E-04
  8.8064E+01  2.2974E-18  1.2635E+00 -2.0915E-04
  8.8316E+01 -3.4402E-18  1.2578E+00  1.0654E-04
  8.8569E+01  8.2075E-19  1.2522E+00  4.7387E-04
  8.8821E+01 -4.2070E-18  1.2468E+00  7.7520E-04
  8.9079E+01 -1.8662E-18  1.2412E+00  1.0030E-03
  8.9344E+01  2.4821E-19  1.2352E+00  1.2378E-03
  8.9609E+01  5.4893E-19  1.2293E+00  1.5503E-03
  8.9874E+01  2.0340E-18  1.2237E+00  1.7633E-03
  9.0139E+01 -3.2600E-18  1.2184E+00  1.6812E-03
  9.0404E+01 -2.7485E-18  1.2132E+00  1.4791E-03
  9.0669E+01  5.8322E-19  1.2081E+00  1.4110E-03
  9.0934E+01 -1.4917E-18  1.2031E+00  1.4814E-03
  9.1199E+01  3.2462E-19  1.1984E+00  1.5448E-03
  9.1465E+01  1.4541E-18  1.1938E+00  1.5482E-03
  9.1735E+01  1.8113E-18  1.1894E+00  1.5262E-03
  9.2013E+01 -3.5475E-18  1.1850E+00  1.5200E-03
  9.2292E+01 -1.1590E-18  1.1808E+00  1.4863E-03
  9.2570E+01  2.2251E-18  1.1768E+00  1.3401E-03
  9.2848E+01  1.9555E-19  1.1728E+00  1.0425E-03
  9.3127E+01  1.5709E-18  1.1689E+00  1.0358E-03
  9.3405E+01  6.4160E-20  1.1653E+00  1.1983E-03
  9.3683E+01 -1.6306E-18  1.1621E+00  1.3419E-03
  9.3962E+01 -5.3767E-20  1.1590E+00  1.5136E-03
  9.4240E+01 -4.3157E-20  1.1560E+00  1.7526E-03
  9.4524E+01 -3.0408E-18  1.1532E+00  2.0162E-03
  9.4816E+01  8.1808E-19  1.1507E+00  2.1437E-03
  9.5109E+01 -9.2983E-20  1.1486E+00  2.1693E-03
  9.5401E+01  2.0203E-18  1.1466E+00  1.9808E-03
  9.5693E+01 -2.0749E-18  1.1448E+00  1.8681E-03
  9.5985E+01  3.6375E-19  1.1430E+00  1.5808E-03
  9.6278E+01 -1.4651E-19  1.1412E+00  1.2329E-03
  9.6570E+01  3.1772E-18  1.1398E+00  1.0560E-03
  9.6862E+01  1.1549E-18  1.1386E+00  8.3415E-04
  9.7155E+01 -1.6023E-18  1.1372E+00  5.7712E-04
  9.7453E+01  2.8320E-18  1.1358E+00  2.9918E-04
  9.7760E+01  1.7411E-18  1.1348E+00  1.7434E-04
  9.8066E+01 -7.7492E-19  1.1339E+00  2.1529E-04
  9.8373E+01  1.6908E-19  1.1328E+00  3.1860E-04
  9.8680E+01  1.3156E-18  1.1321E+00  1.3126E-04
  9.8987E+01 -8.2360E-19  1.1315E+00 -3.8512E-04
  9.9294E+01 -2.8963E-18  1.1310E+00 -8.9295E-04
  9.9601E+01 -2.6733E-18  1.1306E+00 -1.0735E-03
  9.9908E+01  1.1185E-18  1.1302E+00 -9.8170E-04
  1.0021E+02  8.9493E-19  1.1299E+00 -8.9390E-04
  1.0053E+02 -1.5972E-18  1.1297E+00 -7.9627E-04
  1.0085E+02 -2.1558E-18  1.1299E+00 -6.7617E-04
  1.0117E+02 -7.0055E-19  1.1301E+00 -7.7432E-04
  1.0149E+02 -1.3472E-18  1.1304E+00 -6.8867E-04
  1.0182E+02 -1.0823E-18  1.1304E+00 -5.0612E-04
  1.0214E+02 -5.5912E-19  1.1303E+00 -4.0913E-04
  1.0246E+02  1.5220E-18  1.1302E+00 -2.3854E-04
  1.0278E+02 -9.9010E-21  1.1302E+00  6.1850E-05
  1.0311E+02 -1.9656E-18  1.1301E+00  5.4525E-04
  1.0343E+02  1.3626E-18  1.1300E+00  9.9825E-04
  1.0375E+02 -1.5262E-18  1.1302E+00  1.3552E-03
  1.0407E+02  2.9372E-18  1.1303E+00  1.6767E-03
  1.0439E+02  2.0156E-18  1.1303E+00  1.8944E-03
  1.0472E+02  2.0888E-18  1.1300E+00  1.8775E-03
  1.0504E+02 -3.3960E-18  1.1296E+00  1.6425E-03
  1.0536E+02  2.2048E-19  1.1291E+00  1.5448E-03
  1.0568E+02  4.9800E-19  1.1280E+00  1.2761E-03
  1.0601E+02 -6.7352E-19  1.1268E+00  6.8680E-04
  1.0633E+02  4.8652E-19  1.1255E+00  1.7573E-04
  1.0665E+02  1.2170E-18  1.1244E+00 -1.7682E-04
  1.0697E+02 -1.6106E-18  1.1234E+00 -3.6675E-04
  1.0729E+02 -6.1325E-19  1.1224E+00 -5.0328E-04
  1.0762E+02  1.0619E-18  1.1214E+00 -5.0010E-04
  1.0794E+02 -1.6281E-19  1.1206E+00 -1.9542E-04
  1.0826E+02  4.9730E-19  1.1198E+00  2.4108E-04
  1.0858E+02 -3.9425E-18  1.1193E+00  4.9510E-04
  1.0891E+02 -9.8415E-19  1.1189E+00  4.5200E-04
  1.0923E+02 -1.2320E-18  1.1184E+00  1.8415E-04
  1.0955E+02 -1.6691E-19  1.1181E+00  1.4531E-04
  1.0987E+02  3.5797E-18  1.1183E+00  1.5899E-04
  1.1019E+02  2.5625E-18  1.1184E+00  1.4358E-04
  1.1052E+02 -3.1967E-18  1.1184E+00 -7.5893E-05
  1.1084E+02 -1.5815E-18  1.1181E+00 -2.3081E-04
  1.1116E+02  1.0897E-18  1.1180E+00 -3.3390E-04
  1.1148E+02 -1.1085E-18  1.1178E+00 -6.6978E-04
  1.1181E+02  2.1785E-18  1.1172E+00 -1.0683E-03
  1.1213E+02  2.1104E-18  1.1164E+00 -1.3362E-03
  1.1245E+02  3.1202E-18  1.1157E+00 -1.8493E-03
  1.1277E+02 -2.5353E-18  1.1151E+00 -2.4205E-03
  1.1309E+02 -2.2298E-18  1.1148E+00 -2.7640E-03
  1.1342E+02 -1.3492E-18  1.1142E+00 -2.8552E-03
  1.1374E+02 -1.1008E-18  1.1135E+00 -2.7873E-03
  1.1406E+02 -1.0461E-20  1.1125E+00 -2.8750E-03
  1.1438E+02 -3.5978E-18  1.1117E+00 -3.3643E-03
  1.1471E+02 -1.0263E-18  1.1111E+00 -4.0412E-03
  1.1503E+02 -3.0315E-18  1.1102E+00 -4.3635E-03
  1.1535E+02  5.9097E-20  1.1093E+00 -4.6245E-03
  1.1567E+02  9.3353E-19  1.1084E+00 -4.8350E-03
  1.1599E+02  2.4180E-18  1.1073E+00 -4.8315E-03
  1.1632E+02  2.5925E-19  1.1061E+00 -4.7280E-03
  1.1664E+02  1.1173E-18  1.1047E+00 -4.6120E-03
  1.1696E+02  1.7557E-18  1.1031E+00 -4.6685E-03
  1.1728E+02  1.0657E-18  1.1013E+00 -4.7415E-03
  1.1761E+02  1.2462E-18  1.0991E+00 -4.8225E-03
  1.1793E+02  2.3540E-18  1.0970E+00 -4.8483E-03
  1.1825E+02  3.0667E-18  1.0950E+00 -4.8305E-03
  1.1857E+02 -2.3993E-18  1.0930E+00 -4.6773E-03
  1.1889E+02  1.0390E-18  1.0908E+00 -4.3815E-03
  1.1922E+02 -7.4810E-19  1.0885E+00 -4.0615E-03
  1.1955E+02 -5.8152E-19  1.0857E+00 -3.7640E-03
  1.1989E+02  3.6053E-18  1.0825E+00 -3.4168E-03
  1.2023E+02 -1.2338E-18  1.0796E+00 -3.0668E-03
  1.2057E+02 -4.3752E-18  1.0766E+00 -3.1175E-03
  1.2090E+02 -6.6245E-19  1.0735E+00 -3.2262E-03
  1.2124E+02  2.4509E-18  1.0704E+00 -3.5090E-03
  1.2158E+02 -3.3613E-18  1.0673E+00 -3.7115E-03
  1.2192E+02  2.9447E-18  1.0641E+00 -3.8748E-03
  1.2226E+02 -1.5030E-19  1.0609E+00 -4.0730E-03
  1.2260E+02 -8.1685E-20  1.0578E+00 -4.2425E-03
  1.2295E+02  9.5292E-19  1.0547E+00 -4.4238E-03
  1.2330E+02  1.1574E-19  1.0517E+00 -4.4135E-03
  1.2366E+02 -1.3007E-18  1.0485E+00 -4.3830E-03
  1.2401E+02  1.2148E-18  1.0454E+00 -4.6305E-03
  1.2437E+02 -2.1005E-18  1.0425E+00 -4.6975E-03
  1.2472E+02  3.8250E-19  1.0397E+00 -4.7135E-03
  1.2508E+02 -2.8102E-18  1.0370E+00 -4.8908E-03
  1.2543E+02 -4.9962E-19  1.0342E+00 -4.9388E-03
  1.2579E+02  3.0838E-18  1.0314E+00 -5.0527E-03
  1.2614E+02 -2.1393E-18  1.0290E+00 -5.0168E-03
  1.2650E+02  2.0516E-18  1.0270E+00 -5.1027E-03
  1.2685E+02  3.0548E-18  1.0250E+00 -5.1095E-03
  1.2721E+02  1.2614E-18  1.0226E+00 -5.1455E-03
  1.2756E+02  1.0491E-18  1.0201E+00 -5.0697E-03
  1.2792E+02 -3.1195E-19  1.0174E+00 -4.8805E-03
  1.2827E+02  3.0355E-18  1.0148E+00 -4.6110E-03
  1.2863E+02 -3.0368E-18  1.0121E+00 -4.4755E-03
  1.2899E+02  7.0450E-19  1.0094E+00 -4.4455E-03
  1.2934E+02  6.3872E-19  1.0066E+00 -4.5283E-03
  1.2970E+02  1.2545E-18  1.0041E+00 -4.5338E-03
  1.3005E+02 -1.1645E-18  1.0016E+00 -4.3585E-03
  1.3041E+02 -1.3833E-18  9.9928E-01 -4.0952E-03
  1.3076E+02  6.6545E-19  9.9690E-01 -3.7088E-03
  1.3112E+02 -3.1072E-19  9.9450E-01 -3.4748E-03
  1.3147E+02  1.2255E-18  9.9215E-01 -3.0835E-03
  1.3183E+02 -1.5981E-19  9.8972E-01 -2.6973E-03
  1.3218E+02 -4.5325E-19  9.8728E-01 -2.4849E-03
  1.3254E+02 -1.2712E-18  9.8472E-01 -2.0683E-03
  1.3289E+02  1.5383E-18  9.8223E-01 -1.6016E-03
  1.3325E+02  1.9580E-18  9.8015E-01 -1.2115E-03
  1.3360E+02 -2.7697E-18  9.7800E-01 -8.9665E-04
  1.3396E+02 -1.4255E-18  9.7572E-01 -6.4340E-04
  1.3431E+02 -4.7570E-19  9.7350E-01 -4.0132E-04
  1.3467E+02 -3.4335E-18  9.7113E-01 -2.4173E-04
  1.3502E+02  3.0443E-19  9.6860E-01 -2.0201E-04
  1.3538E+02 -2.1450E-19  9.6597E-01 -2.8495E-04
  1.3574E+02  4.9872E-19  9.6330E-01 -3.2115E-04
  1.3609E+02  1.7655E-18  9.6062E-01 -1.4165E-04
  1.3645E+02  3.8627E-19  9.5788E-01  2.5850E-04
  1.3680E+02  1.0629E-18  9.5510E-01  6.3345E-04
  1.3716E+02 -1.2873E-18  9.5215E-01  8.4377E-04
  1.3751E+02 -2.1218E-18  9.4898E-01  9.0235E-04
  1.3787E+02 -1.6785E-18  9.4582E-01  1.0883E-03
  1.3822E+02  1.8490E-18  9.4257E-01  1.4753E-03
  1.3858E+02 -2.9275E-18  9.3928E-01  1.6956E-03
  1.3893E+02 -2.0561E-19  9.3587E-01  1.9283E-03
  1.3929E+02 -6.5170E-19  9.3222E-01  2.0387E-03
  1.3964E+02  2.6940E-18  9.2832E-01  2.0475E-03
  1.4000E+02  1.8615E-18  9.2435E-01  2.0803E-03
  1.4035E+02  5.5830E-19  9.2040E-01  2.0723E-03
  1.4071E+02  1.6814E-18  9.1640E-01  1.9543E-03
  1.4106E+02  1.0266E-18  9.1223E-01  1.9871E-03
  1.4142E+02  1.0560E-18  9.0817E-01  2.1700E-03
  1.4177E+02 -4.1222E-19  9.0417E-01  2.2969E-03
  1.4213E+02  6.0618E-19  9.0010E-01  2.5025E-03
  1.4248E+02  8.1677E-19  8.9595E-01  2.7827E-03
  1.4284E+02 -1.2381E-18  8.9167E-01  2.8780E-03
  1.4320E+02 -1.5207E-18  8.8740E-01  2.8545E-03
  1.4355E+02 -7.0783E-19  8.8313E-01  2.8645E-03
  1.4391E+02  1.6322E-18  8.7890E-01  2.7880E-03
  1.4426E+02 -4.4903E-20  8.7460E-01  2.7692E-03
  1.4462E+02  1.3778E-18  8.7015E-01  2.8387E-03
  1.4497E+02 -6.0312E-19  8.6553E-01  2.8785E-03
  1.4533E+02  2.4007E-18  8.6093E-01  2.9725E-03
  1.4568E+02 -1.7725E-18  8.5663E-01  3.1038E-03
  1.4604E+02 -4.9182E-19  8.5265E-01  3.2332E-03
  1.4639E+02  1.3858E-18  8.4870E-01  3.2743E-03
  1.4675E+02 -1.4623E-18  8.4465E-01  3.2057E-03
  1.4710E+02 -1.2637E-18  8.4055E-01  3.3172E-03
  1.4747E+02 -6.6495E-19  8.3655E-01  3.6225E-03
  1.4784E+02  1.2177E-18  8.3270E-01  3.9192E-03
  1.4821E+02  3.3587E-18  8.2907E-01  4.0177E-03
  1.4859E+02  1.2130E-18  8.2565E-01  3.9022E-03
  1.4896E+02  1.3673E-18  8.2230E-01  3.7775E-03
  1.4933E+02 -1.3146E-18  8.1910E-01  3.6902E-03
  1.4971E+02 -1.6065E-20  8.1603E-01  3.6590E-03
  1.5008E+02  1.3830E-18  8.1290E-01  3.6747E-03
  1.5045E+02  2.5867E-18  8.0980E-01  3.6308E-03
  1.5082E+02  4.0895E-19  8.0685E-01  3.4543E-03
  1.5120E+02  1.3840E-18  8.0395E-01  3.2012E-03
  1.5159E+02 -8.2940E-19  8.0117E-01  3.1590E-03
  1.5198E+02 -1.9118E-18  7.9875E-01  3.2965E-03
  1.5237E+02  3.8290E-19  7.9653E-01  3.3655E-03
  1.5276E+02  8.3210E-19  7.9425E-01  3.3458E-03
  1.5315E+02  9.4953E-20  7.9195E-01  3.2400E-03
  1.5355E+02  8.6732E-19  7.8973E-01  3.3325E-03
  1.5394E+02 -1.7777E-18  7.8755E-01  3.3510E-03
  1.5433E+02 -2.8242E-20  7.8557E-01  3.3317E-03
  1.5472E+02 -1.0325E-18  7.8377E-01  3.2980E-03
  1.5511E+02  4.7302E-19  7.8195E-01  3.2717E-03
  1.5552E+02  4.5790E-19  7.8005E-01  3.2565E-03
  1.5593E+02  1.7981E-18  7.7812E-01  3.2322E-03
  1.5634E+02 -8.4922E-19  7.7610E-01  3.2845E-03
  1.5676E+02  1.5965E-18  7.7405E-01  3.2163E-03
  1.5717E+02 -1.0958E-20  7.7202E-01  3.1640E-03
  1.5758E+02 -1.1324E-18  7.6995E-01  3.1270E-03
  1.5799E+02 -1.0855E-18  7.6785E-01  3.0605E-03
  1.5840E+02  1.1237E-20  7.6578E-01  2.9953E-03
  1.5881E+02 -2.1757E-18  7.6360E-01  2.9198E-03
  1.5922E+02  5.4527E-19  7.6125E-01  2.9980E-03
  1.5965E+02  7.1133E-19  7.5895E-01  3.0305E-03
  1.6008E+02 -4.9962E-19  7.5673E-01  2.8280E-03
  1.6052E+02  1.7089E-18  7.5458E-01  2.6225E-03
  1.6095E+02  1.0566E-18  7.5235E-01  2.5290E-03
  1.6138E+02  7.2948E-19  7.5028E-01  2.4938E-03
  1.6181E+02 -4.3000E-20  7.4832E-01  2.4548E-03
  1.6224E+02  9.8682E-20  7.4657E-01  2.4028E-03
  1.6268E+02 -7.4420E-19  7.4500E-01  2.3003E-03
  1.6311E+02  6.4970E-20  7.4345E-01  2.2065E-03
  1.6354E+02  1.9726E-18  7.4203E-01  2.1409E-03
  1.6397E+02 -1.3816E-19  7.4067E-01  2.2412E-03
  1.6440E+02 -9.5220E-19  7.3932E-01  2.3640E-03
  1.6483E+02  9.1590E-19  7.3803E-01  2.4088E-03
  1.6526E+02 -7.2100E-19  7.3698E-01  2.3614E-03
  1.6567E+02  4.2150E-19  7.3618E-01  2.3513E-03
  1.6608E+02 -1.2157E-19  7.3535E-01  2.2741E-03
  1.6649E+02  1.0162E-18  7.3455E-01  2.1467E-03
  1.6690E+02 -6.2678E-19  7.3383E-01  2.1516E-03
  1.6731E+02 -1.6265E-19  7.3310E-01  2.1027E-03
  1.6772E+02  1.0503E-19  7.3233E-01  1.9376E-03
  1.6813E+02 -4.1932E-19  7.3145E-01  1.6682E-03
  1.6854E+02  1.4047E-19  7.3062E-01  1.4693E-03
  1.6894E+02 -1.6483E-19  7.2988E-01  1.3074E-03
  1.6935E+02  7.5545E-19  7.2927E-01  1.1677E-03
  1.6976E+02  1.3483E-18  7.2873E-01  9.4748E-04
  1.7017E+02  7.0372E-19  7.2822E-01  8.8485E-04
  1.7058E+02 -1.1306E-18  7.2773E-01  7.8438E-04
  1.7099E+02  6.9910E-19  7.2720E-01  7.1563E-04
  1.7140E+02  6.8275E-19  7.2665E-01  8.8558E-04
  1.7181E+02  1.9626E-19  7.2610E-01  9.5210E-04
  1.7222E+02 -2.0537E-19  7.2555E-01  9.4395E-04
  1.7263E+02  1.3128E-18  7.2487E-01  9.6780E-04
  1.7302E+02 -1.5331E-18  7.2413E-01  8.5980E-04
  1.7341E+02 -2.5490E-18  7.2317E-01  8.8727E-04
  1.7379E+02 -3.6643E-19  7.2210E-01  9.1085E-04
  1.7418E+02  5.9685E-19  7.2095E-01  9.6607E-04
  1.7457E+02  5.2650E-19  7.1995E-01  1.3200E-03
  1.7495E+02 -1.0647E-18  7.1915E-01  1.6854E-03
  1.7534E+02 -1.0384E-18  7.1833E-01  1.8559E-03
  1.7572E+02 -5.2978E-19  7.1728E-01  2.0554E-03
  1.7611E+02 -8.8352E-19  7.1602E-01  2.3591E-03
  1.7650E+02  8.1563E-19  7.1473E-01  2.6570E-03
  1.7688E+02  2.5328E-19  7.1323E-01  2.7735E-03
  1.7727E+02  1.2063E-18  7.1157E-01  2.7873E-03
  1.7765E+02  1.2071E-18  7.0990E-01  2.9357E-03
  1.7804E+02 -2.6603E-18  7.0842E-01  2.9095E-03
  1.7843E+02  3.8813E-19  7.0690E-01  2.8222E-03
  1.7881E+02 -2.3495E-18  7.0520E-01  2.7165E-03
  1.7920E+02  9.2975E-19  7.0358E-01  2.5240E-03
  1.7958E+02 -1.8321E-18  7.0190E-01  2.5360E-03
  1.7997E+02  1.0156E-18  7.0017E-01  2.4819E-03
  1.8036E+02 -7.7947E-19  6.9828E-01  2.5423E-03
  1.8074E+02 -6.6483E-19  6.9610E-01  2.7515E-03
  1.8115E+02  2.7020E-19  6.9367E-01  3.0098E-03
  1.8155E+02 -8.3282E-21  6.9108E-01  3.1708E-03
  1.8196E+02 -6.5932E-19  6.8835E-01  3.3415E-03
  1.8236E+02 -1.3201E-18  6.8563E-01  3.4873E-03
  1.8277E+02  1.1940E-18  6.8285E-01  3.6760E-03
  1.8318E+02  4.9590E-19  6.7990E-01  3.9252E-03
  1.8358E+02  2.3373E-19  6.7670E-01  4.0130E-03
  1.8399E+02  6.4092E-19  6.7357E-01  4.1078E-03
  1.8439E+02  3.5365E-19  6.7037E-01  4.0908E-03
  1.8480E+02 -2.4755E-19  6.6720E-01  3.8457E-03
  1.8520E+02  1.5546E-19  6.6422E-01  3.5258E-03
  1.8561E+02  6.1833E-19  6.6123E-01  3.1493E-03
  1.8601E+02 -1.4476E-18  6.5845E-01  2.9023E-03
  1.8642E+02  1.0094E-18  6.5580E-01  2.7628E-03
  1.8682E+02  1.5318E-18  6.5307E-01  2.6202E-03
  1.8723E+02  1.7873E-18  6.5048E-01  2.4672E-03
  1.8763E+02  6.9890E-19  6.4807E-01  2.3611E-03
  1.8804E+02 -1.0152E-19  6.4583E-01  2.2795E-03
  1.8844E+02 -2.3521E-20  6.4382E-01  2.1682E-03
  1.8885E+02 -1.4482E-19  6.4195E-01  2.2526E-03
  1.8925E+02 -8.0675E-19  6.4008E-01  2.3538E-03
  1.8967E+02 -8.1625E-19  6.3820E-01  2.3911E-03
  1.9009E+02  5.4742E-19  6.3617E-01  2.4283E-03
  1.9052E+02 -6.4603E-19  6.3415E-01  2.4058E-03
  1.9094E+02  5.6783E-19  6.3225E-01  2.3652E-03
  1.9137E+02  4.7315E-21  6.3047E-01  2.3885E-03
  1.9179E+02  6.8553E-19  6.2875E-01  2.3873E-03
  1.9222E+02  5.2468E-20  6.2687E-01  2.3566E-03
  1.9264E+02  1.2649E-18  6.2495E-01  2.3185E-03
  1.9307E+02  3.8993E-19  6.2308E-01  2.2999E-03
  1.9350E+02  5.7375E-19  6.2117E-01  2.2688E-03
  1.9393E+02 -7.5522E-19  6.1920E-01  2.1485E-03
  1.9437E+02  1.1322E-18  6.1710E-01  2.0001E-03
  1.9482E+02  1.1803E-18  6.1493E-01  1.8839E-03
  1.9527E+02  3.4610E-19  6.1265E-01  1.7988E-03
  1.9571E+02 -5.1560E-20  6.1032E-01  1.6480E-03
  1.9616E+02  2.8110E-19  6.0800E-01  1.4652E-03
  1.9661E+02 -6.2452E-19  6.0562E-01  1.3580E-03
  1.9705E+02 -5.1048E-19  6.0315E-01  1.5446E-03
  1.9750E+02 -1.1778E-19  6.0062E-01  1.8858E-03
  1.9795E+02 -2.0752E-19  5.9807E-01  2.0845E-03
  1.9840E+02  5.6720E-20  5.9543E-01  2.1431E-03
  1.9887E+02 -1.4536E-18  5.9260E-01  2.2127E-03
  1.9934E+02  6.5192E-19  5.8973E-01  2.2178E-03
  1.9981E+02  3.6125E-19  5.8680E-01  2.2203E-03
  2.0028E+02  1.3833E-18  5.8390E-01  2.2484E-03
  2.0075E+02  2.2111E-19  5.8100E-01  2.3998E-03
  2.0122E+02 -2.7852E-19  5.7807E-01  2.6198E-03
  2.0169E+02 -3.6003E-19  5.7515E-01  2.7938E-03
  2.0215E+02  5.4417E-19  5.7235E-01  2.9300E-03
  2.0262E+02  5.9833E-19  5.6977E-01  3.0245E-03
  2.0310E+02  4.5352E-19  5.6738E-01  3.1163E-03
  2.0359E+02  6.4003E-19  5.6507E-01  3.2085E-03
  2.0409E+02  6.6130E-20  5.6300E-01  3.3220E-03
  2.0458E+02 -4.0247E-19  5.6115E-01  3.4668E-03
  2.0507E+02 -2.6230E-19  5.5950E-01  3.4813E-03
  2.0556E+02  7.9302E-19  5.5803E-01  3.2828E-03
  2.0606E+02  4.7470E-19  5.5673E-01  3.0655E-03
  2.0655E+02 -1.3627E-19  5.5563E-01  2.9943E-03
  2.0704E+02 -2.6187E-20  5.5455E-01  2.9987E-03
  2.0753E+02 -9.8237E-19  5.5360E-01  2.9498E-03
  2.0803E+02 -8.9783E-19  5.5280E-01  2.8417E-03
  2.0855E+02 -3.7835E-19  5.5217E-01  2.6577E-03
  2.0907E+02  2.1349E-19  5.5160E-01  2.5225E-03
  2.0959E+02  6.1295E-19  5.5100E-01  2.5055E-03
  2.1010E+02  8.2070E-19  5.5037E-01  2.5090E-03
  2.1062E+02 -4.8423E-20  5.4970E-01  2.5228E-03
  2.1114E+02  6.8538E-19  5.4897E-01  2.5090E-03
  2.1165E+02 -1.3434E-19  5.4827E-01  2.4002E-03
  2.1217E+02 -6.0298E-19  5.4765E-01  2.2179E-03
  2.1269E+02 -5.8658E-19  5.4700E-01  2.0270E-03
  2.1321E+02  7.2100E-20  5.4625E-01  1.8346E-03
  2.1373E+02 -9.0402E-19  5.4550E-01  1.6746E-03
  2.1427E+02  9.3035E-20  5.4483E-01  1.5366E-03
  2.1482E+02 -1.1937E-19  5.4418E-01  1.4517E-03
  2.1536E+02  2.5308E-19  5.4350E-01  1.4031E-03
  2.1590E+02  3.8250E-19  5.4277E-01  1.3715E-03
  2.1645E+02 -2.6155E-19  5.4203E-01  1.3127E-03
  2.1699E+02  2.0053E-19  5.4135E-01  1.2181E-03
  2.1753E+02  3.6852E-20  5.4070E-01  1.1273E-03
  2.1808E+02  8.4225E-19  5.4018E-01  9.9655E-04
  2.1862E+02  3.5760E-19  5.3978E-01  8.1927E-04
  2.1917E+02  2.9855E-19  5.3943E-01  6.3682E-04
  2.1974E+02  3.8015E-19  5.3908E-01  4.9240E-04
  2.2031E+02  4.0855E-19  5.3875E-01  4.2240E-04
  2.2088E+02 -3.7740E-19  5.3843E-01  4.1003E-04
  2.2145E+02 -2.9043E-19  5.3807E-01  4.4088E-04
  2.2202E+02  2.0286E-19  5.3770E-01  4.9212E-04
  2.2259E+02 -1.0331E-19  5.3730E-01  4.9297E-04
  2.2316E+02  3.4960E-19  5.3685E-01  4.2190E-04
  2.2373E+02  5.0392E-19  5.3635E-01  3.0270E-04
  2.2430E+02  1.9546E-19  5.3585E-01  1.6772E-04
  2.2488E+02  7.2017E-19  5.3537E-01  5.4973E-05
  2.2548E+02 -5.2863E-19  5.3497E-01  2.7805E-05
  2.2608E+02 -3.2040E-19  5.3468E-01  7.1635E-05
  2.2668E+02  1.7319E-20  5.3445E-01  1.2474E-04
  2.2728E+02 -3.5210E-19  5.3433E-01  1.3271E-04
  2.2787E+02 -9.8728E-19  5.3417E-01  5.2975E-05
  2.2847E+02 -1.0556E-18  5.3405E-01 -8.6717E-05
  2.2907E+02 -2.1507E-19  5.3398E-01 -1.9802E-04
  2.2967E+02 -5.6810E-19  5.3398E-01 -2.5080E-04
  2.3027E+02  3.0813E-19  5.3395E-01 -2.6938E-04
  2.3087E+02 -6.3450E-19  5.3385E-01 -2.4318E-04
  2.3147E+02 -1.5810E-19  5.3365E-01 -1.4960E-04
  2.3207E+02 -3.9263E-19  5.3340E-01 -2.1572E-05
  2.3266E+02 -1.6996E-19  5.3315E-01  6.4243E-05
  2.3326E+02  1.5365E-19  5.3298E-01  2.6018E-05
  2.3386E+02  3.6120E-19  5.3288E-01 -1.1141E-04
  2.3446E+02 -8.1023E-19  5.3285E-01 -2.9725E-04
  2.3506E+02  5.1815E-19  5.3290E-01 -4.6185E-04
  2.3566E+02 -6.0812E-19  5.3300E-01 -5.8970E-04
  2.3626E+02  3.0452E-19  5.3305E-01 -7.2702E-04
  2.3686E+02  9.0575E-19  5.3303E-01 -8.5782E-04
  2.3745E+02 -5.6808E-19  5.3290E-01 -9.6610E-04
  2.3805E+02  5.5178E-19  5.3268E-01 -1.0728E-03
  2.3865E+02 -7.4172E-20  5.3247E-01 -1.1506E-03
  2.3925E+02 -2.4556E-19  5.3233E-01 -1.1288E-03
  2.3985E+02 -8.6002E-20  5.3225E-01 -9.5747E-04
  2.4045E+02  5.2373E-19  5.3225E-01 -7.1330E-04
  2.4105E+02  9.6567E-21  5.3228E-01 -4.8238E-04
  2.4167E+02  1.4327E-20  5.3235E-01 -3.2312E-04
  2.4230E+02 -7.5655E-19  5.3253E-01 -2.2286E-04
  2.4293E+02 -3.7580E-19  5.3280E-01 -1.8332E-04
  2.4356E+02 -1.7688E-19  5.3315E-01 -2.7293E-04
  2.4419E+02 -7.5135E-19  5.3350E-01 -4.6885E-04
  2.4482E+02  2.7392E-19  5.3380E-01 -6.5030E-04
  2.4544E+02 -9.0625E-19  5.3410E-01 -7.3035E-04
  2.4607E+02 -3.9817E-19  5.3450E-01 -7.5002E-04
  2.4670E+02  8.9243E-20  5.3503E-01 -8.1385E-04
  2.4733E+02 -5.2670E-21  5.3565E-01 -9.5413E-04
  2.4799E+02 -8.8497E-19  5.3648E-01 -1.0657E-03
  2.4865E+02 -5.3275E-19  5.3742E-01 -1.0842E-03
  2.4931E+02  1.1825E-18  5.3840E-01 -1.0535E-03
  2.4997E+02 -2.0570E-19  5.3927E-01 -9.9073E-04
  2.5063E+02 -4.6275E-19  5.4010E-01 -9.0073E-04
  2.5129E+02 -2.2480E-20  5.4090E-01 -7.7450E-04
  2.5195E+02  7.5233E-19  5.4177E-01 -6.2338E-04
  2.5261E+02 -2.2114E-20  5.4268E-01 -5.0153E-04
  2.5327E+02 -5.1918E-19  5.4365E-01 -3.9570E-04
  2.5393E+02 -4.5693E-19  5.4478E-01 -2.3051E-04
  2.5459E+02 -7.3050E-19  5.4602E-01 -2.7387E-05
  2.5525E+02 -5.6872E-19  5.4733E-01  1.5358E-04
  2.5593E+02 -7.3698E-20  5.4875E-01  3.3288E-04
  2.5663E+02  6.7755E-19  5.5020E-01  5.0612E-04
  2.5732E+02  5.5390E-20  5.5177E-01  6.4865E-04
  2.5801E+02 -7.2068E-19  5.5350E-01  7.0218E-04
  2.5871E+02  3.7210E-19  5.5530E-01  6.3822E-04
  2.5940E+02 -2.6240E-19  5.5717E-01  5.3750E-04
  2.6009E+02  3.5282E-19  5.5910E-01  4.2233E-04
  2.6078E+02  5.8908E-19  5.6105E-01  2.3179E-04
  2.6148E+02 -8.8540E-19  5.6310E-01 -1.5047E-05
  2.6217E+02 -1.1063E-18  5.6533E-01 -2.7437E-04
  2.6289E+02 -1.0622E-18  5.6770E-01 -5.3225E-04
  2.6362E+02  9.4343E-19  5.7020E-01 -8.1598E-04
  2.6434E+02 -3.7790E-19  5.7272E-01 -1.1462E-03
  2.6507E+02 -3.4685E-19  5.7528E-01 -1.4446E-03
  2.6580E+02 -6.1417E-19  5.7778E-01 -1.5572E-03
  2.6653E+02  3.7743E-20  5.8017E-01 -1.4697E-03
  2.6725E+02 -3.1265E-19  5.8258E-01 -1.3178E-03
  2.6798E+02 -1.2872E-18  5.8500E-01 -1.1418E-03
  2.6871E+02  8.4377E-19  5.8755E-01 -9.5112E-04
  2.6944E+02 -5.0490E-19  5.9013E-01 -7.9238E-04
  2.7017E+02  2.8420E-19  5.9258E-01 -6.4860E-04
  2.7089E+02  5.6603E-19  5.9487E-01 -5.1110E-04
  2.7162E+02  5.4550E-20  5.9700E-01 -4.0807E-04
  2.7235E+02  6.3075E-19  5.9908E-01 -3.0328E-04
  2.7308E+02  1.7229E-19  6.0097E-01 -1.8236E-04
  2.7380E+02  1.0726E-18  6.0270E-01 -8.2955E-05
  2.7453E+02 -3.8118E-19  6.0427E-01 -2.2647E-05
  2.7526E+02  1.0808E-18  6.0572E-01  4.1797E-06
  2.7599E+02  3.1615E-19  6.0717E-01  1.5962E-06
  2.7672E+02 -1.3070E-18  6.0868E-01 -1.5913E-05
  2.7744E+02  2.7623E-20  6.1020E-01 -5.3718E-05
  2.7817E+02  4.8437E-19  6.1168E-01 -1.3549E-04
  2.7890E+02  3.0200E-19  6.1310E-01 -1.7738E-04
  2.7963E+02 -3.8348E-19  6.1450E-01 -1.9774E-04
  2.8036E+02 -5.5790E-19  6.1600E-01 -2.5723E-04
  2.8108E+02  9.5740E-19  6.1768E-01 -3.1113E-04
  2.8181E+02 -1.0467E-18  6.1955E-01 -2.9893E-04
  2.8254E+02  2.9393E-19  6.2160E-01 -2.4211E-04
  2.8327E+02 -5.1992E-19  6.2383E-01 -1.9345E-04
  2.8399E+02  9.1575E-19  6.2622E-01 -1.3430E-04
  2.8472E+02  1.3458E-19  6.2865E-01 -1.0621E-04
  2.8545E+02 -6.3498E-19  6.3108E-01 -1.5690E-04
  2.8618E+02 -5.6190E-19  6.3353E-01 -3.6718E-04
  2.8691E+02 -1.7418E-20  6.3592E-01 -7.5673E-04
  2.8763E+02 -1.9762E-19  6.3823E-01 -1.1765E-03
  2.8836E+02 -4.1022E-21  6.4052E-01 -1.4634E-03
  2.8909E+02 -7.9697E-19  6.4290E-01 -1.6190E-03
  2.8982E+02  4.5335E-19  6.4535E-01 -1.7427E-03
  2.9054E+02 -5.4450E-19  6.4785E-01 -1.8176E-03
  2.9127E+02 -9.5950E-19  6.5050E-01 -1.8180E-03
  2.9200E+02  9.4265E-19  6.5333E-01 -1.8208E-03
  2.9271E+02 -6.8207E-19  6.5615E-01 -1.8896E-03
  2.9339E+02 -1.3348E-18  6.5887E-01 -1.9851E-03
  2.9408E+02  4.1353E-19  6.6150E-01 -2.0466E-03
  2.9477E+02 -1.0282E-18  6.6413E-01 -2.0970E-03
  2.9546E+02 -1.7023E-18  6.6672E-01 -2.1712E-03
  2.9614E+02 -2.9088E-19  6.6940E-01 -2.2200E-03
  2.9683E+02 -5.4180E-19  6.7217E-01 -2.1456E-03
  2.9752E+02  1.6111E-19  6.7505E-01 -1.9413E-03
  2.9820E+02  1.1163E-18  6.7787E-01 -1.6227E-03
  2.9889E+02  1.4575E-20  6.8060E-01 -1.2361E-03
  2.9958E+02  4.6608E-19  6.8322E-01 -8.6788E-04
  3.0026E+02  3.1903E-19  6.8577E-01 -5.3077E-04
  3.0095E+02 -7.2840E-19  6.8827E-01 -2.8773E-04
  3.0164E+02  6.6250E-20  6.9075E-01 -2.0674E-04
  3.0233E+02 -2.6848E-19  6.9323E-01 -2.2726E-04
  3.0301E+02 -4.6167E-19  6.9575E-01 -2.5462E-04
  3.0370E+02  4.0245E-19  6.9832E-01 -3.4285E-04
  3.0439E+02 -8.8898E-19  7.0085E-01 -5.1080E-04
  3.0507E+02  1.0407E-18  7.0328E-01 -7.3955E-04
  3.0576E+02  1.3484E-19  7.0562E-01 -9.5852E-04
  3.0645E+02 -2.5878E-19  7.0802E-01 -1.2354E-03
  3.0714E+02 -5.7267E-19  7.1048E-01 -1.5592E-03
  3.0782E+02 -1.3699E-19  7.1295E-01 -1.8543E-03
  3.0851E+02 -1.0526E-18  7.1538E-01 -2.0972E-03
  3.0920E+02 -5.3018E-19  7.1782E-01 -2.2033E-03
  3.0988E+02  1.0433E-18  7.2035E-01 -2.2218E-03
  3.1057E+02  9.6133E-19  7.2293E-01 -2.2999E-03
  3.1126E+02 -6.3230E-19  7.2553E-01 -2.4291E-03
  3.1194E+02  6.3715E-19  7.2810E-01 -2.5460E-03
  3.1263E+02 -5.7940E-19  7.3065E-01 -2.6047E-03
  3.1332E+02  7.1880E-19  7.3330E-01 -2.5590E-03
  3.1401E+02 -1.1284E-18  7.3600E-01 -2.3742E-03
  3.1469E+02 -8.1007E-19  7.3860E-01 -2.0250E-03
  3.1538E+02  4.3593E-19  7.4112E-01 -1.6289E-03
  3.1607E+02  1.5420E-19  7.4357E-01 -1.3312E-03
  3.1675E+02 -5.4872E-19  7.4603E-01 -1.1357E-03
  3.1744E+02 -3.6657E-19  7.4843E-01 -9.5403E-04
  3.1813E+02 -5.9465E-19  7.5077E-01 -8.0213E-04
  3.1882E+02 -3.6012E-19  7.5305E-01 -6.6493E-04
  3.1950E+02  1.7068E-20  7.5525E-01 -5.1788E-04
  3.2019E+02  2.9055E-19  7.5732E-01 -3.4287E-04
  3.2088E+02 -2.1398E-19  7.5928E-01 -2.5788E-04
  3.2156E+02 -3.4077E-19  7.6122E-01 -2.7082E-04
  3.2225E+02  6.9022E-19  7.6330E-01 -2.7482E-04
  3.2294E+02  4.1490E-20  7.6543E-01 -2.6302E-04
  3.2362E+02 -6.4472E-20  7.6760E-01 -2.9580E-04
  3.2431E+02 -4.1643E-19  7.6982E-01 -4.3830E-04
  3.2500E+02 -4.8510E-19  7.7202E-01 -6.5275E-04
  3.2565E+02 -5.5652E-19  7.7403E-01 -7.7750E-04
  3.2630E+02 -1.0285E-18  7.7592E-01 -7.5840E-04
  3.2695E+02 -2.9777E-19  7.7767E-01 -6.7630E-04
  3.2760E+02 -1.8278E-19  7.7930E-01 -6.4562E-04
  3.2825E+02 -7.3905E-19  7.8083E-01 -7.1800E-04
  3.2891E+02 -1.5119E-18  7.8230E-01 -8.8032E-04
  3.2956E+02  1.0477E-18  7.8357E-01 -1.1732E-03
  3.3021E+02  2.0463E-18  7.8462E-01 -1.5443E-03
  3.3086E+02 -5.5665E-19  7.8543E-01 -1.8812E-03
  3.3151E+02  1.0718E-18  7.8615E-01 -2.1387E-03
  3.3216E+02  7.7465E-19  7.8685E-01 -2.4145E-03
  3.3282E+02  1.3599E-19  7.8752E-01 -2.7015E-03
  3.3347E+02  5.6272E-21  7.8810E-01 -2.8493E-03
  3.3412E+02 -1.1493E-18  7.8835E-01 -2.8775E-03
  3.3477E+02  3.5635E-19  7.8822E-01 -2.9060E-03
  3.3542E+02 -9.2707E-19  7.8780E-01 -3.0152E-03
  3.3608E+02 -4.1982E-19  7.8715E-01 -3.1467E-03
  3.3673E+02  1.3468E-19  7.8623E-01 -3.1885E-03
  3.3738E+02 -4.4220E-19  7.8510E-01 -3.2210E-03
  3.3803E+02 -1.3512E-18  7.8375E-01 -3.3267E-03
  3.3868E+02  7.5978E-19  7.8218E-01 -3.4507E-03
  3.3933E+02 -1.1884E-18  7.8040E-01 -3.5585E-03
  3.3999E+02  1.0110E-18  7.7847E-01 -3.6295E-03
  3.4064E+02 -4.3435E-19  7.7648E-01 -3.6518E-03
  3.4129E+02 -1.1614E-20  7.7438E-01 -3.5740E-03
  3.4194E+02  2.0382E-19  7.7223E-01 -3.4287E-03
  3.4259E+02 -6.3835E-19  7.7010E-01 -3.2538E-03
  3.4324E+02  2.5715E-20  7.6807E-01 -3.0472E-03
  3.4390E+02 -3.0868E-19  7.6615E-01 -2.8642E-03
  3.4455E+02  3.6453E-19  7.6433E-01 -2.7800E-03
  3.4520E+02 -5.5205E-19  7.6260E-01 -2.7670E-03
  3.4585E+02 -1.4774E-18  7.6103E-01 -2.6412E-03
  3.4650E+02  1.0335E-18  7.5947E-01 -2.3936E-03
  3.4716E+02  1.0585E-18  7.5785E-01 -2.1404E-03
  3.4781E+02 -9.8325E-19  7.5615E-01 -1.9100E-03
  3.4846E+02  2.5980E-19  7.5455E-01 -1.5631E-03
  3.4911E+02 -1.7913E-19  7.5315E-01 -1.1464E-03
  3.4976E+02 -2.4481E-19  7.5205E-01 -8.4885E-04
  3.5041E+02 -4.7740E-19  7.5133E-01 -6.4880E-04
  3.5107E+02 -5.7000E-19  7.5075E-01 -4.2183E-04
  3.5172E+02  1.8274E-19  7.5028E-01 -2.2066E-04
  3.5237E+02 -1.2945E-18  7.4993E-01 -1.0973E-04
  3.5302E+02  1.5766E-19  7.4972E-01 -8.8243E-05
  3.5367E+02 -1.3911E-19  7.4958E-01 -9.7330E-05
  3.5432E+02 -5.5875E-20  7.4940E-01 -6.3643E-05
  3.5498E+02  1.8774E-19  7.4915E-01  1.2880E-04
  3.5563E+02 -7.7695E-19  7.4900E-01  4.4285E-04
  3.5628E+02 -1.1512E-18  7.4900E-01  8.1037E-04
  3.5693E+02 -7.4010E-19  7.4907E-01  1.1192E-03
  3.5758E+02 -7.1173E-19  7.4918E-01  1.2917E-03
  3.5824E+02  7.5202E-19  7.4925E-01  1.3517E-03
  3.5889E+02  7.5970E-19  7.4945E-01  1.3211E-03
  3.5954E+02  6.7352E-19  7.4975E-01  1.1688E-03
  3.6019E+02  1.2037E-18  7.5017E-01  9.3250E-04
  3.6084E+02 -5.9445E-19  7.5072E-01  6.4335E-04
  3.6149E+02 -4.2452E-19  7.5145E-01  4.4240E-04
  3.6215E+02  1.9997E-19  7.5232E-01  3.1435E-04
  3.6280E+02  1.1820E-18  7.5332E-01  1.7931E-04
  3.6345E+02  8.5985E-19  7.5440E-01  9.3353E-05
  3.6410E+02  7.6987E-19  7.5565E-01  1.2786E-04
  3.6475E+02  5.5012E-20  7.5703E-01  2.3821E-04
  3.6541E+02  1.1946E-19  7.5842E-01  3.7600E-04
  3.6606E+02 -1.0148E-18  7.5972E-01  4.9077E-04
  3.6671E+02 -1.0493E-18  7.6090E-01  6.0988E-04
  3.6736E+02 -2.5243E-20  7.6200E-01  6.9250E-04
  3.6801E+02  6.7755E-19  7.6315E-01  6.9025E-04
  3.6866E+02  4.5242E-19  7.6437E-01  6.4610E-04
  3.6932E+02  8.4475E-19  7.6555E-01  5.5902E-04
  3.6997E+02 -1.3263E-19  7.6675E-01  3.6195E-04
  3.7062E+02  1.1734E-18  7.6800E-01  1.0686E-04
  3.7127E+02 -1.0803E-18  7.6925E-01 -1.2896E-04
  3.7190E+02  3.0950E-19  7.7035E-01 -2.7545E-04
  3.7252E+02  6.2630E-19  7.7125E-01 -3.3247E-04
  3.7313E+02 -3.9607E-19  7.7195E-01 -4.1635E-04
  3.7375E+02  1.5188E-19  7.7248E-01 -5.6757E-04
  3.7436E+02 -1.5899E-19  7.7275E-01 -7.3025E-04
  3.7498E+02  9.0583E-19  7.7293E-01 -8.9032E-04
  3.7559E+02  6.4440E-19  7.7298E-01 -1.0302E-03
  3.7621E+02  1.8839E-19  7.7293E-01 -1.0975E-03
  3.7682E+02  6.2998E-19  7.7280E-01 -1.0870E-03
  3.7744E+02  1.1418E-19  7.7260E-01 -1.0703E-03
  3.7805E+02  1.1212E-19  7.7240E-01 -1.0541E-03
  3.7868E+02  1.9148E-19  7.7220E-01 -1.0610E-03
  3.7933E+02  8.1502E-19  7.7188E-01 -1.0978E-03
  3.7997E+02  8.4640E-19  7.7140E-01 -1.1536E-03
  3.8062E+02 -1.9440E-19  7.7083E-01 -1.2255E-03
  3.8127E+02  2.6382E-18  7.7020E-01 -1.2911E-03
  3.8191E+02 -9.5640E-19  7.6960E-01 -1.3275E-03
  3.8256E+02  1.3662E-18  7.6905E-01 -1.3579E-03
  3.8320E+02 -5.6468E-19  7.6845E-01 -1.4257E-03
  3.8385E+02  3.3207E-19  7.6775E-01 -1.4740E-03
  3.8449E+02  3.9177E-19  7.6692E-01 -1.5423E-03
  3.8514E+02 -2.1316E-19  7.6605E-01 -1.7115E-03
  3.8578E+02 -6.3507E-19  7.6522E-01 -1.9414E-03
  3.8643E+02 -3.2867E-19  7.6447E-01 -2.1922E-03
  3.8707E+02  1.0804E-18  7.6372E-01 -2.4967E-03
  3.8772E+02  9.4448E-19  7.6288E-01 -2.8123E-03
  3.8836E+02 -1.7580E-19  7.6210E-01 -3.0365E-03
  3.8901E+02 -6.5295E-19  7.6140E-01 -3.2155E-03
  3.8965E+02 -8.9085E-19  7.6073E-01 -3.4585E-03
  3.9030E+02  3.9120E-19  7.6007E-01 -3.6703E-03
  3.9095E+02 -1.6564E-19  7.5945E-01 -3.7315E-03
  3.9159E+02 -4.0862E-19  7.5883E-01 -3.6680E-03
  3.9224E+02  7.9565E-19  7.5830E-01 -3.5400E-03
  3.9288E+02 -3.1377E-19  7.5790E-01 -3.3108E-03
  3.9353E+02 -9.5885E-19  7.5760E-01 -2.9778E-03
  3.9417E+02  5.1530E-19  7.5743E-01 -2.5885E-03
  3.9485E+02 -9.8757E-19  7.5735E-01 -2.1447E-03
  3.9552E+02 -3.0335E-19  7.5727E-01 -1.7596E-03
  3.9620E+02 -8.1185E-19  7.5725E-01 -1.5411E-03
  3.9688E+02 -5.1975E-19  7.5722E-01 -1.3541E-03
  3.9756E+02  6.7705E-19  7.5725E-01 -1.1851E-03
  3.9823E+02  3.9153E-19  7.5738E-01 -1.0652E-03
  3.9891E+02 -5.3335E-19  7.5760E-01 -9.5418E-04
  3.9959E+02 -2.1790E-19  7.5788E-01 -8.2900E-04
  4.0027E+02  1.0425E-18  7.5813E-01 -7.3512E-04
  4.0095E+02 -2.0119E-18  7.5840E-01 -7.3587E-04
  4.0162E+02  2.6163E-19  7.5867E-01 -8.2687E-04
  4.0230E+02 -1.2250E-18  7.5893E-01 -9.4655E-04
  4.0298E+02 -1.5788E-18  7.5920E-01 -9.8358E-04
  4.0366E+02 -1.4488E-18  7.5953E-01 -8.3655E-04
  4.0433E+02 -1.1270E-18  7.5980E-01 -6.1287E-04
  4.0501E+02  4.9595E-19  7.6003E-01 -4.8913E-04
  4.0569E+02  1.0363E-18  7.6028E-01 -5.0430E-04
  4.0634E+02 -9.2095E-19  7.6057E-01 -6.3650E-04
  4.0695E+02  8.8275E-19  7.6082E-01 -8.0590E-04
  4.0755E+02 -1.0198E-19  7.6108E-01 -9.5575E-04
  4.0815E+02  1.2703E-18  7.6135E-01 -1.1033E-03
  4.0875E+02  3.8307E-19  7.6165E-01 -1.2937E-03
  4.0936E+02  8.4590E-19  7.6187E-01 -1.5240E-03
  4.0996E+02 -6.2475E-19  7.6202E-01 -1.7285E-03
  4.1056E+02 -8.0887E-21  7.6213E-01 -1.8754E-03
  4.1116E+02  7.6817E-19  7.6222E-01 -1.9384E-03
  4.1177E+02  1.4214E-19  7.6235E-01 -1.8725E-03
  4.1237E+02 -1.4399E-18  7.6245E-01 -1.7775E-03
  4.1297E+02  7.7620E-19  7.6248E-01 -1.7650E-03
  4.1358E+02 -8.6697E-19  7.6243E-01 -1.8233E-03
  4.1421E+02  5.3500E-21  7.6225E-01 -1.8939E-03
  4.1484E+02  1.8909E-19  7.6197E-01 -1.8968E-03
  4.1547E+02 -7.0582E-19  7.6162E-01 -1.8709E-03
  4.1611E+02  2.3940E-19  7.6115E-01 -1.9209E-03
  4.1674E+02  2.9908E-19  7.6063E-01 -2.1095E-03
  4.1737E+02  5.1262E-20  7.6003E-01 -2.3672E-03
  4.1800E+02 -2.0305E-18  7.5942E-01 -2.5937E-03
  4.1864E+02  1.9577E-19  7.5880E-01 -2.7457E-03
  4.1927E+02  1.6092E-18  7.5825E-01 -2.7628E-03
  4.1990E+02 -1.0091E-18  7.5778E-01 -2.6550E-03
  4.2054E+02  6.8803E-19  7.5735E-01 -2.5397E-03
  4.2117E+02  6.2285E-20  7.5700E-01 -2.4455E-03
  4.2180E+02 -1.1039E-18  7.5673E-01 -2.3139E-03
  4.2243E+02  5.9190E-19  7.5650E-01 -2.1146E-03
  4.2307E+02 -5.8700E-19  7.5622E-01 -1.7896E-03
  4.2370E+02  5.7770E-19  7.5592E-01 -1.3945E-03
  4.2433E+02  4.3703E-19  7.5565E-01 -1.0617E-03
  4.2496E+02  1.2997E-19  7.5538E-01 -8.3223E-04
  4.2563E+02 -6.0450E-19  7.5523E-01 -6.7800E-04
  4.2629E+02 -1.0934E-18  7.5512E-01 -5.0012E-04
  4.2696E+02 -4.7928E-19  7.5498E-01 -2.9240E-04
  4.2762E+02 -1.2308E-18  7.5485E-01 -8.3525E-05
  4.2828E+02  6.2388E-19  7.5475E-01  1.2374E-04
  4.2895E+02 -1.2396E-19  7.5477E-01  3.3235E-04
  4.2961E+02 -4.1395E-19  7.5500E-01  5.2117E-04
  4.3028E+02 -8.6173E-19  7.5538E-01  6.4870E-04
  4.3094E+02 -8.9445E-19  7.5580E-01  7.5787E-04
  4.3161E+02 -1.5399E-18  7.5627E-01  8.5710E-04
  4.3227E+02 -2.7543E-19  7.5685E-01  9.3415E-04
  4.3293E+02  7.3780E-19  7.5743E-01  9.7080E-04
  4.3360E+02  1.2905E-18  7.5802E-01  9.4132E-04
  4.3426E+02  3.6620E-19  7.5875E-01  8.3980E-04
  4.3493E+02 -4.1060E-19  7.5968E-01  6.9335E-04
  4.3559E+02  4.6140E-20  7.6073E-01  5.4778E-04
  4.3626E+02 -1.7396E-18  7.6195E-01  4.5178E-04
  4.3692E+02 -9.7205E-19  7.6337E-01  3.3320E-04
  4.3758E+02 -1.9378E-19  7.6490E-01  1.5871E-04
  4.3825E+02 -2.1683E-19  7.6650E-01 -9.0828E-05
  4.3891E+02 -1.4151E-18  7.6815E-01 -4.1892E-04
  4.3958E+02  2.0426E-19  7.6977E-01 -6.9968E-04
  4.4024E+02  7.4242E-19  7.7122E-01 -8.9210E-04
  4.4090E+02 -7.1355E-19  7.7248E-01 -1.0131E-03
  4.4157E+02 -2.1235E-19  7.7360E-01 -1.0459E-03
  4.4223E+02 -1.2739E-20  7.7470E-01 -1.0278E-03
  4.4290E+02  4.0332E-19  7.7578E-01 -9.8838E-04
  4.4356E+02 -1.6814E-19  7.7685E-01 -9.6970E-04
  4.4423E+02  7.7215E-19  7.7798E-01 -1.0367E-03
  4.4489E+02  5.5267E-19  7.7920E-01 -1.2029E-03
  4.4555E+02 -2.1925E-19  7.8053E-01 -1.5020E-03
  4.4622E+02 -1.2161E-18  7.8177E-01 -1.8234E-03
  4.4687E+02  3.1660E-19  7.8290E-01 -2.0363E-03
  4.4750E+02  1.7576E-18  7.8380E-01 -2.1332E-03
  4.4813E+02 -3.4432E-19  7.8450E-01 -2.1067E-03
  4.4876E+02  5.2630E-19  7.8497E-01 -2.0306E-03
  4.4939E+02 -8.0472E-19  7.8518E-01 -2.0409E-03
  4.5002E+02  7.8472E-19  7.8513E-01 -2.1368E-03
  4.5065E+02 -3.6998E-19  7.8475E-01 -2.2462E-03
  4.5128E+02  4.0003E-19  7.8410E-01 -2.3028E-03
  4.5191E+02  4.6648E-19  7.8320E-01 -2.3233E-03
  4.5254E+02 -4.0067E-19  7.8210E-01 -2.3560E-03
  4.5317E+02 -1.2136E-18  7.8090E-01 -2.4680E-03
  4.5380E+02  6.2850E-19  7.7960E-01 -2.6887E-03
  4.5443E+02 -1.8180E-18  7.7820E-01 -3.0263E-03
  4.5506E+02  2.3053E-19  7.7675E-01 -3.4022E-03
  4.5569E+02 -1.8306E-19  7.7535E-01 -3.6828E-03
  4.5632E+02 -3.8685E-19  7.7403E-01 -3.8110E-03
  4.5695E+02 -1.2310E-18  7.7280E-01 -3.6993E-03
  4.5758E+02  3.1598E-20  7.7165E-01 -3.4290E-03
  4.5821E+02 -3.9875E-19  7.7052E-01 -3.1595E-03
  4.5884E+02 -1.1024E-18  7.6935E-01 -2.9093E-03
  4.5947E+02  1.3110E-18  7.6820E-01 -2.6750E-03
  4.6010E+02  1.1635E-18  7.6710E-01 -2.4367E-03
  4.6073E+02 -1.6278E-18  7.6610E-01 -2.1957E-03
  4.6136E+02 -2.4191E-20  7.6517E-01 -2.0095E-03
  4.6199E+02 -6.8113E-19  7.6433E-01 -1.8826E-03
  4.6262E+02  1.7369E-19  7.6355E-01 -1.7512E-03
  4.6325E+02 -2.9180E-19  7.6288E-01 -1.5763E-03
  4.6388E+02  5.7098E-19  7.6237E-01 -1.3735E-03
  4.6451E+02 -5.9758E-19  7.6208E-01 -1.1572E-03
  4.6514E+02  6.8985E-19  7.6180E-01 -9.3347E-04
  4.6577E+02  4.6580E-19  7.6152E-01 -7.1003E-04
  4.6640E+02 -2.9838E-19  7.6120E-01 -5.1800E-04
  4.6704E+02 -3.1860E-19  7.6087E-01 -3.9642E-04
  4.6767E+02 -9.6140E-19  7.6065E-01 -3.8003E-04
  4.6830E+02 -8.9748E-20  7.6052E-01 -3.8860E-04
  4.6893E+02 -1.0185E-18  7.6045E-01 -4.4383E-04
  4.6956E+02  1.6787E-18  7.6035E-01 -6.6590E-04
  4.7019E+02 -1.3560E-18  7.6030E-01 -9.9057E-04
  4.7082E+02 -1.1859E-19  7.6028E-01 -1.3621E-03
  4.7148E+02  5.4333E-19  7.6033E-01 -1.7960E-03
  4.7214E+02 -1.2403E-18  7.6045E-01 -2.1792E-03
  4.7280E+02 -9.3053E-19  7.6065E-01 -2.4559E-03
  4.7342E+02  8.4975E-20  7.6103E-01 -2.6510E-03
  4.7405E+02 -7.0603E-19  7.6148E-01 -2.7203E-03
  4.7468E+02  9.6195E-19  7.6192E-01 -2.6720E-03
  4.7530E+02 -5.7485E-19  7.6235E-01 -2.6605E-03
  4.7593E+02 -3.8520E-20  7.6278E-01 -2.6992E-03
  4.7655E+02 -1.0653E-19  7.6330E-01 -2.7273E-03
  4.7718E+02  5.1588E-19  7.6395E-01 -2.7267E-03
  4.7781E+02  8.1785E-20  7.6465E-01 -2.7750E-03
  4.7843E+02 -1.0226E-18  7.6543E-01 -2.9037E-03
  4.7906E+02 -9.7673E-19  7.6615E-01 -2.9930E-03
  4.7968E+02 -1.1858E-18  7.6680E-01 -3.0170E-03
  4.8031E+02  6.7730E-19  7.6750E-01 -3.0470E-03
  4.8094E+02 -3.8600E-19  7.6820E-01 -3.0575E-03
  4.8156E+02 -4.8220E-19  7.6890E-01 -3.0197E-03
  4.8221E+02 -5.4255E-19  7.6965E-01 -2.9633E-03
  4.8287E+02 -1.0021E-18  7.7045E-01 -2.9045E-03
  4.8353E+02 -6.8043E-19  7.7125E-01 -2.9265E-03
  4.8419E+02  1.0557E-18  7.7202E-01 -2.9655E-03
  4.8484E+02 -1.3833E-18  7.7285E-01 -2.9607E-03
  4.8550E+02 -4.7452E-19  7.7372E-01 -2.9225E-03
  4.8616E+02 -7.4875E-19  7.7452E-01 -2.8942E-03
  4.8682E+02 -1.4016E-18  7.7515E-01 -2.8910E-03
  4.8747E+02  3.5185E-19  7.7562E-01 -2.9663E-03
  4.8813E+02 -6.6980E-19  7.7602E-01 -3.2018E-03
  4.8879E+02  5.7380E-19  7.7640E-01 -3.4680E-03
  4.8945E+02 -8.1142E-19  7.7672E-01 -3.6125E-03
  4.9010E+02  5.2548E-19  7.7705E-01 -3.6675E-03
  4.9076E+02  6.1978E-19  7.7742E-01 -3.6747E-03
  4.9142E+02  3.2725E-19  7.7785E-01 -3.6242E-03
  4.9207E+02 -6.4590E-19  7.7833E-01 -3.5052E-03
  4.9273E+02 -4.0593E-19  7.7890E-01 -3.4345E-03
  4.9339E+02  3.2742E-19  7.7955E-01 -3.4570E-03
  4.9405E+02 -1.3871E-18  7.8025E-01 -3.4535E-03
  4.9470E+02 -2.9952E-19  7.8085E-01 -3.3775E-03
  4.9536E+02 -4.1540E-19  7.8135E-01 -3.3043E-03
  4.9602E+02  8.9408E-19  7.8180E-01 -3.2735E-03
  4.9668E+02  5.5470E-19  7.8230E-01 -3.2087E-03
  4.9733E+02 -1.1770E-18  7.8280E-01 -3.0930E-03
  4.9799E+02 -2.8870E-19  7.8328E-01 -2.9667E-03
  4.9865E+02 -8.8713E-19  7.8363E-01 -2.8083E-03
  4.9931E+02  7.9802E-19  7.8398E-01 -2.5663E-03
  4.9996E+02  8.4807E-19  7.8433E-01 -2.2214E-03
  5.0062E+02  1.1842E-18  7.8470E-01 -1.8860E-03
  5.0128E+02  2.6377E-19  7.8508E-01 -1.6183E-03
  5.0193E+02 -2.3096E-18  7.8545E-01 -1.3661E-03
  5.0259E+02 -8.9908E-19  7.8585E-01 -1.1349E-03
  5.0325E+02 -1.9553E-18  7.8620E-01 -8.5952E-04
  5.0391E+02 -1.1181E-18  7.8648E-01 -4.6703E-04
  5.0456E+02 -2.7423E-19  7.8675E-01 -9.8270E-05
  5.0522E+02  1.9551E-18  7.8685E-01  5.6545E-05
  5.0588E+02  1.1878E-18  7.8683E-01  6.2265E-05
  5.0654E+02 -9.8658E-19  7.8670E-01  3.3910E-05
  5.0719E+02  7.5707E-19  7.8650E-01  6.9410E-05
  5.0785E+02 -1.3438E-18  7.8605E-01  1.5044E-04
  5.0851E+02 -2.9573E-19  7.8545E-01  1.5750E-04
  5.0917E+02  1.6329E-19  7.8487E-01  1.0796E-04
  5.0982E+02  1.3488E-18  7.8435E-01  1.1403E-04
  5.1048E+02  6.0702E-19  7.8380E-01  1.6070E-04
  5.1114E+02 -1.1990E-18  7.8320E-01  1.8489E-04
  5.1180E+02 -3.5252E-19  7.8263E-01  2.3742E-04
  5.1245E+02  5.8290E-19  7.8210E-01  2.8937E-04
  5.1311E+02  9.4620E-19  7.8162E-01  3.0057E-04
  5.1377E+02 -7.1512E-19  7.8125E-01  2.8093E-04
  5.1442E+02 -4.6660E-20  7.8097E-01  2.1881E-04
  5.1508E+02 -4.0130E-19  7.8085E-01  1.2862E-04
  5.1574E+02 -7.4255E-19  7.8095E-01 -1.3846E-05
  5.1640E+02 -5.3987E-19  7.8127E-01 -2.2774E-04
  5.1705E+02  1.0455E-18  7.8180E-01 -4.4925E-04
  5.1771E+02  2.3569E-20  7.8253E-01 -5.9697E-04
  5.1837E+02 -1.1836E-18  7.8338E-01 -6.2872E-04
  5.1903E+02  1.4196E-18  7.8440E-01 -6.1683E-04
  5.1968E+02 -8.4032E-19  7.8565E-01 -5.9690E-04
  5.2034E+02  5.4823E-19  7.8707E-01 -5.7870E-04
  5.2100E+02  1.8021E-18  7.8852E-01 -5.7412E-04
  5.2166E+02 -1.3172E-18  7.9000E-01 -5.6797E-04
  5.2231E+02 -1.0557E-18  7.9145E-01 -5.1540E-04
  5.2297E+02 -1.0071E-18  7.9293E-01 -3.7402E-04
  5.2360E+02  2.5300E-19  7.9432E-01 -1.8359E-04
  5.2422E+02  7.1190E-19  7.9565E-01 -3.3952E-05
  5.2482E+02  6.1520E-19  7.9688E-01  5.3610E-05
  5.2540E+02  1.7498E-18  7.9805E-01  9.5948E-05
  5.2599E+02 -1.6626E-18  7.9922E-01  1.4119E-04
  5.2658E+02 -3.6245E-20  8.0042E-01  2.0138E-04
  5.2717E+02  5.8047E-19  8.0165E-01  2.8823E-04
  5.2776E+02  4.6807E-19  8.0287E-01  4.2193E-04
  5.2834E+02  7.7115E-20  8.0408E-01  5.3280E-04
  5.2893E+02 -6.3920E-19  8.0525E-01  5.8603E-04
  5.2952E+02 -5.3655E-19  8.0647E-01  5.2300E-04
  5.3011E+02 -1.2822E-18  8.0765E-01  3.7145E-04
  5.3070E+02 -1.1685E-19  8.0870E-01  2.6252E-04
  5.3128E+02  7.3820E-19  8.0960E-01  2.2910E-04
  5.3190E+02 -3.8035E-20  8.1037E-01  2.6085E-04
  5.3252E+02 -2.5003E-19  8.1107E-01  3.4597E-04
  5.3314E+02 -1.3860E-19  8.1170E-01  4.4740E-04
  5.3375E+02  8.3555E-19  8.1225E-01  6.0412E-04
  5.3437E+02  2.4375E-18  8.1275E-01  7.4005E-04
  5.3499E+02 -1.2127E-18  8.1330E-01  7.7825E-04
  5.3561E+02  1.5150E-19  8.1393E-01  7.3298E-04
  5.3622E+02 -1.9341E-19  8.1460E-01  6.1470E-04
  5.3684E+02  1.7987E-19  8.1530E-01  4.7963E-04
  5.3746E+02  8.0437E-19  8.1600E-01  3.8730E-04
  5.3811E+02 -1.0177E-18  8.1670E-01  3.5062E-04
  5.3876E+02  4.1015E-19  8.1730E-01  2.9417E-04
  5.3940E+02 -2.9565E-19  8.1778E-01  1.4215E-04
  5.4005E+02 -9.2750E-19  8.1808E-01 -4.5250E-05
  5.4070E+02  2.0070E-19  8.1827E-01 -1.7703E-04
  5.4135E+02 -1.3642E-18  8.1840E-01 -2.4707E-04
  5.4200E+02 -1.0836E-18  8.1853E-01 -2.9032E-04
  5.4265E+02 -2.8960E-19  8.1867E-01 -3.6770E-04
  5.4329E+02 -2.6708E-18  8.1875E-01 -5.2630E-04
  5.4394E+02 -2.5407E-18  8.1875E-01 -6.9717E-04
  5.4459E+02 -3.5398E-19  8.1877E-01 -8.8578E-04
  5.4524E+02  5.3008E-19  8.1880E-01 -1.0626E-03
  5.4589E+02  8.0805E-20  8.1870E-01 -1.1718E-03
  5.4654E+02 -1.5174E-19  8.1850E-01 -1.2144E-03
  5.4718E+02 -2.1445E-18  8.1827E-01 -1.1660E-03
  5.4783E+02 -1.8871E-19  8.1797E-01 -1.0735E-03
  5.4848E+02  9.5847E-20  8.1748E-01 -9.8398E-04
  5.4913E+02  8.8567E-19  8.1657E-01 -8.8503E-04
  5.4978E+02  2.5758E-18  8.1533E-01 -8.4902E-04
  5.5043E+02 -5.1165E-19  8.1380E-01 -8.9650E-04
  5.5107E+02 -3.2418E-19  8.1210E-01 -9.4490E-04
  5.5172E+02  8.4223E-19  8.1033E-01 -9.0845E-04
  5.5237E+02 -2.5040E-18  8.0845E-01 -8.2555E-04
  5.5302E+02  2.0119E-18  8.0658E-01 -6.9558E-04
  5.5367E+02  1.2391E-18  8.0470E-01 -6.2358E-04
  5.5432E+02  8.4542E-20  8.0273E-01 -6.3300E-04
  5.5496E+02  2.1394E-18  8.0070E-01 -5.6260E-04
  5.5561E+02  1.2349E-18  7.9865E-01 -3.1217E-04
  5.5626E+02  7.7608E-20  7.9647E-01 -1.0608E-04
  5.5691E+02  4.9360E-19  7.9420E-01 -9.3710E-06
  5.5756E+02  2.1865E-19  7.9180E-01  1.0257E-04
  5.5821E+02 -6.4867E-19  7.8945E-01  2.3933E-04
  5.5885E+02 -1.4393E-18  7.8707E-01  3.9957E-04
  5.5950E+02 -4.5912E-19  7.8445E-01  6.1275E-04
  5.6015E+02 -3.2402E-19  7.8148E-01  8.3298E-04
  5.6080E+02  3.8158E-19  7.7835E-01  9.9643E-04
  5.6145E+02  3.2410E-19  7.7533E-01  1.1077E-03
  5.6210E+02  9.9910E-19  7.7248E-01  1.1954E-03
  5.6274E+02 -4.3400E-19  7.6980E-01  1.2521E-03
  5.6339E+02  4.8017E-19  7.6720E-01  1.2309E-03
  5.6404E+02  1.3050E-18  7.6465E-01  1.1192E-03
  5.6469E+02  3.7470E-19  7.6218E-01  9.7132E-04
  5.6534E+02  3.0182E-19  7.5982E-01  8.5433E-04
  5.6599E+02  7.9523E-19  7.5778E-01  6.9110E-04
  5.6663E+02  9.5267E-19  7.5605E-01  4.4388E-04
  5.6728E+02  4.2627E-19  7.5467E-01  2.0941E-04
  5.6793E+02 -3.6895E-19  7.5362E-01 -1.3726E-05
  5.6858E+02 -4.1400E-19  7.5280E-01 -2.3636E-04
  5.6923E+02  5.0130E-19  7.5220E-01 -4.8270E-04
  5.6988E+02 -4.0605E-19  7.5168E-01 -7.7562E-04
  5.7052E+02 -4.8570E-19  7.5110E-01 -9.8758E-04
  5.7117E+02 -4.6443E-19  7.5050E-01 -9.7963E-04
  5.7182E+02 -1.4519E-18  7.4993E-01 -7.8287E-04
  5.7247E+02 -5.5875E-19  7.4940E-01 -6.0098E-04
  5.7312E+02 -8.9482E-19  7.4892E-01 -4.5792E-04
  5.7377E+02 -6.7137E-19  7.4850E-01 -2.9853E-04
  5.7441E+02 -5.4700E-19  7.4813E-01 -1.9196E-04
  5.7506E+02 -5.1182E-19  7.4785E-01 -1.8597E-04
  5.7571E+02  6.3535E-19  7.4755E-01 -1.9850E-04
  5.7636E+02 -4.1645E-19  7.4730E-01 -1.9061E-04
  5.7701E+02 -1.0285E-19  7.4713E-01 -1.1431E-04
  5.7766E+02 -1.5050E-19  7.4703E-01 -1.9827E-05
  5.7830E+02 -1.7637E-19  7.4695E-01 -7.2315E-05
  5.7898E+02 -9.2262E-19  7.4690E-01 -3.1413E-04
  5.7966E+02 -4.1925E-19  7.4690E-01 -5.7380E-04
  5.8035E+02 -1.7489E-18  7.4692E-01 -7.7020E-04
  5.8103E+02  4.7237E-19  7.4682E-01 -9.5675E-04
  5.8171E+02 -1.1646E-18  7.4657E-01 -1.1913E-03
  5.8239E+02 -1.3950E-19  7.4622E-01 -1.4491E-03
  5.8307E+02  1.1555E-18  7.4595E-01 -1.6186E-03
  5.8375E+02 -1.1327E-18  7.4585E-01 -1.6367E-03
  5.8443E+02  7.9285E-19  7.4593E-01 -1.4926E-03
  5.8509E+02  9.9880E-19  7.4620E-01 -1.1897E-03
  5.8574E+02  8.9415E-19  7.4663E-01 -8.3705E-04
  5.8638E+02 -1.9164E-18  7.4730E-01 -5.3700E-04
  5.8703E+02  5.4917E-19  7.4815E-01 -2.2968E-04
  5.8767E+02 -9.0102E-19  7.4913E-01  1.0847E-04
  5.8832E+02  1.9670E-19  7.5020E-01  4.5685E-04
  5.8897E+02  2.1798E-19  7.5128E-01  7.4638E-04
  5.8961E+02  3.2670E-19  7.5235E-01  9.6697E-04
  5.9026E+02 -9.2405E-19  7.5353E-01  1.1184E-03
  5.9091E+02 -1.1268E-18  7.5485E-01  1.1911E-03
  5.9155E+02 -1.4522E-19  7.5635E-01  1.2109E-03
  5.9220E+02 -4.1185E-20  7.5790E-01  1.2490E-03
  5.9284E+02  8.2550E-20  7.5945E-01  1.2572E-03
  5.9350E+02 -8.8680E-19  7.6108E-01  1.1389E-03
  5.9418E+02  1.8527E-19  7.6293E-01  9.2883E-04
  5.9486E+02  4.5600E-19  7.6505E-01  6.7863E-04
  5.9553E+02  4.3005E-19  7.6725E-01  4.2598E-04
  5.9621E+02  2.1302E-19  7.6935E-01  2.6415E-04
  5.9689E+02  4.0553E-19  7.7132E-01  2.4831E-04
  5.9757E+02 -5.3982E-19  7.7325E-01  3.3965E-04
  5.9825E+02 -2.5115E-19  7.7510E-01  4.1625E-04
  5.9893E+02  2.1746E-19  7.7690E-01  4.4068E-04
  5.9960E+02  1.0554E-18  7.7870E-01  4.2700E-04
  6.0028E+02  1.7934E-19  7.8035E-01  3.4287E-04
  6.0096E+02  7.3947E-21  7.8180E-01  1.7270E-04
  6.0164E+02 -1.0040E-18  7.8312E-01 -3.6630E-05
  6.0232E+02 -8.5368E-19  7.8440E-01 -2.1501E-04
  6.0300E+02  1.0137E-18  7.8565E-01 -3.9058E-04
  6.0368E+02 -4.1975E-19  7.8690E-01 -6.0038E-04
  6.0435E+02 -3.4530E-19  7.8810E-01 -8.4357E-04
  6.0503E+02  1.0355E-19  7.8920E-01 -1.0624E-03
  6.0571E+02 -4.6125E-19  7.9010E-01 -1.1786E-03
  6.0639E+02  6.6510E-20  7.9083E-01 -1.1856E-03
  6.0707E+02 -1.0994E-18  7.9145E-01 -1.2329E-03
  6.0775E+02 -1.1634E-18  7.9205E-01 -1.3010E-03
  6.0842E+02 -1.2345E-19  7.9260E-01 -1.2787E-03
  6.0910E+02  5.0732E-20  7.9308E-01 -1.2475E-03
  6.0978E+02  1.1605E-18  7.9352E-01 -1.2272E-03
  6.1046E+02  1.0102E-18  7.9395E-01 -1.1958E-03
  6.1114E+02 -1.5508E-18  7.9438E-01 -1.1754E-03
  6.1182E+02 -4.7615E-19  7.9488E-01 -1.2230E-03
  6.1251E+02  2.8552E-19  7.9535E-01 -1.3016E-03
  6.1322E+02  9.7275E-19  7.9575E-01 -1.3419E-03
  6.1393E+02 -5.0327E-21  7.9600E-01 -1.3707E-03
  6.1465E+02  1.3932E-18  7.9610E-01 -1.3205E-03
  6.1536E+02 -2.0239E-19  7.9615E-01 -1.2234E-03
  6.1607E+02  8.9325E-20  7.9620E-01 -1.1525E-03
  6.1678E+02 -3.3717E-19  7.9625E-01 -1.0810E-03
  6.1749E+02  2.5887E-19  7.9633E-01 -1.0247E-03
  6.1821E+02 -3.8155E-19  7.9640E-01 -1.0564E-03
  6.1892E+02  6.3337E-19  7.9637E-01 -1.2202E-03
  6.1963E+02 -2.5000E-19  7.9642E-01 -1.4161E-03
  6.2034E+02 -4.0937E-19  7.9655E-01 -1.5764E-03
  6.2106E+02 -2.1847E-20  7.9672E-01 -1.6462E-03
  6.2177E+02 -6.0578E-19  7.9700E-01 -1.6847E-03
  6.2245E+02  2.0473E-19  7.9742E-01 -1.7649E-03
  6.2312E+02  3.0430E-19  7.9790E-01 -1.8448E-03
  6.2380E+02 -1.5510E-18  7.9825E-01 -1.9304E-03
  6.2448E+02  1.3472E-19  7.9848E-01 -2.0028E-03
  6.2515E+02  6.1710E-21  7.9862E-01 -2.0176E-03
  6.2579E+02 -6.5712E-19  7.9878E-01 -1.9166E-03
  6.2643E+02 -1.4741E-18  7.9915E-01 -1.7788E-03
  6.2708E+02 -2.8035E-19  7.9972E-01 -1.6635E-03
  6.2772E+02 -3.4463E-19  8.0037E-01 -1.5039E-03
  6.2836E+02  2.8872E-19  8.0107E-01 -1.2555E-03
  6.2900E+02 -4.3972E-19  8.0182E-01 -1.0189E-03
  6.2964E+02  8.7822E-19  8.0260E-01 -8.6815E-04
  6.3028E+02 -2.3549E-19  8.0332E-01 -8.1140E-04
  6.3092E+02  1.2562E-19  8.0402E-01 -8.3657E-04
  6.3157E+02 -3.9190E-19  8.0483E-01 -8.7357E-04
  6.3221E+02 -2.2281E-19  8.0568E-01 -8.8775E-04
  6.3285E+02 -2.1073E-18  8.0658E-01 -9.4287E-04
  6.3349E+02  8.2970E-19  8.0757E-01 -1.0853E-03
  6.3413E+02 -6.2847E-19  8.0860E-01 -1.2003E-03
  6.3477E+02 -2.8375E-19  8.0950E-01 -1.1619E-03
  6.3541E+02  1.1943E-18  8.1020E-01 -9.9735E-04
  6.3605E+02 -1.9428E-18  8.1077E-01 -8.6980E-04
  6.3670E+02  6.4720E-19  8.1130E-01 -8.3730E-04
  6.3734E+02  1.1017E-19  8.1173E-01 -8.4643E-04
  6.3798E+02  3.8715E-19  8.1195E-01 -9.0395E-04
  6.3862E+02 -2.2515E-19  8.1195E-01 -9.4237E-04
  6.3926E+02  1.7797E-18  8.1163E-01 -8.0505E-04
  6.3990E+02 -7.9280E-19  8.1090E-01 -5.0100E-04
  6.4055E+02  9.3147E-19  8.0990E-01 -1.2736E-04
  6.4119E+02  2.9500E-19  8.0875E-01  2.8220E-04
  6.4183E+02  2.0410E-19  8.0750E-01  6.6133E-04
  6.4247E+02  1.0732E-18  8.0623E-01  9.2010E-04
  6.4311E+02  6.1307E-19  8.0495E-01  1.0522E-03
  6.4375E+02 -2.0385E-19  8.0365E-01  1.0916E-03
  6.4439E+02  2.2192E-19  8.0247E-01  1.0467E-03
  6.4504E+02 -1.8451E-19  8.0137E-01  9.7267E-04
  6.4568E+02  7.3750E-19  8.0020E-01  1.0168E-03
  6.4632E+02 -4.0753E-19  7.9887E-01  1.1253E-03
  6.4696E+02  8.5573E-19  7.9747E-01  1.1469E-03
  6.4760E+02 -1.9589E-19  7.9615E-01  1.0911E-03
  6.4824E+02  5.6585E-19  7.9485E-01  1.1341E-03
  6.4888E+02  4.0520E-19  7.9340E-01  1.3181E-03
  6.4953E+02  7.5163E-20  7.9182E-01  1.4699E-03
  6.5017E+02 -3.7307E-19  7.9010E-01  1.5077E-03
  6.5081E+02 -1.8055E-19  7.8833E-01  1.4418E-03
  6.5145E+02 -6.1490E-19  7.8667E-01  1.3747E-03
  6.5209E+02  1.6315E-18  7.8522E-01  1.3617E-03
  6.5273E+02  1.2640E-19  7.8395E-01  1.3694E-03
  6.5337E+02  7.5707E-19  7.8277E-01  1.3754E-03
  6.5402E+02 -1.6505E-18  7.8165E-01  1.3539E-03
  6.5466E+02  2.4159E-20  7.8057E-01  1.2579E-03
  6.5530E+02 -6.4608E-19  7.7950E-01  1.0980E-03
  6.5594E+02 -1.4756E-19  7.7842E-01  1.0160E-03
  6.5658E+02  8.1695E-20  7.7758E-01  1.0630E-03
  6.5722E+02  8.1925E-20  7.7713E-01  1.0742E-03
  6.5786E+02  1.4623E-19  7.7702E-01  1.0024E-03
  6.5851E+02  6.8838E-19  7.7718E-01  9.1510E-04
  6.5915E+02  4.5235E-19  7.7745E-01  8.9795E-04
  6.5979E+02  6.5962E-19  7.7788E-01  9.6950E-04
  6.6043E+02  2.3385E-19  7.7833E-01  1.1124E-03
  6.6107E+02  8.6393E-19  7.7875E-01  1.2707E-03
  6.6171E+02  5.4885E-19  7.7912E-01  1.3671E-03
  6.6235E+02 -4.2598E-19  7.7957E-01  1.4392E-03
  6.6300E+02 -1.9968E-19  7.8017E-01  1.5087E-03
  6.6364E+02 -9.6773E-19  7.8088E-01  1.5336E-03
  6.6428E+02 -7.6925E-19  7.8165E-01  1.4178E-03
  6.6492E+02  1.0010E-18  7.8242E-01  1.1602E-03
  6.6556E+02  9.2075E-19  7.8325E-01  8.9425E-04
  6.6620E+02 -1.2511E-18  7.8408E-01  6.8152E-04
  6.6684E+02 -1.3572E-18  7.8475E-01  5.2070E-04
  6.6750E+02  6.4902E-19  7.8520E-01  4.2900E-04
  6.6818E+02  9.2813E-20  7.8550E-01  4.4650E-04
  6.6885E+02  7.4053E-19  7.8567E-01  4.5255E-04
  6.6952E+02 -1.4956E-18  7.8590E-01  3.9050E-04
  6.7020E+02 -1.1360E-18  7.8620E-01  3.8373E-04
  6.7087E+02 -5.7608E-20  7.8645E-01  4.3275E-04
  6.7155E+02  4.0225E-19  7.8660E-01  4.5140E-04
  6.7222E+02 -8.7747E-19  7.8665E-01  4.7423E-04
  6.7289E+02 -1.1515E-18  7.8663E-01  4.7975E-04
  6.7357E+02  7.8215E-19  7.8648E-01  4.2095E-04
  6.7424E+02 -5.2440E-19  7.8602E-01  3.4612E-04
  6.7491E+02 -2.2187E-19  7.8532E-01  2.6217E-04
  6.7559E+02 -1.3443E-19  7.8440E-01  2.0766E-04
  6.7626E+02 -5.8908E-19  7.8335E-01  2.2711E-04
  6.7693E+02 -1.3821E-18  7.8225E-01  2.4263E-04
  6.7761E+02 -1.9691E-18  7.8113E-01  1.8123E-04
  6.7828E+02 -7.1105E-19  7.7990E-01  4.8587E-05
  6.7895E+02  1.4428E-18  7.7868E-01 -2.0731E-04
  6.7963E+02  4.6837E-19  7.7745E-01 -5.9032E-04
  6.8030E+02  5.3228E-19  7.7632E-01 -9.7195E-04
  6.8097E+02  6.0192E-20  7.7535E-01 -1.2041E-03
  6.8165E+02 -9.4020E-19  7.7443E-01 -1.2555E-03
  6.8232E+02  2.3098E-19  7.7342E-01 -1.1869E-03
  6.8299E+02 -2.2977E-18  7.7240E-01 -1.0917E-03
  6.8367E+02 -3.4780E-19  7.7145E-01 -1.0810E-03
  6.8434E+02 -4.8560E-19  7.7057E-01 -1.0973E-03
  6.8502E+02  4.7777E-20  7.6963E-01 -1.0745E-03
  6.8569E+02  3.7972E-19  7.6853E-01 -1.0164E-03
  6.8636E+02  5.3815E-19  7.6730E-01 -9.5757E-04
  6.8704E+02  3.9865E-19  7.6590E-01 -9.7480E-04
  6.8771E+02 -4.9765E-19  7.6440E-01 -1.0552E-03
  6.8838E+02  1.3879E-20  7.6285E-01 -1.1604E-03
  6.8906E+02 -6.7303E-19  7.6127E-01 -1.1969E-03
  6.8973E+02 -4.4030E-19  7.5975E-01 -1.1230E-03
  6.9040E+02  2.1085E-18  7.5820E-01 -9.7667E-04
  6.9108E+02 -8.1778E-19  7.5662E-01 -7.6797E-04
  6.9175E+02  1.6081E-19  7.5510E-01 -4.6780E-04
  6.9242E+02 -4.4207E-19  7.5367E-01 -8.9565E-05
  6.9310E+02  9.9345E-19  7.5235E-01  3.1848E-04
  6.9377E+02  1.9402E-18  7.5120E-01  7.7135E-04
  6.9444E+02  2.6743E-20  7.5012E-01  1.2505E-03
  6.9512E+02  5.8535E-19  7.4902E-01  1.6825E-03
  6.9579E+02  9.1657E-19  7.4785E-01  1.9951E-03
  6.9646E+02 -5.5985E-19  7.4668E-01  2.2135E-03
  6.9714E+02 -2.8190E-19  7.4550E-01  2.4032E-03
  6.9781E+02 -1.1596E-18  7.4435E-01  2.5255E-03
  6.9849E+02  1.4084E-18  7.4313E-01  2.5905E-03
  6.9916E+02  1.0054E-19  7.4190E-01  2.6627E-03
  6.9983E+02 -3.9025E-19  7.4067E-01  2.7477E-03
  7.0051E+02  1.3804E-18  7.3940E-01  2.7670E-03
  7.0118E+02  3.0325E-19  7.3822E-01  2.6667E-03
  7.0185E+02  1.2053E-18  7.3720E-01  2.4860E-03
  7.0253E+02 -4.9238E-19  7.3635E-01  2.2953E-03
  7.0320E+02 -4.3080E-19  7.3553E-01  2.1816E-03
  7.0387E+02  3.9310E-19  7.3472E-01  2.2252E-03
  7.0455E+02 -1.0034E-18  7.3395E-01  2.3366E-03
  7.0522E+02 -8.0540E-19  7.3308E-01  2.3813E-03
  7.0589E+02 -4.8000E-19  7.3212E-01  2.3898E-03
  7.0657E+02  6.6915E-19  7.3115E-01  2.4221E-03
  7.0724E+02  7.4865E-19  7.3023E-01  2.4036E-03
  7.0791E+02  3.4640E-19  7.2948E-01  2.2532E-03
  7.0859E+02 -3.8730E-19  7.2890E-01  1.9751E-03
  7.0926E+02  8.1182E-19  7.2838E-01  1.6396E-03
  7.0993E+02  6.2700E-19  7.2782E-01  1.2883E-03
  7.1061E+02  1.0654E-18  7.2737E-01  9.4790E-04
  7.1128E+02  8.8420E-19  7.2707E-01  6.3903E-04
  7.1196E+02  8.9465E-20  7.2695E-01  4.0490E-04
  7.1263E+02 -4.0095E-19  7.2698E-01  2.4635E-04
  7.1330E+02  6.3375E-21  7.2710E-01 -7.4905E-06
  7.1398E+02  7.2400E-20  7.2730E-01 -4.5702E-04
  7.1465E+02 -2.4092E-19  7.2758E-01 -9.2832E-04
  7.1532E+02  3.0345E-19  7.2793E-01 -1.1868E-03
  7.1600E+02 -4.6825E-19  7.2830E-01 -1.2115E-03
  7.1667E+02  2.9740E-20  7.2868E-01 -1.1706E-03
  7.1734E+02 -2.6665E-19  7.2908E-01 -1.2420E-03
  7.1802E+02  4.3840E-20  7.2953E-01 -1.4650E-03
  7.1869E+02 -4.9480E-20  7.3008E-01 -1.7327E-03
  7.1936E+02 -5.0698E-19  7.3083E-01 -1.8480E-03
  7.2004E+02  4.5828E-19  7.3160E-01 -1.8109E-03
  7.2071E+02 -2.7045E-19  7.3245E-01 -1.7909E-03
  7.2138E+02  6.0352E-19  7.3330E-01 -1.7652E-03
  7.2206E+02 -4.8000E-19  7.3408E-01 -1.6817E-03
  7.2270E+02  1.2873E-18  7.3475E-01 -1.5582E-03
  7.2334E+02  1.7062E-18  7.3535E-01 -1.4655E-03
  7.2398E+02  3.1068E-19  7.3595E-01 -1.4816E-03
  7.2462E+02 -3.4850E-19  7.3658E-01 -1.6158E-03
  7.2526E+02  5.2985E-19  7.3712E-01 -1.7565E-03
  7.2590E+02 -2.7407E-19  7.3765E-01 -1.7846E-03
  7.2654E+02 -1.6647E-19  7.3820E-01 -1.6997E-03
  7.2718E+02  7.2173E-19  7.3885E-01 -1.4763E-03
  7.2781E+02 -2.8922E-19  7.3958E-01 -1.1537E-03
  7.2845E+02 -3.8298E-19  7.4035E-01 -8.4135E-04
  7.2909E+02 -1.1418E-18  7.4110E-01 -5.5050E-04
  7.2973E+02 -1.0525E-18  7.4187E-01 -2.9220E-04
  7.3037E+02 -6.3875E-19  7.4275E-01 -1.0649E-04
  7.3101E+02  1.2547E-18  7.4383E-01 -2.1590E-05
  7.3165E+02 -9.0217E-19  7.4500E-01 -5.7500E-05
  7.3229E+02 -6.5030E-19  7.4628E-01 -1.4620E-04
  7.3292E+02 -4.6500E-19  7.4762E-01 -1.3376E-04
  7.3356E+02  3.7010E-19  7.4910E-01  2.1295E-05
  7.3420E+02 -2.2207E-18  7.5068E-01  2.5408E-04
  7.3484E+02  1.0447E-19  7.5240E-01  4.8110E-04
  7.3548E+02  3.4688E-19  7.5418E-01  5.9373E-04
  7.3612E+02  6.2608E-19  7.5587E-01  6.0522E-04
  7.3676E+02  1.1682E-18  7.5745E-01  5.5325E-04
  7.3740E+02  8.4587E-19  7.5890E-01  4.4677E-04
  7.3803E+02  8.7405E-19  7.6030E-01  2.7440E-04
  7.3867E+02  7.4397E-19  7.6162E-01  1.0537E-04
  7.3931E+02  2.9558E-19  7.6293E-01  2.2937E-05
  7.3995E+02 -1.1385E-18  7.6415E-01  3.2960E-05
  7.4059E+02 -4.9215E-20  7.6522E-01  8.2433E-05
  7.4123E+02  2.7560E-18  7.6620E-01  1.1818E-04
  7.4187E+02  1.5458E-18  7.6708E-01  1.3956E-04
  7.4252E+02  5.0020E-19  7.6783E-01  2.0346E-04
  7.4319E+02  1.2359E-18  7.6845E-01  3.6343E-04
  7.4386E+02  1.0833E-18  7.6895E-01  4.9872E-04
  7.4453E+02  4.9582E-20  7.6933E-01  5.1180E-04
  7.4520E+02 -4.6545E-19  7.6952E-01  4.8225E-04
  7.4587E+02  6.8140E-19  7.6963E-01  5.2157E-04
  7.4654E+02 -1.7650E-18  7.6963E-01  6.0943E-04
  7.4721E+02  1.6443E-19  7.6957E-01  7.4212E-04
  7.4788E+02  8.3088E-19  7.6945E-01  8.9145E-04
  7.4856E+02  1.5108E-18  7.6928E-01  9.9313E-04
  7.4923E+02 -3.5368E-19  7.6903E-01  1.0177E-03
  7.4990E+02  4.0525E-19  7.6872E-01  9.3497E-04
  7.5057E+02  6.8245E-19  7.6853E-01  8.2772E-04
  7.5124E+02 -2.8078E-19  7.6842E-01  7.9325E-04
  7.5191E+02  1.7013E-18  7.6845E-01  8.3565E-04
  7.5258E+02 -1.8651E-19  7.6853E-01  8.4927E-04
  7.5325E+02 -1.0310E-18  7.6863E-01  7.8825E-04
  7.5392E+02 -1.3759E-20  7.6870E-01  6.9762E-04
  7.5459E+02 -7.1047E-19  7.6882E-01  6.3840E-04
  7.5526E+02  5.8183E-20  7.6900E-01  6.2538E-04
  7.5593E+02  1.4647E-18  7.6910E-01  6.4698E-04
  7.5660E+02 -1.3199E-18  7.6907E-01  7.0953E-04
  7.5727E+02  2.9965E-20  7.6893E-01  8.5615E-04
  7.5795E+02  1.6669E-18  7.6875E-01  9.7793E-04
  7.5861E+02  4.9292E-19  7.6870E-01  9.7870E-04
  7.5924E+02 -5.9020E-19  7.6875E-01  9.1645E-04
  7.5988E+02 -3.0897E-20  7.6888E-01  8.1438E-04
  7.6052E+02 -3.1635E-19  7.6895E-01  7.1643E-04
  7.6115E+02  1.8313E-18  7.6898E-01  7.5762E-04
  7.6179E+02  2.4766E-19  7.6898E-01  9.5107E-04
  7.6243E+02  6.6727E-20  7.6898E-01  1.1598E-03
  7.6307E+02  4.8802E-19  7.6885E-01  1.2556E-03
  7.6370E+02 -7.0435E-19  7.6858E-01  1.2418E-03
  7.6434E+02  8.4230E-19  7.6810E-01  1.2345E-03
  7.6498E+02 -1.2105E-18  7.6758E-01  1.3292E-03
  7.6561E+02  1.2480E-19  7.6705E-01  1.5103E-03
  7.6625E+02  9.3442E-19  7.6652E-01  1.6349E-03
  7.6689E+02  1.3171E-18  7.6600E-01  1.6614E-03
  7.6752E+02 -8.5232E-19  7.6552E-01  1.6789E-03
  7.6816E+02 -2.6735E-19  7.6517E-01  1.7116E-03
  7.6880E+02  1.7843E-18  7.6493E-01  1.7312E-03
  7.6944E+02 -4.1708E-19  7.6477E-01  1.6952E-03
  7.7007E+02 -7.4590E-19  7.6468E-01  1.5904E-03
  7.7071E+02  1.0908E-18  7.6470E-01  1.5096E-03
  7.7135E+02  1.5370E-19  7.6477E-01  1.4874E-03
  7.7198E+02  6.8487E-19  7.6480E-01  1.4001E-03
  7.7262E+02  6.7310E-20  7.6470E-01  1.1891E-03
  7.7326E+02 -3.7093E-19  7.6452E-01  8.8363E-04
  7.7389E+02  6.2678E-19  7.6428E-01  6.4163E-04
  7.7453E+02  3.2095E-19  7.6398E-01  5.4422E-04
  7.7517E+02  7.9353E-19  7.6363E-01  4.9025E-04
  7.7581E+02 -1.1287E-18  7.6325E-01  4.4805E-04
  7.7644E+02  8.8058E-19  7.6288E-01  4.2772E-04
  7.7708E+02 -2.6158E-19  7.6255E-01  4.5108E-04
  7.7772E+02  1.4589E-18  7.6218E-01  4.6338E-04
  7.7835E+02  1.6995E-19  7.6170E-01  4.1955E-04
  7.7899E+02 -8.0862E-19  7.6120E-01  3.9838E-04
  7.7966E+02 -1.9468E-19  7.6070E-01  4.8007E-04
  7.8033E+02  4.7372E-19  7.6030E-01  5.9122E-04
  7.8099E+02 -1.5258E-18  7.5990E-01  6.1810E-04
  7.8166E+02 -3.7257E-19  7.5950E-01  5.8700E-04
  7.8233E+02 -3.7325E-19  7.5912E-01  5.6538E-04
  7.8300E+02  1.4567E-19  7.5885E-01  6.2550E-04
  7.8367E+02  1.3967E-18  7.5872E-01  7.7492E-04
  7.8434E+02 -5.1800E-19  7.5875E-01  9.7707E-04
  7.8501E+02  3.5558E-19  7.5880E-01  1.2212E-03
  7.8568E+02  9.6720E-19  7.5872E-01  1.4592E-03
  7.8635E+02  1.7081E-18  7.5853E-01  1.6030E-03
  7.8701E+02 -4.5823E-19  7.5837E-01  1.5793E-03
  7.8768E+02 -1.8823E-19  7.5835E-01  1.4518E-03
  7.8835E+02 -9.2145E-19  7.5845E-01  1.3449E-03
  7.8902E+02  1.8249E-19  7.5862E-01  1.2700E-03
  7.8969E+02  8.0990E-20  7.5880E-01  1.2124E-03
  7.9036E+02  6.6895E-19  7.5898E-01  1.1487E-03
  7.9104E+02 -6.3132E-19  7.5918E-01  1.0114E-03
  7.9174E+02 -5.9948E-19  7.5940E-01  8.1915E-04
  7.9244E+02  1.3455E-18  7.5950E-01  7.1300E-04
  7.9314E+02 -1.0002E-18  7.5942E-01  6.4873E-04
  7.9385E+02 -5.2210E-19  7.5933E-01  7.5962E-04
  7.9455E+02  7.0365E-19  7.5930E-01  9.9822E-04
  7.9522E+02 -6.6963E-20  7.5928E-01  1.1155E-03
  7.9585E+02  8.2943E-19  7.5915E-01  1.0888E-03
  7.9647E+02 -2.3812E-19  7.5905E-01  1.0619E-03
  7.9710E+02 -8.7128E-19  7.5900E-01  1.0541E-03
  7.9773E+02  1.2662E-19  7.5900E-01  1.0505E-03
  7.9836E+02  1.0160E-19  7.5907E-01  1.0908E-03
  7.9898E+02  4.5263E-19  7.5915E-01  1.1362E-03
  7.9961E+02  1.9411E-19  7.5920E-01  1.1305E-03
  8.0024E+02  6.3402E-19  7.5915E-01  1.0606E-03
  8.0086E+02  6.7445E-19  7.5895E-01  9.2650E-04
  8.0149E+02  1.1731E-18  7.5870E-01  7.4075E-04
  8.0212E+02  1.1865E-18  7.5848E-01  5.3092E-04
  8.0275E+02 -1.0120E-18  7.5825E-01  2.6533E-04
  8.0340E+02  4.7940E-19  7.5795E-01 -1.6926E-04
  8.0406E+02 -6.6820E-19  7.5760E-01 -7.1985E-04
  8.0472E+02 -1.1895E-18  7.5725E-01 -1.1482E-03
  8.0538E+02  4.1840E-19  7.5690E-01 -1.4312E-03
  8.0603E+02 -7.7277E-19  7.5668E-01 -1.7135E-03
  8.0669E+02 -2.0765E-19  7.5652E-01 -1.9646E-03
  8.0735E+02  1.4985E-19  7.5633E-01 -2.0512E-03
  8.0801E+02  1.3890E-19  7.5605E-01 -1.9643E-03
  8.0867E+02 -1.5455E-19  7.5577E-01 -1.7684E-03
  8.0933E+02  1.0855E-18  7.5547E-01 -1.6155E-03
  8.1001E+02  1.7814E-18  7.5510E-01 -1.6135E-03
  8.1070E+02  1.2118E-19  7.5472E-01 -1.6564E-03
  8.1140E+02 -6.4610E-19  7.5447E-01 -1.6410E-03
  8.1209E+02 -7.2778E-19  7.5432E-01 -1.6287E-03
  8.1278E+02  4.7375E-19  7.5423E-01 -1.6547E-03
  8.1347E+02  2.9043E-19  7.5428E-01 -1.7899E-03
  8.1416E+02 -1.6380E-18  7.5453E-01 -1.9894E-03
  8.1485E+02 -1.4440E-18  7.5493E-01 -2.1534E-03
  8.1555E+02 -7.4160E-20  7.5542E-01 -2.2774E-03
  8.1624E+02 -9.6230E-19  7.5592E-01 -2.3708E-03
  8.1693E+02 -1.3708E-18  7.5638E-01 -2.4241E-03
  8.1762E+02 -4.5712E-19  7.5687E-01 -2.3350E-03
  8.1831E+02  4.3170E-19  7.5753E-01 -2.1810E-03
  8.1900E+02 -3.6640E-19  7.5823E-01 -2.0849E-03
  8.1970E+02  1.1175E-19  7.5895E-01 -1.9843E-03
  8.2039E+02  1.2687E-18  7.5987E-01 -1.8478E-03
  8.2108E+02 -8.0223E-20  7.6098E-01 -1.6669E-03
  8.2173E+02 -4.0817E-19  7.6225E-01 -1.5418E-03
  8.2239E+02  2.7805E-19  7.6365E-01 -1.5437E-03
  8.2304E+02  7.2250E-20  7.6510E-01 -1.6161E-03
  8.2370E+02 -6.5603E-19  7.6662E-01 -1.7071E-03
  8.2435E+02 -6.2825E-19  7.6818E-01 -1.7820E-03
  8.2501E+02 -7.6650E-19  7.6968E-01 -1.7536E-03
  8.2566E+02  7.3158E-19  7.7113E-01 -1.6769E-03
  8.2632E+02 -6.9480E-19  7.7260E-01 -1.6117E-03
  8.2697E+02  1.5780E-18  7.7407E-01 -1.5568E-03
  8.2763E+02 -1.1595E-18  7.7557E-01 -1.4795E-03
  8.2828E+02 -1.4387E-18  7.7695E-01 -1.4627E-03
  8.2894E+02 -1.7443E-18  7.7820E-01 -1.4958E-03
  8.2959E+02 -1.0069E-18  7.7930E-01 -1.4532E-03
  8.3025E+02  2.4931E-19  7.8025E-01 -1.2227E-03
  8.3090E+02 -1.4307E-18  7.8102E-01 -8.7530E-04
  8.3156E+02  1.1623E-18  7.8158E-01 -6.7422E-04
  8.3221E+02 -3.4550E-19  7.8190E-01 -7.7302E-04
  8.3287E+02 -1.3847E-18  7.8190E-01 -1.0239E-03
  8.3352E+02 -1.1575E-18  7.8165E-01 -1.2859E-03
  8.3418E+02  8.7863E-19  7.8120E-01 -1.4445E-03
  8.3483E+02  2.4578E-19  7.8062E-01 -1.3944E-03
  8.3549E+02 -6.7300E-19  7.7987E-01 -1.2682E-03
  8.3614E+02  5.0295E-19  7.7893E-01 -1.2569E-03
  8.3680E+02 -1.2061E-18  7.7777E-01 -1.3069E-03
  8.3745E+02  6.4510E-19  7.7643E-01 -1.3348E-03
  8.3811E+02 -4.8603E-19  7.7505E-01 -1.3224E-03
  8.3876E+02  2.6312E-19  7.7380E-01 -1.1428E-03
  8.3942E+02 -1.9306E-18  7.7270E-01 -8.8900E-04
  8.4007E+02 -2.4332E-20  7.7167E-01 -7.7250E-04
  8.4073E+02 -7.4720E-19  7.7070E-01 -8.0597E-04
  8.4138E+02 -1.1003E-18  7.6982E-01 -9.2333E-04
  8.4204E+02 -4.4975E-19  7.6907E-01 -1.0213E-03
  8.4269E+02 -3.1822E-19  7.6850E-01 -1.0820E-03
  8.4335E+02  2.0679E-19  7.6810E-01 -1.1689E-03
  8.4400E+02 -1.1619E-18  7.6788E-01 -1.3109E-03
  8.4466E+02  7.4715E-19  7.6780E-01 -1.4893E-03
  8.4531E+02  5.4745E-19  7.6775E-01 -1.6292E-03
  8.4597E+02 -1.2060E-19  7.6762E-01 -1.6925E-03
  8.4662E+02  7.2068E-19  7.6737E-01 -1.6851E-03
  8.4728E+02 -1.6922E-18  7.6702E-01 -1.5954E-03
  8.4793E+02 -8.6540E-19  7.6670E-01 -1.3708E-03
  8.4859E+02 -2.7535E-19  7.6645E-01 -1.0989E-03
  8.4924E+02  1.3962E-18  7.6622E-01 -8.7680E-04
  8.4990E+02  5.9680E-19  7.6587E-01 -7.4853E-04
  8.5055E+02  7.0328E-19  7.6543E-01 -7.2900E-04
  8.5121E+02 -3.0978E-19  7.6495E-01 -7.6732E-04
  8.5186E+02 -3.1480E-19  7.6447E-01 -7.4593E-04
  8.5252E+02 -8.6367E-19  7.6393E-01 -5.9320E-04
  8.5317E+02 -9.1847E-19  7.6328E-01 -3.9317E-04
  8.5383E+02 -7.5698E-19  7.6257E-01 -2.7435E-04
  8.5448E+02 -2.0037E-20  7.6190E-01 -2.6340E-04
  8.5514E+02  1.1547E-18  7.6122E-01 -3.0847E-04
  8.5579E+02  1.2409E-19  7.6045E-01 -3.3055E-04
  8.5645E+02  1.0672E-21  7.5965E-01 -2.9262E-04
  8.5710E+02  4.4018E-19  7.5888E-01 -1.5922E-04
  8.5776E+02  8.6520E-19  7.5810E-01  1.1000E-04
  8.5841E+02  2.0522E-19  7.5738E-01  4.4525E-04
  8.5907E+02  7.0603E-19  7.5675E-01  8.0928E-04
  8.5972E+02  6.7310E-19  7.5625E-01  1.1773E-03
  8.6038E+02 -5.9420E-19  7.5582E-01  1.4472E-03
  8.6103E+02  1.3351E-18  7.5552E-01  1.5530E-03
  8.6169E+02  3.8228E-19  7.5535E-01  1.6440E-03
  8.6234E+02 -1.6475E-18  7.5533E-01  1.8370E-03
  8.6300E+02  2.2566E-19  7.5545E-01  2.0719E-03
  8.6365E+02  1.8897E-19  7.5577E-01  2.2579E-03
  8.6431E+02  4.8620E-19  7.5627E-01  2.3663E-03
  8.6496E+02 -1.3072E-19  7.5687E-01  2.3527E-03
  8.6562E+02 -9.0800E-19  7.5755E-01  2.2625E-03
  8.6627E+02  6.0670E-19  7.5830E-01  2.1722E-03
  8.6693E+02 -1.0375E-18  7.5910E-01  2.1521E-03
  8.6758E+02 -1.1390E-18  7.5995E-01  2.2126E-03
  8.6824E+02 -1.9656E-18  7.6092E-01  2.2693E-03
  8.6889E+02  1.1070E-18  7.6197E-01  2.3111E-03
  8.6955E+02 -1.2478E-18  7.6305E-01  2.3903E-03
  8.7020E+02 -9.4310E-19  7.6412E-01  2.4582E-03
  8.7086E+02  1.7961E-18  7.6517E-01  2.4372E-03
  8.7151E+02  9.9375E-19  7.6615E-01  2.3377E-03
  8.7217E+02  2.8957E-19  7.6713E-01  2.2137E-03
  8.7282E+02 -4.2790E-19  7.6820E-01  1.9905E-03
  8.7347E+02 -5.7675E-20  7.6945E-01  1.6329E-03
  8.7416E+02  8.4975E-19  7.7095E-01  1.2273E-03
  8.7484E+02 -1.1224E-18  7.7255E-01  9.1280E-04
  8.7553E+02 -3.9670E-19  7.7417E-01  6.8658E-04
  8.7622E+02 -7.8185E-19  7.7578E-01  4.3623E-04
  8.7691E+02 -8.5183E-19  7.7735E-01  1.4901E-04
  8.7759E+02 -5.6288E-19  7.7903E-01 -5.5340E-05
  8.7828E+02 -1.7960E-18  7.8080E-01 -1.5090E-04
  8.7897E+02 -3.4390E-19  7.8258E-01 -1.5858E-04
  8.7966E+02  1.8860E-18  7.8425E-01 -6.3873E-05
  8.8035E+02 -1.1844E-19  7.8583E-01  6.9065E-05
  8.8103E+02 -8.4805E-19  7.8742E-01  1.6950E-04
  8.8172E+02 -4.2435E-19  7.8908E-01  2.2295E-04
  8.8241E+02  2.1023E-18  7.9085E-01  2.2746E-04
  8.8310E+02  8.7965E-19  7.9260E-01  2.2206E-04
  8.8378E+02 -1.8761E-18  7.9430E-01  2.3222E-04
  8.8447E+02 -1.0324E-19  7.9612E-01  2.8400E-04
  8.8516E+02  9.2612E-19  7.9810E-01  4.2682E-04
  8.8585E+02 -4.3572E-19  8.0020E-01  6.4590E-04
  8.8653E+02  4.5153E-19  8.0233E-01  8.5177E-04
  8.8721E+02  6.1490E-19  8.0432E-01  1.0088E-03
  8.8786E+02 -1.1266E-19  8.0607E-01  1.0279E-03
  8.8851E+02  1.0646E-18  8.0768E-01  9.2323E-04
  8.8915E+02 -7.0393E-19  8.0923E-01  8.6198E-04
  8.8980E+02  1.1583E-18  8.1072E-01  8.9590E-04
  8.9045E+02 -5.0020E-19  8.1200E-01  1.0403E-03
  8.9109E+02 -4.9300E-19  8.1305E-01  1.1602E-03
  8.9174E+02 -2.5820E-19  8.1380E-01  1.1352E-03
  8.9239E+02  8.6200E-19  8.1437E-01  1.1035E-03
  8.9304E+02  7.3850E-19  8.1493E-01  1.1059E-03
  8.9368E+02 -5.7000E-19  8.1535E-01  1.0166E-03
  8.9433E+02 -1.0545E-18  8.1555E-01  8.1423E-04
  8.9498E+02 -1.1714E-20  8.1560E-01  6.0363E-04
  8.9563E+02  5.3030E-19  8.1565E-01  4.8395E-04
  8.9627E+02 -1.7475E-20  8.1563E-01  4.7530E-04
  8.9692E+02  9.6308E-19  8.1550E-01  5.0490E-04
  8.9757E+02 -6.9392E-20  8.1523E-01  6.0700E-04
  8.9822E+02 -4.7055E-20  8.1485E-01  7.4302E-04
  8.9886E+02  9.4442E-20  8.1440E-01  7.6325E-04
  8.9951E+02  9.8260E-19  8.1395E-01  6.5715E-04
  9.0016E+02  7.9767E-19  8.1348E-01  5.6725E-04
  9.0081E+02  2.5950E-19  8.1300E-01  5.7905E-04
  9.0145E+02 -4.7267E-19  8.1252E-01  6.5220E-04
  9.0210E+02 -1.6538E-19  8.1203E-01  7.2543E-04
  9.0275E+02 -2.0714E-19  8.1140E-01  7.3657E-04
  9.0340E+02  8.7835E-19  8.1075E-01  6.7580E-04
  9.0404E+02 -4.7667E-19  8.1018E-01  5.7718E-04
