# CREATED BY GENE DIAGNOSTICS TOOL on Thu Jun 14 11:44:51 2018
# diag: GAMDIAG, run(s): 0004, time window: 0-500(1406 steps), species: ions
# normalization: L_ref=5.508m
#
# xind= 0, x/a= Infinity, q= 1.0915384
# Fit:    1,0.1973098,2.9632645
# Analytic: 1,0.1973098,2.9632645
#  t          Re[phi]     Im[phi]   
  0.0000E+00  9.9998E-01  0.0000E+00
  3.5600E-01  9.9767E-01  1.0049E-03
  7.1200E-01  9.9111E-01  2.0171E-03
  1.0680E+00  9.8097E-01  3.0233E-03
  1.4240E+00  9.6796E-01  4.0097E-03
  1.7800E+00  9.5285E-01  4.9728E-03
  2.1360E+00  9.3642E-01  5.9118E-03
  2.4920E+00  9.1937E-01  6.8244E-03
  2.8480E+00  9.0229E-01  7.7063E-03
  3.2040E+00  8.8568E-01  8.5516E-03
  3.5600E+00  8.6988E-01  9.3548E-03
  3.9160E+00  8.5507E-01  1.0112E-02
  4.2720E+00  8.4133E-01  1.0821E-02
  4.6280E+00  8.2863E-01  1.1484E-02
  4.9840E+00  8.1683E-01  1.2106E-02
  5.3400E+00  8.0578E-01  1.2694E-02
  5.6960E+00  7.9529E-01  1.3255E-02
  6.0520E+00  7.8516E-01  1.3795E-02
  6.4080E+00  7.7523E-01  1.4320E-02
  6.7640E+00  7.6535E-01  1.4835E-02
  7.1200E+00  7.5544E-01  1.5340E-02
  7.4760E+00  7.4541E-01  1.5835E-02
  7.8320E+00  7.3524E-01  1.6319E-02
  8.1880E+00  7.2494E-01  1.6789E-02
  8.5440E+00  7.1453E-01  1.7242E-02
  8.9000E+00  7.0404E-01  1.7673E-02
  9.2560E+00  6.9355E-01  1.8082E-02
  9.6120E+00  6.8314E-01  1.8467E-02
  9.9680E+00  6.7286E-01  1.8823E-02
  1.0324E+01  6.6278E-01  1.9150E-02
  1.0680E+01  6.5295E-01  1.9449E-02
  1.1036E+01  6.4343E-01  1.9719E-02
  1.1392E+01  6.3428E-01  1.9961E-02
  1.1748E+01  6.2553E-01  2.0176E-02
  1.2104E+01  6.1720E-01  2.0368E-02
  1.2460E+01  6.0931E-01  2.0539E-02
  1.2816E+01  6.0189E-01  2.0693E-02
  1.3172E+01  5.9495E-01  2.0831E-02
  1.3528E+01  5.8849E-01  2.0953E-02
  1.3884E+01  5.8250E-01  2.1063E-02
  1.4240E+01  5.7699E-01  2.1166E-02
  1.4596E+01  5.7194E-01  2.1263E-02
  1.4952E+01  5.6736E-01  2.1357E-02
  1.5308E+01  5.6323E-01  2.1450E-02
  1.5664E+01  5.5954E-01  2.1543E-02
  1.6020E+01  5.5628E-01  2.1640E-02
  1.6376E+01  5.5343E-01  2.1740E-02
  1.6732E+01  5.5098E-01  2.1845E-02
  1.7088E+01  5.4892E-01  2.1957E-02
  1.7444E+01  5.4723E-01  2.2080E-02
  1.7800E+01  5.4591E-01  2.2214E-02
  1.8156E+01  5.4495E-01  2.2360E-02
  1.8512E+01  5.4432E-01  2.2513E-02
  1.8868E+01  5.4400E-01  2.2674E-02
  1.9224E+01  5.4398E-01  2.2845E-02
  1.9580E+01  5.4424E-01  2.3030E-02
  1.9936E+01  5.4477E-01  2.3234E-02
  2.0292E+01  5.4553E-01  2.3456E-02
  2.0648E+01  5.4650E-01  2.3696E-02
  2.1004E+01  5.4767E-01  2.3949E-02
  2.1360E+01  5.4900E-01  2.4212E-02
  2.1716E+01  5.5050E-01  2.4485E-02
  2.2072E+01  5.5216E-01  2.4768E-02
  2.2428E+01  5.5395E-01  2.5063E-02
  2.2784E+01  5.5585E-01  2.5371E-02
  2.3140E+01  5.5782E-01  2.5693E-02
  2.3496E+01  5.5983E-01  2.6027E-02
  2.3852E+01  5.6187E-01  2.6373E-02
  2.4208E+01  5.6392E-01  2.6732E-02
  2.4564E+01  5.6599E-01  2.7104E-02
  2.4920E+01  5.6808E-01  2.7486E-02
  2.5276E+01  5.7017E-01  2.7876E-02
  2.5632E+01  5.7223E-01  2.8272E-02
  2.5988E+01  5.7423E-01  2.8670E-02
  2.6344E+01  5.7616E-01  2.9068E-02
  2.6700E+01  5.7798E-01  2.9466E-02
  2.7056E+01  5.7971E-01  2.9862E-02
  2.7412E+01  5.8133E-01  3.0261E-02
  2.7768E+01  5.8287E-01  3.0664E-02
  2.8124E+01  5.8431E-01  3.1074E-02
  2.8480E+01  5.8566E-01  3.1490E-02
  2.8836E+01  5.8691E-01  3.1910E-02
  2.9192E+01  5.8804E-01  3.2331E-02
  2.9548E+01  5.8903E-01  3.2751E-02
  2.9904E+01  5.8988E-01  3.3166E-02
  3.0260E+01  5.9059E-01  3.3577E-02
  3.0616E+01  5.9113E-01  3.3982E-02
  3.0972E+01  5.9152E-01  3.4382E-02
  3.1328E+01  5.9176E-01  3.4776E-02
  3.1684E+01  5.9186E-01  3.5168E-02
  3.2040E+01  5.9183E-01  3.5557E-02
  3.2396E+01  5.9168E-01  3.5944E-02
  3.2752E+01  5.9141E-01  3.6329E-02
  3.3108E+01  5.9101E-01  3.6710E-02
  3.3464E+01  5.9046E-01  3.7089E-02
  3.3820E+01  5.8978E-01  3.7464E-02
  3.4176E+01  5.8898E-01  3.7835E-02
  3.4532E+01  5.8809E-01  3.8202E-02
  3.4888E+01  5.8711E-01  3.8566E-02
  3.5244E+01  5.8607E-01  3.8926E-02
  3.5600E+01  5.8499E-01  3.9284E-02
  3.5956E+01  5.8387E-01  3.9638E-02
  3.6312E+01  5.8273E-01  3.9990E-02
  3.6668E+01  5.8157E-01  4.0339E-02
  3.7024E+01  5.8040E-01  4.0687E-02
  3.7380E+01  5.7919E-01  4.1033E-02
  3.7736E+01  5.7793E-01  4.1376E-02
  3.8092E+01  5.7662E-01  4.1715E-02
  3.8448E+01  5.7523E-01  4.2048E-02
  3.8804E+01  5.7377E-01  4.2375E-02
  3.9160E+01  5.7225E-01  4.2696E-02
  3.9516E+01  5.7066E-01  4.3012E-02
  3.9872E+01  5.6904E-01  4.3324E-02
  4.0228E+01  5.6741E-01  4.3633E-02
  4.0584E+01  5.6580E-01  4.3940E-02
  4.0940E+01  5.6422E-01  4.4247E-02
  4.1296E+01  5.6271E-01  4.4558E-02
  4.1652E+01  5.6128E-01  4.4874E-02
  4.2008E+01  5.5995E-01  4.5199E-02
  4.2364E+01  5.5874E-01  4.5533E-02
  4.2720E+01  5.5764E-01  4.5876E-02
  4.3076E+01  5.5666E-01  4.6228E-02
  4.3432E+01  5.5579E-01  4.6584E-02
  4.3788E+01  5.5499E-01  4.6942E-02
  4.4144E+01  5.5424E-01  4.7296E-02
  4.4500E+01  5.5349E-01  4.7643E-02
  4.4856E+01  5.5270E-01  4.7978E-02
  4.5212E+01  5.5183E-01  4.8297E-02
  4.5568E+01  5.5083E-01  4.8599E-02
  4.5924E+01  5.4969E-01  4.8883E-02
  4.6280E+01  5.4841E-01  4.9153E-02
  4.6636E+01  5.4701E-01  4.9413E-02
  4.6992E+01  5.4552E-01  4.9670E-02
  4.7348E+01  5.4400E-01  4.9930E-02
  4.7704E+01  5.4250E-01  5.0202E-02
  4.8060E+01  5.4110E-01  5.0490E-02
  4.8416E+01  5.3983E-01  5.0796E-02
  4.8772E+01  5.3874E-01  5.1121E-02
  4.9128E+01  5.3784E-01  5.1464E-02
  4.9484E+01  5.3715E-01  5.1821E-02
  4.9840E+01  5.3665E-01  5.2187E-02
  5.0196E+01  5.3632E-01  5.2557E-02
  5.0552E+01  5.3615E-01  5.2927E-02
  5.0908E+01  5.3610E-01  5.3290E-02
  5.1264E+01  5.3612E-01  5.3643E-02
  5.1620E+01  5.3619E-01  5.3982E-02
  5.1976E+01  5.3627E-01  5.4305E-02
  5.2332E+01  5.3635E-01  5.4614E-02
  5.2688E+01  5.3641E-01  5.4912E-02
  5.3044E+01  5.3645E-01  5.5204E-02
  5.3400E+01  5.3649E-01  5.5494E-02
  5.3756E+01  5.3653E-01  5.5789E-02
  5.4112E+01  5.3657E-01  5.6093E-02
  5.4468E+01  5.3661E-01  5.6410E-02
  5.4824E+01  5.3665E-01  5.6740E-02
  5.5180E+01  5.3668E-01  5.7084E-02
  5.5536E+01  5.3669E-01  5.7442E-02
  5.5892E+01  5.3665E-01  5.7810E-02
  5.6248E+01  5.3654E-01  5.8185E-02
  5.6604E+01  5.3636E-01  5.8561E-02
  5.6960E+01  5.3608E-01  5.8934E-02
  5.7316E+01  5.3569E-01  5.9299E-02
  5.7672E+01  5.3519E-01  5.9651E-02
  5.8028E+01  5.3457E-01  5.9986E-02
  5.8384E+01  5.3384E-01  6.0302E-02
  5.8740E+01  5.3301E-01  6.0598E-02
  5.9096E+01  5.3210E-01  6.0874E-02
  5.9452E+01  5.3114E-01  6.1133E-02
  5.9808E+01  5.3017E-01  6.1378E-02
  6.0164E+01  5.2922E-01  6.1613E-02
  6.0520E+01  5.2832E-01  6.1843E-02
  6.0876E+01  5.2751E-01  6.2074E-02
  6.1232E+01  5.2682E-01  6.2308E-02
  6.1588E+01  5.2625E-01  6.2551E-02
  6.1944E+01  5.2582E-01  6.2804E-02
  6.2300E+01  5.2552E-01  6.3068E-02
  6.2656E+01  5.2534E-01  6.3343E-02
  6.3012E+01  5.2525E-01  6.3629E-02
  6.3368E+01  5.2525E-01  6.3925E-02
  6.3724E+01  5.2529E-01  6.4227E-02
  6.4080E+01  5.2535E-01  6.4535E-02
  6.4436E+01  5.2540E-01  6.4846E-02
  6.4792E+01  5.2543E-01  6.5157E-02
  6.5148E+01  5.2541E-01  6.5469E-02
  6.5504E+01  5.2532E-01  6.5778E-02
  6.5860E+01  5.2516E-01  6.6083E-02
  6.6216E+01  5.2493E-01  6.6383E-02
  6.6572E+01  5.2461E-01  6.6678E-02
  6.6928E+01  5.2421E-01  6.6967E-02
  6.7284E+01  5.2375E-01  6.7250E-02
  6.7640E+01  5.2323E-01  6.7528E-02
  6.7996E+01  5.2266E-01  6.7802E-02
  6.8352E+01  5.2206E-01  6.8070E-02
  6.8708E+01  5.2144E-01  6.8334E-02
  6.9064E+01  5.2080E-01  6.8595E-02
  6.9420E+01  5.2015E-01  6.8853E-02
  6.9776E+01  5.1951E-01  6.9108E-02
  7.0132E+01  5.1888E-01  6.9363E-02
  7.0488E+01  5.1828E-01  6.9619E-02
  7.0844E+01  5.1770E-01  6.9876E-02
  7.1200E+01  5.1715E-01  7.0135E-02
  7.1556E+01  5.1661E-01  7.0395E-02
  7.1912E+01  5.1609E-01  7.0656E-02
  7.2268E+01  5.1557E-01  7.0918E-02
  7.2624E+01  5.1505E-01  7.1178E-02
  7.2980E+01  5.1454E-01  7.1439E-02
  7.3336E+01  5.1402E-01  7.1700E-02
  7.3692E+01  5.1351E-01  7.1961E-02
  7.4048E+01  5.1300E-01  7.2223E-02
  7.4404E+01  5.1250E-01  7.2486E-02
  7.4760E+01  5.1201E-01  7.2750E-02
  7.5116E+01  5.1153E-01  7.3013E-02
  7.5472E+01  5.1104E-01  7.3276E-02
  7.5828E+01  5.1055E-01  7.3539E-02
  7.6184E+01  5.1005E-01  7.3799E-02
  7.6540E+01  5.0954E-01  7.4057E-02
  7.6896E+01  5.0900E-01  7.4312E-02
  7.7252E+01  5.0844E-01  7.4564E-02
  7.7608E+01  5.0787E-01  7.4811E-02
  7.7964E+01  5.0729E-01  7.5055E-02
  7.8320E+01  5.0672E-01  7.5298E-02
  7.8676E+01  5.0615E-01  7.5540E-02
  7.9032E+01  5.0560E-01  7.5782E-02
  7.9388E+01  5.0507E-01  7.6025E-02
  7.9744E+01  5.0456E-01  7.6270E-02
  8.0100E+01  5.0407E-01  7.6516E-02
  8.0456E+01  5.0360E-01  7.6762E-02
  8.0812E+01  5.0314E-01  7.7008E-02
  8.1168E+01  5.0269E-01  7.7253E-02
  8.1524E+01  5.0224E-01  7.7496E-02
  8.1880E+01  5.0178E-01  7.7736E-02
  8.2236E+01  5.0132E-01  7.7974E-02
  8.2592E+01  5.0085E-01  7.8210E-02
  8.2948E+01  5.0038E-01  7.8445E-02
  8.3304E+01  4.9992E-01  7.8679E-02
  8.3660E+01  4.9946E-01  7.8914E-02
  8.4016E+01  4.9901E-01  7.9149E-02
  8.4372E+01  4.9857E-01  7.9386E-02
  8.4728E+01  4.9815E-01  7.9624E-02
  8.5084E+01  4.9774E-01  7.9863E-02
  8.5440E+01  4.9734E-01  8.0103E-02
  8.5796E+01  4.9696E-01  8.0342E-02
  8.6152E+01  4.9658E-01  8.0581E-02
  8.6508E+01  4.9621E-01  8.0819E-02
  8.6864E+01  4.9583E-01  8.1055E-02
  8.7220E+01  4.9545E-01  8.1289E-02
  8.7576E+01  4.9506E-01  8.1521E-02
  8.7932E+01  4.9466E-01  8.1753E-02
  8.8288E+01  4.9427E-01  8.1985E-02
  8.8644E+01  4.9388E-01  8.2218E-02
  8.9000E+01  4.9351E-01  8.2456E-02
  8.9356E+01  4.9315E-01  8.2696E-02
  8.9712E+01  4.9280E-01  8.2940E-02
  9.0068E+01  4.9247E-01  8.3186E-02
  9.0424E+01  4.9215E-01  8.3433E-02
  9.0780E+01  4.9183E-01  8.3680E-02
  9.1136E+01  4.9151E-01  8.3925E-02
  9.1492E+01  4.9118E-01  8.4167E-02
  9.1848E+01  4.9082E-01  8.4405E-02
  9.2204E+01  4.9044E-01  8.4638E-02
  9.2560E+01  4.9003E-01  8.4867E-02
  9.2916E+01  4.8960E-01  8.5092E-02
  9.3272E+01  4.8915E-01  8.5316E-02
  9.3628E+01  4.8868E-01  8.5539E-02
  9.3984E+01  4.8821E-01  8.5763E-02
  9.4340E+01  4.8774E-01  8.5990E-02
  9.4696E+01  4.8729E-01  8.6220E-02
  9.5052E+01  4.8686E-01  8.6455E-02
  9.5408E+01  4.8646E-01  8.6694E-02
  9.5764E+01  4.8608E-01  8.6936E-02
  9.6120E+01  4.8572E-01  8.7180E-02
  9.6476E+01  4.8539E-01  8.7426E-02
  9.6832E+01  4.8507E-01  8.7671E-02
  9.7188E+01  4.8475E-01  8.7916E-02
  9.7544E+01  4.8442E-01  8.8158E-02
  9.7900E+01  4.8409E-01  8.8397E-02
  9.8256E+01  4.8373E-01  8.8633E-02
  9.8612E+01  4.8334E-01  8.8864E-02
  9.8968E+01  4.8293E-01  8.9092E-02
  9.9324E+01  4.8248E-01  8.9316E-02
  9.9680E+01  4.8200E-01  8.9539E-02
  1.0004E+02  4.8150E-01  8.9760E-02
  1.0039E+02  4.8098E-01  8.9981E-02
  1.0075E+02  4.8044E-01  9.0202E-02
  1.0110E+02  4.7989E-01  9.0425E-02
  1.0146E+02  4.7935E-01  9.0649E-02
  1.0182E+02  4.7881E-01  9.0874E-02
  1.0217E+02  4.7828E-01  9.1101E-02
  1.0253E+02  4.7777E-01  9.1328E-02
  1.0288E+02  4.7726E-01  9.1556E-02
  1.0324E+02  4.7677E-01  9.1783E-02
  1.0360E+02  4.7629E-01  9.2010E-02
  1.0395E+02  4.7583E-01  9.2237E-02
  1.0431E+02  4.7538E-01  9.2464E-02
  1.0466E+02  4.7494E-01  9.2691E-02
  1.0502E+02  4.7452E-01  9.2920E-02
  1.0538E+02  4.7411E-01  9.3149E-02
  1.0573E+02  4.7371E-01  9.3380E-02
  1.0609E+02  4.7331E-01  9.3611E-02
  1.0644E+02  4.7292E-01  9.3843E-02
  1.0680E+02  4.7252E-01  9.4075E-02
  1.0716E+02  4.7212E-01  9.4306E-02
  1.0751E+02  4.7172E-01  9.4535E-02
  1.0787E+02  4.7131E-01  9.4764E-02
  1.0822E+02  4.7089E-01  9.4991E-02
  1.0858E+02  4.7047E-01  9.5216E-02
  1.0894E+02  4.7005E-01  9.5440E-02
  1.0929E+02  4.6963E-01  9.5663E-02
  1.0965E+02  4.6921E-01  9.5884E-02
  1.1000E+02  4.6878E-01  9.6104E-02
  1.1036E+02  4.6837E-01  9.6323E-02
  1.1072E+02  4.6795E-01  9.6542E-02
  1.1107E+02  4.6755E-01  9.6761E-02
  1.1143E+02  4.6715E-01  9.6980E-02
  1.1178E+02  4.6676E-01  9.7202E-02
  1.1214E+02  4.6639E-01  9.7426E-02
  1.1250E+02  4.6603E-01  9.7651E-02
  1.1285E+02  4.6568E-01  9.7879E-02
  1.1321E+02  4.6533E-01  9.8108E-02
  1.1356E+02  4.6499E-01  9.8338E-02
  1.1392E+02  4.6464E-01  9.8569E-02
  1.1428E+02  4.6429E-01  9.8798E-02
  1.1463E+02  4.6393E-01  9.9025E-02
  1.1499E+02  4.6355E-01  9.9249E-02
  1.1534E+02  4.6316E-01  9.9470E-02
  1.1570E+02  4.6276E-01  9.9686E-02
  1.1606E+02  4.6234E-01  9.9898E-02
  1.1641E+02  4.6192E-01  1.0011E-01
  1.1677E+02  4.6149E-01  1.0031E-01
  1.1712E+02  4.6106E-01  1.0052E-01
  1.1748E+02  4.6063E-01  1.0072E-01
  1.1784E+02  4.6022E-01  1.0092E-01
  1.1819E+02  4.5982E-01  1.0113E-01
  1.1855E+02  4.5943E-01  1.0133E-01
  1.1890E+02  4.5906E-01  1.0154E-01
  1.1926E+02  4.5871E-01  1.0175E-01
  1.1962E+02  4.5837E-01  1.0196E-01
  1.1997E+02  4.5805E-01  1.0218E-01
  1.2033E+02  4.5773E-01  1.0240E-01
  1.2068E+02  4.5742E-01  1.0262E-01
  1.2104E+02  4.5712E-01  1.0284E-01
  1.2140E+02  4.5681E-01  1.0306E-01
  1.2175E+02  4.5650E-01  1.0328E-01
  1.2211E+02  4.5618E-01  1.0350E-01
  1.2246E+02  4.5586E-01  1.0372E-01
  1.2282E+02  4.5551E-01  1.0394E-01
  1.2318E+02  4.5516E-01  1.0416E-01
  1.2353E+02  4.5480E-01  1.0437E-01
  1.2389E+02  4.5442E-01  1.0458E-01
  1.2424E+02  4.5403E-01  1.0479E-01
  1.2460E+02  4.5363E-01  1.0500E-01
  1.2496E+02  4.5323E-01  1.0521E-01
  1.2531E+02  4.5282E-01  1.0541E-01
  1.2567E+02  4.5240E-01  1.0562E-01
  1.2602E+02  4.5199E-01  1.0582E-01
  1.2638E+02  4.5157E-01  1.0602E-01
  1.2674E+02  4.5115E-01  1.0622E-01
  1.2709E+02  4.5073E-01  1.0642E-01
  1.2745E+02  4.5031E-01  1.0662E-01
  1.2780E+02  4.4989E-01  1.0682E-01
  1.2816E+02  4.4948E-01  1.0702E-01
  1.2852E+02  4.4907E-01  1.0722E-01
  1.2887E+02  4.4866E-01  1.0742E-01
  1.2923E+02  4.4826E-01  1.0762E-01
  1.2958E+02  4.4786E-01  1.0782E-01
  1.2994E+02  4.4748E-01  1.0802E-01
  1.3030E+02  4.4709E-01  1.0822E-01
  1.3065E+02  4.4671E-01  1.0843E-01
  1.3101E+02  4.4634E-01  1.0863E-01
  1.3136E+02  4.4596E-01  1.0883E-01
  1.3172E+02  4.4559E-01  1.0903E-01
  1.3208E+02  4.4521E-01  1.0924E-01
  1.3243E+02  4.4483E-01  1.0943E-01
  1.3279E+02  4.4444E-01  1.0963E-01
  1.3314E+02  4.4404E-01  1.0983E-01
  1.3350E+02  4.4364E-01  1.1002E-01
  1.3386E+02  4.4324E-01  1.1022E-01
  1.3421E+02  4.4283E-01  1.1041E-01
  1.3457E+02  4.4242E-01  1.1060E-01
  1.3492E+02  4.4201E-01  1.1079E-01
  1.3528E+02  4.4160E-01  1.1099E-01
  1.3564E+02  4.4120E-01  1.1118E-01
  1.3599E+02  4.4080E-01  1.1137E-01
  1.3635E+02  4.4040E-01  1.1157E-01
  1.3670E+02  4.4000E-01  1.1176E-01
  1.3706E+02  4.3961E-01  1.1196E-01
  1.3742E+02  4.3921E-01  1.1215E-01
  1.3777E+02  4.3882E-01  1.1234E-01
  1.3813E+02  4.3843E-01  1.1254E-01
  1.3848E+02  4.3803E-01  1.1273E-01
  1.3884E+02  4.3763E-01  1.1292E-01
  1.3920E+02  4.3723E-01  1.1311E-01
  1.3955E+02  4.3683E-01  1.1330E-01
  1.3991E+02  4.3644E-01  1.1349E-01
  1.4026E+02  4.3604E-01  1.1368E-01
  1.4062E+02  4.3564E-01  1.1387E-01
  1.4098E+02  4.3525E-01  1.1406E-01
  1.4133E+02  4.3487E-01  1.1425E-01
  1.4169E+02  4.3449E-01  1.1444E-01
  1.4204E+02  4.3411E-01  1.1463E-01
  1.4240E+02  4.3373E-01  1.1483E-01
  1.4276E+02  4.3336E-01  1.1502E-01
  1.4311E+02  4.3299E-01  1.1521E-01
  1.4347E+02  4.3262E-01  1.1540E-01
  1.4382E+02  4.3225E-01  1.1559E-01
  1.4418E+02  4.3188E-01  1.1578E-01
  1.4454E+02  4.3150E-01  1.1597E-01
  1.4489E+02  4.3112E-01  1.1615E-01
  1.4525E+02  4.3073E-01  1.1634E-01
  1.4560E+02  4.3034E-01  1.1652E-01
  1.4596E+02  4.2994E-01  1.1670E-01
  1.4632E+02  4.2954E-01  1.1689E-01
  1.4667E+02  4.2914E-01  1.1707E-01
  1.4703E+02  4.2874E-01  1.1725E-01
  1.4738E+02  4.2835E-01  1.1743E-01
  1.4774E+02  4.2796E-01  1.1762E-01
  1.4810E+02  4.2758E-01  1.1780E-01
  1.4845E+02  4.2720E-01  1.1798E-01
  1.4881E+02  4.2683E-01  1.1817E-01
  1.4916E+02  4.2646E-01  1.1835E-01
  1.4952E+02  4.2609E-01  1.1854E-01
  1.4988E+02  4.2573E-01  1.1872E-01
  1.5023E+02  4.2537E-01  1.1890E-01
  1.5059E+02  4.2501E-01  1.1909E-01
  1.5094E+02  4.2466E-01  1.1927E-01
  1.5130E+02  4.2430E-01  1.1945E-01
  1.5166E+02  4.2395E-01  1.1963E-01
  1.5201E+02  4.2359E-01  1.1982E-01
  1.5237E+02  4.2323E-01  1.2000E-01
  1.5272E+02  4.2288E-01  1.2018E-01
  1.5308E+02  4.2252E-01  1.2036E-01
  1.5344E+02  4.2215E-01  1.2054E-01
  1.5379E+02  4.2179E-01  1.2072E-01
  1.5415E+02  4.2142E-01  1.2090E-01
  1.5450E+02  4.2106E-01  1.2107E-01
  1.5486E+02  4.2069E-01  1.2125E-01
  1.5522E+02  4.2032E-01  1.2143E-01
  1.5557E+02  4.1995E-01  1.2161E-01
  1.5593E+02  4.1958E-01  1.2178E-01
  1.5628E+02  4.1922E-01  1.2196E-01
  1.5664E+02  4.1885E-01  1.2214E-01
  1.5700E+02  4.1849E-01  1.2231E-01
  1.5735E+02  4.1813E-01  1.2249E-01
  1.5771E+02  4.1777E-01  1.2267E-01
  1.5806E+02  4.1742E-01  1.2285E-01
  1.5842E+02  4.1706E-01  1.2302E-01
  1.5878E+02  4.1670E-01  1.2320E-01
  1.5913E+02  4.1635E-01  1.2338E-01
  1.5949E+02  4.1599E-01  1.2355E-01
  1.5984E+02  4.1563E-01  1.2373E-01
  1.6020E+02  4.1527E-01  1.2390E-01
  1.6056E+02  4.1491E-01  1.2407E-01
  1.6091E+02  4.1455E-01  1.2424E-01
  1.6127E+02  4.1419E-01  1.2442E-01
  1.6162E+02  4.1383E-01  1.2459E-01
  1.6198E+02  4.1348E-01  1.2476E-01
  1.6234E+02  4.1312E-01  1.2493E-01
  1.6269E+02  4.1277E-01  1.2510E-01
  1.6305E+02  4.1241E-01  1.2528E-01
  1.6340E+02  4.1207E-01  1.2545E-01
  1.6376E+02  4.1172E-01  1.2562E-01
  1.6412E+02  4.1137E-01  1.2579E-01
  1.6447E+02  4.1102E-01  1.2596E-01
  1.6483E+02  4.1068E-01  1.2614E-01
  1.6518E+02  4.1033E-01  1.2631E-01
  1.6554E+02  4.0998E-01  1.2648E-01
  1.6590E+02  4.0964E-01  1.2665E-01
  1.6625E+02  4.0929E-01  1.2682E-01
  1.6661E+02  4.0894E-01  1.2698E-01
  1.6696E+02  4.0859E-01  1.2715E-01
  1.6732E+02  4.0824E-01  1.2732E-01
  1.6768E+02  4.0789E-01  1.2748E-01
  1.6803E+02  4.0755E-01  1.2765E-01
  1.6839E+02  4.0720E-01  1.2782E-01
  1.6874E+02  4.0686E-01  1.2798E-01
  1.6910E+02  4.0652E-01  1.2815E-01
  1.6946E+02  4.0618E-01  1.2831E-01
  1.6981E+02  4.0584E-01  1.2848E-01
  1.7017E+02  4.0550E-01  1.2864E-01
  1.7052E+02  4.0517E-01  1.2880E-01
  1.7088E+02  4.0483E-01  1.2897E-01
  1.7124E+02  4.0450E-01  1.2913E-01
  1.7159E+02  4.0417E-01  1.2930E-01
  1.7195E+02  4.0383E-01  1.2946E-01
  1.7230E+02  4.0350E-01  1.2963E-01
  1.7266E+02  4.0317E-01  1.2979E-01
  1.7302E+02  4.0283E-01  1.2995E-01
  1.7337E+02  4.0249E-01  1.3011E-01
  1.7373E+02  4.0215E-01  1.3027E-01
  1.7408E+02  4.0181E-01  1.3043E-01
  1.7444E+02  4.0147E-01  1.3059E-01
  1.7480E+02  4.0113E-01  1.3075E-01
  1.7515E+02  4.0079E-01  1.3091E-01
  1.7551E+02  4.0045E-01  1.3106E-01
  1.7586E+02  4.0011E-01  1.3122E-01
  1.7622E+02  3.9978E-01  1.3138E-01
  1.7658E+02  3.9944E-01  1.3153E-01
  1.7693E+02  3.9911E-01  1.3169E-01
  1.7729E+02  3.9878E-01  1.3185E-01
  1.7764E+02  3.9845E-01  1.3201E-01
  1.7800E+02  3.9813E-01  1.3217E-01
  1.7836E+02  3.9780E-01  1.3232E-01
  1.7871E+02  3.9747E-01  1.3248E-01
  1.7907E+02  3.9715E-01  1.3264E-01
  1.7942E+02  3.9682E-01  1.3280E-01
  1.7978E+02  3.9649E-01  1.3295E-01
  1.8014E+02  3.9616E-01  1.3311E-01
  1.8049E+02  3.9582E-01  1.3326E-01
  1.8085E+02  3.9549E-01  1.3342E-01
  1.8120E+02  3.9515E-01  1.3357E-01
  1.8156E+02  3.9482E-01  1.3372E-01
  1.8192E+02  3.9448E-01  1.3387E-01
  1.8227E+02  3.9415E-01  1.3403E-01
  1.8263E+02  3.9381E-01  1.3418E-01
  1.8298E+02  3.9347E-01  1.3433E-01
  1.8334E+02  3.9314E-01  1.3448E-01
  1.8370E+02  3.9280E-01  1.3463E-01
  1.8405E+02  3.9247E-01  1.3478E-01
  1.8441E+02  3.9214E-01  1.3493E-01
  1.8476E+02  3.9181E-01  1.3507E-01
  1.8512E+02  3.9148E-01  1.3522E-01
  1.8548E+02  3.9115E-01  1.3537E-01
  1.8583E+02  3.9082E-01  1.3552E-01
  1.8619E+02  3.9050E-01  1.3567E-01
  1.8654E+02  3.9018E-01  1.3582E-01
  1.8690E+02  3.8986E-01  1.3596E-01
  1.8726E+02  3.8954E-01  1.3611E-01
  1.8761E+02  3.8923E-01  1.3626E-01
  1.8797E+02  3.8892E-01  1.3641E-01
  1.8832E+02  3.8861E-01  1.3656E-01
  1.8868E+02  3.8830E-01  1.3670E-01
  1.8904E+02  3.8799E-01  1.3685E-01
  1.8939E+02  3.8768E-01  1.3700E-01
  1.8975E+02  3.8737E-01  1.3714E-01
  1.9010E+02  3.8706E-01  1.3729E-01
  1.9046E+02  3.8675E-01  1.3743E-01
  1.9082E+02  3.8644E-01  1.3758E-01
  1.9117E+02  3.8613E-01  1.3772E-01
  1.9153E+02  3.8582E-01  1.3786E-01
  1.9188E+02  3.8550E-01  1.3801E-01
  1.9224E+02  3.8519E-01  1.3815E-01
  1.9260E+02  3.8488E-01  1.3829E-01
  1.9295E+02  3.8456E-01  1.3843E-01
  1.9331E+02  3.8425E-01  1.3857E-01
  1.9366E+02  3.8394E-01  1.3871E-01
  1.9402E+02  3.8363E-01  1.3886E-01
  1.9438E+02  3.8332E-01  1.3900E-01
  1.9473E+02  3.8302E-01  1.3914E-01
  1.9509E+02  3.8271E-01  1.3928E-01
  1.9544E+02  3.8240E-01  1.3942E-01
  1.9580E+02  3.8210E-01  1.3956E-01
  1.9616E+02  3.8180E-01  1.3970E-01
  1.9651E+02  3.8149E-01  1.3984E-01
  1.9687E+02  3.8119E-01  1.3998E-01
  1.9722E+02  3.8089E-01  1.4012E-01
  1.9758E+02  3.8058E-01  1.4026E-01
  1.9794E+02  3.8028E-01  1.4040E-01
  1.9829E+02  3.7997E-01  1.4054E-01
  1.9865E+02  3.7966E-01  1.4068E-01
  1.9900E+02  3.7935E-01  1.4082E-01
  1.9936E+02  3.7904E-01  1.4095E-01
  1.9972E+02  3.7873E-01  1.4109E-01
  2.0007E+02  3.7842E-01  1.4123E-01
  2.0043E+02  3.7811E-01  1.4136E-01
  2.0078E+02  3.7780E-01  1.4150E-01
  2.0114E+02  3.7748E-01  1.4163E-01
  2.0150E+02  3.7717E-01  1.4177E-01
  2.0185E+02  3.7686E-01  1.4190E-01
  2.0221E+02  3.7655E-01  1.4204E-01
  2.0256E+02  3.7624E-01  1.4217E-01
  2.0292E+02  3.7593E-01  1.4231E-01
  2.0328E+02  3.7562E-01  1.4244E-01
  2.0363E+02  3.7531E-01  1.4258E-01
  2.0399E+02  3.7500E-01  1.4271E-01
  2.0434E+02  3.7469E-01  1.4284E-01
  2.0470E+02  3.7438E-01  1.4297E-01
  2.0506E+02  3.7408E-01  1.4311E-01
  2.0541E+02  3.7377E-01  1.4324E-01
  2.0577E+02  3.7346E-01  1.4337E-01
  2.0612E+02  3.7316E-01  1.4350E-01
  2.0648E+02  3.7285E-01  1.4363E-01
  2.0684E+02  3.7255E-01  1.4376E-01
  2.0719E+02  3.7225E-01  1.4389E-01
  2.0755E+02  3.7195E-01  1.4402E-01
  2.0790E+02  3.7165E-01  1.4415E-01
  2.0826E+02  3.7135E-01  1.4428E-01
  2.0862E+02  3.7105E-01  1.4441E-01
  2.0897E+02  3.7075E-01  1.4454E-01
  2.0933E+02  3.7045E-01  1.4467E-01
  2.0968E+02  3.7016E-01  1.4480E-01
  2.1004E+02  3.6987E-01  1.4493E-01
  2.1040E+02  3.6957E-01  1.4505E-01
  2.1075E+02  3.6928E-01  1.4518E-01
  2.1111E+02  3.6899E-01  1.4531E-01
  2.1146E+02  3.6870E-01  1.4544E-01
  2.1182E+02  3.6842E-01  1.4556E-01
  2.1218E+02  3.6813E-01  1.4569E-01
  2.1253E+02  3.6785E-01  1.4582E-01
  2.1289E+02  3.6756E-01  1.4595E-01
  2.1324E+02  3.6728E-01  1.4607E-01
  2.1360E+02  3.6700E-01  1.4620E-01
  2.1396E+02  3.6672E-01  1.4633E-01
  2.1431E+02  3.6644E-01  1.4645E-01
  2.1467E+02  3.6616E-01  1.4658E-01
  2.1502E+02  3.6588E-01  1.4671E-01
  2.1538E+02  3.6560E-01  1.4683E-01
  2.1574E+02  3.6533E-01  1.4696E-01
  2.1609E+02  3.6505E-01  1.4709E-01
  2.1645E+02  3.6477E-01  1.4721E-01
  2.1680E+02  3.6450E-01  1.4734E-01
  2.1716E+02  3.6422E-01  1.4747E-01
  2.1752E+02  3.6395E-01  1.4759E-01
  2.1787E+02  3.6367E-01  1.4772E-01
  2.1823E+02  3.6340E-01  1.4785E-01
  2.1858E+02  3.6312E-01  1.4797E-01
  2.1894E+02  3.6285E-01  1.4810E-01
  2.1930E+02  3.6257E-01  1.4823E-01
  2.1965E+02  3.6230E-01  1.4835E-01
  2.2001E+02  3.6202E-01  1.4848E-01
  2.2036E+02  3.6175E-01  1.4860E-01
  2.2072E+02  3.6147E-01  1.4873E-01
  2.2108E+02  3.6120E-01  1.4885E-01
  2.2143E+02  3.6092E-01  1.4898E-01
  2.2179E+02  3.6065E-01  1.4911E-01
  2.2214E+02  3.6037E-01  1.4923E-01
  2.2250E+02  3.6010E-01  1.4936E-01
  2.2286E+02  3.5982E-01  1.4948E-01
  2.2321E+02  3.5955E-01  1.4961E-01
  2.2357E+02  3.5927E-01  1.4973E-01
  2.2392E+02  3.5900E-01  1.4986E-01
  2.2428E+02  3.5872E-01  1.4998E-01
  2.2464E+02  3.5845E-01  1.5010E-01
  2.2499E+02  3.5817E-01  1.5023E-01
  2.2535E+02  3.5790E-01  1.5035E-01
  2.2570E+02  3.5763E-01  1.5047E-01
  2.2606E+02  3.5735E-01  1.5059E-01
  2.2642E+02  3.5708E-01  1.5072E-01
  2.2677E+02  3.5681E-01  1.5084E-01
  2.2713E+02  3.5653E-01  1.5096E-01
  2.2748E+02  3.5626E-01  1.5108E-01
  2.2784E+02  3.5599E-01  1.5120E-01
  2.2820E+02  3.5572E-01  1.5132E-01
  2.2855E+02  3.5546E-01  1.5144E-01
  2.2891E+02  3.5519E-01  1.5156E-01
  2.2926E+02  3.5492E-01  1.5168E-01
  2.2962E+02  3.5466E-01  1.5180E-01
  2.2998E+02  3.5439E-01  1.5192E-01
  2.3033E+02  3.5413E-01  1.5204E-01
  2.3069E+02  3.5386E-01  1.5216E-01
  2.3104E+02  3.5360E-01  1.5227E-01
  2.3140E+02  3.5333E-01  1.5239E-01
  2.3176E+02  3.5307E-01  1.5251E-01
  2.3211E+02  3.5281E-01  1.5262E-01
  2.3247E+02  3.5254E-01  1.5274E-01
  2.3282E+02  3.5228E-01  1.5285E-01
  2.3318E+02  3.5202E-01  1.5297E-01
  2.3354E+02  3.5176E-01  1.5308E-01
  2.3389E+02  3.5149E-01  1.5320E-01
  2.3425E+02  3.5123E-01  1.5331E-01
  2.3460E+02  3.5097E-01  1.5343E-01
  2.3496E+02  3.5071E-01  1.5354E-01
  2.3532E+02  3.5045E-01  1.5365E-01
  2.3567E+02  3.5019E-01  1.5377E-01
  2.3603E+02  3.4993E-01  1.5388E-01
  2.3638E+02  3.4967E-01  1.5399E-01
  2.3674E+02  3.4940E-01  1.5411E-01
  2.3710E+02  3.4914E-01  1.5422E-01
  2.3745E+02  3.4887E-01  1.5433E-01
  2.3781E+02  3.4861E-01  1.5445E-01
  2.3816E+02  3.4834E-01  1.5456E-01
  2.3852E+02  3.4807E-01  1.5467E-01
  2.3888E+02  3.4780E-01  1.5478E-01
  2.3923E+02  3.4753E-01  1.5489E-01
  2.3959E+02  3.4726E-01  1.5501E-01
  2.3994E+02  3.4699E-01  1.5512E-01
  2.4030E+02  3.4672E-01  1.5523E-01
  2.4066E+02  3.4644E-01  1.5534E-01
  2.4101E+02  3.4617E-01  1.5545E-01
  2.4137E+02  3.4589E-01  1.5556E-01
  2.4172E+02  3.4561E-01  1.5568E-01
  2.4208E+02  3.4534E-01  1.5579E-01
  2.4244E+02  3.4506E-01  1.5590E-01
  2.4279E+02  3.4478E-01  1.5601E-01
  2.4315E+02  3.4450E-01  1.5612E-01
  2.4350E+02  3.4422E-01  1.5623E-01
  2.4386E+02  3.4393E-01  1.5635E-01
  2.4422E+02  3.4365E-01  1.5646E-01
  2.4457E+02  3.4337E-01  1.5657E-01
  2.4493E+02  3.4309E-01  1.5668E-01
  2.4528E+02  3.4280E-01  1.5679E-01
  2.4564E+02  3.4252E-01  1.5690E-01
  2.4600E+02  3.4223E-01  1.5701E-01
  2.4635E+02  3.4195E-01  1.5713E-01
  2.4671E+02  3.4167E-01  1.5724E-01
  2.4706E+02  3.4139E-01  1.5735E-01
  2.4742E+02  3.4111E-01  1.5746E-01
  2.4778E+02  3.4082E-01  1.5757E-01
  2.4813E+02  3.4055E-01  1.5768E-01
  2.4849E+02  3.4027E-01  1.5779E-01
  2.4884E+02  3.3999E-01  1.5790E-01
  2.4920E+02  3.3972E-01  1.5801E-01
  2.4956E+02  3.3945E-01  1.5812E-01
  2.4991E+02  3.3918E-01  1.5823E-01
  2.5027E+02  3.3891E-01  1.5834E-01
  2.5062E+02  3.3864E-01  1.5845E-01
  2.5098E+02  3.3838E-01  1.5856E-01
  2.5134E+02  3.3812E-01  1.5866E-01
  2.5169E+02  3.3786E-01  1.5877E-01
  2.5205E+02  3.3761E-01  1.5888E-01
  2.5240E+02  3.3736E-01  1.5899E-01
  2.5276E+02  3.3711E-01  1.5910E-01
  2.5312E+02  3.3687E-01  1.5920E-01
  2.5347E+02  3.3663E-01  1.5931E-01
  2.5383E+02  3.3639E-01  1.5942E-01
  2.5418E+02  3.3616E-01  1.5952E-01
  2.5454E+02  3.3592E-01  1.5963E-01
  2.5490E+02  3.3570E-01  1.5974E-01
  2.5525E+02  3.3547E-01  1.5984E-01
  2.5561E+02  3.3525E-01  1.5995E-01
  2.5596E+02  3.3503E-01  1.6005E-01
  2.5632E+02  3.3482E-01  1.6016E-01
  2.5668E+02  3.3460E-01  1.6026E-01
  2.5703E+02  3.3439E-01  1.6037E-01
  2.5739E+02  3.3419E-01  1.6047E-01
  2.5774E+02  3.3398E-01  1.6058E-01
  2.5810E+02  3.3378E-01  1.6068E-01
  2.5846E+02  3.3358E-01  1.6078E-01
  2.5881E+02  3.3338E-01  1.6089E-01
  2.5917E+02  3.3318E-01  1.6099E-01
  2.5952E+02  3.3298E-01  1.6109E-01
  2.5988E+02  3.3278E-01  1.6120E-01
  2.6024E+02  3.3259E-01  1.6130E-01
  2.6059E+02  3.3239E-01  1.6140E-01
  2.6095E+02  3.3220E-01  1.6150E-01
  2.6130E+02  3.3200E-01  1.6160E-01
  2.6166E+02  3.3181E-01  1.6170E-01
  2.6202E+02  3.3161E-01  1.6181E-01
  2.6237E+02  3.3141E-01  1.6191E-01
  2.6273E+02  3.3121E-01  1.6201E-01
  2.6308E+02  3.3101E-01  1.6211E-01
  2.6344E+02  3.3081E-01  1.6221E-01
  2.6380E+02  3.3061E-01  1.6231E-01
  2.6415E+02  3.3040E-01  1.6241E-01
  2.6451E+02  3.3020E-01  1.6251E-01
  2.6486E+02  3.2999E-01  1.6261E-01
  2.6522E+02  3.2977E-01  1.6271E-01
  2.6558E+02  3.2956E-01  1.6281E-01
  2.6593E+02  3.2934E-01  1.6290E-01
  2.6629E+02  3.2912E-01  1.6300E-01
  2.6664E+02  3.2889E-01  1.6310E-01
  2.6700E+02  3.2866E-01  1.6320E-01
  2.6736E+02  3.2843E-01  1.6330E-01
  2.6771E+02  3.2819E-01  1.6340E-01
  2.6807E+02  3.2795E-01  1.6349E-01
  2.6842E+02  3.2771E-01  1.6359E-01
  2.6878E+02  3.2746E-01  1.6369E-01
  2.6914E+02  3.2721E-01  1.6379E-01
  2.6949E+02  3.2696E-01  1.6388E-01
  2.6985E+02  3.2670E-01  1.6398E-01
  2.7020E+02  3.2644E-01  1.6408E-01
  2.7056E+02  3.2618E-01  1.6417E-01
  2.7092E+02  3.2591E-01  1.6427E-01
  2.7127E+02  3.2564E-01  1.6437E-01
  2.7163E+02  3.2536E-01  1.6446E-01
  2.7198E+02  3.2509E-01  1.6456E-01
  2.7234E+02  3.2481E-01  1.6465E-01
  2.7270E+02  3.2453E-01  1.6475E-01
  2.7305E+02  3.2425E-01  1.6484E-01
  2.7341E+02  3.2396E-01  1.6494E-01
  2.7376E+02  3.2367E-01  1.6503E-01
  2.7412E+02  3.2339E-01  1.6512E-01
  2.7448E+02  3.2310E-01  1.6522E-01
  2.7483E+02  3.2281E-01  1.6531E-01
  2.7519E+02  3.2252E-01  1.6541E-01
  2.7554E+02  3.2222E-01  1.6550E-01
  2.7590E+02  3.2193E-01  1.6559E-01
  2.7626E+02  3.2164E-01  1.6568E-01
  2.7661E+02  3.2135E-01  1.6578E-01
  2.7697E+02  3.2106E-01  1.6587E-01
  2.7732E+02  3.2077E-01  1.6596E-01
  2.7768E+02  3.2048E-01  1.6605E-01
  2.7804E+02  3.2019E-01  1.6614E-01
  2.7839E+02  3.1991E-01  1.6624E-01
  2.7875E+02  3.1963E-01  1.6633E-01
  2.7910E+02  3.1934E-01  1.6642E-01
  2.7946E+02  3.1906E-01  1.6651E-01
  2.7982E+02  3.1879E-01  1.6660E-01
  2.8017E+02  3.1851E-01  1.6669E-01
  2.8053E+02  3.1824E-01  1.6678E-01
  2.8088E+02  3.1797E-01  1.6687E-01
  2.8124E+02  3.1771E-01  1.6696E-01
  2.8160E+02  3.1744E-01  1.6705E-01
  2.8195E+02  3.1718E-01  1.6714E-01
  2.8231E+02  3.1693E-01  1.6723E-01
  2.8266E+02  3.1668E-01  1.6732E-01
  2.8302E+02  3.1643E-01  1.6741E-01
  2.8338E+02  3.1618E-01  1.6749E-01
  2.8373E+02  3.1594E-01  1.6758E-01
  2.8409E+02  3.1570E-01  1.6767E-01
  2.8444E+02  3.1546E-01  1.6776E-01
  2.8480E+02  3.1523E-01  1.6785E-01
  2.8516E+02  3.1500E-01  1.6794E-01
  2.8551E+02  3.1477E-01  1.6802E-01
  2.8587E+02  3.1455E-01  1.6811E-01
  2.8622E+02  3.1433E-01  1.6820E-01
  2.8658E+02  3.1411E-01  1.6829E-01
  2.8694E+02  3.1389E-01  1.6838E-01
  2.8729E+02  3.1368E-01  1.6846E-01
  2.8765E+02  3.1347E-01  1.6855E-01
  2.8800E+02  3.1327E-01  1.6864E-01
  2.8836E+02  3.1306E-01  1.6873E-01
  2.8872E+02  3.1286E-01  1.6882E-01
  2.8907E+02  3.1266E-01  1.6890E-01
  2.8943E+02  3.1246E-01  1.6899E-01
  2.8978E+02  3.1226E-01  1.6908E-01
  2.9014E+02  3.1207E-01  1.6916E-01
  2.9050E+02  3.1187E-01  1.6925E-01
  2.9085E+02  3.1168E-01  1.6934E-01
  2.9121E+02  3.1148E-01  1.6943E-01
  2.9156E+02  3.1129E-01  1.6951E-01
  2.9192E+02  3.1110E-01  1.6960E-01
  2.9228E+02  3.1091E-01  1.6969E-01
  2.9263E+02  3.1071E-01  1.6977E-01
  2.9299E+02  3.1052E-01  1.6986E-01
  2.9334E+02  3.1033E-01  1.6994E-01
  2.9370E+02  3.1014E-01  1.7003E-01
  2.9406E+02  3.0995E-01  1.7012E-01
  2.9441E+02  3.0975E-01  1.7020E-01
  2.9477E+02  3.0956E-01  1.7029E-01
  2.9512E+02  3.0936E-01  1.7037E-01
  2.9548E+02  3.0917E-01  1.7046E-01
  2.9584E+02  3.0897E-01  1.7054E-01
  2.9619E+02  3.0877E-01  1.7063E-01
  2.9655E+02  3.0857E-01  1.7071E-01
  2.9690E+02  3.0837E-01  1.7080E-01
  2.9726E+02  3.0817E-01  1.7088E-01
  2.9762E+02  3.0796E-01  1.7097E-01
  2.9797E+02  3.0776E-01  1.7105E-01
  2.9833E+02  3.0755E-01  1.7114E-01
  2.9868E+02  3.0734E-01  1.7122E-01
  2.9904E+02  3.0713E-01  1.7130E-01
  2.9940E+02  3.0691E-01  1.7139E-01
  2.9975E+02  3.0670E-01  1.7147E-01
  3.0011E+02  3.0648E-01  1.7155E-01
  3.0046E+02  3.0626E-01  1.7163E-01
  3.0082E+02  3.0604E-01  1.7172E-01
  3.0118E+02  3.0582E-01  1.7180E-01
  3.0153E+02  3.0560E-01  1.7188E-01
  3.0189E+02  3.0537E-01  1.7196E-01
  3.0224E+02  3.0515E-01  1.7204E-01
  3.0260E+02  3.0492E-01  1.7212E-01
  3.0296E+02  3.0469E-01  1.7220E-01
  3.0331E+02  3.0446E-01  1.7229E-01
  3.0367E+02  3.0422E-01  1.7237E-01
  3.0402E+02  3.0399E-01  1.7245E-01
  3.0438E+02  3.0375E-01  1.7253E-01
  3.0474E+02  3.0352E-01  1.7261E-01
  3.0509E+02  3.0328E-01  1.7269E-01
  3.0545E+02  3.0304E-01  1.7277E-01
  3.0580E+02  3.0280E-01  1.7284E-01
  3.0616E+02  3.0256E-01  1.7292E-01
  3.0652E+02  3.0232E-01  1.7300E-01
  3.0687E+02  3.0208E-01  1.7308E-01
  3.0723E+02  3.0183E-01  1.7316E-01
  3.0758E+02  3.0159E-01  1.7324E-01
  3.0794E+02  3.0135E-01  1.7332E-01
  3.0830E+02  3.0110E-01  1.7339E-01
  3.0865E+02  3.0086E-01  1.7347E-01
  3.0901E+02  3.0062E-01  1.7355E-01
  3.0936E+02  3.0037E-01  1.7363E-01
  3.0972E+02  3.0013E-01  1.7370E-01
  3.1008E+02  2.9989E-01  1.7378E-01
  3.1043E+02  2.9964E-01  1.7386E-01
  3.1079E+02  2.9940E-01  1.7393E-01
  3.1114E+02  2.9916E-01  1.7401E-01
  3.1150E+02  2.9891E-01  1.7409E-01
  3.1186E+02  2.9867E-01  1.7416E-01
  3.1221E+02  2.9843E-01  1.7424E-01
  3.1257E+02  2.9819E-01  1.7432E-01
  3.1292E+02  2.9795E-01  1.7439E-01
  3.1328E+02  2.9771E-01  1.7447E-01
  3.1364E+02  2.9748E-01  1.7455E-01
  3.1399E+02  2.9724E-01  1.7462E-01
  3.1435E+02  2.9700E-01  1.7470E-01
  3.1470E+02  2.9677E-01  1.7477E-01
  3.1506E+02  2.9653E-01  1.7485E-01
  3.1542E+02  2.9630E-01  1.7492E-01
  3.1577E+02  2.9607E-01  1.7500E-01
  3.1613E+02  2.9584E-01  1.7507E-01
  3.1648E+02  2.9560E-01  1.7515E-01
  3.1684E+02  2.9538E-01  1.7522E-01
  3.1720E+02  2.9515E-01  1.7530E-01
  3.1755E+02  2.9492E-01  1.7537E-01
  3.1791E+02  2.9469E-01  1.7545E-01
  3.1826E+02  2.9447E-01  1.7552E-01
  3.1862E+02  2.9425E-01  1.7560E-01
  3.1898E+02  2.9402E-01  1.7567E-01
  3.1933E+02  2.9380E-01  1.7575E-01
  3.1969E+02  2.9358E-01  1.7582E-01
  3.2004E+02  2.9336E-01  1.7589E-01
  3.2040E+02  2.9314E-01  1.7597E-01
  3.2076E+02  2.9292E-01  1.7604E-01
  3.2111E+02  2.9271E-01  1.7612E-01
  3.2147E+02  2.9249E-01  1.7619E-01
  3.2182E+02  2.9228E-01  1.7626E-01
  3.2218E+02  2.9206E-01  1.7634E-01
  3.2254E+02  2.9185E-01  1.7641E-01
  3.2289E+02  2.9164E-01  1.7648E-01
  3.2325E+02  2.9143E-01  1.7656E-01
  3.2360E+02  2.9122E-01  1.7663E-01
  3.2396E+02  2.9101E-01  1.7670E-01
  3.2432E+02  2.9080E-01  1.7677E-01
  3.2467E+02  2.9059E-01  1.7685E-01
  3.2503E+02  2.9038E-01  1.7692E-01
  3.2538E+02  2.9017E-01  1.7699E-01
  3.2574E+02  2.8997E-01  1.7706E-01
  3.2610E+02  2.8976E-01  1.7714E-01
  3.2645E+02  2.8955E-01  1.7721E-01
  3.2681E+02  2.8935E-01  1.7728E-01
  3.2716E+02  2.8914E-01  1.7735E-01
  3.2752E+02  2.8894E-01  1.7742E-01
  3.2788E+02  2.8873E-01  1.7749E-01
  3.2823E+02  2.8853E-01  1.7756E-01
  3.2859E+02  2.8832E-01  1.7764E-01
  3.2894E+02  2.8812E-01  1.7771E-01
  3.2930E+02  2.8792E-01  1.7778E-01
  3.2966E+02  2.8771E-01  1.7785E-01
  3.3001E+02  2.8751E-01  1.7792E-01
  3.3037E+02  2.8730E-01  1.7799E-01
  3.3072E+02  2.8710E-01  1.7806E-01
  3.3108E+02  2.8690E-01  1.7813E-01
  3.3144E+02  2.8669E-01  1.7820E-01
  3.3179E+02  2.8649E-01  1.7827E-01
  3.3215E+02  2.8628E-01  1.7834E-01
  3.3250E+02  2.8608E-01  1.7841E-01
  3.3286E+02  2.8587E-01  1.7848E-01
  3.3322E+02  2.8567E-01  1.7854E-01
  3.3357E+02  2.8546E-01  1.7861E-01
  3.3393E+02  2.8526E-01  1.7868E-01
  3.3428E+02  2.8505E-01  1.7875E-01
  3.3464E+02  2.8485E-01  1.7882E-01
  3.3500E+02  2.8464E-01  1.7889E-01
  3.3535E+02  2.8443E-01  1.7896E-01
  3.3571E+02  2.8423E-01  1.7902E-01
  3.3606E+02  2.8402E-01  1.7909E-01
  3.3642E+02  2.8381E-01  1.7916E-01
  3.3678E+02  2.8360E-01  1.7923E-01
  3.3713E+02  2.8339E-01  1.7929E-01
  3.3749E+02  2.8318E-01  1.7936E-01
  3.3784E+02  2.8297E-01  1.7943E-01
  3.3820E+02  2.8276E-01  1.7950E-01
  3.3856E+02  2.8255E-01  1.7956E-01
  3.3891E+02  2.8234E-01  1.7963E-01
  3.3927E+02  2.8213E-01  1.7970E-01
  3.3962E+02  2.8192E-01  1.7976E-01
  3.3998E+02  2.8171E-01  1.7983E-01
  3.4034E+02  2.8150E-01  1.7990E-01
  3.4069E+02  2.8128E-01  1.7996E-01
  3.4105E+02  2.8107E-01  1.8003E-01
  3.4140E+02  2.8086E-01  1.8009E-01
  3.4176E+02  2.8064E-01  1.8016E-01
  3.4212E+02  2.8043E-01  1.8023E-01
  3.4247E+02  2.8022E-01  1.8029E-01
  3.4283E+02  2.8000E-01  1.8036E-01
  3.4318E+02  2.7979E-01  1.8042E-01
  3.4354E+02  2.7957E-01  1.8049E-01
  3.4390E+02  2.7936E-01  1.8055E-01
  3.4425E+02  2.7914E-01  1.8062E-01
  3.4461E+02  2.7893E-01  1.8068E-01
  3.4496E+02  2.7871E-01  1.8074E-01
  3.4532E+02  2.7850E-01  1.8081E-01
  3.4568E+02  2.7829E-01  1.8087E-01
  3.4603E+02  2.7807E-01  1.8094E-01
  3.4639E+02  2.7786E-01  1.8100E-01
  3.4674E+02  2.7764E-01  1.8106E-01
  3.4710E+02  2.7743E-01  1.8113E-01
  3.4746E+02  2.7721E-01  1.8119E-01
  3.4781E+02  2.7700E-01  1.8125E-01
  3.4817E+02  2.7679E-01  1.8132E-01
  3.4852E+02  2.7657E-01  1.8138E-01
  3.4888E+02  2.7636E-01  1.8144E-01
  3.4924E+02  2.7615E-01  1.8151E-01
  3.4959E+02  2.7594E-01  1.8157E-01
  3.4995E+02  2.7572E-01  1.8163E-01
  3.5030E+02  2.7551E-01  1.8169E-01
  3.5066E+02  2.7530E-01  1.8176E-01
  3.5102E+02  2.7509E-01  1.8182E-01
  3.5137E+02  2.7488E-01  1.8188E-01
  3.5173E+02  2.7467E-01  1.8194E-01
  3.5208E+02  2.7446E-01  1.8200E-01
  3.5244E+02  2.7425E-01  1.8207E-01
  3.5280E+02  2.7404E-01  1.8213E-01
  3.5315E+02  2.7383E-01  1.8219E-01
  3.5351E+02  2.7362E-01  1.8225E-01
  3.5386E+02  2.7342E-01  1.8231E-01
  3.5422E+02  2.7321E-01  1.8237E-01
  3.5458E+02  2.7300E-01  1.8243E-01
  3.5493E+02  2.7280E-01  1.8250E-01
  3.5529E+02  2.7259E-01  1.8256E-01
  3.5564E+02  2.7239E-01  1.8262E-01
  3.5600E+02  2.7218E-01  1.8268E-01
  3.5636E+02  2.7198E-01  1.8274E-01
  3.5671E+02  2.7177E-01  1.8280E-01
  3.5707E+02  2.7157E-01  1.8286E-01
  3.5742E+02  2.7136E-01  1.8292E-01
  3.5778E+02  2.7116E-01  1.8298E-01
  3.5814E+02  2.7096E-01  1.8304E-01
  3.5849E+02  2.7076E-01  1.8310E-01
  3.5885E+02  2.7055E-01  1.8316E-01
  3.5920E+02  2.7035E-01  1.8322E-01
  3.5956E+02  2.7015E-01  1.8328E-01
  3.5992E+02  2.6995E-01  1.8334E-01
  3.6027E+02  2.6975E-01  1.8340E-01
  3.6063E+02  2.6955E-01  1.8345E-01
  3.6098E+02  2.6935E-01  1.8351E-01
  3.6134E+02  2.6915E-01  1.8357E-01
  3.6170E+02  2.6895E-01  1.8363E-01
  3.6205E+02  2.6875E-01  1.8369E-01
  3.6241E+02  2.6855E-01  1.8375E-01
  3.6276E+02  2.6835E-01  1.8381E-01
  3.6312E+02  2.6815E-01  1.8386E-01
  3.6348E+02  2.6795E-01  1.8392E-01
  3.6383E+02  2.6775E-01  1.8398E-01
  3.6419E+02  2.6755E-01  1.8404E-01
  3.6454E+02  2.6735E-01  1.8410E-01
  3.6490E+02  2.6715E-01  1.8415E-01
  3.6526E+02  2.6695E-01  1.8421E-01
  3.6561E+02  2.6675E-01  1.8427E-01
  3.6597E+02  2.6655E-01  1.8433E-01
  3.6632E+02  2.6634E-01  1.8438E-01
  3.6668E+02  2.6614E-01  1.8444E-01
  3.6704E+02  2.6594E-01  1.8450E-01
  3.6739E+02  2.6574E-01  1.8455E-01
  3.6775E+02  2.6554E-01  1.8461E-01
  3.6810E+02  2.6534E-01  1.8467E-01
  3.6846E+02  2.6514E-01  1.8472E-01
  3.6882E+02  2.6494E-01  1.8478E-01
  3.6917E+02  2.6474E-01  1.8484E-01
  3.6953E+02  2.6454E-01  1.8489E-01
  3.6988E+02  2.6434E-01  1.8495E-01
  3.7024E+02  2.6414E-01  1.8500E-01
  3.7060E+02  2.6394E-01  1.8506E-01
  3.7095E+02  2.6374E-01  1.8511E-01
  3.7131E+02  2.6354E-01  1.8517E-01
  3.7166E+02  2.6333E-01  1.8522E-01
  3.7202E+02  2.6313E-01  1.8528E-01
  3.7238E+02  2.6293E-01  1.8533E-01
  3.7273E+02  2.6273E-01  1.8539E-01
  3.7309E+02  2.6253E-01  1.8544E-01
  3.7344E+02  2.6233E-01  1.8550E-01
  3.7380E+02  2.6213E-01  1.8555E-01
  3.7416E+02  2.6193E-01  1.8561E-01
  3.7451E+02  2.6172E-01  1.8566E-01
  3.7487E+02  2.6152E-01  1.8572E-01
  3.7522E+02  2.6132E-01  1.8577E-01
  3.7558E+02  2.6112E-01  1.8582E-01
  3.7594E+02  2.6092E-01  1.8588E-01
  3.7629E+02  2.6072E-01  1.8593E-01
  3.7665E+02  2.6052E-01  1.8598E-01
  3.7700E+02  2.6031E-01  1.8604E-01
  3.7736E+02  2.6011E-01  1.8609E-01
  3.7772E+02  2.5991E-01  1.8614E-01
  3.7807E+02  2.5971E-01  1.8620E-01
  3.7843E+02  2.5951E-01  1.8625E-01
  3.7878E+02  2.5931E-01  1.8630E-01
  3.7914E+02  2.5911E-01  1.8635E-01
  3.7950E+02  2.5891E-01  1.8641E-01
  3.7985E+02  2.5871E-01  1.8646E-01
  3.8021E+02  2.5850E-01  1.8651E-01
  3.8056E+02  2.5830E-01  1.8656E-01
  3.8092E+02  2.5810E-01  1.8662E-01
  3.8128E+02  2.5790E-01  1.8667E-01
  3.8163E+02  2.5770E-01  1.8672E-01
  3.8199E+02  2.5750E-01  1.8677E-01
  3.8234E+02  2.5730E-01  1.8682E-01
  3.8270E+02  2.5710E-01  1.8687E-01
  3.8306E+02  2.5690E-01  1.8692E-01
  3.8341E+02  2.5670E-01  1.8698E-01
  3.8377E+02  2.5650E-01  1.8703E-01
  3.8412E+02  2.5631E-01  1.8708E-01
  3.8448E+02  2.5611E-01  1.8713E-01
  3.8484E+02  2.5591E-01  1.8718E-01
  3.8519E+02  2.5571E-01  1.8723E-01
  3.8555E+02  2.5551E-01  1.8728E-01
  3.8590E+02  2.5531E-01  1.8733E-01
  3.8626E+02  2.5511E-01  1.8738E-01
  3.8662E+02  2.5491E-01  1.8743E-01
  3.8697E+02  2.5472E-01  1.8748E-01
  3.8733E+02  2.5452E-01  1.8753E-01
  3.8768E+02  2.5432E-01  1.8758E-01
  3.8804E+02  2.5412E-01  1.8763E-01
  3.8840E+02  2.5393E-01  1.8768E-01
  3.8875E+02  2.5373E-01  1.8773E-01
  3.8911E+02  2.5353E-01  1.8778E-01
  3.8946E+02  2.5333E-01  1.8783E-01
  3.8982E+02  2.5314E-01  1.8788E-01
  3.9018E+02  2.5294E-01  1.8793E-01
  3.9053E+02  2.5274E-01  1.8798E-01
  3.9089E+02  2.5255E-01  1.8803E-01
  3.9124E+02  2.5235E-01  1.8808E-01
  3.9160E+02  2.5216E-01  1.8812E-01
  3.9196E+02  2.5196E-01  1.8817E-01
  3.9231E+02  2.5176E-01  1.8822E-01
  3.9267E+02  2.5157E-01  1.8827E-01
  3.9302E+02  2.5137E-01  1.8832E-01
  3.9338E+02  2.5118E-01  1.8837E-01
  3.9374E+02  2.5098E-01  1.8841E-01
  3.9409E+02  2.5079E-01  1.8846E-01
  3.9445E+02  2.5059E-01  1.8851E-01
  3.9480E+02  2.5040E-01  1.8856E-01
  3.9516E+02  2.5020E-01  1.8861E-01
  3.9552E+02  2.5001E-01  1.8865E-01
  3.9587E+02  2.4981E-01  1.8870E-01
  3.9623E+02  2.4962E-01  1.8875E-01
  3.9658E+02  2.4942E-01  1.8879E-01
  3.9694E+02  2.4923E-01  1.8884E-01
  3.9730E+02  2.4903E-01  1.8889E-01
  3.9765E+02  2.4884E-01  1.8894E-01
  3.9801E+02  2.4865E-01  1.8898E-01
  3.9836E+02  2.4845E-01  1.8903E-01
  3.9872E+02  2.4826E-01  1.8908E-01
  3.9908E+02  2.4806E-01  1.8912E-01
  3.9943E+02  2.4787E-01  1.8917E-01
  3.9979E+02  2.4768E-01  1.8921E-01
  4.0014E+02  2.4748E-01  1.8926E-01
  4.0050E+02  2.4729E-01  1.8931E-01
  4.0086E+02  2.4710E-01  1.8935E-01
  4.0121E+02  2.4690E-01  1.8940E-01
  4.0157E+02  2.4671E-01  1.8944E-01
  4.0192E+02  2.4651E-01  1.8949E-01
  4.0228E+02  2.4632E-01  1.8953E-01
  4.0264E+02  2.4613E-01  1.8958E-01
  4.0299E+02  2.4593E-01  1.8962E-01
  4.0335E+02  2.4574E-01  1.8967E-01
  4.0370E+02  2.4555E-01  1.8971E-01
  4.0406E+02  2.4535E-01  1.8976E-01
  4.0442E+02  2.4516E-01  1.8980E-01
  4.0477E+02  2.4497E-01  1.8985E-01
  4.0513E+02  2.4477E-01  1.8989E-01
  4.0548E+02  2.4458E-01  1.8994E-01
  4.0584E+02  2.4438E-01  1.8998E-01
  4.0620E+02  2.4419E-01  1.9003E-01
  4.0655E+02  2.4400E-01  1.9007E-01
  4.0691E+02  2.4380E-01  1.9011E-01
  4.0726E+02  2.4361E-01  1.9016E-01
  4.0762E+02  2.4342E-01  1.9020E-01
  4.0798E+02  2.4322E-01  1.9025E-01
  4.0833E+02  2.4303E-01  1.9029E-01
  4.0869E+02  2.4284E-01  1.9033E-01
  4.0904E+02  2.4264E-01  1.9038E-01
  4.0940E+02  2.4245E-01  1.9042E-01
  4.0976E+02  2.4226E-01  1.9046E-01
  4.1011E+02  2.4206E-01  1.9051E-01
  4.1047E+02  2.4187E-01  1.9055E-01
  4.1082E+02  2.4168E-01  1.9059E-01
  4.1118E+02  2.4148E-01  1.9063E-01
  4.1154E+02  2.4129E-01  1.9068E-01
  4.1189E+02  2.4110E-01  1.9072E-01
  4.1225E+02  2.4091E-01  1.9076E-01
  4.1260E+02  2.4071E-01  1.9080E-01
  4.1296E+02  2.4052E-01  1.9084E-01
  4.1332E+02  2.4033E-01  1.9089E-01
  4.1367E+02  2.4014E-01  1.9093E-01
  4.1403E+02  2.3994E-01  1.9097E-01
  4.1438E+02  2.3975E-01  1.9101E-01
  4.1474E+02  2.3956E-01  1.9105E-01
  4.1510E+02  2.3937E-01  1.9110E-01
  4.1545E+02  2.3918E-01  1.9114E-01
  4.1581E+02  2.3898E-01  1.9118E-01
  4.1616E+02  2.3879E-01  1.9122E-01
  4.1652E+02  2.3860E-01  1.9126E-01
  4.1688E+02  2.3841E-01  1.9130E-01
  4.1723E+02  2.3822E-01  1.9134E-01
  4.1759E+02  2.3803E-01  1.9138E-01
  4.1794E+02  2.3784E-01  1.9142E-01
  4.1830E+02  2.3765E-01  1.9146E-01
  4.1866E+02  2.3745E-01  1.9150E-01
  4.1901E+02  2.3726E-01  1.9155E-01
  4.1937E+02  2.3707E-01  1.9159E-01
  4.1972E+02  2.3688E-01  1.9163E-01
  4.2008E+02  2.3669E-01  1.9167E-01
  4.2044E+02  2.3650E-01  1.9171E-01
  4.2079E+02  2.3631E-01  1.9175E-01
  4.2115E+02  2.3612E-01  1.9179E-01
  4.2150E+02  2.3593E-01  1.9183E-01
  4.2186E+02  2.3574E-01  1.9186E-01
  4.2222E+02  2.3555E-01  1.9190E-01
  4.2257E+02  2.3536E-01  1.9194E-01
  4.2293E+02  2.3517E-01  1.9198E-01
  4.2328E+02  2.3498E-01  1.9202E-01
  4.2364E+02  2.3479E-01  1.9206E-01
  4.2400E+02  2.3460E-01  1.9210E-01
  4.2435E+02  2.3441E-01  1.9214E-01
  4.2471E+02  2.3423E-01  1.9218E-01
  4.2506E+02  2.3404E-01  1.9222E-01
  4.2542E+02  2.3385E-01  1.9226E-01
  4.2578E+02  2.3366E-01  1.9229E-01
  4.2613E+02  2.3347E-01  1.9233E-01
  4.2649E+02  2.3328E-01  1.9237E-01
  4.2684E+02  2.3309E-01  1.9241E-01
  4.2720E+02  2.3290E-01  1.9245E-01
  4.2756E+02  2.3271E-01  1.9248E-01
  4.2791E+02  2.3252E-01  1.9252E-01
  4.2827E+02  2.3233E-01  1.9256E-01
  4.2862E+02  2.3215E-01  1.9260E-01
  4.2898E+02  2.3196E-01  1.9264E-01
  4.2934E+02  2.3177E-01  1.9267E-01
  4.2969E+02  2.3158E-01  1.9271E-01
  4.3005E+02  2.3139E-01  1.9275E-01
  4.3040E+02  2.3120E-01  1.9278E-01
  4.3076E+02  2.3101E-01  1.9282E-01
  4.3112E+02  2.3083E-01  1.9286E-01
  4.3147E+02  2.3064E-01  1.9289E-01
  4.3183E+02  2.3045E-01  1.9293E-01
  4.3218E+02  2.3026E-01  1.9297E-01
  4.3254E+02  2.3007E-01  1.9300E-01
  4.3290E+02  2.2989E-01  1.9304E-01
  4.3325E+02  2.2970E-01  1.9308E-01
  4.3361E+02  2.2951E-01  1.9311E-01
  4.3396E+02  2.2932E-01  1.9315E-01
  4.3432E+02  2.2913E-01  1.9319E-01
  4.3468E+02  2.2895E-01  1.9322E-01
  4.3503E+02  2.2876E-01  1.9326E-01
  4.3539E+02  2.2857E-01  1.9329E-01
  4.3574E+02  2.2838E-01  1.9333E-01
  4.3610E+02  2.2820E-01  1.9336E-01
  4.3646E+02  2.2801E-01  1.9340E-01
  4.3681E+02  2.2782E-01  1.9343E-01
  4.3717E+02  2.2764E-01  1.9347E-01
  4.3752E+02  2.2745E-01  1.9350E-01
  4.3788E+02  2.2726E-01  1.9354E-01
  4.3824E+02  2.2708E-01  1.9357E-01
  4.3859E+02  2.2689E-01  1.9361E-01
  4.3895E+02  2.2670E-01  1.9364E-01
  4.3930E+02  2.2651E-01  1.9368E-01
  4.3966E+02  2.2633E-01  1.9371E-01
  4.4002E+02  2.2614E-01  1.9375E-01
  4.4037E+02  2.2596E-01  1.9378E-01
  4.4073E+02  2.2577E-01  1.9382E-01
  4.4108E+02  2.2558E-01  1.9385E-01
  4.4144E+02  2.2540E-01  1.9388E-01
  4.4180E+02  2.2521E-01  1.9392E-01
  4.4215E+02  2.2502E-01  1.9395E-01
  4.4251E+02  2.2484E-01  1.9398E-01
  4.4286E+02  2.2465E-01  1.9402E-01
  4.4322E+02  2.2447E-01  1.9405E-01
  4.4358E+02  2.2428E-01  1.9408E-01
  4.4393E+02  2.2410E-01  1.9412E-01
  4.4429E+02  2.2391E-01  1.9415E-01
  4.4464E+02  2.2372E-01  1.9418E-01
  4.4500E+02  2.2354E-01  1.9422E-01
  4.4536E+02  2.2335E-01  1.9425E-01
  4.4571E+02  2.2317E-01  1.9428E-01
  4.4607E+02  2.2298E-01  1.9432E-01
  4.4642E+02  2.2280E-01  1.9435E-01
  4.4678E+02  2.2261E-01  1.9438E-01
  4.4714E+02  2.2243E-01  1.9441E-01
  4.4749E+02  2.2224E-01  1.9445E-01
  4.4785E+02  2.2206E-01  1.9448E-01
  4.4820E+02  2.2187E-01  1.9451E-01
  4.4856E+02  2.2168E-01  1.9454E-01
  4.4892E+02  2.2150E-01  1.9457E-01
  4.4927E+02  2.2131E-01  1.9461E-01
  4.4963E+02  2.2113E-01  1.9464E-01
  4.4998E+02  2.2094E-01  1.9467E-01
  4.5034E+02  2.2076E-01  1.9470E-01
  4.5070E+02  2.2058E-01  1.9473E-01
  4.5105E+02  2.2039E-01  1.9476E-01
  4.5141E+02  2.2021E-01  1.9479E-01
  4.5176E+02  2.2002E-01  1.9483E-01
  4.5212E+02  2.1984E-01  1.9486E-01
  4.5248E+02  2.1965E-01  1.9489E-01
  4.5283E+02  2.1947E-01  1.9492E-01
  4.5319E+02  2.1928E-01  1.9495E-01
  4.5354E+02  2.1910E-01  1.9498E-01
  4.5390E+02  2.1891E-01  1.9501E-01
  4.5426E+02  2.1873E-01  1.9504E-01
  4.5461E+02  2.1855E-01  1.9507E-01
  4.5497E+02  2.1836E-01  1.9510E-01
  4.5532E+02  2.1818E-01  1.9513E-01
  4.5568E+02  2.1799E-01  1.9516E-01
  4.5604E+02  2.1781E-01  1.9519E-01
  4.5639E+02  2.1763E-01  1.9522E-01
  4.5675E+02  2.1744E-01  1.9525E-01
  4.5710E+02  2.1726E-01  1.9528E-01
  4.5746E+02  2.1708E-01  1.9531E-01
  4.5782E+02  2.1689E-01  1.9534E-01
  4.5817E+02  2.1671E-01  1.9537E-01
  4.5853E+02  2.1653E-01  1.9540E-01
  4.5888E+02  2.1634E-01  1.9543E-01
  4.5924E+02  2.1616E-01  1.9546E-01
  4.5960E+02  2.1598E-01  1.9549E-01
  4.5995E+02  2.1579E-01  1.9552E-01
  4.6031E+02  2.1561E-01  1.9554E-01
  4.6066E+02  2.1543E-01  1.9557E-01
  4.6102E+02  2.1525E-01  1.9560E-01
  4.6138E+02  2.1506E-01  1.9563E-01
  4.6173E+02  2.1488E-01  1.9566E-01
  4.6209E+02  2.1470E-01  1.9569E-01
  4.6244E+02  2.1452E-01  1.9571E-01
  4.6280E+02  2.1433E-01  1.9574E-01
  4.6316E+02  2.1415E-01  1.9577E-01
  4.6351E+02  2.1397E-01  1.9580E-01
  4.6387E+02  2.1379E-01  1.9583E-01
  4.6422E+02  2.1361E-01  1.9585E-01
  4.6458E+02  2.1342E-01  1.9588E-01
  4.6494E+02  2.1324E-01  1.9591E-01
  4.6529E+02  2.1306E-01  1.9594E-01
  4.6565E+02  2.1288E-01  1.9596E-01
  4.6600E+02  2.1270E-01  1.9599E-01
  4.6636E+02  2.1251E-01  1.9602E-01
  4.6672E+02  2.1233E-01  1.9605E-01
  4.6707E+02  2.1215E-01  1.9607E-01
  4.6743E+02  2.1197E-01  1.9610E-01
  4.6778E+02  2.1179E-01  1.9613E-01
  4.6814E+02  2.1160E-01  1.9615E-01
  4.6850E+02  2.1142E-01  1.9618E-01
  4.6885E+02  2.1124E-01  1.9621E-01
  4.6921E+02  2.1106E-01  1.9623E-01
  4.6956E+02  2.1088E-01  1.9626E-01
  4.6992E+02  2.1070E-01  1.9628E-01
  4.7028E+02  2.1052E-01  1.9631E-01
  4.7063E+02  2.1033E-01  1.9634E-01
  4.7099E+02  2.1015E-01  1.9636E-01
  4.7134E+02  2.0997E-01  1.9639E-01
  4.7170E+02  2.0979E-01  1.9641E-01
  4.7206E+02  2.0961E-01  1.9644E-01
  4.7241E+02  2.0943E-01  1.9646E-01
  4.7277E+02  2.0925E-01  1.9649E-01
  4.7312E+02  2.0907E-01  1.9652E-01
  4.7348E+02  2.0888E-01  1.9654E-01
  4.7384E+02  2.0870E-01  1.9657E-01
  4.7419E+02  2.0852E-01  1.9659E-01
  4.7455E+02  2.0834E-01  1.9662E-01
  4.7490E+02  2.0816E-01  1.9664E-01
  4.7526E+02  2.0798E-01  1.9666E-01
  4.7562E+02  2.0780E-01  1.9669E-01
  4.7597E+02  2.0762E-01  1.9671E-01
  4.7633E+02  2.0744E-01  1.9674E-01
  4.7668E+02  2.0726E-01  1.9676E-01
  4.7704E+02  2.0708E-01  1.9679E-01
  4.7740E+02  2.0690E-01  1.9681E-01
  4.7775E+02  2.0672E-01  1.9684E-01
  4.7811E+02  2.0654E-01  1.9686E-01
  4.7846E+02  2.0636E-01  1.9688E-01
  4.7882E+02  2.0618E-01  1.9691E-01
  4.7918E+02  2.0600E-01  1.9693E-01
  4.7953E+02  2.0582E-01  1.9695E-01
  4.7989E+02  2.0564E-01  1.9698E-01
  4.8024E+02  2.0546E-01  1.9700E-01
  4.8060E+02  2.0528E-01  1.9702E-01
  4.8096E+02  2.0510E-01  1.9705E-01
  4.8131E+02  2.0492E-01  1.9707E-01
  4.8167E+02  2.0475E-01  1.9709E-01
  4.8202E+02  2.0457E-01  1.9712E-01
  4.8238E+02  2.0439E-01  1.9714E-01
  4.8274E+02  2.0421E-01  1.9716E-01
  4.8309E+02  2.0403E-01  1.9719E-01
  4.8345E+02  2.0385E-01  1.9721E-01
  4.8380E+02  2.0367E-01  1.9723E-01
  4.8416E+02  2.0349E-01  1.9725E-01
  4.8452E+02  2.0332E-01  1.9728E-01
  4.8487E+02  2.0314E-01  1.9730E-01
  4.8523E+02  2.0296E-01  1.9732E-01
  4.8558E+02  2.0278E-01  1.9734E-01
  4.8594E+02  2.0260E-01  1.9736E-01
  4.8630E+02  2.0242E-01  1.9739E-01
  4.8665E+02  2.0225E-01  1.9741E-01
  4.8701E+02  2.0207E-01  1.9743E-01
  4.8736E+02  2.0189E-01  1.9745E-01
  4.8772E+02  2.0171E-01  1.9747E-01
  4.8808E+02  2.0153E-01  1.9749E-01
  4.8843E+02  2.0136E-01  1.9751E-01
  4.8879E+02  2.0118E-01  1.9754E-01
  4.8914E+02  2.0100E-01  1.9756E-01
  4.8950E+02  2.0082E-01  1.9758E-01
  4.8986E+02  2.0064E-01  1.9760E-01
  4.9021E+02  2.0047E-01  1.9762E-01
  4.9057E+02  2.0029E-01  1.9764E-01
  4.9092E+02  2.0011E-01  1.9766E-01
  4.9128E+02  1.9993E-01  1.9768E-01
  4.9164E+02  1.9976E-01  1.9770E-01
  4.9199E+02  1.9958E-01  1.9772E-01
  4.9235E+02  1.9940E-01  1.9774E-01
  4.9270E+02  1.9922E-01  1.9776E-01
  4.9306E+02  1.9905E-01  1.9778E-01
  4.9342E+02  1.9887E-01  1.9780E-01
  4.9377E+02  1.9869E-01  1.9782E-01
  4.9413E+02  1.9851E-01  1.9784E-01
  4.9448E+02  1.9834E-01  1.9786E-01
  4.9484E+02  1.9816E-01  1.9788E-01
  4.9520E+02  1.9798E-01  1.9790E-01
  4.9555E+02  1.9781E-01  1.9792E-01
  4.9591E+02  1.9763E-01  1.9794E-01
  4.9626E+02  1.9745E-01  1.9796E-01
  4.9662E+02  1.9727E-01  1.9798E-01
  4.9698E+02  1.9710E-01  1.9800E-01
  4.9733E+02  1.9692E-01  1.9802E-01
  4.9769E+02  1.9674E-01  1.9804E-01
  4.9804E+02  1.9657E-01  1.9805E-01
  4.9840E+02  1.9639E-01  1.9807E-01
  4.9876E+02  1.9622E-01  1.9809E-01
  4.9911E+02  1.9604E-01  1.9811E-01
  4.9947E+02  1.9586E-01  1.9813E-01
  4.9982E+02  1.9569E-01  1.9815E-01
  5.0000E+02  1.9560E-01  1.9816E-01
