# CREATED BY GENE DIAGNOSTICS TOOL on Thu Jun 14 11:45:31 2018
# diag: GAMDIAG, run(s): 0012, time window: 0-500(1554 steps), species: ions
# normalization: L_ref=5.508m
#
# xind= 0, x/a= Infinity, q= 1.0915384
# Fit:    1,0.1973098,2.9632645
# Analytic: 1,0.1973098,2.9632645
#  t          Re[phi]     Im[phi]   
  0.0000E+00  9.9998E-01  0.0000E+00
  3.2200E-01  9.9605E-01  5.6913E-04
  6.4400E-01  9.8499E-01  1.1394E-03
  9.6600E-01  9.6834E-01  1.7090E-03
  1.2880E+00  9.4780E-01  2.2739E-03
  1.6100E+00  9.2492E-01  2.8366E-03
  1.9320E+00  9.0105E-01  3.3999E-03
  2.2540E+00  8.7717E-01  3.9606E-03
  2.5760E+00  8.5401E-01  4.5096E-03
  2.8980E+00  8.3202E-01  5.0349E-03
  3.2200E+00  8.1146E-01  5.5251E-03
  3.5420E+00  7.9241E-01  5.9711E-03
  3.8640E+00  7.7486E-01  6.3680E-03
  4.1860E+00  7.5874E-01  6.7148E-03
  4.5080E+00  7.4390E-01  7.0148E-03
  4.8300E+00  7.3023E-01  7.2743E-03
  5.1520E+00  7.1758E-01  7.5021E-03
  5.4740E+00  7.0583E-01  7.7081E-03
  5.7960E+00  6.9487E-01  7.9016E-03
  6.1180E+00  6.8460E-01  8.0915E-03
  6.4400E+00  6.7493E-01  8.2842E-03
  6.7620E+00  6.6579E-01  8.4837E-03
  7.0840E+00  6.5709E-01  8.6944E-03
  7.4060E+00  6.4877E-01  8.9139E-03
  7.7280E+00  6.4077E-01  9.1388E-03
  8.0500E+00  6.3304E-01  9.3752E-03
  8.3720E+00  6.2553E-01  9.6165E-03
  8.6940E+00  6.1820E-01  9.8478E-03
  9.0160E+00  6.1104E-01  1.0071E-02
  9.3380E+00  6.0404E-01  1.0291E-02
  9.6600E+00  5.9719E-01  1.0499E-02
  9.9820E+00  5.9049E-01  1.0688E-02
  1.0304E+01  5.8392E-01  1.0855E-02
  1.0626E+01  5.7750E-01  1.1001E-02
  1.0948E+01  5.7122E-01  1.1123E-02
  1.1270E+01  5.6510E-01  1.1222E-02
  1.1592E+01  5.5913E-01  1.1295E-02
  1.1914E+01  5.5333E-01  1.1342E-02
  1.2236E+01  5.4768E-01  1.1367E-02
  1.2558E+01  5.4218E-01  1.1374E-02
  1.2880E+01  5.3683E-01  1.1364E-02
  1.3202E+01  5.3166E-01  1.1341E-02
  1.3524E+01  5.2666E-01  1.1304E-02
  1.3846E+01  5.2181E-01  1.1252E-02
  1.4168E+01  5.1711E-01  1.1186E-02
  1.4490E+01  5.1256E-01  1.1108E-02
  1.4812E+01  5.0819E-01  1.1023E-02
  1.5134E+01  5.0401E-01  1.0937E-02
  1.5456E+01  5.0002E-01  1.0853E-02
  1.5778E+01  4.9620E-01  1.0772E-02
  1.6100E+01  4.9252E-01  1.0690E-02
  1.6422E+01  4.8897E-01  1.0610E-02
  1.6744E+01  4.8555E-01  1.0533E-02
  1.7066E+01  4.8225E-01  1.0458E-02
  1.7388E+01  4.7911E-01  1.0389E-02
  1.7710E+01  4.7616E-01  1.0332E-02
  1.8032E+01  4.7344E-01  1.0291E-02
  1.8354E+01  4.7095E-01  1.0262E-02
  1.8676E+01  4.6869E-01  1.0245E-02
  1.8998E+01  4.6663E-01  1.0239E-02
  1.9320E+01  4.6474E-01  1.0248E-02
  1.9642E+01  4.6297E-01  1.0272E-02
  1.9964E+01  4.6133E-01  1.0309E-02
  2.0286E+01  4.5982E-01  1.0360E-02
  2.0608E+01  4.5846E-01  1.0423E-02
  2.0930E+01  4.5728E-01  1.0500E-02
  2.1252E+01  4.5633E-01  1.0592E-02
  2.1574E+01  4.5560E-01  1.0703E-02
  2.1896E+01  4.5510E-01  1.0832E-02
  2.2218E+01  4.5477E-01  1.0977E-02
  2.2540E+01  4.5459E-01  1.1132E-02
  2.2862E+01  4.5451E-01  1.1294E-02
  2.3184E+01  4.5455E-01  1.1462E-02
  2.3506E+01  4.5472E-01  1.1640E-02
  2.3828E+01  4.5508E-01  1.1836E-02
  2.4150E+01  4.5564E-01  1.2059E-02
  2.4472E+01  4.5640E-01  1.2311E-02
  2.4794E+01  4.5730E-01  1.2587E-02
  2.5116E+01  4.5824E-01  1.2873E-02
  2.5438E+01  4.5912E-01  1.3156E-02
  2.5760E+01  4.5989E-01  1.3423E-02
  2.6082E+01  4.6051E-01  1.3669E-02
  2.6404E+01  4.6104E-01  1.3896E-02
  2.6726E+01  4.6154E-01  1.4114E-02
  2.7048E+01  4.6212E-01  1.4337E-02
  2.7370E+01  4.6289E-01  1.4580E-02
  2.7692E+01  4.6390E-01  1.4852E-02
  2.8014E+01  4.6513E-01  1.5153E-02
  2.8336E+01  4.6655E-01  1.5474E-02
  2.8658E+01  4.6808E-01  1.5805E-02
  2.8980E+01  4.6962E-01  1.6133E-02
  2.9302E+01  4.7108E-01  1.6443E-02
  2.9624E+01  4.7238E-01  1.6730E-02
  2.9946E+01  4.7349E-01  1.6991E-02
  3.0268E+01  4.7444E-01  1.7231E-02
  3.0590E+01  4.7526E-01  1.7460E-02
  3.0912E+01  4.7601E-01  1.7686E-02
  3.1234E+01  4.7674E-01  1.7915E-02
  3.1556E+01  4.7749E-01  1.8153E-02
  3.1878E+01  4.7829E-01  1.8402E-02
  3.2200E+01  4.7918E-01  1.8665E-02
  3.2522E+01  4.8015E-01  1.8938E-02
  3.2844E+01  4.8116E-01  1.9210E-02
  3.3166E+01  4.8215E-01  1.9470E-02
  3.3488E+01  4.8305E-01  1.9703E-02
  3.3810E+01  4.8382E-01  1.9902E-02
  3.4132E+01  4.8447E-01  2.0064E-02
  3.4454E+01  4.8504E-01  2.0199E-02
  3.4776E+01  4.8560E-01  2.0322E-02
  3.5098E+01  4.8622E-01  2.0451E-02
  3.5420E+01  4.8694E-01  2.0599E-02
  3.5742E+01  4.8781E-01  2.0774E-02
  3.6064E+01  4.8882E-01  2.0979E-02
  3.6386E+01  4.8995E-01  2.1210E-02
  3.6708E+01  4.9118E-01  2.1460E-02
  3.7030E+01  4.9247E-01  2.1720E-02
  3.7352E+01  4.9375E-01  2.1977E-02
  3.7674E+01  4.9494E-01  2.2218E-02
  3.7996E+01  4.9597E-01  2.2430E-02
  3.8318E+01  4.9675E-01  2.2597E-02
  3.8640E+01  4.9722E-01  2.2711E-02
  3.8962E+01  4.9735E-01  2.2770E-02
  3.9284E+01  4.9713E-01  2.2780E-02
  3.9606E+01  4.9663E-01  2.2757E-02
  3.9928E+01  4.9594E-01  2.2719E-02
  4.0250E+01  4.9517E-01  2.2688E-02
  4.0572E+01  4.9444E-01  2.2679E-02
  4.0894E+01  4.9383E-01  2.2705E-02
  4.1216E+01  4.9342E-01  2.2771E-02
  4.1538E+01  4.9324E-01  2.2874E-02
  4.1860E+01  4.9328E-01  2.3006E-02
  4.2182E+01  4.9351E-01  2.3159E-02
  4.2504E+01  4.9389E-01  2.3324E-02
  4.2826E+01  4.9436E-01  2.3492E-02
  4.3148E+01  4.9487E-01  2.3659E-02
  4.3470E+01  4.9538E-01  2.3821E-02
  4.3792E+01  4.9585E-01  2.3976E-02
  4.4114E+01  4.9625E-01  2.4123E-02
  4.4436E+01  4.9655E-01  2.4256E-02
  4.4758E+01  4.9670E-01  2.4371E-02
  4.5080E+01  4.9667E-01  2.4461E-02
  4.5402E+01  4.9645E-01  2.4523E-02
  4.5724E+01  4.9602E-01  2.4557E-02
  4.6046E+01  4.9540E-01  2.4565E-02
  4.6368E+01  4.9461E-01  2.4554E-02
  4.6690E+01  4.9368E-01  2.4531E-02
  4.7012E+01  4.9265E-01  2.4504E-02
  4.7334E+01  4.9154E-01  2.4481E-02
  4.7656E+01  4.9039E-01  2.4467E-02
  4.7978E+01  4.8922E-01  2.4467E-02
  4.8300E+01  4.8807E-01  2.4486E-02
  4.8622E+01  4.8698E-01  2.4531E-02
  4.8944E+01  4.8601E-01  2.4608E-02
  4.9266E+01  4.8518E-01  2.4722E-02
  4.9588E+01  4.8454E-01  2.4875E-02
  4.9910E+01  4.8410E-01  2.5063E-02
  5.0232E+01  4.8383E-01  2.5282E-02
  5.0554E+01  4.8373E-01  2.5522E-02
  5.0876E+01  4.8374E-01  2.5772E-02
  5.1198E+01  4.8382E-01  2.6017E-02
  5.1520E+01  4.8393E-01  2.6242E-02
  5.1842E+01  4.8404E-01  2.6439E-02
  5.2164E+01  4.8413E-01  2.6603E-02
  5.2486E+01  4.8422E-01  2.6740E-02
  5.2808E+01  4.8432E-01  2.6861E-02
  5.3130E+01  4.8445E-01  2.6979E-02
  5.3452E+01  4.8464E-01  2.7105E-02
  5.3774E+01  4.8488E-01  2.7246E-02
  5.4096E+01  4.8517E-01  2.7406E-02
  5.4418E+01  4.8549E-01  2.7585E-02
  5.4740E+01  4.8581E-01  2.7783E-02
  5.5062E+01  4.8610E-01  2.8000E-02
  5.5384E+01  4.8633E-01  2.8233E-02
  5.5706E+01  4.8648E-01  2.8476E-02
  5.6028E+01  4.8652E-01  2.8726E-02
  5.6350E+01  4.8643E-01  2.8977E-02
  5.6672E+01  4.8621E-01  2.9226E-02
  5.6994E+01  4.8584E-01  2.9470E-02
  5.7316E+01  4.8534E-01  2.9704E-02
  5.7638E+01  4.8470E-01  2.9922E-02
  5.7960E+01  4.8393E-01  3.0116E-02
  5.8282E+01  4.8302E-01  3.0280E-02
  5.8604E+01  4.8198E-01  3.0407E-02
  5.8926E+01  4.8084E-01  3.0496E-02
  5.9248E+01  4.7961E-01  3.0551E-02
  5.9570E+01  4.7835E-01  3.0580E-02
  5.9892E+01  4.7709E-01  3.0594E-02
  6.0214E+01  4.7588E-01  3.0604E-02
  6.0536E+01  4.7475E-01  3.0618E-02
  6.0858E+01  4.7374E-01  3.0640E-02
  6.1180E+01  4.7285E-01  3.0672E-02
  6.1502E+01  4.7209E-01  3.0715E-02
  6.1824E+01  4.7148E-01  3.0773E-02
  6.2146E+01  4.7102E-01  3.0847E-02
  6.2468E+01  4.7070E-01  3.0939E-02
  6.2790E+01  4.7050E-01  3.1047E-02
  6.3112E+01  4.7043E-01  3.1172E-02
  6.3434E+01  4.7046E-01  3.1316E-02
  6.3756E+01  4.7059E-01  3.1478E-02
  6.4078E+01  4.7080E-01  3.1661E-02
  6.4400E+01  4.7108E-01  3.1859E-02
  6.4722E+01  4.7141E-01  3.2070E-02
  6.5044E+01  4.7178E-01  3.2288E-02
  6.5366E+01  4.7216E-01  3.2509E-02
  6.5688E+01  4.7254E-01  3.2730E-02
  6.6010E+01  4.7292E-01  3.2952E-02
  6.6332E+01  4.7329E-01  3.3176E-02
  6.6654E+01  4.7364E-01  3.3404E-02
  6.6976E+01  4.7397E-01  3.3634E-02
  6.7298E+01  4.7426E-01  3.3862E-02
  6.7620E+01  4.7451E-01  3.4083E-02
  6.7942E+01  4.7471E-01  3.4291E-02
  6.8264E+01  4.7485E-01  3.4484E-02
  6.8586E+01  4.7495E-01  3.4661E-02
  6.8908E+01  4.7499E-01  3.4826E-02
  6.9230E+01  4.7500E-01  3.4981E-02
  6.9552E+01  4.7498E-01  3.5131E-02
  6.9874E+01  4.7494E-01  3.5280E-02
  7.0196E+01  4.7488E-01  3.5432E-02
  7.0518E+01  4.7482E-01  3.5590E-02
  7.0840E+01  4.7477E-01  3.5756E-02
  7.1162E+01  4.7472E-01  3.5930E-02
  7.1484E+01  4.7467E-01  3.6108E-02
  7.1806E+01  4.7461E-01  3.6284E-02
  7.2128E+01  4.7454E-01  3.6453E-02
  7.2450E+01  4.7445E-01  3.6611E-02
  7.2772E+01  4.7433E-01  3.6755E-02
  7.3094E+01  4.7419E-01  3.6889E-02
  7.3416E+01  4.7404E-01  3.7017E-02
  7.3738E+01  4.7389E-01  3.7149E-02
  7.4060E+01  4.7377E-01  3.7292E-02
  7.4382E+01  4.7370E-01  3.7455E-02
  7.4704E+01  4.7367E-01  3.7641E-02
  7.5026E+01  4.7369E-01  3.7849E-02
  7.5348E+01  4.7376E-01  3.8075E-02
  7.5670E+01  4.7386E-01  3.8311E-02
  7.5992E+01  4.7398E-01  3.8551E-02
  7.6314E+01  4.7407E-01  3.8785E-02
  7.6636E+01  4.7414E-01  3.9006E-02
  7.6958E+01  4.7414E-01  3.9208E-02
  7.7280E+01  4.7407E-01  3.9384E-02
  7.7602E+01  4.7392E-01  3.9532E-02
  7.7924E+01  4.7368E-01  3.9653E-02
  7.8246E+01  4.7338E-01  3.9753E-02
  7.8568E+01  4.7305E-01  3.9841E-02
  7.8890E+01  4.7270E-01  3.9929E-02
  7.9212E+01  4.7237E-01  4.0026E-02
  7.9534E+01  4.7209E-01  4.0138E-02
  7.9856E+01  4.7187E-01  4.0271E-02
  8.0178E+01  4.7172E-01  4.0424E-02
  8.0500E+01  4.7162E-01  4.0595E-02
  8.0822E+01  4.7158E-01  4.0779E-02
  8.1144E+01  4.7156E-01  4.0969E-02
  8.1466E+01  4.7156E-01  4.1157E-02
  8.1788E+01  4.7153E-01  4.1339E-02
  8.2110E+01  4.7148E-01  4.1509E-02
  8.2432E+01  4.7140E-01  4.1670E-02
  8.2754E+01  4.7128E-01  4.1821E-02
  8.3076E+01  4.7114E-01  4.1965E-02
  8.3398E+01  4.7096E-01  4.2105E-02
  8.3720E+01  4.7078E-01  4.2243E-02
  8.4042E+01  4.7059E-01  4.2383E-02
  8.4364E+01  4.7040E-01  4.2526E-02
  8.4686E+01  4.7022E-01  4.2678E-02
  8.5008E+01  4.7005E-01  4.2837E-02
  8.5330E+01  4.6991E-01  4.3006E-02
  8.5652E+01  4.6978E-01  4.3181E-02
  8.5974E+01  4.6968E-01  4.3362E-02
  8.6296E+01  4.6959E-01  4.3547E-02
  8.6618E+01  4.6951E-01  4.3732E-02
  8.6940E+01  4.6944E-01  4.3917E-02
  8.7262E+01  4.6937E-01  4.4097E-02
  8.7584E+01  4.6930E-01  4.4272E-02
  8.7906E+01  4.6922E-01  4.4439E-02
  8.8228E+01  4.6913E-01  4.4600E-02
  8.8550E+01  4.6905E-01  4.4757E-02
  8.8872E+01  4.6897E-01  4.4912E-02
  8.9194E+01  4.6889E-01  4.5071E-02
  8.9516E+01  4.6882E-01  4.5235E-02
  8.9838E+01  4.6876E-01  4.5408E-02
  9.0160E+01  4.6872E-01  4.5588E-02
  9.0482E+01  4.6868E-01  4.5772E-02
  9.0804E+01  4.6865E-01  4.5959E-02
  9.1126E+01  4.6861E-01  4.6144E-02
  9.1448E+01  4.6858E-01  4.6328E-02
  9.1770E+01  4.6853E-01  4.6507E-02
  9.2092E+01  4.6847E-01  4.6680E-02
  9.2414E+01  4.6840E-01  4.6846E-02
  9.2736E+01  4.6830E-01  4.7001E-02
  9.3058E+01  4.6817E-01  4.7147E-02
  9.3380E+01  4.6802E-01  4.7285E-02
  9.3702E+01  4.6786E-01  4.7416E-02
  9.4024E+01  4.6768E-01  4.7545E-02
  9.4346E+01  4.6750E-01  4.7674E-02
  9.4668E+01  4.6732E-01  4.7807E-02
  9.4990E+01  4.6714E-01  4.7945E-02
  9.5312E+01  4.6698E-01  4.8091E-02
  9.5634E+01  4.6685E-01  4.8244E-02
  9.5956E+01  4.6673E-01  4.8404E-02
  9.6278E+01  4.6664E-01  4.8571E-02
  9.6600E+01  4.6657E-01  4.8745E-02
  9.6922E+01  4.6653E-01  4.8926E-02
  9.7244E+01  4.6651E-01  4.9113E-02
  9.7566E+01  4.6650E-01  4.9304E-02
  9.7888E+01  4.6651E-01  4.9497E-02
  9.8210E+01  4.6653E-01  4.9690E-02
  9.8532E+01  4.6654E-01  4.9880E-02
  9.8854E+01  4.6655E-01  5.0064E-02
  9.9176E+01  4.6655E-01  5.0242E-02
  9.9498E+01  4.6653E-01  5.0413E-02
  9.9820E+01  4.6649E-01  5.0576E-02
  1.0014E+02  4.6642E-01  5.0733E-02
  1.0046E+02  4.6634E-01  5.0883E-02
  1.0079E+02  4.6623E-01  5.1027E-02
  1.0111E+02  4.6609E-01  5.1165E-02
  1.0143E+02  4.6594E-01  5.1300E-02
  1.0175E+02  4.6577E-01  5.1432E-02
  1.0207E+02  4.6558E-01  5.1563E-02
  1.0240E+02  4.6539E-01  5.1692E-02
  1.0272E+02  4.6518E-01  5.1818E-02
  1.0304E+02  4.6497E-01  5.1942E-02
  1.0336E+02  4.6476E-01  5.2062E-02
  1.0368E+02  4.6454E-01  5.2178E-02
  1.0401E+02  4.6432E-01  5.2292E-02
  1.0433E+02  4.6412E-01  5.2409E-02
  1.0465E+02  4.6393E-01  5.2533E-02
  1.0497E+02  4.6377E-01  5.2666E-02
  1.0529E+02  4.6362E-01  5.2812E-02
  1.0562E+02  4.6350E-01  5.2968E-02
  1.0594E+02  4.6339E-01  5.3133E-02
  1.0626E+02  4.6330E-01  5.3302E-02
  1.0658E+02  4.6320E-01  5.3471E-02
  1.0690E+02  4.6311E-01  5.3638E-02
  1.0723E+02  4.6301E-01  5.3800E-02
  1.0755E+02  4.6290E-01  5.3958E-02
  1.0787E+02  4.6278E-01  5.4111E-02
  1.0819E+02  4.6265E-01  5.4261E-02
  1.0851E+02  4.6252E-01  5.4411E-02
  1.0884E+02  4.6238E-01  5.4562E-02
  1.0916E+02  4.6224E-01  5.4716E-02
  1.0948E+02  4.6210E-01  5.4873E-02
  1.0980E+02  4.6197E-01  5.5032E-02
  1.1012E+02  4.6184E-01  5.5192E-02
  1.1045E+02  4.6171E-01  5.5351E-02
  1.1077E+02  4.6158E-01  5.5508E-02
  1.1109E+02  4.6144E-01  5.5663E-02
  1.1141E+02  4.6131E-01  5.5814E-02
  1.1173E+02  4.6117E-01  5.5964E-02
  1.1206E+02  4.6102E-01  5.6115E-02
  1.1238E+02  4.6088E-01  5.6269E-02
  1.1270E+02  4.6074E-01  5.6429E-02
  1.1302E+02  4.6061E-01  5.6596E-02
  1.1334E+02  4.6048E-01  5.6770E-02
  1.1367E+02  4.6035E-01  5.6950E-02
  1.1399E+02  4.6022E-01  5.7134E-02
  1.1431E+02  4.6009E-01  5.7319E-02
  1.1463E+02  4.5995E-01  5.7502E-02
  1.1495E+02  4.5980E-01  5.7678E-02
  1.1528E+02  4.5963E-01  5.7846E-02
  1.1560E+02  4.5943E-01  5.8002E-02
  1.1592E+02  4.5922E-01  5.8145E-02
  1.1624E+02  4.5898E-01  5.8276E-02
  1.1656E+02  4.5873E-01  5.8394E-02
  1.1689E+02  4.5845E-01  5.8501E-02
  1.1721E+02  4.5817E-01  5.8599E-02
  1.1753E+02  4.5787E-01  5.8691E-02
  1.1785E+02  4.5758E-01  5.8779E-02
  1.1817E+02  4.5730E-01  5.8868E-02
  1.1850E+02  4.5702E-01  5.8960E-02
  1.1882E+02  4.5677E-01  5.9057E-02
  1.1914E+02  4.5654E-01  5.9162E-02
  1.1946E+02  4.5633E-01  5.9274E-02
  1.1978E+02  4.5614E-01  5.9394E-02
  1.2011E+02  4.5598E-01  5.9521E-02
  1.2043E+02  4.5583E-01  5.9654E-02
  1.2075E+02  4.5570E-01  5.9793E-02
  1.2107E+02  4.5558E-01  5.9935E-02
  1.2139E+02  4.5546E-01  6.0079E-02
  1.2172E+02  4.5534E-01  6.0225E-02
  1.2204E+02  4.5523E-01  6.0371E-02
  1.2236E+02  4.5511E-01  6.0517E-02
  1.2268E+02  4.5499E-01  6.0665E-02
  1.2300E+02  4.5487E-01  6.0814E-02
  1.2333E+02  4.5475E-01  6.0965E-02
  1.2365E+02  4.5463E-01  6.1118E-02
  1.2397E+02  4.5450E-01  6.1271E-02
  1.2429E+02  4.5438E-01  6.1425E-02
  1.2461E+02  4.5426E-01  6.1579E-02
  1.2494E+02  4.5413E-01  6.1733E-02
  1.2526E+02  4.5401E-01  6.1888E-02
  1.2558E+02  4.5389E-01  6.2043E-02
  1.2590E+02  4.5376E-01  6.2198E-02
  1.2622E+02  4.5364E-01  6.2352E-02
  1.2655E+02  4.5351E-01  6.2504E-02
  1.2687E+02  4.5337E-01  6.2653E-02
  1.2719E+02  4.5323E-01  6.2800E-02
  1.2751E+02  4.5309E-01  6.2943E-02
  1.2783E+02  4.5294E-01  6.3083E-02
  1.2816E+02  4.5279E-01  6.3222E-02
  1.2848E+02  4.5263E-01  6.3358E-02
  1.2880E+02  4.5247E-01  6.3493E-02
  1.2912E+02  4.5231E-01  6.3626E-02
  1.2944E+02  4.5214E-01  6.3757E-02
  1.2977E+02  4.5197E-01  6.3887E-02
  1.3009E+02  4.5181E-01  6.4015E-02
  1.3041E+02  4.5164E-01  6.4145E-02
  1.3073E+02  4.5148E-01  6.4276E-02
  1.3105E+02  4.5133E-01  6.4410E-02
  1.3138E+02  4.5118E-01  6.4548E-02
  1.3170E+02  4.5104E-01  6.4688E-02
  1.3202E+02  4.5091E-01  6.4831E-02
  1.3234E+02  4.5078E-01  6.4975E-02
  1.3266E+02  4.5066E-01  6.5119E-02
  1.3299E+02  4.5054E-01  6.5261E-02
  1.3331E+02  4.5041E-01  6.5401E-02
  1.3363E+02  4.5029E-01  6.5538E-02
  1.3395E+02  4.5016E-01  6.5671E-02
  1.3427E+02  4.5003E-01  6.5802E-02
  1.3460E+02  4.4990E-01  6.5930E-02
  1.3492E+02  4.4977E-01  6.6059E-02
  1.3524E+02  4.4964E-01  6.6188E-02
  1.3556E+02  4.4951E-01  6.6318E-02
  1.3588E+02  4.4938E-01  6.6451E-02
  1.3621E+02  4.4926E-01  6.6586E-02
  1.3653E+02  4.4913E-01  6.6723E-02
  1.3685E+02  4.4901E-01  6.6861E-02
  1.3717E+02  4.4889E-01  6.6998E-02
  1.3749E+02  4.4877E-01  6.7135E-02
  1.3782E+02  4.4864E-01  6.7270E-02
  1.3814E+02  4.4852E-01  6.7405E-02
  1.3846E+02  4.4839E-01  6.7538E-02
  1.3878E+02  4.4826E-01  6.7671E-02
  1.3910E+02  4.4813E-01  6.7803E-02
  1.3943E+02  4.4800E-01  6.7934E-02
  1.3975E+02  4.4787E-01  6.8066E-02
  1.4007E+02  4.4774E-01  6.8197E-02
  1.4039E+02  4.4760E-01  6.8327E-02
  1.4071E+02  4.4746E-01  6.8457E-02
  1.4104E+02  4.4732E-01  6.8585E-02
  1.4136E+02  4.4718E-01  6.8712E-02
  1.4168E+02  4.4704E-01  6.8840E-02
  1.4200E+02  4.4691E-01  6.8968E-02
  1.4232E+02  4.4678E-01  6.9099E-02
  1.4265E+02  4.4665E-01  6.9231E-02
  1.4297E+02  4.4653E-01  6.9367E-02
  1.4329E+02  4.4642E-01  6.9507E-02
  1.4361E+02  4.4631E-01  6.9649E-02
  1.4393E+02  4.4620E-01  6.9793E-02
  1.4426E+02  4.4610E-01  6.9938E-02
  1.4458E+02  4.4599E-01  7.0082E-02
  1.4490E+02  4.4589E-01  7.0225E-02
  1.4522E+02  4.4578E-01  7.0364E-02
  1.4554E+02  4.4567E-01  7.0500E-02
  1.4587E+02  4.4555E-01  7.0633E-02
  1.4619E+02  4.4544E-01  7.0763E-02
  1.4651E+02  4.4531E-01  7.0890E-02
  1.4683E+02  4.4518E-01  7.1016E-02
  1.4715E+02  4.4505E-01  7.1141E-02
  1.4748E+02  4.4492E-01  7.1267E-02
  1.4780E+02  4.4479E-01  7.1394E-02
  1.4812E+02  4.4465E-01  7.1523E-02
  1.4844E+02  4.4452E-01  7.1652E-02
  1.4876E+02  4.4439E-01  7.1783E-02
  1.4909E+02  4.4425E-01  7.1914E-02
  1.4941E+02  4.4412E-01  7.2045E-02
  1.4973E+02  4.4399E-01  7.2176E-02
  1.5005E+02  4.4386E-01  7.2306E-02
  1.5037E+02  4.4373E-01  7.2436E-02
  1.5070E+02  4.4360E-01  7.2566E-02
  1.5102E+02  4.4347E-01  7.2696E-02
  1.5134E+02  4.4334E-01  7.2827E-02
  1.5166E+02  4.4321E-01  7.2959E-02
  1.5198E+02  4.4308E-01  7.3093E-02
  1.5231E+02  4.4296E-01  7.3227E-02
  1.5263E+02  4.4283E-01  7.3363E-02
  1.5295E+02  4.4271E-01  7.3500E-02
  1.5327E+02  4.4259E-01  7.3637E-02
  1.5359E+02  4.4247E-01  7.3773E-02
  1.5392E+02  4.4234E-01  7.3909E-02
  1.5424E+02  4.4222E-01  7.4043E-02
  1.5456E+02  4.4209E-01  7.4175E-02
  1.5488E+02  4.4197E-01  7.4305E-02
  1.5520E+02  4.4184E-01  7.4433E-02
  1.5553E+02  4.4170E-01  7.4559E-02
  1.5585E+02  4.4157E-01  7.4682E-02
  1.5617E+02  4.4143E-01  7.4805E-02
  1.5649E+02  4.4129E-01  7.4927E-02
  1.5681E+02  4.4116E-01  7.5051E-02
  1.5714E+02  4.4102E-01  7.5175E-02
  1.5746E+02  4.4089E-01  7.5301E-02
  1.5778E+02  4.4075E-01  7.5428E-02
  1.5810E+02  4.4062E-01  7.5557E-02
  1.5842E+02  4.4049E-01  7.5687E-02
  1.5875E+02  4.4036E-01  7.5817E-02
  1.5907E+02  4.4023E-01  7.5946E-02
  1.5939E+02  4.4010E-01  7.6075E-02
  1.5971E+02  4.3997E-01  7.6203E-02
  1.6003E+02  4.3984E-01  7.6330E-02
  1.6036E+02  4.3970E-01  7.6455E-02
  1.6068E+02  4.3957E-01  7.6581E-02
  1.6100E+02  4.3943E-01  7.6706E-02
  1.6132E+02  4.3930E-01  7.6832E-02
  1.6164E+02  4.3916E-01  7.6957E-02
  1.6197E+02  4.3903E-01  7.7084E-02
  1.6229E+02  4.3890E-01  7.7211E-02
  1.6261E+02  4.3877E-01  7.7339E-02
  1.6293E+02  4.3864E-01  7.7469E-02
  1.6325E+02  4.3852E-01  7.7600E-02
  1.6358E+02  4.3839E-01  7.7733E-02
  1.6390E+02  4.3827E-01  7.7866E-02
  1.6422E+02  4.3814E-01  7.8000E-02
  1.6454E+02  4.3802E-01  7.8134E-02
  1.6486E+02  4.3789E-01  7.8267E-02
  1.6519E+02  4.3777E-01  7.8401E-02
  1.6551E+02  4.3764E-01  7.8534E-02
  1.6583E+02  4.3752E-01  7.8665E-02
  1.6615E+02  4.3739E-01  7.8796E-02
  1.6647E+02  4.3726E-01  7.8926E-02
  1.6680E+02  4.3713E-01  7.9055E-02
  1.6712E+02  4.3699E-01  7.9182E-02
  1.6744E+02  4.3686E-01  7.9309E-02
  1.6776E+02  4.3672E-01  7.9435E-02
  1.6808E+02  4.3659E-01  7.9560E-02
  1.6841E+02  4.3645E-01  7.9685E-02
  1.6873E+02  4.3631E-01  7.9809E-02
  1.6905E+02  4.3618E-01  7.9934E-02
  1.6937E+02  4.3604E-01  8.0059E-02
  1.6969E+02  4.3590E-01  8.0184E-02
  1.7002E+02  4.3577E-01  8.0311E-02
  1.7034E+02  4.3564E-01  8.0438E-02
  1.7066E+02  4.3550E-01  8.0567E-02
  1.7098E+02  4.3537E-01  8.0696E-02
  1.7130E+02  4.3524E-01  8.0827E-02
  1.7163E+02  4.3511E-01  8.0957E-02
  1.7195E+02  4.3498E-01  8.1088E-02
  1.7227E+02  4.3484E-01  8.1218E-02
  1.7259E+02  4.3471E-01  8.1348E-02
  1.7291E+02  4.3458E-01  8.1477E-02
  1.7324E+02  4.3444E-01  8.1605E-02
  1.7356E+02  4.3430E-01  8.1732E-02
  1.7388E+02  4.3416E-01  8.1859E-02
  1.7420E+02  4.3402E-01  8.1984E-02
  1.7452E+02  4.3388E-01  8.2109E-02
  1.7485E+02  4.3374E-01  8.2232E-02
  1.7517E+02  4.3359E-01  8.2353E-02
  1.7549E+02  4.3345E-01  8.2474E-02
  1.7581E+02  4.3330E-01  8.2594E-02
  1.7613E+02  4.3316E-01  8.2713E-02
  1.7646E+02  4.3301E-01  8.2833E-02
  1.7678E+02  4.3287E-01  8.2954E-02
  1.7710E+02  4.3273E-01  8.3077E-02
  1.7742E+02  4.3259E-01  8.3201E-02
  1.7774E+02  4.3245E-01  8.3327E-02
  1.7807E+02  4.3231E-01  8.3455E-02
  1.7839E+02  4.3218E-01  8.3584E-02
  1.7871E+02  4.3205E-01  8.3713E-02
  1.7903E+02  4.3191E-01  8.3843E-02
  1.7935E+02  4.3178E-01  8.3973E-02
  1.7968E+02  4.3165E-01  8.4102E-02
  1.8000E+02  4.3152E-01  8.4230E-02
  1.8032E+02  4.3138E-01  8.4358E-02
  1.8064E+02  4.3125E-01  8.4485E-02
  1.8096E+02  4.3111E-01  8.4612E-02
  1.8129E+02  4.3097E-01  8.4738E-02
  1.8161E+02  4.3084E-01  8.4865E-02
  1.8193E+02  4.3070E-01  8.4991E-02
  1.8225E+02  4.3056E-01  8.5118E-02
  1.8257E+02  4.3042E-01  8.5244E-02
  1.8290E+02  4.3028E-01  8.5371E-02
  1.8322E+02  4.3014E-01  8.5498E-02
  1.8354E+02  4.3000E-01  8.5625E-02
  1.8386E+02  4.2985E-01  8.5750E-02
  1.8418E+02  4.2971E-01  8.5875E-02
  1.8451E+02  4.2957E-01  8.5998E-02
  1.8483E+02  4.2942E-01  8.6120E-02
  1.8515E+02  4.2927E-01  8.6241E-02
  1.8547E+02  4.2913E-01  8.6361E-02
  1.8579E+02  4.2898E-01  8.6482E-02
  1.8612E+02  4.2883E-01  8.6602E-02
  1.8644E+02  4.2868E-01  8.6722E-02
  1.8676E+02  4.2854E-01  8.6843E-02
  1.8708E+02  4.2839E-01  8.6964E-02
  1.8740E+02  4.2824E-01  8.7085E-02
  1.8773E+02  4.2810E-01  8.7206E-02
  1.8805E+02  4.2796E-01  8.7328E-02
  1.8837E+02  4.2781E-01  8.7449E-02
  1.8869E+02  4.2767E-01  8.7571E-02
  1.8901E+02  4.2753E-01  8.7693E-02
  1.8934E+02  4.2739E-01  8.7816E-02
  1.8966E+02  4.2725E-01  8.7938E-02
  1.8998E+02  4.2711E-01  8.8062E-02
  1.9030E+02  4.2697E-01  8.8185E-02
  1.9062E+02  4.2683E-01  8.8309E-02
  1.9095E+02  4.2669E-01  8.8433E-02
  1.9127E+02  4.2655E-01  8.8557E-02
  1.9159E+02  4.2642E-01  8.8681E-02
  1.9191E+02  4.2628E-01  8.8805E-02
  1.9223E+02  4.2614E-01  8.8929E-02
  1.9256E+02  4.2600E-01  8.9052E-02
  1.9288E+02  4.2586E-01  8.9175E-02
  1.9320E+02  4.2572E-01  8.9297E-02
  1.9352E+02  4.2558E-01  8.9418E-02
  1.9384E+02  4.2544E-01  8.9539E-02
  1.9417E+02  4.2530E-01  8.9660E-02
  1.9449E+02  4.2516E-01  8.9780E-02
  1.9481E+02  4.2502E-01  8.9900E-02
  1.9513E+02  4.2488E-01  9.0020E-02
  1.9545E+02  4.2474E-01  9.0140E-02
  1.9578E+02  4.2459E-01  9.0261E-02
  1.9610E+02  4.2445E-01  9.0382E-02
  1.9642E+02  4.2432E-01  9.0503E-02
  1.9674E+02  4.2418E-01  9.0625E-02
  1.9706E+02  4.2404E-01  9.0748E-02
  1.9739E+02  4.2390E-01  9.0870E-02
  1.9771E+02  4.2377E-01  9.0992E-02
  1.9803E+02  4.2363E-01  9.1115E-02
  1.9835E+02  4.2349E-01  9.1237E-02
  1.9867E+02  4.2336E-01  9.1359E-02
  1.9900E+02  4.2322E-01  9.1480E-02
  1.9932E+02  4.2309E-01  9.1602E-02
  1.9964E+02  4.2295E-01  9.1723E-02
  1.9996E+02  4.2282E-01  9.1844E-02
  2.0028E+02  4.2268E-01  9.1964E-02
  2.0061E+02  4.2254E-01  9.2085E-02
  2.0093E+02  4.2241E-01  9.2205E-02
  2.0125E+02  4.2227E-01  9.2325E-02
  2.0157E+02  4.2214E-01  9.2444E-02
  2.0189E+02  4.2200E-01  9.2564E-02
  2.0222E+02  4.2187E-01  9.2684E-02
  2.0254E+02  4.2173E-01  9.2803E-02
  2.0286E+02  4.2160E-01  9.2923E-02
  2.0318E+02  4.2146E-01  9.3042E-02
  2.0350E+02  4.2133E-01  9.3162E-02
  2.0383E+02  4.2119E-01  9.3281E-02
  2.0415E+02  4.2106E-01  9.3400E-02
  2.0447E+02  4.2092E-01  9.3519E-02
  2.0479E+02  4.2079E-01  9.3638E-02
  2.0511E+02  4.2065E-01  9.3756E-02
  2.0544E+02  4.2052E-01  9.3874E-02
  2.0576E+02  4.2038E-01  9.3992E-02
  2.0608E+02  4.2025E-01  9.4110E-02
  2.0640E+02  4.2011E-01  9.4227E-02
  2.0672E+02  4.1998E-01  9.4344E-02
  2.0705E+02  4.1984E-01  9.4461E-02
  2.0737E+02  4.1971E-01  9.4578E-02
  2.0769E+02  4.1957E-01  9.4695E-02
  2.0801E+02  4.1944E-01  9.4812E-02
  2.0833E+02  4.1931E-01  9.4929E-02
  2.0866E+02  4.1917E-01  9.5046E-02
  2.0898E+02  4.1904E-01  9.5163E-02
  2.0930E+02  4.1891E-01  9.5280E-02
  2.0962E+02  4.1878E-01  9.5398E-02
  2.0994E+02  4.1864E-01  9.5515E-02
  2.1027E+02  4.1851E-01  9.5631E-02
  2.1059E+02  4.1838E-01  9.5748E-02
  2.1091E+02  4.1825E-01  9.5864E-02
  2.1123E+02  4.1812E-01  9.5981E-02
  2.1155E+02  4.1799E-01  9.6097E-02
  2.1188E+02  4.1785E-01  9.6213E-02
  2.1220E+02  4.1772E-01  9.6330E-02
  2.1252E+02  4.1759E-01  9.6446E-02
  2.1284E+02  4.1746E-01  9.6563E-02
  2.1316E+02  4.1733E-01  9.6679E-02
  2.1349E+02  4.1720E-01  9.6795E-02
  2.1381E+02  4.1707E-01  9.6911E-02
  2.1413E+02  4.1694E-01  9.7027E-02
  2.1445E+02  4.1681E-01  9.7142E-02
  2.1477E+02  4.1668E-01  9.7258E-02
  2.1510E+02  4.1655E-01  9.7373E-02
  2.1542E+02  4.1642E-01  9.7489E-02
  2.1574E+02  4.1629E-01  9.7605E-02
  2.1606E+02  4.1616E-01  9.7720E-02
  2.1638E+02  4.1603E-01  9.7836E-02
  2.1671E+02  4.1590E-01  9.7953E-02
  2.1703E+02  4.1577E-01  9.8069E-02
  2.1735E+02  4.1564E-01  9.8185E-02
  2.1767E+02  4.1551E-01  9.8301E-02
  2.1799E+02  4.1538E-01  9.8416E-02
  2.1832E+02  4.1525E-01  9.8532E-02
  2.1864E+02  4.1512E-01  9.8647E-02
  2.1896E+02  4.1499E-01  9.8762E-02
  2.1928E+02  4.1486E-01  9.8877E-02
  2.1960E+02  4.1473E-01  9.8992E-02
  2.1993E+02  4.1460E-01  9.9107E-02
  2.2025E+02  4.1447E-01  9.9222E-02
  2.2057E+02  4.1434E-01  9.9337E-02
  2.2089E+02  4.1421E-01  9.9452E-02
  2.2121E+02  4.1408E-01  9.9567E-02
  2.2154E+02  4.1395E-01  9.9682E-02
  2.2186E+02  4.1382E-01  9.9798E-02
  2.2218E+02  4.1369E-01  9.9913E-02
  2.2250E+02  4.1356E-01  1.0003E-01
  2.2282E+02  4.1343E-01  1.0014E-01
  2.2315E+02  4.1330E-01  1.0026E-01
  2.2347E+02  4.1317E-01  1.0037E-01
  2.2379E+02  4.1304E-01  1.0049E-01
  2.2411E+02  4.1291E-01  1.0060E-01
  2.2443E+02  4.1278E-01  1.0072E-01
  2.2476E+02  4.1265E-01  1.0083E-01
  2.2508E+02  4.1252E-01  1.0095E-01
  2.2540E+02  4.1239E-01  1.0106E-01
  2.2572E+02  4.1226E-01  1.0118E-01
  2.2604E+02  4.1213E-01  1.0129E-01
  2.2637E+02  4.1200E-01  1.0141E-01
  2.2669E+02  4.1186E-01  1.0152E-01
  2.2701E+02  4.1173E-01  1.0164E-01
  2.2733E+02  4.1160E-01  1.0175E-01
  2.2765E+02  4.1147E-01  1.0187E-01
  2.2798E+02  4.1134E-01  1.0198E-01
  2.2830E+02  4.1121E-01  1.0209E-01
  2.2862E+02  4.1108E-01  1.0221E-01
  2.2894E+02  4.1095E-01  1.0232E-01
  2.2926E+02  4.1082E-01  1.0244E-01
  2.2959E+02  4.1069E-01  1.0255E-01
  2.2991E+02  4.1055E-01  1.0267E-01
  2.3023E+02  4.1042E-01  1.0278E-01
  2.3055E+02  4.1029E-01  1.0289E-01
  2.3087E+02  4.1016E-01  1.0301E-01
  2.3120E+02  4.1003E-01  1.0312E-01
  2.3152E+02  4.0989E-01  1.0323E-01
  2.3184E+02  4.0976E-01  1.0335E-01
  2.3216E+02  4.0963E-01  1.0346E-01
  2.3248E+02  4.0949E-01  1.0357E-01
  2.3281E+02  4.0936E-01  1.0368E-01
  2.3313E+02  4.0923E-01  1.0379E-01
  2.3345E+02  4.0909E-01  1.0391E-01
  2.3377E+02  4.0896E-01  1.0402E-01
  2.3409E+02  4.0882E-01  1.0413E-01
  2.3442E+02  4.0869E-01  1.0424E-01
  2.3474E+02  4.0856E-01  1.0435E-01
  2.3506E+02  4.0842E-01  1.0446E-01
  2.3538E+02  4.0829E-01  1.0457E-01
  2.3570E+02  4.0815E-01  1.0468E-01
  2.3603E+02  4.0802E-01  1.0479E-01
  2.3635E+02  4.0789E-01  1.0490E-01
  2.3667E+02  4.0775E-01  1.0501E-01
  2.3699E+02  4.0762E-01  1.0512E-01
  2.3731E+02  4.0749E-01  1.0523E-01
  2.3764E+02  4.0735E-01  1.0535E-01
  2.3796E+02  4.0722E-01  1.0546E-01
  2.3828E+02  4.0708E-01  1.0557E-01
  2.3860E+02  4.0695E-01  1.0568E-01
  2.3892E+02  4.0682E-01  1.0579E-01
  2.3925E+02  4.0668E-01  1.0590E-01
  2.3957E+02  4.0655E-01  1.0601E-01
  2.3989E+02  4.0641E-01  1.0612E-01
  2.4021E+02  4.0628E-01  1.0623E-01
  2.4053E+02  4.0614E-01  1.0634E-01
  2.4086E+02  4.0601E-01  1.0645E-01
  2.4118E+02  4.0587E-01  1.0656E-01
  2.4150E+02  4.0574E-01  1.0667E-01
  2.4182E+02  4.0561E-01  1.0678E-01
  2.4214E+02  4.0547E-01  1.0688E-01
  2.4247E+02  4.0534E-01  1.0699E-01
  2.4279E+02  4.0520E-01  1.0710E-01
  2.4311E+02  4.0507E-01  1.0721E-01
  2.4343E+02  4.0494E-01  1.0732E-01
  2.4375E+02  4.0480E-01  1.0743E-01
  2.4408E+02  4.0467E-01  1.0754E-01
  2.4440E+02  4.0454E-01  1.0765E-01
  2.4472E+02  4.0440E-01  1.0776E-01
  2.4504E+02  4.0427E-01  1.0787E-01
  2.4536E+02  4.0414E-01  1.0798E-01
  2.4569E+02  4.0400E-01  1.0809E-01
  2.4601E+02  4.0387E-01  1.0820E-01
  2.4633E+02  4.0374E-01  1.0831E-01
  2.4665E+02  4.0360E-01  1.0841E-01
  2.4697E+02  4.0347E-01  1.0852E-01
  2.4730E+02  4.0334E-01  1.0863E-01
  2.4762E+02  4.0320E-01  1.0874E-01
  2.4794E+02  4.0307E-01  1.0885E-01
  2.4826E+02  4.0294E-01  1.0896E-01
  2.4858E+02  4.0281E-01  1.0907E-01
  2.4891E+02  4.0267E-01  1.0918E-01
  2.4923E+02  4.0254E-01  1.0929E-01
  2.4955E+02  4.0241E-01  1.0940E-01
  2.4987E+02  4.0228E-01  1.0950E-01
  2.5019E+02  4.0215E-01  1.0961E-01
  2.5052E+02  4.0201E-01  1.0972E-01
  2.5084E+02  4.0188E-01  1.0983E-01
  2.5116E+02  4.0175E-01  1.0994E-01
  2.5148E+02  4.0162E-01  1.1005E-01
  2.5180E+02  4.0148E-01  1.1016E-01
  2.5213E+02  4.0135E-01  1.1026E-01
  2.5245E+02  4.0122E-01  1.1037E-01
  2.5277E+02  4.0109E-01  1.1048E-01
  2.5309E+02  4.0095E-01  1.1059E-01
  2.5341E+02  4.0082E-01  1.1070E-01
  2.5374E+02  4.0069E-01  1.1080E-01
  2.5406E+02  4.0056E-01  1.1091E-01
  2.5438E+02  4.0043E-01  1.1102E-01
  2.5470E+02  4.0029E-01  1.1113E-01
  2.5502E+02  4.0016E-01  1.1124E-01
  2.5535E+02  4.0003E-01  1.1134E-01
  2.5567E+02  3.9990E-01  1.1145E-01
  2.5599E+02  3.9977E-01  1.1156E-01
  2.5631E+02  3.9964E-01  1.1167E-01
  2.5663E+02  3.9950E-01  1.1178E-01
  2.5696E+02  3.9937E-01  1.1188E-01
  2.5728E+02  3.9924E-01  1.1199E-01
  2.5760E+02  3.9911E-01  1.1210E-01
  2.5792E+02  3.9898E-01  1.1221E-01
  2.5824E+02  3.9885E-01  1.1231E-01
  2.5857E+02  3.9872E-01  1.1242E-01
  2.5889E+02  3.9859E-01  1.1253E-01
  2.5921E+02  3.9845E-01  1.1264E-01
  2.5953E+02  3.9832E-01  1.1274E-01
  2.5985E+02  3.9819E-01  1.1285E-01
  2.6018E+02  3.9806E-01  1.1296E-01
  2.6050E+02  3.9793E-01  1.1306E-01
  2.6082E+02  3.9780E-01  1.1317E-01
  2.6114E+02  3.9767E-01  1.1328E-01
  2.6146E+02  3.9754E-01  1.1339E-01
  2.6179E+02  3.9740E-01  1.1349E-01
  2.6211E+02  3.9727E-01  1.1360E-01
  2.6243E+02  3.9714E-01  1.1371E-01
  2.6275E+02  3.9701E-01  1.1381E-01
  2.6307E+02  3.9688E-01  1.1392E-01
  2.6340E+02  3.9675E-01  1.1402E-01
  2.6372E+02  3.9662E-01  1.1413E-01
  2.6404E+02  3.9649E-01  1.1424E-01
  2.6436E+02  3.9636E-01  1.1434E-01
  2.6468E+02  3.9623E-01  1.1445E-01
  2.6501E+02  3.9610E-01  1.1456E-01
  2.6533E+02  3.9597E-01  1.1466E-01
  2.6565E+02  3.9583E-01  1.1477E-01
  2.6597E+02  3.9570E-01  1.1487E-01
  2.6629E+02  3.9557E-01  1.1498E-01
  2.6662E+02  3.9544E-01  1.1508E-01
  2.6694E+02  3.9531E-01  1.1519E-01
  2.6726E+02  3.9518E-01  1.1529E-01
  2.6758E+02  3.9505E-01  1.1540E-01
  2.6790E+02  3.9492E-01  1.1551E-01
  2.6823E+02  3.9479E-01  1.1561E-01
  2.6855E+02  3.9466E-01  1.1571E-01
  2.6887E+02  3.9453E-01  1.1582E-01
  2.6919E+02  3.9440E-01  1.1592E-01
  2.6951E+02  3.9426E-01  1.1603E-01
  2.6984E+02  3.9413E-01  1.1613E-01
  2.7016E+02  3.9400E-01  1.1624E-01
  2.7048E+02  3.9387E-01  1.1634E-01
  2.7080E+02  3.9374E-01  1.1645E-01
  2.7112E+02  3.9361E-01  1.1655E-01
  2.7145E+02  3.9348E-01  1.1666E-01
  2.7177E+02  3.9335E-01  1.1676E-01
  2.7209E+02  3.9322E-01  1.1686E-01
  2.7241E+02  3.9309E-01  1.1697E-01
  2.7273E+02  3.9295E-01  1.1707E-01
  2.7306E+02  3.9282E-01  1.1718E-01
  2.7338E+02  3.9269E-01  1.1728E-01
  2.7370E+02  3.9256E-01  1.1738E-01
  2.7402E+02  3.9243E-01  1.1749E-01
  2.7434E+02  3.9230E-01  1.1759E-01
  2.7467E+02  3.9217E-01  1.1769E-01
  2.7499E+02  3.9204E-01  1.1780E-01
  2.7531E+02  3.9190E-01  1.1790E-01
  2.7563E+02  3.9177E-01  1.1800E-01
  2.7595E+02  3.9164E-01  1.1811E-01
  2.7628E+02  3.9151E-01  1.1821E-01
  2.7660E+02  3.9138E-01  1.1831E-01
  2.7692E+02  3.9125E-01  1.1841E-01
  2.7724E+02  3.9112E-01  1.1852E-01
  2.7756E+02  3.9098E-01  1.1862E-01
  2.7789E+02  3.9085E-01  1.1872E-01
  2.7821E+02  3.9072E-01  1.1882E-01
  2.7853E+02  3.9059E-01  1.1893E-01
  2.7885E+02  3.9046E-01  1.1903E-01
  2.7917E+02  3.9032E-01  1.1913E-01
  2.7950E+02  3.9019E-01  1.1923E-01
  2.7982E+02  3.9006E-01  1.1933E-01
  2.8014E+02  3.8993E-01  1.1944E-01
  2.8046E+02  3.8980E-01  1.1954E-01
  2.8078E+02  3.8966E-01  1.1964E-01
  2.8111E+02  3.8953E-01  1.1974E-01
  2.8143E+02  3.8940E-01  1.1984E-01
  2.8175E+02  3.8927E-01  1.1995E-01
  2.8207E+02  3.8914E-01  1.2005E-01
  2.8239E+02  3.8900E-01  1.2015E-01
  2.8272E+02  3.8887E-01  1.2025E-01
  2.8304E+02  3.8874E-01  1.2035E-01
  2.8336E+02  3.8861E-01  1.2045E-01
  2.8368E+02  3.8847E-01  1.2055E-01
  2.8400E+02  3.8834E-01  1.2065E-01
  2.8433E+02  3.8821E-01  1.2075E-01
  2.8465E+02  3.8808E-01  1.2086E-01
  2.8497E+02  3.8794E-01  1.2096E-01
  2.8529E+02  3.8781E-01  1.2106E-01
  2.8561E+02  3.8768E-01  1.2116E-01
  2.8594E+02  3.8755E-01  1.2126E-01
  2.8626E+02  3.8741E-01  1.2136E-01
  2.8658E+02  3.8728E-01  1.2146E-01
  2.8690E+02  3.8715E-01  1.2156E-01
  2.8722E+02  3.8701E-01  1.2166E-01
  2.8755E+02  3.8688E-01  1.2176E-01
  2.8787E+02  3.8675E-01  1.2186E-01
  2.8819E+02  3.8662E-01  1.2196E-01
  2.8851E+02  3.8648E-01  1.2206E-01
  2.8883E+02  3.8635E-01  1.2216E-01
  2.8916E+02  3.8622E-01  1.2226E-01
  2.8948E+02  3.8608E-01  1.2236E-01
  2.8980E+02  3.8595E-01  1.2246E-01
  2.9012E+02  3.8582E-01  1.2256E-01
  2.9044E+02  3.8568E-01  1.2266E-01
  2.9077E+02  3.8555E-01  1.2276E-01
  2.9109E+02  3.8542E-01  1.2286E-01
  2.9141E+02  3.8528E-01  1.2296E-01
  2.9173E+02  3.8515E-01  1.2305E-01
  2.9205E+02  3.8502E-01  1.2315E-01
  2.9238E+02  3.8488E-01  1.2325E-01
  2.9270E+02  3.8475E-01  1.2335E-01
  2.9302E+02  3.8462E-01  1.2345E-01
  2.9334E+02  3.8448E-01  1.2355E-01
  2.9366E+02  3.8435E-01  1.2365E-01
  2.9399E+02  3.8422E-01  1.2375E-01
  2.9431E+02  3.8408E-01  1.2384E-01
  2.9463E+02  3.8395E-01  1.2394E-01
  2.9495E+02  3.8381E-01  1.2404E-01
  2.9527E+02  3.8368E-01  1.2414E-01
  2.9560E+02  3.8355E-01  1.2424E-01
  2.9592E+02  3.8341E-01  1.2434E-01
  2.9624E+02  3.8328E-01  1.2443E-01
  2.9656E+02  3.8315E-01  1.2453E-01
  2.9688E+02  3.8301E-01  1.2463E-01
  2.9721E+02  3.8288E-01  1.2473E-01
  2.9753E+02  3.8275E-01  1.2483E-01
  2.9785E+02  3.8261E-01  1.2492E-01
  2.9817E+02  3.8248E-01  1.2502E-01
  2.9849E+02  3.8234E-01  1.2512E-01
  2.9882E+02  3.8221E-01  1.2522E-01
  2.9914E+02  3.8208E-01  1.2531E-01
  2.9946E+02  3.8194E-01  1.2541E-01
  2.9978E+02  3.8181E-01  1.2551E-01
  3.0010E+02  3.8167E-01  1.2560E-01
  3.0043E+02  3.8154E-01  1.2570E-01
  3.0075E+02  3.8141E-01  1.2580E-01
  3.0107E+02  3.8127E-01  1.2590E-01
  3.0139E+02  3.8114E-01  1.2599E-01
  3.0171E+02  3.8101E-01  1.2609E-01
  3.0204E+02  3.8087E-01  1.2618E-01
  3.0236E+02  3.8074E-01  1.2628E-01
  3.0268E+02  3.8060E-01  1.2638E-01
  3.0300E+02  3.8047E-01  1.2647E-01
  3.0332E+02  3.8034E-01  1.2657E-01
  3.0365E+02  3.8020E-01  1.2667E-01
  3.0397E+02  3.8007E-01  1.2676E-01
  3.0429E+02  3.7993E-01  1.2686E-01
  3.0461E+02  3.7980E-01  1.2695E-01
  3.0493E+02  3.7967E-01  1.2705E-01
  3.0526E+02  3.7953E-01  1.2715E-01
  3.0558E+02  3.7940E-01  1.2724E-01
  3.0590E+02  3.7926E-01  1.2734E-01
  3.0622E+02  3.7913E-01  1.2743E-01
  3.0654E+02  3.7899E-01  1.2753E-01
  3.0687E+02  3.7886E-01  1.2762E-01
  3.0719E+02  3.7873E-01  1.2772E-01
  3.0751E+02  3.7859E-01  1.2781E-01
  3.0783E+02  3.7846E-01  1.2791E-01
  3.0815E+02  3.7832E-01  1.2800E-01
  3.0848E+02  3.7819E-01  1.2810E-01
  3.0880E+02  3.7806E-01  1.2819E-01
  3.0912E+02  3.7792E-01  1.2829E-01
  3.0944E+02  3.7779E-01  1.2838E-01
  3.0976E+02  3.7765E-01  1.2848E-01
  3.1009E+02  3.7752E-01  1.2857E-01
  3.1041E+02  3.7739E-01  1.2867E-01
  3.1073E+02  3.7725E-01  1.2876E-01
  3.1105E+02  3.7712E-01  1.2886E-01
  3.1137E+02  3.7698E-01  1.2895E-01
  3.1170E+02  3.7685E-01  1.2905E-01
  3.1202E+02  3.7672E-01  1.2914E-01
  3.1234E+02  3.7658E-01  1.2923E-01
  3.1266E+02  3.7645E-01  1.2933E-01
  3.1298E+02  3.7631E-01  1.2942E-01
  3.1331E+02  3.7618E-01  1.2952E-01
  3.1363E+02  3.7604E-01  1.2961E-01
  3.1395E+02  3.7591E-01  1.2970E-01
  3.1427E+02  3.7578E-01  1.2980E-01
  3.1459E+02  3.7564E-01  1.2989E-01
  3.1492E+02  3.7551E-01  1.2998E-01
  3.1524E+02  3.7537E-01  1.3008E-01
  3.1556E+02  3.7524E-01  1.3017E-01
  3.1588E+02  3.7511E-01  1.3026E-01
  3.1620E+02  3.7497E-01  1.3036E-01
  3.1653E+02  3.7484E-01  1.3045E-01
  3.1685E+02  3.7470E-01  1.3054E-01
  3.1717E+02  3.7457E-01  1.3064E-01
  3.1749E+02  3.7444E-01  1.3073E-01
  3.1781E+02  3.7430E-01  1.3082E-01
  3.1814E+02  3.7417E-01  1.3091E-01
  3.1846E+02  3.7403E-01  1.3101E-01
  3.1878E+02  3.7390E-01  1.3110E-01
  3.1910E+02  3.7376E-01  1.3119E-01
  3.1942E+02  3.7363E-01  1.3128E-01
  3.1975E+02  3.7350E-01  1.3138E-01
  3.2007E+02  3.7336E-01  1.3147E-01
  3.2039E+02  3.7323E-01  1.3156E-01
  3.2071E+02  3.7309E-01  1.3165E-01
  3.2103E+02  3.7296E-01  1.3174E-01
  3.2136E+02  3.7283E-01  1.3184E-01
  3.2168E+02  3.7269E-01  1.3193E-01
  3.2200E+02  3.7256E-01  1.3202E-01
  3.2232E+02  3.7242E-01  1.3211E-01
  3.2264E+02  3.7229E-01  1.3220E-01
  3.2297E+02  3.7216E-01  1.3230E-01
  3.2329E+02  3.7202E-01  1.3239E-01
  3.2361E+02  3.7189E-01  1.3248E-01
  3.2393E+02  3.7175E-01  1.3257E-01
  3.2425E+02  3.7162E-01  1.3266E-01
  3.2458E+02  3.7149E-01  1.3275E-01
  3.2490E+02  3.7135E-01  1.3284E-01
  3.2522E+02  3.7122E-01  1.3293E-01
  3.2554E+02  3.7108E-01  1.3303E-01
  3.2586E+02  3.7095E-01  1.3312E-01
  3.2619E+02  3.7082E-01  1.3321E-01
  3.2651E+02  3.7068E-01  1.3330E-01
  3.2683E+02  3.7055E-01  1.3339E-01
  3.2715E+02  3.7041E-01  1.3348E-01
  3.2747E+02  3.7028E-01  1.3357E-01
  3.2780E+02  3.7015E-01  1.3366E-01
  3.2812E+02  3.7001E-01  1.3375E-01
  3.2844E+02  3.6988E-01  1.3384E-01
  3.2876E+02  3.6974E-01  1.3393E-01
  3.2908E+02  3.6961E-01  1.3402E-01
  3.2941E+02  3.6947E-01  1.3411E-01
  3.2973E+02  3.6934E-01  1.3420E-01
  3.3005E+02  3.6921E-01  1.3429E-01
  3.3037E+02  3.6907E-01  1.3438E-01
  3.3069E+02  3.6894E-01  1.3447E-01
  3.3102E+02  3.6880E-01  1.3456E-01
  3.3134E+02  3.6867E-01  1.3465E-01
  3.3166E+02  3.6854E-01  1.3474E-01
  3.3198E+02  3.6840E-01  1.3483E-01
  3.3230E+02  3.6827E-01  1.3492E-01
  3.3263E+02  3.6813E-01  1.3501E-01
  3.3295E+02  3.6800E-01  1.3510E-01
  3.3327E+02  3.6787E-01  1.3519E-01
  3.3359E+02  3.6773E-01  1.3528E-01
  3.3391E+02  3.6760E-01  1.3536E-01
  3.3424E+02  3.6746E-01  1.3545E-01
  3.3456E+02  3.6733E-01  1.3554E-01
  3.3488E+02  3.6720E-01  1.3563E-01
  3.3520E+02  3.6706E-01  1.3572E-01
  3.3552E+02  3.6693E-01  1.3581E-01
  3.3585E+02  3.6679E-01  1.3590E-01
  3.3617E+02  3.6666E-01  1.3599E-01
  3.3649E+02  3.6652E-01  1.3607E-01
  3.3681E+02  3.6639E-01  1.3616E-01
  3.3713E+02  3.6626E-01  1.3625E-01
  3.3746E+02  3.6612E-01  1.3634E-01
  3.3778E+02  3.6599E-01  1.3643E-01
  3.3810E+02  3.6585E-01  1.3652E-01
  3.3842E+02  3.6572E-01  1.3660E-01
  3.3874E+02  3.6559E-01  1.3669E-01
  3.3907E+02  3.6545E-01  1.3678E-01
  3.3939E+02  3.6532E-01  1.3687E-01
  3.3971E+02  3.6518E-01  1.3695E-01
  3.4003E+02  3.6505E-01  1.3704E-01
  3.4035E+02  3.6492E-01  1.3713E-01
  3.4068E+02  3.6478E-01  1.3722E-01
  3.4100E+02  3.6465E-01  1.3730E-01
  3.4132E+02  3.6451E-01  1.3739E-01
  3.4164E+02  3.6438E-01  1.3748E-01
  3.4196E+02  3.6424E-01  1.3757E-01
  3.4229E+02  3.6411E-01  1.3765E-01
  3.4261E+02  3.6398E-01  1.3774E-01
  3.4293E+02  3.6384E-01  1.3783E-01
  3.4325E+02  3.6371E-01  1.3791E-01
  3.4357E+02  3.6357E-01  1.3800E-01
  3.4390E+02  3.6344E-01  1.3809E-01
  3.4422E+02  3.6331E-01  1.3817E-01
  3.4454E+02  3.6317E-01  1.3826E-01
  3.4486E+02  3.6304E-01  1.3835E-01
  3.4518E+02  3.6290E-01  1.3843E-01
  3.4551E+02  3.6277E-01  1.3852E-01
  3.4583E+02  3.6263E-01  1.3861E-01
  3.4615E+02  3.6250E-01  1.3869E-01
  3.4647E+02  3.6237E-01  1.3878E-01
  3.4679E+02  3.6223E-01  1.3886E-01
  3.4712E+02  3.6210E-01  1.3895E-01
  3.4744E+02  3.6196E-01  1.3904E-01
  3.4776E+02  3.6183E-01  1.3912E-01
  3.4808E+02  3.6169E-01  1.3921E-01
  3.4840E+02  3.6156E-01  1.3929E-01
  3.4873E+02  3.6143E-01  1.3938E-01
  3.4905E+02  3.6129E-01  1.3946E-01
  3.4937E+02  3.6116E-01  1.3955E-01
  3.4969E+02  3.6102E-01  1.3963E-01
  3.5001E+02  3.6089E-01  1.3972E-01
  3.5034E+02  3.6075E-01  1.3980E-01
  3.5066E+02  3.6062E-01  1.3989E-01
  3.5098E+02  3.6049E-01  1.3997E-01
  3.5130E+02  3.6035E-01  1.4006E-01
  3.5162E+02  3.6022E-01  1.4014E-01
  3.5195E+02  3.6008E-01  1.4023E-01
  3.5227E+02  3.5995E-01  1.4031E-01
  3.5259E+02  3.5981E-01  1.4040E-01
  3.5291E+02  3.5968E-01  1.4048E-01
  3.5323E+02  3.5955E-01  1.4057E-01
  3.5356E+02  3.5941E-01  1.4065E-01
  3.5388E+02  3.5928E-01  1.4074E-01
  3.5420E+02  3.5914E-01  1.4082E-01
  3.5452E+02  3.5901E-01  1.4090E-01
  3.5484E+02  3.5888E-01  1.4099E-01
  3.5517E+02  3.5874E-01  1.4107E-01
  3.5549E+02  3.5861E-01  1.4116E-01
  3.5581E+02  3.5847E-01  1.4124E-01
  3.5613E+02  3.5834E-01  1.4132E-01
  3.5645E+02  3.5820E-01  1.4141E-01
  3.5678E+02  3.5807E-01  1.4149E-01
  3.5710E+02  3.5794E-01  1.4157E-01
  3.5742E+02  3.5780E-01  1.4166E-01
  3.5774E+02  3.5767E-01  1.4174E-01
  3.5806E+02  3.5753E-01  1.4182E-01
  3.5839E+02  3.5740E-01  1.4191E-01
  3.5871E+02  3.5726E-01  1.4199E-01
  3.5903E+02  3.5713E-01  1.4207E-01
  3.5935E+02  3.5700E-01  1.4216E-01
  3.5967E+02  3.5686E-01  1.4224E-01
  3.6000E+02  3.5673E-01  1.4232E-01
  3.6032E+02  3.5659E-01  1.4241E-01
  3.6064E+02  3.5646E-01  1.4249E-01
  3.6096E+02  3.5633E-01  1.4257E-01
  3.6128E+02  3.5619E-01  1.4265E-01
  3.6161E+02  3.5606E-01  1.4274E-01
  3.6193E+02  3.5592E-01  1.4282E-01
  3.6225E+02  3.5579E-01  1.4290E-01
  3.6257E+02  3.5565E-01  1.4298E-01
  3.6289E+02  3.5552E-01  1.4306E-01
  3.6322E+02  3.5539E-01  1.4315E-01
  3.6354E+02  3.5525E-01  1.4323E-01
  3.6386E+02  3.5512E-01  1.4331E-01
  3.6418E+02  3.5498E-01  1.4339E-01
  3.6450E+02  3.5485E-01  1.4347E-01
  3.6483E+02  3.5472E-01  1.4356E-01
  3.6515E+02  3.5458E-01  1.4364E-01
  3.6547E+02  3.5445E-01  1.4372E-01
  3.6579E+02  3.5431E-01  1.4380E-01
  3.6611E+02  3.5418E-01  1.4388E-01
  3.6644E+02  3.5404E-01  1.4396E-01
  3.6676E+02  3.5391E-01  1.4404E-01
  3.6708E+02  3.5378E-01  1.4413E-01
  3.6740E+02  3.5364E-01  1.4421E-01
  3.6772E+02  3.5351E-01  1.4429E-01
  3.6805E+02  3.5337E-01  1.4437E-01
  3.6837E+02  3.5324E-01  1.4445E-01
  3.6869E+02  3.5311E-01  1.4453E-01
  3.6901E+02  3.5297E-01  1.4461E-01
  3.6933E+02  3.5284E-01  1.4469E-01
  3.6966E+02  3.5270E-01  1.4477E-01
  3.6998E+02  3.5257E-01  1.4485E-01
  3.7030E+02  3.5243E-01  1.4493E-01
  3.7062E+02  3.5230E-01  1.4501E-01
  3.7094E+02  3.5217E-01  1.4509E-01
  3.7127E+02  3.5203E-01  1.4517E-01
  3.7159E+02  3.5190E-01  1.4525E-01
  3.7191E+02  3.5176E-01  1.4533E-01
  3.7223E+02  3.5163E-01  1.4541E-01
  3.7255E+02  3.5150E-01  1.4549E-01
  3.7288E+02  3.5136E-01  1.4557E-01
  3.7320E+02  3.5123E-01  1.4565E-01
  3.7352E+02  3.5109E-01  1.4573E-01
  3.7384E+02  3.5096E-01  1.4581E-01
  3.7416E+02  3.5083E-01  1.4589E-01
  3.7449E+02  3.5069E-01  1.4597E-01
  3.7481E+02  3.5056E-01  1.4605E-01
  3.7513E+02  3.5042E-01  1.4613E-01
  3.7545E+02  3.5029E-01  1.4621E-01
  3.7577E+02  3.5016E-01  1.4629E-01
  3.7610E+02  3.5002E-01  1.4637E-01
  3.7642E+02  3.4989E-01  1.4645E-01
  3.7674E+02  3.4975E-01  1.4652E-01
  3.7706E+02  3.4962E-01  1.4660E-01
  3.7738E+02  3.4948E-01  1.4668E-01
  3.7771E+02  3.4935E-01  1.4676E-01
  3.7803E+02  3.4922E-01  1.4684E-01
  3.7835E+02  3.4908E-01  1.4692E-01
  3.7867E+02  3.4895E-01  1.4700E-01
  3.7899E+02  3.4881E-01  1.4707E-01
  3.7932E+02  3.4868E-01  1.4715E-01
  3.7964E+02  3.4855E-01  1.4723E-01
  3.7996E+02  3.4841E-01  1.4731E-01
  3.8028E+02  3.4828E-01  1.4739E-01
  3.8060E+02  3.4814E-01  1.4746E-01
  3.8093E+02  3.4801E-01  1.4754E-01
  3.8125E+02  3.4788E-01  1.4762E-01
  3.8157E+02  3.4774E-01  1.4770E-01
  3.8189E+02  3.4761E-01  1.4778E-01
  3.8221E+02  3.4747E-01  1.4785E-01
  3.8254E+02  3.4734E-01  1.4793E-01
  3.8286E+02  3.4721E-01  1.4801E-01
  3.8318E+02  3.4707E-01  1.4809E-01
  3.8350E+02  3.4694E-01  1.4816E-01
  3.8382E+02  3.4680E-01  1.4824E-01
  3.8415E+02  3.4667E-01  1.4832E-01
  3.8447E+02  3.4654E-01  1.4839E-01
  3.8479E+02  3.4640E-01  1.4847E-01
  3.8511E+02  3.4627E-01  1.4855E-01
  3.8543E+02  3.4613E-01  1.4862E-01
  3.8576E+02  3.4600E-01  1.4870E-01
  3.8608E+02  3.4587E-01  1.4878E-01
  3.8640E+02  3.4573E-01  1.4885E-01
  3.8672E+02  3.4560E-01  1.4893E-01
  3.8704E+02  3.4546E-01  1.4901E-01
  3.8737E+02  3.4533E-01  1.4908E-01
  3.8769E+02  3.4520E-01  1.4916E-01
  3.8801E+02  3.4506E-01  1.4924E-01
  3.8833E+02  3.4493E-01  1.4931E-01
  3.8865E+02  3.4479E-01  1.4939E-01
  3.8898E+02  3.4466E-01  1.4946E-01
  3.8930E+02  3.4453E-01  1.4954E-01
  3.8962E+02  3.4439E-01  1.4962E-01
  3.8994E+02  3.4426E-01  1.4969E-01
  3.9026E+02  3.4412E-01  1.4977E-01
  3.9059E+02  3.4399E-01  1.4984E-01
  3.9091E+02  3.4386E-01  1.4992E-01
  3.9123E+02  3.4372E-01  1.4999E-01
  3.9155E+02  3.4359E-01  1.5007E-01
  3.9187E+02  3.4346E-01  1.5014E-01
  3.9220E+02  3.4332E-01  1.5022E-01
  3.9252E+02  3.4319E-01  1.5029E-01
  3.9284E+02  3.4305E-01  1.5037E-01
  3.9316E+02  3.4292E-01  1.5044E-01
  3.9348E+02  3.4279E-01  1.5052E-01
  3.9381E+02  3.4265E-01  1.5059E-01
  3.9413E+02  3.4252E-01  1.5067E-01
  3.9445E+02  3.4238E-01  1.5074E-01
  3.9477E+02  3.4225E-01  1.5082E-01
  3.9509E+02  3.4212E-01  1.5089E-01
  3.9542E+02  3.4198E-01  1.5097E-01
  3.9574E+02  3.4185E-01  1.5104E-01
  3.9606E+02  3.4171E-01  1.5112E-01
  3.9638E+02  3.4158E-01  1.5119E-01
  3.9670E+02  3.4145E-01  1.5126E-01
  3.9703E+02  3.4131E-01  1.5134E-01
  3.9735E+02  3.4118E-01  1.5141E-01
  3.9767E+02  3.4104E-01  1.5149E-01
  3.9799E+02  3.4091E-01  1.5156E-01
  3.9831E+02  3.4078E-01  1.5163E-01
  3.9864E+02  3.4064E-01  1.5171E-01
  3.9896E+02  3.4051E-01  1.5178E-01
  3.9928E+02  3.4037E-01  1.5185E-01
  3.9960E+02  3.4024E-01  1.5193E-01
  3.9992E+02  3.4011E-01  1.5200E-01
  4.0025E+02  3.3997E-01  1.5207E-01
  4.0057E+02  3.3984E-01  1.5215E-01
  4.0089E+02  3.3970E-01  1.5222E-01
  4.0121E+02  3.3957E-01  1.5229E-01
  4.0153E+02  3.3944E-01  1.5237E-01
  4.0186E+02  3.3930E-01  1.5244E-01
  4.0218E+02  3.3917E-01  1.5251E-01
  4.0250E+02  3.3904E-01  1.5259E-01
  4.0282E+02  3.3890E-01  1.5266E-01
  4.0314E+02  3.3877E-01  1.5273E-01
  4.0347E+02  3.3863E-01  1.5280E-01
  4.0379E+02  3.3850E-01  1.5288E-01
  4.0411E+02  3.3837E-01  1.5295E-01
  4.0443E+02  3.3823E-01  1.5302E-01
  4.0475E+02  3.3810E-01  1.5309E-01
  4.0508E+02  3.3796E-01  1.5316E-01
  4.0540E+02  3.3783E-01  1.5324E-01
  4.0572E+02  3.3770E-01  1.5331E-01
  4.0604E+02  3.3756E-01  1.5338E-01
  4.0636E+02  3.3743E-01  1.5345E-01
  4.0669E+02  3.3730E-01  1.5352E-01
  4.0701E+02  3.3716E-01  1.5360E-01
  4.0733E+02  3.3703E-01  1.5367E-01
  4.0765E+02  3.3689E-01  1.5374E-01
  4.0797E+02  3.3676E-01  1.5381E-01
  4.0830E+02  3.3663E-01  1.5388E-01
  4.0862E+02  3.3649E-01  1.5395E-01
  4.0894E+02  3.3636E-01  1.5402E-01
  4.0926E+02  3.3622E-01  1.5410E-01
  4.0958E+02  3.3609E-01  1.5417E-01
  4.0991E+02  3.3596E-01  1.5424E-01
  4.1023E+02  3.3582E-01  1.5431E-01
  4.1055E+02  3.3569E-01  1.5438E-01
  4.1087E+02  3.3556E-01  1.5445E-01
  4.1119E+02  3.3542E-01  1.5452E-01
  4.1152E+02  3.3529E-01  1.5459E-01
  4.1184E+02  3.3515E-01  1.5466E-01
  4.1216E+02  3.3502E-01  1.5473E-01
  4.1248E+02  3.3489E-01  1.5480E-01
  4.1280E+02  3.3475E-01  1.5487E-01
  4.1313E+02  3.3462E-01  1.5494E-01
  4.1345E+02  3.3449E-01  1.5501E-01
  4.1377E+02  3.3435E-01  1.5508E-01
  4.1409E+02  3.3422E-01  1.5515E-01
  4.1441E+02  3.3408E-01  1.5522E-01
  4.1474E+02  3.3395E-01  1.5529E-01
  4.1506E+02  3.3382E-01  1.5536E-01
  4.1538E+02  3.3368E-01  1.5543E-01
  4.1570E+02  3.3355E-01  1.5550E-01
  4.1602E+02  3.3342E-01  1.5557E-01
  4.1635E+02  3.3328E-01  1.5564E-01
  4.1667E+02  3.3315E-01  1.5571E-01
  4.1699E+02  3.3301E-01  1.5578E-01
  4.1731E+02  3.3288E-01  1.5585E-01
  4.1763E+02  3.3275E-01  1.5592E-01
  4.1796E+02  3.3261E-01  1.5599E-01
  4.1828E+02  3.3248E-01  1.5606E-01
  4.1860E+02  3.3235E-01  1.5613E-01
  4.1892E+02  3.3221E-01  1.5619E-01
  4.1924E+02  3.3208E-01  1.5626E-01
  4.1957E+02  3.3195E-01  1.5633E-01
  4.1989E+02  3.3181E-01  1.5640E-01
  4.2021E+02  3.3168E-01  1.5647E-01
  4.2053E+02  3.3154E-01  1.5654E-01
  4.2085E+02  3.3141E-01  1.5661E-01
  4.2118E+02  3.3128E-01  1.5667E-01
  4.2150E+02  3.3114E-01  1.5674E-01
  4.2182E+02  3.3101E-01  1.5681E-01
  4.2214E+02  3.3088E-01  1.5688E-01
  4.2246E+02  3.3074E-01  1.5695E-01
  4.2279E+02  3.3061E-01  1.5702E-01
  4.2311E+02  3.3048E-01  1.5708E-01
  4.2343E+02  3.3034E-01  1.5715E-01
  4.2375E+02  3.3021E-01  1.5722E-01
  4.2407E+02  3.3008E-01  1.5729E-01
  4.2440E+02  3.2994E-01  1.5735E-01
  4.2472E+02  3.2981E-01  1.5742E-01
  4.2504E+02  3.2968E-01  1.5749E-01
  4.2536E+02  3.2954E-01  1.5756E-01
  4.2568E+02  3.2941E-01  1.5762E-01
  4.2601E+02  3.2928E-01  1.5769E-01
  4.2633E+02  3.2914E-01  1.5776E-01
  4.2665E+02  3.2901E-01  1.5782E-01
  4.2697E+02  3.2887E-01  1.5789E-01
  4.2729E+02  3.2874E-01  1.5796E-01
  4.2762E+02  3.2861E-01  1.5803E-01
  4.2794E+02  3.2847E-01  1.5809E-01
  4.2826E+02  3.2834E-01  1.5816E-01
  4.2858E+02  3.2821E-01  1.5823E-01
  4.2890E+02  3.2807E-01  1.5829E-01
  4.2923E+02  3.2794E-01  1.5836E-01
  4.2955E+02  3.2781E-01  1.5843E-01
  4.2987E+02  3.2767E-01  1.5849E-01
  4.3019E+02  3.2754E-01  1.5856E-01
  4.3051E+02  3.2741E-01  1.5862E-01
  4.3084E+02  3.2727E-01  1.5869E-01
  4.3116E+02  3.2714E-01  1.5876E-01
  4.3148E+02  3.2701E-01  1.5882E-01
  4.3180E+02  3.2687E-01  1.5889E-01
  4.3212E+02  3.2674E-01  1.5895E-01
  4.3245E+02  3.2661E-01  1.5902E-01
  4.3277E+02  3.2647E-01  1.5908E-01
  4.3309E+02  3.2634E-01  1.5915E-01
  4.3341E+02  3.2621E-01  1.5922E-01
  4.3373E+02  3.2607E-01  1.5928E-01
  4.3406E+02  3.2594E-01  1.5935E-01
  4.3438E+02  3.2581E-01  1.5941E-01
  4.3470E+02  3.2567E-01  1.5948E-01
  4.3502E+02  3.2554E-01  1.5954E-01
  4.3534E+02  3.2541E-01  1.5961E-01
  4.3567E+02  3.2528E-01  1.5967E-01
  4.3599E+02  3.2514E-01  1.5974E-01
  4.3631E+02  3.2501E-01  1.5980E-01
  4.3663E+02  3.2488E-01  1.5987E-01
  4.3695E+02  3.2474E-01  1.5993E-01
  4.3728E+02  3.2461E-01  1.6000E-01
  4.3760E+02  3.2448E-01  1.6006E-01
  4.3792E+02  3.2434E-01  1.6012E-01
  4.3824E+02  3.2421E-01  1.6019E-01
  4.3856E+02  3.2408E-01  1.6025E-01
  4.3889E+02  3.2394E-01  1.6032E-01
  4.3921E+02  3.2381E-01  1.6038E-01
  4.3953E+02  3.2368E-01  1.6045E-01
  4.3985E+02  3.2354E-01  1.6051E-01
  4.4017E+02  3.2341E-01  1.6057E-01
  4.4050E+02  3.2328E-01  1.6064E-01
  4.4082E+02  3.2315E-01  1.6070E-01
  4.4114E+02  3.2301E-01  1.6076E-01
  4.4146E+02  3.2288E-01  1.6083E-01
  4.4178E+02  3.2275E-01  1.6089E-01
  4.4211E+02  3.2261E-01  1.6095E-01
  4.4243E+02  3.2248E-01  1.6102E-01
  4.4275E+02  3.2235E-01  1.6108E-01
  4.4307E+02  3.2221E-01  1.6114E-01
  4.4339E+02  3.2208E-01  1.6121E-01
  4.4372E+02  3.2195E-01  1.6127E-01
  4.4404E+02  3.2182E-01  1.6133E-01
  4.4436E+02  3.2168E-01  1.6140E-01
  4.4468E+02  3.2155E-01  1.6146E-01
  4.4500E+02  3.2142E-01  1.6152E-01
  4.4533E+02  3.2128E-01  1.6158E-01
  4.4565E+02  3.2115E-01  1.6165E-01
  4.4597E+02  3.2102E-01  1.6171E-01
  4.4629E+02  3.2088E-01  1.6177E-01
  4.4661E+02  3.2075E-01  1.6184E-01
  4.4694E+02  3.2062E-01  1.6190E-01
  4.4726E+02  3.2049E-01  1.6196E-01
  4.4758E+02  3.2035E-01  1.6202E-01
  4.4790E+02  3.2022E-01  1.6208E-01
  4.4822E+02  3.2009E-01  1.6215E-01
  4.4855E+02  3.1995E-01  1.6221E-01
  4.4887E+02  3.1982E-01  1.6227E-01
  4.4919E+02  3.1969E-01  1.6233E-01
  4.4951E+02  3.1956E-01  1.6239E-01
  4.4983E+02  3.1942E-01  1.6245E-01
  4.5016E+02  3.1929E-01  1.6252E-01
  4.5048E+02  3.1916E-01  1.6258E-01
  4.5080E+02  3.1903E-01  1.6264E-01
  4.5112E+02  3.1889E-01  1.6270E-01
  4.5144E+02  3.1876E-01  1.6276E-01
  4.5177E+02  3.1863E-01  1.6282E-01
  4.5209E+02  3.1849E-01  1.6288E-01
  4.5241E+02  3.1836E-01  1.6295E-01
  4.5273E+02  3.1823E-01  1.6301E-01
  4.5305E+02  3.1810E-01  1.6307E-01
  4.5338E+02  3.1796E-01  1.6313E-01
  4.5370E+02  3.1783E-01  1.6319E-01
  4.5402E+02  3.1770E-01  1.6325E-01
  4.5434E+02  3.1757E-01  1.6331E-01
  4.5466E+02  3.1743E-01  1.6337E-01
  4.5499E+02  3.1730E-01  1.6343E-01
  4.5531E+02  3.1717E-01  1.6349E-01
  4.5563E+02  3.1704E-01  1.6355E-01
  4.5595E+02  3.1690E-01  1.6361E-01
  4.5627E+02  3.1677E-01  1.6367E-01
  4.5660E+02  3.1664E-01  1.6373E-01
  4.5692E+02  3.1651E-01  1.6379E-01
  4.5724E+02  3.1637E-01  1.6385E-01
  4.5756E+02  3.1624E-01  1.6391E-01
  4.5788E+02  3.1611E-01  1.6397E-01
  4.5821E+02  3.1598E-01  1.6403E-01
  4.5853E+02  3.1584E-01  1.6409E-01
  4.5885E+02  3.1571E-01  1.6415E-01
  4.5917E+02  3.1558E-01  1.6421E-01
  4.5949E+02  3.1545E-01  1.6427E-01
  4.5982E+02  3.1531E-01  1.6433E-01
  4.6014E+02  3.1518E-01  1.6439E-01
  4.6046E+02  3.1505E-01  1.6445E-01
  4.6078E+02  3.1492E-01  1.6451E-01
  4.6110E+02  3.1478E-01  1.6457E-01
  4.6143E+02  3.1465E-01  1.6463E-01
  4.6175E+02  3.1452E-01  1.6468E-01
  4.6207E+02  3.1439E-01  1.6474E-01
  4.6239E+02  3.1425E-01  1.6480E-01
  4.6271E+02  3.1412E-01  1.6486E-01
  4.6304E+02  3.1399E-01  1.6492E-01
  4.6336E+02  3.1386E-01  1.6498E-01
  4.6368E+02  3.1373E-01  1.6504E-01
  4.6400E+02  3.1359E-01  1.6510E-01
  4.6432E+02  3.1346E-01  1.6515E-01
  4.6465E+02  3.1333E-01  1.6521E-01
  4.6497E+02  3.1320E-01  1.6527E-01
  4.6529E+02  3.1306E-01  1.6533E-01
  4.6561E+02  3.1293E-01  1.6539E-01
  4.6593E+02  3.1280E-01  1.6544E-01
  4.6626E+02  3.1267E-01  1.6550E-01
  4.6658E+02  3.1254E-01  1.6556E-01
  4.6690E+02  3.1240E-01  1.6562E-01
  4.6722E+02  3.1227E-01  1.6568E-01
  4.6754E+02  3.1214E-01  1.6573E-01
  4.6787E+02  3.1201E-01  1.6579E-01
  4.6819E+02  3.1187E-01  1.6585E-01
  4.6851E+02  3.1174E-01  1.6591E-01
  4.6883E+02  3.1161E-01  1.6596E-01
  4.6915E+02  3.1148E-01  1.6602E-01
  4.6948E+02  3.1135E-01  1.6608E-01
  4.6980E+02  3.1121E-01  1.6613E-01
  4.7012E+02  3.1108E-01  1.6619E-01
  4.7044E+02  3.1095E-01  1.6625E-01
  4.7076E+02  3.1082E-01  1.6631E-01
  4.7109E+02  3.1069E-01  1.6636E-01
  4.7141E+02  3.1055E-01  1.6642E-01
  4.7173E+02  3.1042E-01  1.6648E-01
  4.7205E+02  3.1029E-01  1.6653E-01
  4.7237E+02  3.1016E-01  1.6659E-01
  4.7270E+02  3.1003E-01  1.6665E-01
  4.7302E+02  3.0989E-01  1.6670E-01
  4.7334E+02  3.0976E-01  1.6676E-01
  4.7366E+02  3.0963E-01  1.6681E-01
  4.7398E+02  3.0950E-01  1.6687E-01
  4.7431E+02  3.0937E-01  1.6693E-01
  4.7463E+02  3.0924E-01  1.6698E-01
  4.7495E+02  3.0910E-01  1.6704E-01
  4.7527E+02  3.0897E-01  1.6709E-01
  4.7559E+02  3.0884E-01  1.6715E-01
  4.7592E+02  3.0871E-01  1.6721E-01
  4.7624E+02  3.0858E-01  1.6726E-01
  4.7656E+02  3.0844E-01  1.6732E-01
  4.7688E+02  3.0831E-01  1.6737E-01
  4.7720E+02  3.0818E-01  1.6743E-01
  4.7753E+02  3.0805E-01  1.6748E-01
  4.7785E+02  3.0792E-01  1.6754E-01
  4.7817E+02  3.0779E-01  1.6759E-01
  4.7849E+02  3.0765E-01  1.6765E-01
  4.7881E+02  3.0752E-01  1.6770E-01
  4.7914E+02  3.0739E-01  1.6776E-01
  4.7946E+02  3.0726E-01  1.6781E-01
  4.7978E+02  3.0713E-01  1.6787E-01
  4.8010E+02  3.0700E-01  1.6792E-01
  4.8042E+02  3.0686E-01  1.6798E-01
  4.8075E+02  3.0673E-01  1.6803E-01
  4.8107E+02  3.0660E-01  1.6809E-01
  4.8139E+02  3.0647E-01  1.6814E-01
  4.8171E+02  3.0634E-01  1.6820E-01
  4.8203E+02  3.0621E-01  1.6825E-01
  4.8236E+02  3.0607E-01  1.6831E-01
  4.8268E+02  3.0594E-01  1.6836E-01
  4.8300E+02  3.0581E-01  1.6841E-01
  4.8332E+02  3.0568E-01  1.6847E-01
  4.8364E+02  3.0555E-01  1.6852E-01
  4.8397E+02  3.0542E-01  1.6858E-01
  4.8429E+02  3.0529E-01  1.6863E-01
  4.8461E+02  3.0515E-01  1.6868E-01
  4.8493E+02  3.0502E-01  1.6874E-01
  4.8525E+02  3.0489E-01  1.6879E-01
  4.8558E+02  3.0476E-01  1.6885E-01
  4.8590E+02  3.0463E-01  1.6890E-01
  4.8622E+02  3.0450E-01  1.6895E-01
  4.8654E+02  3.0437E-01  1.6901E-01
  4.8686E+02  3.0423E-01  1.6906E-01
  4.8719E+02  3.0410E-01  1.6911E-01
  4.8751E+02  3.0397E-01  1.6917E-01
  4.8783E+02  3.0384E-01  1.6922E-01
  4.8815E+02  3.0371E-01  1.6927E-01
  4.8847E+02  3.0358E-01  1.6932E-01
  4.8880E+02  3.0345E-01  1.6938E-01
  4.8912E+02  3.0332E-01  1.6943E-01
  4.8944E+02  3.0318E-01  1.6948E-01
  4.8976E+02  3.0305E-01  1.6954E-01
  4.9008E+02  3.0292E-01  1.6959E-01
  4.9041E+02  3.0279E-01  1.6964E-01
  4.9073E+02  3.0266E-01  1.6969E-01
  4.9105E+02  3.0253E-01  1.6975E-01
  4.9137E+02  3.0240E-01  1.6980E-01
  4.9169E+02  3.0227E-01  1.6985E-01
  4.9202E+02  3.0214E-01  1.6990E-01
  4.9234E+02  3.0200E-01  1.6995E-01
  4.9266E+02  3.0187E-01  1.7001E-01
  4.9298E+02  3.0174E-01  1.7006E-01
  4.9330E+02  3.0161E-01  1.7011E-01
  4.9363E+02  3.0148E-01  1.7016E-01
  4.9395E+02  3.0135E-01  1.7021E-01
  4.9427E+02  3.0122E-01  1.7027E-01
  4.9459E+02  3.0109E-01  1.7032E-01
  4.9491E+02  3.0096E-01  1.7037E-01
  4.9524E+02  3.0082E-01  1.7042E-01
  4.9556E+02  3.0069E-01  1.7047E-01
  4.9588E+02  3.0056E-01  1.7052E-01
  4.9620E+02  3.0043E-01  1.7057E-01
  4.9652E+02  3.0030E-01  1.7063E-01
  4.9685E+02  3.0017E-01  1.7068E-01
  4.9717E+02  3.0004E-01  1.7073E-01
  4.9749E+02  2.9991E-01  1.7078E-01
  4.9781E+02  2.9978E-01  1.7083E-01
  4.9813E+02  2.9965E-01  1.7088E-01
  4.9846E+02  2.9952E-01  1.7093E-01
  4.9878E+02  2.9939E-01  1.7098E-01
  4.9910E+02  2.9925E-01  1.7103E-01
  4.9942E+02  2.9912E-01  1.7108E-01
  4.9974E+02  2.9899E-01  1.7113E-01
  5.0000E+02  2.9889E-01  1.7117E-01
