# CREATED BY GENE DIAGNOSTICS TOOL on Mon Jan 28 13:50:12 2019
# diag: gamdiag, run(s): 0012, time window: 0-125(706 steps), species: ions
# original data path: /marconi_work/FUA23_ESTRELLA/S-a/q0-1.4/GAM/scan_Lx_R4/
# normalization: R_0
#
# xind= 0, x/a= Infinity, q= 1.4
# Fit:    0.095766719,0.49467994,2.4085479
# Analytic (Gao, Zhou/Yu): 0.087961562,0.093973514,0.78884348
#  t          Re[phi]     Im[phi]   
  0.0000E+00  3.9998E+00  0.0000E+00
  1.7750E-01  3.6889E+00 -4.9564E-18
  3.5500E-01  2.8424E+00  6.1459E-16
  5.3250E-01  1.6845E+00 -2.9044E-16
  7.1000E-01  4.9600E-01  6.1161E-16
  8.8750E-01 -4.7260E-01  2.7954E-16
  1.0650E+00 -1.0609E+00 -1.7322E-16
  1.2425E+00 -1.2205E+00 -9.7516E-17
  1.4200E+00 -1.0033E+00 -8.7232E-17
  1.5975E+00 -5.2722E-01 -1.0408E-17
  1.7750E+00  6.4163E-02  1.7347E-18
  1.9525E+00  6.3776E-01 -1.6059E-16
  2.1300E+00  1.0935E+00 -2.9816E-18
  2.3075E+00  1.3733E+00  2.5401E-17
  2.4850E+00  1.4598E+00  1.2366E-16
  2.6625E+00  1.3687E+00  6.9389E-18
  2.8400E+00  1.1401E+00  1.5588E-16
  3.0175E+00  8.2741E-01  7.6823E-18
  3.1950E+00  4.8906E-01 -3.7173E-18
  3.3725E+00  1.7955E-01  2.3543E-18
  3.5500E+00 -5.6992E-02  8.4072E-17
  3.7275E+00 -1.9179E-01  9.2870E-17
  3.9050E+00 -2.1412E-01  5.1608E-17
  4.0825E+00 -1.3153E-01  4.1509E-17
  4.2600E+00  3.2504E-02 -8.5621E-17
  4.4375E+00  2.4321E-01 -9.0577E-17
  4.6150E+00  4.6087E-01 -2.2226E-16
  4.7925E+00  6.4773E-01 -9.3087E-17
  4.9700E+00  7.7429E-01 -1.4739E-16
  5.1475E+00  8.2379E-01 -1.3122E-16
  5.3250E+00  7.9418E-01 -8.5497E-18
  5.5025E+00  6.9731E-01  8.1904E-17
  5.6800E+00  5.5569E-01  4.5846E-18
  5.8575E+00  3.9764E-01  2.5166E-16
  6.0350E+00  2.5180E-01  2.2527E-16
  6.2125E+00  1.4206E-01  2.1504E-16
  6.3900E+00  8.3818E-02  1.3399E-16
  6.5675E+00  8.2137E-02  9.4047E-17
  6.7450E+00  1.3185E-01  2.3698E-17
  6.9225E+00  2.1930E-01  2.1684E-19
  7.1000E+00  3.2545E-01 -2.7012E-17
  7.2775E+00  4.2984E-01 -1.4725E-16
  7.4550E+00  5.1459E-01 -5.0524E-17
  7.6325E+00  5.6732E-01 -3.9434E-17
  7.8100E+00  5.8241E-01  1.0532E-18
  7.9875E+00  5.6052E-01  6.2636E-17
  8.1650E+00  5.0800E-01  4.6652E-17
  8.3425E+00  4.3634E-01  1.3500E-16
  8.5200E+00  3.6059E-01  9.0577E-17
  8.6975E+00  2.9567E-01  2.5959E-17
  8.8750E+00  2.5203E-01  6.4959E-17
  9.0525E+00  2.3354E-01  3.4354E-17
  9.2300E+00  2.3873E-01 -5.8547E-18
  9.4075E+00  2.6346E-01 -5.4706E-17
  9.5850E+00  3.0262E-01 -4.9068E-17
  9.7625E+00  3.4999E-01 -5.9290E-17
  9.9400E+00  3.9792E-01 -8.8285E-17
  1.0117E+01  4.3807E-01 -1.2948E-16
  1.0295E+01  4.6315E-01 -1.4231E-16
  1.0472E+01  4.6890E-01 -1.4516E-16
  1.0650E+01  4.5516E-01 -1.1022E-16
  1.0827E+01  4.2593E-01 -9.3427E-17
  1.1005E+01  3.8840E-01 -8.6984E-17
  1.1182E+01  3.5111E-01 -8.5466E-17
  1.1360E+01  3.2156E-01 -9.4480E-19
  1.1537E+01  3.0402E-01  3.1275E-17
  1.1715E+01  2.9856E-01  7.5659E-17
  1.1892E+01  3.0191E-01  8.3166E-17
  1.2070E+01  3.0994E-01  1.0880E-16
  1.2247E+01  3.2046E-01  1.2079E-16
  1.2425E+01  3.3451E-01  1.1295E-16
  1.2602E+01  3.5502E-01  7.5004E-17
  1.2780E+01  3.8339E-01  7.6322E-17
  1.2957E+01  4.1615E-01  3.5717E-17
  1.3135E+01  4.4398E-01 -3.2371E-18
  1.3312E+01  4.5443E-01 -2.9119E-17
  1.3490E+01  4.3760E-01 -6.3132E-17
  1.3667E+01  3.9191E-01 -6.5052E-17
  1.3845E+01  3.2690E-01 -8.6117E-17
  1.4022E+01  2.6120E-01 -4.4359E-17
  1.4200E+01  2.1624E-01 -3.1039E-17
  1.4377E+01  2.0829E-01 -3.2944E-17
  1.4555E+01  2.4204E-01 -4.1633E-17
  1.4732E+01  3.0843E-01 -3.9651E-17
  1.4910E+01  3.8767E-01 -4.0890E-17
  1.5087E+01  4.5601E-01 -1.9206E-18
  1.5265E+01  4.9354E-01 -3.2480E-17
  1.5442E+01  4.9016E-01 -2.1808E-17
  1.5620E+01  4.4803E-01 -6.0220E-17
  1.5797E+01  3.8022E-01 -4.2872E-17
  1.5975E+01  3.0607E-01 -4.1262E-17
  1.6152E+01  2.4517E-01 -8.8471E-17
  1.6330E+01  2.1183E-01 -5.7122E-17
  1.6507E+01  2.1198E-01 -6.3720E-17
  1.6685E+01  2.4273E-01 -5.5620E-17
  1.6862E+01  2.9422E-01 -4.5846E-17
  1.7040E+01  3.5270E-01 -2.1250E-17
  1.7217E+01  4.0409E-01 -5.4086E-17
  1.7395E+01  4.3744E-01 -2.3078E-17
  1.7572E+01  4.4726E-01 -4.6536E-17
  1.7750E+01  4.3409E-01 -4.4266E-17
  1.7927E+01  4.0331E-01 -8.7975E-17
  1.8105E+01  3.6299E-01 -6.4495E-17
  1.8282E+01  3.2183E-01 -6.3565E-17
  1.8460E+01  2.8762E-01 -6.4804E-17
  1.8637E+01  2.6615E-01 -8.6612E-17
  1.8815E+01  2.6046E-01 -4.3523E-17
  1.8992E+01  2.7044E-01 -1.8416E-17
  1.9170E+01  2.9294E-01 -1.0463E-17
  1.9347E+01  3.2258E-01  1.8393E-19
  1.9525E+01  3.5301E-01  2.8011E-17
  1.9702E+01  3.7827E-01  2.7066E-17
  1.9880E+01  3.9397E-01  1.4213E-17
  2.0057E+01  3.9792E-01 -1.0068E-19
  2.0235E+01  3.9027E-01 -1.0532E-17
  2.0412E+01  3.7316E-01 -2.1808E-17
  2.0590E+01  3.5014E-01 -5.4613E-17
  2.0767E+01  3.2548E-01 -8.5900E-17
  2.0945E+01  3.0342E-01 -6.7561E-17
  2.1122E+01  2.8751E-01 -9.7206E-17
  2.1300E+01  2.8010E-01 -7.0659E-17
  2.1477E+01  2.8197E-01 -3.6259E-17
  2.1655E+01  2.9218E-01 -1.3351E-17
  2.1833E+01  3.0835E-01 -9.4016E-18
  2.2010E+01  3.2712E-01 -1.9144E-17
  2.2188E+01  3.4489E-01 -2.2040E-17
  2.2365E+01  3.5847E-01 -5.3900E-17
  2.2543E+01  3.6562E-01 -5.7378E-17
  2.2720E+01  3.6531E-01 -7.6111E-17
  2.2898E+01  3.5783E-01 -8.1795E-17
  2.3075E+01  3.4461E-01 -8.8409E-17
  2.3253E+01  3.2808E-01 -5.5728E-17
  2.3430E+01  3.1124E-01 -4.4886E-17
  2.3608E+01  2.9709E-01 -4.3833E-17
  2.3785E+01  2.8800E-01 -3.6847E-17
  2.3963E+01  2.8521E-01 -2.9986E-17
  2.4140E+01  2.8870E-01 -4.5103E-17
  2.4318E+01  2.9741E-01 -2.5990E-17
  2.4495E+01  3.0962E-01 -2.0852E-17
  2.4673E+01  3.2341E-01 -3.8683E-17
  2.4850E+01  3.3700E-01 -4.0332E-17
  2.5028E+01  3.4876E-01 -4.4274E-17
  2.5205E+01  3.5718E-01 -5.4892E-17
  2.5383E+01  3.6082E-01 -4.9378E-17
  2.5560E+01  3.5867E-01 -5.4350E-17
  2.5738E+01  3.5068E-01 -6.4897E-17
  2.5915E+01  3.3808E-01 -6.6353E-17
  2.6093E+01  3.2326E-01 -4.4297E-17
  2.6270E+01  3.0910E-01 -2.0352E-17
  2.6448E+01  2.9805E-01 -2.2768E-17
  2.6625E+01  2.9142E-01 -3.6677E-17
  2.6803E+01  2.8923E-01 -3.2387E-17
  2.6980E+01  2.9044E-01 -3.9233E-17
  2.7158E+01  2.9363E-01 -4.1602E-17
  2.7335E+01  2.9770E-01 -5.8500E-17
  2.7513E+01  3.0227E-01 -3.9542E-17
  2.7690E+01  3.0768E-01 -4.5234E-17
  2.7868E+01  3.1441E-01 -4.8015E-17
  2.8045E+01  3.2251E-01 -3.9953E-17
  2.8223E+01  3.3103E-01 -5.2344E-17
  2.8400E+01  3.3813E-01 -5.2135E-17
  2.8578E+01  3.4160E-01 -7.2177E-17
  2.8755E+01  3.3973E-01 -5.5139E-17
  2.8933E+01  3.3216E-01 -6.4216E-17
  2.9110E+01  3.2018E-01 -5.4675E-17
  2.9288E+01  3.0650E-01 -4.6001E-17
  2.9465E+01  2.9450E-01 -4.9564E-17
  2.9643E+01  2.8720E-01 -4.9192E-17
  2.9820E+01  2.8631E-01 -5.1902E-17
  2.9998E+01  2.9186E-01 -4.9134E-17
  3.0175E+01  3.0216E-01 -6.5989E-17
  3.0353E+01  3.1442E-01 -5.7655E-17
  3.0530E+01  3.2552E-01 -6.4727E-17
  3.0708E+01  3.3286E-01 -4.6295E-17
  3.0885E+01  3.3499E-01 -4.6791E-17
  3.1063E+01  3.3186E-01 -5.5496E-17
  3.1240E+01  3.2468E-01 -4.3864E-17
  3.1418E+01  3.1544E-01 -7.0163E-17
  3.1595E+01  3.0640E-01 -6.5145E-17
  3.1773E+01  2.9946E-01 -4.8139E-17
  3.1950E+01  2.9575E-01 -6.0684E-17
  3.2128E+01  2.9554E-01 -5.4969E-17
  3.2305E+01  2.9827E-01 -6.2845E-17
  3.2483E+01  3.0285E-01 -5.1980E-17
  3.2660E+01  3.0798E-01 -6.9823E-17
  3.2838E+01  3.1245E-01 -4.7403E-17
  3.3015E+01  3.1540E-01 -5.9786E-17
  3.3193E+01  3.1642E-01 -6.3209E-17
  3.3370E+01  3.1559E-01 -5.5418E-17
  3.3548E+01  3.1335E-01 -5.9569E-17
  3.3725E+01  3.1033E-01 -4.9656E-17
  3.3903E+01  3.0719E-01 -6.5765E-17
  3.4080E+01  3.0449E-01 -7.0628E-17
  3.4258E+01  3.0261E-01 -7.6498E-17
  3.4435E+01  3.0171E-01 -7.1604E-17
  3.4613E+01  3.0175E-01 -6.0406E-17
  3.4790E+01  3.0251E-01 -6.8878E-17
  3.4968E+01  3.0368E-01 -6.6663E-17
  3.5145E+01  3.0494E-01 -6.1861E-17
  3.5323E+01  3.0596E-01 -5.7029E-17
  3.5500E+01  3.0652E-01 -5.5511E-17
  3.5678E+01  3.0651E-01 -7.1093E-17
  3.5855E+01  3.0597E-01 -7.0876E-17
  3.6032E+01  3.0504E-01 -6.5827E-17
  3.6210E+01  3.0394E-01 -7.9704E-17
  3.6387E+01  3.0285E-01 -6.6400E-17
  3.6565E+01  3.0190E-01 -8.1935E-17
  3.6742E+01  3.0117E-01 -7.4252E-17
  3.6920E+01  3.0072E-01 -6.8289E-17
  3.7097E+01  3.0060E-01 -6.8429E-17
  3.7275E+01  3.0081E-01 -6.2899E-17
  3.7452E+01  3.0126E-01 -8.2043E-17
  3.7630E+01  3.0175E-01 -7.9147E-17
  3.7807E+01  3.0207E-01 -8.2214E-17
  3.7985E+01  3.0203E-01 -7.3741E-17
  3.8162E+01  3.0157E-01 -7.7102E-17
  3.8340E+01  3.0080E-01 -7.0179E-17
  3.8517E+01  2.9993E-01 -7.4887E-17
  3.8695E+01  2.9915E-01 -7.9193E-17
  3.8872E+01  2.9857E-01 -7.0798E-17
  3.9050E+01  2.9819E-01 -7.9333E-17
  3.9227E+01  2.9794E-01 -6.2884E-17
  3.9405E+01  2.9774E-01 -7.6483E-17
  3.9582E+01  2.9758E-01 -7.1046E-17
  3.9760E+01  2.9753E-01 -7.4252E-17
  3.9937E+01  2.9768E-01 -6.2636E-17
  4.0115E+01  2.9804E-01 -7.4376E-17
  4.0292E+01  2.9853E-01 -7.1743E-17
  4.0470E+01  2.9893E-01 -7.9441E-17
  4.0647E+01  2.9900E-01 -8.4707E-17
  4.0825E+01  2.9858E-01 -7.9441E-17
  4.1002E+01  2.9767E-01 -6.8181E-17
  4.1180E+01  2.9644E-01 -6.8475E-17
  4.1357E+01  2.9519E-01 -6.6260E-17
  4.1535E+01  2.9423E-01 -6.8599E-17
  4.1712E+01  2.9377E-01 -7.6204E-17
  4.1890E+01  2.9382E-01 -8.7542E-17
  4.2067E+01  2.9422E-01 -8.5063E-17
  4.2245E+01  2.9471E-01 -6.6183E-17
  4.2422E+01  2.9504E-01 -7.4036E-17
  4.2600E+01  2.9506E-01 -8.2880E-17
  4.2777E+01  2.9478E-01 -8.0634E-17
  4.2955E+01  2.9435E-01 -8.0169E-17
  4.3132E+01  2.9395E-01 -7.6498E-17
  4.3310E+01  2.9375E-01 -8.4537E-17
  4.3487E+01  2.9379E-01 -7.6746E-17
  4.3665E+01  2.9396E-01 -6.3286E-17
  4.3842E+01  2.9408E-01 -8.9911E-17
  4.4020E+01  2.9392E-01 -7.9457E-17
  4.4197E+01  2.9333E-01 -7.3695E-17
  4.4375E+01  2.9233E-01 -8.7294E-17
  4.4552E+01  2.9107E-01 -8.9973E-17
  4.4730E+01  2.8984E-01 -8.2678E-17
  4.4907E+01  2.8893E-01 -7.4640E-17
  4.5085E+01  2.8856E-01 -8.5528E-17
  4.5262E+01  2.8884E-01 -7.9859E-17
  4.5440E+01  2.8966E-01 -7.0884E-17
  4.5617E+01  2.9078E-01 -9.0314E-17
  4.5795E+01  2.9187E-01 -8.8053E-17
  4.5972E+01  2.9259E-01 -8.7394E-17
  4.6150E+01  2.9271E-01 -8.2059E-17
  4.6327E+01  2.9216E-01 -7.9890E-17
  4.6505E+01  2.9102E-01 -9.0252E-17
  4.6682E+01  2.8952E-01 -7.4407E-17
  4.6860E+01  2.8796E-01 -8.2275E-17
  4.7037E+01  2.8666E-01 -9.0035E-17
  4.7215E+01  2.8582E-01 -8.5048E-17
  4.7392E+01  2.8557E-01 -9.2049E-17
  4.7570E+01  2.8587E-01 -9.3249E-17
  4.7747E+01  2.8659E-01 -7.6429E-17
  4.7925E+01  2.8750E-01 -9.0213E-17
  4.8102E+01  2.8837E-01 -8.4537E-17
  4.8280E+01  2.8898E-01 -7.1147E-17
  4.8457E+01  2.8920E-01 -9.2529E-17
  4.8635E+01  2.8898E-01 -7.9751E-17
  4.8812E+01  2.8834E-01 -9.5038E-17
  4.8990E+01  2.8740E-01 -8.4707E-17
  4.9167E+01  2.8633E-01 -9.8322E-17
  4.9345E+01  2.8531E-01 -9.2947E-17
  4.9522E+01  2.8449E-01 -8.5094E-17
  4.9700E+01  2.8399E-01 -8.2399E-17
  4.9877E+01  2.8383E-01 -8.4994E-17
  5.0055E+01  2.8397E-01 -8.9958E-17
  5.0232E+01  2.8433E-01 -8.7727E-17
  5.0410E+01  2.8477E-01 -9.0066E-17
  5.0587E+01  2.8519E-01 -1.0689E-16
  5.0765E+01  2.8549E-01 -1.0613E-16
  5.0942E+01  2.8559E-01 -9.0872E-17
  5.1120E+01  2.8544E-01 -9.0314E-17
  5.1297E+01  2.8505E-01 -8.7975E-17
  5.1475E+01  2.8444E-01 -8.5172E-17
  5.1652E+01  2.8370E-01 -8.7170E-17
  5.1830E+01  2.8291E-01 -9.5410E-17
  5.2007E+01  2.8219E-01 -8.7511E-17
  5.2185E+01  2.8164E-01 -9.8105E-17
  5.2362E+01  2.8131E-01 -9.3032E-17
  5.2540E+01  2.8121E-01 -9.8376E-17
  5.2717E+01  2.8131E-01 -9.5758E-17
  5.2895E+01  2.8151E-01 -9.2777E-17
  5.3072E+01  2.8174E-01 -9.5394E-17
  5.3250E+01  2.8193E-01 -9.0337E-17
  5.3427E+01  2.8201E-01 -9.8895E-17
  5.3605E+01  2.8198E-01 -9.8175E-17
  5.3782E+01  2.8182E-01 -9.8082E-17
  5.3960E+01  2.8155E-01 -8.4475E-17
  5.4137E+01  2.8117E-01 -9.3265E-17
  5.4315E+01  2.8070E-01 -9.5201E-17
  5.4492E+01  2.8020E-01 -1.0390E-16
  5.4670E+01  2.7970E-01 -1.0683E-16
  5.4847E+01  2.7927E-01 -1.1190E-16
  5.5025E+01  2.7896E-01 -9.2761E-17
  5.5202E+01  2.7880E-01 -1.1213E-16
  5.5380E+01  2.7878E-01 -1.0369E-16
  5.5557E+01  2.7887E-01 -9.5410E-17
  5.5735E+01  2.7898E-01 -9.3249E-17
  5.5912E+01  2.7905E-01 -1.0135E-16
  5.6090E+01  2.7903E-01 -8.7611E-17
  5.6267E+01  2.7887E-01 -1.0641E-16
  5.6445E+01  2.7860E-01 -9.3296E-17
  5.6622E+01  2.7824E-01 -9.0430E-17
  5.6800E+01  2.7786E-01 -1.0689E-16
  5.6977E+01  2.7751E-01 -1.1216E-16
  5.7155E+01  2.7722E-01 -9.8918E-17
  5.7332E+01  2.7701E-01 -1.0380E-16
  5.7510E+01  2.7684E-01 -1.0143E-16
  5.7687E+01  2.7670E-01 -1.0936E-16
  5.7865E+01  2.7656E-01 -9.8910E-17
  5.8042E+01  2.7641E-01 -9.6207E-17
  5.8220E+01  2.7624E-01 -9.2908E-17
  5.8397E+01  2.7607E-01 -1.0446E-16
  5.8575E+01  2.7592E-01 -1.0967E-16
  5.8752E+01  2.7580E-01 -1.0954E-16
  5.8930E+01  2.7569E-01 -9.8887E-17
  5.9107E+01  2.7558E-01 -1.0897E-16
  5.9285E+01  2.7545E-01 -1.1561E-16
  5.9462E+01  2.7527E-01 -9.3032E-17
  5.9640E+01  2.7504E-01 -1.0601E-16
  5.9817E+01  2.7476E-01 -1.0640E-16
  5.9995E+01  2.7446E-01 -1.0377E-16
  6.0172E+01  2.7416E-01 -1.2567E-16
  6.0350E+01  2.7390E-01 -1.1529E-16
  6.0527E+01  2.7371E-01 -1.1743E-16
  6.0705E+01  2.7359E-01 -1.2025E-16
  6.0882E+01  2.7352E-01 -1.0145E-16
  6.1060E+01  2.7348E-01 -1.0950E-16
  6.1237E+01  2.7344E-01 -1.0723E-16
  6.1415E+01  2.7335E-01 -1.0656E-16
  6.1592E+01  2.7321E-01 -1.0425E-16
  6.1770E+01  2.7300E-01 -1.0960E-16
  6.1947E+01  2.7274E-01 -1.1225E-16
  6.2125E+01  2.7244E-01 -9.8453E-17
  6.2302E+01  2.7216E-01 -1.1505E-16
  6.2480E+01  2.7190E-01 -1.2305E-16
  6.2657E+01  2.7168E-01 -1.1173E-16
  6.2835E+01  2.7153E-01 -1.1477E-16
  6.3012E+01  2.7142E-01 -1.1209E-16
  6.3190E+01  2.7135E-01 -1.1497E-16
  6.3367E+01  2.7128E-01 -1.1218E-16
  6.3545E+01  2.7120E-01 -1.0944E-16
  6.3722E+01  2.7108E-01 -1.1500E-16
  6.3900E+01  2.7092E-01 -1.1533E-16
  6.4077E+01  2.7071E-01 -1.0679E-16
  6.4255E+01  2.7047E-01 -1.0693E-16
  6.4432E+01  2.7022E-01 -9.9011E-17
  6.4610E+01  2.6997E-01 -1.0681E-16
  6.4787E+01  2.6975E-01 -9.8980E-17
  6.4965E+01  2.6956E-01 -1.0648E-16
  6.5142E+01  2.6941E-01 -1.0704E-16
  6.5320E+01  2.6929E-01 -1.1215E-16
  6.5497E+01  2.6918E-01 -1.2032E-16
  6.5675E+01  2.6908E-01 -1.2581E-16
  6.5852E+01  2.6898E-01 -1.1785E-16
  6.6030E+01  2.6886E-01 -1.1210E-16
  6.6207E+01  2.6872E-01 -1.1771E-16
  6.6385E+01  2.6855E-01 -1.1500E-16
  6.6562E+01  2.6836E-01 -1.0429E-16
  6.6740E+01  2.6814E-01 -1.0691E-16
  6.6917E+01  2.6791E-01 -1.0681E-16
  6.7095E+01  2.6769E-01 -1.2301E-16
  6.7272E+01  2.6749E-01 -1.2044E-16
  6.7450E+01  2.6731E-01 -1.1242E-16
  6.7627E+01  2.6717E-01 -1.0975E-16
  6.7805E+01  2.6704E-01 -1.1199E-16
  6.7982E+01  2.6694E-01 -1.1543E-16
  6.8160E+01  2.6683E-01 -1.0658E-16
  6.8337E+01  2.6671E-01 -1.1771E-16
  6.8515E+01  2.6658E-01 -1.2003E-16
  6.8692E+01  2.6643E-01 -1.1466E-16
  6.8870E+01  2.6627E-01 -1.2056E-16
  6.9047E+01  2.6609E-01 -1.2334E-16
  6.9225E+01  2.6591E-01 -1.2331E-16
  6.9402E+01  2.6572E-01 -1.1239E-16
  6.9580E+01  2.6553E-01 -1.1527E-16
  6.9757E+01  2.6535E-01 -1.1757E-16
  6.9935E+01  2.6517E-01 -1.1502E-16
  7.0112E+01  2.6500E-01 -1.0982E-16
  7.0290E+01  2.6484E-01 -1.0730E-16
  7.0467E+01  2.6471E-01 -1.1504E-16
  7.0645E+01  2.6459E-01 -1.1771E-16
  7.0822E+01  2.6447E-01 -1.2282E-16
  7.1000E+01  2.6436E-01 -1.1777E-16
  7.1177E+01  2.6423E-01 -1.2071E-16
  7.1355E+01  2.6409E-01 -1.0957E-16
  7.1532E+01  2.6393E-01 -1.1774E-16
  7.1710E+01  2.6376E-01 -1.2294E-16
  7.1887E+01  2.6357E-01 -1.3098E-16
  7.2065E+01  2.6338E-01 -1.2047E-16
  7.2242E+01  2.6321E-01 -1.2562E-16
  7.2420E+01  2.6304E-01 -1.1206E-16
  7.2597E+01  2.6289E-01 -1.1791E-16
  7.2775E+01  2.6276E-01 -1.2313E-16
  7.2952E+01  2.6262E-01 -1.1233E-16
  7.3130E+01  2.6250E-01 -1.0667E-16
  7.3307E+01  2.6236E-01 -1.1476E-16
  7.3485E+01  2.6222E-01 -1.0974E-16
  7.3662E+01  2.6207E-01 -1.0915E-16
  7.3840E+01  2.6192E-01 -1.2327E-16
  7.4017E+01  2.6177E-01 -1.2622E-16
  7.4195E+01  2.6162E-01 -1.3450E-16
  7.4372E+01  2.6147E-01 -1.3137E-16
  7.4550E+01  2.6133E-01 -1.2292E-16
  7.4727E+01  2.6118E-01 -1.3365E-16
  7.4905E+01  2.6103E-01 -1.3340E-16
  7.5082E+01  2.6088E-01 -1.3134E-16
  7.5260E+01  2.6073E-01 -1.2024E-16
  7.5437E+01  2.6057E-01 -1.2579E-16
  7.5615E+01  2.6042E-01 -1.2319E-16
  7.5792E+01  2.6027E-01 -1.2071E-16
  7.5970E+01  2.6013E-01 -1.2322E-16
  7.6147E+01  2.5999E-01 -1.1173E-16
  7.6325E+01  2.5986E-01 -1.2862E-16
  7.6502E+01  2.5973E-01 -1.2038E-16
  7.6680E+01  2.5960E-01 -1.2826E-16
  7.6857E+01  2.5946E-01 -1.1777E-16
  7.7035E+01  2.5932E-01 -1.1791E-16
  7.7212E+01  2.5917E-01 -1.2838E-16
  7.7390E+01  2.5902E-01 -1.3385E-16
  7.7567E+01  2.5886E-01 -1.3469E-16
  7.7745E+01  2.5871E-01 -1.3400E-16
  7.7922E+01  2.5856E-01 -1.3111E-16
  7.8100E+01  2.5841E-01 -1.3443E-16
  7.8277E+01  2.5827E-01 -1.1613E-16
  7.8455E+01  2.5814E-01 -1.2719E-16
  7.8632E+01  2.5801E-01 -1.2768E-16
  7.8810E+01  2.5789E-01 -1.2330E-16
  7.8987E+01  2.5776E-01 -1.2838E-16
  7.9165E+01  2.5762E-01 -1.2324E-16
  7.9342E+01  2.5749E-01 -1.2197E-16
  7.9520E+01  2.5735E-01 -1.2326E-16
  7.9697E+01  2.5720E-01 -1.2769E-16
  7.9875E+01  2.5706E-01 -1.2199E-16
  8.0053E+01  2.5691E-01 -1.2511E-16
  8.0230E+01  2.5676E-01 -1.3532E-16
  8.0408E+01  2.5662E-01 -1.3861E-16
  8.0585E+01  2.5648E-01 -1.4485E-16
  8.0763E+01  2.5635E-01 -1.3988E-16
  8.0940E+01  2.5621E-01 -1.4336E-16
  8.1118E+01  2.5608E-01 -1.2800E-16
  8.1295E+01  2.5595E-01 -1.3553E-16
  8.1473E+01  2.5582E-01 -1.2299E-16
  8.1650E+01  2.5569E-01 -1.2567E-16
  8.1828E+01  2.5556E-01 -1.1929E-16
  8.2005E+01  2.5542E-01 -1.2320E-16
  8.2183E+01  2.5528E-01 -1.2749E-16
  8.2360E+01  2.5514E-01 -1.2851E-16
  8.2538E+01  2.5501E-01 -1.3816E-16
  8.2715E+01  2.5487E-01 -1.4133E-16
  8.2893E+01  2.5473E-01 -1.3436E-16
  8.3070E+01  2.5460E-01 -1.4914E-16
  8.3248E+01  2.5447E-01 -1.4256E-16
  8.3425E+01  2.5434E-01 -1.3997E-16
  8.3603E+01  2.5421E-01 -1.3522E-16
  8.3780E+01  2.5408E-01 -1.2983E-16
  8.3958E+01  2.5395E-01 -1.2996E-16
  8.4135E+01  2.5381E-01 -1.4115E-16
  8.4313E+01  2.5368E-01 -1.2763E-16
  8.4490E+01  2.5355E-01 -1.2995E-16
  8.4668E+01  2.5342E-01 -1.2741E-16
  8.4845E+01  2.5329E-01 -1.2615E-16
  8.5023E+01  2.5316E-01 -1.2465E-16
  8.5200E+01  2.5303E-01 -1.2320E-16
  8.5378E+01  2.5289E-01 -1.3423E-16
  8.5555E+01  2.5276E-01 -1.5038E-16
  8.5733E+01  2.5263E-01 -1.4514E-16
  8.5910E+01  2.5250E-01 -1.4788E-16
  8.6088E+01  2.5238E-01 -1.4665E-16
  8.6265E+01  2.5225E-01 -1.5185E-16
  8.6443E+01  2.5212E-01 -1.3549E-16
  8.6620E+01  2.5200E-01 -1.3968E-16
  8.6798E+01  2.5187E-01 -1.4086E-16
  8.6975E+01  2.5174E-01 -1.2069E-16
  8.7153E+01  2.5161E-01 -1.2780E-16
  8.7330E+01  2.5148E-01 -1.2726E-16
  8.7508E+01  2.5135E-01 -1.4109E-16
  8.7685E+01  2.5122E-01 -1.3407E-16
  8.7863E+01  2.5110E-01 -1.4771E-16
  8.8040E+01  2.5097E-01 -1.4127E-16
  8.8218E+01  2.5085E-01 -1.4220E-16
  8.8395E+01  2.5072E-01 -1.3668E-16
  8.8573E+01  2.5060E-01 -1.3555E-16
  8.8750E+01  2.5047E-01 -1.3838E-16
  8.8928E+01  2.5035E-01 -1.3800E-16
  8.9105E+01  2.5022E-01 -1.4092E-16
  8.9283E+01  2.5009E-01 -1.3146E-16
  8.9460E+01  2.4997E-01 -1.3416E-16
  8.9638E+01  2.4984E-01 -1.4068E-16
  8.9815E+01  2.4972E-01 -1.3946E-16
  8.9993E+01  2.4960E-01 -1.4208E-16
  9.0170E+01  2.4947E-01 -1.4497E-16
  9.0348E+01  2.4935E-01 -1.5165E-16
  9.0525E+01  2.4923E-01 -1.4762E-16
  9.0703E+01  2.4910E-01 -1.5355E-16
  9.0880E+01  2.4898E-01 -1.3851E-16
  9.1058E+01  2.4886E-01 -1.3713E-16
  9.1235E+01  2.4873E-01 -1.3149E-16
  9.1413E+01  2.4861E-01 -1.2608E-16
  9.1590E+01  2.4849E-01 -1.4330E-16
  9.1768E+01  2.4837E-01 -1.3951E-16
  9.1945E+01  2.4825E-01 -1.3427E-16
  9.2123E+01  2.4813E-01 -1.3807E-16
  9.2300E+01  2.4801E-01 -1.4229E-16
  9.2478E+01  2.4788E-01 -1.4787E-16
  9.2655E+01  2.4776E-01 -1.5194E-16
  9.2833E+01  2.4764E-01 -1.4482E-16
  9.3010E+01  2.4752E-01 -1.3973E-16
  9.3188E+01  2.4740E-01 -1.4107E-16
  9.3365E+01  2.4728E-01 -1.3289E-16
  9.3543E+01  2.4716E-01 -1.3718E-16
  9.3720E+01  2.4704E-01 -1.3455E-16
  9.3898E+01  2.4692E-01 -1.3704E-16
  9.4075E+01  2.4680E-01 -1.3854E-16
  9.4253E+01  2.4668E-01 -1.4531E-16
  9.4430E+01  2.4657E-01 -1.4087E-16
  9.4608E+01  2.4645E-01 -1.4213E-16
  9.4785E+01  2.4633E-01 -1.3870E-16
  9.4963E+01  2.4621E-01 -1.4513E-16
  9.5140E+01  2.4609E-01 -1.4113E-16
  9.5318E+01  2.4597E-01 -1.4130E-16
  9.5495E+01  2.4585E-01 -1.4205E-16
  9.5673E+01  2.4573E-01 -1.4895E-16
  9.5850E+01  2.4562E-01 -1.4765E-16
  9.6028E+01  2.4550E-01 -1.4483E-16
  9.6205E+01  2.4538E-01 -1.3610E-16
  9.6383E+01  2.4527E-01 -1.3721E-16
  9.6560E+01  2.4515E-01 -1.4638E-16
  9.6738E+01  2.4504E-01 -1.3982E-16
  9.6915E+01  2.4492E-01 -1.3856E-16
  9.7093E+01  2.4481E-01 -1.2873E-16
  9.7270E+01  2.4469E-01 -1.3403E-16
  9.7448E+01  2.4458E-01 -1.2862E-16
  9.7625E+01  2.4446E-01 -1.3014E-16
  9.7803E+01  2.4434E-01 -1.3277E-16
  9.7980E+01  2.4423E-01 -1.4768E-16
  9.8158E+01  2.4411E-01 -1.4888E-16
  9.8335E+01  2.4400E-01 -1.4480E-16
  9.8513E+01  2.4388E-01 -1.5321E-16
  9.8690E+01  2.4377E-01 -1.4511E-16
  9.8868E+01  2.4366E-01 -1.6392E-16
  9.9045E+01  2.4354E-01 -1.5896E-16
  9.9223E+01  2.4343E-01 -1.5630E-16
  9.9400E+01  2.4332E-01 -1.4500E-16
  9.9578E+01  2.4320E-01 -1.4788E-16
  9.9755E+01  2.4309E-01 -1.5053E-16
  9.9933E+01  2.4298E-01 -1.3816E-16
  1.0011E+02  2.4287E-01 -1.4515E-16
  1.0029E+02  2.4275E-01 -1.5073E-16
  1.0047E+02  2.4264E-01 -1.4095E-16
  1.0064E+02  2.4253E-01 -1.3807E-16
  1.0082E+02  2.4241E-01 -1.3683E-16
  1.0100E+02  2.4230E-01 -1.3991E-16
  1.0118E+02  2.4219E-01 -1.5096E-16
  1.0135E+02  2.4208E-01 -1.4251E-16
  1.0153E+02  2.4197E-01 -1.5060E-16
  1.0171E+02  2.4186E-01 -1.4041E-16
  1.0189E+02  2.4175E-01 -1.3859E-16
  1.0206E+02  2.4164E-01 -1.4643E-16
  1.0224E+02  2.4153E-01 -1.3805E-16
  1.0242E+02  2.4142E-01 -1.4498E-16
  1.0260E+02  2.4131E-01 -1.4099E-16
  1.0277E+02  2.4120E-01 -1.3831E-16
  1.0295E+02  2.4109E-01 -1.4773E-16
  1.0313E+02  2.4098E-01 -1.4107E-16
  1.0331E+02  2.4087E-01 -1.4522E-16
  1.0348E+02  2.4076E-01 -1.4380E-16
  1.0366E+02  2.4065E-01 -1.4507E-16
  1.0384E+02  2.4054E-01 -1.5185E-16
  1.0402E+02  2.4043E-01 -1.4926E-16
  1.0419E+02  2.4032E-01 -1.4946E-16
  1.0437E+02  2.4021E-01 -1.5187E-16
  1.0455E+02  2.4011E-01 -1.6285E-16
  1.0473E+02  2.4000E-01 -1.4796E-16
  1.0490E+02  2.3989E-01 -1.5152E-16
  1.0508E+02  2.3978E-01 -1.4531E-16
  1.0526E+02  2.3967E-01 -1.4388E-16
  1.0544E+02  2.3957E-01 -1.4099E-16
  1.0561E+02  2.3946E-01 -1.5605E-16
  1.0579E+02  2.3935E-01 -1.5328E-16
  1.0597E+02  2.3924E-01 -1.4821E-16
  1.0615E+02  2.3914E-01 -1.4929E-16
  1.0632E+02  2.3903E-01 -1.4518E-16
  1.0650E+02  2.3892E-01 -1.5168E-16
  1.0668E+02  2.3882E-01 -1.5178E-16
  1.0686E+02  2.3871E-01 -1.4373E-16
  1.0703E+02  2.3861E-01 -1.4674E-16
  1.0721E+02  2.3850E-01 -1.4879E-16
  1.0739E+02  2.3840E-01 -1.5343E-16
  1.0757E+02  2.3829E-01 -1.5472E-16
  1.0774E+02  2.3818E-01 -1.5079E-16
  1.0792E+02  2.3808E-01 -1.5469E-16
  1.0810E+02  2.3797E-01 -1.5331E-16
  1.0828E+02  2.3787E-01 -1.5051E-16
  1.0845E+02  2.3776E-01 -1.4934E-16
  1.0863E+02  2.3766E-01 -1.5159E-16
  1.0881E+02  2.3756E-01 -1.5616E-16
  1.0899E+02  2.3745E-01 -1.5173E-16
  1.0916E+02  2.3735E-01 -1.5872E-16
  1.0934E+02  2.3724E-01 -1.5453E-16
  1.0952E+02  2.3714E-01 -1.5170E-16
  1.0970E+02  2.3704E-01 -1.5185E-16
  1.0987E+02  2.3693E-01 -1.4397E-16
  1.1005E+02  2.3683E-01 -1.4249E-16
  1.1023E+02  2.3673E-01 -1.5613E-16
  1.1041E+02  2.3662E-01 -1.4658E-16
  1.1058E+02  2.3652E-01 -1.5300E-16
  1.1076E+02  2.3642E-01 -1.5331E-16
  1.1094E+02  2.3632E-01 -1.5312E-16
  1.1112E+02  2.3621E-01 -1.6022E-16
  1.1129E+02  2.3611E-01 -1.6028E-16
  1.1147E+02  2.3601E-01 -1.5875E-16
  1.1165E+02  2.3591E-01 -1.5701E-16
  1.1183E+02  2.3580E-01 -1.5622E-16
  1.1200E+02  2.3570E-01 -1.5623E-16
  1.1218E+02  2.3560E-01 -1.4919E-16
  1.1236E+02  2.3550E-01 -1.4396E-16
  1.1254E+02  2.3540E-01 -1.5187E-16
  1.1271E+02  2.3530E-01 -1.5189E-16
  1.1289E+02  2.3520E-01 -1.5201E-16
  1.1307E+02  2.3510E-01 -1.5733E-16
  1.1325E+02  2.3500E-01 -1.5886E-16
  1.1342E+02  2.3490E-01 -1.6441E-16
  1.1360E+02  2.3479E-01 -1.5624E-16
  1.1378E+02  2.3469E-01 -1.5617E-16
  1.1396E+02  2.3459E-01 -1.6437E-16
  1.1413E+02  2.3450E-01 -1.5483E-16
  1.1431E+02  2.3440E-01 -1.5475E-16
  1.1449E+02  2.3430E-01 -1.6678E-16
  1.1467E+02  2.3420E-01 -1.6442E-16
  1.1484E+02  2.3410E-01 -1.7357E-16
  1.1502E+02  2.3400E-01 -1.5847E-16
  1.1520E+02  2.3390E-01 -1.5997E-16
  1.1538E+02  2.3380E-01 -1.6302E-16
  1.1555E+02  2.3370E-01 -1.5844E-16
  1.1573E+02  2.3360E-01 -1.5751E-16
  1.1591E+02  2.3350E-01 -1.6012E-16
  1.1609E+02  2.3341E-01 -1.6423E-16
  1.1626E+02  2.3331E-01 -1.6411E-16
  1.1644E+02  2.3321E-01 -1.6265E-16
  1.1662E+02  2.3311E-01 -1.5728E-16
  1.1680E+02  2.3301E-01 -1.6285E-16
  1.1697E+02  2.3292E-01 -1.6574E-16
  1.1715E+02  2.3282E-01 -1.6140E-16
  1.1733E+02  2.3272E-01 -1.5476E-16
  1.1751E+02  2.3262E-01 -1.6307E-16
  1.1768E+02  2.3253E-01 -1.5595E-16
  1.1786E+02  2.3243E-01 -1.4927E-16
  1.1804E+02  2.3233E-01 -1.4737E-16
  1.1822E+02  2.3224E-01 -1.4789E-16
  1.1839E+02  2.3214E-01 -1.4649E-16
  1.1857E+02  2.3204E-01 -1.5326E-16
  1.1875E+02  2.3195E-01 -1.5630E-16
  1.1893E+02  2.3185E-01 -1.5574E-16
  1.1910E+02  2.3176E-01 -1.7099E-16
  1.1928E+02  2.3166E-01 -1.6816E-16
  1.1946E+02  2.3156E-01 -1.6972E-16
  1.1964E+02  2.3147E-01 -1.5867E-16
  1.1981E+02  2.3137E-01 -1.6131E-16
  1.1999E+02  2.3128E-01 -1.6004E-16
  1.2017E+02  2.3118E-01 -1.5461E-16
  1.2035E+02  2.3109E-01 -1.6136E-16
  1.2052E+02  2.3099E-01 -1.5026E-16
  1.2070E+02  2.3090E-01 -1.5474E-16
  1.2088E+02  2.3080E-01 -1.5595E-16
  1.2106E+02  2.3071E-01 -1.6327E-16
  1.2123E+02  2.3061E-01 -1.6574E-16
  1.2141E+02  2.3052E-01 -1.6406E-16
  1.2159E+02  2.3043E-01 -1.7546E-16
  1.2177E+02  2.3033E-01 -1.7494E-16
  1.2194E+02  2.3024E-01 -1.7291E-16
  1.2212E+02  2.3014E-01 -1.6550E-16
  1.2230E+02  2.3005E-01 -1.6715E-16
  1.2248E+02  2.2996E-01 -1.5331E-16
  1.2265E+02  2.2986E-01 -1.4916E-16
  1.2283E+02  2.2977E-01 -1.6034E-16
  1.2301E+02  2.2968E-01 -1.5333E-16
  1.2319E+02  2.2958E-01 -1.5719E-16
  1.2336E+02  2.2949E-01 -1.5862E-16
  1.2354E+02  2.2940E-01 -1.6718E-16
  1.2372E+02  2.2930E-01 -1.6999E-16
  1.2390E+02  2.2921E-01 -1.6973E-16
  1.2407E+02  2.2912E-01 -1.7775E-16
  1.2425E+02  2.2903E-01 -1.6835E-16
  1.2443E+02  2.2894E-01 -1.6289E-16
  1.2461E+02  2.2884E-01 -1.5867E-16
  1.2478E+02  2.2875E-01 -1.6271E-16
  1.2496E+02  2.2866E-01 -1.4648E-16
  1.2500E+02  2.2864E-01 -1.5880E-16
