# CREATED BY GENE DIAGNOSTICS TOOL on Mon Jan 28 13:50:21 2019
# diag: gamdiag, run(s): 0013, time window: 0-125(718 steps), species: ions
# original data path: /marconi_work/FUA23_ESTRELLA/S-a/q0-1.4/GAM/scan_Lx_R4/
# normalization: R_0
#
# xind= 0, x/a= Infinity, q= 1.4
# Fit:    0.098338193,0.54424048,2.3451494
# Analytic (Gao, Zhou/Yu): 0.087961562,0.10773943,0.80644659
#  t          Re[phi]     Im[phi]   
  0.0000E+00  3.9998E+00  0.0000E+00
  1.7450E-01  3.7024E+00  2.4782E-18
  3.4900E-01  2.8921E+00  6.9389E-18
  5.2350E-01  1.7816E+00  8.9214E-18
  6.9800E-01  6.3512E-01  1.6852E-17
  8.7250E-01 -3.1359E-01  3.9651E-18
  1.0470E+00 -9.1534E-01  2.8846E-16
  1.2215E+00 -1.1238E+00 -1.2205E-17
  1.3960E+00 -9.8301E-01  4.6342E-17
  1.5705E+00 -5.9599E-01 -3.4694E-18
  1.7450E+00 -8.7786E-02  2.8920E-16
  1.9195E+00  4.2606E-01  1.5984E-16
  2.0940E+00  8.5877E-01 -3.6243E-18
  2.2685E+00  1.1586E+00  9.6649E-18
  2.4430E+00  1.3062E+00  4.1386E-17
  2.6175E+00  1.3073E+00 -7.4593E-17
  2.7920E+00  1.1854E+00 -1.7347E-18
  2.9665E+00  9.7450E-01  1.3456E-16
  3.1410E+00  7.1417E-01  1.6406E-16
  3.3155E+00  4.4457E-01  1.4906E-16
  3.4900E+00  2.0262E-01  1.5582E-16
  3.6645E+00  1.8423E-02  1.5408E-16
  3.8390E+00 -8.7862E-02  1.4720E-16
  4.0135E+00 -1.0814E-01  1.0991E-16
  4.1880E+00 -4.7092E-02  3.7668E-17
  4.3625E+00  7.8908E-02 -3.7049E-17
  4.5370E+00  2.4472E-01 -1.4287E-16
  4.7115E+00  4.2079E-01 -1.0792E-16
  4.8860E+00  5.7812E-01 -1.7242E-16
  5.0605E+00  6.9305E-01 -1.4268E-16
  5.2350E+00  7.5070E-01 -1.2626E-16
  5.4095E+00  7.4678E-01 -1.1833E-16
  5.5840E+00  6.8743E-01  7.4717E-17
  5.7585E+00  5.8719E-01  7.7691E-17
  5.9330E+00  4.6588E-01  1.1375E-16
  6.1075E+00  3.4483E-01  1.5439E-16
  6.2820E+00  2.4319E-01  1.5972E-16
  6.4565E+00  1.7508E-01  1.1801E-16
  6.6310E+00  1.4794E-01  1.2681E-16
  6.8055E+00  1.6190E-01  7.0535E-17
  6.9800E+00  2.1037E-01  2.1684E-19
  7.1545E+00  2.8173E-01 -3.1907E-17
  7.3290E+00  3.6201E-01 -7.8667E-17
  7.5035E+00  4.3769E-01 -9.7175E-17
  7.6780E+00  4.9779E-01 -2.6424E-17
  7.8525E+00  5.3469E-01  3.5903E-17
  8.0270E+00  5.4424E-01  7.6142E-17
  8.2015E+00  5.2651E-01  1.6666E-16
  8.3760E+00  4.8671E-01  9.5100E-17
  8.5505E+00  4.3470E-01  8.1470E-17
  8.7250E+00  3.8172E-01  6.0344E-17
  8.8995E+00  3.3640E-01 -7.7443E-19
  9.0740E+00  3.0307E-01  3.1790E-18
  9.2485E+00  2.8318E-01 -4.8975E-17
  9.4230E+00  2.7759E-01 -6.2233E-17
  9.5975E+00  2.8716E-01 -7.2084E-17
  9.7720E+00  3.1127E-01 -7.0721E-17
  9.9465E+00  3.4620E-01 -8.6256E-17
  1.0121E+01  3.8525E-01 -1.1774E-16
  1.0295E+01  4.2043E-01 -1.2168E-16
  1.0470E+01  4.4487E-01 -1.4789E-16
  1.0644E+01  4.5461E-01 -1.5197E-16
  1.0819E+01  4.4936E-01 -1.3525E-16
  1.0993E+01  4.3230E-01 -1.7338E-16
  1.1168E+01  4.0882E-01 -9.7454E-17
  1.1342E+01  3.8460E-01 -7.7412E-17
  1.1517E+01  3.6369E-01 -7.6467E-17
  1.1691E+01  3.4742E-01  1.8788E-17
  1.1866E+01  3.3482E-01  6.8696E-17
  1.2040E+01  3.2449E-01  9.8600E-17
  1.2215E+01  3.1692E-01  1.3553E-16
  1.2389E+01  3.1551E-01  1.3377E-16
  1.2564E+01  3.2532E-01  1.2337E-16
  1.2738E+01  3.4969E-01  1.0509E-16
  1.2913E+01  3.8670E-01  8.9880E-17
  1.3087E+01  4.2748E-01  4.2973E-17
  1.3262E+01  4.5813E-01  5.5759E-19
  1.3436E+01  4.6493E-01 -1.8400E-17
  1.3611E+01  4.4073E-01 -3.6429E-17
  1.3785E+01  3.8918E-01 -7.7443E-17
  1.3960E+01  3.2464E-01 -4.2005E-17
  1.4134E+01  2.6759E-01 -9.1816E-17
  1.4309E+01  2.3732E-01 -4.9656E-17
  1.4483E+01  2.4472E-01 -2.3852E-17
  1.4658E+01  2.8828E-01 -1.7347E-18
  1.4832E+01  3.5455E-01  2.4782E-19
  1.5007E+01  4.2305E-01 -1.5365E-17
  1.5181E+01  4.7329E-01 -8.6736E-19
  1.5356E+01  4.9113E-01  3.0977E-19
  1.5530E+01  4.7265E-01 -1.8462E-17
  1.5705E+01  4.2448E-01  8.6736E-19
  1.5879E+01  3.6110E-01 -3.5438E-17
  1.6054E+01  2.9997E-01 -4.1509E-17
  1.6228E+01  2.5627E-01 -5.6379E-17
  1.6403E+01  2.3906E-01 -3.7916E-17
  1.6577E+01  2.4989E-01 -4.1014E-17
  1.6752E+01  2.8355E-01 -3.7606E-17
  1.6926E+01  3.3029E-01 -3.7606E-17
  1.7101E+01  3.7850E-01 -1.8586E-19
  1.7275E+01  4.1746E-01 -1.9051E-17
  1.7450E+01  4.3987E-01 -3.2960E-17
  1.7624E+01  4.4317E-01 -3.8629E-17
  1.7799E+01  4.2933E-01 -2.8840E-17
  1.7973E+01  4.0337E-01 -3.9651E-17
  1.8148E+01  3.7153E-01 -3.8722E-17
  1.8322E+01  3.3986E-01 -5.4892E-17
  1.8497E+01  3.1355E-01 -5.4892E-17
  1.8671E+01  2.9646E-01 -2.6145E-17
  1.8846E+01  2.9077E-01 -5.0803E-18
  1.9020E+01  2.9661E-01 -2.4472E-18
  1.9195E+01  3.1204E-01  1.0377E-18
  1.9369E+01  3.3345E-01  1.8718E-17
  1.9544E+01  3.5646E-01  3.0272E-17
  1.9718E+01  3.7679E-01  2.5751E-17
  1.9893E+01  3.9118E-01  6.7646E-18
  2.0067E+01  3.9772E-01  2.3531E-17
  2.0242E+01  3.9597E-01 -1.2964E-17
  2.0416E+01  3.8677E-01 -1.1136E-17
  2.0591E+01  3.7197E-01 -4.7023E-17
  2.0765E+01  3.5407E-01 -3.8814E-17
  2.0940E+01  3.3587E-01 -8.4227E-17
  2.1114E+01  3.2010E-01 -5.9755E-17
  2.1289E+01  3.0907E-01 -4.7488E-17
  2.1463E+01  3.0426E-01 -4.6342E-17
  2.1638E+01  3.0611E-01 -7.3726E-18
  2.1812E+01  3.1385E-01 -2.4627E-18
  2.1987E+01  3.2579E-01 -2.3427E-17
  2.2161E+01  3.3958E-01 -1.6666E-17
  2.2336E+01  3.5277E-01 -2.7221E-17
  2.2510E+01  3.6312E-01 -4.4243E-17
  2.2685E+01  3.6901E-01 -4.2749E-17
  2.2860E+01  3.6953E-01 -5.3622E-17
  2.3034E+01  3.6465E-01 -4.8355E-17
  2.3209E+01  3.5522E-01 -4.7937E-17
  2.3383E+01  3.4293E-01 -3.8969E-17
  2.3558E+01  3.2995E-01 -3.7761E-17
  2.3732E+01  3.1849E-01 -1.5643E-17
  2.3907E+01  3.1028E-01 -3.8722E-17
  2.4081E+01  3.0635E-01 -2.8484E-17
  2.4256E+01  3.0694E-01 -4.3058E-17
  2.4430E+01  3.1168E-01 -3.2758E-17
  2.4605E+01  3.1982E-01 -3.3200E-17
  2.4779E+01  3.3038E-01 -4.0727E-17
  2.4954E+01  3.4224E-01 -4.5893E-17
  2.5128E+01  3.5396E-01 -2.4898E-17
  2.5303E+01  3.6377E-01 -5.5093E-17
  2.5477E+01  3.6974E-01 -2.9150E-17
  2.5652E+01  3.7039E-01 -4.2764E-17
  2.5826E+01  3.6533E-01 -4.6961E-17
  2.6001E+01  3.5552E-01 -3.8752E-17
  2.6175E+01  3.4304E-01 -3.8876E-17
  2.6350E+01  3.3030E-01 -5.2011E-17
  2.6524E+01  3.1930E-01 -5.1856E-17
  2.6699E+01  3.1110E-01 -4.7364E-17
  2.6873E+01  3.0582E-01 -5.1701E-17
  2.7048E+01  3.0294E-01 -3.7467E-17
  2.7222E+01  3.0190E-01 -4.2532E-17
  2.7397E+01  3.0251E-01 -4.5691E-17
  2.7571E+01  3.0516E-01 -3.4741E-17
  2.7746E+01  3.1053E-01 -3.1581E-17
  2.7920E+01  3.1903E-01 -3.2007E-17
  2.8095E+01  3.3022E-01 -2.8824E-17
  2.8269E+01  3.4245E-01 -3.3502E-17
  2.8444E+01  3.5316E-01 -6.6864E-17
  2.8618E+01  3.5959E-01 -5.9321E-17
  2.8793E+01  3.5972E-01 -7.1341E-17
  2.8967E+01  3.5306E-01 -4.8913E-17
  2.9142E+01  3.4095E-01 -6.6043E-17
  2.9316E+01  3.2621E-01 -3.9682E-17
  2.9491E+01  3.1234E-01 -4.8944E-17
  2.9665E+01  3.0253E-01 -5.3095E-17
  2.9840E+01  2.9875E-01 -5.8779E-17
  3.0014E+01  3.0137E-01 -4.5877E-17
  3.0189E+01  3.0914E-01 -4.8806E-17
  3.0363E+01  3.1971E-01 -4.6932E-17
  3.0538E+01  3.3032E-01 -4.4135E-17
  3.0712E+01  3.3856E-01 -3.5786E-17
  3.0887E+01  3.4290E-01 -2.6671E-17
  3.1061E+01  3.4291E-01 -3.3920E-17
  3.1236E+01  3.3923E-01 -3.8164E-17
  3.1410E+01  3.3320E-01 -4.3089E-17
  3.1585E+01  3.2645E-01 -5.3838E-17
  3.1759E+01  3.2046E-01 -5.2274E-17
  3.1934E+01  3.1623E-01 -5.6177E-17
  3.2108E+01  3.1417E-01 -5.7168E-17
  3.2283E+01  3.1416E-01 -5.0462E-17
  3.2457E+01  3.1566E-01 -5.2142E-17
  3.2632E+01  3.1797E-01 -4.5397E-17
  3.2806E+01  3.2040E-01 -5.7347E-17
  3.2981E+01  3.2238E-01 -4.8092E-17
  3.3155E+01  3.2362E-01 -4.0549E-17
  3.3330E+01  3.2404E-01 -4.3229E-17
  3.3504E+01  3.2377E-01 -4.7906E-17
  3.3679E+01  3.2301E-01 -4.2733E-17
  3.3853E+01  3.2200E-01 -6.5889E-17
  3.4028E+01  3.2094E-01 -4.3213E-17
  3.4202E+01  3.1996E-01 -5.0214E-17
  3.4377E+01  3.1915E-01 -4.8324E-17
  3.4551E+01  3.1856E-01 -6.6121E-17
  3.4726E+01  3.1815E-01 -5.4597E-17
  3.4900E+01  3.1789E-01 -6.1985E-17
  3.5075E+01  3.1774E-01 -5.8872E-17
  3.5249E+01  3.1762E-01 -5.9290E-17
  3.5423E+01  3.1748E-01 -4.8867E-17
  3.5598E+01  3.1728E-01 -6.1954E-17
  3.5772E+01  3.1698E-01 -6.1552E-17
  3.5947E+01  3.1663E-01 -5.0632E-17
  3.6121E+01  3.1629E-01 -5.8082E-17
  3.6296E+01  3.1600E-01 -5.9089E-17
  3.6470E+01  3.1577E-01 -7.8357E-17
  3.6645E+01  3.1557E-01 -5.9523E-17
  3.6819E+01  3.1538E-01 -5.5124E-17
  3.6994E+01  3.1521E-01 -6.2512E-17
  3.7168E+01  3.1513E-01 -6.2497E-17
  3.7343E+01  3.1514E-01 -5.7788E-17
  3.7517E+01  3.1522E-01 -5.7292E-17
  3.7692E+01  3.1525E-01 -7.3943E-17
  3.7866E+01  3.1508E-01 -7.1495E-17
  3.8041E+01  3.1463E-01 -5.4504E-17
  3.8215E+01  3.1390E-01 -4.9951E-17
  3.8390E+01  3.1305E-01 -5.0446E-17
  3.8564E+01  3.1225E-01 -5.7137E-17
  3.8739E+01  3.1166E-01 -3.8489E-17
  3.8913E+01  3.1130E-01 -5.1376E-17
  3.9088E+01  3.1113E-01 -5.3064E-17
  3.9262E+01  3.1103E-01 -7.0783E-17
  3.9437E+01  3.1091E-01 -6.0065E-17
  3.9611E+01  3.1078E-01 -5.7401E-17
  3.9786E+01  3.1074E-01 -5.7137E-17
  3.9960E+01  3.1087E-01 -6.0003E-17
  4.0135E+01  3.1123E-01 -5.9492E-17
  4.0309E+01  3.1171E-01 -6.2342E-17
  4.0484E+01  3.1212E-01 -6.6291E-17
  4.0658E+01  3.1221E-01 -5.0307E-17
  4.0833E+01  3.1183E-01 -5.7819E-17
  4.1007E+01  3.1096E-01 -5.8408E-17
  4.1182E+01  3.0975E-01 -5.7292E-17
  4.1356E+01  3.0849E-01 -5.9105E-17
  4.1531E+01  3.0748E-01 -6.7050E-17
  4.1705E+01  3.0692E-01 -5.3064E-17
  4.1880E+01  3.0685E-01 -5.6967E-17
  4.2054E+01  3.0712E-01 -7.6173E-17
  4.2229E+01  3.0751E-01 -6.7050E-17
  4.2403E+01  3.0777E-01 -6.4433E-17
  4.2578E+01  3.0778E-01 -7.1387E-17
  4.2752E+01  3.0754E-01 -7.1511E-17
  4.2927E+01  3.0719E-01 -5.9538E-17
  4.3101E+01  3.0689E-01 -6.2605E-17
  4.3276E+01  3.0681E-01 -7.2161E-17
  4.3450E+01  3.0699E-01 -6.4626E-17
  4.3625E+01  3.0734E-01 -6.0313E-17
  4.3799E+01  3.0766E-01 -6.6524E-17
  4.3974E+01  3.0769E-01 -6.7128E-17
  4.4148E+01  3.0726E-01 -7.1573E-17
  4.4323E+01  3.0632E-01 -6.2605E-17
  4.4497E+01  3.0499E-01 -7.4640E-17
  4.4672E+01  3.0353E-01 -6.7639E-17
  4.4846E+01  3.0225E-01 -6.7701E-17
  4.5021E+01  3.0143E-01 -6.7391E-17
  4.5195E+01  3.0124E-01 -6.8971E-17
  4.5370E+01  3.0171E-01 -8.6179E-17
  4.5544E+01  3.0266E-01 -7.0001E-17
  4.5719E+01  3.0384E-01 -7.1960E-17
  4.5893E+01  3.0491E-01 -6.9451E-17
  4.6068E+01  3.0558E-01 -7.1480E-17
  4.6242E+01  3.0569E-01 -7.8171E-17
  4.6417E+01  3.0517E-01 -7.1449E-17
  4.6591E+01  3.0414E-01 -7.8667E-17
  4.6766E+01  3.0279E-01 -7.3323E-17
  4.6940E+01  3.0139E-01 -6.4464E-17
  4.7115E+01  3.0016E-01 -7.3912E-17
  4.7289E+01  2.9930E-01 -6.4185E-17
  4.7464E+01  2.9890E-01 -6.9141E-17
  4.7638E+01  2.9894E-01 -7.2037E-17
  4.7813E+01  2.9934E-01 -7.6653E-17
  4.7987E+01  2.9995E-01 -7.2572E-17
  4.8162E+01  3.0061E-01 -7.6762E-17
  4.8336E+01  3.0117E-01 -6.4526E-17
  4.8511E+01  3.0150E-01 -8.1176E-17
  4.8685E+01  3.0154E-01 -8.1455E-17
  4.8860E+01  3.0127E-01 -9.0593E-17
  4.9034E+01  3.0074E-01 -8.1640E-17
  4.9209E+01  3.0003E-01 -7.4237E-17
  4.9383E+01  2.9925E-01 -8.3050E-17
  4.9558E+01  2.9852E-01 -7.3958E-17
  4.9732E+01  2.9790E-01 -7.3478E-17
  4.9907E+01  2.9747E-01 -7.6065E-17
  5.0081E+01  2.9723E-01 -7.8651E-17
  5.0256E+01  2.9717E-01 -8.3584E-17
  5.0430E+01  2.9724E-01 -7.3865E-17
  5.0605E+01  2.9741E-01 -8.9834E-17
  5.0779E+01  2.9761E-01 -7.2007E-17
  5.0954E+01  2.9778E-01 -8.1122E-17
  5.1128E+01  2.9787E-01 -7.1751E-17
  5.1303E+01  2.9782E-01 -8.3445E-17
  5.1477E+01  2.9760E-01 -6.5114E-17
  5.1652E+01  2.9722E-01 -7.3927E-17
  5.1826E+01  2.9672E-01 -8.1160E-17
  5.2001E+01  2.9615E-01 -7.3803E-17
  5.2175E+01  2.9559E-01 -7.8744E-17
  5.2350E+01  2.9511E-01 -7.6777E-17
  5.2524E+01  2.9475E-01 -7.4423E-17
  5.2699E+01  2.9451E-01 -9.2815E-17
  5.2873E+01  2.9438E-01 -9.2366E-17
  5.3048E+01  2.9433E-01 -7.4260E-17
  5.3222E+01  2.9433E-01 -7.9464E-17
  5.3397E+01  2.9435E-01 -8.4010E-17
  5.3571E+01  2.9439E-01 -7.9216E-17
  5.3746E+01  2.9440E-01 -8.8362E-17
  5.3920E+01  2.9438E-01 -8.8750E-17
  5.4095E+01  2.9429E-01 -8.8494E-17
  5.4269E+01  2.9410E-01 -8.3422E-17
  5.4444E+01  2.9381E-01 -9.7385E-17
  5.4618E+01  2.9344E-01 -9.5789E-17
  5.4793E+01  2.9301E-01 -7.9116E-17
  5.4967E+01  2.9260E-01 -8.3189E-17
  5.5142E+01  2.9225E-01 -7.8736E-17
  5.5316E+01  2.9199E-01 -8.3855E-17
  5.5491E+01  2.9184E-01 -9.2916E-17
  5.5665E+01  2.9176E-01 -9.5394E-17
  5.5840E+01  2.9172E-01 -7.9216E-17
  5.6014E+01  2.9167E-01 -7.6506E-17
  5.6189E+01  2.9157E-01 -1.0027E-16
  5.6363E+01  2.9142E-01 -8.6039E-17
  5.6538E+01  2.9122E-01 -8.8665E-17
  5.6712E+01  2.9099E-01 -1.0075E-16
  5.6887E+01  2.9078E-01 -8.6581E-17
  5.7061E+01  2.9060E-01 -9.0810E-17
  5.7236E+01  2.9044E-01 -8.8215E-17
  5.7410E+01  2.9028E-01 -1.0682E-16
  5.7585E+01  2.9012E-01 -9.5317E-17
  5.7759E+01  2.8991E-01 -8.3561E-17
  5.7934E+01  2.8967E-01 -7.7149E-17
  5.8108E+01  2.8939E-01 -8.3654E-17
  5.8283E+01  2.8911E-01 -8.3274E-17
  5.8457E+01  2.8886E-01 -9.7950E-17
  5.8632E+01  2.8867E-01 -1.0051E-16
  5.8806E+01  2.8853E-01 -1.0800E-16
  5.8981E+01  2.8845E-01 -1.0742E-16
  5.9155E+01  2.8840E-01 -1.1037E-16
  5.9330E+01  2.8834E-01 -1.1001E-16
  5.9504E+01  2.8823E-01 -9.5526E-17
  5.9679E+01  2.8807E-01 -8.8579E-17
  5.9853E+01  2.8784E-01 -8.4150E-17
  6.0028E+01  2.8757E-01 -1.0068E-16
  6.0202E+01  2.8728E-01 -8.6705E-17
  6.0377E+01  2.8700E-01 -9.8384E-17
  6.0551E+01  2.8677E-01 -8.6024E-17
  6.0726E+01  2.8659E-01 -9.5410E-17
  6.0900E+01  2.8646E-01 -1.0482E-16
  6.1075E+01  2.8637E-01 -9.3241E-17
  6.1249E+01  2.8629E-01 -1.0259E-16
  6.1424E+01  2.8619E-01 -9.5541E-17
  6.1598E+01  2.8606E-01 -9.9940E-17
  6.1773E+01  2.8589E-01 -1.0087E-16
  6.1947E+01  2.8568E-01 -1.0724E-16
  6.2122E+01  2.8544E-01 -1.0537E-16
  6.2296E+01  2.8520E-01 -1.0209E-16
  6.2471E+01  2.8496E-01 -9.2970E-17
  6.2645E+01  2.8475E-01 -1.1678E-16
  6.2820E+01  2.8458E-01 -1.0492E-16
  6.2994E+01  2.8444E-01 -1.0473E-16
  6.3169E+01  2.8432E-01 -1.0521E-16
  6.3343E+01  2.8421E-01 -1.0267E-16
  6.3518E+01  2.8411E-01 -1.0749E-16
  6.3692E+01  2.8398E-01 -9.5433E-17
  6.3867E+01  2.8383E-01 -1.0752E-16
  6.4041E+01  2.8365E-01 -9.4783E-17
  6.4216E+01  2.8345E-01 -1.0320E-16
  6.4390E+01  2.8323E-01 -1.1016E-16
  6.4565E+01  2.8301E-01 -1.0057E-16
  6.4739E+01  2.8280E-01 -1.0749E-16
  6.4914E+01  2.8261E-01 -9.5789E-17
  6.5088E+01  2.8243E-01 -9.2870E-17
  6.5263E+01  2.8228E-01 -1.0095E-16
  6.5437E+01  2.8214E-01 -1.0037E-16
  6.5612E+01  2.8201E-01 -9.5162E-17
  6.5786E+01  2.8189E-01 -9.2970E-17
  6.5961E+01  2.8177E-01 -1.0065E-16
  6.6135E+01  2.8164E-01 -9.5758E-17
  6.6310E+01  2.8150E-01 -9.7849E-17
  6.6484E+01  2.8134E-01 -1.0010E-16
  6.6659E+01  2.8116E-01 -9.2963E-17
  6.6833E+01  2.8097E-01 -9.9801E-17
  6.7008E+01  2.8076E-01 -1.0272E-16
  6.7182E+01  2.8056E-01 -9.5534E-17
  6.7357E+01  2.8036E-01 -1.1017E-16
  6.7531E+01  2.8018E-01 -1.0023E-16
  6.7706E+01  2.8002E-01 -1.0490E-16
  6.7880E+01  2.7988E-01 -1.0470E-16
  6.8055E+01  2.7974E-01 -9.5286E-17
  6.8229E+01  2.7961E-01 -1.0774E-16
  6.8404E+01  2.7948E-01 -9.8779E-17
  6.8578E+01  2.7934E-01 -9.3117E-17
  6.8753E+01  2.7921E-01 -1.0715E-16
  6.8927E+01  2.7906E-01 -1.0540E-16
  6.9102E+01  2.7892E-01 -1.0525E-16
  6.9276E+01  2.7876E-01 -1.0486E-16
  6.9451E+01  2.7860E-01 -1.0358E-16
  6.9625E+01  2.7842E-01 -1.0999E-16
  6.9800E+01  2.7824E-01 -9.5673E-17
  6.9974E+01  2.7805E-01 -9.8523E-17
  7.0149E+01  2.7786E-01 -1.1036E-16
  7.0323E+01  2.7769E-01 -1.0558E-16
  7.0498E+01  2.7753E-01 -1.1251E-16
  7.0672E+01  2.7738E-01 -1.1490E-16
  7.0847E+01  2.7725E-01 -1.1466E-16
  7.1021E+01  2.7713E-01 -1.1686E-16
  7.1196E+01  2.7701E-01 -1.0504E-16
  7.1370E+01  2.7688E-01 -1.0744E-16
  7.1545E+01  2.7674E-01 -1.0796E-16
  7.1719E+01  2.7659E-01 -1.0748E-16
  7.1894E+01  2.7642E-01 -1.0309E-16
  7.2068E+01  2.7626E-01 -1.1452E-16
  7.2243E+01  2.7609E-01 -1.0047E-16
  7.2417E+01  2.7593E-01 -1.0545E-16
  7.2592E+01  2.7577E-01 -1.0728E-16
  7.2766E+01  2.7562E-01 -1.0723E-16
  7.2941E+01  2.7547E-01 -1.1003E-16
  7.3115E+01  2.7532E-01 -1.1014E-16
  7.3290E+01  2.7517E-01 -1.0987E-16
  7.3464E+01  2.7501E-01 -1.1709E-16
  7.3639E+01  2.7486E-01 -1.1467E-16
  7.3813E+01  2.7471E-01 -1.1972E-16
  7.3988E+01  2.7457E-01 -1.1475E-16
  7.4162E+01  2.7443E-01 -1.1433E-16
  7.4337E+01  2.7429E-01 -1.1946E-16
  7.4511E+01  2.7416E-01 -1.2125E-16
  7.4686E+01  2.7403E-01 -1.1294E-16
  7.4860E+01  2.7390E-01 -1.1298E-16
  7.5035E+01  2.7375E-01 -1.1201E-16
  7.5209E+01  2.7359E-01 -1.0717E-16
  7.5384E+01  2.7343E-01 -1.1463E-16
  7.5558E+01  2.7327E-01 -1.1228E-16
  7.5733E+01  2.7311E-01 -1.0995E-16
  7.5907E+01  2.7295E-01 -1.0507E-16
  7.6082E+01  2.7280E-01 -1.1040E-16
  7.6256E+01  2.7266E-01 -1.1727E-16
  7.6431E+01  2.7252E-01 -1.1002E-16
  7.6605E+01  2.7239E-01 -1.0534E-16
  7.6780E+01  2.7226E-01 -1.1277E-16
  7.6954E+01  2.7214E-01 -1.2432E-16
  7.7129E+01  2.7200E-01 -1.3108E-16
  7.7303E+01  2.7186E-01 -1.1726E-16
  7.7478E+01  2.7172E-01 -1.0755E-16
  7.7652E+01  2.7157E-01 -1.0497E-16
  7.7827E+01  2.7141E-01 -1.1217E-16
  7.8001E+01  2.7126E-01 -1.0926E-16
  7.8176E+01  2.7111E-01 -1.0743E-16
  7.8350E+01  2.7097E-01 -1.1472E-16
  7.8525E+01  2.7083E-01 -1.0994E-16
  7.8699E+01  2.7069E-01 -1.2178E-16
  7.8874E+01  2.7055E-01 -1.2628E-16
  7.9048E+01  2.7042E-01 -1.2416E-16
  7.9223E+01  2.7029E-01 -1.1251E-16
  7.9397E+01  2.7015E-01 -1.3123E-16
  7.9572E+01  2.7001E-01 -1.1041E-16
  7.9746E+01  2.6988E-01 -1.1249E-16
  7.9921E+01  2.6974E-01 -1.2182E-16
  8.0095E+01  2.6960E-01 -1.0746E-16
  8.0270E+01  2.6946E-01 -1.0997E-16
  8.0444E+01  2.6932E-01 -1.1977E-16
  8.0619E+01  2.6918E-01 -1.1442E-16
  8.0793E+01  2.6904E-01 -1.1452E-16
  8.0968E+01  2.6890E-01 -1.1505E-16
  8.1142E+01  2.6876E-01 -1.2197E-16
  8.1317E+01  2.6863E-01 -1.0535E-16
  8.1491E+01  2.6849E-01 -1.1661E-16
  8.1666E+01  2.6836E-01 -1.0935E-16
  8.1840E+01  2.6822E-01 -1.2921E-16
  8.2015E+01  2.6809E-01 -1.2152E-16
  8.2189E+01  2.6795E-01 -1.1492E-16
  8.2364E+01  2.6782E-01 -1.1760E-16
  8.2538E+01  2.6768E-01 -1.2152E-16
  8.2713E+01  2.6755E-01 -1.2675E-16
  8.2887E+01  2.6742E-01 -1.1483E-16
  8.3062E+01  2.6728E-01 -1.2159E-16
  8.3236E+01  2.6715E-01 -1.1484E-16
  8.3411E+01  2.6702E-01 -1.2413E-16
  8.3585E+01  2.6688E-01 -1.3108E-16
  8.3760E+01  2.6675E-01 -1.1937E-16
  8.3934E+01  2.6661E-01 -1.2892E-16
  8.4109E+01  2.6648E-01 -1.2633E-16
  8.4283E+01  2.6635E-01 -1.2497E-16
  8.4458E+01  2.6622E-01 -1.3151E-16
  8.4632E+01  2.6609E-01 -1.1493E-16
  8.4807E+01  2.6596E-01 -1.2205E-16
  8.4981E+01  2.6583E-01 -1.1451E-16
  8.5156E+01  2.6570E-01 -1.1709E-16
  8.5330E+01  2.6556E-01 -1.1985E-16
  8.5505E+01  2.6543E-01 -1.2874E-16
  8.5679E+01  2.6530E-01 -1.2665E-16
  8.5854E+01  2.6517E-01 -1.2199E-16
  8.6028E+01  2.6504E-01 -1.2677E-16
  8.6203E+01  2.6491E-01 -1.2890E-16
  8.6377E+01  2.6479E-01 -1.2420E-16
  8.6552E+01  2.6466E-01 -1.2417E-16
  8.6726E+01  2.6453E-01 -1.1464E-16
  8.6901E+01  2.6440E-01 -1.1711E-16
  8.7075E+01  2.6427E-01 -1.0745E-16
  8.7250E+01  2.6414E-01 -1.1043E-16
  8.7424E+01  2.6401E-01 -1.1121E-16
  8.7599E+01  2.6388E-01 -1.1727E-16
  8.7773E+01  2.6375E-01 -1.0648E-16
  8.7948E+01  2.6363E-01 -1.2338E-16
  8.8122E+01  2.6350E-01 -1.2930E-16
  8.8297E+01  2.6338E-01 -1.3236E-16
  8.8471E+01  2.6325E-01 -1.3048E-16
  8.8646E+01  2.6313E-01 -1.3017E-16
  8.8820E+01  2.6300E-01 -1.2119E-16
  8.8995E+01  2.6287E-01 -1.1947E-16
  8.9169E+01  2.6275E-01 -1.2642E-16
  8.9344E+01  2.6262E-01 -1.1088E-16
  8.9518E+01  2.6249E-01 -1.1135E-16
  8.9693E+01  2.6237E-01 -1.2343E-16
  8.9867E+01  2.6224E-01 -1.2293E-16
  9.0042E+01  2.6212E-01 -1.2186E-16
  9.0216E+01  2.6200E-01 -1.2082E-16
  9.0391E+01  2.6187E-01 -1.2054E-16
  9.0565E+01  2.6175E-01 -1.2072E-16
  9.0740E+01  2.6162E-01 -1.1833E-16
  9.0914E+01  2.6150E-01 -1.2174E-16
  9.1089E+01  2.6137E-01 -1.1959E-16
  9.1263E+01  2.6125E-01 -1.2307E-16
  9.1438E+01  2.6112E-01 -1.2406E-16
  9.1612E+01  2.6100E-01 -1.1990E-16
  9.1787E+01  2.6088E-01 -1.2316E-16
  9.1961E+01  2.6076E-01 -1.2660E-16
  9.2136E+01  2.6064E-01 -1.2195E-16
  9.2310E+01  2.6052E-01 -1.2702E-16
  9.2485E+01  2.6040E-01 -1.2313E-16
  9.2659E+01  2.6028E-01 -1.3053E-16
  9.2834E+01  2.6015E-01 -1.1718E-16
  9.3008E+01  2.6003E-01 -1.2416E-16
  9.3183E+01  2.5991E-01 -1.2560E-16
  9.3357E+01  2.5978E-01 -1.3264E-16
  9.3532E+01  2.5966E-01 -1.2583E-16
  9.3706E+01  2.5954E-01 -1.3475E-16
  9.3881E+01  2.5942E-01 -1.2903E-16
  9.4055E+01  2.5930E-01 -1.3157E-16
  9.4230E+01  2.5918E-01 -1.3267E-16
  9.4404E+01  2.5907E-01 -1.2939E-16
  9.4579E+01  2.5895E-01 -1.2772E-16
  9.4753E+01  2.5883E-01 -1.3244E-16
  9.4928E+01  2.5871E-01 -1.2890E-16
  9.5102E+01  2.5859E-01 -1.3242E-16
  9.5277E+01  2.5847E-01 -1.3017E-16
  9.5451E+01  2.5835E-01 -1.3475E-16
  9.5626E+01  2.5823E-01 -1.3596E-16
  9.5800E+01  2.5811E-01 -1.3885E-16
  9.5975E+01  2.5800E-01 -1.2503E-16
  9.6149E+01  2.5788E-01 -1.2887E-16
  9.6324E+01  2.5776E-01 -1.2691E-16
  9.6498E+01  2.5764E-01 -1.2343E-16
  9.6673E+01  2.5753E-01 -1.2066E-16
  9.6847E+01  2.5741E-01 -1.3943E-16
  9.7022E+01  2.5729E-01 -1.3381E-16
  9.7196E+01  2.5718E-01 -1.3371E-16
  9.7371E+01  2.5706E-01 -1.3281E-16
  9.7545E+01  2.5695E-01 -1.3252E-16
  9.7720E+01  2.5683E-01 -1.3611E-16
  9.7894E+01  2.5671E-01 -1.3608E-16
  9.8069E+01  2.5660E-01 -1.2359E-16
  9.8243E+01  2.5648E-01 -1.3395E-16
  9.8418E+01  2.5636E-01 -1.3050E-16
  9.8592E+01  2.5625E-01 -1.3657E-16
  9.8767E+01  2.5613E-01 -1.3443E-16
  9.8941E+01  2.5602E-01 -1.3628E-16
  9.9116E+01  2.5590E-01 -1.3420E-16
  9.9290E+01  2.5579E-01 -1.3755E-16
  9.9465E+01  2.5568E-01 -1.3268E-16
  9.9639E+01  2.5556E-01 -1.3159E-16
  9.9814E+01  2.5545E-01 -1.2899E-16
  9.9988E+01  2.5534E-01 -1.3266E-16
  1.0016E+02  2.5522E-01 -1.2176E-16
  1.0034E+02  2.5511E-01 -1.2776E-16
  1.0051E+02  2.5500E-01 -1.2907E-16
  1.0069E+02  2.5488E-01 -1.2674E-16
  1.0086E+02  2.5477E-01 -1.2818E-16
  1.0104E+02  2.5465E-01 -1.3971E-16
  1.0121E+02  2.5454E-01 -1.2661E-16
  1.0138E+02  2.5443E-01 -1.4203E-16
  1.0156E+02  2.5432E-01 -1.3510E-16
  1.0173E+02  2.5421E-01 -1.3697E-16
  1.0191E+02  2.5409E-01 -1.3717E-16
  1.0208E+02  2.5398E-01 -1.2955E-16
  1.0226E+02  2.5387E-01 -1.3378E-16
  1.0243E+02  2.5376E-01 -1.3393E-16
  1.0261E+02  2.5365E-01 -1.2570E-16
  1.0278E+02  2.5354E-01 -1.4118E-16
  1.0295E+02  2.5343E-01 -1.2938E-16
  1.0313E+02  2.5332E-01 -1.3634E-16
  1.0330E+02  2.5320E-01 -1.4477E-16
  1.0348E+02  2.5309E-01 -1.4562E-16
  1.0365E+02  2.5298E-01 -1.4658E-16
  1.0383E+02  2.5287E-01 -1.4647E-16
  1.0400E+02  2.5276E-01 -1.3865E-16
  1.0418E+02  2.5265E-01 -1.3648E-16
  1.0435E+02  2.5254E-01 -1.3395E-16
  1.0453E+02  2.5243E-01 -1.3178E-16
  1.0470E+02  2.5233E-01 -1.4243E-16
  1.0487E+02  2.5222E-01 -1.4485E-16
  1.0505E+02  2.5211E-01 -1.4342E-16
  1.0522E+02  2.5200E-01 -1.3969E-16
  1.0540E+02  2.5189E-01 -1.4175E-16
  1.0557E+02  2.5178E-01 -1.4583E-16
  1.0575E+02  2.5167E-01 -1.4814E-16
  1.0592E+02  2.5157E-01 -1.4603E-16
  1.0610E+02  2.5146E-01 -1.4565E-16
  1.0627E+02  2.5135E-01 -1.4474E-16
  1.0644E+02  2.5124E-01 -1.4172E-16
  1.0662E+02  2.5113E-01 -1.3858E-16
  1.0679E+02  2.5103E-01 -1.4005E-16
  1.0697E+02  2.5092E-01 -1.3523E-16
  1.0714E+02  2.5081E-01 -1.3011E-16
  1.0732E+02  2.5071E-01 -1.3651E-16
  1.0749E+02  2.5060E-01 -1.3635E-16
  1.0767E+02  2.5049E-01 -1.3256E-16
  1.0784E+02  2.5039E-01 -1.4097E-16
  1.0802E+02  2.5028E-01 -1.4693E-16
  1.0819E+02  2.5017E-01 -1.4462E-16
  1.0836E+02  2.5007E-01 -1.4454E-16
  1.0854E+02  2.4996E-01 -1.5050E-16
  1.0871E+02  2.4986E-01 -1.3975E-16
  1.0889E+02  2.4975E-01 -1.4222E-16
  1.0906E+02  2.4965E-01 -1.4682E-16
  1.0924E+02  2.4954E-01 -1.3503E-16
  1.0941E+02  2.4944E-01 -1.3968E-16
  1.0959E+02  2.4933E-01 -1.4358E-16
  1.0976E+02  2.4923E-01 -1.3630E-16
  1.0993E+02  2.4912E-01 -1.3879E-16
  1.1011E+02  2.4902E-01 -1.3637E-16
  1.1028E+02  2.4891E-01 -1.4094E-16
  1.1046E+02  2.4881E-01 -1.5142E-16
  1.1063E+02  2.4870E-01 -1.4839E-16
  1.1081E+02  2.4860E-01 -1.5059E-16
  1.1098E+02  2.4850E-01 -1.4980E-16
  1.1116E+02  2.4839E-01 -1.5084E-16
  1.1133E+02  2.4829E-01 -1.5298E-16
  1.1151E+02  2.4819E-01 -1.5623E-16
  1.1168E+02  2.4808E-01 -1.5274E-16
  1.1185E+02  2.4798E-01 -1.5046E-16
  1.1203E+02  2.4788E-01 -1.4830E-16
  1.1220E+02  2.4777E-01 -1.5533E-16
  1.1238E+02  2.4767E-01 -1.4504E-16
  1.1255E+02  2.4757E-01 -1.4980E-16
  1.1273E+02  2.4747E-01 -1.5192E-16
  1.1290E+02  2.4737E-01 -1.4925E-16
  1.1308E+02  2.4726E-01 -1.4463E-16
  1.1325E+02  2.4716E-01 -1.4338E-16
  1.1342E+02  2.4706E-01 -1.4456E-16
  1.1360E+02  2.4696E-01 -1.4332E-16
  1.1377E+02  2.4686E-01 -1.4116E-16
  1.1395E+02  2.4676E-01 -1.4432E-16
  1.1412E+02  2.4665E-01 -1.3967E-16
  1.1430E+02  2.4655E-01 -1.4830E-16
  1.1447E+02  2.4645E-01 -1.5262E-16
  1.1465E+02  2.4635E-01 -1.5554E-16
  1.1482E+02  2.4625E-01 -1.6384E-16
  1.1500E+02  2.4615E-01 -1.5660E-16
  1.1517E+02  2.4605E-01 -1.5523E-16
  1.1534E+02  2.4595E-01 -1.5544E-16
  1.1552E+02  2.4585E-01 -1.4895E-16
  1.1569E+02  2.4575E-01 -1.4550E-16
  1.1587E+02  2.4565E-01 -1.3822E-16
  1.1604E+02  2.4555E-01 -1.3998E-16
  1.1622E+02  2.4545E-01 -1.4157E-16
  1.1639E+02  2.4535E-01 -1.4968E-16
  1.1657E+02  2.4525E-01 -1.5548E-16
  1.1674E+02  2.4515E-01 -1.5080E-16
  1.1691E+02  2.4505E-01 -1.5451E-16
  1.1709E+02  2.4496E-01 -1.5658E-16
  1.1726E+02  2.4486E-01 -1.5197E-16
  1.1744E+02  2.4476E-01 -1.4969E-16
  1.1761E+02  2.4466E-01 -1.4446E-16
  1.1779E+02  2.4456E-01 -1.5756E-16
  1.1796E+02  2.4446E-01 -1.3992E-16
  1.1814E+02  2.4437E-01 -1.4085E-16
  1.1831E+02  2.4427E-01 -1.3979E-16
  1.1849E+02  2.4417E-01 -1.4114E-16
  1.1866E+02  2.4407E-01 -1.3882E-16
  1.1883E+02  2.4397E-01 -1.3887E-16
  1.1901E+02  2.4388E-01 -1.4933E-16
  1.1918E+02  2.4378E-01 -1.4828E-16
  1.1936E+02  2.4368E-01 -1.5776E-16
  1.1953E+02  2.4359E-01 -1.5534E-16
  1.1971E+02  2.4349E-01 -1.5976E-16
  1.1988E+02  2.4339E-01 -1.5764E-16
  1.2006E+02  2.4329E-01 -1.5657E-16
  1.2023E+02  2.4320E-01 -1.4941E-16
  1.2040E+02  2.4310E-01 -1.4559E-16
  1.2058E+02  2.4301E-01 -1.5195E-16
  1.2075E+02  2.4291E-01 -1.5527E-16
  1.2093E+02  2.4281E-01 -1.6123E-16
  1.2110E+02  2.4272E-01 -1.5696E-16
  1.2128E+02  2.4262E-01 -1.5194E-16
  1.2145E+02  2.4253E-01 -1.5312E-16
  1.2163E+02  2.4243E-01 -1.5777E-16
  1.2180E+02  2.4234E-01 -1.5409E-16
  1.2198E+02  2.4224E-01 -1.5308E-16
  1.2215E+02  2.4214E-01 -1.4581E-16
  1.2232E+02  2.4205E-01 -1.5398E-16
  1.2250E+02  2.4196E-01 -1.4786E-16
  1.2267E+02  2.4186E-01 -1.5304E-16
  1.2285E+02  2.4177E-01 -1.4316E-16
  1.2302E+02  2.4167E-01 -1.5538E-16
  1.2320E+02  2.4158E-01 -1.5188E-16
  1.2337E+02  2.4148E-01 -1.5159E-16
  1.2355E+02  2.4139E-01 -1.5426E-16
  1.2372E+02  2.4129E-01 -1.5978E-16
  1.2389E+02  2.4120E-01 -1.6010E-16
  1.2407E+02  2.4111E-01 -1.5278E-16
  1.2424E+02  2.4101E-01 -1.5898E-16
  1.2442E+02  2.4092E-01 -1.4943E-16
  1.2459E+02  2.4083E-01 -1.4730E-16
  1.2477E+02  2.4073E-01 -1.4830E-16
  1.2494E+02  2.4064E-01 -1.4582E-16
  1.2500E+02  2.4061E-01 -1.5290E-16
